0.001 3.39571e-008 2.60042e-009
0.002 3.09392e-007 2.08816e-008
0.003 1.45945e-006 8.66381e-008
0.004 4.8369e-006 2.54182e-007
0.005 1.2805e-005 6.02753e-007
0.006 2.90183e-005 1.24057e-006
0.007 5.86912e-005 2.31093e-006
0.008 0.000108851 4.00089e-006
0.009 0.000188573 6.55268e-006
0.01 0.0003092 1.02784e-005
0.011 0.000484532 1.55784e-005
0.012 0.000731 2.29631e-005
0.013 0.00106781 3.30792e-005
0.014 0.00151707 4.67396e-005
0.015 0.00210385 6.49586e-005
0.016 0.00285629 8.89901e-005
0.017 0.00380557 0.000120371
0.018 0.00498596 0.000160971
0.019 0.00643476 0.00021304
0.02 0.00819222 0.000279268
0.021 0.0103014 0.000362845
0.022 0.0128083 0.000467523
0.023 0.0157612 0.000597682
0.024 0.0192108 0.000758402
0.025 0.02321 0.000955534
0.026 0.0278137 0.00119577
0.027 0.033078 0.00148674
0.028 0.0390606 0.00183704
0.029 0.0458199 0.00225637
0.03 0.053415 0.00275556
0.031 0.0619049 0.00334666
0.032 0.0713485 0.00404304
0.033 0.081804 0.0048594
0.034 0.0933283 0.00581191
0.035 0.105977 0.0069182
0.036 0.119803 0.00819747
0.037 0.134858 0.00967051
0.038 0.151188 0.0113598
0.039 0.168839 0.0132893
0.04 0.18785 0.015485
0.041 0.208257 0.0179744
0.042 0.230091 0.0207867
0.043 0.253376 0.023953
0.044 0.278134 0.0275059
0.045 0.304376 0.0314798
0.046 0.332109 0.0359108
0.047 0.361333 0.0408365
0.048 0.39204 0.0462961
0.049 0.424214 0.0523301
0.05 0.457831 0.0589804
0.051 0.49286 0.0662903
0.052 0.529261 0.074304
0.053 0.566984 0.0830667
0.054 0.605972 0.0926245
0.055 0.646158 0.103024
0.056 0.687466 0.114312
0.057 0.729813 0.126537
0.058 0.773106 0.139745
0.059 0.817242 0.153985
0.06 0.862112 0.169301
0.061 0.907596 0.185742
0.062 0.953569 0.203351
0.063 0.999896 0.222173
0.064 1.04643 0.242251
0.065 1.09304 0.263623
0.066 1.13955 0.28633
0.067 1.1858 0.310407
0.068 1.23164 0.335886
0.069 1.27689 0.3628
0.07 1.32137 0.391173
0.071 1.36491 0.421029
0.072 1.40732 0.452388
0.073 1.44843 0.485263
0.074 1.48804 0.519665
0.075 1.52597 0.555599
0.076 1.56203 0.593065
0.077 1.59605 0.632057
0.078 1.62784 0.672564
0.079 1.65723 0.714567
0.08 1.68404 0.758043
0.081 1.70811 0.802962
0.082 1.72926 0.849286
0.083 1.74735 0.89697
0.084 1.76223 0.945965
0.085 1.77376 0.99621
0.086 1.7818 1.04764
0.087 1.78625 1.10018
0.088 1.78698 1.15376
0.089 1.78391 1.20827
0.09 1.77695 1.26364
0.091 1.76603 1.31974
0.092 1.7511 1.37648
0.093 1.7321 1.43373
0.094 1.70903 1.49137
0.095 1.68186 1.54927
0.096 1.6506 1.60728
0.097 1.61528 1.66527
0.098 1.57593 1.72307
0.099 1.53261 1.78054
0.1 1.48539 1.83751
0.101 1.43436 1.8938
0.102 1.37964 1.94925
0.103 1.32134 2.00368
0.104 1.2596 2.05691
0.105 1.1946 2.10875
0.106 1.1265 2.15902
0.107 1.05549 2.20752
0.108 0.981791 2.25407
0.109 0.905614 2.29848
0.11 0.827201 2.34054
0.111 0.746802 2.38008
0.112 0.664682 2.41689
0.113 0.581117 2.4508
0.114 0.496395 2.48162
0.115 0.410813 2.50917
0.116 0.32468 2.53326
0.117 0.238308 2.55373
0.118 0.152022 2.57041
0.119 0.0661477 2.58314
0.12 -0.0189822 2.59177
0.121 -0.103033 2.59615
0.122 -0.185668 2.59615
0.123 -0.26655 2.59165
0.124 -0.345344 2.58251
0.125 -0.421716 2.56866
0.126 -0.495337 2.54998
0.127 -0.565885 2.5264
0.128 -0.633041 2.49785
0.129 -0.696499 2.46429
0.13 -0.75596 2.42566
0.131 -0.811136 2.38195
0.132 -0.861755 2.33315
0.133 -0.907556 2.27926
0.134 -0.948293 2.2203
0.135 -0.983741 2.15632
0.136 -1.01369 2.08737
0.137 -1.03794 2.01352
0.138 -1.05634 1.93486
0.139 -1.06872 1.85149
0.14 -1.07497 1.76355
0.141 -1.07498 1.67116
0.142 -1.06867 1.5745
0.143 -1.05598 1.47372
0.144 -1.0369 1.36902
0.145 -1.0114 1.26062
0.146 -0.979521 1.14872
0.147 -0.941309 1.03357
0.148 -0.89684 0.915432
0.149 -0.846218 0.79456
0.15 -0.789574 0.671241
0.151 -0.727065 0.545769
0.152 -0.658876 0.418452
0.153 -0.585216 0.289608
0.154 -0.506323 0.159566
0.155 -0.422458 0.0286654
0.156 -0.333906 -0.102746
0.157 -0.240978 -0.234312
0.158 -0.144005 -0.365672
0.159 -0.0433423 -0.496456
0.16 0.0606356 -0.626295
0.161 0.167535 -0.754812
0.162 0.276943 -0.88163
0.163 0.388433 -1.00637
0.164 0.501559 -1.12866
0.165 0.615865 -1.24813
0.166 0.730883 -1.36439
0.167 0.846133 -1.47709
0.168 0.96113 -1.58586
0.169 1.07538 -1.69035
0.17 1.18838 -1.79022
0.171 1.29964 -1.88514
0.172 1.40866 -1.97477
0.173 1.51493 -2.05881
0.174 1.61797 -2.13697
0.175 1.71728 -2.20895
0.176 1.81239 -2.27451
0.177 1.90281 -2.33339
0.178 1.9881 -2.38536
0.179 2.06781 -2.43022
0.18 2.14151 -2.46778
0.181 2.20879 -2.49787
0.182 2.26926 -2.52035
0.183 2.32255 -2.53511
0.184 2.36831 -2.54204
0.185 2.40622 -2.54107
0.186 2.436 -2.53217
0.187 2.45737 -2.51531
0.188 2.4701 -2.4905
0.189 2.47398 -2.45777
0.19 2.46884 -2.4172
0.191 2.45455 -2.36885
0.192 2.43099 -2.31286
0.193 2.39811 -2.24935
0.194 2.35585 -2.17851
0.195 2.30424 -2.10053
0.196 2.2433 -2.01562
0.197 2.17311 -1.92404
0.198 2.09379 -1.82606
0.199 2.00548 -1.72198
0.2 1.90838 -1.61211
0.201 1.80271 -1.4968
0.202 1.68872 -1.37642
0.203 1.56672 -1.25135
0.204 1.43703 -1.12201
0.205 1.30001 -0.9888
0.206 1.15607 -0.85218
0.207 1.00563 -0.712602
0.208 0.849155 -0.570538
0.209 0.687122 -0.426473
0.21 0.520047 -0.280903
0.211 0.348469 -0.134333
0.212 0.17295 0.0127239
0.213 -0.00592885 0.159748
0.214 -0.187565 0.306216
0.215 -0.37134 0.451602
0.216 -0.556621 0.595379
0.217 -0.742762 0.73702
0.218 -0.929108 0.876003
0.219 -1.115 1.01181
0.22 -1.29976 1.14393
0.221 -1.48273 1.27187
0.222 -1.66324 1.39512
0.223 -1.84062 1.51322
0.224 -2.01422 1.62569
0.225 -2.18337 1.73209
0.226 -2.34745 1.83198
0.227 -2.50582 1.92496
0.228 -2.65787 2.01063
0.229 -2.80302 2.08864
0.23 -2.9407 2.15862
0.231 -3.07035 2.22027
0.232 -3.19145 2.27329
0.233 -3.30353 2.31742
0.234 -3.40611 2.35242
0.235 -3.49877 2.3781
0.236 -3.58112 2.39428
0.237 -3.6528 2.40082
0.238 -3.71348 2.39762
0.239 -3.7629 2.38459
0.24 -3.80081 2.3617
0.241 -3.82702 2.32895
0.242 -3.84138 2.28637
0.243 -3.84377 2.23401
0.244 -3.83415 2.17198
0.245 -3.81248 2.10041
0.246 -3.7788 2.01947
0.247 -3.73319 1.92937
0.248 -3.67576 1.83033
0.249 -3.6067 1.72263
0.25 -3.5262 1.60656
0.251 -3.43453 1.48246
0.252 -3.33199 1.3507
0.253 -3.21894 1.21165
0.254 -3.09576 1.06574
0.255 -2.96288 0.913421
0.256 -2.82078 0.755155
0.257 -2.66996 0.591438
0.258 -2.51097 0.422785
0.259 -2.34439 0.249732
0.26 -2.17084 0.0728335
0.261 -1.99096 -0.107342
0.262 -1.80542 -0.290209
0.263 -1.61491 -0.475171
0.264 -1.42016 -0.661622
0.265 -1.22191 -0.848947
0.266 -1.02091 -1.03653
0.267 -0.817929 -1.22373
0.268 -0.613757 -1.40994
0.269 -0.409183 -1.59453
0.27 -0.205001 -1.77688
0.271 -0.00201001 -1.95637
0.272 0.198993 -2.13239
0.273 0.397216 -2.30435
0.274 0.591873 -2.47165
0.275 0.78219 -2.63373
0.276 0.967406 -2.79003
0.277 1.14678 -2.94002
0.278 1.31958 -3.08317
0.279 1.48511 -3.219
0.28 1.6427 -3.34703
0.281 1.79169 -3.46683
0.282 1.93148 -3.57796
0.283 2.06148 -3.68006
0.284 2.18115 -3.77277
0.285 2.28998 -3.85575
0.286 2.38751 -3.92873
0.287 2.47331 -3.99144
0.288 2.54701 -4.04368
0.289 2.60828 -4.08525
0.29 2.65684 -4.11602
0.291 2.69246 -4.13587
0.292 2.71494 -4.14474
0.293 2.72418 -4.1426
0.294 2.72008 -4.12946
0.295 2.70263 -4.10537
0.296 2.67186 -4.07042
0.297 2.62784 -4.02472
0.298 2.57073 -3.96845
0.299 2.5007 -3.90181
0.3 2.418 -3.82503
0.301 2.32292 -3.73839
0.302 2.21582 -3.64221
0.303 2.09708 -3.53682
0.304 1.96715 -3.42261
0.305 1.82653 -3.29997
0.306 1.67574 -3.16935
0.307 1.51538 -3.03122
0.308 1.34605 -2.88606
0.309 1.16842 -2.7344
0.31 0.98318 -2.57677
0.311 0.791064 -2.41374
0.312 0.59283 -2.24587
0.313 0.389265 -2.07378
0.314 0.181181 -1.89807
0.315 -0.0305865 -1.71936
0.316 -0.245187 -1.53828
0.317 -0.461751 -1.35547
0.318 -0.679402 -1.17157
0.319 -0.897252 -0.987231
0.32 -1.11441 -0.803092
0.321 -1.32998 -0.619797
0.322 -1.54308 -0.437982
0.323 -1.75282 -0.258276
0.324 -1.95833 -0.0812998
0.325 -2.15874 0.0923416
0.326 -2.35322 0.262056
0.327 -2.54094 0.427268
0.328 -2.72111 0.587422
0.329 -2.89295 0.741983
0.33 -3.05571 0.890442
0.331 -3.2087 1.03231
0.332 -3.35123 1.16713
0.333 -3.48269 1.29448
0.334 -3.60247 1.41394
0.335 -3.71003 1.52517
0.336 -3.80488 1.62782
0.337 -3.88655 1.72159
0.338 -3.95467 1.80623
0.339 -4.00887 1.8815
0.34 -4.04887 1.94723
0.341 -4.07443 2.00325
0.342 -4.08538 2.04946
0.343 -4.08159 2.08579
0.344 -4.063 2.11221
0.345 -4.02962 2.12872
0.346 -3.9815 2.13537
0.347 -3.91874 2.13225
0.348 -3.84154 2.11948
0.349 -3.75013 2.09723
0.35 -3.64478 2.0657
0.351 -3.52587 2.02513
0.352 -3.39378 1.97579
0.353 -3.24898 1.91799
0.354 -3.09198 1.85208
0.355 -2.92333 1.77842
0.356 -2.74366 1.69742
0.357 -2.55361 1.60952
0.358 -2.35389 1.51517
0.359 -2.14523 1.41485
0.36 -1.92842 1.30908
0.361 -1.70426 1.19838
0.362 -1.47361 1.0833
0.363 -1.23734 0.964397
0.364 -0.99634 0.842252
0.365 -0.75154 0.717453
0.366 -0.503877 0.590596
0.367 -0.254301 0.462285
0.368 -0.00377607 0.333128
0.369 0.24673 0.203735
0.37 0.496246 0.0747131
0.371 0.743802 -0.0533316
0.372 0.988434 -0.1798
0.373 1.22919 -0.304102
0.374 1.46512 -0.425658
0.375 1.69531 -0.543902
0.376 1.91886 -0.658282
0.377 2.13488 -0.768267
0.378 2.34253 -0.873344
0.379 2.54098 -0.973022
0.38 2.72947 -1.06684
0.381 2.90724 -1.15435
0.382 3.07359 -1.23515
0.383 3.22787 -1.30886
0.384 3.36946 -1.37512
0.385 3.49782 -1.43362
0.386 3.61243 -1.48407
0.387 3.71285 -1.52624
0.388 3.79867 -1.55991
0.389 3.86957 -1.58491
0.39 3.92527 -1.6011
0.391 3.96556 -1.60839
0.392 3.99029 -1.60672
0.393 3.99937 -1.59607
0.394 3.99277 -1.57647
0.395 3.97055 -1.54797
0.396 3.9328 -1.51069
0.397 3.87969 -1.46476
0.398 3.81147 -1.41035
0.399 3.72841 -1.34768
0.4 3.63088 -1.27701
0.401 3.5193 -1.19862
0.402 3.39415 -1.11283
0.403 3.25595 -1.02
0.404 3.10529 -0.920507
0.405 2.94282 -0.814777
0.406 2.76923 -0.703248
0.407 2.58525 -0.586392
0.408 2.39167 -0.464702
0.409 2.18931 -0.338694
0.41 1.97904 -0.208905
0.411 1.76174 -0.0758871
0.412 1.53836 0.0597898
0.413 1.30984 0.197545
0.414 1.07716 0.336785
0.415 0.841331 0.476912
0.416 0.603355 0.61732
0.417 0.364261 0.757403
0.418 0.125081 0.896552
0.419 -0.11315 1.03416
0.42 -0.349399 1.16964
0.421 -0.582637 1.30238
0.422 -0.811846 1.43182
0.423 -1.03602 1.55738
0.424 -1.25418 1.67851
0.425 -1.46537 1.79468
0.426 -1.66863 1.90536
0.427 -1.86307 2.01008
0.428 -2.04783 2.10836
0.429 -2.22206 2.19977
0.43 -2.38497 2.28389
0.431 -2.53582 2.36034
0.432 -2.67391 2.42878
0.433 -2.7986 2.48889
0.434 -2.90929 2.54039
0.435 -3.00545 2.58305
0.436 -3.0866 2.61665
0.437 -3.15233 2.64104
0.438 -3.20229 2.65609
0.439 -3.23619 2.66172
0.44 -3.25381 2.65788
0.441 -3.255 2.64457
0.442 -3.23968 2.62184
0.443 -3.20783 2.58977
0.444 -3.1595 2.54847
0.445 -3.09483 2.49811
0.446 -3.01399 2.4389
0.447 -2.91726 2.37108
0.448 -2.80496 2.29494
0.449 -2.67749 2.21079
0.45 -2.53531 2.11899
0.451 -2.37894 2.01994
0.452 -2.20896 1.91405
0.453 -2.02603 1.8018
0.454 -1.83083 1.68365
0.455 -1.62413 1.56014
0.456 -1.40673 1.43181
0.457 -1.17949 1.29921
0.458 -0.943294 1.16293
0.459 -0.699094 1.02359
0.46 -0.447863 0.881801
0.461 -0.190612 0.7382
0.462 0.0716216 0.593435
0.463 0.337772 0.448163
0.464 0.606754 0.303045
0.465 0.877466 0.158745
0.466 1.14879 0.0159267
0.467 1.41962 -0.124747
0.468 1.68881 -0.262622
0.469 1.95526 -0.39705
0.47 2.21783 -0.527394
0.471 2.47544 -0.653035
0.472 2.72698 -0.773366
0.473 2.97139 -0.887802
0.474 3.20763 -0.995781
0.475 3.43468 -1.09676
0.476 3.65156 -1.19024
0.477 3.85732 -1.27572
0.478 4.05107 -1.35277
0.479 4.23193 -1.42096
0.48 4.39911 -1.47992
0.481 4.55185 -1.52929
0.482 4.68945 -1.56879
0.483 4.81126 -1.59814
0.484 4.91671 -1.61712
0.485 5.00528 -1.62556
0.486 5.07653 -1.62333
0.487 5.13006 -1.61034
0.488 5.16558 -1.58654
0.489 5.18284 -1.55194
0.49 5.18168 -1.5066
0.491 5.16201 -1.4506
0.492 5.12382 -1.3841
0.493 5.06716 -1.30729
0.494 4.99217 -1.2204
0.495 4.89906 -1.12372
0.496 4.78811 -1.01757
0.497 4.65969 -0.902326
0.498 4.51421 -0.778393
0.499 4.35219 -0.646224
0.5 4.1742 -0.506311
0.501 3.98085 -0.359182
0.502 3.77287 -0.2054
0.503 3.55101 -0.0455592
0.504 3.31609 0.119712
0.505 3.06899 0.28976
0.506 2.81064 0.463904
0.507 2.54202 0.641438
0.508 2.26415 0.82164
0.509 1.97809 1.00377
0.51 1.68495 1.18706
0.511 1.38586 1.37076
0.512 1.08197 1.55407
0.513 0.774481 1.73623
0.514 0.464587 1.91644
0.515 0.153506 2.09393
0.516 -0.157538 2.26791
0.517 -0.467314 2.4376
0.518 -0.774597 2.60226
0.519 -1.07816 2.76112
0.52 -1.3768 2.91347
0.521 -1.66932 3.05858
0.522 -1.95455 3.19577
0.523 -2.23134 3.32438
0.524 -2.49857 3.44377
0.525 -2.75516 3.55334
0.526 -3.00007 3.65253
0.527 -3.23231 3.74079
0.528 -3.45092 3.81765
0.529 -3.655 3.88264
0.53 -3.84373 3.93536
0.531 -4.0163 3.97544
0.532 -4.17202 4.00258
0.533 -4.31022 4.0165
0.534 -4.43032 4.01698
0.535 -4.53181 4.00387
0.536 -4.61426 3.97704
0.537 -4.6773 3.93644
0.538 -4.72065 3.88205
0.539 -4.74411 3.81392
0.54 -4.74754 3.73216
0.541 -4.73091 3.63691
0.542 -4.69425 3.52839
0.543 -4.63768 3.40685
0.544 -4.5614 3.2726
0.545 -4.46569 3.12602
0.546 -4.3509 2.96751
0.547 -4.21749 2.79753
0.548 -4.06595 2.61661
0.549 -3.89689 2.42528
0.55 -3.71095 2.22417
0.551 -3.50888 2.0139
0.552 -3.29148 1.79515
0.553 -3.05961 1.56865
0.554 -2.81419 1.33514
0.555 -2.55621 1.09542
0.556 -2.28671 0.850281
0.557 -2.00677 0.600574
0.558 -1.71752 0.347155
0.559 -1.42014 0.0909029
0.56 -1.11584 -0.167287
0.561 -0.805863 -0.426508
0.562 -0.49147 -0.685844
0.563 -0.173955 -0.944374
0.564 0.145377 -1.20117
0.565 0.465208 -1.45532
0.566 0.784214 -1.7059
0.567 1.10107 -1.95201
0.568 1.41446 -2.19275
0.569 1.72308 -2.42723
0.57 2.02562 -2.65461
0.571 2.32082 -2.87405
0.572 2.60743 -3.08473
0.573 2.88424 -3.28588
0.574 3.15005 -3.47674
0.575 3.40374 -3.65661
0.576 3.64421 -3.8248
0.577 3.87042 -3.9807
0.578 4.08137 -4.1237
0.579 4.27614 -4.25327
0.58 4.45385 -4.36891
0.581 4.61371 -4.47019
0.582 4.75498 -4.5567
0.583 4.87701 -4.62811
0.584 4.9792 -4.68415
0.585 5.06105 -4.72459
0.586 5.12214 -4.74927
0.587 5.16212 -4.75807
0.588 5.18072 -4.75095
0.589 5.17779 -4.72793
0.59 5.15322 -4.68908
0.591 5.10702 -4.63453
0.592 5.03927 -4.56447
0.593 4.95013 -4.47917
0.594 4.83988 -4.37891
0.595 4.70885 -4.26409
0.596 4.55746 -4.13511
0.597 4.38624 -3.99246
0.598 4.19576 -3.83666
0.599 3.9867 -3.6683
0.6 3.75981 -3.48802
0.601 3.5159 -3.29647
0.602 3.25586 -3.0944
0.603 2.98065 -2.88255
0.604 2.69129 -2.66173
0.605 2.38886 -2.43278
0.606 2.07449 -2.19656
0.607 1.74936 -1.95397
0.608 1.41472 -1.70594
0.609 1.07182 -1.4534
0.61 0.721971 -1.19733
0.611 0.366522 -0.938707
0.612 0.00683268 -0.678511
0.613 -0.355712 -0.417743
0.614 -0.719713 -0.157406
0.615 -1.08376 0.101502
0.616 -1.44644 0.357985
0.617 -1.80635 0.611054
0.618 -2.16207 0.859734
0.619 -2.51223 1.10306
0.62 -2.85545 1.3401
0.621 -3.19038 1.56994
0.622 -3.51571 1.79167
0.623 -3.83016 2.00445
0.624 -4.13249 2.20743
0.625 -4.42149 2.39984
0.626 -4.69603 2.58093
0.627 -4.95502 2.74998
0.628 -5.19743 2.90633
0.629 -5.42228 3.04937
0.63 -5.62869 3.17854
0.631 -5.81581 3.29332
0.632 -5.98291 3.39327
0.633 -6.1293 3.47798
0.634 -6.25439 3.54712
0.635 -6.35766 3.6004
0.636 -6.4387 3.63761
0.637 -6.49717 3.65858
0.638 -6.53281 3.66323
0.639 -6.54546 3.65153
0.64 -6.53507 3.62349
0.641 -6.50164 3.57923
0.642 -6.44529 3.51889
0.643 -6.36623 3.4427
0.644 -6.26475 3.35094
0.645 -6.14124 3.24394
0.646 -5.99616 3.12212
0.647 -5.83008 2.98592
0.648 -5.64362 2.83586
0.649 -5.43753 2.67252
0.65 -5.21259 2.49649
0.651 -4.96969 2.30847
0.652 -4.70976 2.10916
0.653 -4.43384 1.89931
0.654 -4.143 1.67974
0.655 -3.83838 1.45128
0.656 -3.52117 1.21479
0.657 -3.19264 0.971194
0.658 -2.85406 0.721412
0.659 -2.50678 0.466401
0.66 -2.15216 0.207139
0.661 -1.7916 -0.0553834
0.662 -1.42654 -0.320159
0.663 -1.05841 -0.586175
0.664 -0.688665 -0.852412
0.665 -0.318773 -1.11785
0.666 0.0498009 -1.38147
0.667 0.415598 -1.64227
0.668 0.777168 -1.89924
0.669 1.13308 -2.15141
0.67 1.48192 -2.3978
0.671 1.8223 -2.63748
0.672 2.15288 -2.86953
0.673 2.47234 -3.09306
0.674 2.77942 -3.30722
0.675 3.07289 -3.5112
0.676 3.3516 -3.70421
0.677 3.61444 -3.88553
0.678 3.86036 -4.05446
0.679 4.0884 -4.21036
0.68 4.29765 -4.35265
0.681 4.48728 -4.4808
0.682 4.65655 -4.59431
0.683 4.80479 -4.69277
0.684 4.93142 -4.77581
0.685 5.03595 -4.84313
0.686 5.11796 -4.89448
0.687 5.17715 -4.92969
0.688 5.21329 -4.94862
0.689 5.22625 -4.95124
0.69 5.21599 -4.93754
0.691 5.18258 -4.9076
0.692 5.12617 -4.86155
0.693 5.047 -4.7996
0.694 4.94541 -4.72198
0.695 4.82183 -4.62904
0.696 4.67677 -4.52114
0.697 4.51084 -4.39871
0.698 4.32473 -4.26226
0.699 4.11922 -4.11233
0.7 3.89515 -3.9495
0.701 3.65346 -3.77444
0.702 3.39513 -3.58783
0.703 3.12125 -3.3904
0.704 2.83294 -3.18294
0.705 2.53139 -2.96625
0.706 2.21785 -2.74119
0.707 1.89362 -2.50864
0.708 1.56002 -2.26951
0.709 1.21845 -2.02471
0.71 0.870314 -1.77521
0.711 0.517049 -1.52197
0.712 0.160119 -1.26597
0.713 -0.198999 -1.0082
0.714 -0.558816 -0.749649
0.715 -0.917842 -0.491306
0.716 -1.27459 -0.23416
0.717 -1.62757 0.0208077
0.718 -1.97531 0.272628
0.719 -2.31638 0.520348
0.72 -2.64935 0.763033
0.721 -2.97283 0.999773
0.722 -3.28547 1.22968
0.723 -3.58595 1.45191
0.724 -3.87301 1.66562
0.725 -4.14546 1.87005
0.726 -4.40212 2.06445
0.727 -4.64193 2.24811
0.728 -4.86386 2.42038
0.729 -5.06696 2.58065
0.73 -5.25036 2.72837
0.731 -5.41326 2.86303
0.732 -5.55496 2.98418
0.733 -5.67483 3.09143
0.734 -5.77233 3.18445
0.735 -5.84702 3.26296
0.736 -5.89854 3.32675
0.737 -5.92663 3.37566
0.738 -5.93112 3.40959
0.739 -5.91194 3.42853
0.74 -5.86913 3.43251
0.741 -5.80279 3.42161
0.742 -5.71314 3.39599
0.743 -5.6005 3.35587
0.744 -5.46527 3.30152
0.745 -5.30795 3.23328
0.746 -5.12913 3.15154
0.747 -4.92947 3.05674
0.748 -4.70974 2.94938
0.749 -4.47078 2.83002
0.75 -4.2135 2.69925
0.751 -3.93892 2.55772
0.752 -3.64808 2.40611
0.753 -3.34213 2.24516
0.754 -3.02226 2.07564
0.755 -2.68972 1.89835
0.756 -2.34581 1.71411
0.757 -1.9919 1.5238
0.758 -1.62937 1.3283
0.759 -1.25965 1.1285
0.76 -0.884199 0.925336
0.761 -0.50451 0.719739
0.762 -0.122081 0.51265
0.763 0.261573 0.305017
0.764 0.64493 0.0977889
0.765 1.02647 -0.10809
0.766 1.40468 -0.311682
0.767 1.77805 -0.512059
0.768 2.1451 -0.708309
0.769 2.50437 -0.89954
0.77 2.85443 -1.08488
0.771 3.19389 -1.26348
0.772 3.52139 -1.43453
0.773 3.83564 -1.59725
0.774 4.13539 -1.75089
0.775 4.41943 -1.89474
0.776 4.68665 -2.02814
0.777 4.93597 -2.15048
0.778 5.16641 -2.26117
0.779 5.37706 -2.35969
0.78 5.56707 -2.44559
0.781 5.73571 -2.51844
0.782 5.88229 -2.57788
0.783 6.00625 -2.62362
0.784 6.10711 -2.6554
0.785 6.18446 -2.67306
0.786 6.23802 -2.67647
0.787 6.26758 -2.66556
0.788 6.27305 -2.64034
0.789 6.25441 -2.60088
0.79 6.21177 -2.54729
0.791 6.14531 -2.47976
0.792 6.05532 -2.39854
0.793 5.94219 -2.30392
0.794 5.80639 -2.19629
0.795 5.6485 -2.07604
0.796 5.46917 -1.94365
0.797 5.26916 -1.79966
0.798 5.04929 -1.64463
0.799 4.81049 -1.4792
0.8 4.55374 -1.30403
0.801 4.28011 -1.11984
0.802 3.99073 -0.927384
0.803 3.68681 -0.727447
0.804 3.36961 -0.520856
0.805 3.04043 -0.308466
0.806 2.70065 -0.0911587
0.807 2.35167 0.130163
0.808 1.99493 0.354574
0.809 1.63193 0.581137
0.81 1.26416 0.808901
0.811 0.893145 1.03691
0.812 0.520432 1.2642
0.813 0.147567 1.48981
0.814 -0.223902 1.71278
0.815 -0.592428 1.93217
0.816 -0.956479 2.14704
0.817 -1.31454 2.35647
0.818 -1.66511 2.55956
0.819 -2.00674 2.75545
0.82 -2.33798 2.94327
0.821 -2.65747 3.12222
0.822 -2.96385 3.29151
0.823 -3.25585 3.45041
0.824 -3.53223 3.59821
0.825 -3.79183 3.73425
0.826 -4.03355 3.85793
0.827 -4.25636 3.96868
0.828 -4.45932 4.066
0.829 -4.64156 4.14943
0.83 -4.8023 4.21858
0.831 -4.94084 4.27311
0.832 -5.05656 4.31274
0.833 -5.14898 4.33725
0.834 -5.21765 4.34649
0.835 -5.26227 4.34036
0.836 -5.28261 4.31884
0.837 -5.27854 4.28195
0.838 -5.25006 4.22981
0.839 -5.19723 4.16256
0.84 -5.12023 4.08044
0.841 -5.01934 3.98372
0.842 -4.89493 3.87277
0.843 -4.74749 3.74798
0.844 -4.57756 3.60982
0.845 -4.38583 3.45882
0.846 -4.17304 3.29555
0.847 -3.94002 3.12064
0.848 -3.6877 2.93477
0.849 -3.41709 2.73867
0.85 -3.12927 2.5331
0.851 -2.82538 2.31888
0.852 -2.50664 2.09685
0.853 -2.17435 1.86791
0.854 -1.82984 1.63296
0.855 -1.4745 1.39295
0.856 -1.10978 1.14884
0.857 -0.737147 0.901621
0.858 -0.358124 0.652292
0.859 0.0257471 0.401866
0.86 0.412899 0.151361
0.861 0.80175 -0.0981981
0.862 1.19071 -0.34579
0.863 1.57817 -0.590398
0.864 1.96256 -0.831014
0.865 2.34227 -1.06664
0.866 2.71576 -1.29631
0.867 3.08146 -1.51906
0.868 3.43788 -1.73396
0.869 3.78351 -1.94012
0.87 4.11694 -2.13666
0.871 4.43675 -2.32276
0.872 4.74161 -2.49762
0.873 5.03024 -2.66051
0.874 5.30142 -2.81071
0.875 5.55399 -2.94759
0.876 5.78688 -3.07055
0.877 5.99909 -3.17903
0.878 6.1897 -3.27257
0.879 6.35787 -3.35074
0.88 6.50286 -3.41316
0.881 6.62402 -3.45955
0.882 6.72079 -3.48967
0.883 6.79271 -3.50334
0.884 6.83943 -3.50048
0.885 6.86067 -3.48103
0.886 6.85628 -3.44503
0.887 6.82621 -3.39259
0.888 6.7705 -3.32387
0.889 6.68931 -3.2391
0.89 6.58289 -3.13858
0.891 6.45159 -3.02268
0.892 6.29587 -2.89183
0.893 6.11629 -2.74651
0.894 5.91349 -2.58729
0.895 5.68822 -2.41476
0.896 5.44132 -2.22961
0.897 5.17371 -2.03253
0.898 4.8864 -1.82432
0.899 4.58047 -1.60578
0.9 4.2571 -1.37778
0.901 3.91752 -1.14122
0.902 3.56303 -0.897048
0.903 3.195 -0.646237
0.904 2.81484 -0.389797
0.905 2.42403 -0.128758
0.906 2.02408 0.135821
0.907 1.61655 0.402869
0.908 1.20302 0.671297
0.909 0.785104 0.940007
0.91 0.364431 1.2079
0.911 -0.0573532 1.47386
0.912 -0.478599 1.73681
0.913 -0.897658 1.99564
0.914 -1.31289 2.24927
0.915 -1.72265 2.49665
0.916 -2.12535 2.73673
0.917 -2.5194 2.9685
0.918 -2.90324 3.19096
0.919 -3.27538 3.40317
0.92 -3.63434 3.6042
0.921 -3.97871 3.79319
0.922 -4.30713 3.96929
0.923 -4.61831 4.13173
0.924 -4.91103 4.27978
0.925 -5.18413 4.41276
0.926 -5.43654 4.53004
0.927 -5.66726 4.63107
0.928 -5.87538 4.71534
0.929 -6.06008 4.78243
0.93 -6.22065 4.83196
0.931 -6.35644 4.86363
0.932 -6.46694 4.87721
0.933 -6.5517 4.87254
0.934 -6.61041 4.84952
0.935 -6.64284 4.80814
0.936 -6.64887 4.74845
0.937 -6.62849 4.67057
0.938 -6.5818 4.5747
0.939 -6.50898 4.46109
0.94 -6.41035 4.3301
0.941 -6.28631 4.18211
0.942 -6.13738 4.01761
0.943 -5.96415 3.83713
0.944 -5.76734 3.64126
0.945 -5.54775 3.43067
0.946 -5.30627 3.20608
0.947 -5.04389 2.96827
0.948 -4.76167 2.71806
0.949 -4.46075 2.45634
0.95 -4.14236 2.18402
0.951 -3.8078 1.90209
0.952 -3.45841 1.61154
0.953 -3.09563 1.31342
0.954 -2.72091 1.00881
0.955 -2.33579 0.698814
0.956 -1.94183 0.384549
0.957 -1.54063 0.0671656
0.958 -1.13382 -0.252179
0.959 -0.723061 -0.572316
0.96 -0.310015 -0.892071
0.961 0.103632 -1.21027
0.962 0.516195 -1.52574
0.963 0.925994 -1.83732
0.964 1.33136 -2.14387
0.965 1.73063 -2.44424
0.966 2.12217 -2.73734
0.967 2.5044 -3.02207
0.968 2.87573 -3.29738
0.969 3.23466 -3.56227
0.97 3.5797 -3.81574
0.971 3.90944 -4.05686
0.972 4.22252 -4.28474
0.973 4.51765 -4.49853
0.974 4.79361 -4.69746
0.975 5.04926 -4.88079
0.976 5.28352 -5.04785
0.977 5.49543 -5.19802
0.978 5.68409 -5.33076
0.979 5.84871 -5.4456
0.98 5.98859 -5.54211
0.981 6.10312 -5.61995
0.982 6.1918 -5.67886
0.983 6.25425 -5.71863
0.984 6.29016 -5.73915
0.985 6.29936 -5.74035
0.986 6.28175 -5.72227
0.987 6.23738 -5.68499
0.988 6.16637 -5.62869
0.989 6.06898 -5.5536
0.99 5.94554 -5.46005
0.991 5.79652 -5.34842
0.992 5.62247 -5.21915
0.993 5.42404 -5.07279
0.994 5.202 -4.9099
0.995 4.95718 -4.73114
0.996 4.69054 -4.53722
0.997 4.40311 -4.32892
0.998 4.096 -4.10704
0.999 3.77039 -3.87248
1 3.42757 -3.62614
