0.001 3.416e-008 2.51178e-009
0.002 3.11013e-007 2.01764e-008
0.003 1.46612e-006 8.3752e-008
0.004 4.85623e-006 2.45879e-007
0.005 1.28501e-005 5.83577e-007
0.006 2.91093e-005 1.20243e-006
0.007 5.88563e-005 2.24293e-006
0.008 0.000109128 3.88931e-006
0.009 0.000189011 6.38142e-006
0.01 0.000309859 1.00298e-005
0.011 0.000485485 1.52346e-005
0.012 0.000732334 2.25077e-005
0.013 0.00106963 3.25002e-005
0.014 0.00151948 4.60329e-005
0.015 0.00210698 6.41318e-005
0.016 0.00286028 8.80682e-005
0.017 0.00381059 0.000119403
0.018 0.00499217 0.000160036
0.019 0.00644235 0.000212259
0.02 0.00820138 0.000278811
0.021 0.0103124 0.000362943
0.022 0.0128213 0.000468483
0.023 0.0157763 0.000599901
0.024 0.0192284 0.000762381
0.025 0.0232304 0.000961898
0.026 0.0278371 0.00120529
0.027 0.0331046 0.00150034
0.028 0.0390908 0.00185584
0.029 0.0458539 0.0022817
0.03 0.0534529 0.00278897
0.031 0.0619472 0.00338999
0.032 0.0713954 0.0040984
0.033 0.0818558 0.00492924
0.034 0.0933853 0.005899
0.035 0.106039 0.00702571
0.036 0.119871 0.00832898
0.037 0.134932 0.00983006
0.038 0.151269 0.0115518
0.039 0.168926 0.013519
0.04 0.187944 0.0157578
0.041 0.208359 0.0182964
0.042 0.2302 0.0211647
0.043 0.253494 0.0243944
0.044 0.27826 0.0280187
0.045 0.304511 0.0320729
0.046 0.332254 0.0365936
0.047 0.361488 0.0416192
0.048 0.392206 0.0471896
0.049 0.424392 0.0533462
0.05 0.458022 0.0601318
0.051 0.493064 0.0675902
0.052 0.529479 0.0757665
0.053 0.567218 0.0847069
0.054 0.606223 0.0944581
0.055 0.646427 0.105068
0.056 0.687756 0.116584
0.057 0.730126 0.129054
0.058 0.773442 0.142526
0.059 0.817605 0.15705
0.06 0.862504 0.172671
0.061 0.908021 0.189436
0.062 0.954029 0.207392
0.063 1.00039 0.226583
0.064 1.04698 0.247051
0.065 1.09363 0.268837
0.066 1.14019 0.291981
0.067 1.1865 0.316518
0.068 1.2324 0.342481
0.069 1.27772 0.369901
0.07 1.32228 0.398804
0.071 1.3659 0.429214
0.072 1.4084 0.461149
0.073 1.4496 0.494623
0.074 1.48931 0.529645
0.075 1.52735 0.566221
0.076 1.56354 0.604349
0.077 1.59769 0.644021
0.078 1.62963 0.685227
0.079 1.65917 0.727946
0.08 1.68615 0.772153
0.081 1.71039 0.817816
0.082 1.73174 0.864896
0.083 1.75003 0.913348
0.084 1.76513 0.963117
0.085 1.77689 1.01414
0.086 1.78518 1.06636
0.087 1.78988 1.11968
0.088 1.7909 1.17404
0.089 1.78812 1.22933
0.09 1.78147 1.28546
0.091 1.77088 1.34233
0.092 1.75629 1.39981
0.093 1.73765 1.45779
0.094 1.71496 1.51613
0.095 1.68818 1.57471
0.096 1.65734 1.63338
0.097 1.62244 1.69198
0.098 1.58354 1.75037
0.099 1.54068 1.80838
0.1 1.49394 1.86585
0.101 1.4434 1.9226
0.102 1.38919 1.97846
0.103 1.33141 2.03324
0.104 1.27022 2.08675
0.105 1.20577 2.13882
0.106 1.13823 2.18925
0.107 1.0678 2.23784
0.108 0.994689 2.28441
0.109 0.919109 2.32875
0.11 0.8413 2.37067
0.111 0.761511 2.40998
0.112 0.680007 2.44649
0.113 0.597061 2.48
0.114 0.512958 2.51032
0.115 0.427996 2.53728
0.116 0.34248 2.56069
0.117 0.256721 2.58038
0.118 0.171041 2.59618
0.119 0.0857633 2.60793
0.12 0.0012188 2.61548
0.121 -0.0822604 2.61868
0.122 -0.16434 2.61739
0.123 -0.244686 2.61149
0.124 -0.322966 2.60087
0.125 -0.398848 2.58543
0.126 -0.472008 2.56506
0.127 -0.542123 2.53969
0.128 -0.608881 2.50927
0.129 -0.671975 2.47373
0.13 -0.731112 2.43304
0.131 -0.786007 2.38717
0.132 -0.836389 2.33614
0.133 -0.882 2.27993
0.134 -0.922599 2.21859
0.135 -0.957962 2.15216
0.136 -0.98788 2.08069
0.137 -1.01217 2.00426
0.138 -1.03065 1.92297
0.139 -1.0432 1.83694
0.14 -1.04967 1.74628
0.141 -1.04997 1.65116
0.142 -1.04402 1.55173
0.143 -1.03177 1.44817
0.144 -1.01319 1.34069
0.145 -0.988289 1.2295
0.146 -0.957077 1.11483
0.147 -0.919612 0.996936
0.148 -0.875972 0.876068
0.149 -0.826259 0.752509
0.15 -0.770607 0.626549
0.151 -0.709173 0.498492
0.152 -0.642141 0.368655
0.153 -0.569722 0.237366
0.154 -0.492151 0.104964
0.155 -0.40969 -0.0282034
0.156 -0.322623 -0.161778
0.157 -0.231258 -0.295396
0.158 -0.135928 -0.428686
0.159 -0.0369829 -0.561272
0.16 0.0652037 -0.692773
0.161 0.17024 -0.822806
0.162 0.277718 -0.950986
0.163 0.387212 -1.07693
0.164 0.49828 -1.20025
0.165 0.610471 -1.32056
0.166 0.72332 -1.4375
0.167 0.836352 -1.55068
0.168 0.949085 -1.65975
0.169 1.06103 -1.76433
0.17 1.1717 -1.86409
0.171 1.28059 -1.95869
0.172 1.38722 -2.0478
0.173 1.49109 -2.13111
0.174 1.59171 -2.20832
0.175 1.68859 -2.27915
0.176 1.78128 -2.34334
0.177 1.86929 -2.40064
0.178 1.95219 -2.45082
0.179 2.02953 -2.49367
0.18 2.10088 -2.52903
0.181 2.16586 -2.55671
0.182 2.22407 -2.57659
0.183 2.27515 -2.58855
0.184 2.31876 -2.59249
0.185 2.3546 -2.58837
0.186 2.38237 -2.57614
0.187 2.40181 -2.55579
0.188 2.4127 -2.52733
0.189 2.41485 -2.49082
0.19 2.40808 -2.44632
0.191 2.39226 -2.39394
0.192 2.36729 -2.33379
0.193 2.33312 -2.26604
0.194 2.28971 -2.19086
0.195 2.23707 -2.10848
0.196 2.17525 -2.01911
0.197 2.10433 -1.92303
0.198 2.02442 -1.82052
0.199 1.93568 -1.71189
0.2 1.8383 -1.59748
0.201 1.73252 -1.47765
0.202 1.61859 -1.35278
0.203 1.4968 -1.22328
0.204 1.3675 -1.08956
0.205 1.23105 -0.952066
0.206 1.08785 -0.811256
0.207 0.938319 -0.667603
0.208 0.782921 -0.521594
0.209 0.62214 -0.373731
0.21 0.456489 -0.224523
0.211 0.286504 -0.0744907
0.212 0.112744 0.0758375
0.213 -0.0642115 0.225928
0.214 -0.243765 0.375245
0.215 -0.425301 0.523247
0.216 -0.608192 0.669397
0.217 -0.791798 0.813156
0.218 -0.97547 0.953991
0.219 -1.15855 1.09137
0.22 -1.34038 1.22479
0.221 -1.5203 1.35371
0.222 -1.69765 1.47766
0.223 -1.87177 1.59614
0.224 -2.04201 1.70868
0.225 -2.20772 1.81483
0.226 -2.36829 1.91416
0.227 -2.52308 2.00624
0.228 -2.67151 2.0907
0.229 -2.813 2.16715
0.23 -2.94697 2.23527
0.231 -3.07291 2.29472
0.232 -3.1903 2.34523
0.233 -3.29866 2.38653
0.234 -3.39755 2.4184
0.235 -3.48655 2.44064
0.236 -3.56528 2.45309
0.237 -3.63339 2.45562
0.238 -3.69058 2.44812
0.239 -3.73658 2.43054
0.24 -3.77116 2.40284
0.241 -3.79415 2.36505
0.242 -3.80541 2.31719
0.243 -3.80482 2.25936
0.244 -3.79236 2.19166
0.245 -3.768 2.11425
0.246 -3.73179 2.02732
0.247 -3.68382 1.93107
0.248 -3.62421 1.82578
0.249 -3.55315 1.71172
0.25 -3.47085 1.58922
0.251 -3.37759 1.45863
0.252 -3.27367 1.32034
0.253 -3.15945 1.17476
0.254 -3.03533 1.02232
0.255 -2.90174 0.863495
0.256 -2.75915 0.698781
0.257 -2.60809 0.528692
0.258 -2.4491 0.353766
0.259 -2.28276 0.174559
0.26 -2.10968 -0.00835122
0.261 -1.93052 -0.194374
0.262 -1.74593 -0.382902
0.263 -1.55663 -0.57332
0.264 -1.36331 -0.764999
0.265 -1.16673 -0.957305
0.266 -0.967624 -1.1496
0.267 -0.766768 -1.34123
0.268 -0.564935 -1.53157
0.269 -0.362911 -1.71997
0.27 -0.161482 -1.90579
0.271 0.0385612 -2.0884
0.272 0.236432 -2.26718
0.273 0.431347 -2.44152
0.274 0.622533 -2.61082
0.275 0.809226 -2.7745
0.276 0.990678 -2.93199
0.277 1.16616 -3.08275
0.278 1.33496 -3.22626
0.279 1.49638 -3.36202
0.28 1.64978 -3.48955
0.281 1.79452 -3.60842
0.282 1.92999 -3.71819
0.283 2.05564 -3.8185
0.284 2.17093 -3.90899
0.285 2.27538 -3.98933
0.286 2.36854 -4.05925
0.287 2.45 -4.11849
0.288 2.51939 -4.16685
0.289 2.57642 -4.20415
0.29 2.62081 -4.23027
0.291 2.65236 -4.2451
0.292 2.67088 -4.24859
0.293 2.67628 -4.24073
0.294 2.66848 -4.22154
0.295 2.64749 -4.1911
0.296 2.61334 -4.14949
0.297 2.56614 -4.09688
0.298 2.50603 -4.03345
0.299 2.43322 -3.95941
0.3 2.34797 -3.87504
0.301 2.25057 -3.78062
0.302 2.1414 -3.6765
0.303 2.02084 -3.56303
0.304 1.88937 -3.44063
0.305 1.74747 -3.30972
0.306 1.59568 -3.17078
0.307 1.43461 -3.02428
0.308 1.26486 -2.87075
0.309 1.08711 -2.71074
0.31 0.902049 -2.5448
0.311 0.710413 -2.37353
0.312 0.512961 -2.19753
0.313 0.310481 -2.01742
0.314 0.103782 -1.83384
0.315 -0.106303 -1.64743
0.316 -0.318926 -1.45884
0.317 -0.533224 -1.26875
0.318 -0.748324 -1.07781
0.319 -0.963347 -0.886685
0.32 -1.17741 -0.696048
0.321 -1.38963 -0.506559
0.322 -1.59912 -0.318873
0.323 -1.80502 -0.133635
0.324 -2.00646 0.048517
0.325 -2.2026 0.226963
0.326 -2.3926 0.401096
0.327 -2.57566 0.570329
0.328 -2.751 0.734095
0.329 -2.91786 0.89185
0.33 -3.07551 1.04307
0.331 -3.22327 1.18728
0.332 -3.36048 1.32399
0.333 -3.48652 1.45279
0.334 -3.60083 1.57327
0.335 -3.70288 1.68505
0.336 -3.7922 1.78782
0.337 -3.86834 1.88127
0.338 -3.93094 1.96515
0.339 -3.97966 2.03923
0.34 -4.01424 2.10334
0.341 -4.03446 2.15733
0.342 -4.04016 2.2011
0.343 -4.03124 2.2346
0.344 -4.00766 2.2578
0.345 -3.96943 2.27073
0.346 -3.91663 2.27344
0.347 -3.8494 2.26605
0.348 -3.76792 2.24869
0.349 -3.67244 2.22155
0.35 -3.56328 2.18485
0.351 -3.44079 2.13885
0.352 -3.30539 2.08384
0.353 -3.15756 2.02015
0.354 -2.99781 1.94816
0.355 -2.82671 1.86825
0.356 -2.6449 1.78085
0.357 -2.45302 1.68642
0.358 -2.25178 1.58544
0.359 -2.04194 1.47842
0.36 -1.82427 1.3659
0.361 -1.59959 1.24842
0.362 -1.36874 1.12656
0.363 -1.13261 1.0009
0.364 -0.892086 0.872047
0.365 -0.648089 0.740605
0.366 -0.401553 0.607198
0.367 -0.153425 0.472451
0.368 0.0953388 0.336994
0.369 0.343778 0.201459
0.37 0.590931 0.0664733
0.371 0.835839 -0.0673381
0.372 1.07755 -0.199358
0.373 1.31512 -0.328978
0.374 1.54762 -0.455602
0.375 1.77415 -0.57865
0.376 1.99381 -0.697555
0.377 2.20575 -0.811773
0.378 2.40913 -0.920781
0.379 2.60316 -1.02408
0.38 2.78707 -1.12119
0.381 2.96014 -1.21167
0.382 3.12169 -1.2951
0.383 3.27109 -1.37109
0.384 3.40774 -1.4393
0.385 3.5311 -1.4994
0.386 3.64071 -1.55111
0.387 3.73612 -1.59418
0.388 3.81697 -1.62842
0.389 3.88294 -1.65364
0.39 3.93378 -1.66972
0.391 3.9693 -1.67658
0.392 3.98937 -1.67415
0.393 3.99392 -1.66244
0.394 3.98296 -1.64147
0.395 3.95653 -1.61132
0.396 3.91478 -1.5721
0.397 3.85788 -1.52396
0.398 3.78608 -1.4671
0.399 3.69969 -1.40174
0.4 3.5991 -1.32816
0.401 3.48473 -1.24666
0.402 3.35707 -1.15757
0.403 3.21666 -1.06127
0.404 3.0641 -0.958163
0.405 2.90005 -0.848683
0.406 2.7252 -0.733292
0.407 2.5403 -0.612479
0.408 2.34614 -0.486758
0.409 2.14354 -0.356664
0.41 1.93336 -0.222753
0.411 1.71651 -0.0855967
0.412 1.49391 0.0542168
0.413 1.26652 0.196087
0.414 1.03531 0.339404
0.415 0.801274 0.483551
0.416 0.565416 0.627905
0.417 0.328754 0.771842
0.418 0.0923111 0.91474
0.419 -0.14289 1.05598
0.42 -0.375829 1.19494
0.421 -0.605492 1.33103
0.422 -0.830876 1.46364
0.423 -1.051 1.5922
0.424 -1.26488 1.71615
0.425 -1.4716 1.83494
0.426 -1.67022 1.94804
0.427 -1.85987 2.05497
0.428 -2.03969 2.15525
0.429 -2.20888 2.24842
0.43 -2.36667 2.33409
0.431 -2.51233 2.41186
0.432 -2.6452 2.48139
0.433 -2.76466 2.54236
0.434 -2.87013 2.5945
0.435 -2.9611 2.63756
0.436 -3.03714 2.67135
0.437 -3.09784 2.6957
0.438 -3.14288 2.71051
0.439 -3.17201 2.71568
0.44 -3.18502 2.7112
0.441 -3.18179 2.69705
0.442 -3.16226 2.67331
0.443 -3.12644 2.64004
0.444 -3.0744 2.5974
0.445 -3.00629 2.54556
0.446 -2.92232 2.48473
0.447 -2.82277 2.41517
0.448 -2.70798 2.33718
0.449 -2.57838 2.25109
0.45 -2.43443 2.15729
0.451 -2.27668 2.05616
0.452 -2.10571 1.94816
0.453 -1.92219 1.83375
0.454 -1.72682 1.71345
0.455 -1.52036 1.58778
0.456 -1.30364 1.45729
0.457 -1.07749 1.32258
0.458 -0.842831 1.18423
0.459 -0.600594 1.04288
0.46 -0.351756 0.89916
0.461 -0.097323 0.753714
0.462 0.161671 0.607205
0.463 0.424169 0.460302
0.464 0.689095 0.313678
0.465 0.955358 0.168008
0.466 1.22186 0.0239657
0.467 1.48749 -0.117779
0.468 1.75114 -0.256561
0.469 2.0117 -0.391727
0.47 2.26809 -0.522636
0.471 2.51922 -0.64866
0.472 2.76402 -0.769192
0.473 3.00144 -0.883643
0.474 3.23047 -0.99145
0.475 3.45012 -1.09207
0.476 3.65943 -1.18501
0.477 3.85749 -1.26977
0.478 4.04342 -1.34591
0.479 4.2164 -1.41302
0.48 4.37565 -1.47073
0.481 4.52044 -1.51869
0.482 4.6501 -1.55663
0.483 4.76402 -1.58428
0.484 4.86167 -1.60143
0.485 4.94254 -1.60792
0.486 5.00623 -1.60362
0.487 5.05239 -1.58847
0.488 5.08073 -1.56244
0.489 5.09106 -1.52555
0.49 5.08323 -1.47786
0.491 5.05719 -1.4195
0.492 5.01295 -1.35062
0.493 4.95059 -1.27143
0.494 4.87028 -1.18219
0.495 4.77225 -1.08319
0.496 4.65682 -0.974797
0.497 4.52434 -0.857382
0.498 4.37529 -0.731382
0.499 4.21018 -0.597266
0.5 4.02958 -0.455545
0.501 3.83416 -0.306766
0.502 3.62463 -0.151509
0.503 3.40176 0.00961147
0.504 3.16638 0.175951
0.505 2.91937 0.346838
0.506 2.66167 0.521575
0.507 2.39425 0.699442
0.508 2.11815 0.879702
0.509 1.83441 1.0616
0.51 1.54414 1.24436
0.511 1.24847 1.42721
0.512 0.948536 1.60936
0.513 0.64552 1.79002
0.514 0.340607 1.96839
0.515 0.0349994 2.14369
0.516 -0.270098 2.31513
0.517 -0.573476 2.48194
0.518 -0.873931 2.64335
0.519 -1.17027 2.79862
0.52 -1.46129 2.94701
0.521 -1.74585 3.08782
0.522 -2.0228 3.22037
0.523 -2.29102 3.34399
0.524 -2.54942 3.45807
0.525 -2.79697 3.562
0.526 -3.03265 3.65524
0.527 -3.25551 3.73726
0.528 -3.46462 3.80759
0.529 -3.65915 3.8658
0.53 -3.83827 3.91148
0.531 -4.00126 3.9443
0.532 -4.14742 3.96397
0.533 -4.27616 3.97023
0.534 -4.38693 3.9629
0.535 -4.47925 3.94183
0.536 -4.55273 3.90693
0.537 -4.60705 3.85817
0.538 -4.64196 3.79557
0.539 -4.65729 3.7192
0.54 -4.65296 3.62919
0.541 -4.62895 3.52572
0.542 -4.58535 3.40904
0.543 -4.52228 3.27943
0.544 -4.44 3.13723
0.545 -4.33881 2.98284
0.546 -4.21909 2.81671
0.547 -4.08131 2.63932
0.548 -3.92601 2.45123
0.549 -3.7538 2.25301
0.55 -3.56535 2.0453
0.551 -3.36143 1.82876
0.552 -3.14283 1.60411
0.553 -2.91045 1.37208
0.554 -2.66521 1.13347
0.555 -2.4081 0.889067
0.556 -2.14016 0.639719
0.557 -1.86249 0.386283
0.558 -1.57621 0.12964
0.559 -1.28249 -0.129312
0.56 -0.982534 -0.389661
0.561 -0.677572 -0.650482
0.562 -0.368859 -0.910845
0.563 -0.0576697 -1.16982
0.564 0.254709 -1.42646
0.565 0.56698 -1.67986
0.566 0.877845 -1.92907
0.567 1.186 -2.17319
0.568 1.49017 -2.41133
0.569 1.78906 -2.6426
0.57 2.08142 -2.86616
0.571 2.366 -3.08116
0.572 2.64161 -3.2868
0.573 2.90705 -3.48231
0.574 3.1612 -3.66696
0.575 3.40295 -3.84005
0.576 3.63125 -4.00091
0.577 3.84512 -4.14894
0.578 4.04359 -4.28357
0.579 4.22579 -4.40427
0.58 4.39089 -4.51058
0.581 4.53815 -4.60208
0.582 4.66688 -4.67841
0.583 4.77646 -4.73925
0.584 4.86637 -4.78438
0.585 4.93613 -4.81358
0.586 4.98538 -4.82674
0.587 5.01382 -4.82378
0.588 5.02123 -4.8047
0.589 5.00749 -4.76954
0.59 4.97254 -4.71841
0.591 4.91643 -4.6515
0.592 4.83929 -4.56903
0.593 4.74133 -4.4713
0.594 4.62283 -4.35865
0.595 4.48419 -4.23151
0.596 4.32585 -4.09033
0.597 4.14837 -3.93564
0.598 3.95235 -3.76799
0.599 3.73851 -3.58803
0.6 3.50759 -3.39642
0.601 3.26045 -3.19388
0.602 2.99799 -2.98116
0.603 2.72119 -2.75906
0.604 2.43106 -2.52843
0.605 2.1287 -2.29014
0.606 1.81526 -2.04508
0.607 1.49191 -1.7942
0.608 1.15988 -1.53843
0.609 0.82044 -1.27876
0.61 0.474894 -1.01617
0.611 0.124566 -0.751676
0.612 -0.229193 -0.486282
0.613 -0.585016 -0.221008
0.614 -0.941524 0.0431272
0.615 -1.29733 0.305109
0.616 -1.65105 0.563928
0.617 -2.0013 0.818586
0.618 -2.34672 1.0681
0.619 -2.68594 1.3115
0.62 -3.01764 1.54785
0.621 -3.34051 1.77623
0.622 -3.65327 1.99575
0.623 -3.95469 2.20555
0.624 -4.24357 2.40483
0.625 -4.51876 2.59279
0.626 -4.77918 2.7687
0.627 -5.02378 2.93187
0.628 -5.25158 3.08166
0.629 -5.46167 3.21748
0.63 -5.65321 3.33878
0.631 -5.82541 3.44509
0.632 -5.97759 3.53597
0.633 -6.10912 3.61106
0.634 -6.21946 3.67006
0.635 -6.30816 3.71271
0.636 -6.37484 3.73884
0.637 -6.41922 3.74833
0.638 -6.4411 3.74112
0.639 -6.44038 3.71722
0.64 -6.41704 3.67671
0.641 -6.37114 3.61973
0.642 -6.30284 3.54648
0.643 -6.2124 3.45722
0.644 -6.10016 3.35228
0.645 -5.96652 3.23205
0.646 -5.81202 3.09697
0.647 -5.63723 2.94756
0.648 -5.44283 2.78438
0.649 -5.22957 2.60803
0.65 -4.99828 2.41918
0.651 -4.74987 2.21855
0.652 -4.48529 2.0069
0.653 -4.20558 1.78503
0.654 -3.91184 1.55379
0.655 -3.60521 1.31405
0.656 -3.28691 1.06673
0.657 -2.95818 0.812776
0.658 -2.62032 0.553149
0.659 -2.27464 0.288845
0.66 -1.92253 0.0208727
0.661 -1.56536 -0.249744
0.662 -1.20455 -0.521969
0.663 -0.841512 -0.794761
0.664 -0.477692 -1.06708
0.665 -0.114526 -1.33788
0.666 0.246552 -1.60612
0.667 0.604111 -1.87078
0.668 0.956737 -2.13085
0.669 1.30303 -2.38533
0.67 1.64163 -2.63324
0.671 1.97118 -2.87364
0.672 2.29039 -3.10561
0.673 2.59799 -3.32827
0.674 2.89276 -3.54075
0.675 3.17353 -3.74226
0.676 3.43919 -3.93202
0.677 3.6887 -4.10931
0.678 3.92106 -4.27346
0.679 4.13536 -4.42383
0.68 4.33075 -4.55987
0.681 4.50647 -4.68106
0.682 4.66182 -4.78694
0.683 4.7962 -4.87712
0.684 4.90908 -4.95125
0.685 5.00002 -5.00907
0.686 5.06869 -5.05036
0.687 5.11481 -5.07498
0.688 5.13822 -5.08284
0.689 5.13884 -5.07393
0.69 5.1167 -5.0483
0.691 5.0719 -5.00606
0.692 5.00463 -4.94738
0.693 4.9152 -4.8725
0.694 4.80398 -4.78173
0.695 4.67144 -4.67543
0.696 4.51814 -4.55402
0.697 4.34472 -4.41799
0.698 4.1519 -4.26786
0.699 3.94049 -4.10424
0.7 3.71136 -3.92776
0.701 3.46546 -3.73912
0.702 3.20382 -3.53904
0.703 2.9275 -3.32832
0.704 2.63767 -3.10777
0.705 2.33552 -2.87824
0.706 2.02229 -2.64063
0.707 1.69929 -2.39585
0.708 1.36785 -2.14485
0.709 1.02935 -1.8886
0.71 0.685173 -1.62808
0.711 0.336759 -1.36429
0.712 -0.0144527 -1.09824
0.713 -0.367005 -0.830947
0.714 -0.719435 -0.563427
0.715 -1.07028 -0.296696
0.716 -1.41808 -0.0317643
0.717 -1.7614 0.230369
0.718 -2.09879 0.488717
0.719 -2.42886 0.742312
0.72 -2.75023 0.990209
0.721 -3.06155 1.23149
0.722 -3.36151 1.46526
0.723 -3.64887 1.69065
0.724 -3.92241 1.90686
0.725 -4.18097 2.1131
0.726 -4.42347 2.30862
0.727 -4.64888 2.49273
0.728 -4.85622 2.66478
0.729 -5.04462 2.82419
0.73 -5.21327 2.9704
0.731 -5.36142 3.10292
0.732 -5.48843 3.22133
0.733 -5.59374 3.32526
0.734 -5.67686 3.41439
0.735 -5.73741 3.48847
0.736 -5.7751 3.54731
0.737 -5.78971 3.59079
0.738 -5.78114 3.61884
0.739 -5.74938 3.63147
0.74 -5.69449 3.62874
0.741 -5.61665 3.61077
0.742 -5.51613 3.57776
0.743 -5.39328 3.52995
0.744 -5.24855 3.46766
0.745 -5.08247 3.39126
0.746 -4.89568 3.30117
0.747 -4.68887 3.19787
0.748 -4.46284 3.08191
0.749 -4.21845 2.95387
0.75 -3.95666 2.81438
0.751 -3.67846 2.66413
0.752 -3.38496 2.50384
0.753 -3.07728 2.33428
0.754 -2.75664 2.15625
0.755 -2.42429 1.97058
0.756 -2.08153 1.77814
0.757 -1.72972 1.57982
0.758 -1.37023 1.37653
0.759 -1.0045 1.16921
0.76 -0.633955 0.958797
0.761 -0.260067 0.746259
0.762 0.115685 0.532558
0.763 0.491813 0.318662
0.764 0.866827 0.105538
0.765 1.23924 -0.105853
0.766 1.60758 -0.314557
0.767 1.97037 -0.519635
0.768 2.32618 -0.720165
0.769 2.67361 -0.915245
0.77 3.01125 -1.104
0.771 3.33779 -1.28557
0.772 3.65191 -1.45916
0.773 3.95238 -1.62397
0.774 4.238 -1.77926
0.775 4.50763 -1.92433
0.776 4.76021 -2.05853
0.777 4.99474 -2.18123
0.778 5.21029 -2.29189
0.779 5.40601 -2.39
0.78 5.58112 -2.4751
0.781 5.73495 -2.54678
0.782 5.86688 -2.60472
0.783 5.97641 -2.64863
0.784 6.06311 -2.67829
0.785 6.12665 -2.69355
0.786 6.16679 -2.69429
0.787 6.18341 -2.68049
0.788 6.17643 -2.65218
0.789 6.14593 -2.60944
0.79 6.09204 -2.55243
0.791 6.015 -2.48136
0.792 5.91515 -2.3965
0.793 5.79292 -2.29819
0.794 5.64882 -2.18681
0.795 5.48346 -2.06282
0.796 5.29754 -1.92672
0.797 5.09184 -1.77905
0.798 4.86721 -1.62044
0.799 4.62459 -1.45152
0.8 4.365 -1.27301
0.801 4.0895 -1.08562
0.802 3.79925 -0.890155
0.803 3.49546 -0.687417
0.804 3.17938 -0.478255
0.805 2.85232 -0.263544
0.806 2.51565 -0.0441869
0.807 2.17075 0.178896
0.808 1.81906 0.404763
0.809 1.46205 0.632462
0.81 1.10118 0.861029
0.811 0.737967 1.0895
0.812 0.373907 1.31689
0.813 0.0105154 1.54225
0.814 -0.350697 1.7646
0.815 -0.708229 1.983
0.816 -1.06059 2.19652
0.817 -1.40632 2.40422
0.818 -1.74398 2.60523
0.819 -2.07215 2.79866
0.82 -2.38947 2.98368
0.821 -2.69462 3.15949
0.822 -2.9863 3.32531
0.823 -3.26331 3.48041
0.824 -3.52448 3.62411
0.825 -3.76872 3.75577
0.826 -3.99498 3.8748
0.827 -4.20232 3.98066
0.828 -4.38986 4.07285
0.829 -4.5568 4.15096
0.83 -4.70242 4.21462
0.831 -4.8261 4.2635
0.832 -4.9273 4.29735
0.833 -5.00557 4.316
0.834 -5.06056 4.3193
0.835 -5.09202 4.30721
0.836 -5.09979 4.27971
0.837 -5.0838 4.23688
0.838 -5.0441 4.17884
0.839 -4.9808 4.10578
0.84 -4.89415 4.01798
0.841 -4.78447 3.91573
0.842 -4.65218 3.79942
0.843 -4.4978 3.66948
0.844 -4.32193 3.52642
0.845 -4.12527 3.37079
0.846 -3.9086 3.20318
0.847 -3.67279 3.02426
0.848 -3.41878 2.83472
0.849 -3.1476 2.63533
0.85 -2.86033 2.42687
0.851 -2.55814 2.21018
0.852 -2.24225 1.98612
0.853 -1.91395 1.7556
0.854 -1.57456 1.51954
0.855 -1.22547 1.27891
0.856 -0.868112 1.03468
0.857 -0.503935 0.787844
0.858 -0.134433 0.539413
0.859 0.238879 0.290402
0.86 0.614467 0.041835
0.861 0.990787 -0.205266
0.862 1.36629 -0.44988
0.863 1.73942 -0.690995
0.864 2.10864 -0.927611
0.865 2.47243 -1.15874
0.866 2.82926 -1.38343
0.867 3.17765 -1.60072
0.868 3.51616 -1.80972
0.869 3.84337 -2.00953
0.87 4.1579 -2.19932
0.871 4.45843 -2.37827
0.872 4.74371 -2.54562
0.873 5.0125 -2.70066
0.874 5.26369 -2.84272
0.875 5.49618 -2.97117
0.876 5.70898 -3.08546
0.877 5.90117 -3.18507
0.878 6.07191 -3.26957
0.879 6.22044 -3.33856
0.88 6.34609 -3.39171
0.881 6.4483 -3.42878
0.882 6.52657 -3.44957
0.883 6.58053 -3.45394
0.884 6.60988 -3.44184
0.885 6.61444 -3.41327
0.886 6.59411 -3.36831
0.887 6.54891 -3.30711
0.888 6.47894 -3.22986
0.889 6.38443 -3.13684
0.89 6.26567 -3.02841
0.891 6.12307 -2.90495
0.892 5.95715 -2.76695
0.893 5.76849 -2.61492
0.894 5.55779 -2.44947
0.895 5.32583 -2.27123
0.896 5.07347 -2.08091
0.897 4.80167 -1.87925
0.898 4.51146 -1.66707
0.899 4.20394 -1.4452
0.9 3.88028 -1.21454
0.901 3.54174 -0.97601
0.902 3.18961 -0.730582
0.903 2.82524 -0.479247
0.904 2.45006 -0.223031
0.905 2.06552 0.0370218
0.906 1.67311 0.299843
0.907 1.27436 0.564353
0.908 0.870825 0.829457
0.909 0.46408 1.09406
0.91 0.0557163 1.35705
0.911 -0.352667 1.61734
0.912 -0.75947 1.87384
0.913 -1.1631 2.12546
0.914 -1.56196 2.37114
0.915 -1.9545 2.60982
0.916 -2.33916 2.8405
0.917 -2.71444 3.06217
0.918 -3.07886 3.27388
0.919 -3.43097 3.4747
0.92 -3.76941 3.66375
0.921 -4.09283 3.84017
0.922 -4.39995 4.00319
0.923 -4.68957 4.15205
0.924 -4.96055 4.28606
0.925 -5.21181 4.4046
0.926 -5.44238 4.50708
0.927 -5.65134 4.59299
0.928 -5.83787 4.66189
0.929 -6.00123 4.71338
0.93 -6.1408 4.74716
0.931 -6.25602 4.76296
0.932 -6.34645 4.76063
0.933 -6.41174 4.74004
0.934 -6.45164 4.70116
0.935 -6.46601 4.64403
0.936 -6.45479 4.56876
0.937 -6.41806 4.47553
0.938 -6.35596 4.36458
0.939 -6.26876 4.23623
0.94 -6.15684 4.09089
0.941 -6.02064 3.92899
0.942 -5.86073 3.75108
0.943 -5.67776 3.55772
0.944 -5.47249 3.34958
0.945 -5.24576 3.12737
0.946 -4.99848 2.89184
0.947 -4.73167 2.64381
0.948 -4.44642 2.38417
0.949 -4.14388 2.11382
0.95 -3.82529 1.83373
0.951 -3.49195 1.5449
0.952 -3.14521 1.24837
0.953 -2.78649 0.945215
0.954 -2.41724 0.636528
0.955 -2.03898 0.323436
0.956 -1.65323 0.00708163
0.957 -1.26158 -0.311375
0.958 -0.865622 -0.630765
0.959 -0.466965 -0.949913
0.96 -0.0672382 -1.26764
0.961 0.331927 -1.58277
0.962 0.728901 -1.89415
0.963 1.12206 -2.2006
0.964 1.5098 -2.50101
0.965 1.89053 -2.79424
0.966 2.26269 -3.07921
0.967 2.62476 -3.35486
0.968 2.97524 -3.62015
0.969 3.31271 -3.87411
0.97 3.63577 -4.11578
0.971 3.94308 -4.34426
0.972 4.23339 -4.5587
0.973 4.50548 -4.7583
0.974 4.75824 -4.94232
0.975 4.99059 -5.11007
0.976 5.20159 -5.26092
0.977 5.39033 -5.39432
0.978 5.55603 -5.50978
0.979 5.69798 -5.60687
0.98 5.81557 -5.68523
0.981 5.90829 -5.74458
0.982 5.97572 -5.78472
0.983 6.01756 -5.80549
0.984 6.0336 -5.80685
0.985 6.02373 -5.7888
0.986 5.98796 -5.75142
0.987 5.92638 -5.69488
0.988 5.8392 -5.6194
0.989 5.72674 -5.5253
0.99 5.5894 -5.41294
0.991 5.42769 -5.28278
0.992 5.24224 -5.13533
0.993 5.03373 -4.97117
0.994 4.80298 -4.79094
0.995 4.55087 -4.59535
0.996 4.27837 -4.38517
0.997 3.98654 -4.16122
0.998 3.67652 -3.92437
0.999 3.34952 -3.67554
1 3.00681 -3.4157
