0.001 3.38812e-008 2.59755e-009
0.002 3.08787e-007 2.08582e-008
0.003 1.45696e-006 8.65387e-008
0.004 4.82969e-006 2.53882e-007
0.005 1.27882e-005 6.02017e-007
0.006 2.89845e-005 1.23899e-006
0.007 5.86299e-005 2.30787e-006
0.008 0.000108748 3.99534e-006
0.009 0.000188411 6.54314e-006
0.01 0.000308957 1.02627e-005
0.011 0.000484182 1.55535e-005
0.012 0.000730512 2.29247e-005
0.013 0.00106715 3.30214e-005
0.014 0.00151619 4.66547e-005
0.015 0.00210272 6.48362e-005
0.016 0.00285485 8.88168e-005
0.017 0.00380377 0.00012013
0.018 0.00498375 0.00016064
0.019 0.00643207 0.000212591
0.02 0.00818899 0.000278668
0.021 0.0102976 0.000362052
0.022 0.0128038 0.000466486
0.023 0.0157559 0.000596339
0.024 0.0192047 0.000756681
0.025 0.0232031 0.000953347
0.026 0.0278059 0.00119302
0.027 0.0330692 0.0014833
0.028 0.0390508 0.00183277
0.029 0.045809 0.00225111
0.03 0.0534029 0.00274912
0.031 0.0618916 0.00333884
0.032 0.071334 0.0040336
0.033 0.0817883 0.00484807
0.034 0.0933114 0.00579837
0.035 0.105959 0.00690212
0.036 0.119784 0.00817847
0.037 0.134837 0.00964816
0.038 0.151167 0.0113336
0.039 0.168816 0.0132588
0.04 0.187826 0.0154496
0.041 0.208232 0.0179335
0.042 0.230065 0.0207396
0.043 0.25335 0.023899
0.044 0.278107 0.0274442
0.045 0.304348 0.0314096
0.046 0.332081 0.0358311
0.047 0.361305 0.0407464
0.048 0.392012 0.0461945
0.049 0.424186 0.0522159
0.05 0.457804 0.0588526
0.051 0.492834 0.0661475
0.052 0.529235 0.0741449
0.053 0.566959 0.0828899
0.054 0.605948 0.0924287
0.055 0.646136 0.102808
0.056 0.687446 0.114074
0.057 0.729795 0.126275
0.058 0.773089 0.139458
0.059 0.817228 0.15367
0.06 0.8621 0.168958
0.061 0.907586 0.185368
0.062 0.953561 0.202945
0.063 0.99989 0.221733
0.064 1.04643 0.241773
0.065 1.09304 0.263108
0.066 1.13955 0.285775
0.067 1.18581 0.309809
0.068 1.23165 0.335245
0.069 1.2769 0.362113
0.07 1.32138 0.390439
0.071 1.36492 0.420246
0.072 1.40734 0.451553
0.073 1.44844 0.484376
0.074 1.48805 0.518723
0.075 1.52598 0.554602
0.076 1.56204 0.59201
0.077 1.59606 0.630944
0.078 1.62785 0.67139
0.079 1.65723 0.713333
0.08 1.68403 0.756747
0.081 1.70809 0.801603
0.082 1.72924 0.847864
0.083 1.74732 0.895485
0.084 1.76218 0.944416
0.085 1.7737 0.994598
0.086 1.78173 1.04597
0.087 1.78615 1.09845
0.088 1.78687 1.15196
0.089 1.78378 1.20641
0.09 1.77679 1.26171
0.091 1.76585 1.31776
0.092 1.75089 1.37444
0.093 1.73187 1.43164
0.094 1.70876 1.48923
0.095 1.68156 1.54708
0.096 1.65026 1.60505
0.097 1.6149 1.66299
0.098 1.57551 1.72076
0.099 1.53214 1.77819
0.1 1.48488 1.83513
0.101 1.4338 1.89139
0.102 1.37902 1.94683
0.103 1.32067 2.00124
0.104 1.25888 2.05446
0.105 1.19382 2.1063
0.106 1.12566 2.15657
0.107 1.05459 2.20508
0.108 0.980821 2.25165
0.109 0.904577 2.29607
0.11 0.826095 2.33817
0.111 0.745626 2.37774
0.112 0.663434 2.4146
0.113 0.579796 2.44857
0.114 0.495 2.47945
0.115 0.409344 2.50706
0.116 0.323134 2.53123
0.117 0.236688 2.55179
0.118 0.150325 2.56856
0.119 0.0643758 2.5814
0.12 -0.0208291 2.59013
0.121 -0.104954 2.59464
0.122 -0.187662 2.59476
0.123 -0.268615 2.59039
0.124 -0.347479 2.58141
0.125 -0.423918 2.5677
0.126 -0.497605 2.54918
0.127 -0.568214 2.52577
0.128 -0.635429 2.4974
0.129 -0.698942 2.46402
0.13 -0.758453 2.42558
0.131 -0.813677 2.38206
0.132 -0.864337 2.33346
0.133 -0.910174 2.27978
0.134 -0.950943 2.22103
0.135 -0.986416 2.15727
0.136 -1.01638 2.08853
0.137 -1.04065 2.01491
0.138 -1.05905 1.93647
0.139 -1.07143 1.85333
0.14 -1.07767 1.76562
0.141 -1.07766 1.67346
0.142 -1.07133 1.57702
0.143 -1.05861 1.47648
0.144 -1.03947 1.37201
0.145 -1.01393 1.26383
0.146 -0.981988 1.15216
0.147 -0.943706 1.03723
0.148 -0.899157 0.919305
0.149 -0.848446 0.798643
0.15 -0.791703 0.675529
0.151 -0.729086 0.550255
0.152 -0.660778 0.423129
0.153 -0.58699 0.294467
0.154 -0.507959 0.164599
0.155 -0.423947 0.0338619
0.156 -0.335238 -0.097396
0.157 -0.242144 -0.22882
0.158 -0.144996 -0.360049
0.159 -0.0441494 -0.490717
0.16 0.0600211 -0.62045
0.161 0.167121 -0.748877
0.162 0.276738 -0.875619
0.163 0.388444 -1.0003
0.164 0.501793 -1.12254
0.165 0.61633 -1.24198
0.166 0.731584 -1.35823
0.167 0.847076 -1.47093
0.168 0.962319 -1.57972
0.169 1.07682 -1.68425
0.17 1.19008 -1.78417
0.171 1.3016 -1.87916
0.172 1.41087 -1.96888
0.173 1.51741 -2.05303
0.174 1.62071 -2.13131
0.175 1.72028 -2.20344
0.176 1.81565 -2.26915
0.177 1.90634 -2.32821
0.178 1.99189 -2.38037
0.179 2.07185 -2.42544
0.18 2.1458 -2.46323
0.181 2.21333 -2.49356
0.182 2.27404 -2.51629
0.183 2.32756 -2.53132
0.184 2.37355 -2.53853
0.185 2.41168 -2.53786
0.186 2.44167 -2.52927
0.187 2.46324 -2.51273
0.188 2.47615 -2.48825
0.189 2.48021 -2.45587
0.19 2.47524 -2.41564
0.191 2.4611 -2.36765
0.192 2.43768 -2.31201
0.193 2.40492 -2.24888
0.194 2.36277 -2.17841
0.195 2.31125 -2.1008
0.196 2.25038 -2.01627
0.197 2.18025 -1.92506
0.198 2.10097 -1.82746
0.199 2.01269 -1.72375
0.2 1.91559 -1.61425
0.201 1.80991 -1.4993
0.202 1.69589 -1.37928
0.203 1.57383 -1.25456
0.204 1.44407 -1.12555
0.205 1.30697 -0.99268
0.206 1.16292 -0.856378
0.207 1.01235 -0.717106
0.208 0.855726 -0.575334
0.209 0.693527 -0.431546
0.21 0.526267 -0.286236
0.211 0.354487 -0.139908
0.212 0.178746 0.00692577
0.213 -0.000370879 0.153746
0.214 -0.182262 0.300031
0.215 -0.366309 0.445256
0.216 -0.551877 0.588893
0.217 -0.73832 0.730419
0.218 -0.924983 0.869311
0.219 -1.1112 1.00505
0.22 -1.29631 1.13713
0.221 -1.47963 1.26505
0.222 -1.66051 1.38832
0.223 -1.83826 1.50645
0.224 -2.01223 1.61898
0.225 -2.18178 1.72547
0.226 -2.34625 1.82548
0.227 -2.50501 1.91861
0.228 -2.65747 2.00445
0.229 -2.80302 2.08265
0.23 -2.9411 2.15286
0.231 -3.07115 2.21475
0.232 -3.19266 2.26805
0.233 -3.30514 2.31248
0.234 -3.40811 2.3478
0.235 -3.50116 2.37383
0.236 -3.58388 2.39038
0.237 -3.65593 2.3973
0.238 -3.71697 2.39451
0.239 -3.76674 2.38191
0.24 -3.80498 2.35946
0.241 -3.83151 2.32717
0.242 -3.84618 2.28506
0.243 -3.84886 2.2332
0.244 -3.8395 2.17167
0.245 -3.81809 2.10061
0.246 -3.78464 2.02019
0.247 -3.73924 1.93062
0.248 -3.682 1.83211
0.249 -3.6131 1.72494
0.25 -3.53274 1.60941
0.251 -3.44119 1.48585
0.252 -3.33875 1.35462
0.253 -3.22577 1.21611
0.254 -3.10263 1.07073
0.255 -2.96977 0.918922
0.256 -2.82765 0.761165
0.257 -2.6768 0.597946
0.258 -2.51775 0.429779
0.259 -2.35109 0.257197
0.26 -2.17742 0.0807519
0.261 -1.9974 -0.0989873
0.262 -1.81169 -0.281438
0.263 -1.62099 -0.466006
0.264 -1.42602 -0.652085
0.265 -1.22753 -0.839063
0.266 -1.02626 -1.02632
0.267 -0.822997 -1.21323
0.268 -0.618517 -1.39918
0.269 -0.413614 -1.58353
0.27 -0.209084 -1.76567
0.271 -0.00572583 -1.94499
0.272 0.195661 -2.12087
0.273 0.394284 -2.29271
0.274 0.589355 -2.45994
0.275 0.780099 -2.62198
0.276 0.965753 -2.77828
0.277 1.14557 -2.92829
0.278 1.31883 -3.07151
0.279 1.48483 -3.20744
0.28 1.64288 -3.33561
0.281 1.79235 -3.45557
0.282 1.93261 -3.56691
0.283 2.06308 -3.66925
0.284 2.18322 -3.76223
0.285 2.29251 -3.84552
0.286 2.3905 -3.91884
0.287 2.47675 -3.98192
0.288 2.5509 -4.03456
0.289 2.6126 -4.07657
0.29 2.66157 -4.1078
0.291 2.69759 -4.12814
0.292 2.72046 -4.13752
0.293 2.73007 -4.13592
0.294 2.72632 -4.12334
0.295 2.7092 -4.09983
0.296 2.67873 -4.06548
0.297 2.635 -4.0204
0.298 2.57813 -3.96476
0.299 2.50833 -3.89877
0.3 2.42584 -3.82265
0.301 2.33093 -3.73669
0.302 2.22398 -3.64118
0.303 2.10535 -3.53648
0.304 1.97551 -3.42295
0.305 1.83494 -3.301
0.306 1.68418 -3.17107
0.307 1.5238 -3.03363
0.308 1.35443 -2.88915
0.309 1.17672 -2.73816
0.31 0.991377 -2.5812
0.311 0.799121 -2.41882
0.312 0.600716 -2.2516
0.313 0.396948 -2.08013
0.314 0.188631 -1.90503
0.315 -0.0234006 -1.72691
0.316 -0.238294 -1.5464
0.317 -0.45518 -1.36414
0.318 -0.67318 -1.18076
0.319 -0.891405 -0.99692
0.32 -1.10896 -0.813252
0.321 -1.32496 -0.6304
0.322 -1.5385 -0.448999
0.323 -1.74871 -0.269676
0.324 -1.9547 -0.0930503
0.325 -2.15562 0.0802729
0.326 -2.35062 0.249702
0.327 -2.53888 0.414664
0.328 -2.71959 0.574603
0.329 -2.89198 0.728984
0.33 -3.05531 0.877298
0.331 -3.20887 1.01906
0.332 -3.35197 1.15381
0.333 -3.484 1.28111
0.334 -3.60436 1.40058
0.335 -3.71249 1.51184
0.336 -3.8079 1.61456
0.337 -3.89014 1.70844
0.338 -3.9588 1.79322
0.339 -4.01354 1.86866
0.34 -4.05407 1.93459
0.341 -4.08014 1.99085
0.342 -4.09159 2.03732
0.343 -4.08827 2.07395
0.344 -4.07014 2.10069
0.345 -4.03719 2.11754
0.346 -3.98947 2.12457
0.347 -3.9271 2.12185
0.348 -3.85026 2.1095
0.349 -3.75917 2.08769
0.35 -3.65412 2.05662
0.351 -3.53547 2.01652
0.352 -3.40361 1.96768
0.353 -3.25901 1.91038
0.354 -3.10218 1.84498
0.355 -2.93367 1.77185
0.356 -2.75409 1.69138
0.357 -2.5641 1.60402
0.358 -2.36441 1.5102
0.359 -2.15574 1.41043
0.36 -1.93888 1.3052
0.361 -1.71465 1.19504
0.362 -1.48389 1.0805
0.363 -1.24746 0.962125
0.364 -1.00629 0.840503
0.365 -0.761273 0.716217
0.366 -0.513364 0.589862
0.367 -0.263511 0.462041
0.368 -0.0126797 0.333359
0.369 0.238161 0.204425
0.37 0.488038 0.0758452
0.371 0.735981 -0.0517758
0.372 0.981023 -0.17784
0.373 1.22221 -0.301759
0.374 1.4586 -0.422954
0.375 1.68926 -0.540858
0.376 1.91329 -0.654924
0.377 2.12981 -0.764618
0.378 2.33797 -0.869429
0.379 2.53695 -0.968868
0.38 2.72596 -1.06247
0.381 2.90426 -1.14979
0.382 3.07114 -1.23043
0.383 3.22596 -1.304
0.384 3.36809 -1.37015
0.385 3.49697 -1.42857
0.386 3.6121 -1.47897
0.387 3.71303 -1.52111
0.388 3.79935 -1.55478
0.389 3.87074 -1.57979
0.39 3.92691 -1.59603
0.391 3.96765 -1.60338
0.392 3.99281 -1.6018
0.393 4.0023 -1.59127
0.394 3.99609 -1.5718
0.395 3.97422 -1.54346
0.396 3.93681 -1.50635
0.397 3.884 -1.4606
0.398 3.81604 -1.4064
0.399 3.73323 -1.34395
0.4 3.63591 -1.27352
0.401 3.5245 -1.19537
0.402 3.39948 -1.10984
0.403 3.26138 -1.01727
0.404 3.11079 -0.918058
0.405 2.94835 -0.812608
0.406 2.77475 -0.701366
0.407 2.59072 -0.5848
0.408 2.39705 -0.463403
0.409 2.19457 -0.337689
0.41 1.98414 -0.208192
0.411 1.76665 -0.075466
0.412 1.54304 0.0599228
0.413 1.31426 0.197394
0.414 1.08129 0.336356
0.415 0.845126 0.476212
0.416 0.606791 0.616357
0.417 0.367309 0.756185
0.418 0.127713 0.89509
0.419 -0.110959 1.03247
0.42 -0.347673 1.16772
0.421 -0.581398 1.30026
0.422 -0.811113 1.4295
0.423 -1.03581 1.55488
0.424 -1.25451 1.67584
0.425 -1.46625 1.79185
0.426 -1.67007 1.9024
0.427 -1.86508 2.007
0.428 -2.05041 2.10517
0.429 -2.22521 2.19649
0.43 -2.3887 2.28053
0.431 -2.54012 2.35693
0.432 -2.67878 2.42532
0.433 -2.80402 2.4854
0.434 -2.91526 2.53689
0.435 -3.01195 2.57954
0.436 -3.09361 2.61316
0.437 -3.15984 2.63758
0.438 -3.21026 2.65267
0.439 -3.24461 2.65834
0.44 -3.26265 2.65457
0.441 -3.26423 2.64133
0.442 -3.24926 2.61868
0.443 -3.21774 2.58669
0.444 -3.1697 2.54549
0.445 -3.10527 2.49524
0.446 -3.02465 2.43614
0.447 -2.92809 2.36843
0.448 -2.81592 2.2924
0.449 -2.68854 2.20837
0.45 -2.54639 2.11669
0.451 -2.39002 2.01776
0.452 -2.21999 1.91199
0.453 -2.03696 1.79985
0.454 -1.84162 1.68182
0.455 -1.63473 1.55842
0.456 -1.41709 1.43018
0.457 -1.18957 1.29768
0.458 -0.953045 1.16149
0.459 -0.708473 1.02223
0.46 -0.456826 0.880509
0.461 -0.199115 0.73697
0.462 0.0636195 0.592256
0.463 0.330311 0.447024
0.464 0.599872 0.301935
0.465 0.8712 0.157652
0.466 1.14318 0.0148383
0.467 1.41468 -0.125844
0.468 1.68459 -0.263739
0.469 1.95177 -0.3982
0.47 2.21511 -0.52859
0.471 2.4735 -0.65429
0.472 2.72585 -0.774692
0.473 2.97108 -0.889212
0.474 3.20815 -0.997286
0.475 3.43604 -1.09838
0.476 3.65377 -1.19197
0.477 3.86038 -1.27758
0.478 4.05498 -1.35477
0.479 4.23669 -1.4231
0.48 4.40471 -1.48221
0.481 4.55828 -1.53175
0.482 4.69669 -1.57141
0.483 4.8193 -1.60093
0.484 4.92552 -1.62009
0.485 5.01484 -1.62871
0.486 5.08681 -1.62666
0.487 5.14104 -1.61384
0.488 5.17721 -1.59022
0.489 5.19509 -1.55579
0.49 5.19452 -1.51062
0.491 5.17539 -1.45479
0.492 5.13769 -1.38844
0.493 5.08148 -1.31178
0.494 5.00689 -1.22503
0.495 4.91413 -1.12847
0.496 4.80348 -1.02243
0.497 4.67529 -0.907278
0.498 4.53 -0.783424
0.499 4.36811 -0.651317
0.5 4.19018 -0.511447
0.501 3.99685 -0.36434
0.502 3.78882 -0.210558
0.503 3.56684 -0.0506962
0.504 3.33176 0.114621
0.505 3.08443 0.284738
0.506 2.82579 0.458977
0.507 2.55682 0.636633
0.508 2.27854 0.816983
0.509 1.99202 0.999285
0.51 1.69836 1.18278
0.511 1.3987 1.36671
0.512 1.09419 1.55029
0.513 0.78603 1.73274
0.514 0.475418 1.91327
0.515 0.163575 2.0911
0.516 -0.148272 2.26546
0.517 -0.45889 2.43556
0.518 -0.76705 2.60064
0.519 -1.07153 2.75997
0.52 -1.37111 2.9128
0.521 -1.66459 3.05842
0.522 -1.9508 3.19614
0.523 -2.22859 3.32531
0.524 -2.49684 3.44528
0.525 -2.75445 3.55545
0.526 -3.0004 3.65525
0.527 -3.23366 3.74415
0.528 -3.4533 3.82165
0.529 -3.65841 3.88731
0.53 -3.84814 3.9407
0.531 -4.02171 3.98147
0.532 -4.1784 4.0093
0.533 -4.31755 4.02391
0.534 -4.43858 4.0251
0.535 -4.54096 4.01268
0.536 -4.62426 3.98655
0.537 -4.68812 3.94664
0.538 -4.73224 3.89294
0.539 -4.75641 3.82549
0.54 -4.76052 3.74439
0.541 -4.7445 3.6498
0.542 -4.7084 3.54191
0.543 -4.65234 3.42098
0.544 -4.5765 3.28733
0.545 -4.48116 3.14131
0.546 -4.36669 2.98334
0.547 -4.23351 2.81388
0.548 -4.08214 2.63343
0.549 -3.91318 2.44256
0.55 -3.72727 2.24186
0.551 -3.52516 2.03196
0.552 -3.30763 1.81355
0.553 -3.07557 1.58734
0.554 -2.82988 1.35409
0.555 -2.57156 1.11457
0.556 -2.30165 0.869593
0.557 -2.02122 0.62
0.558 -1.73142 0.366647
0.559 -1.43342 0.110412
0.56 -1.12842 -0.147811
0.561 -0.817688 -0.407116
0.562 -0.502477 -0.666586
0.563 -0.184084 -0.925302
0.564 0.136183 -1.18234
0.565 0.457003 -1.43678
0.566 0.777049 -1.6877
0.567 1.09499 -1.93419
0.568 1.40951 -2.17537
0.569 1.7193 -2.41034
0.57 2.02304 -2.63826
0.571 2.31948 -2.85828
0.572 2.60734 -3.06959
0.573 2.88543 -3.27141
0.574 3.15254 -3.46299
0.575 3.40753 -3.64361
0.576 3.64932 -3.8126
0.577 3.87684 -3.96932
0.578 4.0891 -4.11319
0.579 4.28517 -4.24365
0.58 4.46417 -4.36021
0.581 4.6253 -4.46244
0.582 4.76781 -4.54992
0.583 4.89105 -4.62232
0.584 4.99443 -4.67937
0.585 5.07742 -4.72083
0.586 5.13961 -4.74653
0.587 5.18064 -4.75637
0.588 5.20025 -4.7503
0.589 5.19826 -4.72832
0.59 5.17458 -4.69051
0.591 5.1292 -4.63699
0.592 5.0622 -4.56796
0.593 4.97375 -4.48366
0.594 4.86411 -4.3844
0.595 4.73361 -4.27055
0.596 4.58268 -4.14252
0.597 4.41183 -4.00079
0.598 4.22164 -3.84588
0.599 4.01279 -3.67839
0.6 3.78601 -3.49892
0.601 3.54213 -3.30816
0.602 3.28204 -3.10683
0.603 3.00669 -2.89568
0.604 2.7171 -2.67552
0.605 2.41435 -2.44717
0.606 2.09957 -2.2115
0.607 1.77395 -1.96941
0.608 1.43873 -1.72182
0.609 1.09517 -1.46967
0.61 0.744593 -1.21393
0.611 0.388328 -0.955574
0.612 0.0277485 -0.695586
0.613 -0.335759 -0.434967
0.614 -0.700791 -0.174715
0.615 -1.06594 0.0841696
0.616 -1.42978 0.340691
0.617 -1.7909 0.593862
0.618 -2.14789 0.842705
0.619 -2.49937 1.08626
0.62 -2.84395 1.32359
0.621 -3.18028 1.55377
0.622 -3.50704 1.77591
0.623 -3.82295 1.98914
0.624 -4.12677 2.19265
0.625 -4.41728 2.38564
0.626 -4.69333 2.56735
0.627 -4.95384 2.73707
0.628 -5.19777 2.89415
0.629 -5.42415 3.03796
0.63 -5.63206 3.16794
0.631 -5.82068 3.28358
0.632 -5.98924 3.38442
0.633 -6.13707 3.47005
0.634 -6.26357 3.54014
0.635 -6.36822 3.59441
0.636 -6.45059 3.63262
0.637 -6.51034 3.65462
0.638 -6.5472 3.66031
0.639 -6.56103 3.64966
0.64 -6.55174 3.62269
0.641 -6.51935 3.5795
0.642 -6.46398 3.52023
0.643 -6.38582 3.44511
0.644 -6.28516 3.35441
0.645 -6.16239 3.24847
0.646 -6.01796 3.12769
0.647 -5.85245 2.99252
0.648 -5.66648 2.84346
0.649 -5.46078 2.68109
0.65 -5.23615 2.50602
0.651 -4.99346 2.31892
0.652 -4.73365 2.12049
0.653 -4.45776 1.9115
0.654 -4.16685 1.69273
0.655 -3.86207 1.46503
0.656 -3.54461 1.22927
0.657 -3.21573 0.986337
0.658 -2.87673 0.737173
0.659 -2.52893 0.482727
0.66 -2.17371 0.223975
0.661 -1.81247 -0.0380944
0.662 -1.44664 -0.302476
0.663 -1.07767 -0.568158
0.664 -0.70701 -0.834122
0.665 -0.336137 -1.09935
0.666 0.0334844 -1.36282
0.667 0.400389 -1.62353
0.668 0.763122 -1.88049
0.669 1.12025 -2.13269
0.67 1.47035 -2.37919
0.671 1.81203 -2.61904
0.672 2.14394 -2.85132
0.673 2.46477 -3.07514
0.674 2.77324 -3.28966
0.675 3.06812 -3.49404
0.676 3.34825 -3.68753
0.677 3.61251 -3.86937
0.678 3.85986 -4.03888
0.679 4.08932 -4.19541
0.68 4.29998 -4.33839
0.681 4.49101 -4.46726
0.682 4.66165 -4.58155
0.683 4.81123 -4.68082
0.684 4.93916 -4.76472
0.685 5.04495 -4.83293
0.686 5.12818 -4.8852
0.687 5.18854 -4.92136
0.688 5.22579 -4.94128
0.689 5.23981 -4.9449
0.69 5.23054 -4.93222
0.691 5.19805 -4.90332
0.692 5.14248 -4.85833
0.693 5.06408 -4.79743
0.694 4.96318 -4.72089
0.695 4.8402 -4.62901
0.696 4.69566 -4.52218
0.697 4.53017 -4.40082
0.698 4.3444 -4.26543
0.699 4.13914 -4.11654
0.7 3.91523 -3.95474
0.701 3.67359 -3.78069
0.702 3.41524 -3.59507
0.703 3.14123 -3.3986
0.704 2.8527 -3.19208
0.705 2.55084 -2.9763
0.706 2.2369 -2.75212
0.707 1.91217 -2.52041
0.708 1.57799 -2.28208
0.709 1.23574 -2.03805
0.71 0.886852 -1.78927
0.711 0.532751 -1.53671
0.712 0.174907 -1.28134
0.713 -0.185198 -1.02415
0.714 -0.546073 -0.766137
0.715 -0.906222 -0.508282
0.716 -1.26415 -0.251574
0.717 -1.61837 0.00300604
0.718 -1.96741 0.25449
0.719 -2.30982 0.501926
0.72 -2.64417 0.744378
0.721 -2.96907 0.980936
0.722 -3.28315 1.21071
0.723 -3.5851 1.43286
0.724 -3.87365 1.64655
0.725 -4.14759 1.851
0.726 -4.40576 2.04546
0.727 -4.64706 2.22924
0.728 -4.87049 2.40167
0.729 -5.07506 2.56214
0.73 -5.25992 2.71011
0.731 -5.42426 2.84505
0.732 -5.56736 2.96653
0.733 -5.6886 3.07414
0.734 -5.78742 3.16756
0.735 -5.86338 3.24649
0.736 -5.91612 3.31074
0.737 -5.94537 3.36013
0.738 -5.95096 3.39458
0.739 -5.93281 3.41405
0.74 -5.89094 3.41857
0.741 -5.82547 3.40823
0.742 -5.73662 3.38319
0.743 -5.62469 3.34366
0.744 -5.49009 3.28991
0.745 -5.3333 3.22227
0.746 -5.15491 3.14114
0.747 -4.95559 3.04694
0.748 -4.73611 2.94019
0.749 -4.4973 2.82143
0.75 -4.24008 2.69125
0.751 -3.96544 2.55029
0.752 -3.67446 2.39926
0.753 -3.36827 2.23887
0.754 -3.04805 2.06988
0.755 -2.71508 1.89311
0.756 -2.37064 1.70938
0.757 -2.0161 1.51954
0.758 -1.65286 1.32449
0.759 -1.28234 1.12513
0.76 -0.906011 0.922371
0.761 -0.525359 0.717151
0.762 -0.141891 0.510413
0.763 0.242873 0.303101
0.764 0.627407 0.0961653
0.765 1.01019 -0.109451
0.766 1.38969 -0.31281
0.767 1.7644 -0.512984
0.768 2.13285 -0.709062
0.769 2.49355 -0.90015
0.77 2.84508 -1.08538
0.771 3.18604 -1.2639
0.772 3.51506 -1.43489
0.773 3.83084 -1.59758
0.774 4.13213 -1.75122
0.775 4.41772 -1.89509
0.776 4.68647 -2.02854
0.777 4.93732 -2.15094
0.778 5.16927 -2.26172
0.779 5.38141 -2.36035
0.78 5.57288 -2.44637
0.781 5.74293 -2.51936
0.782 5.89089 -2.57896
0.783 6.01618 -2.62487
0.784 6.11831 -2.65683
0.785 6.19687 -2.67468
0.786 6.25158 -2.67828
0.787 6.28222 -2.66757
0.788 6.28869 -2.64255
0.789 6.27097 -2.60328
0.79 6.22917 -2.54988
0.791 6.16346 -2.48255
0.792 6.07413 -2.40151
0.793 5.96156 -2.30707
0.794 5.82623 -2.19959
0.795 5.66871 -2.07949
0.796 5.48965 -1.94725
0.797 5.2898 -1.80338
0.798 5.06999 -1.64845
0.799 4.83115 -1.4831
0.8 4.57425 -1.308
0.801 4.30037 -1.12385
0.802 4.01064 -0.931406
0.803 3.70627 -0.731461
0.804 3.38851 -0.524837
0.805 3.05868 -0.312388
0.806 2.71815 -0.0949951
0.807 2.36833 0.126439
0.808 2.01067 0.350991
0.809 1.64665 0.577722
0.81 1.27779 0.805682
0.811 0.905606 1.03391
0.812 0.531651 1.26145
0.813 0.157478 1.48734
0.814 -0.215359 1.71061
0.815 -0.58531 1.93033
0.816 -0.950834 2.14555
0.817 -1.31041 2.35536
0.818 -1.66253 2.55885
0.819 -2.00574 2.75515
0.82 -2.3386 2.94341
0.821 -2.6597 3.12281
0.822 -2.96772 3.29258
0.823 -3.26134 3.45195
0.824 -3.53935 3.60025
0.825 -3.80056 3.73679
0.826 -4.04387 3.86098
0.827 -4.26825 3.97224
0.828 -4.47274 4.07008
0.829 -4.65647 4.15402
0.83 -4.81865 4.22369
0.831 -4.95857 4.27872
0.832 -5.07563 4.31885
0.833 -5.1693 4.34385
0.834 -5.23916 4.35356
0.835 -5.28488 4.3479
0.836 -5.30624 4.32681
0.837 -5.30311 4.29035
0.838 -5.27547 4.23861
0.839 -5.22337 4.17173
0.84 -5.14701 4.08996
0.841 -5.04665 3.99356
0.842 -4.92267 3.88289
0.843 -4.77553 3.75835
0.844 -4.6058 3.62041
0.845 -4.41415 3.46959
0.846 -4.20131 3.30646
0.847 -3.96814 3.13165
0.848 -3.71554 2.94584
0.849 -3.44454 2.74975
0.85 -3.1562 2.54415
0.851 -2.85167 2.32985
0.852 -2.53219 2.10771
0.853 -2.19904 1.8786
0.854 -1.85356 1.64345
0.855 -1.49714 1.40318
0.856 -1.13123 1.15878
0.857 -0.757317 0.911215
0.858 -0.376913 0.661499
0.859 0.00843064 0.410642
0.86 0.397141 0.159664
0.861 0.787631 -0.0904094
0.862 1.1783 -0.338555
0.863 1.56755 -0.583754
0.864 1.95378 -0.824997
0.865 2.3354 -1.06129
0.866 2.71083 -1.29165
0.867 3.07852 -1.51512
0.868 3.43696 -1.73077
0.869 3.78464 -1.9377
0.87 4.12013 -2.13503
0.871 4.44202 -2.32194
0.872 4.74895 -2.49764
0.873 5.03965 -2.66136
0.874 5.31288 -2.81241
0.875 5.56749 -2.95015
0.876 5.80238 -3.07395
0.877 6.01655 -3.1833
0.878 6.20908 -3.27768
0.879 6.37911 -3.35668
0.88 6.5259 -3.41993
0.881 6.64879 -3.46713
0.882 6.74722 -3.49804
0.883 6.82071 -3.51248
0.884 6.86891 -3.51035
0.885 6.89153 -3.49161
0.886 6.88843 -3.45628
0.887 6.85954 -3.40448
0.888 6.8049 -3.33635
0.889 6.72466 -3.25212
0.89 6.61906 -3.15211
0.891 6.48847 -3.03666
0.892 6.33333 -2.90621
0.893 6.15419 -2.76124
0.894 5.95171 -2.6023
0.895 5.72662 -2.43
0.896 5.47977 -2.24501
0.897 5.21206 -2.04804
0.898 4.92452 -1.83986
0.899 4.61824 -1.6213
0.9 4.29437 -1.3932
0.901 3.95416 -1.15647
0.902 3.59891 -0.912068
0.903 3.22998 -0.660955
0.904 2.84881 -0.404142
0.905 2.45687 -0.142663
0.906 2.05567 0.122426
0.907 1.64677 0.390051
0.908 1.23177 0.659122
0.909 0.812273 0.928541
0.91 0.389928 1.1972
0.911 -0.0336187 1.46401
0.912 -0.456711 1.72785
0.913 -0.877691 1.98763
0.914 -1.29491 2.24227
0.915 -1.70673 2.49071
0.916 -2.11153 2.7319
0.917 -2.50773 2.96482
0.918 -2.89376 3.18848
0.919 -3.26811 3.40193
0.92 -3.62931 3.60423
0.921 -3.97592 3.79452
0.922 -4.30659 3.97196
0.923 -4.62002 4.13576
0.924 -4.91496 4.28518
0.925 -5.19026 4.41954
0.926 -5.44483 4.53822
0.927 -5.67766 4.64065
0.928 -5.88786 4.72633
0.929 -6.07457 4.79481
0.93 -6.23708 4.84573
0.931 -6.37475 4.87878
0.932 -6.48703 4.89371
0.933 -6.57349 4.89037
0.934 -6.6338 4.86866
0.935 -6.66772 4.82855
0.936 -6.67514 4.77009
0.937 -6.65603 4.6934
0.938 -6.61048 4.59867
0.939 -6.53869 4.48616
0.94 -6.44095 4.3562
0.941 -6.31767 4.2092
0.942 -6.16936 4.04561
0.943 -5.99661 3.86598
0.944 -5.80014 3.67089
0.945 -5.58074 3.46102
0.946 -5.33931 3.23706
0.947 -5.07683 2.99981
0.948 -4.79437 2.75007
0.949 -4.49307 2.48874
0.95 -4.17415 2.21674
0.951 -3.83891 1.93503
0.952 -3.48872 1.64462
0.953 -3.12498 1.34655
0.954 -2.74919 1.04191
0.955 -2.36286 0.731779
0.956 -1.96756 0.417299
0.957 -1.56491 0.0996114
0.958 -1.15654 -0.220125
0.959 -0.744098 -0.540741
0.96 -0.329276 -0.86106
0.961 0.0862415 -1.17991
0.962 0.500762 -1.49611
0.963 0.912598 -1.8085
0.964 1.32007 -2.11594
0.965 1.72151 -2.41728
0.966 2.11528 -2.71141
0.967 2.49978 -2.99725
0.968 2.87343 -3.27373
0.969 3.23469 -3.53985
0.97 3.58209 -3.79461
0.971 3.91419 -4.03708
0.972 4.22964 -4.26635
0.973 4.52712 -4.48159
0.974 4.80542 -4.682
0.975 5.06337 -4.86685
0.976 5.2999 -5.03546
0.977 5.51403 -5.1872
0.978 5.70486 -5.32154
0.979 5.87158 -5.43798
0.98 6.01348 -5.53612
0.981 6.12996 -5.61559
0.982 6.2205 -5.67613
0.983 6.28471 -5.71752
0.984 6.32228 -5.73965
0.985 6.33302 -5.74245
0.986 6.31684 -5.72594
0.987 6.27377 -5.69021
0.988 6.20394 -5.63543
0.989 6.10759 -5.56183
0.99 5.98506 -5.46972
0.991 5.8368 -5.35948
0.992 5.66336 -5.23157
0.993 5.4654 -5.0865
0.994 5.24367 -4.92485
0.995 4.99903 -4.74727
0.996 4.7324 -4.55446
0.997 4.44483 -4.3472
0.998 4.13742 -4.1263
0.999 3.81137 -3.89264
1 3.46795 -3.64713
