0.001 3.38124e-008 2.49855e-009
0.002 3.08239e-007 2.00685e-008
0.003 1.45471e-006 8.32946e-008
0.004 4.82321e-006 2.445e-007
0.005 1.27731e-005 5.80199e-007
0.006 2.89543e-005 1.19522e-006
0.007 5.85755e-005 2.22893e-006
0.008 0.000108658 3.86403e-006
0.009 0.00018827 6.33817e-006
0.01 0.000308746 9.95896e-006
0.011 0.000483881 1.51225e-005
0.012 0.000730097 2.23356e-005
0.013 0.00106659 3.22425e-005
0.014 0.00151547 4.56554e-005
0.015 0.00210179 6.35897e-005
0.016 0.00285369 8.73035e-005
0.017 0.00380235 0.000118341
0.018 0.00498203 0.000158583
0.019 0.00643004 0.000210297
0.02 0.00818661 0.000276195
0.021 0.0102949 0.000359495
0.022 0.0128007 0.000463987
0.023 0.0157524 0.000594096
0.024 0.0192009 0.000754957
0.025 0.0231989 0.000952488
0.026 0.0278013 0.00119346
0.027 0.0330644 0.00148559
0.028 0.0390458 0.00183758
0.029 0.0458039 0.00225925
0.03 0.0533979 0.00276157
0.031 0.0618868 0.00335675
0.032 0.0713296 0.00405831
0.033 0.0817844 0.00488116
0.034 0.0933085 0.00584168
0.035 0.105957 0.00695772
0.036 0.119784 0.00824874
0.037 0.134839 0.00973581
0.038 0.151171 0.0114417
0.039 0.168823 0.0133907
0.04 0.187837 0.0156091
0.041 0.208247 0.0181248
0.042 0.230085 0.0209674
0.043 0.253376 0.0241684
0.044 0.27814 0.0277608
0.045 0.304389 0.0317796
0.046 0.332131 0.0362611
0.047 0.361365 0.0412436
0.048 0.392084 0.0467667
0.049 0.424271 0.0528715
0.05 0.457904 0.0596004
0.051 0.49295 0.0669971
0.052 0.52937 0.0751066
0.053 0.567114 0.0839745
0.054 0.606126 0.0936475
0.055 0.646338 0.104173
0.056 0.687676 0.115598
0.057 0.730055 0.127971
0.058 0.773382 0.14134
0.059 0.817557 0.155753
0.06 0.862468 0.171256
0.061 0.907998 0.187897
0.062 0.95402 0.205721
0.063 1.0004 0.224772
0.064 1.04699 0.245093
0.065 1.09366 0.266725
0.066 1.14023 0.289706
0.067 1.18656 0.314073
0.068 1.23248 0.33986
0.069 1.27781 0.367095
0.07 1.32238 0.395807
0.071 1.366 0.426019
0.072 1.40851 0.457748
0.073 1.44972 0.49101
0.074 1.48944 0.525815
0.075 1.52748 0.562167
0.076 1.56367 0.600065
0.077 1.59782 0.639504
0.078 1.62974 0.680471
0.079 1.65927 0.722948
0.08 1.68623 0.766911
0.081 1.71045 0.812326
0.082 1.73177 0.859157
0.083 1.75003 0.907359
0.084 1.76508 0.956877
0.085 1.77679 1.00765
0.086 1.78503 1.05962
0.087 1.78967 1.1127
0.088 1.79061 1.16682
0.089 1.78776 1.22187
0.09 1.78102 1.27778
0.091 1.77033 1.33442
0.092 1.75563 1.39168
0.093 1.73688 1.44946
0.094 1.71406 1.50761
0.095 1.68715 1.566
0.096 1.65615 1.6245
0.097 1.6211 1.68295
0.098 1.58203 1.74121
0.099 1.53899 1.7991
0.1 1.49206 1.85646
0.101 1.44133 1.91313
0.102 1.3869 1.96892
0.103 1.3289 2.02366
0.104 1.26748 2.07716
0.105 1.20279 2.12923
0.106 1.135 2.17969
0.107 1.06431 2.22835
0.108 0.990927 2.275
0.109 0.91507 2.31946
0.11 0.836977 2.36153
0.111 0.756897 2.40101
0.112 0.675095 2.43773
0.113 0.591846 2.47147
0.114 0.507437 2.50207
0.115 0.422164 2.52933
0.116 0.336334 2.55308
0.117 0.25026 2.57314
0.118 0.164264 2.58935
0.119 0.0786727 2.60153
0.12 -0.00618404 2.60955
0.121 -0.0899721 2.61325
0.122 -0.172356 2.61251
0.123 -0.253 2.60718
0.124 -0.33157 2.59716
0.125 -0.407734 2.58234
0.126 -0.481164 2.56264
0.127 -0.551538 2.53796
0.128 -0.61854 2.50826
0.129 -0.681865 2.47346
0.13 -0.741214 2.43354
0.131 -0.796303 2.38848
0.132 -0.846859 2.33825
0.133 -0.892623 2.28289
0.134 -0.933352 2.2224
0.135 -0.968819 2.15683
0.136 -0.998816 2.08625
0.137 -1.02315 2.01072
0.138 -1.04166 1.93033
0.139 -1.05419 1.84521
0.14 -1.06062 1.75546
0.141 -1.06085 1.66125
0.142 -1.05479 1.56273
0.143 -1.0424 1.46009
0.144 -1.02364 1.3535
0.145 -0.998518 1.2432
0.146 -0.96705 1.12941
0.147 -0.92929 1.01237
0.148 -0.885314 0.892334
0.149 -0.835227 0.769588
0.15 -0.77916 0.644414
0.151 -0.71727 0.517113
0.152 -0.649743 0.388
0.153 -0.576787 0.257399
0.154 -0.49864 0.125646
0.155 -0.415563 -0.00691372
0.156 -0.32784 -0.139926
0.157 -0.235782 -0.273029
0.158 -0.139721 -0.405854
0.159 -0.0400078 -0.538027
0.16 0.0629819 -0.669171
0.161 0.168856 -0.798904
0.162 0.277203 -0.926844
0.163 0.387596 -1.05261
0.164 0.499594 -1.17581
0.165 0.612741 -1.29608
0.166 0.72657 -1.41303
0.167 0.840605 -1.5263
0.168 0.954361 -1.63551
0.169 1.06735 -1.74032
0.17 1.17907 -1.84038
0.171 1.28903 -1.93534
0.172 1.39673 -2.02488
0.173 1.50168 -2.10869
0.174 1.60338 -2.18648
0.175 1.70135 -2.25795
0.176 1.79511 -2.32285
0.177 1.8842 -2.38093
0.178 1.96815 -2.43195
0.179 2.04653 -2.47572
0.18 2.11892 -2.51204
0.181 2.18489 -2.54075
0.182 2.24408 -2.56172
0.183 2.29611 -2.57482
0.184 2.34064 -2.57996
0.185 2.37735 -2.57708
0.186 2.40596 -2.56614
0.187 2.4262 -2.54712
0.188 2.43785 -2.52003
0.189 2.44069 -2.48492
0.19 2.43456 -2.44185
0.191 2.41933 -2.39092
0.192 2.3949 -2.33225
0.193 2.3612 -2.26599
0.194 2.31819 -2.19231
0.195 2.26589 -2.11143
0.196 2.20433 -2.02357
0.197 2.1336 -1.92899
0.198 2.05381 -1.82797
0.199 1.96512 -1.72082
0.2 1.86771 -1.60787
0.201 1.76182 -1.48947
0.202 1.6477 -1.366
0.203 1.52565 -1.23786
0.204 1.396 -1.10546
0.205 1.25912 -0.969234
0.206 1.11541 -0.829643
0.207 0.965293 -0.687153
0.208 0.809229 -0.542244
0.209 0.647703 -0.395414
0.21 0.481231 -0.247167
0.211 0.31035 -0.0980207
0.212 0.13562 0.051502
0.213 -0.0423769 0.200871
0.214 -0.22304 0.349554
0.215 -0.405752 0.497014
0.216 -0.589882 0.642716
0.217 -0.774787 0.786124
0.218 -0.959814 0.926708
0.219 -1.1443 1.06394
0.22 -1.32759 1.19731
0.221 -1.50901 1.3263
0.222 -1.6879 1.45041
0.223 -1.86359 1.56917
0.224 -2.03544 1.68209
0.225 -2.20278 1.78874
0.226 -2.365 1.88866
0.227 -2.52146 1.98145
0.228 -2.67157 2.06672
0.229 -2.81473 2.14409
0.23 -2.95038 2.21323
0.231 -3.07799 2.2738
0.232 -3.19704 2.32553
0.233 -3.30704 2.36815
0.234 -3.40754 2.40143
0.235 -3.49812 2.42517
0.236 -3.57839 2.43919
0.237 -3.64801 2.44338
0.238 -3.70665 2.43761
0.239 -3.75405 2.42183
0.24 -3.78999 2.39601
0.241 -3.81425 2.36014
0.242 -3.82672 2.31427
0.243 -3.82727 2.25846
0.244 -3.81586 2.19283
0.245 -3.79248 2.11752
0.246 -3.75716 2.03271
0.247 -3.70999 1.93862
0.248 -3.65109 1.83548
0.249 -3.58063 1.72359
0.25 -3.49884 1.60326
0.251 -3.40598 1.47482
0.252 -3.30236 1.33867
0.253 -3.18833 1.19519
0.254 -3.06429 1.04484
0.255 -2.93067 0.888058
0.256 -2.78795 0.72534
0.257 -2.63664 0.557192
0.258 -2.47728 0.384146
0.259 -2.31047 0.206751
0.26 -2.13682 0.0255784
0.261 -1.95697 -0.158788
0.262 -1.77159 -0.345749
0.263 -1.58138 -0.534693
0.264 -1.38707 -0.724999
0.265 -1.18938 -0.916036
0.266 -0.989085 -1.10717
0.267 -0.786943 -1.29777
0.268 -0.583738 -1.48719
0.269 -0.380258 -1.67479
0.27 -0.177296 -1.85994
0.271 0.0243536 -2.04202
0.272 0.223897 -2.2204
0.273 0.420547 -2.39448
0.274 0.613522 -2.56365
0.275 0.802054 -2.72735
0.276 0.985386 -2.885
0.277 1.16278 -3.03607
0.278 1.33352 -3.18003
0.279 1.49692 -3.31638
0.28 1.65229 -3.44464
0.281 1.79902 -3.56438
0.282 1.93647 -3.67517
0.283 2.0641 -3.77663
0.284 2.18135 -3.8684
0.285 2.28773 -3.95016
0.286 2.38279 -4.02162
0.287 2.46611 -4.08254
0.288 2.53732 -4.13268
0.289 2.59611 -4.17189
0.29 2.6422 -4.20001
0.291 2.67537 -4.21695
0.292 2.69545 -4.22266
0.293 2.70232 -4.2171
0.294 2.69591 -4.20029
0.295 2.67621 -4.17231
0.296 2.64325 -4.13324
0.297 2.59714 -4.08322
0.298 2.538 -4.02243
0.299 2.46606 -3.95108
0.3 2.38154 -3.86943
0.301 2.28476 -3.77777
0.302 2.17608 -3.67643
0.303 2.05589 -3.56575
0.304 1.92464 -3.44614
0.305 1.78284 -3.31802
0.306 1.63102 -3.18185
0.307 1.46977 -3.0381
0.308 1.29971 -2.8873
0.309 1.12151 -2.72996
0.31 0.935869 -2.56666
0.311 0.743517 -2.39797
0.312 0.545215 -2.22448
0.313 0.341755 -2.04682
0.314 0.133949 -1.8656
0.315 -0.0773676 -1.68146
0.316 -0.291343 -1.49506
0.317 -0.507109 -1.30705
0.318 -0.72379 -1.11809
0.319 -0.940499 -0.928834
0.32 -1.15635 -0.739948
0.321 -1.37045 -0.552086
0.322 -1.58191 -0.365901
0.323 -1.78986 -0.182033
0.324 -1.99343 -0.00111624
0.325 -2.19176 0.176232
0.326 -2.38402 0.349409
0.327 -2.56938 0.517828
0.328 -2.74706 0.680925
0.329 -2.9163 0.838157
0.33 -3.07635 0.989006
0.331 -3.22653 1.13298
0.332 -3.36616 1.26961
0.333 -3.49464 1.39847
0.334 -3.61136 1.51916
0.335 -3.71581 1.63129
0.336 -3.80749 1.73455
0.337 -3.88596 1.82863
0.338 -3.95084 1.91328
0.339 -4.00179 1.98825
0.34 -4.03853 2.05338
0.341 -4.06083 2.10852
0.342 -4.06854 2.15355
0.343 -4.06155 2.18842
0.344 -4.03979 2.2131
0.345 -4.00329 2.22761
0.346 -3.95211 2.232
0.347 -3.88637 2.22636
0.348 -3.80627 2.21085
0.349 -3.71204 2.18563
0.35 -3.604 2.15091
0.351 -3.48249 2.10695
0.352 -3.34794 2.05403
0.353 -3.2008 1.99248
0.354 -3.04161 1.92265
0.355 -2.87092 1.84494
0.356 -2.68936 1.75976
0.357 -2.49759 1.66756
0.358 -2.29631 1.56881
0.359 -2.08627 1.46403
0.36 -1.86825 1.35372
0.361 -1.64308 1.23844
0.362 -1.4116 1.11875
0.363 -1.17468 0.995233
0.364 -0.933235 0.868474
0.365 -0.68818 0.73908
0.366 -0.440455 0.607667
0.367 -0.19101 0.474855
0.368 0.0591909 0.341265
0.369 0.309182 0.207525
0.37 0.557995 0.0742564
0.371 0.804664 -0.0579204
0.372 1.04823 -0.188393
0.373 1.28774 -0.316556
0.374 1.52226 -0.44182
0.375 1.75087 -0.563604
0.376 1.97268 -0.681348
0.377 2.18681 -0.794508
0.378 2.39244 -0.902563
0.379 2.58873 -1.00501
0.38 2.77494 -1.10139
0.381 2.95031 -1.19124
0.382 3.11416 -1.27415
0.383 3.26585 -1.34974
0.384 3.40477 -1.41764
0.385 3.53039 -1.47755
0.386 3.6422 -1.52918
0.387 3.73977 -1.57227
0.388 3.82272 -1.60662
0.389 3.89073 -1.63207
0.39 3.94353 -1.64846
0.391 3.98092 -1.65572
0.392 4.00277 -1.65379
0.393 4.009 -1.64266
0.394 3.9996 -1.62235
0.395 3.97462 -1.59293
0.396 3.93419 -1.55452
0.397 3.87848 -1.50726
0.398 3.80774 -1.45133
0.399 3.72228 -1.38696
0.4 3.62246 -1.31442
0.401 3.50871 -1.234
0.402 3.38152 -1.14603
0.403 3.24143 -1.05088
0.404 3.08903 -0.948955
0.405 2.92498 -0.840673
0.406 2.74997 -0.726496
0.407 2.56476 -0.606905
0.408 2.37012 -0.482409
0.409 2.16688 -0.353537
0.41 1.95592 -0.220839
0.411 1.73814 -0.084883
0.412 1.51446 0.0537495
0.413 1.28584 0.194463
0.414 1.05327 0.336652
0.415 0.817737 0.479703
0.416 0.580258 0.623
0.417 0.341858 0.765921
0.418 0.103564 0.907848
0.419 -0.13359 1.04816
0.42 -0.368577 1.18626
0.421 -0.600372 1.32153
0.422 -0.827966 1.45338
0.423 -1.05036 1.58124
0.424 -1.26658 1.70455
0.425 -1.47567 1.82277
0.426 -1.6767 1.93536
0.427 -1.86878 2.04184
0.428 -2.05105 2.14173
0.429 -2.22268 2.23459
0.43 -2.3829 2.32
0.431 -2.53098 2.39757
0.432 -2.66622 2.46697
0.433 -2.788 2.52787
0.434 -2.89574 2.57999
0.435 -2.98892 2.62309
0.436 -3.06708 2.65698
0.437 -3.12981 2.68148
0.438 -3.17678 2.69648
0.439 -3.20772 2.7019
0.44 -3.22243 2.69769
0.441 -3.22076 2.68387
0.442 -3.20265 2.66047
0.443 -3.1681 2.62759
0.444 -3.11718 2.58536
0.445 -3.05002 2.53395
0.446 -2.96683 2.47357
0.447 -2.86789 2.40447
0.448 -2.75353 2.32695
0.449 -2.62417 2.24134
0.45 -2.48027 2.148
0.451 -2.32238 2.04734
0.452 -2.15107 1.9398
0.453 -1.96702 1.82584
0.454 -1.77092 1.70597
0.455 -1.56355 1.5807
0.456 -1.3457 1.4506
0.457 -1.11825 1.31624
0.458 -0.88209 1.17822
0.459 -0.638171 1.03716
0.46 -0.387469 0.893688
0.461 -0.130998 0.748452
0.462 0.130204 0.602111
0.463 0.395072 0.455332
0.464 0.662522 0.308784
0.465 0.931455 0.163143
0.466 1.20076 0.0190804
0.467 1.46932 -0.122733
0.468 1.73602 -0.261634
0.469 1.99974 -0.396969
0.47 2.25938 -0.528095
0.471 2.51383 -0.654385
0.472 2.76203 -0.775229
0.473 3.0029 -0.890039
0.474 3.23543 -0.998248
0.475 3.4586 -1.09931
0.476 3.67144 -1.19273
0.477 3.87304 -1.278
0.478 4.06249 -1.35469
0.479 4.23896 -1.42238
0.48 4.40166 -1.48069
0.481 4.54984 -1.52929
0.482 4.68282 -1.56786
0.483 4.79998 -1.59616
0.484 4.90076 -1.61396
0.485 4.98466 -1.62111
0.486 5.05124 -1.61747
0.487 5.10016 -1.60296
0.488 5.13111 -1.57756
0.489 5.14388 -1.54127
0.49 5.13832 -1.49416
0.491 5.11436 -1.43634
0.492 5.07201 -1.36797
0.493 5.01133 -1.28924
0.494 4.93249 -1.20041
0.495 4.83571 -1.10178
0.496 4.7213 -0.993671
0.497 4.58961 -0.876483
0.498 4.44111 -0.750636
0.499 4.2763 -0.616596
0.5 4.09577 -0.474868
0.501 3.90016 -0.325994
0.502 3.69019 -0.170552
0.503 3.46663 -0.00915051
0.504 3.23031 0.157569
0.505 2.98212 0.328938
0.506 2.72299 0.504263
0.507 2.45391 0.682826
0.508 2.17591 0.863891
0.509 1.89004 1.0467
0.51 1.59742 1.23049
0.511 1.29918 1.41448
0.512 0.996475 1.59789
0.513 0.690492 1.77991
0.514 0.382428 1.95977
0.515 0.0734945 2.13666
0.516 -0.235089 2.3098
0.517 -0.542101 2.47841
0.518 -0.846323 2.64173
0.519 -1.14654 2.79901
0.52 -1.44157 2.94951
0.521 -1.73021 3.09251
0.522 -2.01131 3.22733
0.523 -2.28373 3.35332
0.524 -2.54639 3.46982
0.525 -2.79821 3.57626
0.526 -3.03816 3.67206
0.527 -3.26528 3.7567
0.528 -3.47863 3.82969
0.529 -3.67734 3.89059
0.53 -3.86058 3.939
0.531 -4.0276 3.97458
0.532 -4.1777 3.997
0.533 -4.31026 4.00602
0.534 -4.42471 4.00144
0.535 -4.52056 3.98311
0.536 -4.59741 3.95092
0.537 -4.65491 3.90483
0.538 -4.69281 3.84485
0.539 -4.71091 3.77105
0.54 -4.70913 3.68354
0.541 -4.68744 3.58249
0.542 -4.6459 3.46814
0.543 -4.58465 3.34077
0.544 -4.50391 3.2007
0.545 -4.40398 3.04833
0.546 -4.28525 2.88408
0.547 -4.14816 2.70846
0.548 -3.99325 2.52197
0.549 -3.82113 2.32522
0.55 -3.63247 2.11881
0.551 -3.42803 1.90341
0.552 -3.20861 1.67973
0.553 -2.97509 1.44849
0.554 -2.72842 1.21048
0.555 -2.46958 0.9665
0.556 -2.19961 0.717376
0.557 -1.91961 0.463966
0.558 -1.63073 0.207149
0.559 -1.33412 -0.052179
0.56 -1.03101 -0.313108
0.561 -0.72264 -0.574716
0.562 -0.410271 -0.836072
0.563 -0.0951898 -1.09624
0.564 0.221301 -1.35429
0.565 0.537891 -1.60929
0.566 0.853265 -1.86031
0.567 1.16611 -2.10643
0.568 1.47512 -2.34676
0.569 1.77899 -2.58042
0.57 2.07646 -2.80654
0.571 2.36625 -3.02427
0.572 2.64715 -3.23282
0.573 2.91795 -3.43141
0.574 3.1775 -3.61928
0.575 3.42467 -3.79573
0.576 3.6584 -3.9601
0.577 3.87767 -4.11175
0.578 4.08151 -4.25012
0.579 4.26901 -4.37466
0.58 4.43934 -4.4849
0.581 4.59171 -4.58041
0.582 4.72543 -4.66081
0.583 4.83987 -4.72579
0.584 4.93446 -4.77508
0.585 5.00873 -4.80849
0.586 5.06228 -4.82586
0.587 5.0948 -4.82711
0.588 5.10605 -4.81222
0.589 5.0959 -4.78122
0.59 5.06428 -4.73423
0.591 5.01121 -4.67138
0.592 4.93681 -4.59291
0.593 4.84128 -4.4991
0.594 4.72489 -4.39027
0.595 4.58803 -4.26684
0.596 4.43113 -4.12925
0.597 4.25474 -3.978
0.598 4.05947 -3.81367
0.599 3.846 -3.63685
0.6 3.61511 -3.44822
0.601 3.36762 -3.24846
0.602 3.10445 -3.03835
0.603 2.82657 -2.81866
0.604 2.53501 -2.59022
0.605 2.23085 -2.3539
0.606 1.91525 -2.11059
0.607 1.5894 -1.86123
0.608 1.25453 -1.60674
0.609 0.911924 -1.34811
0.61 0.562884 -1.08631
0.611 0.208753 -0.822361
0.612 -0.149105 -0.557258
0.613 -0.509311 -0.29202
0.614 -0.870469 -0.0276655
0.615 -1.23118 0.234789
0.616 -1.59003 0.494335
0.617 -1.94564 0.749971
0.618 -2.2966 1.00071
0.619 -2.64155 1.24558
0.62 -2.97913 1.48364
0.621 -3.30801 1.71397
0.622 -3.62689 1.93566
0.623 -3.93453 2.14786
0.624 -4.22969 2.34974
0.625 -4.51121 2.54051
0.626 -4.77797 2.71943
0.627 -5.02891 2.88579
0.628 -5.26303 3.03894
0.629 -5.47938 3.17828
0.63 -5.6771 3.30326
0.631 -5.85539 3.41337
0.632 -6.01354 3.50818
0.633 -6.15089 3.58732
0.634 -6.26689 3.65045
0.635 -6.36106 3.69732
0.636 -6.433 3.72773
0.637 -6.48242 3.74155
0.638 -6.50909 3.73871
0.639 -6.51288 3.71921
0.64 -6.49377 3.68309
0.641 -6.45181 3.63049
0.642 -6.38714 3.56159
0.643 -6.3 3.47664
0.644 -6.19071 3.37596
0.645 -6.05968 3.25991
0.646 -5.90742 3.12893
0.647 -5.7345 2.98351
0.648 -5.54159 2.8242
0.649 -5.32945 2.65159
0.65 -5.09889 2.46635
0.651 -4.85081 2.26916
0.652 -4.58618 2.06079
0.653 -4.30604 1.84202
0.654 -4.01147 1.61367
0.655 -3.70363 1.37664
0.656 -3.38374 1.13181
0.657 -3.05306 0.880118
0.658 -2.71287 0.622531
0.659 -2.36452 0.36003
0.66 -2.00939 0.0936183
0.661 -1.64888 -0.175685
0.662 -1.2844 -0.44685
0.663 -0.91741 -0.718839
0.664 -0.549347 -0.990611
0.665 -0.18167 -1.26113
0.666 0.184165 -1.52935
0.667 0.546709 -1.79425
0.668 0.904528 -2.05482
0.669 1.2562 -2.31006
0.67 1.60034 -2.55899
0.671 1.93558 -2.80067
0.672 2.26058 -3.03416
0.673 2.57407 -3.25857
0.674 2.8748 -3.47306
0.675 3.16157 -3.6768
0.676 3.43326 -3.86901
0.677 3.68878 -4.04896
0.678 3.92712 -4.21598
0.679 4.14735 -4.36942
0.68 4.34859 -4.5087
0.681 4.53005 -4.63331
0.682 4.69101 -4.74276
0.683 4.83085 -4.83666
0.684 4.94901 -4.91466
0.685 5.04504 -4.97645
0.686 5.11857 -5.02183
0.687 5.16931 -5.05063
0.688 5.19708 -5.06276
0.689 5.20179 -5.05817
0.69 5.18344 -5.03692
0.691 5.14211 -4.99908
0.692 5.07799 -4.94484
0.693 4.99137 -4.8744
0.694 4.8826 -4.78806
0.695 4.75215 -4.68617
0.696 4.60056 -4.56913
0.697 4.42848 -4.43741
0.698 4.23661 -4.29155
0.699 4.02575 -4.1321
0.7 3.79677 -3.9597
0.701 3.55064 -3.77504
0.702 3.28835 -3.57883
0.703 3.01101 -3.37184
0.704 2.71976 -3.15489
0.705 2.4158 -2.92881
0.706 2.10038 -2.69449
0.707 1.77482 -2.45283
0.708 1.44046 -2.20478
0.709 1.09868 -1.95129
0.71 0.750901 -1.69334
0.711 0.398556 -1.43192
0.712 0.0431068 -1.16805
0.713 -0.313974 -0.902717
0.714 -0.671205 -0.636951
0.715 -1.0271 -0.371762
0.716 -1.38019 -0.108156
0.717 -1.729 0.152867
0.718 -2.07208 0.410322
0.719 -2.408 0.663241
0.72 -2.73536 0.910676
0.721 -3.05279 1.1517
0.722 -3.35895 1.38543
0.723 -3.65258 1.611
0.724 -3.93242 1.82758
0.725 -4.19731 2.03437
0.726 -4.44612 2.23065
0.727 -4.6778 2.4157
0.728 -4.89135 2.58887
0.729 -5.08588 2.74956
0.73 -5.26052 2.89722
0.731 -5.41454 3.03134
0.732 -5.54725 3.1515
0.733 -5.65807 3.2573
0.734 -5.7465 3.34842
0.735 -5.81212 3.42461
0.736 -5.85462 3.48567
0.737 -5.87377 3.53145
0.738 -5.86944 3.56189
0.739 -5.8416 3.57696
0.74 -5.79032 3.57674
0.741 -5.71573 3.56133
0.742 -5.61811 3.5309
0.743 -5.49778 3.4857
0.744 -5.35519 3.42604
0.745 -5.19087 3.35225
0.746 -5.00542 3.26478
0.747 -4.79956 3.16407
0.748 -4.57406 3.05067
0.749 -4.32979 2.92515
0.75 -4.0677 2.78813
0.751 -3.7888 2.64029
0.752 -3.49418 2.48234
0.753 -3.18498 2.31505
0.754 -2.86241 2.13919
0.755 -2.52774 1.95561
0.756 -2.18228 1.76516
0.757 -1.82739 1.56872
0.758 -1.46447 1.3672
0.759 -1.09495 1.16154
0.76 -0.72029 0.952676
0.761 -0.341972 0.741559
0.762 0.0385071 0.529154
0.763 0.419639 0.316428
0.764 0.799913 0.104347
0.765 1.17782 -0.106128
0.766 1.55186 -0.314045
0.767 1.92055 -0.518463
0.768 2.28242 -0.718458
0.769 2.63603 -0.913126
0.77 2.97999 -1.10159
0.771 3.31291 -1.28299
0.772 3.63348 -1.45651
0.773 3.94043 -1.62137
0.774 4.23252 -1.77682
0.775 4.50862 -1.92214
0.776 4.7676 -2.05667
0.777 5.00846 -2.17981
0.778 5.23023 -2.29098
0.779 5.43203 -2.38966
0.78 5.61308 -2.47539
0.781 5.77265 -2.54777
0.782 5.91012 -2.60646
0.783 6.02495 -2.65115
0.784 6.11669 -2.68162
0.785 6.185 -2.6977
0.786 6.22962 -2.69929
0.787 6.25038 -2.68634
0.788 6.24722 -2.65887
0.789 6.22018 -2.61697
0.79 6.16938 -2.56076
0.791 6.09505 -2.49047
0.792 5.99751 -2.40635
0.793 5.87719 -2.30873
0.794 5.73458 -2.19799
0.795 5.57029 -2.07457
0.796 5.38501 -1.93898
0.797 5.17952 -1.79175
0.798 4.95466 -1.63349
0.799 4.71139 -1.46484
0.8 4.45071 -1.28649
0.801 4.1737 -1.09919
0.802 3.88151 -0.903697
0.803 3.57537 -0.700833
0.804 3.25653 -0.491438
0.805 2.92632 -0.276387
0.806 2.58612 -0.0565795
0.807 2.23732 0.167064
0.808 1.88139 0.393603
0.809 1.51979 0.622085
0.81 1.15403 0.851543
0.811 0.785631 1.08101
0.812 0.416112 1.30951
0.813 0.0470141 1.53607
0.814 -0.320129 1.75972
0.815 -0.68379 1.97952
0.816 -1.04246 2.19452
0.817 -1.39463 2.4038
0.818 -1.73885 2.60644
0.819 -2.07367 2.80159
0.82 -2.3977 2.98839
0.821 -2.70958 3.16603
0.822 -3.00801 3.33373
0.823 -3.29173 3.49075
0.824 -3.55955 3.63639
0.825 -3.81034 3.77002
0.826 -4.04305 3.89102
0.827 -4.25668 3.99886
0.828 -4.45034 4.09302
0.829 -4.62318 4.17308
0.83 -4.77448 4.23865
0.831 -4.90358 4.28941
0.832 -5.00991 4.3251
0.833 -5.09301 4.34551
0.834 -5.15249 4.35052
0.835 -5.18809 4.34004
0.836 -5.19962 4.31408
0.837 -5.187 4.27268
0.838 -5.15025 4.21596
0.839 -5.08949 4.14412
0.84 -5.00492 4.05739
0.841 -4.89687 3.95609
0.842 -4.76574 3.84059
0.843 -4.61205 3.71132
0.844 -4.43639 3.56877
0.845 -4.23945 3.41349
0.846 -4.02202 3.24606
0.847 -3.78495 3.06716
0.848 -3.52919 2.87747
0.849 -3.25578 2.67775
0.85 -2.96579 2.46878
0.851 -2.66042 2.2514
0.852 -2.34088 2.02648
0.853 -2.00847 1.79491
0.854 -1.66453 1.55764
0.855 -1.31048 1.31561
0.856 -0.947738 1.0698
0.857 -0.577794 0.821229
0.858 -0.202155 0.570892
0.859 0.17764 0.319816
0.86 0.560035 0.069029
0.861 0.943462 -0.180439
0.862 1.32634 -0.427559
0.863 1.7071 -0.671313
0.864 2.08416 -0.91069
0.865 2.45597 -1.1447
0.866 2.82098 -1.37236
0.867 3.17768 -1.59272
0.868 3.52459 -1.80486
0.869 3.86026 -2.00789
0.87 4.18327 -2.20094
0.871 4.49229 -2.38321
0.872 4.786 -2.5539
0.873 5.06316 -2.7123
0.874 5.3226 -2.85771
0.875 5.56321 -2.9895
0.876 5.78396 -3.10711
0.877 5.98388 -3.20999
0.878 6.16212 -3.2977
0.879 6.31789 -3.36984
0.88 6.45048 -3.42605
0.881 6.5593 -3.46608
0.882 6.64383 -3.4897
0.883 6.70367 -3.49678
0.884 6.7385 -3.48725
0.885 6.74811 -3.4611
0.886 6.73238 -3.41838
0.887 6.69131 -3.35923
0.888 6.62499 -3.28385
0.889 6.53362 -3.1925
0.89 6.41749 -3.08551
0.891 6.27699 -2.96327
0.892 6.11261 -2.82625
0.893 5.92496 -2.67497
0.894 5.71472 -2.51001
0.895 5.48265 -2.33201
0.896 5.22963 -2.14166
0.897 4.95661 -1.93971
0.898 4.66462 -1.72696
0.899 4.35477 -1.50425
0.9 4.02825 -1.27247
0.901 3.68629 -1.03255
0.902 3.33023 -0.785447
0.903 2.96144 -0.532167
0.904 2.58133 -0.273731
0.905 2.19139 -0.0111914
0.906 1.79313 0.254382
0.907 1.38809 0.521903
0.908 0.977859 0.79027
0.909 0.564037 1.05838
0.91 0.14824 1.32512
0.911 -0.267904 1.58938
0.912 -0.682765 1.85005
0.913 -1.09472 2.10606
0.914 -1.50214 2.35631
0.915 -1.90344 2.59975
0.916 -2.29703 2.83534
0.917 -2.68136 3.06208
0.918 -3.05493 3.27899
0.919 -3.41627 3.48512
0.92 -3.76394 3.67957
0.921 -4.09658 3.86149
0.922 -4.41287 4.03006
0.923 -4.71158 4.18451
0.924 -4.99152 4.32415
0.925 -5.25159 4.44832
0.926 -5.49077 4.55642
0.927 -5.7081 4.64791
0.928 -5.90275 4.72234
0.929 -6.07394 4.7793
0.93 -6.221 4.81844
0.931 -6.34335 4.83951
0.932 -6.44052 4.84231
0.933 -6.51214 4.8267
0.934 -6.55792 4.79265
0.935 -6.57771 4.74016
0.936 -6.57142 4.66932
0.937 -6.5391 4.5803
0.938 -6.48089 4.47333
0.939 -6.39704 4.34872
0.94 -6.28789 4.20684
0.941 -6.1539 4.04814
0.942 -5.99562 3.87312
0.943 -5.81369 3.68236
0.944 -5.60886 3.4765
0.945 -5.38196 3.25624
0.946 -5.13392 3.02233
0.947 -4.86575 2.77559
0.948 -4.57854 2.51688
0.949 -4.27345 2.24712
0.95 -3.95174 1.96725
0.951 -3.61471 1.67829
0.952 -3.26373 1.38126
0.953 -2.90022 1.07725
0.954 -2.52567 0.76734
0.955 -2.14161 0.452668
0.956 -1.74958 0.134378
0.957 -1.35119 -0.186366
0.958 -0.948067 -0.50839
0.959 -0.541846 -0.83051
0.96 -0.134184 -1.15154
0.961 0.273256 -1.4703
0.962 0.678812 -1.7856
0.963 1.08083 -2.09629
0.964 1.47766 -2.40122
0.965 1.86769 -2.69924
0.966 2.24931 -2.98926
0.967 2.62097 -3.2702
0.968 2.98114 -3.54101
0.969 3.32834 -3.80069
0.97 3.66114 -4.04828
0.971 3.97817 -4.28284
0.972 4.27813 -4.50352
0.973 4.55977 -4.70949
0.974 4.82193 -4.89998
0.975 5.06351 -5.07429
0.976 5.28352 -5.23178
0.977 5.48101 -5.37187
0.978 5.65517 -5.49403
0.979 5.80525 -5.59783
0.98 5.93062 -5.68289
0.981 6.03073 -5.7489
0.982 6.10513 -5.79563
0.983 6.15348 -5.82292
0.984 6.17556 -5.83068
0.985 6.17123 -5.81892
0.986 6.14046 -5.78768
0.987 6.08335 -5.73711
0.988 6.00007 -5.66743
0.989 5.89092 -5.57892
0.99 5.7563 -5.47193
0.991 5.59671 -5.34691
0.992 5.41274 -5.20434
0.993 5.2051 -5.0448
0.994 4.97458 -4.86891
0.995 4.72207 -4.67737
0.996 4.44853 -4.47093
0.997 4.15504 -4.2504
0.998 3.84272 -4.01664
0.999 3.51281 -3.77058
1 3.16657 -3.51316
