0.001 2.87528e-008 2.07405e-009
0.002 2.67861e-007 1.66431e-008
0.003 1.28872e-006 6.89883e-008
0.004 4.34242e-006 2.02169e-007
0.005 1.16524e-005 4.7878e-007
0.006 2.66975e-005 9.83993e-007
0.007 5.44837e-005 1.83026e-006
0.008 0.0001018 3.164e-006
0.009 0.00017746 5.17469e-006
0.01 0.00029252 8.10651e-006
0.011 0.000460482 1.2273e-005
0.012 0.000697465 1.80747e-005
0.013 0.00102236 2.60205e-005
0.014 0.00145696 3.67521e-005
0.015 0.00202602 5.10723e-005
0.016 0.00275739 6.99772e-005
0.017 0.00368198 9.46919e-005
0.018 0.00483381 0.00012671
0.019 0.00624994 0.000167837
0.02 0.00797046 0.000220237
0.021 0.0100383 0.000286483
0.022 0.0124993 0.000369611
0.023 0.0154018 0.000473175
0.024 0.0187965 0.000601309
0.025 0.0227364 0.000758784
0.026 0.0272764 0.000951076
0.027 0.032473 0.00118443
0.028 0.0383842 0.00146592
0.029 0.0450686 0.00180353
0.03 0.0525858 0.0022062
0.031 0.0609953 0.00268391
0.032 0.0703567 0.00324774
0.033 0.0807287 0.00390991
0.034 0.092169 0.00468389
0.035 0.104734 0.0055844
0.036 0.118477 0.0066275
0.037 0.133451 0.00783064
0.038 0.149703 0.00921267
0.039 0.167279 0.0107939
0.04 0.186221 0.0125961
0.041 0.206564 0.0146427
0.042 0.22834 0.0169584
0.043 0.251576 0.0195696
0.044 0.276292 0.0225043
0.045 0.302502 0.0257918
0.046 0.330213 0.0294629
0.047 0.359426 0.0335502
0.048 0.390133 0.0380872
0.049 0.422319 0.0431091
0.05 0.455962 0.0486524
0.051 0.491029 0.0547544
0.052 0.52748 0.061454
0.053 0.565266 0.0687908
0.054 0.604329 0.0768052
0.055 0.644602 0.0855385
0.056 0.68601 0.0950327
0.057 0.728466 0.10533
0.058 0.771877 0.116472
0.059 0.816139 0.128503
0.06 0.86114 0.141464
0.061 0.90676 0.155398
0.062 0.952869 0.170346
0.063 0.999331 0.186349
0.064 1.046 0.203446
0.065 1.09272 0.221677
0.066 1.13935 0.241077
0.067 1.1857 0.261682
0.068 1.23161 0.283525
0.069 1.27691 0.306636
0.07 1.32142 0.331045
0.071 1.36494 0.356775
0.072 1.40729 0.383849
0.073 1.44829 0.412286
0.074 1.48775 0.4421
0.075 1.52546 0.473303
0.076 1.56124 0.5059
0.077 1.5949 0.539895
0.078 1.62626 0.575283
0.079 1.65512 0.612059
0.08 1.68131 0.650208
0.081 1.70464 0.689712
0.082 1.72496 0.730548
0.083 1.74209 0.772685
0.084 1.75589 0.816088
0.085 1.7662 0.860715
0.086 1.77288 0.906516
0.087 1.77582 0.953438
0.088 1.77488 1.00142
0.089 1.76998 1.05039
0.09 1.76103 1.10028
0.091 1.74793 1.151
0.092 1.73064 1.20248
0.093 1.7091 1.2546
0.094 1.68329 1.30728
0.095 1.65319 1.36041
0.096 1.6188 1.41386
0.097 1.58014 1.46754
0.098 1.53726 1.52129
0.099 1.49019 1.57501
0.1 1.43902 1.62855
0.101 1.38384 1.68177
0.102 1.32476 1.73452
0.103 1.2619 1.78665
0.104 1.19542 1.83801
0.105 1.12547 1.88844
0.106 1.05223 1.93778
0.107 0.975918 1.98587
0.108 0.896733 2.03253
0.109 0.814913 2.0776
0.11 0.730707 2.12092
0.111 0.644376 2.1623
0.112 0.5562 2.20159
0.113 0.466468 2.2386
0.114 0.375484 2.27318
0.115 0.283564 2.30516
0.116 0.191032 2.33437
0.117 0.0982243 2.36066
0.118 0.00548241 2.38386
0.119 -0.0868437 2.40382
0.12 -0.178399 2.4204
0.121 -0.268825 2.43345
0.122 -0.357758 2.44284
0.123 -0.444838 2.44845
0.124 -0.529699 2.45015
0.125 -0.611983 2.44782
0.126 -0.69133 2.44138
0.127 -0.767388 2.43072
0.128 -0.839812 2.41576
0.129 -0.908262 2.39643
0.13 -0.972409 2.37267
0.131 -1.03194 2.34443
0.132 -1.08654 2.31167
0.133 -1.13593 2.27438
0.134 -1.17982 2.23253
0.135 -1.21797 2.18613
0.136 -1.25013 2.13521
0.137 -1.27607 2.07978
0.138 -1.29561 2.0199
0.139 -1.30856 1.95563
0.14 -1.31477 1.88703
0.141 -1.31411 1.81421
0.142 -1.30648 1.73726
0.143 -1.29179 1.6563
0.144 -1.27001 1.57147
0.145 -1.24109 1.48291
0.146 -1.20505 1.39078
0.147 -1.16192 1.29528
0.148 -1.11177 1.19657
0.149 -1.05467 1.09488
0.15 -0.990766 0.99041
0.151 -0.920192 0.883396
0.152 -0.84313 0.77408
0.153 -0.759788 0.662716
0.154 -0.670403 0.549566
0.155 -0.575239 0.434906
0.156 -0.474588 0.31902
0.157 -0.368767 0.2022
0.158 -0.258121 0.0847457
0.159 -0.143018 -0.0330345
0.16 -0.0238513 -0.150828
0.161 0.0989645 -0.268316
0.162 0.224994 -0.385176
0.163 0.35378 -0.501084
0.164 0.484851 -0.61571
0.165 0.617715 -0.728728
0.166 0.751868 -0.839808
0.167 0.886791 -0.948624
0.168 1.02196 -1.05485
0.169 1.15683 -1.15817
0.17 1.29085 -1.25826
0.171 1.42349 -1.35482
0.172 1.55418 -1.44754
0.173 1.68237 -1.53612
0.174 1.80751 -1.62029
0.175 1.92905 -1.69976
0.176 2.04644 -1.77427
0.177 2.15916 -1.84357
0.178 2.26668 -1.90742
0.179 2.36849 -1.9656
0.18 2.46408 -2.0179
0.181 2.55299 -2.06413
0.182 2.63475 -2.10412
0.183 2.70892 -2.13772
0.184 2.77509 -2.16477
0.185 2.83286 -2.18518
0.186 2.88187 -2.19883
0.187 2.92179 -2.20567
0.188 2.95231 -2.20562
0.189 2.97316 -2.19867
0.19 2.9841 -2.1848
0.191 2.98493 -2.16402
0.192 2.97548 -2.13637
0.193 2.95561 -2.10191
0.194 2.92524 -2.06072
0.195 2.88431 -2.0129
0.196 2.83281 -1.95859
0.197 2.77077 -1.89793
0.198 2.69825 -1.83109
0.199 2.61536 -1.75828
0.2 2.52224 -1.6797
0.201 2.4191 -1.59559
0.202 2.30615 -1.50622
0.203 2.18366 -1.41186
0.204 2.05195 -1.31281
0.205 1.91137 -1.20938
0.206 1.76229 -1.10191
0.207 1.60514 -0.990751
0.208 1.44037 -0.876259
0.209 1.26847 -0.758817
0.21 1.08998 -0.638817
0.211 0.905432 -0.516663
0.212 0.715418 -0.392768
0.213 0.520543 -0.267557
0.214 0.32144 -0.14146
0.215 0.118765 -0.0149134
0.216 -0.0868066 0.11164
0.217 -0.294583 0.237754
0.218 -0.503855 0.362982
0.219 -0.713903 0.486878
0.22 -0.923997 0.608994
0.221 -1.1334 0.728888
0.222 -1.34137 0.846121
0.223 -1.54716 0.96026
0.224 -1.75004 1.07088
0.225 -1.94927 1.17757
0.226 -2.14411 1.27992
0.227 -2.33385 1.37753
0.228 -2.51778 1.47004
0.229 -2.69522 1.55707
0.23 -2.86548 1.63828
0.231 -3.02793 1.71334
0.232 -3.18192 1.78193
0.233 -3.32688 1.84378
0.234 -3.46222 1.8986
0.235 -3.58741 1.94616
0.236 -3.70195 1.98623
0.237 -3.80537 2.01862
0.238 -3.89723 2.04314
0.239 -3.97716 2.05967
0.24 -4.04481 2.06807
0.241 -4.09987 2.06827
0.242 -4.14209 2.06018
0.243 -4.17126 2.04379
0.244 -4.18722 2.01908
0.245 -4.18986 1.98607
0.246 -4.17912 1.94483
0.247 -4.15497 1.89542
0.248 -4.11747 1.83795
0.249 -4.06669 1.77258
0.25 -4.00279 1.69945
0.251 -3.92594 1.61877
0.252 -3.8364 1.53076
0.253 -3.73446 1.43566
0.254 -3.62044 1.33375
0.255 -3.49475 1.22533
0.256 -3.35781 1.11071
0.257 -3.21011 0.990247
0.258 -3.05217 0.864305
0.259 -2.88455 0.733271
0.26 -2.70787 0.597553
0.261 -2.52276 0.457575
0.262 -2.32989 0.313779
0.263 -2.13 0.16662
0.264 -1.92381 0.0165682
0.265 -1.7121 -0.135895
0.266 -1.49566 -0.290279
0.267 -1.2753 -0.446085
0.268 -1.05188 -0.602805
0.269 -0.826228 -0.759931
0.27 -0.59922 -0.916947
0.271 -0.371726 -1.07334
0.272 -0.144626 -1.2286
0.273 0.0812001 -1.38221
0.274 0.304871 -1.53367
0.275 0.525512 -1.68247
0.276 0.742255 -1.82813
0.277 0.954244 -1.97016
0.278 1.16064 -2.1081
0.279 1.36062 -2.24149
0.28 1.55338 -2.36988
0.281 1.73814 -2.49286
0.282 1.91417 -2.61002
0.283 2.08074 -2.72098
0.284 2.23716 -2.82536
0.285 2.38281 -2.92284
0.286 2.51706 -3.01309
0.287 2.63937 -3.09582
0.288 2.7492 -3.17077
0.289 2.8461 -3.2377
0.29 2.92963 -3.29641
0.291 2.99944 -3.3467
0.292 3.05519 -3.38844
0.293 3.09664 -3.42151
0.294 3.12357 -3.4458
0.295 3.13583 -3.46128
0.296 3.13333 -3.46791
0.297 3.11604 -3.4657
0.298 3.08398 -3.45468
0.299 3.03723 -3.43493
0.3 2.97594 -3.40655
0.301 2.90031 -3.36967
0.302 2.81059 -3.32444
0.303 2.7071 -3.27107
0.304 2.59022 -3.20977
0.305 2.46036 -3.14079
0.306 2.31801 -3.0644
0.307 2.16371 -2.98092
0.308 1.99803 -2.89067
0.309 1.8216 -2.79399
0.31 1.6351 -2.69127
0.311 1.43925 -2.58289
0.312 1.23481 -2.46928
0.313 1.02256 -2.35086
0.314 0.803345 -2.22809
0.315 0.578023 -2.10142
0.316 0.347483 -1.97134
0.317 0.112637 -1.83833
0.318 -0.125578 -1.70288
0.319 -0.366212 -1.5655
0.32 -0.608299 -1.42671
0.321 -0.850865 -1.28699
0.322 -1.09293 -1.14689
0.323 -1.33351 -1.00689
0.324 -1.57162 -0.867513
0.325 -1.8063 -0.729264
0.326 -2.03657 -0.592637
0.327 -2.26149 -0.458121
0.328 -2.48012 -0.326193
0.329 -2.69156 -0.197319
0.33 -2.89492 -0.0719498
0.331 -3.08933 0.0494806
0.332 -3.27398 0.166555
0.333 -3.44808 0.278877
0.334 -3.61088 0.386069
0.335 -3.76168 0.487779
0.336 -3.89981 0.583675
0.337 -4.02466 0.673455
0.338 -4.13568 0.756839
0.339 -4.23234 0.833576
0.34 -4.31421 0.903445
0.341 -4.38088 0.966253
0.342 -4.43203 1.02184
0.343 -4.46738 1.07006
0.344 -4.48671 1.11083
0.345 -4.48989 1.14407
0.346 -4.47683 1.16975
0.347 -4.44751 1.18785
0.348 -4.40197 1.19842
0.349 -4.34034 1.20149
0.35 -4.26279 1.19717
0.351 -4.16956 1.18557
0.352 -4.06096 1.16684
0.353 -3.93736 1.14117
0.354 -3.79919 1.10877
0.355 -3.64695 1.06986
0.356 -3.48117 1.02473
0.357 -3.30247 0.973653
0.358 -3.11152 0.916954
0.359 -2.90901 0.85497
0.36 -2.69571 0.788065
0.361 -2.47243 0.716618
0.362 -2.24002 0.641033
0.363 -1.99937 0.561727
0.364 -1.7514 0.479134
0.365 -1.49707 0.3937
0.366 -1.23736 0.305886
0.367 -0.973298 0.216159
0.368 -0.705902 0.124996
0.369 -0.436224 0.0328789
0.37 -0.165326 -0.0597068
0.371 0.105723 -0.152274
0.372 0.375851 -0.244336
0.373 0.643984 -0.335408
0.374 0.909056 -0.425012
0.375 1.17001 -0.512676
0.376 1.42579 -0.597934
0.377 1.67539 -0.680335
0.378 1.91779 -0.759439
0.379 2.15202 -0.83482
0.38 2.37713 -0.906069
0.381 2.5922 -0.972796
0.382 2.79636 -1.03463
0.383 2.98879 -1.09122
0.384 3.16868 -1.14225
0.385 3.33532 -1.18741
0.386 3.488 -1.22643
0.387 3.62609 -1.25906
0.388 3.74904 -1.28508
0.389 3.85631 -1.30431
0.39 3.94747 -1.31657
0.391 4.02213 -1.32176
0.392 4.07997 -1.31976
0.393 4.12075 -1.31052
0.394 4.14427 -1.29401
0.395 4.15044 -1.27022
0.396 4.13921 -1.2392
0.397 4.11062 -1.201
0.398 4.06478 -1.15574
0.399 4.00185 -1.10353
0.4 3.92209 -1.04456
0.401 3.82582 -0.979008
0.402 3.71342 -0.907108
0.403 3.58535 -0.829116
0.404 3.44213 -0.745317
0.405 3.28435 -0.656024
0.406 3.11265 -0.561577
0.407 2.92775 -0.462341
0.408 2.73041 -0.358703
0.409 2.52145 -0.251074
0.41 2.30175 -0.139883
0.411 2.07221 -0.0255814
0.412 1.8338 0.091367
0.413 1.58754 0.210481
0.414 1.33445 0.331268
0.415 1.07561 0.453225
0.416 0.812116 0.575838
0.417 0.545096 0.698589
0.418 0.275689 0.820956
0.419 0.00505334 0.942414
0.42 -0.265645 1.06244
0.421 -0.535236 1.18051
0.422 -0.802546 1.29611
0.423 -1.06641 1.40872
0.424 -1.32567 1.51786
0.425 -1.57919 1.62302
0.426 -1.82583 1.72374
0.427 -2.06451 1.81955
0.428 -2.29415 1.91002
0.429 -2.51371 1.99472
0.43 -2.72219 2.07325
0.431 -2.91863 2.14525
0.432 -3.10211 2.21035
0.433 -3.27178 2.26823
0.434 -3.42683 2.31861
0.435 -3.56649 2.36121
0.436 -3.69009 2.3958
0.437 -3.79698 2.42219
0.438 -3.88661 2.44021
0.439 -3.95848 2.44972
0.44 -4.01216 2.45062
0.441 -4.04732 2.44287
0.442 -4.06368 2.42643
0.443 -4.06103 2.40131
0.444 -4.03925 2.36758
0.445 -3.99832 2.3253
0.446 -3.93826 2.27462
0.447 -3.85919 2.21568
0.448 -3.76131 2.14869
0.449 -3.64489 2.07388
0.45 -3.51028 1.99152
0.451 -3.35792 1.9019
0.452 -3.18831 1.80537
0.453 -3.00202 1.70229
0.454 -2.79972 1.59306
0.455 -2.58211 1.47811
0.456 -2.34998 1.35789
0.457 -2.10419 1.23287
0.458 -1.84565 1.10358
0.459 -1.57532 0.970518
0.46 -1.29422 0.834249
0.461 -1.00342 0.695332
0.462 -0.704052 0.554346
0.463 -0.397259 0.411887
0.464 -0.0842386 0.268558
0.465 0.233783 0.124972
0.466 0.555554 -0.0182505
0.467 0.879798 -0.160487
0.468 1.20522 -0.301113
0.469 1.53053 -0.439507
0.47 1.8544 -0.575049
0.471 2.17553 -0.707127
0.472 2.49261 -0.835139
0.473 2.80434 -0.958495
0.474 3.10944 -1.07662
0.475 3.40665 -1.18894
0.476 3.69472 -1.29494
0.477 3.97245 -1.39407
0.478 4.23868 -1.48586
0.479 4.49225 -1.56983
0.48 4.7321 -1.64554
0.481 4.95718 -1.71258
0.482 5.16651 -1.77057
0.483 5.35916 -1.81916
0.484 5.53427 -1.85805
0.485 5.69104 -1.88696
0.486 5.82876 -1.90565
0.487 5.94675 -1.91393
0.488 6.04445 -1.91165
0.489 6.12135 -1.8987
0.49 6.17704 -1.875
0.491 6.21118 -1.84053
0.492 6.22351 -1.7953
0.493 6.21387 -1.73937
0.494 6.18218 -1.67285
0.495 6.12844 -1.59588
0.496 6.05276 -1.50865
0.497 5.95533 -1.4114
0.498 5.8364 -1.3044
0.499 5.69634 -1.18797
0.5 5.53559 -1.06247
0.501 5.35469 -0.928286
0.502 5.15424 -0.785865
0.503 4.93494 -0.635674
0.504 4.69755 -0.478219
0.505 4.44293 -0.314042
0.506 4.17199 -0.143713
0.507 3.88571 0.0321663
0.508 3.58514 0.212969
0.509 3.27141 0.398041
0.51 2.94568 0.586709
0.511 2.60916 0.778277
0.512 2.26314 0.972031
0.513 1.90892 1.16725
0.514 1.54785 1.36318
0.515 1.18132 1.55909
0.516 0.810738 1.75422
0.517 0.437534 1.9478
0.518 0.0631566 2.13909
0.519 -0.310936 2.32733
0.52 -0.683281 2.51176
0.521 -1.05242 2.69164
0.522 -1.41689 2.86626
0.523 -1.77527 3.03487
0.524 -2.12611 3.1968
0.525 -2.46804 3.35137
0.526 -2.79968 3.4979
0.527 -3.1197 3.63579
0.528 -3.42681 3.76441
0.529 -3.71977 3.88321
0.53 -3.99738 3.99164
0.531 -4.25852 4.0892
0.532 -4.50211 4.17542
0.533 -4.72714 4.24988
0.534 -4.93267 4.31219
0.535 -5.11785 4.36201
0.536 -5.28189 4.39904
0.537 -5.42409 4.42303
0.538 -5.54382 4.43376
0.539 -5.64056 4.4311
0.54 -5.71386 4.41492
0.541 -5.76338 4.38518
0.542 -5.78885 4.34185
0.543 -5.79012 4.28499
0.544 -5.76711 4.21469
0.545 -5.71986 4.13108
0.546 -5.6485 4.03437
0.547 -5.55324 3.9248
0.548 -5.43441 3.80266
0.549 -5.29241 3.66828
0.55 -5.12776 3.52207
0.551 -4.94106 3.36444
0.552 -4.73298 3.19587
0.553 -4.50431 3.0169
0.554 -4.25591 2.82806
0.555 -3.98871 2.62998
0.556 -3.70374 2.42327
0.557 -3.40209 2.20862
0.558 -3.08492 1.98673
0.559 -2.75346 1.75832
0.56 -2.40899 1.52415
0.561 -2.05286 1.28502
0.562 -1.68647 1.04172
0.563 -1.31126 0.795075
0.564 -0.928704 0.545926
0.565 -0.540317 0.295122
0.566 -0.147641 0.0435211
0.567 0.247761 -0.208012
0.568 0.644309 -0.458612
0.569 1.04041 -0.707411
0.57 1.43449 -0.953548
0.571 1.82494 -1.19617
0.572 2.21018 -1.43443
0.573 2.58866 -1.6675
0.574 2.95884 -1.89458
0.575 3.3192 -2.11485
0.576 3.66825 -2.32757
0.577 4.00457 -2.53198
0.578 4.32677 -2.72738
0.579 4.63349 -2.91308
0.58 4.92346 -3.08843
0.581 5.19546 -3.25282
0.582 5.44833 -3.4057
0.583 5.68099 -3.54652
0.584 5.89244 -3.6748
0.585 6.08176 -3.79012
0.586 6.24811 -3.89206
0.587 6.39074 -3.98031
0.588 6.50898 -4.05455
0.589 6.60229 -4.11456
0.59 6.67019 -4.16015
0.591 6.71231 -4.19119
0.592 6.72839 -4.20759
0.593 6.71827 -4.20934
0.594 6.68188 -4.19647
0.595 6.61927 -4.16906
0.596 6.53058 -4.12725
0.597 6.41606 -4.07124
0.598 6.27607 -4.00127
0.599 6.11105 -3.91765
0.6 5.92157 -3.82072
0.601 5.70827 -3.71089
0.602 5.4719 -3.58861
0.603 5.2133 -3.45438
0.604 4.9334 -3.30873
0.605 4.63321 -3.15226
0.606 4.31384 -2.98558
0.607 3.97646 -2.80938
0.608 3.62232 -2.62433
0.609 3.25274 -2.43119
0.61 2.86909 -2.23071
0.611 2.47284 -2.02369
0.612 2.06546 -1.81094
0.613 1.64849 -1.5933
0.614 1.22353 -1.37163
0.615 0.792191 -1.1468
0.616 0.356111 -0.919689
0.617 -0.0830371 -0.691192
0.618 -0.523571 -0.462203
0.619 -0.9638 -0.23362
0.62 -1.40203 -0.00633809
0.621 -1.83657 0.218754
0.622 -2.26574 0.440777
0.623 -2.68789 0.658863
0.624 -3.10138 0.872159
0.625 -3.5046 1.07983
0.626 -3.89599 1.28108
0.627 -4.27403 1.4751
0.628 -4.63725 1.66116
0.629 -4.98423 1.83852
0.63 -5.31361 2.00649
0.631 -5.62412 2.16443
0.632 -5.91453 2.31171
0.633 -6.18371 2.44777
0.634 -6.4306 2.57208
0.635 -6.65425 2.68416
0.636 -6.85376 2.78358
0.637 -7.02836 2.86995
0.638 -7.17737 2.94295
0.639 -7.30019 3.00229
0.64 -7.39635 3.04776
0.641 -7.46546 3.07917
0.642 -7.50726 3.09642
0.643 -7.52158 3.09944
0.644 -7.50837 3.08824
0.645 -7.46769 3.06287
0.646 -7.39969 3.02343
0.647 -7.30464 2.97008
0.648 -7.18294 2.90306
0.649 -7.03506 2.82262
0.65 -6.8616 2.72909
0.651 -6.66324 2.62285
0.652 -6.44078 2.50433
0.653 -6.1951 2.37399
0.654 -5.9272 2.23237
0.655 -5.63813 2.08001
0.656 -5.32907 1.91753
0.657 -5.00123 1.74558
0.658 -4.65594 1.56483
0.659 -4.29458 1.37601
0.66 -3.9186 1.17986
0.661 -3.5295 0.977151
0.662 -3.12886 0.768694
0.663 -2.71827 0.55531
0.664 -2.29938 0.33784
0.665 -1.87389 0.117143
0.666 -1.4435 -0.105912
0.667 -1.00995 -0.330446
0.668 -0.574988 -0.555577
0.669 -0.140359 -0.78042
0.67 0.292178 -1.00409
0.671 0.720877 -1.22572
0.672 1.144 -1.44443
0.673 1.55985 -1.65937
0.674 1.96673 -1.8697
0.675 2.363 -2.0746
0.676 2.74705 -2.27327
0.677 3.11732 -2.46495
0.678 3.47231 -2.64888
0.679 3.81057 -2.82437
0.68 4.13073 -2.99073
0.681 4.43149 -3.14732
0.682 4.7116 -3.29355
0.683 4.96994 -3.42886
0.684 5.20544 -3.55274
0.685 5.41714 -3.66473
0.686 5.60416 -3.7644
0.687 5.76574 -3.85139
0.688 5.9012 -3.92539
0.689 6.00999 -3.98614
0.69 6.09164 -4.03342
0.691 6.14581 -4.06708
0.692 6.17227 -4.08703
0.693 6.1709 -4.09323
0.694 6.14168 -4.08567
0.695 6.08472 -4.06444
0.696 6.00024 -4.02966
0.697 5.88856 -3.98151
0.698 5.75013 -3.92022
0.699 5.5855 -3.84607
0.7 5.39532 -3.7594
0.701 5.18036 -3.66061
0.702 4.94148 -3.55013
0.703 4.67964 -3.42845
0.704 4.3959 -3.29608
0.705 4.09141 -3.15362
0.706 3.7674 -3.00166
0.707 3.42519 -2.84086
0.708 3.06617 -2.67191
0.709 2.6918 -2.49552
0.71 2.30361 -2.31244
0.711 1.90319 -2.12344
0.712 1.49216 -1.92933
0.713 1.07223 -1.73092
0.714 0.645095 -1.52905
0.715 0.212526 -1.32455
0.716 -0.223702 -1.1183
0.717 -0.661791 -0.91114
0.718 -1.09993 -0.703948
0.719 -1.53632 -0.497585
0.72 -1.96914 -0.29291
0.721 -2.3966 -0.0907729
0.722 -2.81693 0.107986
0.723 -3.22837 0.302544
0.724 -3.6292 0.492095
0.725 -4.01775 0.675857
0.726 -4.39239 0.853073
0.727 -4.75154 1.02301
0.728 -5.09369 1.18498
0.729 -5.41738 1.33831
0.73 -5.72123 1.48238
0.731 -6.00396 1.61659
0.732 -6.26434 1.74042
0.733 -6.50124 1.85336
0.734 -6.71363 1.95495
0.735 -6.90058 2.0448
0.736 -7.06125 2.12255
0.737 -7.1949 2.18789
0.738 -7.30093 2.24059
0.739 -7.37882 2.28044
0.74 -7.42818 2.30731
0.741 -7.44871 2.32112
0.742 -7.44027 2.32184
0.743 -7.4028 2.30949
0.744 -7.33636 2.28417
0.745 -7.24116 2.24602
0.746 -7.11749 2.19524
0.747 -6.96577 2.13207
0.748 -6.78655 2.05682
0.749 -6.58047 1.96986
0.75 -6.34829 1.87159
0.751 -6.09087 1.76247
0.752 -5.80918 1.64301
0.753 -5.5043 1.51376
0.754 -5.17739 1.37532
0.755 -4.82972 1.22832
0.756 -4.46261 1.07345
0.757 -4.07751 0.911404
0.758 -3.6759 0.742935
0.759 -3.25937 0.568814
0.76 -2.82955 0.389842
0.761 -2.38812 0.20684
0.762 -1.93684 0.0206508
0.763 -1.47749 -0.167866
0.764 -1.01188 -0.357838
0.765 -0.54187 -0.548387
0.766 -0.0693314 -0.738625
0.767 0.403852 -0.927666
0.768 0.875789 -1.11462
0.769 1.34459 -1.29862
0.77 1.80837 -1.47878
0.771 2.26527 -1.65425
0.772 2.71345 -1.82418
0.773 3.15109 -1.98777
0.774 3.57644 -2.14421
0.775 3.98777 -2.29273
0.776 4.3834 -2.4326
0.777 4.76174 -2.5631
0.778 5.12124 -2.68358
0.779 5.46043 -2.7934
0.78 5.77792 -2.89197
0.781 6.07241 -2.97877
0.782 6.34269 -3.05328
0.783 6.58764 -3.11507
0.784 6.80625 -3.16375
0.785 6.9976 -3.19897
0.786 7.16089 -3.22046
0.787 7.29543 -3.22798
0.788 7.40065 -3.22136
0.789 7.47608 -3.2005
0.79 7.5214 -3.16534
0.791 7.53637 -3.11589
0.792 7.52091 -3.05221
0.793 7.47506 -2.97444
0.794 7.39895 -2.88275
0.795 7.29287 -2.7774
0.796 7.15721 -2.65868
0.797 6.99249 -2.52697
0.798 6.79935 -2.38266
0.799 6.57855 -2.22624
0.8 6.33094 -2.05823
0.801 6.05751 -1.8792
0.802 5.75934 -1.68977
0.803 5.43761 -1.49062
0.804 5.09362 -1.28245
0.805 4.72873 -1.06602
0.806 4.34442 -0.842124
0.807 3.94222 -0.611579
0.808 3.52377 -0.375249
0.809 3.09075 -0.134018
0.81 2.64492 0.111201
0.811 2.18808 0.359478
0.812 1.7221 0.609862
0.813 1.24887 0.86139
0.814 0.770332 1.11309
0.815 0.288435 1.36398
0.816 -0.194843 1.61308
0.817 -0.677514 1.85941
0.818 -1.15759 2.102
0.819 -1.63309 2.33988
0.82 -2.10205 2.57211
0.821 -2.56252 2.79775
0.822 -3.01259 3.01589
0.823 -3.45038 3.22564
0.824 -3.87405 3.42616
0.825 -4.28183 3.61662
0.826 -4.672 3.79622
0.827 -5.04291 3.96423
0.828 -5.39297 4.11993
0.829 -5.7207 4.26266
0.83 -6.02468 4.39181
0.831 -6.3036 4.50683
0.832 -6.55623 4.6072
0.833 -6.78146 4.69246
0.834 -6.97828 4.76224
0.835 -7.14579 4.81618
0.836 -7.28323 4.85401
0.837 -7.38992 4.87553
0.838 -7.46532 4.88058
0.839 -7.50903 4.86908
0.84 -7.52077 4.84101
0.841 -7.50036 4.79641
0.842 -7.44778 4.73539
0.843 -7.36314 4.65814
0.844 -7.24666 4.56488
0.845 -7.09871 4.45593
0.846 -6.91976 4.33165
0.847 -6.71043 4.19246
0.848 -6.47146 4.03886
0.849 -6.20371 3.87138
0.85 -5.90814 3.69065
0.851 -5.58584 3.4973
0.852 -5.23803 3.29205
0.853 -4.86599 3.07566
0.854 -4.47113 2.84893
0.855 -4.05496 2.61271
0.856 -3.61906 2.36788
0.857 -3.1651 2.11538
0.858 -2.69484 1.85615
0.859 -2.21008 1.59119
0.86 -1.71272 1.32151
0.861 -1.20467 1.04813
0.862 -0.687938 0.772125
0.863 -0.164533 0.494548
0.864 0.36349 0.216475
0.865 0.894052 -0.0610107
0.866 1.42506 -0.336828
0.867 1.95442 -0.609898
0.868 2.48003 -0.87915
0.869 2.9998 -1.14352
0.87 3.51166 -1.40198
0.871 4.01357 -1.65348
0.872 4.50352 -1.89704
0.873 4.97956 -2.13168
0.874 5.43975 -2.35647
0.875 5.88225 -2.57049
0.876 6.30527 -2.77289
0.877 6.70708 -2.96284
0.878 7.08606 -3.13957
0.879 7.44066 -3.30234
0.88 7.76942 -3.4505
0.881 8.07098 -3.58341
0.882 8.34409 -3.70052
0.883 8.58762 -3.80133
0.884 8.80053 -3.8854
0.885 8.98191 -3.95235
0.886 9.13099 -4.00188
0.887 9.24711 -4.03374
0.888 9.32973 -4.04776
0.889 9.37846 -4.04384
0.89 9.39303 -4.02193
0.891 9.37332 -3.98209
0.892 9.31933 -3.9244
0.893 9.2312 -3.84905
0.894 9.10922 -3.75627
0.895 8.95378 -3.64639
0.896 8.76543 -3.51978
0.897 8.54485 -3.37688
0.898 8.29285 -3.21821
0.899 8.01034 -3.04434
0.9 7.69838 -2.8559
0.901 7.35814 -2.65358
0.902 6.9909 -2.43812
0.903 6.59805 -2.21034
0.904 6.18108 -1.97107
0.905 5.74159 -1.72121
0.906 5.28125 -1.4617
0.907 4.80184 -1.19351
0.908 4.30519 -0.917671
0.909 3.79322 -0.635215
0.91 3.26792 -0.34722
0.911 2.73131 -0.0547825
0.912 2.18548 0.24098
0.913 1.63254 0.538937
0.914 1.07464 0.837943
0.915 0.513955 1.13685
0.916 -0.0473268 1.4345
0.917 -0.607017 1.72976
0.918 -1.16293 2.02147
0.919 -1.71289 2.30851
0.92 -2.25474 2.58976
0.921 -2.78637 2.86413
0.922 -3.30569 3.13055
0.923 -3.81066 3.38797
0.924 -4.2993 3.63539
0.925 -4.76968 3.87183
0.926 -5.21996 4.09636
0.927 -5.64838 4.3081
0.928 -6.05323 4.50621
0.929 -6.43292 4.68988
0.93 -6.78597 4.8584
0.931 -7.11098 5.01109
0.932 -7.40666 5.14732
0.933 -7.67185 5.26654
0.934 -7.90551 5.36825
0.935 -8.10671 5.45204
0.936 -8.27466 5.51754
0.937 -8.4087 5.56448
0.938 -8.50829 5.59262
0.939 -8.57305 5.60183
0.94 -8.60272 5.59203
0.941 -8.5972 5.56323
0.942 -8.5565 5.51549
0.943 -8.48079 5.44896
0.944 -8.37038 5.36385
0.945 -8.2257 5.26046
0.946 -8.04735 5.13914
0.947 -7.83604 5.00031
0.948 -7.5926 4.84448
0.949 -7.31803 4.67219
0.95 -7.01341 4.48407
0.951 -6.67997 4.2808
0.952 -6.31905 4.06312
0.953 -5.93208 3.83183
0.954 -5.52063 3.58777
0.955 -5.08635 3.33183
0.956 -4.63097 3.06497
0.957 -4.15632 2.78815
0.958 -3.66432 2.5024
0.959 -3.15693 2.20878
0.96 -2.63621 1.90836
0.961 -2.10423 1.60226
0.962 -1.56315 1.2916
0.963 -1.01514 0.977538
0.964 -0.462404 0.661226
0.965 0.0928193 0.343833
0.966 0.648295 0.0265272
0.967 1.20178 -0.289522
0.968 1.75104 -0.603152
0.969 2.29385 -0.913211
0.97 2.82801 -1.21856
0.971 3.35137 -1.51809
0.972 3.8618 -1.8107
0.973 4.35722 -2.09532
0.974 4.83563 -2.37092
0.975 5.29507 -2.63652
0.976 5.73368 -2.89114
0.977 6.14966 -3.13387
0.978 6.54132 -3.36386
0.979 6.90704 -3.58028
0.98 7.24532 -3.78238
0.981 7.55477 -3.96945
0.982 7.83412 -4.14085
0.983 8.08219 -4.29599
0.984 8.29795 -4.43437
0.985 8.4805 -4.55553
0.986 8.62905 -4.65908
0.987 8.74298 -4.74472
0.988 8.82177 -4.81219
0.989 8.86506 -4.86134
0.99 8.87264 -4.89207
0.991 8.84442 -4.90434
0.992 8.78047 -4.8982
0.993 8.68099 -4.87379
0.994 8.54635 -4.83127
0.995 8.37703 -4.77093
0.996 8.17365 -4.69309
0.997 7.937 -4.59815
0.998 7.66796 -4.48658
0.999 7.36757 -4.35891
1 7.03698 -4.21574
