0.001 3.39284e-008 2.57767e-009
0.002 3.09164e-007 2.07001e-008
0.003 1.45851e-006 8.58919e-008
0.004 4.83419e-006 2.52022e-007
0.005 1.27987e-005 5.97724e-007
0.006 2.90057e-005 1.23046e-006
0.007 5.86683e-005 2.29267e-006
0.008 0.000108813 3.97044e-006
0.009 0.000188513 6.505e-006
0.01 0.000309111 1.02075e-005
0.011 0.000484404 1.54774e-005
0.012 0.000730823 2.28243e-005
0.013 0.00106757 3.28944e-005
0.014 0.00151675 4.65008e-005
0.015 0.00210345 6.46581e-005
0.016 0.00285578 8.86212e-005
0.017 0.00380494 0.000119929
0.018 0.00498519 0.000160454
0.019 0.00643384 0.00021245
0.02 0.00819112 0.000278614
0.021 0.0103002 0.000362141
0.022 0.0128068 0.000466791
0.023 0.0157595 0.000596958
0.024 0.0192089 0.000757733
0.025 0.0232079 0.000954984
0.026 0.0278113 0.00119543
0.027 0.0330754 0.00148669
0.028 0.0390578 0.00183743
0.029 0.0458169 0.00225735
0.03 0.0534118 0.00275731
0.031 0.0619015 0.00334942
0.032 0.071345 0.00404706
0.033 0.0818004 0.00486501
0.034 0.0933248 0.00581946
0.035 0.105973 0.00692811
0.036 0.1198 0.00821021
0.037 0.134855 0.00968662
0.038 0.151185 0.0113798
0.039 0.168837 0.0133141
0.04 0.187848 0.0155152
0.041 0.208256 0.0180108
0.042 0.230091 0.0208304
0.043 0.253378 0.0240049
0.044 0.278137 0.0275672
0.045 0.30438 0.0315517
0.046 0.332116 0.0359947
0.047 0.361342 0.0409339
0.048 0.392051 0.0464085
0.049 0.424228 0.0524592
0.05 0.457849 0.0591282
0.051 0.492882 0.0664586
0.052 0.529287 0.0744949
0.053 0.567015 0.0832824
0.054 0.606008 0.0928674
0.055 0.6462 0.103297
0.056 0.687515 0.114617
0.057 0.72987 0.126877
0.058 0.77317 0.140123
0.059 0.817315 0.154403
0.06 0.862194 0.169764
0.061 0.907689 0.186251
0.062 0.953672 0.203911
0.063 1.00001 0.222787
0.064 1.04656 0.242922
0.065 1.09318 0.264355
0.066 1.1397 0.287126
0.067 1.18598 0.311271
0.068 1.23183 0.336823
0.069 1.2771 0.363812
0.07 1.3216 0.392265
0.071 1.36516 0.422204
0.072 1.40759 0.45365
0.073 1.44872 0.486616
0.074 1.48835 0.521112
0.075 1.52631 0.557144
0.076 1.5624 0.594712
0.077 1.59645 0.633808
0.078 1.62828 0.674423
0.079 1.6577 0.716537
0.08 1.68454 0.760127
0.081 1.70864 0.805162
0.082 1.72983 0.851604
0.083 1.74796 0.89941
0.084 1.76288 0.948527
0.085 1.77445 0.998897
0.086 1.78254 1.05045
0.087 1.78703 1.10312
0.088 1.78781 1.15682
0.089 1.78479 1.21146
0.09 1.77788 1.26695
0.091 1.76702 1.32318
0.092 1.75214 1.38004
0.093 1.7332 1.43742
0.094 1.71019 1.49518
0.095 1.68308 1.55319
0.096 1.65188 1.61132
0.097 1.61662 1.66941
0.098 1.57734 1.72732
0.099 1.53408 1.78489
0.1 1.48693 1.84195
0.101 1.43597 1.89833
0.102 1.38132 1.95386
0.103 1.32309 2.00836
0.104 1.26143 2.06165
0.105 1.1965 2.11355
0.106 1.12848 2.16386
0.107 1.05755 2.2124
0.108 0.983919 2.25897
0.109 0.907819 2.30338
0.11 0.829482 2.34545
0.111 0.749159 2.38497
0.112 0.667116 2.42177
0.113 0.583626 2.45564
0.114 0.498979 2.4864
0.115 0.413472 2.51388
0.116 0.327412 2.53789
0.117 0.241112 2.55827
0.118 0.154896 2.57484
0.119 0.0690904 2.58744
0.12 -0.0159731 2.59592
0.121 -0.0999599 2.60015
0.122 -0.182534 2.59997
0.123 -0.263357 2.59527
0.124 -0.342096 2.58593
0.125 -0.418417 2.57185
0.126 -0.491991 2.55293
0.127 -0.562495 2.5291
0.128 -0.629613 2.50028
0.129 -0.693037 2.46643
0.13 -0.752469 2.4275
0.131 -0.807623 2.38347
0.132 -0.858224 2.33434
0.133 -0.904014 2.2801
0.134 -0.944747 2.22079
0.135 -0.980197 2.15643
0.136 -1.01015 2.0871
0.137 -1.03443 2.01286
0.138 -1.05285 1.93379
0.139 -1.06526 1.85002
0.14 -1.07155 1.76165
0.141 -1.07161 1.66884
0.142 -1.06536 1.57174
0.143 -1.05274 1.47052
0.144 -1.03373 1.36539
0.145 -1.00832 1.25654
0.146 -0.976536 1.1442
0.147 -0.938429 1.02861
0.148 -0.894075 0.910027
0.149 -0.843579 0.788717
0.15 -0.78707 0.664965
0.151 -0.724706 0.539066
0.152 -0.656673 0.41133
0.153 -0.583179 0.282075
0.154 -0.504462 0.151634
0.155 -0.420782 0.0203463
0.156 -0.332426 -0.111439
0.157 -0.239703 -0.243363
0.158 -0.142946 -0.375065
0.159 -0.042508 -0.506174
0.16 0.0612361 -0.636317
0.161 0.167892 -0.765118
0.162 0.27705 -0.892198
0.163 0.388279 -1.01718
0.164 0.501138 -1.13968
0.165 0.615169 -1.25933
0.166 0.729905 -1.37576
0.167 0.844866 -1.48859
0.168 0.959568 -1.59746
0.169 1.07352 -1.70203
0.17 1.18622 -1.80194
0.171 1.29717 -1.89687
0.172 1.40587 -1.98648
0.173 1.51183 -2.07047
0.174 1.61455 -2.14854
0.175 1.71354 -2.22041
0.176 1.80833 -2.28581
0.177 1.89843 -2.3445
0.178 1.98341 -2.39625
0.179 2.0628 -2.44086
0.18 2.13619 -2.47813
0.181 2.20316 -2.5079
0.182 2.26332 -2.53003
0.183 2.31631 -2.54439
0.184 2.36178 -2.55091
0.185 2.39941 -2.5495
0.186 2.4289 -2.54012
0.187 2.45 -2.52275
0.188 2.46247 -2.49741
0.189 2.46611 -2.46413
0.19 2.46074 -2.42297
0.191 2.44622 -2.37403
0.192 2.42246 -2.31741
0.193 2.38937 -2.25326
0.194 2.34694 -2.18176
0.195 2.29516 -2.1031
0.196 2.23408 -2.01751
0.197 2.16376 -1.92523
0.198 2.08433 -1.82654
0.199 1.99593 -1.72174
0.2 1.89875 -1.61115
0.201 1.79303 -1.49513
0.202 1.67901 -1.37403
0.203 1.55699 -1.24824
0.204 1.42731 -1.11818
0.205 1.29033 -0.984274
0.206 1.14644 -0.846962
0.207 0.996081 -0.706705
0.208 0.8397 -0.563979
0.209 0.677787 -0.419269
0.21 0.510855 -0.273075
0.211 0.339442 -0.125904
0.212 0.16411 0.0217273
0.213 -0.0145593 0.169298
0.214 -0.195965 0.316283
0.215 -0.379487 0.462152
0.216 -0.564495 0.606378
0.217 -0.750343 0.748431
0.218 -0.936377 0.887788
0.219 -1.12193 1.02393
0.22 -1.30635 1.15634
0.221 -1.48895 1.28452
0.222 -1.66908 1.40798
0.223 -1.84606 1.52623
0.224 -2.01924 1.63881
0.225 -2.18796 1.74526
0.226 -2.3516 1.84517
0.227 -2.50952 1.9381
0.228 -2.66111 2.02368
0.229 -2.80579 2.10154
0.23 -2.94298 2.17132
0.231 -3.07215 2.23272
0.232 -3.19277 2.28545
0.233 -3.30435 2.32922
0.234 -3.40644 2.36383
0.235 -3.49861 2.38906
0.236 -3.58047 2.40474
0.237 -3.65165 2.41073
0.238 -3.71186 2.40693
0.239 -3.7608 2.39327
0.24 -3.79824 2.3697
0.241 -3.82399 2.33622
0.242 -3.8379 2.29287
0.243 -3.83986 2.23971
0.244 -3.82981 2.17685
0.245 -3.80774 2.10441
0.246 -3.77367 2.02257
0.247 -3.72769 1.93154
0.248 -3.66992 1.83155
0.249 -3.60052 1.72287
0.25 -3.51972 1.60581
0.251 -3.42777 1.48071
0.252 -3.32498 1.34792
0.253 -3.21169 1.20784
0.254 -3.08831 1.0609
0.255 -2.95526 0.907543
0.256 -2.81301 0.748241
0.257 -2.66207 0.583493
0.258 -2.503 0.413818
0.259 -2.33637 0.239755
0.26 -2.16279 0.0618611
0.261 -1.98292 -0.11929
0.262 -1.79742 -0.30311
0.263 -1.60698 -0.488999
0.264 -1.41234 -0.676348
0.265 -1.21422 -0.864538
0.266 -1.01338 -1.05294
0.267 -0.810602 -1.24094
0.268 -0.60666 -1.4279
0.269 -0.402344 -1.61319
0.27 -0.198451 -1.79619
0.271 0.00422216 -1.97629
0.272 0.20488 -2.15286
0.273 0.402731 -2.32531
0.274 0.59699 -2.49305
0.275 0.786885 -2.65551
0.276 0.971656 -2.81213
0.277 1.15056 -2.96237
0.278 1.32288 -3.10571
0.279 1.4879 -3.24167
0.28 1.64497 -3.36975
0.281 1.79343 -3.48954
0.282 1.93267 -3.6006
0.283 2.06211 -3.70255
0.284 2.18121 -3.79504
0.285 2.28946 -3.87774
0.286 2.3864 -3.95037
0.287 2.47162 -4.01267
0.288 2.54474 -4.06442
0.289 2.60542 -4.10545
0.29 2.6534 -4.13561
0.291 2.68844 -4.15479
0.292 2.71036 -4.16292
0.293 2.71904 -4.15999
0.294 2.7144 -4.14601
0.295 2.69642 -4.12101
0.296 2.66513 -4.0851
0.297 2.62062 -4.0384
0.298 2.56303 -3.98108
0.299 2.49255 -3.91335
0.3 2.40942 -3.83544
0.301 2.31395 -3.74764
0.302 2.20647 -3.65026
0.303 2.0874 -3.54365
0.304 1.95716 -3.42818
0.305 1.81626 -3.30427
0.306 1.66523 -3.17236
0.307 1.50466 -3.03293
0.308 1.33516 -2.88646
0.309 1.1574 -2.73348
0.31 0.972067 -2.57453
0.311 0.779897 -2.41018
0.312 0.581649 -2.24101
0.313 0.37811 -2.06762
0.314 0.170093 -1.89063
0.315 -0.0415669 -1.71066
0.316 -0.256019 -1.52834
0.317 -0.472394 -1.34432
0.318 -0.689816 -1.15924
0.319 -0.907396 -0.973759
0.32 -1.12424 -0.788514
0.321 -1.33947 -0.604155
0.322 -1.55218 -0.421322
0.323 -1.7615 -0.240646
0.324 -1.96655 -0.0627495
0.325 -2.16648 0.111757
0.326 -2.36043 0.282281
0.327 -2.5476 0.448243
0.328 -2.72718 0.609085
0.329 -2.89841 0.764273
0.33 -3.06054 0.913292
0.331 -3.21286 1.05566
0.332 -3.35472 1.1909
0.333 -3.48547 1.31861
0.334 -3.60454 1.43836
0.335 -3.71137 1.54981
0.336 -3.80547 1.65261
0.337 -3.8864 1.74646
0.338 -3.95375 1.83111
0.339 -4.00719 1.90632
0.34 -4.04643 1.97191
0.341 -4.07123 2.02774
0.342 -4.08142 2.07368
0.343 -4.07688 2.10968
0.344 -4.05755 2.1357
0.345 -4.02344 2.15175
0.346 -3.9746 2.15789
0.347 -3.91115 2.15419
0.348 -3.83327 2.14079
0.349 -3.7412 2.11786
0.35 -3.63523 2.0856
0.351 -3.51571 2.04425
0.352 -3.38305 1.99409
0.353 -3.2377 1.93543
0.354 -3.08019 1.86861
0.355 -2.91107 1.79402
0.356 -2.73096 1.71206
0.357 -2.54051 1.62316
0.358 -2.34043 1.5278
0.359 -2.13145 1.42645
0.36 -1.91436 1.31963
0.361 -1.68997 1.20788
0.362 -1.45913 1.09173
0.363 -1.22271 0.971763
0.364 -0.981613 0.848552
0.365 -0.736758 0.722691
0.366 -0.489084 0.59478
0.367 -0.239543 0.465428
0.368 0.0109024 0.335245
0.369 0.261284 0.204846
0.37 0.510632 0.0748408
0.371 0.757976 -0.054161
0.372 1.00236 -0.181557
0.373 1.24281 -0.306755
0.374 1.47842 -0.42917
0.375 1.70823 -0.548235
0.376 1.93137 -0.663397
0.377 2.14695 -0.774119
0.378 2.35412 -0.879888
0.379 2.55207 -0.980212
0.38 2.74002 -1.07462
0.381 2.91723 -1.16268
0.382 3.08299 -1.24397
0.383 3.23667 -1.31812
0.384 3.37764 -1.38477
0.385 3.50535 -1.4436
0.386 3.61931 -1.49433
0.387 3.71906 -1.53672
0.388 3.80422 -1.57055
0.389 3.87444 -1.59566
0.39 3.92947 -1.6119
0.391 3.96908 -1.61919
0.392 3.99314 -1.61747
0.393 4.00156 -1.60671
0.394 3.99431 -1.58696
0.395 3.97145 -1.55826
0.396 3.93308 -1.52072
0.397 3.87937 -1.47449
0.398 3.81056 -1.41973
0.399 3.72695 -1.35668
0.4 3.62889 -1.28558
0.401 3.51681 -1.20673
0.402 3.39119 -1.12045
0.403 3.25255 -1.02709
0.404 3.1015 -0.927039
0.405 2.93867 -0.820726
0.406 2.76475 -0.708593
0.407 2.58049 -0.591112
0.408 2.38668 -0.46878
0.409 2.18412 -0.342117
0.41 1.9737 -0.211663
0.411 1.7563 -0.0779726
0.412 1.53285 0.0583808
0.413 1.30432 0.196813
0.414 1.07168 0.336728
0.415 0.835927 0.477525
0.416 0.598077 0.618595
0.417 0.359154 0.759328
0.418 0.120191 0.899113
0.419 -0.11778 1.03734
0.42 -0.353724 1.17342
0.421 -0.586616 1.30674
0.422 -0.81544 1.43673
0.423 -1.03919 1.56282
0.424 -1.25689 1.68445
0.425 -1.46758 1.80109
0.426 -1.67031 1.91221
0.427 -1.8642 2.01733
0.428 -2.04836 2.11598
0.429 -2.22198 2.20772
0.43 -2.38426 2.29214
0.431 -2.53446 2.36885
0.432 -2.67188 2.4375
0.433 -2.79589 2.49779
0.434 -2.90589 2.54944
0.435 -3.00135 2.59219
0.436 -3.0818 2.62586
0.437 -3.14683 2.65028
0.438 -3.19609 2.66532
0.439 -3.2293 2.67089
0.44 -3.24624 2.66697
0.441 -3.24676 2.65355
0.442 -3.23079 2.63066
0.443 -3.19831 2.5984
0.444 -3.14939 2.55689
0.445 -3.08414 2.50629
0.446 -3.00276 2.44681
0.447 -2.90552 2.3787
0.448 -2.79275 2.30224
0.449 -2.66484 2.21776
0.45 -2.52227 2.12561
0.451 -2.36555 2.02618
0.452 -2.19527 1.91992
0.453 -2.01209 1.80728
0.454 -1.81669 1.68874
0.455 -1.60985 1.56483
0.456 -1.39235 1.43609
0.457 -1.16507 1.30309
0.458 -0.928902 1.16642
0.459 -0.684781 1.02668
0.46 -0.433688 0.884509
0.461 -0.176632 0.740536
0.462 0.0853457 0.595414
0.463 0.351182 0.4498
0.464 0.619791 0.304358
0.465 0.890073 0.159755
0.466 1.16091 0.0166569
0.467 1.43119 -0.124273
0.468 1.69979 -0.262377
0.469 1.96558 -0.397007
0.47 2.22746 -0.527525
0.471 2.48431 -0.653308
0.472 2.73506 -0.773749
0.473 2.97863 -0.888264
0.474 3.21399 -0.996288
0.475 3.44012 -1.09728
0.476 3.65605 -1.19073
0.477 3.86082 -1.27616
0.478 4.05355 -1.35312
0.479 4.23338 -1.42119
0.48 4.3995 -1.47999
0.481 4.55117 -1.52917
0.482 4.68768 -1.56845
0.483 4.8084 -1.59755
0.484 4.91275 -1.61625
0.485 5.00022 -1.62439
0.486 5.07037 -1.62182
0.487 5.12282 -1.60847
0.488 5.15726 -1.58429
0.489 5.17347 -1.5493
0.49 5.17128 -1.50354
0.491 5.15061 -1.44712
0.492 5.11144 -1.38018
0.493 5.05385 -1.30292
0.494 4.97796 -1.21558
0.495 4.88399 -1.11844
0.496 4.77224 -1.01183
0.497 4.64306 -0.896133
0.498 4.49688 -0.771753
0.499 4.33422 -0.639148
0.5 4.15563 -0.498813
0.501 3.96177 -0.351277
0.502 3.75333 -0.197109
0.503 3.53108 -0.0369053
0.504 3.29585 0.128703
0.505 3.0485 0.299057
0.506 2.78998 0.473474
0.507 2.52126 0.651247
0.508 2.24337 0.831647
0.509 1.95737 1.01393
0.51 1.66436 1.19734
0.511 1.36548 1.3811
0.512 1.06189 1.56444
0.513 0.754766 1.74656
0.514 0.445314 1.92669
0.515 0.13475 2.10403
0.516 -0.175703 2.27781
0.517 -0.484819 2.44725
0.518 -0.791371 2.61159
0.519 -1.09414 2.77009
0.52 -1.39192 2.922
0.521 -1.68352 3.06662
0.522 -1.96777 3.20325
0.523 -2.24352 3.33125
0.524 -2.50967 3.44996
0.525 -2.76513 3.5588
0.526 -3.00887 3.65719
0.527 -3.23989 3.74461
0.528 -3.45726 3.82056
0.529 -3.66007 3.88459
0.53 -3.8475 3.93631
0.531 -4.01877 3.97534
0.532 -4.17316 4.00137
0.533 -4.31003 4.01415
0.534 -4.4288 4.01345
0.535 -4.52897 3.99911
0.536 -4.6101 3.97103
0.537 -4.67184 3.92915
0.538 -4.71391 3.87345
0.539 -4.73611 3.804
0.54 -4.73832 3.72089
0.541 -4.7205 3.62429
0.542 -4.68269 3.5144
0.543 -4.62503 3.3915
0.544 -4.5477 3.25589
0.545 -4.451 3.10795
0.546 -4.3353 2.9481
0.547 -4.20102 2.7768
0.548 -4.0487 2.59457
0.549 -3.87892 2.40198
0.55 -3.69236 2.19962
0.551 -3.48974 1.98815
0.552 -3.27187 1.76824
0.553 -3.03962 1.54063
0.554 -2.79391 1.30607
0.555 -2.53574 1.06534
0.556 -2.26613 0.819269
0.557 -1.98619 0.56869
0.558 -1.69703 0.31447
0.559 -1.39984 0.0574923
0.56 -1.09583 -0.201346
0.561 -0.786239 -0.461133
0.562 -0.472331 -0.72095
0.563 -0.155396 -0.979872
0.564 0.16326 -1.23697
0.565 0.482321 -1.49133
0.566 0.800466 -1.74203
0.567 1.11637 -1.98815
0.568 1.42873 -2.2288
0.569 1.73622 -2.46311
0.57 2.03757 -2.69021
0.571 2.33149 -2.90926
0.572 2.61675 -3.11946
0.573 2.89214 -3.32002
0.574 3.15648 -3.51019
0.575 3.40863 -3.68928
0.576 3.64751 -3.85659
0.577 3.87208 -4.01151
0.578 4.08136 -4.15345
0.579 4.27442 -4.28186
0.58 4.45039 -4.39625
0.581 4.60849 -4.49619
0.582 4.74799 -4.58129
0.583 4.86822 -4.65122
0.584 4.96863 -4.7057
0.585 5.0487 -4.74451
0.586 5.10801 -4.76749
0.587 5.14624 -4.77454
0.588 5.16312 -4.76562
0.589 5.15849 -4.74075
0.59 5.13227 -4.70001
0.591 5.08445 -4.64353
0.592 5.01514 -4.57152
0.593 4.9245 -4.48424
0.594 4.81281 -4.38199
0.595 4.68041 -4.26516
0.596 4.52774 -4.13418
0.597 4.3553 -3.98953
0.598 4.1637 -3.83174
0.599 3.95361 -3.66142
0.6 3.72578 -3.47918
0.601 3.48103 -3.28572
0.602 3.22026 -3.08177
0.603 2.94443 -2.86809
0.604 2.65455 -2.64549
0.605 2.35172 -2.41482
0.606 2.03706 -2.17694
0.607 1.71177 -1.93276
0.608 1.37707 -1.68322
0.609 1.03424 -1.42925
0.61 0.684589 -1.17184
0.611 0.329452 -0.911954
0.612 -0.0298062 -0.650601
0.613 -0.3918 -0.388777
0.614 -0.755132 -0.127488
0.615 -1.11839 0.132264
0.616 -1.48018 0.389478
0.617 -1.83907 0.643164
0.618 -2.19368 0.892343
0.619 -2.54261 1.13605
0.62 -2.88451 1.37335
0.621 -3.21802 1.60332
0.622 -3.54184 1.82507
0.623 -3.85469 2.03773
0.624 -4.15534 2.24049
0.625 -4.44259 2.43254
0.626 -4.71531 2.61314
0.627 -4.97241 2.78159
0.628 -5.21287 2.93722
0.629 -5.43573 3.07943
0.63 -5.6401 3.20765
0.631 -5.82516 3.32137
0.632 -5.99016 3.42015
0.633 -6.13443 3.50359
0.634 -6.25739 3.57135
0.635 -6.35854 3.62316
0.636 -6.43745 3.65881
0.637 -6.49379 3.67814
0.638 -6.52734 3.68107
0.639 -6.53792 3.66757
0.64 -6.52548 3.63768
0.641 -6.49006 3.5915
0.642 -6.43176 3.52919
0.643 -6.35081 3.45098
0.644 -6.24751 3.35715
0.645 -6.12224 3.24807
0.646 -5.97548 3.12413
0.647 -5.80779 2.9858
0.648 -5.61984 2.8336
0.649 -5.41233 2.66811
0.65 -5.18607 2.48995
0.651 -4.94196 2.29981
0.652 -4.68094 2.09839
0.653 -4.40403 1.88648
0.654 -4.11232 1.66487
0.655 -3.80695 1.43441
0.656 -3.48912 1.19599
0.657 -3.16008 0.950506
0.658 -2.82112 0.698906
0.659 -2.47359 0.442149
0.66 -2.11886 0.181218
0.661 -1.75831 -0.0828891
0.662 -1.39339 -0.34916
0.663 -1.02552 -0.616576
0.664 -0.656174 -0.884112
0.665 -0.286801 -1.15074
0.666 0.0811321 -1.41545
0.667 0.446169 -1.67722
0.668 0.806862 -1.93505
0.669 1.16178 -2.18795
0.67 1.50952 -2.43495
0.671 1.8487 -2.67512
0.672 2.17798 -2.90753
0.673 2.49604 -3.13129
0.674 2.80164 -3.34555
0.675 3.09355 -3.5495
0.676 3.37062 -3.74235
0.677 3.63175 -3.92338
0.678 3.8759 -4.09189
0.679 4.10212 -4.24725
0.68 4.3095 -4.38888
0.681 4.49722 -4.51623
0.682 4.66456 -4.62883
0.683 4.81084 -4.72626
0.684 4.93549 -4.80816
0.685 5.03804 -4.87423
0.686 5.11807 -4.92422
0.687 5.17529 -4.95797
0.688 5.20948 -4.97535
0.689 5.22052 -4.97633
0.69 5.20838 -4.9609
0.691 5.17312 -4.92916
0.692 5.11492 -4.88123
0.693 5.03401 -4.81733
0.694 4.93075 -4.73772
0.695 4.80557 -4.64272
0.696 4.65899 -4.53272
0.697 4.49163 -4.40817
0.698 4.30418 -4.26955
0.699 4.09743 -4.11743
0.7 3.87222 -3.9524
0.701 3.6295 -3.77513
0.702 3.37026 -3.5863
0.703 3.09557 -3.38667
0.704 2.80658 -3.17702
0.705 2.50448 -2.95816
0.706 2.19051 -2.73097
0.707 1.86597 -2.49631
0.708 1.5322 -2.25511
0.709 1.19059 -2.0083
0.71 0.842538 -1.75685
0.711 0.489494 -1.50171
0.712 0.132916 -1.24388
0.713 -0.225721 -0.984357
0.714 -0.584929 -0.724126
0.715 -0.943219 -0.464188
0.716 -1.2991 -0.205536
0.717 -1.65111 0.050846
0.718 -1.99776 0.303985
0.719 -2.33763 0.552923
0.72 -2.66928 0.796724
0.721 -2.99134 1.03447
0.722 -3.30247 1.26529
0.723 -3.60135 1.4883
0.724 -3.88673 1.70271
0.725 -4.1574 1.90771
0.726 -4.41224 2.10256
0.727 -4.65015 2.28657
0.728 -4.87012 2.45907
0.729 -5.07122 2.61947
0.73 -5.25258 2.7672
0.731 -5.41341 2.90176
0.732 -5.55301 3.02271
0.733 -5.67077 3.12966
0.734 -5.76616 3.22227
0.735 -5.83874 3.30027
0.736 -5.88816 3.36346
0.737 -5.91416 3.41167
0.738 -5.9166 3.44483
0.739 -5.89541 3.46291
0.74 -5.85063 3.46594
0.741 -5.78237 3.45403
0.742 -5.69087 3.42733
0.743 -5.57644 3.38607
0.744 -5.43951 3.33052
0.745 -5.28056 3.26103
0.746 -5.1002 3.17799
0.747 -4.8991 3.08185
0.748 -4.67804 2.97313
0.749 -4.43785 2.85237
0.75 -4.17946 2.72018
0.751 -3.90388 2.57722
0.752 -3.61217 2.42417
0.753 -3.30547 2.26178
0.754 -2.98498 2.09082
0.755 -2.65196 1.91209
0.756 -2.3077 1.72644
0.757 -1.95357 1.53474
0.758 -1.59096 1.33786
0.759 -1.2213 1.13673
0.76 -0.846045 0.932264
0.761 -0.466687 0.725407
0.762 -0.0847234 0.517105
0.763 0.298332 0.308309
0.764 0.680959 0.0999726
0.765 1.06164 -0.106957
0.766 1.43887 -0.311537
0.767 1.81113 -0.512839
0.768 2.17697 -0.709946
0.769 2.53491 -0.901964
0.77 2.88354 -1.08802
0.771 3.22147 -1.26726
0.772 3.54735 -1.43888
0.773 3.85989 -1.6021
0.774 4.15784 -1.75615
0.775 4.44003 -1.90034
0.776 4.70532 -2.03401
0.777 4.95266 -2.15653
0.778 5.18108 -2.26733
0.779 5.38966 -2.3659
0.78 5.57758 -2.45176
0.781 5.7441 -2.52451
0.782 5.88856 -2.58378
0.783 6.01039 -2.62928
0.784 6.10913 -2.66078
0.785 6.18437 -2.67808
0.786 6.23585 -2.68108
0.787 6.26337 -2.66971
0.788 6.26683 -2.64399
0.789 6.24624 -2.60397
0.79 6.2017 -2.54979
0.791 6.13341 -2.48164
0.792 6.04167 -2.39976
0.793 5.92687 -2.30447
0.794 5.7895 -2.19613
0.795 5.63012 -2.07517
0.796 5.44942 -1.94206
0.797 5.24814 -1.79734
0.798 5.02712 -1.64159
0.799 4.78729 -1.47543
0.8 4.52964 -1.29955
0.801 4.25524 -1.11466
0.802 3.96522 -0.921519
0.803 3.6608 -0.720926
0.804 3.34323 -0.513708
0.805 3.01383 -0.300725
0.806 2.67397 -0.0828606
0.807 2.32505 0.138976
0.808 1.96852 0.363857
0.809 1.60586 0.590842
0.81 1.23858 0.818975
0.811 0.868194 1.0473
0.812 0.496245 1.27484
0.813 0.124278 1.50065
0.814 -0.246163 1.72376
0.815 -0.613535 1.94322
0.816 -0.976311 2.1581
0.817 -1.33298 2.36747
0.818 -1.68205 2.57044
0.819 -2.02207 2.76614
0.82 -2.35162 2.9537
0.821 -2.66931 3.13233
0.822 -2.97383 3.30123
0.823 -3.26388 3.45968
0.824 -3.53824 3.60696
0.825 -3.79577 3.74242
0.826 -4.03537 3.86546
0.827 -4.25603 3.97552
0.828 -4.45681 4.07209
0.829 -4.63685 4.15473
0.83 -4.79537 4.22303
0.831 -4.93169 4.27667
0.832 -5.04522 4.31537
0.833 -5.13545 4.33892
0.834 -5.20198 4.34716
0.835 -5.24448 4.34002
0.836 -5.26276 4.31745
0.837 -5.2567 4.27951
0.838 -5.22628 4.22629
0.839 -5.17159 4.15797
0.84 -5.09283 4.07477
0.841 -4.99027 3.97699
0.842 -4.8643 3.86497
0.843 -4.71539 3.73914
0.844 -4.54414 3.59995
0.845 -4.35119 3.44795
0.846 -4.13732 3.28371
0.847 -3.90337 3.10787
0.848 -3.65026 2.92111
0.849 -3.379 2.72416
0.85 -3.09068 2.5178
0.851 -2.78645 2.30285
0.852 -2.46754 2.08015
0.853 -2.13523 1.8506
0.854 -1.79087 1.61511
0.855 -1.43584 1.37463
0.856 -1.0716 1.13013
0.857 -0.699607 0.882598
0.858 -0.32139 0.633037
0.859 0.0615137 0.382463
0.86 0.447539 0.131896
0.861 0.835106 -0.117638
0.862 1.22263 -0.365116
0.863 1.60851 -0.609521
0.864 1.99116 -0.849844
0.865 2.36902 -1.08509
0.866 2.7405 -1.31428
0.867 3.10409 -1.53647
0.868 3.45826 -1.75073
0.869 3.80155 -1.95615
0.87 4.13253 -2.15187
0.871 4.4498 -2.33707
0.872 4.75204 -2.51095
0.873 5.03797 -2.67278
0.874 5.30639 -2.82187
0.875 5.55615 -2.95755
0.876 5.78618 -3.07925
0.877 5.99551 -3.18642
0.878 6.18321 -3.2786
0.879 6.34846 -3.35534
0.88 6.49054 -3.41631
0.881 6.6088 -3.46121
0.882 6.7027 -3.4898
0.883 6.77179 -3.50193
0.884 6.81571 -3.4975
0.885 6.83422 -3.47647
0.886 6.82717 -3.4389
0.887 6.79451 -3.38488
0.888 6.73632 -3.31459
0.889 6.65273 -3.22827
0.89 6.54403 -3.12623
0.891 6.41057 -3.00884
0.892 6.25282 -2.87653
0.893 6.07135 -2.72981
0.894 5.8668 -2.56923
0.895 5.63993 -2.39541
0.896 5.3916 -2.20903
0.897 5.12271 -2.0108
0.898 4.8343 -1.80151
0.899 4.52746 -1.58197
0.9 4.20334 -1.35307
0.901 3.8632 -1.11571
0.902 3.50834 -0.870834
0.903 3.14013 -0.619427
0.904 2.75998 -0.362499
0.905 2.36938 -0.101089
0.906 1.96982 0.163745
0.907 1.56287 0.430925
0.908 1.15012 0.699361
0.909 0.733159 0.967953
0.91 0.313629 1.2356
0.911 -0.106835 1.50119
0.912 -0.526585 1.76363
0.913 -0.943978 2.02182
0.914 -1.35738 2.27469
0.915 -1.76516 2.52117
0.916 -2.16572 2.76022
0.917 -2.5575 2.99084
0.918 -2.93893 3.21202
0.919 -3.30854 3.42283
0.92 -3.66485 3.62235
0.921 -4.00647 3.80971
0.922 -4.33205 3.98407
0.923 -4.64031 4.14467
0.924 -4.93003 4.29077
0.925 -5.20008 4.4217
0.926 -5.44938 4.53686
0.927 -5.67696 4.63567
0.928 -5.88192 4.71766
0.929 -6.06345 4.78239
0.93 -6.22085 4.82951
0.931 -6.3535 4.85871
0.932 -6.46087 4.86978
0.933 -6.54255 4.86256
0.934 -6.59822 4.83697
0.935 -6.62768 4.79299
0.936 -6.63082 4.7307
0.937 -6.60764 4.65022
0.938 -6.55824 4.55175
0.939 -6.48284 4.43557
0.94 -6.38174 4.30202
0.941 -6.25536 4.15152
0.942 -6.10423 3.98455
0.943 -5.92895 3.80165
0.944 -5.73026 3.60343
0.945 -5.50895 3.39056
0.946 -5.26592 3.16378
0.947 -5.00218 2.92386
0.948 -4.71878 2.67164
0.949 -4.41687 2.40801
0.95 -4.0977 2.1339
0.951 -3.76255 1.85029
0.952 -3.41278 1.55819
0.953 -3.04981 1.25866
0.954 -2.67513 0.952775
0.955 -2.29025 0.641643
0.956 -1.89673 0.326396
0.957 -1.49618 0.00818345
0.958 -1.09022 -0.311833
0.959 -0.680515 -0.63248
0.96 -0.268721 -0.952582
0.961 0.143481 -1.27096
0.962 0.554413 -1.58645
0.963 0.962397 -1.89787
0.964 1.36577 -2.20409
0.965 1.76288 -2.50397
0.966 2.15212 -2.7964
0.967 2.53187 -3.0803
0.968 2.9006 -3.35462
0.969 3.25679 -3.61835
0.97 3.59897 -3.8705
0.971 3.92574 -4.11014
0.972 4.23575 -4.3364
0.973 4.52773 -4.54842
0.974 4.80046 -4.74543
0.975 5.05281 -4.92671
0.976 5.28374 -5.09159
0.977 5.49228 -5.23945
0.978 5.67754 -5.36978
0.979 5.83876 -5.48208
0.98 5.97524 -5.57596
0.981 6.08639 -5.65109
0.982 6.17173 -5.7072
0.983 6.23088 -5.7441
0.984 6.26355 -5.76167
0.985 6.26957 -5.75988
0.986 6.24888 -5.73876
0.987 6.20152 -5.69841
0.988 6.12763 -5.63901
0.989 6.02747 -5.56082
0.99 5.90141 -5.46415
0.991 5.74991 -5.34941
0.992 5.57352 -5.21706
0.993 5.37293 -5.06763
0.994 5.14889 -4.90171
0.995 4.90226 -4.71998
0.996 4.63399 -4.52314
0.997 4.34513 -4.31198
0.998 4.03678 -4.08733
0.999 3.71015 -3.85007
1 3.36652 -3.60114
