0.001 3.39903e-008 2.58876e-009
0.002 3.09657e-007 2.0789e-008
0.003 1.46054e-006 8.62593e-008
0.004 4.84006e-006 2.53094e-007
0.005 1.28124e-005 6.00244e-007
0.006 2.90332e-005 1.23559e-006
0.007 5.87182e-005 2.30208e-006
0.008 0.000108896 3.98642e-006
0.009 0.000188645 6.53058e-006
0.01 0.000309308 1.02465e-005
0.011 0.000484688 1.55347e-005
0.012 0.000731218 2.29057e-005
0.013 0.00106811 3.30072e-005
0.014 0.00151746 4.66533e-005
0.015 0.00210436 6.48601e-005
0.016 0.00285694 8.88843e-005
0.017 0.00380638 0.000120267
0.018 0.00498697 0.000160881
0.019 0.00643599 0.000212983
0.02 0.00819371 0.000279272
0.021 0.0103032 0.000362946
0.022 0.0128104 0.000467768
0.023 0.0157636 0.000598131
0.024 0.0192136 0.000759132
0.025 0.0232133 0.000956639
0.026 0.0278175 0.00119737
0.027 0.0330823 0.00148897
0.028 0.0390655 0.00184007
0.029 0.0458254 0.00226039
0.03 0.0534211 0.00276081
0.031 0.0619116 0.00335342
0.032 0.071356 0.00405161
0.033 0.0818122 0.00487015
0.034 0.0933374 0.00582525
0.035 0.105987 0.00693461
0.036 0.119814 0.00821747
0.037 0.134869 0.0096947
0.038 0.151201 0.0113888
0.039 0.168853 0.013324
0.04 0.187865 0.0155261
0.041 0.208273 0.0180228
0.042 0.230108 0.0208434
0.043 0.253395 0.0240191
0.044 0.278153 0.0275826
0.045 0.304397 0.0315685
0.046 0.332131 0.0360128
0.047 0.361357 0.0409533
0.048 0.392065 0.0464293
0.049 0.424241 0.0524814
0.05 0.45786 0.0591518
0.051 0.492891 0.0664836
0.052 0.529294 0.0745213
0.053 0.567019 0.0833103
0.054 0.606009 0.0928967
0.055 0.646197 0.103327
0.056 0.687509 0.114649
0.057 0.729859 0.12691
0.058 0.773155 0.140157
0.059 0.817295 0.154439
0.06 0.862168 0.1698
0.061 0.907657 0.186289
0.062 0.953635 0.203949
0.063 0.999967 0.222826
0.064 1.04651 0.242961
0.065 1.09312 0.264394
0.066 1.13964 0.287165
0.067 1.1859 0.31131
0.068 1.23175 0.336861
0.069 1.27701 0.363849
0.07 1.3215 0.3923
0.071 1.36505 0.422238
0.072 1.40748 0.453681
0.073 1.44859 0.486645
0.074 1.48822 0.521139
0.075 1.52616 0.557167
0.076 1.56225 0.594731
0.077 1.59628 0.633823
0.078 1.6281 0.674432
0.079 1.65751 0.716541
0.08 1.68434 0.760125
0.081 1.70843 0.805153
0.082 1.72961 0.851589
0.083 1.74773 0.899386
0.084 1.76264 0.948495
0.085 1.7742 0.998856
0.086 1.78229 1.0504
0.087 1.78677 1.10306
0.088 1.78754 1.15675
0.089 1.78452 1.21138
0.09 1.7776 1.26685
0.091 1.76673 1.32307
0.092 1.75185 1.37992
0.093 1.73291 1.43728
0.094 1.70989 1.49502
0.095 1.68278 1.55302
0.096 1.65158 1.61113
0.097 1.61632 1.66921
0.098 1.57704 1.7271
0.099 1.53378 1.78465
0.1 1.48663 1.84169
0.101 1.43568 1.89805
0.102 1.38103 1.95356
0.103 1.32281 2.00805
0.104 1.26116 2.06132
0.105 1.19623 2.11319
0.106 1.12822 2.16348
0.107 1.0573 2.212
0.108 0.983683 2.25855
0.109 0.907596 2.30295
0.11 0.829273 2.34499
0.111 0.748966 2.3845
0.112 0.666938 2.42127
0.113 0.583465 2.45512
0.114 0.498836 2.48587
0.115 0.413348 2.51333
0.116 0.327306 2.53732
0.117 0.241027 2.55768
0.118 0.154832 2.57423
0.119 0.0690478 2.58682
0.12 -0.0159938 2.59529
0.121 -0.0999581 2.5995
0.122 -0.182509 2.59931
0.123 -0.26331 2.5946
0.124 -0.342026 2.58525
0.125 -0.418323 2.57116
0.126 -0.491874 2.55223
0.127 -0.562355 2.52839
0.128 -0.629451 2.49957
0.129 -0.692852 2.46572
0.13 -0.752263 2.42679
0.131 -0.807395 2.38276
0.132 -0.857977 2.33363
0.133 -0.903747 2.2794
0.134 -0.944462 2.2201
0.135 -0.979894 2.15576
0.136 -1.00983 2.08643
0.137 -1.03409 2.0122
0.138 -1.0525 1.93316
0.139 -1.06491 1.8494
0.14 -1.07118 1.76106
0.141 -1.07123 1.66827
0.142 -1.06497 1.57119
0.143 -1.05235 1.47001
0.144 -1.03333 1.3649
0.145 -1.00792 1.25609
0.146 -0.976143 1.14378
0.147 -0.938039 1.02823
0.148 -0.893691 0.909687
0.149 -0.843202 0.788419
0.15 -0.786703 0.66471
0.151 -0.724351 0.538857
0.152 -0.656332 0.411167
0.153 -0.582855 0.281962
0.154 -0.504156 0.151571
0.155 -0.420497 0.0203347
0.156 -0.332164 -0.111397
0.157 -0.239466 -0.243268
0.158 -0.142736 -0.374914
0.159 -0.0423272 -0.505966
0.16 0.0613859 -0.636052
0.161 0.16801 -0.764795
0.162 0.277132 -0.891818
0.163 0.388326 -1.01674
0.164 0.501147 -1.13919
0.165 0.61514 -1.25878
0.166 0.729836 -1.37514
0.167 0.844757 -1.48792
0.168 0.959418 -1.59674
0.169 1.07332 -1.70125
0.17 1.18598 -1.80111
0.171 1.29689 -1.89598
0.172 1.40555 -1.98554
0.173 1.51147 -2.06948
0.174 1.61414 -2.1475
0.175 1.71309 -2.21933
0.176 1.80784 -2.28469
0.177 1.8979 -2.34334
0.178 1.98284 -2.39505
0.179 2.06219 -2.43962
0.18 2.13554 -2.47686
0.181 2.20248 -2.5066
0.182 2.26261 -2.52871
0.183 2.31556 -2.54306
0.184 2.361 -2.54955
0.185 2.39861 -2.54813
0.186 2.42808 -2.53874
0.187 2.44916 -2.52137
0.188 2.46161 -2.49603
0.189 2.46523 -2.46276
0.19 2.45985 -2.4216
0.191 2.44533 -2.37267
0.192 2.42156 -2.31607
0.193 2.38848 -2.25194
0.194 2.34605 -2.18047
0.195 2.29428 -2.10184
0.196 2.2332 -2.01628
0.197 2.1629 -1.92404
0.198 2.08348 -1.8254
0.199 1.99511 -1.72065
0.2 1.89796 -1.61011
0.201 1.79227 -1.49414
0.202 1.67828 -1.3731
0.203 1.55631 -1.24738
0.204 1.42667 -1.11739
0.205 1.28974 -0.983555
0.206 1.1459 -0.846318
0.207 0.995592 -0.706139
0.208 0.839268 -0.563493
0.209 0.677416 -0.418868
0.21 0.510548 -0.27276
0.211 0.339202 -0.125677
0.212 0.163939 0.0218648
0.213 -0.0146584 0.169344
0.214 -0.19599 0.316236
0.215 -0.379437 0.462012
0.216 -0.564367 0.606143
0.217 -0.750135 0.748102
0.218 -0.936089 0.887364
0.219 -1.12156 1.02341
0.22 -1.3059 1.15573
0.221 -1.48842 1.28382
0.222 -1.66846 1.40718
0.223 -1.84536 1.52534
0.224 -2.01846 1.63783
0.225 -2.18711 1.7442
0.226 -2.35066 1.84403
0.227 -2.5085 1.93688
0.228 -2.66002 2.02239
0.229 -2.80463 2.10017
0.23 -2.94175 2.16989
0.231 -3.07085 2.23122
0.232 -3.19141 2.28389
0.233 -3.30293 2.32761
0.234 -3.40497 2.36217
0.235 -3.49708 2.38735
0.236 -3.57889 2.40299
0.237 -3.65004 2.40896
0.238 -3.7102 2.40513
0.239 -3.75911 2.39144
0.24 -3.79653 2.36786
0.241 -3.82226 2.33438
0.242 -3.83615 2.29103
0.243 -3.8381 2.23787
0.244 -3.82805 2.17502
0.245 -3.80598 2.1026
0.246 -3.77192 2.02079
0.247 -3.72595 1.92979
0.248 -3.6682 1.82984
0.249 -3.59883 1.72121
0.25 -3.51806 1.60421
0.251 -3.42615 1.47916
0.252 -3.3234 1.34644
0.253 -3.21017 1.20644
0.254 -3.08684 1.05957
0.255 -2.95385 0.906299
0.256 -2.81167 0.747088
0.257 -2.66081 0.582435
0.258 -2.50181 0.412861
0.259 -2.33526 0.238904
0.26 -2.16177 0.0611212
0.261 -1.98199 -0.119915
0.262 -1.79658 -0.303617
0.263 -1.60624 -0.489384
0.264 -1.4117 -0.676608
0.265 -1.21369 -0.864669
0.266 -1.01296 -1.05295
0.267 -0.810287 -1.24081
0.268 -0.606455 -1.42764
0.269 -0.402251 -1.61279
0.27 -0.19847 -1.79566
0.271 0.00409113 -1.97562
0.272 0.204637 -2.15205
0.273 0.402376 -2.32437
0.274 0.596525 -2.49198
0.275 0.786311 -2.65431
0.276 0.970975 -2.8108
0.277 1.14978 -2.96091
0.278 1.32199 -3.10413
0.279 1.48692 -3.23997
0.28 1.64389 -3.36794
0.281 1.79226 -3.48761
0.282 1.93141 -3.59857
0.283 2.06077 -3.70042
0.284 2.1798 -3.79281
0.285 2.28798 -3.87542
0.286 2.38486 -3.94797
0.287 2.47002 -4.01019
0.288 2.54309 -4.06188
0.289 2.60373 -4.10284
0.29 2.65167 -4.13294
0.291 2.68668 -4.15207
0.292 2.70858 -4.16017
0.293 2.71725 -4.15721
0.294 2.7126 -4.1432
0.295 2.69462 -4.11819
0.296 2.66335 -4.08227
0.297 2.61886 -4.03558
0.298 2.56129 -3.97827
0.299 2.49085 -3.91055
0.3 2.40776 -3.83268
0.301 2.31234 -3.74491
0.302 2.20492 -3.64757
0.303 2.08591 -3.54101
0.304 1.95575 -3.4256
0.305 1.81493 -3.30176
0.306 1.66399 -3.16993
0.307 1.50351 -3.03058
0.308 1.33411 -2.8842
0.309 1.15645 -2.73131
0.31 0.971233 -2.57247
0.311 0.779179 -2.40823
0.312 0.581051 -2.23918
0.313 0.377637 -2.06591
0.314 0.169748 -1.88905
0.315 -0.0417807 -1.7092
0.316 -0.256098 -1.52702
0.317 -0.472338 -1.34314
0.318 -0.689622 -1.1582
0.319 -0.907064 -0.972859
0.32 -1.12377 -0.78776
0.321 -1.33886 -0.603548
0.322 -1.55144 -0.420863
0.323 -1.76062 -0.240335
0.324 -1.96553 -0.0625882
0.325 -2.16533 0.11177
0.326 -2.35915 0.282146
0.327 -2.5462 0.447962
0.328 -2.72566 0.608661
0.329 -2.89677 0.763708
0.33 -3.05879 0.912589
0.331 -3.21101 1.05482
0.332 -3.35276 1.18994
0.333 -3.48343 1.31751
0.334 -3.60241 1.43715
0.335 -3.70916 1.54848
0.336 -3.8032 1.65116
0.337 -3.88406 1.74491
0.338 -3.95136 1.82946
0.339 -4.00476 1.90458
0.34 -4.04396 1.97009
0.341 -4.06874 2.02584
0.342 -4.07892 2.07172
0.343 -4.07437 2.10765
0.344 -4.05505 2.13362
0.345 -4.02096 2.14963
0.346 -3.97214 2.15572
0.347 -3.90873 2.152
0.348 -3.8309 2.13858
0.349 -3.73888 2.11564
0.35 -3.63297 2.08337
0.351 -3.51353 2.04203
0.352 -3.38095 1.99188
0.353 -3.2357 1.93324
0.354 -3.07828 1.86645
0.355 -2.90928 1.79189
0.356 -2.72928 1.70998
0.357 -2.53896 1.62113
0.358 -2.339 1.52582
0.359 -2.13017 1.42454
0.36 -1.91322 1.3178
0.361 -1.68898 1.20612
0.362 -1.45829 1.09005
0.363 -1.22203 0.970175
0.364 -0.9811 0.847057
0.365 -0.736411 0.721294
0.366 -0.488906 0.593485
0.367 -0.239535 0.464238
0.368 0.0107391 0.334164
0.369 0.260949 0.203875
0.37 0.510126 0.0739833
0.371 0.757301 -0.054904
0.372 1.00151 -0.182185
0.373 1.24181 -0.307266
0.374 1.47724 -0.429566
0.375 1.7069 -0.548515
0.376 1.92989 -0.663562
0.377 2.14532 -0.774172
0.378 2.35234 -0.87983
0.379 2.55016 -0.980046
0.38 2.73798 -1.07435
0.381 2.91506 -1.16231
0.382 3.08072 -1.2435
0.383 3.23428 -1.31755
0.384 3.37516 -1.38411
0.385 3.50279 -1.44286
0.386 3.61667 -1.49351
0.387 3.71636 -1.53583
0.388 3.80146 -1.5696
0.389 3.87164 -1.59464
0.39 3.92663 -1.61083
0.391 3.96623 -1.61807
0.392 3.99028 -1.61631
0.393 3.99869 -1.60552
0.394 3.99146 -1.58574
0.395 3.96863 -1.55702
0.396 3.93029 -1.51947
0.397 3.87663 -1.47324
0.398 3.80788 -1.41849
0.399 3.72434 -1.35545
0.4 3.62637 -1.28437
0.401 3.51438 -1.20554
0.402 3.38886 -1.11929
0.403 3.25034 -1.02597
0.404 3.09941 -0.925965
0.405 2.93671 -0.819704
0.406 2.76293 -0.707629
0.407 2.57882 -0.590211
0.408 2.38516 -0.467949
0.409 2.18276 -0.34136
0.41 1.9725 -0.210984
0.411 1.75528 -0.077377
0.412 1.53201 0.0588897
0.413 1.30366 0.197232
0.414 1.0712 0.337054
0.415 0.83563 0.477756
0.416 0.597966 0.618728
0.417 0.359229 0.759362
0.418 0.120452 0.899048
0.419 -0.117334 1.03718
0.42 -0.353096 1.17315
0.421 -0.585808 1.30638
0.422 -0.814456 1.43627
0.423 -1.03804 1.56226
0.424 -1.25557 1.6838
0.425 -1.46609 1.80034
0.426 -1.66868 1.91138
0.427 -1.86242 2.01641
0.428 -2.04645 2.11498
0.429 -2.21993 2.20664
0.43 -2.3821 2.29099
0.431 -2.53219 2.36763
0.432 -2.66951 2.43623
0.433 -2.79343 2.49646
0.434 -2.90336 2.54806
0.435 -2.99876 2.59077
0.436 -3.07916 2.6244
0.437 -3.14415 2.64879
0.438 -3.19339 2.66381
0.439 -3.22658 2.66937
0.44 -3.24353 2.66544
0.441 -3.24407 2.65202
0.442 -3.22813 2.62914
0.443 -3.1957 2.5969
0.444 -3.14683 2.55541
0.445 -3.08165 2.50484
0.446 -3.00036 2.4454
0.447 -2.90322 2.37733
0.448 -2.79056 2.30093
0.449 -2.66278 2.2165
0.45 -2.52034 2.12442
0.451 -2.36376 2.02507
0.452 -2.19365 1.91888
0.453 -2.01063 1.80632
0.454 -1.81541 1.68787
0.455 -1.60875 1.56405
0.456 -1.39145 1.43541
0.457 -1.16437 1.30251
0.458 -0.928408 1.16595
0.459 -0.684501 1.02632
0.46 -0.433627 0.884256
0.461 -0.176794 0.740395
0.462 0.0849576 0.595385
0.463 0.350566 0.449884
0.464 0.618946 0.304556
0.465 0.888999 0.160065
0.466 1.15961 0.0170782
0.467 1.42966 -0.123742
0.468 1.69804 -0.261739
0.469 1.96361 -0.396265
0.47 2.22527 -0.526682
0.471 2.48192 -0.652368
0.472 2.73246 -0.772719
0.473 2.97584 -0.887147
0.474 3.21101 -0.99509
0.475 3.43696 -1.09601
0.476 3.65272 -1.1894
0.477 3.85734 -1.27476
0.478 4.04993 -1.35167
0.479 4.22963 -1.41969
0.48 4.39564 -1.47845
0.481 4.5472 -1.52761
0.482 4.68362 -1.56687
0.483 4.80426 -1.59596
0.484 4.90856 -1.61467
0.485 4.99599 -1.62281
0.486 5.06611 -1.62027
0.487 5.11855 -1.60695
0.488 5.153 -1.58281
0.489 5.16924 -1.54787
0.49 5.16709 -1.50217
0.491 5.14647 -1.44582
0.492 5.10738 -1.37896
0.493 5.04988 -1.30179
0.494 4.9741 -1.21455
0.495 4.88026 -1.11752
0.496 4.76864 -1.01103
0.497 4.63962 -0.895452
0.498 4.49361 -0.771205
0.499 4.33113 -0.638741
0.5 4.15274 -0.498553
0.501 3.95909 -0.351172
0.502 3.75088 -0.197163
0.503 3.52886 -0.0371253
0.504 3.29387 0.128313
0.505 3.04678 0.298493
0.506 2.78852 0.472733
0.507 2.52008 0.650325
0.508 2.24246 0.830545
0.509 1.95674 1.01265
0.51 1.66402 1.19587
0.511 1.36543 1.37945
0.512 1.06213 1.5626
0.513 0.755299 1.74455
0.514 0.446139 1.9245
0.515 0.135866 2.10167
0.516 -0.1743 2.27528
0.517 -0.483132 2.44456
0.518 -0.789405 2.60875
0.519 -1.0919 2.76709
0.52 -1.38942 2.91886
0.521 -1.68076 3.06334
0.522 -1.96476 3.19986
0.523 -2.24028 3.32774
0.524 -2.5062 3.44635
0.525 -2.76145 3.55509
0.526 -3.005 3.6534
0.527 -3.23584 3.74075
0.528 -3.45304 3.81665
0.529 -3.65571 3.88064
0.53 -3.84301 3.93232
0.531 -4.01416 3.97133
0.532 -4.16845 3.99737
0.533 -4.30525 4.01016
0.534 -4.42396 4.00949
0.535 -4.52409 3.99519
0.536 -4.6052 3.96717
0.537 -4.66694 3.92536
0.538 -4.70904 3.86975
0.539 -4.73128 3.8004
0.54 -4.73355 3.71741
0.541 -4.71582 3.62094
0.542 -4.67812 3.5112
0.543 -4.62057 3.38845
0.544 -4.54339 3.25302
0.545 -4.44685 3.10527
0.546 -4.33133 2.94561
0.547 -4.19725 2.77453
0.548 -4.04514 2.59252
0.549 -3.8756 2.40016
0.55 -3.68928 2.19804
0.551 -3.48692 1.98682
0.552 -3.26932 1.76718
0.553 -3.03736 1.53984
0.554 -2.79195 1.30555
0.555 -2.53409 1.0651
0.556 -2.2648 0.819312
0.557 -1.98518 0.569022
0.558 -1.69636 0.315094
0.559 -1.39951 0.0584091
0.56 -1.09583 -0.200135
0.561 -0.786582 -0.459628
0.562 -0.473017 -0.719153
0.563 -0.156425 -0.977786
0.564 0.16189 -1.2346
0.565 0.480614 -1.48868
0.566 0.798427 -1.7391
0.567 1.11401 -1.98495
0.568 1.42604 -2.22534
0.569 1.73323 -2.4594
0.57 2.03427 -2.68625
0.571 2.32791 -2.90507
0.572 2.6129 -3.11505
0.573 2.88802 -3.3154
0.574 3.15212 -3.50539
0.575 3.40404 -3.68429
0.576 3.64271 -3.85144
0.577 3.86709 -4.00621
0.578 4.07619 -4.14802
0.579 4.2691 -4.27631
0.58 4.44494 -4.39061
0.581 4.60293 -4.49047
0.582 4.74234 -4.57551
0.583 4.86251 -4.6454
0.584 4.96288 -4.69985
0.585 5.04293 -4.73866
0.586 5.10225 -4.76165
0.587 5.14051 -4.76874
0.588 5.15744 -4.75988
0.589 5.15289 -4.73508
0.59 5.12677 -4.69443
0.591 5.07908 -4.63807
0.592 5.00992 -4.56619
0.593 4.91946 -4.47906
0.594 4.80796 -4.37698
0.595 4.67578 -4.26034
0.596 4.52334 -4.12956
0.597 4.35116 -3.98512
0.598 4.15984 -3.82757
0.599 3.95005 -3.65749
0.6 3.72253 -3.47552
0.601 3.47811 -3.28234
0.602 3.21768 -3.07867
0.603 2.94221 -2.86529
0.604 2.6527 -2.643
0.605 2.35025 -2.41264
0.606 2.03598 -2.17509
0.607 1.71109 -1.93124
0.608 1.3768 -1.68203
0.609 1.03438 -1.42841
0.61 0.685136 -1.17134
0.611 0.330413 -0.9118
0.612 -0.0284309 -0.650792
0.613 -0.390013 -0.389313
0.614 -0.752935 -0.128366
0.615 -1.11579 0.131046
0.616 -1.47718 0.387926
0.617 -1.83568 0.641284
0.618 -2.18991 0.890142
0.619 -2.53848 1.13354
0.62 -2.88002 1.37054
0.621 -3.21319 1.60021
0.622 -3.53668 1.82168
0.623 -3.84922 2.03408
0.624 -4.14958 2.23658
0.625 -4.43656 2.42839
0.626 -4.70903 2.60877
0.627 -4.96591 2.77702
0.628 -5.20616 2.93246
0.629 -5.42885 3.0745
0.63 -5.63306 3.20256
0.631 -5.81799 3.31616
0.632 -5.98288 3.41482
0.633 -6.12707 3.49817
0.634 -6.24998 3.56587
0.635 -6.3511 3.61763
0.636 -6.43002 3.65326
0.637 -6.48639 3.67258
0.638 -6.51999 3.67553
0.639 -6.53066 3.66207
0.64 -6.51834 3.63224
0.641 -6.48305 3.58614
0.642 -6.42492 3.52393
0.643 -6.34416 3.44585
0.644 -6.24108 3.35217
0.645 -6.11604 3.24325
0.646 -5.96955 3.11949
0.647 -5.80215 2.98137
0.648 -5.6145 2.82939
0.649 -5.40732 2.66414
0.65 -5.18142 2.48623
0.651 -4.93767 2.29636
0.652 -4.67702 2.09522
0.653 -4.40051 1.88361
0.654 -4.10921 1.66231
0.655 -3.80425 1.43217
0.656 -3.48685 1.19408
0.657 -3.15825 0.948933
0.658 -2.81974 0.697678
0.659 -2.47266 0.441273
0.66 -2.11838 0.180698
0.661 -1.75829 -0.0830485
0.662 -1.39381 -0.348958
0.663 -1.0264 -0.616011
0.664 -0.657495 -0.883186
0.665 -0.288562 -1.14946
0.666 0.0789406 -1.41381
0.667 0.443555 -1.67523
0.668 0.803839 -1.93271
0.669 1.15836 -2.18527
0.67 1.50572 -2.43195
0.671 1.84453 -2.67179
0.672 2.17346 -2.90389
0.673 2.4912 -3.12736
0.674 2.79648 -3.34134
0.675 3.08811 -3.54502
0.676 3.36491 -3.73762
0.677 3.6258 -3.91841
0.678 3.86975 -4.0867
0.679 4.09577 -4.24187
0.68 4.30299 -4.38331
0.681 4.49059 -4.5105
0.682 4.65782 -4.62296
0.683 4.80402 -4.72027
0.684 4.92863 -4.80206
0.685 5.03116 -4.86805
0.686 5.1112 -4.91799
0.687 5.16846 -4.9517
0.688 5.20272 -4.96907
0.689 5.21386 -4.97006
0.69 5.20185 -4.95466
0.691 5.16675 -4.92297
0.692 5.10873 -4.87512
0.693 5.02804 -4.81131
0.694 4.92501 -4.73182
0.695 4.80009 -4.63695
0.696 4.6538 -4.52711
0.697 4.48675 -4.40273
0.698 4.29964 -4.2643
0.699 4.09323 -4.11239
0.7 3.8684 -3.94759
0.701 3.62606 -3.77056
0.702 3.36722 -3.58199
0.703 3.09296 -3.38263
0.704 2.8044 -3.17326
0.705 2.50273 -2.9547
0.706 2.18921 -2.72781
0.707 1.86513 -2.49347
0.708 1.53183 -2.25259
0.709 1.19068 -2.00611
0.71 0.843094 -1.75498
0.711 0.490515 -1.50019
0.712 0.134399 -1.2427
0.713 -0.223779 -0.983511
0.714 -0.582536 -0.72362
0.715 -0.940384 -0.464021
0.716 -1.29584 -0.205704
0.717 -1.64742 0.0503456
0.718 -1.99367 0.303158
0.719 -2.33314 0.551777
0.72 -2.66443 0.795267
0.721 -2.98614 1.03271
0.722 -3.29693 1.26323
0.723 -3.5955 1.48597
0.724 -3.88059 1.70011
0.725 -4.151 1.90485
0.726 -4.4056 2.09946
0.727 -4.6433 2.28325
0.728 -4.86309 2.45554
0.729 -5.06404 2.61574
0.73 -5.24528 2.7633
0.731 -5.40602 2.89771
0.732 -5.54556 3.01852
0.733 -5.66329 3.12535
0.734 -5.75868 3.21786
0.735 -5.83129 3.29578
0.736 -5.88077 3.35891
0.737 -5.90687 3.40708
0.738 -5.90944 3.44022
0.739 -5.8884 3.4583
0.74 -5.8438 3.46135
0.741 -5.77576 3.44947
0.742 -5.6845 3.42283
0.743 -5.57035 3.38165
0.744 -5.43371 3.32619
0.745 -5.27509 3.25681
0.746 -5.09507 3.1739
0.747 -4.89435 3.07791
0.748 -4.67367 2.96935
0.749 -4.43389 2.84876
0.75 -4.17594 2.71676
0.751 -3.9008 2.574
0.752 -3.60955 2.42117
0.753 -3.30333 2.259
0.754 -2.98332 2.08827
0.755 -2.65079 1.90979
0.756 -2.30703 1.72439
0.757 -1.9534 1.53294
0.758 -1.5913 1.33633
0.759 -1.22215 1.13546
0.76 -0.847399 0.931259
0.761 -0.468543 0.724669
0.762 -0.0870757 0.516634
0.763 0.29549 0.308104
0.764 0.677639 0.100029
0.765 1.05785 -0.106642
0.766 1.43462 -0.310969
0.767 1.80646 -0.512024
0.768 2.17187 -0.708893
0.769 2.52941 -0.900681
0.77 2.87766 -1.08652
0.771 3.21523 -1.26555
0.772 3.54078 -1.43698
0.773 3.85301 -1.6
0.774 4.15069 -1.75389
0.775 4.43262 -1.89792
0.776 4.69769 -2.03145
0.777 4.94484 -2.15385
0.778 5.1731 -2.26454
0.779 5.38155 -2.36302
0.78 5.56937 -2.44881
0.781 5.73583 -2.5215
0.782 5.88026 -2.58074
0.783 6.00209 -2.62623
0.784 6.10086 -2.65773
0.785 6.17618 -2.67505
0.786 6.22776 -2.67809
0.787 6.25541 -2.66678
0.788 6.25904 -2.64113
0.789 6.23865 -2.60121
0.79 6.19435 -2.54714
0.791 6.12632 -2.47912
0.792 6.03487 -2.39739
0.793 5.92039 -2.30226
0.794 5.78336 -2.1941
0.795 5.62436 -2.07333
0.796 5.44405 -1.94043
0.797 5.24318 -1.79593
0.798 5.0226 -1.6404
0.799 4.78323 -1.47449
0.8 4.52605 -1.29886
0.801 4.25213 -1.11422
0.802 3.96261 -0.921352
0.803 3.6587 -0.721032
0.804 3.34165 -0.514091
0.805 3.01277 -0.301389
0.806 2.67344 -0.0838081
0.807 2.32505 0.137744
0.808 1.96905 0.362342
0.809 1.60692 0.589044
0.81 1.24016 0.816899
0.811 0.870289 1.04495
0.812 0.498846 1.27222
0.813 0.127373 1.49777
0.814 -0.242588 1.72063
0.815 -0.609496 1.93984
0.816 -0.971825 2.15449
0.817 -1.32807 2.36364
0.818 -1.67673 2.56641
0.819 -2.01637 2.7619
0.82 -2.34556 2.94929
0.821 -2.66293 3.12775
0.822 -2.96714 3.29651
0.823 -3.25692 3.45483
0.824 -3.53105 3.602
0.825 -3.78837 3.73738
0.826 -4.0278 3.86035
0.827 -4.24831 3.97036
0.828 -4.44899 4.0669
0.829 -4.62895 4.14953
0.83 -4.78744 4.21785
0.831 -4.92377 4.27152
0.832 -5.03733 4.31028
0.833 -5.12763 4.33391
0.834 -5.19427 4.34225
0.835 -5.23692 4.33522
0.836 -5.25538 4.3128
0.837 -5.24953 4.27502
0.838 -5.21936 4.22198
0.839 -5.16496 4.15386
0.84 -5.08651 4.07088
0.841 -4.98429 3.97333
0.842 -4.85869 3.86157
0.843 -4.7102 3.736
0.844 -4.53937 3.5971
0.845 -4.34688 3.4454
0.846 -4.13348 3.28147
0.847 -3.90002 3.10595
0.848 -3.64743 2.91952
0.849 -3.3767 2.72291
0.85 -3.08893 2.5169
0.851 -2.78527 2.3023
0.852 -2.46693 2.07996
0.853 -2.1352 1.85077
0.854 -1.79142 1.61564
0.855 -1.43698 1.37552
0.856 -1.07332 1.13138
0.857 -0.701918 0.884209
0.858 -0.324281 0.635001
0.859 0.0580473 0.384773
0.86 0.443507 0.134545
0.861 0.83052 -0.11466
0.862 1.2175 -0.36182
0.863 1.60286 -0.605919
0.864 1.98501 -0.845949
0.865 2.36238 -1.08092
0.866 2.73341 -1.30985
0.867 3.09656 -1.5318
0.868 3.45032 -1.74583
0.869 3.79323 -1.95104
0.87 4.12385 -2.14658
0.871 4.44081 -2.33162
0.872 4.74276 -2.50536
0.873 5.02845 -2.66708
0.874 5.29665 -2.81607
0.875 5.54624 -2.95169
0.876 5.77613 -3.07334
0.877 5.98536 -3.1805
0.878 6.173 -3.27268
0.879 6.33824 -3.34947
0.88 6.48034 -3.4105
0.881 6.59866 -3.45548
0.882 6.69266 -3.48419
0.883 6.76189 -3.49646
0.884 6.80599 -3.49219
0.885 6.82472 -3.47136
0.886 6.81793 -3.434
0.887 6.78557 -3.38022
0.888 6.72771 -3.31019
0.889 6.64449 -3.22416
0.89 6.53619 -3.12242
0.891 6.40317 -3.00535
0.892 6.24589 -2.87339
0.893 6.06491 -2.72703
0.894 5.86088 -2.56683
0.895 5.63457 -2.3934
0.896 5.3868 -2.20742
0.897 5.11851 -2.00961
0.898 4.83071 -1.80075
0.899 4.52449 -1.58165
0.9 4.20102 -1.3532
0.901 3.86154 -1.11628
0.902 3.50734 -0.871859
0.903 3.13979 -0.620906
0.904 2.76032 -0.364433
0.905 2.37038 -0.103475
0.906 1.9715 0.160911
0.907 1.56522 0.427648
0.908 1.15312 0.695649
0.909 0.736812 0.963815
0.91 0.317918 1.23104
0.911 -0.101923 1.49623
0.912 -0.52107 1.75829
0.913 -0.937879 2.01611
0.914 -1.35072 2.26862
0.915 -1.75796 2.51477
0.916 -2.15802 2.75351
0.917 -2.54931 2.98383
0.918 -2.9303 3.20475
0.919 -3.29948 3.41532
0.92 -3.65542 3.61462
0.921 -3.99669 3.80179
0.922 -4.32197 3.97599
0.923 -4.62996 4.13645
0.924 -4.91945 4.28245
0.925 -5.18931 4.41331
0.926 -5.43847 4.52842
0.927 -5.66595 4.62723
0.928 -5.87086 4.70924
0.929 -6.05238 4.77402
0.93 -6.20981 4.82122
0.931 -6.34253 4.85054
0.932 -6.45002 4.86176
0.933 -6.53186 4.85472
0.934 -6.58774 4.82933
0.935 -6.61745 4.7856
0.936 -6.62088 4.72357
0.937 -6.59803 4.64339
0.938 -6.549 4.54524
0.939 -6.47399 4.42941
0.94 -6.37334 4.29624
0.941 -6.24743 4.14614
0.942 -6.09681 3.9796
0.943 -5.92207 3.79714
0.944 -5.72394 3.59939
0.945 -5.50323 3.38701
0.946 -5.26082 3.16072
0.947 -4.99771 2.92131
0.948 -4.71496 2.66962
0.949 -4.41373 2.40653
0.95 -4.09524 2.13297
0.951 -3.76079 1.84992
0.952 -3.41172 1.55838
0.953 -3.04946 1.25941
0.954 -2.67549 0.954094
0.955 -2.29131 0.643527
0.956 -1.8985 0.328841
0.957 -1.49865 0.0111845
0.958 -1.09338 -0.308283
0.959 -0.684351 -0.62839
0.96 -0.273218 -0.947963
0.961 0.138341 -1.26583
0.962 0.54865 -1.58081
0.963 0.956035 -1.89175
0.964 1.35883 -2.19751
0.965 1.7554 -2.49694
0.966 2.14412 -2.78895
0.967 2.52339 -3.07246
0.968 2.89167 -3.3464
0.969 3.24745 -3.60978
0.97 3.58926 -3.86161
0.971 3.9157 -4.10097
0.972 4.22542 -4.32696
0.973 4.51715 -4.53876
0.974 4.78967 -4.73558
0.975 5.04187 -4.9167
0.976 5.27268 -5.08144
0.977 5.48115 -5.22922
0.978 5.66639 -5.35948
0.979 5.82763 -5.47176
0.98 5.96418 -5.56565
0.981 6.07545 -5.64082
0.982 6.16096 -5.69701
0.983 6.22031 -5.73403
0.984 6.25324 -5.75175
0.985 6.25956 -5.75014
0.986 6.23921 -5.72923
0.987 6.19223 -5.68913
0.988 6.11877 -5.63001
0.989 6.01908 -5.55212
0.99 5.89352 -5.45579
0.991 5.74254 -5.34142
0.992 5.56673 -5.20946
0.993 5.36673 -5.06044
0.994 5.14332 -4.89496
0.995 4.89734 -4.71369
0.996 4.62975 -4.51733
0.997 4.34158 -4.30666
0.998 4.03395 -4.08252
0.999 3.70805 -3.84579
1 3.36515 -3.5974
