0.001 3.18811e-008 2.16984e-009
0.002 2.9283e-007 1.74341e-008
0.003 1.39139e-006 7.24005e-008
0.004 4.63986e-006 2.12706e-007
0.005 1.2346e-005 5.0539e-007
0.006 2.80946e-005 1.04291e-006
0.007 5.70178e-005 1.94922e-006
0.008 0.000106049 3.38845e-006
0.009 0.000184161 5.57631e-006
0.01 0.000302584 8.79497e-006
0.011 0.000475004 1.34113e-005
0.012 0.000717731 1.98992e-005
0.013 0.00104985 2.88657e-005
0.014 0.00149335 4.10816e-005
0.015 0.00207319 5.75166e-005
0.016 0.0028174 7.93783e-005
0.017 0.00375707 0.000108157
0.018 0.00492638 0.000145672
0.019 0.00636255 0.000194127
0.02 0.0081058 0.000256167
0.021 0.0101992 0.000334935
0.022 0.0126886 0.000434142
0.023 0.0156224 0.000558132
0.024 0.0190514 0.000711955
0.025 0.0230285 0.000901438
0.026 0.0276087 0.00113326
0.027 0.0328483 0.00141504
0.028 0.0388052 0.00175539
0.029 0.0455379 0.00216403
0.03 0.0531057 0.00265182
0.031 0.0615681 0.00323087
0.032 0.0709843 0.00391463
0.033 0.0814127 0.0047179
0.034 0.0929109 0.00565696
0.035 0.105535 0.00674959
0.036 0.119337 0.00801516
0.037 0.134371 0.00947467
0.038 0.150683 0.0111508
0.039 0.168319 0.0130679
0.04 0.187319 0.0152521
0.041 0.20772 0.0177313
0.042 0.229552 0.0205351
0.043 0.252843 0.023695
0.044 0.277611 0.027244
0.045 0.303872 0.0312172
0.046 0.331632 0.035651
0.047 0.360891 0.0405837
0.048 0.391642 0.046055
0.049 0.423871 0.0521062
0.05 0.457554 0.05878
0.051 0.49266 0.0661201
0.052 0.529149 0.0741718
0.053 0.566973 0.082981
0.054 0.606076 0.0925946
0.055 0.64639 0.10306
0.056 0.687841 0.114426
0.057 0.730345 0.12674
0.058 0.77381 0.140051
0.059 0.818134 0.154406
0.06 0.863207 0.169855
0.061 0.90891 0.186443
0.062 0.955118 0.204217
0.063 1.0017 0.223222
0.064 1.0485 0.243501
0.065 1.09539 0.265096
0.066 1.14219 0.288046
0.067 1.18877 0.312388
0.068 1.23493 0.338156
0.069 1.28052 0.365381
0.07 1.32536 0.394091
0.071 1.36927 0.42431
0.072 1.41206 0.456057
0.073 1.45356 0.489348
0.074 1.49357 0.524194
0.075 1.53192 0.560599
0.076 1.56841 0.598564
0.077 1.60286 0.638084
0.078 1.63509 0.679147
0.079 1.66491 0.721737
0.08 1.69217 0.765827
0.081 1.71668 0.811389
0.082 1.73828 0.858384
0.083 1.75681 0.906768
0.084 1.77213 0.956489
0.085 1.7841 1.00749
0.086 1.79257 1.0597
0.087 1.79744 1.11304
0.088 1.79859 1.16744
0.089 1.79592 1.2228
0.09 1.78935 1.27903
0.091 1.7788 1.33602
0.092 1.76423 1.39366
0.093 1.74557 1.45183
0.094 1.72282 1.51039
0.095 1.69595 1.56922
0.096 1.66496 1.62818
0.097 1.62989 1.68711
0.098 1.59077 1.74585
0.099 1.54764 1.80426
0.1 1.50059 1.86216
0.101 1.4497 1.91938
0.102 1.39509 1.97574
0.103 1.33686 2.03106
0.104 1.27518 2.08516
0.105 1.21019 2.13784
0.106 1.14206 2.18892
0.107 1.071 2.2382
0.108 0.997215 2.28549
0.109 0.920917 2.33059
0.11 0.842348 2.3733
0.111 0.761761 2.41343
0.112 0.67942 2.45079
0.113 0.595601 2.48518
0.114 0.510593 2.51641
0.115 0.424694 2.5443
0.116 0.338214 2.56866
0.117 0.251468 2.58932
0.118 0.164779 2.60611
0.119 0.0784757 2.61886
0.12 -0.00710723 2.62742
0.121 -0.0916337 2.63164
0.122 -0.174765 2.63138
0.123 -0.256163 2.62651
0.124 -0.335489 2.61691
0.125 -0.412408 2.60249
0.126 -0.486589 2.58313
0.127 -0.557707 2.55876
0.128 -0.625441 2.52931
0.129 -0.689482 2.49473
0.13 -0.749529 2.45497
0.131 -0.805293 2.41001
0.132 -0.856496 2.35985
0.133 -0.902878 2.30448
0.134 -0.944189 2.24393
0.135 -0.980201 2.17823
0.136 -1.0107 2.10746
0.137 -1.0355 2.03167
0.138 -1.05442 1.95097
0.139 -1.0673 1.86545
0.14 -1.07404 1.77526
0.141 -1.07451 1.68052
0.142 -1.06863 1.5814
0.143 -1.05636 1.47809
0.144 -1.03765 1.37077
0.145 -1.01251 1.25966
0.146 -0.980961 1.14498
0.147 -0.943043 1.02699
0.148 -0.898836 0.905947
0.149 -0.848444 0.782118
0.15 -0.791997 0.655796
0.151 -0.729652 0.527284
0.152 -0.661593 0.396898
0.153 -0.588031 0.264966
0.154 -0.509203 0.131825
0.155 -0.425371 -0.00217486
0.156 -0.336821 -0.136677
0.157 -0.243865 -0.271316
0.158 -0.146836 -0.405719
0.159 -0.0460906 -0.539509
0.16 0.0579956 -0.672302
0.161 0.165026 -0.803714
0.162 0.274587 -0.933356
0.163 0.386247 -1.06084
0.164 0.49956 -1.18578
0.165 0.614067 -1.30779
0.166 0.729296 -1.42649
0.167 0.844764 -1.5415
0.168 0.959983 -1.65245
0.169 1.07446 -1.75898
0.17 1.18768 -1.86073
0.171 1.29916 -1.95736
0.172 1.40838 -2.04854
0.173 1.51484 -2.13394
0.174 1.61805 -2.21328
0.175 1.71752 -2.28624
0.176 1.81276 -2.35258
0.177 1.90329 -2.41203
0.178 1.98865 -2.46435
0.179 2.0684 -2.50934
0.18 2.1421 -2.5468
0.181 2.20933 -2.57657
0.182 2.26972 -2.59849
0.183 2.32287 -2.61245
0.184 2.36845 -2.61834
0.185 2.40613 -2.6161
0.186 2.43562 -2.60569
0.187 2.45664 -2.58708
0.188 2.46896 -2.56029
0.189 2.47238 -2.52534
0.19 2.46672 -2.48231
0.191 2.45183 -2.43129
0.192 2.42763 -2.37239
0.193 2.39402 -2.30578
0.194 2.35099 -2.23161
0.195 2.29853 -2.1501
0.196 2.23669 -2.06148
0.197 2.16554 -1.96599
0.198 2.08519 -1.86394
0.199 1.9958 -1.75562
0.2 1.89756 -1.64137
0.201 1.7907 -1.52153
0.202 1.67547 -1.39651
0.203 1.55218 -1.26668
0.204 1.42115 -1.13248
0.205 1.28277 -0.994336
0.206 1.13743 -0.852715
0.207 0.985554 -0.708089
0.208 0.827616 -0.560944
0.209 0.664103 -0.411784
0.21 0.495535 -0.26112
0.211 0.322455 -0.109477
0.212 0.145431 0.0426149
0.213 -0.0349477 0.194618
0.214 -0.218074 0.34599
0.215 -0.403322 0.496188
0.216 -0.590052 0.644665
0.217 -0.777613 0.790879
0.218 -0.965341 0.934288
0.219 -1.15257 1.07436
0.22 -1.33862 1.21056
0.221 -1.52282 1.34237
0.222 -1.70449 1.46929
0.223 -1.88297 1.59082
0.224 -2.05758 1.70648
0.225 -2.22766 1.81581
0.226 -2.39258 1.91835
0.227 -2.55169 2.01369
0.228 -2.70439 2.10143
0.229 -2.85007 2.18118
0.23 -2.98816 2.25259
0.231 -3.11811 2.31533
0.232 -3.2394 2.3691
0.233 -3.35153 2.41363
0.234 -3.45404 2.44869
0.235 -3.54649 2.47405
0.236 -3.62849 2.48955
0.237 -3.69969 2.49505
0.238 -3.75975 2.49043
0.239 -3.80841 2.47562
0.24 -3.84542 2.45059
0.241 -3.87059 2.41532
0.242 -3.88377 2.36986
0.243 -3.88485 2.31427
0.244 -3.87377 2.24866
0.245 -3.85052 2.17317
0.246 -3.81513 2.08798
0.247 -3.76768 1.99329
0.248 -3.7083 1.88937
0.249 -3.63715 1.77648
0.25 -3.55447 1.65494
0.251 -3.46051 1.52511
0.252 -3.35559 1.38735
0.253 -3.24006 1.24208
0.254 -3.11432 1.08973
0.255 -2.97881 0.930772
0.256 -2.83401 0.765694
0.257 -2.68044 0.59501
0.258 -2.51866 0.419257
0.259 -2.34925 0.238995
0.26 -2.17284 0.0548003
0.261 -1.99009 -0.132733
0.262 -1.80168 -0.322997
0.263 -1.60831 -0.515369
0.264 -1.41071 -0.709218
0.265 -1.20964 -0.903904
0.266 -1.00587 -1.09878
0.267 -0.800176 -1.2932
0.268 -0.593354 -1.48651
0.269 -0.386206 -1.67805
0.27 -0.17954 -1.86719
0.271 0.0258346 -2.05329
0.272 0.229111 -2.2357
0.273 0.429485 -2.41382
0.274 0.626161 -2.58702
0.275 0.818355 -2.75471
0.276 1.0053 -2.91633
0.277 1.18623 -3.0713
0.278 1.36043 -3.2191
0.279 1.52718 -3.3592
0.28 1.6858 -3.49114
0.281 1.83564 -3.61443
0.282 1.97607 -3.72866
0.283 2.10652 -3.83343
0.284 2.22642 -3.92836
0.285 2.33527 -4.01312
0.286 2.43261 -4.08742
0.287 2.51801 -4.15099
0.288 2.59108 -4.20361
0.289 2.65151 -4.24508
0.29 2.69902 -4.27527
0.291 2.73336 -4.29407
0.292 2.75436 -4.3014
0.293 2.7619 -4.29724
0.294 2.7559 -4.28161
0.295 2.73635 -4.25455
0.296 2.70329 -4.21616
0.297 2.65679 -4.16658
0.298 2.59701 -4.10598
0.299 2.52415 -4.03457
0.3 2.43846 -3.95261
0.301 2.34025 -3.86039
0.302 2.22986 -3.75823
0.303 2.10772 -3.64649
0.304 1.97427 -3.52558
0.305 1.83003 -3.39592
0.306 1.67553 -3.25796
0.307 1.51138 -3.11221
0.308 1.33822 -2.95917
0.309 1.1567 -2.79939
0.31 0.967557 -2.63344
0.311 0.771522 -2.46189
0.312 0.569374 -2.28537
0.313 0.361918 -2.10448
0.314 0.149983 -1.91988
0.315 -0.0655812 -1.73221
0.316 -0.283904 -1.54213
0.317 -0.504103 -1.35032
0.318 -0.725281 -1.15743
0.319 -0.946537 -0.964152
0.32 -1.16696 -0.771154
0.321 -1.38565 -0.579109
0.322 -1.60169 -0.388682
0.323 -1.81419 -0.200531
0.324 -2.02226 -0.0153036
0.325 -2.22502 0.166367
0.326 -2.42163 0.343861
0.327 -2.61124 0.51658
0.328 -2.79305 0.683941
0.329 -2.96626 0.845388
0.33 -3.13014 1.00039
0.331 -3.28397 1.14843
0.332 -3.42706 1.28904
0.333 -3.55878 1.42176
0.334 -3.67853 1.54619
0.335 -3.78576 1.66194
0.336 -3.87997 1.76867
0.337 -3.96071 1.86605
0.338 -4.02759 1.95382
0.339 -4.08024 2.03175
0.34 -4.11839 2.09964
0.341 -4.14181 2.15733
0.342 -4.15031 2.20472
0.343 -4.14379 2.24172
0.344 -4.1222 2.26831
0.345 -4.08553 2.2845
0.346 -4.03385 2.29034
0.347 -3.96729 2.28592
0.348 -3.88605 2.27138
0.349 -3.79035 2.24688
0.35 -3.68052 2.21265
0.351 -3.55691 2.16893
0.352 -3.41994 2.11602
0.353 -3.27009 2.05423
0.354 -3.10789 1.98393
0.355 -2.93391 1.90551
0.356 -2.74879 1.8194
0.357 -2.55321 1.72604
0.358 -2.34787 1.62593
0.359 -2.13354 1.51956
0.36 -1.91103 1.40748
0.361 -1.68117 1.29023
0.362 -1.44482 1.1684
0.363 -1.20288 1.04256
0.364 -0.956269 0.913328
0.365 -0.705934 0.781318
0.366 -0.452833 0.647155
0.367 -0.197939 0.511472
0.368 0.0577648 0.374908
0.369 0.313288 0.2381
0.37 0.567639 0.101687
0.371 0.81983 -0.0336969
0.372 1.06888 -0.167424
0.373 1.31381 -0.298876
0.374 1.55366 -0.427445
0.375 1.7875 -0.552537
0.376 2.01441 -0.673577
0.377 2.23349 -0.790005
0.378 2.44388 -0.901287
0.379 2.64476 -1.00691
0.38 2.83532 -1.10638
0.381 3.01482 -1.19924
0.382 3.18255 -1.28507
0.383 3.33784 -1.36346
0.384 3.48009 -1.43405
0.385 3.60872 -1.4965
0.386 3.72323 -1.55052
0.387 3.82317 -1.59585
0.388 3.90815 -1.63228
0.389 3.97784 -1.65962
0.39 4.03196 -1.67773
0.391 4.0703 -1.68651
0.392 4.09273 -1.6859
0.393 4.09916 -1.67589
0.394 4.08959 -1.6565
0.395 4.06406 -1.62779
0.396 4.02269 -1.58987
0.397 3.96567 -1.54288
0.398 3.89325 -1.48702
0.399 3.80573 -1.4225
0.4 3.7035 -1.34959
0.401 3.58699 -1.2686
0.402 3.4567 -1.17985
0.403 3.31317 -1.08372
0.404 3.15703 -0.980619
0.405 2.98893 -0.870972
0.406 2.8096 -0.755247
0.407 2.61978 -0.633935
0.408 2.4203 -0.507554
0.409 2.21199 -0.376644
0.41 1.99576 -0.241763
0.411 1.77252 -0.103492
0.412 1.54322 0.0375747
0.413 1.30885 0.18083
0.414 1.07041 0.325654
0.415 0.828924 0.471422
0.416 0.585436 0.6175
0.417 0.340994 0.763256
0.418 0.0966528 0.908053
0.419 -0.146528 1.05126
0.42 -0.387492 1.19225
0.421 -0.625189 1.33041
0.422 -0.858582 1.46514
0.423 -1.08665 1.59583
0.424 -1.30838 1.72191
0.425 -1.5228 1.84283
0.426 -1.72895 1.95805
0.427 -1.92592 2.06705
0.428 -2.11283 2.16935
0.429 -2.28882 2.2645
0.43 -2.4531 2.35206
0.431 -2.60491 2.43165
0.432 -2.74355 2.50289
0.433 -2.86837 2.56546
0.434 -2.97878 2.61907
0.435 -3.07423 2.66348
0.436 -3.15425 2.69847
0.437 -3.21844 2.72387
0.438 -3.26644 2.73957
0.439 -3.29798 2.74546
0.44 -3.31284 2.74151
0.441 -3.31089 2.72771
0.442 -3.29204 2.70412
0.443 -3.25631 2.67083
0.444 -3.20376 2.62795
0.445 -3.13452 2.57567
0.446 -3.04882 2.5142
0.447 -2.94693 2.4438
0.448 -2.82921 2.36476
0.449 -2.69607 2.27743
0.45 -2.54799 2.18217
0.451 -2.38553 2.0794
0.452 -2.20929 1.96956
0.453 -2.01996 1.85313
0.454 -1.81825 1.73063
0.455 -1.60495 1.60259
0.456 -1.3809 1.46958
0.457 -1.14697 1.33219
0.458 -0.90411 1.19104
0.459 -0.653276 1.04675
0.46 -0.395479 0.89997
0.461 -0.13176 0.751371
0.462 0.136811 0.601625
0.463 0.40914 0.451416
0.464 0.68411 0.301433
0.465 0.96059 0.152367
0.466 1.23744 0.0049096
0.467 1.51351 -0.140251
0.468 1.78764 -0.282434
0.469 2.0587 -0.420965
0.47 2.32553 -0.555186
0.471 2.58702 -0.68445
0.472 2.84204 -0.808131
0.473 3.08952 -0.925623
0.474 3.32838 -1.03634
0.475 3.5576 -1.13973
0.476 3.77618 -1.23526
0.477 3.98316 -1.32244
0.478 4.17763 -1.40081
0.479 4.35871 -1.46992
0.48 4.5256 -1.5294
0.481 4.67753 -1.5789
0.482 4.8138 -1.6181
0.483 4.93376 -1.64674
0.484 5.03685 -1.66459
0.485 5.12254 -1.67149
0.486 5.19039 -1.66729
0.487 5.24004 -1.65192
0.488 5.27118 -1.62534
0.489 5.28359 -1.58757
0.49 5.27711 -1.53866
0.491 5.25169 -1.47874
0.492 5.20731 -1.40795
0.493 5.14407 -1.32651
0.494 5.06211 -1.23468
0.495 4.96168 -1.13275
0.496 4.84309 -1.02107
0.497 4.70672 -0.900047
0.498 4.55303 -0.770107
0.499 4.38255 -0.631732
0.5 4.19588 -0.485442
0.501 3.9937 -0.331794
0.502 3.77675 -0.171381
0.503 3.54581 -0.00483303
0.504 3.30175 0.167192
0.505 3.04548 0.344004
0.506 2.77796 0.524889
0.507 2.50023 0.709107
0.508 2.21332 0.8959
0.509 1.91836 1.08449
0.51 1.61647 1.27408
0.511 1.30882 1.46388
0.512 0.996626 1.65307
0.513 0.681092 1.84082
0.514 0.363461 2.02634
0.515 0.0449832 2.20879
0.516 -0.273082 2.38737
0.517 -0.589475 2.56127
0.518 -0.902938 2.7297
0.519 -1.21222 2.89189
0.52 -1.51608 3.04708
0.521 -1.81331 3.19453
0.522 -2.1027 3.33354
0.523 -2.38308 3.46341
0.524 -2.65333 3.58349
0.525 -2.91235 3.69317
0.526 -3.15907 3.79187
0.527 -3.39249 3.87903
0.528 -3.61164 3.95416
0.529 -3.81564 4.0168
0.53 -4.00363 4.06654
0.531 -4.17482 4.103
0.532 -4.32851 4.12588
0.533 -4.46404 4.13492
0.534 -4.58084 4.12989
0.535 -4.67841 4.11065
0.536 -4.75632 4.07709
0.537 -4.81423 4.02916
0.538 -4.85187 3.96687
0.539 -4.86905 3.89029
0.54 -4.86567 3.79954
0.541 -4.84171 3.6948
0.542 -4.79725 3.5763
0.543 -4.73241 3.44433
0.544 -4.64745 3.29924
0.545 -4.54266 3.14142
0.546 -4.41845 2.97132
0.547 -4.2753 2.78946
0.548 -4.11374 2.59636
0.549 -3.93442 2.39264
0.55 -3.73805 2.17894
0.551 -3.52538 1.95594
0.552 -3.29728 1.72436
0.553 -3.05465 1.48498
0.554 -2.79845 1.23859
0.555 -2.52973 0.986021
0.556 -2.24956 0.728135
0.557 -1.95908 0.465818
0.558 -1.65946 0.199977
0.559 -1.35193 -0.0684582
0.56 -1.03773 -0.338546
0.561 -0.718168 -0.609331
0.562 -0.39454 -0.879851
0.563 -0.0681825 -1.14914
0.564 0.259557 -1.41622
0.565 0.587321 -1.68014
0.566 0.913747 -1.93993
0.567 1.23748 -2.19464
0.568 1.55715 -2.44335
0.569 1.87144 -2.68514
0.57 2.17901 -2.91911
0.571 2.47856 -3.14439
0.572 2.76882 -3.36015
0.573 3.04855 -3.56557
0.574 3.31656 -3.75988
0.575 3.57168 -3.94236
0.576 3.81281 -4.1123
0.577 4.0389 -4.26906
0.578 4.24894 -4.41203
0.579 4.44201 -4.54068
0.58 4.61723 -4.65449
0.581 4.7738 -4.75302
0.582 4.911 -4.83588
0.583 5.02817 -4.90274
0.584 5.12474 -4.95334
0.585 5.20023 -4.98744
0.586 5.25422 -5.00492
0.587 5.2864 -5.00567
0.588 5.29652 -4.98967
0.589 5.28444 -4.95697
0.59 5.25011 -4.90765
0.591 5.19355 -4.8419
0.592 5.11488 -4.75993
0.593 5.01432 -4.66203
0.594 4.89216 -4.54856
0.595 4.74879 -4.41992
0.596 4.58469 -4.27658
0.597 4.4004 -4.11907
0.598 4.19658 -3.94797
0.599 3.97393 -3.76392
0.6 3.73327 -3.56759
0.601 3.47546 -3.35972
0.602 3.20144 -3.14108
0.603 2.91223 -2.91251
0.604 2.6089 -2.67485
0.605 2.29259 -2.42901
0.606 1.96449 -2.1759
0.607 1.62584 -1.9165
0.608 1.27791 -1.65178
0.609 0.922049 -1.38276
0.61 0.559607 -1.11045
0.611 0.191979 -0.835892
0.612 -0.179421 -0.560139
0.613 -0.553156 -0.284245
0.614 -0.927779 -0.0092664
0.615 -1.30183 0.263741
0.616 -1.67387 0.533727
0.617 -2.04242 0.799652
0.618 -2.40606 1.06049
0.619 -2.76335 1.31524
0.62 -3.11289 1.5629
0.621 -3.45331 1.80253
0.622 -3.78325 2.03319
0.623 -4.10142 2.25398
0.624 -4.40656 2.46405
0.625 -4.69744 2.66258
0.626 -4.97292 2.84878
0.627 -5.23189 3.02193
0.628 -5.47331 3.18135
0.629 -5.69622 3.3264
0.63 -5.89972 3.45653
0.631 -6.08298 3.5712
0.632 -6.24527 3.66996
0.633 -6.38591 3.75242
0.634 -6.50434 3.81823
0.635 -6.60005 3.86713
0.636 -6.67266 3.89892
0.637 -6.72184 3.91344
0.638 -6.74738 3.91063
0.639 -6.74916 3.89049
0.64 -6.72714 3.85306
0.641 -6.68139 3.79848
0.642 -6.61207 3.72695
0.643 -6.51942 3.63871
0.644 -6.40378 3.53409
0.645 -6.26561 3.41349
0.646 -6.10541 3.27734
0.647 -5.92381 3.12616
0.648 -5.7215 2.96051
0.649 -5.49927 2.78102
0.65 -5.25798 2.58837
0.651 -4.99856 2.38328
0.652 -4.72202 2.16654
0.653 -4.42946 1.93896
0.654 -4.12201 1.70141
0.655 -3.80088 1.4548
0.656 -3.46733 1.20006
0.657 -3.12267 0.938164
0.658 -2.76826 0.670113
0.659 -2.40549 0.39693
0.66 -2.03581 0.119659
0.661 -1.66066 -0.160642
0.662 -1.28152 -0.4429
0.663 -0.899908 -0.726036
0.664 -0.517322 -1.00897
0.665 -0.135279 -1.29061
0.666 0.244707 -1.56989
0.667 0.621129 -1.84573
0.668 0.992496 -2.11709
0.669 1.35733 -2.38292
0.67 1.71419 -2.64221
0.671 2.06166 -2.89396
0.672 2.39835 -3.13722
0.673 2.72293 -3.37106
0.674 3.03411 -3.59458
0.675 3.33066 -3.80693
0.676 3.6114 -4.0073
0.677 3.8752 -4.19494
0.678 4.12104 -4.36912
0.679 4.34793 -4.5292
0.68 4.55497 -4.67456
0.681 4.74135 -4.80465
0.682 4.90632 -4.91899
0.683 5.04925 -5.01716
0.684 5.16956 -5.09878
0.685 5.26679 -5.16356
0.686 5.34057 -5.21126
0.687 5.3906 -5.24172
0.688 5.41671 -5.25483
0.689 5.4188 -5.25057
0.69 5.39689 -5.22895
0.691 5.35107 -5.19009
0.692 5.28155 -5.13415
0.693 5.18864 -5.06137
0.694 5.07271 -4.97205
0.695 4.93426 -4.86654
0.696 4.77388 -4.74527
0.697 4.59222 -4.60873
0.698 4.39004 -4.45746
0.699 4.16818 -4.29206
0.7 3.92756 -4.11318
0.701 3.66918 -3.92154
0.702 3.39411 -3.71788
0.703 3.10348 -3.503
0.704 2.79849 -3.27775
0.705 2.48041 -3.043
0.706 2.15056 -2.79968
0.707 1.81029 -2.54872
0.708 1.46101 -2.2911
0.709 1.10417 -2.02782
0.71 0.741249 -1.7599
0.711 0.373746 -1.48837
0.712 0.00318597 -1.21427
0.713 -0.368895 -0.938663
0.714 -0.740953 -0.662598
0.715 -1.11144 -0.38713
0.716 -1.47882 -0.113308
0.717 -1.84156 0.157828
0.718 -2.19816 0.425254
0.719 -2.54711 0.687961
0.72 -2.88697 0.944964
0.721 -3.21631 1.1953
0.722 -3.53375 1.43805
0.723 -3.83796 1.6723
0.724 -4.12766 1.89721
0.725 -4.40161 2.11194
0.726 -4.65867 2.31572
0.727 -4.89774 2.50783
0.728 -5.11779 2.68759
0.729 -5.31789 2.85436
0.73 -5.49717 3.00757
0.731 -5.65485 3.14671
0.732 -5.79024 3.27132
0.733 -5.90272 3.38101
0.734 -5.9918 3.47543
0.735 -6.05706 3.55433
0.736 -6.09817 3.61748
0.737 -6.11492 3.66476
0.738 -6.10717 3.69609
0.739 -6.07492 3.71145
0.74 -6.01822 3.7109
0.741 -5.93727 3.69457
0.742 -5.83233 3.66264
0.743 -5.70377 3.61536
0.744 -5.55207 3.55305
0.745 -5.37778 3.47607
0.746 -5.18155 3.38488
0.747 -4.96414 3.27995
0.748 -4.72638 3.16184
0.749 -4.46917 3.03115
0.75 -4.19352 2.88854
0.751 -3.90049 2.7347
0.752 -3.59122 2.57038
0.753 -3.26692 2.39637
0.754 -2.92887 2.21351
0.755 -2.57839 2.02264
0.756 -2.21685 1.82467
0.757 -1.84569 1.62052
0.758 -1.46637 1.41113
0.759 -1.08039 1.19748
0.76 -0.689276 0.980538
0.761 -0.294578 0.761307
0.762 0.102137 0.540787
0.763 0.499294 0.319984
0.764 0.895315 0.0999027
0.765 1.28862 -0.118456
0.766 1.67766 -0.334101
0.767 2.06086 -0.546055
0.768 2.43672 -0.753357
0.769 2.80373 -0.955066
0.77 3.16042 -1.15027
0.771 3.50538 -1.33808
0.772 3.83723 -1.51765
0.773 4.15464 -1.68816
0.774 4.45636 -1.84883
0.775 4.74117 -1.99893
0.776 5.00795 -2.13778
0.777 5.25563 -2.26472
0.778 5.48322 -2.37919
0.779 5.68983 -2.48063
0.78 5.87462 -2.56859
0.781 6.03688 -2.64263
0.782 6.17596 -2.7024
0.783 6.29132 -2.74761
0.784 6.38249 -2.77802
0.785 6.44914 -2.79345
0.786 6.491 -2.79381
0.787 6.50794 -2.77905
0.788 6.49989 -2.7492
0.789 6.4669 -2.70434
0.79 6.40914 -2.64464
0.791 6.32685 -2.57031
0.792 6.22039 -2.48164
0.793 6.0902 -2.37896
0.794 5.93685 -2.26268
0.795 5.76097 -2.13327
0.796 5.5633 -1.99125
0.797 5.34467 -1.8372
0.798 5.10598 -1.67173
0.799 4.84823 -1.49554
0.8 4.5725 -1.30935
0.801 4.27992 -1.11393
0.802 3.97172 -0.910085
0.803 3.64918 -0.698671
0.804 3.31363 -0.48057
0.805 2.96647 -0.256695
0.806 2.60914 -0.0279859
0.807 2.24312 0.204594
0.808 1.86993 0.440063
0.809 1.49113 0.677425
0.81 1.10829 0.915674
0.811 0.722994 1.1538
0.812 0.336855 1.39078
0.813 -0.0485236 1.62561
0.814 -0.431536 1.85728
0.815 -0.810587 2.0848
0.816 -1.18409 2.30719
0.817 -1.5505 2.52348
0.818 -1.90827 2.73274
0.819 -2.25591 2.93406
0.82 -2.59196 3.12656
0.821 -2.91502 3.30939
0.822 -3.22372 3.48175
0.823 -3.51677 3.64288
0.824 -3.79292 3.79206
0.825 -4.05102 3.92861
0.826 -4.28997 4.05192
0.827 -4.50874 4.16142
0.828 -4.70642 4.25661
0.829 -4.88214 4.33702
0.83 -5.03515 4.40228
0.831 -5.16478 4.45204
0.832 -5.27047 4.48606
0.833 -5.35174 4.50414
0.834 -5.40821 4.50612
0.835 -5.43962 4.49197
0.836 -5.4458 4.46166
0.837 -5.42669 4.41528
0.838 -5.38232 4.35296
0.839 -5.31284 4.2749
0.84 -5.2185 4.18137
0.841 -5.09965 4.0727
0.842 -4.95673 3.9493
0.843 -4.79031 3.81161
0.844 -4.60102 3.66017
0.845 -4.38962 3.49556
0.846 -4.15694 3.3184
0.847 -3.90391 3.1294
0.848 -3.63153 2.92928
0.849 -3.3409 2.71884
0.85 -3.03318 2.49892
0.851 -2.70962 2.27039
0.852 -2.37152 2.03416
0.853 -2.02025 1.79118
0.854 -1.65724 1.54244
0.855 -1.28396 1.28894
0.856 -0.901931 1.03171
0.857 -0.512718 0.771794
0.858 -0.11791 0.510256
0.859 0.280877 0.248167
0.86 0.682004 -0.0133948
0.861 1.08382 -0.273353
0.862 1.48468 -0.530632
0.863 1.88292 -0.784167
0.864 2.27689 -1.0329
0.865 2.66497 -1.2758
0.866 3.04554 -1.51184
0.867 3.41702 -1.74004
0.868 3.77786 -1.95943
0.869 4.12654 -2.16909
0.87 4.46161 -2.36811
0.871 4.78166 -2.55566
0.872 5.08532 -2.73093
0.873 5.37132 -2.89316
0.874 5.63844 -3.04164
0.875 5.88553 -3.17572
0.876 6.11152 -3.2948
0.877 6.31544 -3.39836
0.878 6.49638 -3.48592
0.879 6.65355 -3.55707
0.88 6.78623 -3.61147
0.881 6.89383 -3.64884
0.882 6.97581 -3.66899
0.883 7.03179 -3.67177
0.884 7.06145 -3.65712
0.885 7.06459 -3.62505
0.886 7.04113 -3.57563
0.887 6.99108 -3.50902
0.888 6.91457 -3.42544
0.889 6.81182 -3.32517
0.89 6.68317 -3.20859
0.891 6.52906 -3.07611
0.892 6.35004 -2.92823
0.893 6.14675 -2.76552
0.894 5.91993 -2.5886
0.895 5.67043 -2.39815
0.896 5.39918 -2.1949
0.897 5.10719 -1.97967
0.898 4.79558 -1.75328
0.899 4.46553 -1.51665
0.9 4.1183 -1.2707
0.901 3.75523 -1.01644
0.902 3.37771 -0.75486
0.903 2.98721 -0.487034
0.904 2.58523 -0.214039
0.905 2.17334 0.0630158
0.906 1.75314 0.343001
0.907 1.32627 0.624771
0.908 0.894389 0.907169
0.909 0.459194 1.18903
0.91 0.0223873 1.46919
0.911 -0.414319 1.74647
0.912 -0.84921 2.01974
0.913 -1.28058 2.28783
0.914 -1.70672 2.54961
0.915 -2.12597 2.80399
0.916 -2.53666 3.04987
0.917 -2.93718 3.2862
0.918 -3.32596 3.51196
0.919 -3.70144 3.72617
0.92 -4.06215 3.92788
0.921 -4.40667 4.11621
0.922 -4.73363 4.29031
0.923 -5.04173 4.44938
0.924 -5.32977 4.5927
0.925 -5.5966 4.71959
0.926 -5.84116 4.82944
0.927 -6.06249 4.9217
0.928 -6.25971 4.99589
0.929 -6.43205 5.05159
0.93 -6.57882 5.08848
0.931 -6.69945 5.10629
0.932 -6.79347 5.10481
0.933 -6.8605 5.08395
0.934 -6.90029 5.04365
0.935 -6.91269 4.98394
0.936 -6.89765 4.90495
0.937 -6.85526 4.80686
0.938 -6.78568 4.68992
0.939 -6.68922 4.55449
0.94 -6.56625 4.40096
0.941 -6.4173 4.22981
0.942 -6.24297 4.04161
0.943 -6.04396 3.83697
0.944 -5.8211 3.61657
0.945 -5.57528 3.38117
0.946 -5.30751 3.13157
0.947 -5.01888 2.86865
0.948 -4.71055 2.59332
0.949 -4.38379 2.30655
0.95 -4.03992 2.00937
0.951 -3.68035 1.70283
0.952 -3.30652 1.38804
0.953 -2.91996 1.06613
0.954 -2.52225 0.738265
0.955 -2.115 0.405642
0.956 -1.69988 0.0694705
0.957 -1.27856 -0.26902
0.958 -0.852771 -0.608588
0.959 -0.424246 -0.947987
0.96 0.00526822 -1.28597
0.961 0.434018 -1.62128
0.962 0.860253 -1.95269
0.963 1.28223 -2.27896
0.964 1.69822 -2.59889
0.965 2.10653 -2.9113
0.966 2.50548 -3.21502
0.967 2.89343 -3.50892
0.968 3.26879 -3.79191
0.969 3.63002 -4.06293
0.97 3.97563 -4.32099
0.971 4.30418 -4.56512
0.972 4.61433 -4.7944
0.973 4.90479 -5.008
0.974 5.17435 -5.2051
0.975 5.42188 -5.385
0.976 5.64635 -5.54701
0.977 5.84682 -5.69054
0.978 6.02244 -5.81506
0.979 6.17245 -5.92012
0.98 6.29622 -6.00533
0.981 6.3932 -6.07039
0.982 6.46295 -6.11507
0.983 6.50516 -6.13922
0.984 6.51961 -6.14276
0.985 6.50619 -6.12571
0.986 6.46492 -6.08814
0.987 6.39592 -6.03023
0.988 6.29941 -5.9522
0.989 6.17574 -5.85439
0.99 6.02537 -5.73718
0.991 5.84886 -5.60104
0.992 5.64686 -5.44652
0.993 5.42015 -5.27423
0.994 5.16961 -5.08484
0.995 4.89618 -4.8791
0.996 4.60093 -4.65782
0.997 4.28501 -4.42187
0.998 3.94964 -4.17217
0.999 3.59613 -3.90968
1 3.22586 -3.63545
