0.001 3.40951e-008 2.55003e-009
0.002 3.10494e-007 2.04809e-008
0.003 1.46398e-006 8.49993e-008
0.004 4.85004e-006 2.49472e-007
0.005 1.28356e-005 5.91888e-007
0.006 2.90801e-005 1.21899e-006
0.007 5.88034e-005 2.27254e-006
0.008 0.000109039 3.93807e-006
0.009 0.000188871 6.45658e-006
0.01 0.000309648 1.01395e-005
0.011 0.000485179 1.53873e-005
0.012 0.000731905 2.27118e-005
0.013 0.00106904 3.27625e-005
0.014 0.0015187 4.63577e-005
0.015 0.00210597 6.45193e-005
0.016 0.00285899 8.85123e-005
0.017 0.00380896 0.000119889
0.018 0.00499016 0.000160537
0.019 0.00643989 0.000212734
0.02 0.0081984 0.0002792
0.021 0.0103088 0.000363162
0.022 0.012817 0.00046842
0.023 0.0157714 0.00059941
0.024 0.0192227 0.000761275
0.025 0.0232237 0.000959944
0.026 0.0278294 0.0012022
0.027 0.0330959 0.00149576
0.028 0.0390808 0.00184936
0.029 0.0458426 0.0022728
0.03 0.0534403 0.00277707
0.031 0.061933 0.00337439
0.032 0.0713797 0.00407829
0.033 0.0818383 0.00490368
0.034 0.0933661 0.00586694
0.035 0.106018 0.00698593
0.036 0.119848 0.00828011
0.037 0.134906 0.00977054
0.038 0.151241 0.01148
0.039 0.168896 0.0134328
0.04 0.187911 0.0156551
0.041 0.208323 0.018175
0.042 0.230162 0.0210219
0.043 0.253452 0.0242273
0.044 0.278215 0.0278243
0.045 0.304462 0.0318477
0.046 0.332201 0.036334
0.047 0.361431 0.0413212
0.048 0.392145 0.046849
0.049 0.424325 0.0529585
0.05 0.45795 0.0596921
0.051 0.492987 0.0670933
0.052 0.529396 0.075207
0.053 0.567128 0.0840789
0.054 0.606126 0.0937556
0.055 0.646322 0.104284
0.056 0.687643 0.115712
0.057 0.730003 0.128088
0.058 0.773309 0.141458
0.059 0.817461 0.155872
0.06 0.862347 0.171375
0.061 0.90785 0.188015
0.062 0.953843 0.205837
0.063 1.00019 0.224886
0.064 1.04676 0.245202
0.065 1.09338 0.266829
0.066 1.13993 0.289803
0.067 1.18622 0.314162
0.068 1.23209 0.339938
0.069 1.27738 0.367162
0.07 1.32191 0.39586
0.071 1.36549 0.426055
0.072 1.40796 0.457767
0.073 1.44912 0.491009
0.074 1.48879 0.525791
0.075 1.52678 0.562118
0.076 1.56292 0.599989
0.077 1.59702 0.639397
0.078 1.6289 0.680332
0.079 1.65838 0.722773
0.08 1.68529 0.766696
0.081 1.70946 0.812071
0.082 1.73073 0.858857
0.083 1.74895 0.907011
0.084 1.76396 0.956479
0.085 1.77562 1.0072
0.086 1.78382 1.05911
0.087 1.78842 1.11213
0.088 1.78932 1.16618
0.089 1.78643 1.22118
0.09 1.77966 1.27701
0.091 1.76894 1.33358
0.092 1.75421 1.39077
0.093 1.73544 1.44847
0.094 1.7126 1.50654
0.095 1.68567 1.56485
0.096 1.65467 1.62326
0.097 1.61961 1.68163
0.098 1.58053 1.73979
0.099 1.53749 1.79759
0.1 1.49057 1.85486
0.101 1.43984 1.91143
0.102 1.38543 1.96713
0.103 1.32746 2.02177
0.104 1.26606 2.07518
0.105 1.20139 2.12716
0.106 1.13364 2.17752
0.107 1.06299 2.22608
0.108 0.989654 2.27264
0.109 0.913846 2.317
0.11 0.835807 2.35898
0.111 0.755787 2.39838
0.112 0.674049 2.435
0.113 0.590868 2.46867
0.114 0.506531 2.49918
0.115 0.421334 2.52637
0.116 0.335584 2.55004
0.117 0.249595 2.57003
0.118 0.163686 2.58618
0.119 0.0781836 2.59831
0.12 -0.00658094 2.60627
0.121 -0.0902746 2.60993
0.122 -0.172562 2.60914
0.123 -0.253109 2.60379
0.124 -0.331581 2.59374
0.125 -0.407645 2.57891
0.126 -0.480976 2.5592
0.127 -0.551251 2.53453
0.128 -0.618156 2.50483
0.129 -0.681384 2.47006
0.13 -0.740639 2.43017
0.131 -0.795635 2.38515
0.132 -0.846102 2.33498
0.133 -0.891779 2.27967
0.134 -0.932425 2.21926
0.135 -0.967814 2.15378
0.136 -0.997737 2.08329
0.137 -1.02201 2.00786
0.138 -1.04045 1.92759
0.139 -1.05293 1.8426
0.14 -1.05931 1.75299
0.141 -1.05949 1.65893
0.142 -1.0534 1.56058
0.143 -1.04097 1.4581
0.144 -1.02219 1.3517
0.145 -0.997057 1.2416
0.146 -0.965584 1.12801
0.147 -0.927828 1.01118
0.148 -0.883864 0.891369
0.149 -0.833799 0.768854
0.15 -0.777762 0.64392
0.151 -0.715911 0.516868
0.152 -0.648431 0.388011
0.153 -0.575533 0.257672
0.154 -0.497452 0.126187
0.155 -0.414449 -0.00609973
0.156 -0.32681 -0.138834
0.157 -0.234844 -0.271655
0.158 -0.138882 -0.404195
0.159 -0.0392766 -0.536082
0.16 0.0635982 -0.666937
0.161 0.16935 -0.796382
0.162 0.277569 -0.924034
0.163 0.387828 -1.04951
0.164 0.499685 -1.17243
0.165 0.612687 -1.29242
0.166 0.726366 -1.40909
0.167 0.840248 -1.52209
0.168 0.953847 -1.63104
0.169 1.06667 -1.7356
0.17 1.17824 -1.8354
0.171 1.28803 -1.93013
0.172 1.39558 -2.01944
0.173 1.50036 -2.10304
0.174 1.6019 -2.18062
0.175 1.69972 -2.2519
0.176 1.79333 -2.31663
0.177 1.88226 -2.37454
0.178 1.96607 -2.42542
0.179 2.04431 -2.46906
0.18 2.11656 -2.50528
0.181 2.18242 -2.5339
0.182 2.24149 -2.5548
0.183 2.29341 -2.56784
0.184 2.33784 -2.57296
0.185 2.37447 -2.57007
0.186 2.403 -2.55913
0.187 2.42318 -2.54014
0.188 2.43477 -2.51311
0.189 2.43757 -2.47808
0.19 2.43142 -2.43511
0.191 2.41618 -2.3843
0.192 2.39175 -2.32577
0.193 2.35807 -2.25967
0.194 2.31509 -2.18619
0.195 2.26284 -2.10552
0.196 2.20135 -2.01789
0.197 2.13071 -1.92356
0.198 2.05102 -1.82282
0.199 1.96244 -1.71596
0.2 1.86516 -1.60332
0.201 1.75941 -1.48525
0.202 1.64546 -1.36213
0.203 1.52358 -1.23436
0.204 1.39413 -1.10234
0.205 1.25746 -0.966517
0.206 1.11397 -0.827338
0.207 0.964085 -0.685272
0.208 0.808269 -0.540798
0.209 0.647004 -0.394412
0.21 0.480804 -0.246619
0.211 0.310205 -0.0979335
0.212 0.135767 0.0511231
0.213 -0.0419292 0.200023
0.214 -0.222284 0.348233
0.215 -0.404681 0.49522
0.216 -0.588491 0.640449
0.217 -0.773071 0.783387
0.218 -0.95777 0.923506
0.219 -1.14193 1.06028
0.22 -1.32489 1.1932
0.221 -1.50598 1.32174
0.222 -1.68454 1.44542
0.223 -1.85991 1.56376
0.224 -2.03143 1.67628
0.225 -2.19847 1.78254
0.226 -2.36038 1.88209
0.227 -2.51655 1.97453
0.228 -2.66637 2.05947
0.229 -2.80925 2.13653
0.23 -2.94465 2.20538
0.231 -3.07201 2.2657
0.232 -3.19082 2.3172
0.233 -3.30061 2.35961
0.234 -3.40091 2.39271
0.235 -3.49131 2.4163
0.236 -3.57143 2.43021
0.237 -3.6409 2.43431
0.238 -3.69943 2.42849
0.239 -3.74674 2.41269
0.24 -3.7826 2.38688
0.241 -3.80682 2.35106
0.242 -3.81926 2.30527
0.243 -3.81981 2.24958
0.244 -3.80843 2.1841
0.245 -3.7851 2.10897
0.246 -3.74986 2.02438
0.247 -3.70279 1.93053
0.248 -3.64402 1.82768
0.249 -3.57372 1.71611
0.25 -3.49211 1.59612
0.251 -3.39945 1.46807
0.252 -3.29606 1.33233
0.253 -3.18229 1.18929
0.254 -3.05852 1.0394
0.255 -2.9252 0.883118
0.256 -2.78279 0.72092
0.257 -2.63182 0.553316
0.258 -2.47282 0.380836
0.259 -2.30639 0.204029
0.26 -2.13313 0.0234611
0.261 -1.95368 -0.160283
0.262 -1.76872 -0.346607
0.263 -1.57895 -0.5349
0.264 -1.38508 -0.724545
0.265 -1.18785 -0.914913
0.266 -0.988015 -1.10537
0.267 -0.78634 -1.29529
0.268 -0.583605 -1.48402
0.269 -0.380597 -1.67094
0.27 -0.178106 -1.85542
0.271 0.0230733 -2.03682
0.272 0.222151 -2.21453
0.273 0.418341 -2.38795
0.274 0.610864 -2.55649
0.275 0.798952 -2.71955
0.276 0.981854 -2.87659
0.277 1.15883 -3.02707
0.278 1.32917 -3.17045
0.279 1.49218 -3.30625
0.28 1.64719 -3.43399
0.281 1.79357 -3.55323
0.282 1.9307 -3.66356
0.283 2.05803 -3.76458
0.284 2.175 -3.85594
0.285 2.28114 -3.93733
0.286 2.37598 -4.00846
0.287 2.4591 -4.06907
0.288 2.53016 -4.11896
0.289 2.58882 -4.15795
0.29 2.63481 -4.18589
0.291 2.66792 -4.2027
0.292 2.68797 -4.20831
0.293 2.69484 -4.2027
0.294 2.68847 -4.18588
0.295 2.66884 -4.15793
0.296 2.63599 -4.11894
0.297 2.59001 -4.06904
0.298 2.53106 -4.00841
0.299 2.45932 -3.93728
0.3 2.37504 -3.85588
0.301 2.27854 -3.76451
0.302 2.17016 -3.6635
0.303 2.0503 -3.55319
0.304 1.91942 -3.434
0.305 1.77801 -3.30632
0.306 1.62661 -3.17064
0.307 1.4658 -3.02741
0.308 1.29621 -2.87715
0.309 1.1185 -2.7204
0.31 0.93337 -2.55771
0.311 0.741545 -2.38966
0.312 0.543788 -2.21684
0.313 0.340885 -2.03986
0.314 0.133648 -1.85935
0.315 -0.0770894 -1.67594
0.316 -0.290479 -1.49028
0.317 -0.505655 -1.30302
0.318 -0.721743 -1.11482
0.319 -0.93786 -0.926338
0.32 -1.15312 -0.738229
0.321 -1.36664 -0.551147
0.322 -1.57753 -0.36574
0.323 -1.78491 -0.18265
0.324 -1.98792 -0.00250309
0.325 -2.18572 0.174083
0.326 -2.37745 0.346508
0.327 -2.56232 0.514189
0.328 -2.73952 0.676565
0.329 -2.90831 0.833094
0.33 -3.06794 0.98326
0.331 -3.21772 1.12657
0.332 -3.35699 1.26257
0.333 -3.48513 1.39083
0.334 -3.60155 1.51094
0.335 -3.70574 1.62253
0.336 -3.79719 1.72528
0.337 -3.87548 1.81889
0.338 -3.94021 1.90309
0.339 -3.99105 1.97767
0.34 -4.02773 2.04243
0.341 -4.05002 2.09725
0.342 -4.05775 2.142
0.343 -4.05082 2.17664
0.344 -4.02917 2.20112
0.345 -3.99282 2.21548
0.346 -3.94184 2.21976
0.347 -3.87634 2.21407
0.348 -3.79652 2.19854
0.349 -3.70262 2.17334
0.35 -3.59494 2.13869
0.351 -3.47383 2.09483
0.352 -3.33972 2.04207
0.353 -3.19307 1.98071
0.354 -3.03438 1.91112
0.355 -2.86424 1.83368
0.356 -2.68326 1.7488
0.357 -2.49209 1.65695
0.358 -2.29145 1.55858
0.359 -2.08207 1.45421
0.36 -1.86473 1.34435
0.361 -1.64026 1.22954
0.362 -1.4095 1.11034
0.363 -1.17331 0.987343
0.364 -0.932612 0.861125
0.365 -0.688309 0.732294
0.366 -0.441341 0.60146
0.367 -0.192657 0.46924
0.368 0.0567852 0.336255
0.369 0.306021 0.203129
0.37 0.554086 0.0704809
0.371 0.800016 -0.0610715
0.372 1.04285 -0.190918
0.373 1.28165 -0.318458
0.374 1.51548 -0.443101
0.375 1.74343 -0.564272
0.376 1.96459 -0.681412
0.377 2.17811 -0.79398
0.378 2.38315 -0.901458
0.379 2.57889 -1.00335
0.38 2.76458 -1.09918
0.381 2.93947 -1.18851
0.382 3.10288 -1.27093
0.383 3.25417 -1.34604
0.384 3.39274 -1.4135
0.385 3.51805 -1.47299
0.386 3.6296 -1.52424
0.387 3.72696 -1.56698
0.388 3.80974 -1.60101
0.389 3.87763 -1.62617
0.39 3.93036 -1.64232
0.391 3.96774 -1.64937
0.392 3.98963 -1.64726
0.393 3.99594 -1.63599
0.394 3.98668 -1.61559
0.395 3.9619 -1.58611
0.396 3.92171 -1.54768
0.397 3.8663 -1.50044
0.398 3.7959 -1.44457
0.399 3.71082 -1.3803
0.4 3.61143 -1.30788
0.401 3.49816 -1.22763
0.402 3.37149 -1.13986
0.403 3.23195 -1.04495
0.404 3.08016 -0.943295
0.405 2.91674 -0.835315
0.406 2.7424 -0.721468
0.407 2.55788 -0.602236
0.408 2.36396 -0.478124
0.409 2.16147 -0.349661
0.41 1.95128 -0.217394
0.411 1.73428 -0.0818875
0.412 1.5114 0.056277
0.413 1.2836 0.196507
0.414 1.05184 0.3382
0.415 0.817128 0.480746
0.416 0.580471 0.623529
0.417 0.342888 0.765931
0.418 0.105406 0.907336
0.419 -0.130949 1.04713
0.42 -0.36515 1.18471
0.421 -0.596179 1.31946
0.422 -0.823027 1.45081
0.423 -1.0447 1.57818
0.424 -1.26023 1.701
0.425 -1.46866 1.81875
0.426 -1.66906 1.93089
0.427 -1.86055 2.03694
0.428 -2.04227 2.13643
0.429 -2.2134 2.2289
0.43 -2.37317 2.31395
0.431 -2.52083 2.3912
0.432 -2.65572 2.46029
0.433 -2.7772 2.52092
0.434 -2.88469 2.5728
0.435 -2.97767 2.6157
0.436 -3.05568 2.64942
0.437 -3.11833 2.67379
0.438 -3.16528 2.68869
0.439 -3.19626 2.69405
0.44 -3.21107 2.68982
0.441 -3.20956 2.67601
0.442 -3.19167 2.65267
0.443 -3.15739 2.61988
0.444 -3.1068 2.57778
0.445 -3.04004 2.52653
0.446 -2.9573 2.46634
0.447 -2.85886 2.39748
0.448 -2.74506 2.32023
0.449 -2.6163 2.23492
0.45 -2.47306 2.14192
0.451 -2.31586 2.04162
0.452 -2.14531 1.93447
0.453 -1.96204 1.82093
0.454 -1.76676 1.70149
0.455 -1.56024 1.57669
0.456 -1.34328 1.44707
0.457 -1.11674 1.31321
0.458 -0.881519 1.1757
0.459 -0.638554 1.03516
0.46 -0.388823 0.892221
0.461 -0.133332 0.747525
0.462 0.126882 0.601727
0.463 0.39076 0.455492
0.464 0.657222 0.309486
0.465 0.925173 0.164381
0.466 1.19351 0.0208473
0.467 1.46111 -0.120448
0.468 1.72687 -0.258846
0.469 1.98968 -0.393693
0.47 2.24843 -0.524351
0.471 2.50203 -0.650196
0.472 2.74941 -0.770619
0.473 2.98951 -0.885035
0.474 3.2213 -0.992881
0.475 3.44378 -1.09362
0.476 3.65599 -1.18673
0.477 3.85701 -1.27175
0.478 4.04594 -1.34822
0.479 4.22194 -1.41572
0.48 4.38424 -1.47389
0.481 4.53208 -1.52239
0.482 4.66479 -1.56091
0.483 4.78175 -1.5892
0.484 4.8824 -1.60704
0.485 4.96623 -1.61427
0.486 5.03283 -1.61076
0.487 5.08183 -1.59644
0.488 5.11294 -1.57126
0.489 5.12595 -1.53524
0.49 5.12069 -1.48846
0.491 5.09712 -1.431
0.492 5.05521 -1.36304
0.493 4.99506 -1.28476
0.494 4.91681 -1.19643
0.495 4.82069 -1.09833
0.496 4.707 -0.990801
0.497 4.5761 -0.874225
0.498 4.42844 -0.749025
0.499 4.26454 -0.615664
0.5 4.08496 -0.474644
0.501 3.89036 -0.326505
0.502 3.68145 -0.171822
0.503 3.45899 -0.0111999
0.504 3.22381 0.154723
0.505 2.97679 0.325281
0.506 2.71886 0.499784
0.507 2.451 0.677518
0.508 2.17424 0.857751
0.509 1.88964 1.03973
0.51 1.59829 1.22269
0.511 1.30132 1.40587
0.512 0.999891 1.58846
0.513 0.695177 1.7697
0.514 0.388371 1.94878
0.515 0.0806806 2.12492
0.516 -0.226682 2.29734
0.517 -0.532499 2.46526
0.518 -0.835559 2.62792
0.519 -1.13465 2.78458
0.52 -1.42859 2.9345
0.521 -1.71619 3.07697
0.522 -1.99631 3.21131
0.523 -2.2678 3.33686
0.524 -2.52959 3.45299
0.525 -2.7806 3.5591
0.526 -3.01981 3.65464
0.527 -3.24626 3.73907
0.528 -3.45902 3.81193
0.529 -3.6572 3.87275
0.53 -3.84001 3.92116
0.531 -4.00667 3.95679
0.532 -4.1565 3.97934
0.533 -4.28887 3.98856
0.534 -4.40322 3.98425
0.535 -4.49906 3.96626
0.536 -4.57599 3.93448
0.537 -4.63366 3.88887
0.538 -4.67181 3.82944
0.539 -4.69026 3.75626
0.54 -4.68891 3.66943
0.541 -4.66774 3.56914
0.542 -4.6268 3.4556
0.543 -4.56624 3.32911
0.544 -4.48627 3.18998
0.545 -4.38718 3.0386
0.546 -4.26937 2.8754
0.547 -4.13327 2.70087
0.548 -3.97942 2.51553
0.549 -3.80842 2.31997
0.55 -3.62095 2.11479
0.551 -3.41774 1.90066
0.552 -3.19961 1.67827
0.553 -2.96742 1.44836
0.554 -2.72212 1.2117
0.555 -2.46468 0.969083
0.556 -2.19615 0.721339
0.557 -1.91761 0.469317
0.558 -1.6302 0.213892
0.559 -1.33508 -0.044047
0.56 -1.03346 -0.303593
0.561 -0.726577 -0.56383
0.562 -0.415687 -0.823832
0.563 -0.102072 -1.08267
0.564 0.212973 -1.33942
0.565 0.528144 -1.59314
0.566 0.842133 -1.84292
0.567 1.15363 -2.08786
0.568 1.46134 -2.32705
0.569 1.76396 -2.55961
0.57 2.06023 -2.78469
0.571 2.34889 -3.00145
0.572 2.62872 -3.20909
0.573 2.89853 -3.40683
0.574 3.15715 -3.59393
0.575 3.40349 -3.76969
0.576 3.63647 -3.93344
0.577 3.85507 -4.08457
0.578 4.05833 -4.22248
0.579 4.24536 -4.34667
0.58 4.41531 -4.45663
0.581 4.56741 -4.55196
0.582 4.70095 -4.63228
0.583 4.81531 -4.69726
0.584 4.90994 -4.74665
0.585 4.98434 -4.78025
0.586 5.03814 -4.79791
0.587 5.07101 -4.79954
0.588 5.08272 -4.78512
0.589 5.07313 -4.75469
0.59 5.04216 -4.70835
0.591 4.98986 -4.64625
0.592 4.91632 -4.56862
0.593 4.82174 -4.47572
0.594 4.70641 -4.36789
0.595 4.57068 -4.24554
0.596 4.41501 -4.1091
0.597 4.23992 -3.95907
0.598 4.04602 -3.79603
0.599 3.83401 -3.62056
0.6 3.60463 -3.43333
0.601 3.35872 -3.23504
0.602 3.09718 -3.02644
0.603 2.82097 -2.8083
0.604 2.53112 -2.58146
0.605 2.22872 -2.34676
0.606 1.91491 -2.1051
0.607 1.59086 -1.8574
0.608 1.2578 -1.60459
0.609 0.917018 -1.34765
0.61 0.569801 -1.08755
0.611 0.217485 -0.825283
0.612 -0.138574 -0.561855
0.613 -0.497001 -0.298275
0.614 -0.856411 -0.0355553
0.615 -1.21541 0.225295
0.616 -1.5726 0.483271
0.617 -1.92658 0.737378
0.618 -2.27598 0.986637
0.619 -2.61943 1.23008
0.62 -2.95558 1.46677
0.621 -3.28311 1.69579
0.622 -3.60073 1.91625
0.623 -3.90718 2.12728
0.624 -4.20126 2.32808
0.625 -4.48179 2.51785
0.626 -4.74766 2.69585
0.627 -4.99781 2.86139
0.628 -5.23125 3.01381
0.629 -5.44704 3.15251
0.63 -5.64432 3.27695
0.631 -5.82228 3.38663
0.632 -5.98021 3.48112
0.633 -6.11748 3.56002
0.634 -6.23351 3.62304
0.635 -6.32783 3.66989
0.636 -6.40005 3.7004
0.637 -6.44987 3.71442
0.638 -6.47706 3.71189
0.639 -6.48149 3.6928
0.64 -6.46314 3.6572
0.641 -6.42204 3.60522
0.642 -6.35836 3.53704
0.643 -6.2723 3.45291
0.644 -6.1642 3.35314
0.645 -6.03447 3.2381
0.646 -5.88359 3.10822
0.647 -5.71215 2.96398
0.648 -5.52081 2.80593
0.649 -5.3103 2.63466
0.65 -5.08146 2.45082
0.651 -4.83515 2.25511
0.652 -4.57236 2.04827
0.653 -4.2941 1.83109
0.654 -4.00146 1.60438
0.655 -3.6956 1.36902
0.656 -3.3777 1.12591
0.657 -3.04903 0.875968
0.658 -2.71087 0.620151
0.659 -2.36456 0.359437
0.66 -2.01147 0.0948222
0.661 -1.65297 -0.17268
0.662 -1.2905 -0.442048
0.663 -0.92548 -0.712249
0.664 -0.559355 -0.98225
0.665 -0.193574 -1.25102
0.666 0.170417 -1.51752
0.667 0.531176 -1.78074
0.668 0.887274 -2.03967
0.669 1.2373 -2.29332
0.67 1.57987 -2.54072
0.671 1.91363 -2.78092
0.672 2.23724 -3.01301
0.673 2.54944 -3.23609
0.674 2.84898 -3.44931
0.675 3.13468 -3.65187
0.676 3.4054 -3.84299
0.677 3.66007 -4.02194
0.678 3.89769 -4.18805
0.679 4.11731 -4.34068
0.68 4.31807 -4.47925
0.681 4.49918 -4.60325
0.682 4.65992 -4.7122
0.683 4.79967 -4.8057
0.684 4.91788 -4.88341
0.685 5.01408 -4.94502
0.686 5.08792 -4.99033
0.687 5.1391 -5.01917
0.688 5.16744 -5.03145
0.689 5.17284 -5.02712
0.69 5.1553 -5.00623
0.691 5.11491 -4.96887
0.692 5.05185 -4.9152
0.693 4.96639 -4.84544
0.694 4.8589 -4.75988
0.695 4.72983 -4.65886
0.696 4.57972 -4.54279
0.697 4.40921 -4.41213
0.698 4.21899 -4.2674
0.699 4.00986 -4.10918
0.7 3.78269 -3.93808
0.701 3.53842 -3.75478
0.702 3.27806 -3.56
0.703 3.00269 -3.3545
0.704 2.71345 -3.13909
0.705 2.41153 -2.9146
0.706 2.09818 -2.68191
0.707 1.7747 -2.44192
0.708 1.44243 -2.19557
0.709 1.10274 -1.94379
0.71 0.757028 -1.68757
0.711 0.406735 -1.4279
0.712 0.0533093 -1.16576
0.713 -0.301786 -0.902169
0.714 -0.657077 -0.638128
0.715 -1.01109 -0.374645
0.716 -1.36236 -0.112721
0.717 -1.70941 0.146652
0.718 -2.05082 0.402493
0.719 -2.38515 0.653842
0.72 -2.71101 0.899756
0.721 -3.02704 1.13932
0.722 -3.33192 1.37164
0.723 -3.62436 1.59587
0.724 -3.90314 1.81117
0.725 -4.16708 2.01677
0.726 -4.41507 2.21193
0.727 -4.64605 2.39595
0.728 -4.85905 2.56817
0.729 -5.05315 2.728
0.73 -5.22751 2.87489
0.731 -5.38138 3.00834
0.732 -5.51409 3.12792
0.733 -5.62504 3.23325
0.734 -5.71374 3.324
0.735 -5.77978 3.39991
0.736 -5.82283 3.46078
0.737 -5.84267 3.50649
0.738 -5.83917 3.53695
0.739 -5.81229 3.55215
0.74 -5.76208 3.55214
0.741 -5.68871 3.53704
0.742 -5.59241 3.50702
0.743 -5.47353 3.46232
0.744 -5.33249 3.40324
0.745 -5.16982 3.33013
0.746 -4.98612 3.24341
0.747 -4.7821 3.14353
0.748 -4.55852 3.03103
0.749 -4.31625 2.90648
0.75 -4.05622 2.7705
0.751 -3.77944 2.62375
0.752 -3.48699 2.46694
0.753 -3.18 2.30084
0.754 -2.85967 2.12622
0.755 -2.52726 1.94391
0.756 -2.18408 1.75475
0.757 -1.83147 1.55964
0.758 -1.47082 1.35946
0.759 -1.10356 1.15515
0.76 -0.731136 0.947641
0.761 -0.355019 0.737877
0.762 0.0233019 0.526819
0.763 0.402328 0.315425
0.764 0.780556 0.104655
0.765 1.15649 -0.104536
0.766 1.52863 -0.3112
0.767 1.8955 -0.514403
0.768 2.25566 -0.713228
0.769 2.60765 -0.906774
0.77 2.95009 -1.09417
0.771 3.28162 -1.27456
0.772 3.60092 -1.44714
0.773 3.90671 -1.61112
0.774 4.19779 -1.76576
0.775 4.47299 -1.91036
0.776 4.73123 -2.04424
0.777 4.97149 -2.16681
0.778 5.1928 -2.27749
0.779 5.39429 -2.37578
0.78 5.57518 -2.4612
0.781 5.73474 -2.53337
0.782 5.87234 -2.59192
0.783 5.98746 -2.63658
0.784 6.07965 -2.6671
0.785 6.14855 -2.68333
0.786 6.19389 -2.68516
0.787 6.21553 -2.67254
0.788 6.21339 -2.64548
0.789 6.18749 -2.60407
0.79 6.13797 -2.54845
0.791 6.06505 -2.47882
0.792 5.96903 -2.39544
0.793 5.85035 -2.29864
0.794 5.70948 -2.18879
0.795 5.54704 -2.06632
0.796 5.3637 -1.93174
0.797 5.16023 -1.78559
0.798 4.93747 -1.62845
0.799 4.69636 -1.46097
0.8 4.4379 -1.28383
0.801 4.16316 -1.09777
0.802 3.87329 -0.903559
0.803 3.56948 -0.701994
0.804 3.253 -0.493917
0.805 2.92517 -0.280194
0.806 2.58733 -0.0617184
0.807 2.24089 0.160594
0.808 1.8873 0.385811
0.809 1.52801 0.612985
0.81 1.16452 0.841156
0.811 0.798329 1.06936
0.812 0.430967 1.29663
0.813 0.0639564 1.52201
0.814 -0.301178 1.74452
0.815 -0.662917 1.96323
0.816 -1.01976 2.1772
0.817 -1.37021 2.3855
0.818 -1.71282 2.58725
0.819 -2.04615 2.78156
0.82 -2.36881 2.9676
0.821 -2.67946 3.14456
0.822 -2.97679 3.31167
0.823 -3.25955 3.46819
0.824 -3.52656 3.61342
0.825 -3.7767 3.74673
0.826 -4.0089 3.86751
0.827 -4.22218 3.97521
0.828 -4.41565 4.06935
0.829 -4.58847 4.14948
0.83 -4.7399 4.21523
0.831 -4.86929 4.26626
0.832 -4.97608 4.30232
0.833 -5.05979 4.32321
0.834 -5.12005 4.32879
0.835 -5.15657 4.31898
0.836 -5.16918 4.29377
0.837 -5.15778 4.25323
0.838 -5.12239 4.19745
0.839 -5.06313 4.12664
0.84 -4.9802 4.04102
0.841 -4.8739 3.94091
0.842 -4.74465 3.82666
0.843 -4.59295 3.69872
0.844 -4.41937 3.55756
0.845 -4.22462 3.40371
0.846 -4.00945 3.23779
0.847 -3.77472 3.06042
0.848 -3.52137 2.87231
0.849 -3.25042 2.6742
0.85 -2.96295 2.46687
0.851 -2.66011 2.25114
0.852 -2.34314 2.02789
0.853 -2.01332 1.79799
0.854 -1.67197 1.56238
0.855 -1.32049 1.322
0.856 -0.960312 1.07784
0.857 -0.592897 0.830873
0.858 -0.219747 0.582115
0.859 0.157612 0.332579
0.86 0.537633 0.0832847
0.861 0.918757 -0.164743
0.862 1.29942 -0.410485
0.863 1.67805 -0.652925
0.864 2.05308 -0.891062
0.865 2.42298 -1.12391
0.866 2.7862 -1.35049
0.867 3.14123 -1.56986
0.868 3.48661 -1.78111
0.869 3.82088 -1.98335
0.87 4.14266 -2.17571
0.871 4.45059 -2.35739
0.872 4.74337 -2.52762
0.873 5.01978 -2.68566
0.874 5.27863 -2.83083
0.875 5.51882 -2.9625
0.876 5.73932 -3.0801
0.877 5.93919 -3.1831
0.878 6.11754 -3.27105
0.879 6.2736 -3.34355
0.88 6.40666 -3.40025
0.881 6.51613 -3.44087
0.882 6.60149 -3.46522
0.883 6.66233 -3.47314
0.884 6.69833 -3.46456
0.885 6.70927 -3.43947
0.886 6.69505 -3.39793
0.887 6.65563 -3.34005
0.888 6.59112 -3.26604
0.889 6.5017 -3.17616
0.89 6.38765 -3.07073
0.891 6.24937 -2.95013
0.892 6.08733 -2.81483
0.893 5.90213 -2.66534
0.894 5.69444 -2.50223
0.895 5.46502 -2.32614
0.896 5.21473 -2.13775
0.897 4.94451 -1.9378
0.898 4.65538 -1.72708
0.899 4.34844 -1.50644
0.9 4.02486 -1.27673
0.901 3.68588 -1.0389
0.902 3.33281 -0.793886
0.903 2.96701 -0.542685
0.904 2.58988 -0.286312
0.905 2.2029 -0.0258084
0.906 1.80756 0.237763
0.907 1.40541 0.503322
0.908 0.998006 0.76978
0.909 0.58694 1.03604
0.91 0.17382 1.30099
0.911 -0.239739 1.56354
0.912 -0.652116 1.8226
0.913 -1.0617 2.07707
0.914 -1.46687 2.32588
0.915 -1.86605 2.56799
0.916 -2.25766 2.80235
0.917 -2.64017 3.02798
0.918 -3.01206 3.2439
0.919 -3.37189 3.44917
0.92 -3.71822 3.64289
0.921 -4.04969 3.82421
0.922 -4.36501 3.99233
0.923 -4.66292 4.14647
0.924 -4.94225 4.28594
0.925 -5.2019 4.41008
0.926 -5.44086 4.51831
0.927 -5.65817 4.61008
0.928 -5.85298 4.68493
0.929 -6.02454 4.74246
0.93 -6.17216 4.78232
0.931 -6.29527 4.80425
0.932 -6.39339 4.80806
0.933 -6.46614 4.79361
0.934 -6.51324 4.76084
0.935 -6.53452 4.70977
0.936 -6.5299 4.64048
0.937 -6.49942 4.55314
0.938 -6.4432 4.44797
0.939 -6.3615 4.32527
0.94 -6.25464 4.18541
0.941 -6.12307 4.02883
0.942 -5.96733 3.85602
0.943 -5.78806 3.66756
0.944 -5.58599 3.46408
0.945 -5.36195 3.24627
0.946 -5.11685 3.01487
0.947 -4.85169 2.77069
0.948 -4.56754 2.51458
0.949 -4.26557 2.24745
0.95 -3.947 1.97025
0.951 -3.61313 1.68396
0.952 -3.26532 1.38961
0.953 -2.90498 1.08826
0.954 -2.53357 0.781013
0.955 -2.15262 0.468972
0.956 -1.76366 0.153278
0.957 -1.36828 -0.164916
0.958 -0.968092 -0.484444
0.959 -0.564727 -0.804132
0.96 -0.159827 -1.1228
0.961 0.244957 -1.43928
0.962 0.647973 -1.7524
0.963 1.04758 -2.06101
0.964 1.44213 -2.36395
0.965 1.83003 -2.66011
0.966 2.20969 -2.94839
0.967 2.57954 -3.22771
0.968 2.93808 -3.49705
0.969 3.28383 -3.75539
0.97 3.61537 -4.00178
0.971 3.93133 -4.23531
0.972 4.23041 -4.4551
0.973 4.51138 -4.66034
0.974 4.77306 -4.85027
0.975 5.01438 -5.02419
0.976 5.23433 -5.18144
0.977 5.43198 -5.32146
0.978 5.60651 -5.44373
0.979 5.75716 -5.5478
0.98 5.88331 -5.63329
0.981 5.9844 -5.69991
0.982 6.05998 -5.7474
0.983 6.10972 -5.77562
0.984 6.13337 -5.78447
0.985 6.1308 -5.77394
0.986 6.10197 -5.74409
0.987 6.04697 -5.69505
0.988 5.96596 -5.62704
0.989 5.85924 -5.54034
0.99 5.7272 -5.43528
0.991 5.57031 -5.31231
0.992 5.38918 -5.1719
0.993 5.18449 -5.01462
0.994 4.95702 -4.84109
0.995 4.70764 -4.652
0.996 4.43732 -4.44808
0.997 4.14711 -4.23014
0.998 3.83813 -3.99903
0.999 3.51158 -3.75566
1 3.16874 -3.50098
