0.001 3.40577e-008 2.53497e-009
0.002 3.10195e-007 2.03606e-008
0.003 1.46275e-006 8.45036e-008
0.004 4.84649e-006 2.48034e-007
0.005 1.28274e-005 5.88529e-007
0.006 2.90635e-005 1.21222e-006
0.007 5.87733e-005 2.26024e-006
0.008 0.000108989 3.91744e-006
0.009 0.000188792 6.42406e-006
0.01 0.000309529 1.00907e-005
0.011 0.000485008 1.53171e-005
0.012 0.000731668 2.26142e-005
0.013 0.00106872 3.26309e-005
0.014 0.00151828 4.61849e-005
0.015 0.00210543 6.42977e-005
0.016 0.0028583 8.82341e-005
0.017 0.0038081 0.000119547
0.018 0.00498911 0.000160124
0.019 0.00643862 0.000212243
0.02 0.00819689 0.000278627
0.021 0.010307 0.000362506
0.022 0.0128149 0.000467682
0.023 0.015769 0.000598594
0.024 0.0192199 0.000760392
0.025 0.0232206 0.000959011
0.026 0.0278259 0.00120124
0.027 0.033092 0.00149481
0.028 0.0390765 0.00184845
0.029 0.0458379 0.002272
0.03 0.0534352 0.00277644
0.031 0.0619275 0.00337401
0.032 0.0713737 0.00407827
0.033 0.081832 0.00490415
0.034 0.0933594 0.00586803
0.035 0.106011 0.00698781
0.036 0.119841 0.00828298
0.037 0.134899 0.00977462
0.038 0.151234 0.0114855
0.039 0.168889 0.0134401
0.04 0.187904 0.0156645
0.041 0.208316 0.0181868
0.042 0.230155 0.0210366
0.043 0.253446 0.0242453
0.044 0.27821 0.0278461
0.045 0.304458 0.0318738
0.046 0.332198 0.0363651
0.047 0.36143 0.041358
0.048 0.392145 0.0468921
0.049 0.424327 0.0530087
0.05 0.457954 0.0597501
0.051 0.492994 0.0671602
0.052 0.529406 0.0752837
0.053 0.567141 0.0841664
0.054 0.606142 0.0938549
0.055 0.646343 0.104397
0.056 0.687667 0.115839
0.057 0.730032 0.12823
0.058 0.773344 0.141617
0.059 0.817501 0.156049
0.06 0.862394 0.171572
0.061 0.907904 0.188233
0.062 0.953904 0.206078
0.063 1.00026 0.225151
0.064 1.04683 0.245494
0.065 1.09347 0.267148
0.066 1.14002 0.290152
0.067 1.18632 0.314542
0.068 1.23221 0.340351
0.069 1.27751 0.36761
0.07 1.32205 0.396344
0.071 1.36565 0.426578
0.072 1.40813 0.45833
0.073 1.4493 0.491615
0.074 1.48899 0.526441
0.075 1.527 0.562814
0.076 1.56315 0.600733
0.077 1.59727 0.640191
0.078 1.62917 0.681176
0.079 1.65867 0.72367
0.08 1.6856 0.767648
0.081 1.70979 0.813078
0.082 1.73108 0.859921
0.083 1.74931 0.908133
0.084 1.76434 0.95766
0.085 1.77603 1.00844
0.086 1.78425 1.06041
0.087 1.78888 1.1135
0.088 1.78981 1.16761
0.089 1.78694 1.22266
0.09 1.7802 1.27856
0.091 1.7695 1.33519
0.092 1.7548 1.39244
0.093 1.73606 1.4502
0.094 1.71324 1.50833
0.095 1.68634 1.5667
0.096 1.65537 1.62517
0.097 1.62034 1.68359
0.098 1.58129 1.74181
0.099 1.53828 1.79966
0.1 1.49139 1.85698
0.101 1.44069 1.9136
0.102 1.38631 1.96934
0.103 1.32837 2.02402
0.104 1.267 2.07746
0.105 1.20237 2.12947
0.106 1.13464 2.17986
0.107 1.06402 2.22844
0.108 0.990716 2.27502
0.109 0.914938 2.31939
0.11 0.836928 2.36138
0.111 0.756937 2.40078
0.112 0.675227 2.4374
0.113 0.592074 2.47105
0.114 0.507764 2.50155
0.115 0.422594 2.52871
0.116 0.336869 2.55235
0.117 0.250904 2.57231
0.118 0.165019 2.5884
0.119 0.0795393 2.60048
0.12 -0.00520396 2.60839
0.121 -0.0888777 2.61197
0.122 -0.171147 2.61111
0.123 -0.251676 2.60567
0.124 -0.330132 2.59553
0.125 -0.406183 2.5806
0.126 -0.479502 2.56078
0.127 -0.549767 2.53599
0.128 -0.616664 2.50617
0.129 -0.679886 2.47127
0.13 -0.739137 2.43124
0.131 -0.794132 2.38607
0.132 -0.844599 2.33574
0.133 -0.89028 2.28028
0.134 -0.930932 2.2197
0.135 -0.966329 2.15404
0.136 -0.996264 2.08337
0.137 -1.02055 2.00776
0.138 -1.03901 1.9273
0.139 -1.05151 1.84211
0.14 -1.05791 1.7523
0.141 -1.05812 1.65804
0.142 -1.05206 1.55948
0.143 -1.03967 1.45679
0.144 -1.02093 1.35018
0.145 -0.995829 1.23986
0.146 -0.964401 1.12605
0.147 -0.926692 1.00901
0.148 -0.88278 0.888981
0.149 -0.83277 0.766251
0.15 -0.776792 0.641104
0.151 -0.715004 0.513841
0.152 -0.647591 0.384775
0.153 -0.574763 0.254231
0.154 -0.496756 0.122546
0.155 -0.413831 -0.00993539
0.156 -0.326274 -0.142859
0.157 -0.234392 -0.275862
0.158 -0.138519 -0.408578
0.159 -0.0390058 -0.540631
0.16 0.0637734 -0.671645
0.161 0.169426 -0.801239
0.162 0.277543 -0.929029
0.163 0.387696 -1.05463
0.164 0.499446 -1.17767
0.165 0.612336 -1.29776
0.166 0.725902 -1.41453
0.167 0.839667 -1.52761
0.168 0.953148 -1.63662
0.169 1.06586 -1.74123
0.17 1.17729 -1.84107
0.171 1.28697 -1.93581
0.172 1.39438 -2.02513
0.173 1.49904 -2.10872
0.174 1.60046 -2.18628
0.175 1.69814 -2.25752
0.176 1.79162 -2.32218
0.177 1.88043 -2.38002
0.178 1.96411 -2.43081
0.179 2.04222 -2.47434
0.18 2.11435 -2.51043
0.181 2.18007 -2.53892
0.182 2.23902 -2.55965
0.183 2.29082 -2.57253
0.184 2.33513 -2.57745
0.185 2.37164 -2.57436
0.186 2.40005 -2.56321
0.187 2.42012 -2.54399
0.188 2.4316 -2.51671
0.189 2.4343 -2.48141
0.19 2.42805 -2.43817
0.191 2.41271 -2.38707
0.192 2.38819 -2.32825
0.193 2.35442 -2.26185
0.194 2.31137 -2.18805
0.195 2.25904 -2.10706
0.196 2.19748 -2.0191
0.197 2.12677 -1.92443
0.198 2.04703 -1.82335
0.199 1.9584 -1.71614
0.2 1.86109 -1.60315
0.201 1.75531 -1.48473
0.202 1.64132 -1.36126
0.203 1.51944 -1.23313
0.204 1.38997 -1.10076
0.205 1.2533 -0.964592
0.206 1.10982 -0.825069
0.207 0.959957 -0.682663
0.208 0.804167 -0.537857
0.209 0.642938 -0.391147
0.21 0.476782 -0.243038
0.211 0.306237 -0.0940468
0.212 0.131861 0.0553038
0.213 -0.0457629 0.204485
0.214 -0.226037 0.352962
0.215 -0.408344 0.500202
0.216 -0.592056 0.645668
0.217 -0.776529 0.788826
0.218 -0.961113 0.929146
0.219 -1.14515 1.0661
0.22 -1.32797 1.19918
0.221 -1.50893 1.32787
0.222 -1.68734 1.45167
0.223 -1.86256 1.5701
0.224 -2.03392 1.6827
0.225 -2.20079 1.78901
0.226 -2.36253 1.88859
0.227 -2.51851 1.98103
0.228 -2.66815 2.06595
0.229 -2.81085 2.14296
0.23 -2.94605 2.21174
0.231 -3.07321 2.27196
0.232 -3.19183 2.32333
0.233 -3.30141 2.3656
0.234 -3.40151 2.39853
0.235 -3.49171 2.42192
0.236 -3.57161 2.4356
0.237 -3.64089 2.43945
0.238 -3.69921 2.43337
0.239 -3.74631 2.41727
0.24 -3.78197 2.39115
0.241 -3.80599 2.35499
0.242 -3.81824 2.30884
0.243 -3.8186 2.25277
0.244 -3.80703 2.1869
0.245 -3.78352 2.11136
0.246 -3.7481 2.02634
0.247 -3.70086 1.93205
0.248 -3.64192 1.82874
0.249 -3.57147 1.7167
0.25 -3.48971 1.59623
0.251 -3.39692 1.46769
0.252 -3.2934 1.33145
0.253 -3.1795 1.18791
0.254 -3.05563 1.03752
0.255 -2.92221 0.880721
0.256 -2.77972 0.718013
0.257 -2.62867 0.549899
0.258 -2.46961 0.376912
0.259 -2.30312 0.199601
0.26 -2.12982 0.0185371
0.261 -1.95036 -0.165696
0.262 -1.76539 -0.352499
0.263 -1.57562 -0.541261
0.264 -1.38176 -0.731361
0.265 -1.18456 -0.92217
0.266 -0.984767 -1.11305
0.267 -0.783147 -1.30338
0.268 -0.580481 -1.4925
0.269 -0.377556 -1.67979
0.27 -0.175161 -1.8646
0.271 0.0259101 -2.04633
0.272 0.224867 -2.22434
0.273 0.420923 -2.39802
0.274 0.6133 -2.5668
0.275 0.801232 -2.73008
0.276 0.983966 -2.8873
0.277 1.16077 -3.03793
0.278 1.33092 -3.18144
0.279 1.49373 -3.31732
0.28 1.64853 -3.44513
0.281 1.79469 -3.56439
0.282 1.9316 -3.67471
0.283 2.0587 -3.77569
0.284 2.17544 -3.86698
0.285 2.28134 -3.94826
0.286 2.37593 -4.01924
0.287 2.45881 -4.07968
0.288 2.52961 -4.12936
0.289 2.58802 -4.16811
0.29 2.63377 -4.19578
0.291 2.66662 -4.21228
0.292 2.68642 -4.21756
0.293 2.69304 -4.21158
0.294 2.68643 -4.19437
0.295 2.66655 -4.166
0.296 2.63347 -4.12656
0.297 2.58726 -4.07619
0.298 2.52808 -4.01507
0.299 2.45612 -3.94341
0.3 2.37164 -3.86147
0.301 2.27494 -3.76955
0.302 2.16637 -3.66796
0.303 2.04634 -3.55706
0.304 1.91529 -3.43726
0.305 1.77373 -3.30897
0.306 1.62219 -3.17265
0.307 1.46126 -3.02879
0.308 1.29156 -2.8779
0.309 1.11376 -2.7205
0.31 0.928553 -2.55716
0.311 0.736667 -2.38846
0.312 0.538866 -2.21499
0.313 0.335936 -2.03737
0.314 0.12869 -1.85622
0.315 -0.0820397 -1.67219
0.316 -0.295403 -1.48591
0.317 -0.510536 -1.29805
0.318 -0.726562 -1.10926
0.319 -0.942599 -0.920197
0.32 -1.15776 -0.731529
0.321 -1.37116 -0.543909
0.322 -1.58192 -0.357985
0.323 -1.78915 -0.174399
0.324 -1.992 0.00621786
0.325 -2.18961 0.183249
0.326 -2.38115 0.356091
0.327 -2.5658 0.524162
0.328 -2.74277 0.686897
0.329 -2.91131 0.843755
0.33 -3.07069 0.99422
0.331 -3.2202 1.1378
0.332 -3.35918 1.27403
0.333 -3.48703 1.40248
0.334 -3.60316 1.52276
0.335 -3.70703 1.63448
0.336 -3.79816 1.73732
0.337 -3.87612 1.83099
0.338 -3.94052 1.91522
0.339 -3.99103 1.98978
0.34 -4.02737 2.05451
0.341 -4.04931 2.10924
0.342 -4.0567 2.15389
0.343 -4.04942 2.18837
0.344 -4.02743 2.21268
0.345 -3.99074 2.22683
0.346 -3.93942 2.23087
0.347 -3.87359 2.22491
0.348 -3.79344 2.20908
0.349 -3.69922 2.18355
0.35 -3.59123 2.14855
0.351 -3.46982 2.10432
0.352 -3.33542 2.05116
0.353 -3.18848 1.98938
0.354 -3.02953 1.91935
0.355 -2.85914 1.84145
0.356 -2.67791 1.75611
0.357 -2.48652 1.66377
0.358 -2.28566 1.5649
0.359 -2.07609 1.46002
0.36 -1.85858 1.34963
0.361 -1.63395 1.2343
0.362 -1.40305 1.11458
0.363 -1.16675 0.991043
0.364 -0.925948 0.864292
0.365 -0.681565 0.734929
0.366 -0.434538 0.603566
0.367 -0.185814 0.470822
0.368 0.063647 0.337321
0.369 0.312881 0.203686
0.37 0.560924 0.0705405
0.371 0.806811 -0.0614972
0.372 1.04959 -0.191815
0.373 1.28831 -0.31981
0.374 1.52203 -0.444892
0.375 1.74986 -0.566483
0.376 1.97088 -0.684023
0.377 2.18425 -0.796971
0.378 2.38911 -0.904805
0.379 2.58466 -1.00703
0.38 2.77014 -1.10317
0.381 2.94481 -1.19278
0.382 3.10799 -1.27546
0.383 3.25903 -1.3508
0.384 3.39734 -1.41846
0.385 3.52238 -1.47813
0.386 3.63365 -1.52952
0.387 3.73072 -1.57238
0.388 3.81321 -1.60651
0.389 3.8808 -1.63173
0.39 3.93322 -1.64791
0.391 3.97029 -1.65497
0.392 3.99187 -1.65284
0.393 3.99788 -1.64152
0.394 3.98831 -1.62104
0.395 3.96322 -1.59147
0.396 3.92273 -1.55291
0.397 3.86701 -1.50552
0.398 3.79632 -1.44948
0.399 3.71096 -1.38501
0.4 3.6113 -1.31238
0.401 3.49776 -1.23189
0.402 3.37083 -1.14388
0.403 3.23106 -1.0487
0.404 3.07903 -0.946752
0.405 2.9154 -0.838472
0.406 2.74085 -0.724312
0.407 2.55615 -0.604757
0.408 2.36207 -0.480313
0.409 2.15943 -0.35151
0.41 1.94911 -0.218896
0.411 1.732 -0.0830392
0.412 1.50903 0.0554792
0.413 1.28115 0.196065
0.414 1.04935 0.338112
0.415 0.814609 0.481011
0.416 0.577944 0.624142
0.417 0.340374 0.766889
0.418 0.102926 0.908632
0.419 -0.133374 1.04876
0.42 -0.367499 1.18665
0.421 -0.598431 1.32172
0.422 -0.825163 1.45336
0.423 -1.0467 1.58101
0.424 -1.26207 1.70411
0.425 -1.47033 1.82211
0.426 -1.67054 1.93449
0.427 -1.86183 2.04076
0.428 -2.04333 2.14044
0.429 -2.21422 2.2331
0.43 -2.37373 2.31832
0.431 -2.52113 2.39571
0.432 -2.65574 2.46493
0.433 -2.77693 2.52566
0.434 -2.88413 2.57763
0.435 -2.97681 2.62059
0.436 -3.05452 2.65435
0.437 -3.11685 2.67874
0.438 -3.16349 2.69364
0.439 -3.19415 2.69898
0.44 -3.20864 2.69471
0.441 -3.20681 2.68085
0.442 -3.18861 2.65743
0.443 -3.15403 2.62454
0.444 -3.10314 2.58233
0.445 -3.03608 2.53095
0.446 -2.95306 2.47063
0.447 -2.85435 2.40161
0.448 -2.74029 2.32419
0.449 -2.61129 2.2387
0.45 -2.46781 2.14551
0.451 -2.3104 2.04501
0.452 -2.13965 1.93765
0.453 -1.9562 1.82389
0.454 -1.76077 1.70424
0.455 -1.55411 1.57921
0.456 -1.33704 1.44937
0.457 -1.11041 1.31528
0.458 -0.875122 1.17755
0.459 -0.632116 1.03678
0.46 -0.382367 0.893623
0.461 -0.126885 0.74871
0.462 0.133294 0.602702
0.463 0.397111 0.456263
0.464 0.663485 0.310062
0.465 0.931322 0.164772
0.466 1.19952 0.0210636
0.467 1.46695 -0.120395
0.468 1.73252 -0.258941
0.469 1.99511 -0.393924
0.47 2.25362 -0.524703
0.471 2.50695 -0.650653
0.472 2.75404 -0.771165
0.473 2.99382 -0.885654
0.474 3.22527 -0.993554
0.475 3.4474 -1.09433
0.476 3.65923 -1.18746
0.477 3.85985 -1.27248
0.478 4.04837 -1.34893
0.479 4.22394 -1.4164
0.48 4.3858 -1.47451
0.481 4.53318 -1.52293
0.482 4.66543 -1.56136
0.483 4.78192 -1.58955
0.484 4.88208 -1.60727
0.485 4.96543 -1.61436
0.486 5.03154 -1.61069
0.487 5.08005 -1.5962
0.488 5.11067 -1.57083
0.489 5.12318 -1.53463
0.49 5.11744 -1.48763
0.491 5.09338 -1.42996
0.492 5.05101 -1.36177
0.493 4.9904 -1.28326
0.494 4.9117 -1.19469
0.495 4.81515 -1.09635
0.496 4.70103 -0.988572
0.497 4.56974 -0.871748
0.498 4.4217 -0.746301
0.499 4.25743 -0.612695
0.5 4.07752 -0.471435
0.501 3.88261 -0.323061
0.502 3.67341 -0.168149
0.503 3.45069 -0.00730783
0.504 3.21528 0.158823
0.505 2.96806 0.329578
0.506 2.70996 0.504263
0.507 2.44197 0.682164
0.508 2.1651 0.862545
0.509 1.88043 1.04466
0.51 1.58904 1.22773
0.511 1.29207 1.41099
0.512 0.990669 1.59365
0.513 0.68602 1.77493
0.514 0.379315 1.95402
0.515 0.0717596 2.13015
0.516 -0.235433 2.30253
0.517 -0.541048 2.47039
0.518 -0.843871 2.63296
0.519 -1.1427 2.78949
0.52 -1.43633 2.93925
0.521 -1.7236 3.08154
0.522 -2.00336 3.21566
0.523 -2.27446 3.34096
0.524 -2.53583 3.45681
0.525 -2.78639 3.56262
0.526 -3.02514 3.65782
0.527 -3.2511 3.74188
0.528 -3.46335 3.81434
0.529 -3.66101 3.87474
0.53 -3.84327 3.92269
0.531 -4.00938 3.95784
0.532 -4.15864 3.97988
0.533 -4.29043 3.98857
0.534 -4.4042 3.98371
0.535 -4.49945 3.96514
0.536 -4.57578 3.93277
0.537 -4.63286 3.88655
0.538 -4.67042 3.82649
0.539 -4.68829 3.75266
0.54 -4.68636 3.66518
0.541 -4.66462 3.56423
0.542 -4.62313 3.45002
0.543 -4.56203 3.32285
0.544 -4.48153 3.18304
0.545 -4.38195 3.03098
0.546 -4.26365 2.86711
0.547 -4.1271 2.69191
0.548 -3.97282 2.50591
0.549 -3.80142 2.30969
0.55 -3.61358 2.10387
0.551 -3.41003 1.88911
0.552 -3.1916 1.66612
0.553 -2.95915 1.43562
0.554 -2.71362 1.19839
0.555 -2.45599 0.955238
0.556 -2.18731 0.706981
0.557 -1.90867 0.454478
0.558 -1.62119 0.198603
0.559 -1.32604 -0.0597503
0.56 -1.02444 -0.319675
0.561 -0.717624 -0.580252
0.562 -0.406843 -0.840554
0.563 -0.0933805 -1.09965
0.564 0.221468 -1.35661
0.565 0.536399 -1.6105
0.566 0.850103 -1.86041
0.567 1.16127 -2.10542
0.568 1.46861 -2.34464
0.569 1.77083 -2.57718
0.57 2.06664 -2.80219
0.571 2.35482 -3.01883
0.572 2.63412 -3.22629
0.573 2.90337 -3.42381
0.574 3.1614 -3.61064
0.575 3.40712 -3.78608
0.576 3.63944 -3.94946
0.577 3.85736 -4.10016
0.578 4.05992 -4.23761
0.579 4.24621 -4.36127
0.58 4.41541 -4.47068
0.581 4.56675 -4.5654
0.582 4.69951 -4.64507
0.583 4.81308 -4.70936
0.584 4.90691 -4.75803
0.585 4.98051 -4.79086
0.586 5.0335 -4.80771
0.587 5.06556 -4.80851
0.588 5.07647 -4.79323
0.589 5.06608 -4.76192
0.59 5.03433 -4.71466
0.591 4.98125 -4.65163
0.592 4.90695 -4.57304
0.593 4.81164 -4.47917
0.594 4.69559 -4.37037
0.595 4.55917 -4.24702
0.596 4.40284 -4.10959
0.597 4.22712 -3.95857
0.598 4.03263 -3.79453
0.599 3.82005 -3.61808
0.6 3.59015 -3.42987
0.601 3.34375 -3.23061
0.602 3.08177 -3.02105
0.603 2.80517 -2.80198
0.604 2.51498 -2.57422
0.605 2.21228 -2.33864
0.606 1.89821 -2.09612
0.607 1.57396 -1.84759
0.608 1.24076 -1.59399
0.609 0.899886 -1.3363
0.61 0.55263 -1.07548
0.611 0.20033 -0.812541
0.612 -0.155658 -0.548488
0.613 -0.513959 -0.28433
0.614 -0.873188 -0.0210834
0.615 -1.23195 0.240241
0.616 -1.58885 0.498637
0.617 -1.94249 0.75311
0.618 -2.2915 1.00267
0.619 -2.6345 1.24637
0.62 -2.97015 1.48325
0.621 -3.29713 1.71239
0.622 -3.61416 1.93291
0.623 -3.91997 2.14395
0.624 -4.21336 2.34469
0.625 -4.49317 2.53434
0.626 -4.75828 2.71216
0.627 -5.00764 2.87745
0.628 -5.24026 3.02957
0.629 -5.45519 3.1679
0.63 -5.65158 3.29192
0.631 -5.82863 3.40112
0.632 -5.98564 3.49506
0.633 -6.12195 3.57338
0.634 -6.23702 3.63575
0.635 -6.33037 3.68191
0.636 -6.40162 3.71168
0.637 -6.45045 3.72491
0.638 -6.47666 3.72155
0.639 -6.48012 3.70158
0.64 -6.46079 3.66508
0.641 -6.41874 3.61216
0.642 -6.35411 3.54301
0.643 -6.26713 3.45789
0.644 -6.15812 3.3571
0.645 -6.02751 3.24102
0.646 -5.87578 3.11008
0.647 -5.70352 2.96477
0.648 -5.51139 2.80565
0.649 -5.30014 2.6333
0.65 -5.07058 2.44838
0.651 -4.82361 2.25159
0.652 -4.5602 2.04368
0.653 -4.28136 1.82543
0.654 -3.9882 1.59768
0.655 -3.68187 1.3613
0.656 -3.36355 1.11718
0.657 -3.03452 0.866263
0.658 -2.69606 0.609499
0.659 -2.3495 0.34787
0.66 -1.99621 0.0823785
0.661 -1.63758 -0.185962
0.662 -1.27504 -0.456124
0.663 -0.910004 -0.727074
0.664 -0.543926 -0.997776
0.665 -0.178251 -1.26719
0.666 0.185574 -1.53429
0.667 0.546109 -1.79805
0.668 0.901927 -2.05747
0.669 1.25162 -2.31154
0.67 1.5938 -2.5593
0.671 1.92711 -2.79979
0.672 2.25023 -3.03211
0.673 2.56188 -3.25536
0.674 2.86083 -3.46869
0.675 3.14589 -3.67129
0.676 3.41593 -3.86238
0.677 3.66988 -4.04124
0.678 3.90675 -4.20718
0.679 4.12558 -4.35958
0.68 4.32553 -4.49787
0.681 4.5058 -4.62151
0.682 4.66568 -4.73005
0.683 4.80454 -4.82307
0.684 4.92185 -4.90024
0.685 5.01714 -4.96126
0.686 5.09005 -5.00592
0.687 5.14031 -5.03405
0.688 5.16773 -5.04557
0.689 5.17221 -5.04045
0.69 5.15376 -5.01871
0.691 5.11246 -4.98046
0.692 5.04852 -4.92586
0.693 4.96219 -4.85513
0.694 4.85385 -4.76857
0.695 4.72396 -4.66653
0.696 4.57306 -4.5494
0.697 4.40178 -4.41767
0.698 4.21084 -4.27185
0.699 4.00102 -4.11251
0.7 3.77321 -3.94029
0.701 3.52834 -3.75587
0.702 3.26743 -3.55996
0.703 2.99156 -3.35333
0.704 2.70187 -3.13679
0.705 2.39955 -2.91119
0.706 2.08587 -2.6774
0.707 1.7621 -2.43632
0.708 1.42961 -2.18889
0.709 1.08975 -1.93607
0.71 0.743935 -1.67883
0.711 0.393599 -1.41817
0.712 0.0401913 -1.15507
0.713 -0.314824 -0.890558
0.714 -0.669975 -0.625634
0.715 -1.02379 -0.361309
0.716 -1.37479 -0.0985864
0.717 -1.72153 0.161538
0.718 -2.06255 0.418083
0.719 -2.39645 0.670085
0.72 -2.72182 0.9166
0.721 -3.0373 1.15671
0.722 -3.34158 1.38952
0.723 -3.63337 1.61418
0.724 -3.91146 1.82987
0.725 -4.17467 2.03579
0.726 -4.42188 2.23121
0.727 -4.65205 2.41543
0.728 -4.8642 2.5878
0.729 -5.05742 2.74772
0.73 -5.23087 2.89463
0.731 -5.38381 3.02806
0.732 -5.51557 3.14755
0.733 -5.62555 3.25273
0.734 -5.71327 3.34329
0.735 -5.77831 3.41895
0.736 -5.82037 3.47953
0.737 -5.83922 3.52488
0.738 -5.83472 3.55495
0.739 -5.80686 3.56971
0.74 -5.75568 3.56921
0.741 -5.68135 3.55359
0.742 -5.58412 3.52301
0.743 -5.46432 3.47772
0.744 -5.32239 3.41801
0.745 -5.15886 3.34424
0.746 -4.97434 3.25683
0.747 -4.76953 3.15625
0.748 -4.54521 3.04303
0.749 -4.30224 2.91773
0.75 -4.04156 2.78099
0.751 -3.76417 2.63348
0.752 -3.47116 2.4759
0.753 -3.16367 2.30902
0.754 -2.8429 2.13362
0.755 -2.51011 1.95053
0.756 -2.16661 1.76061
0.757 -1.81373 1.56474
0.758 -1.45289 1.36382
0.759 -1.08549 1.15878
0.76 -0.712991 0.95055
0.761 -0.336865 0.740093
0.762 0.0413998 0.528364
0.763 0.420306 0.316325
0.764 0.798351 0.104938
0.765 1.17404 -0.10484
0.766 1.54587 -0.312059
0.767 1.91238 -0.515784
0.768 2.2721 -0.715094
0.769 2.62361 -0.90909
0.77 2.96551 -1.09689
0.771 3.29645 -1.27766
0.772 3.6151 -1.45057
0.773 3.9202 -1.61484
0.774 4.21054 -1.76973
0.775 4.48496 -1.91453
0.776 4.74239 -2.04858
0.777 4.98179 -2.17127
0.778 5.20221 -2.28204
0.779 5.40279 -2.38036
0.78 5.58274 -2.46579
0.781 5.74134 -2.53792
0.782 5.87797 -2.59639
0.783 5.9921 -2.64093
0.784 6.0833 -2.67131
0.785 6.15119 -2.68735
0.786 6.19554 -2.68896
0.787 6.21619 -2.67609
0.788 6.21306 -2.64876
0.789 6.18619 -2.60705
0.79 6.13572 -2.5511
0.791 6.06186 -2.48111
0.792 5.96494 -2.39737
0.793 5.84538 -2.30017
0.794 5.70367 -2.18992
0.795 5.54042 -2.06704
0.796 5.35631 -1.93204
0.797 5.15211 -1.78545
0.798 4.92868 -1.62787
0.799 4.68694 -1.45996
0.8 4.42791 -1.28239
0.801 4.15265 -1.0959
0.802 3.86231 -0.901259
0.803 3.5581 -0.699279
0.804 3.24129 -0.490798
0.805 2.91317 -0.276687
0.806 2.57512 -0.0578388
0.807 2.22853 0.164827
0.808 1.87486 0.390376
0.809 1.51555 0.617858
0.81 1.15211 0.846312
0.811 0.786033 1.07477
0.812 0.418852 1.30227
0.813 0.0520884 1.52784
0.814 -0.312735 1.75052
0.815 -0.6741 1.96937
0.816 -1.0305 2.18343
0.817 -1.38046 2.3918
0.818 -1.72252 2.59357
0.819 -2.05524 2.78787
0.82 -2.37724 2.97387
0.821 -2.68718 3.15075
0.822 -2.98375 3.31774
0.823 -3.26571 3.4741
0.824 -3.53188 3.61915
0.825 -3.78113 3.75223
0.826 -4.01243 3.87275
0.827 -4.22477 3.98017
0.828 -4.41728 4.07398
0.829 -4.58911 4.15376
0.83 -4.73954 4.21912
0.831 -4.86792 4.26974
0.832 -4.97369 4.30537
0.833 -5.05638 4.32579
0.834 -5.11562 4.33089
0.835 -5.15113 4.32058
0.836 -5.16274 4.29486
0.837 -5.15036 4.25378
0.838 -5.114 4.19746
0.839 -5.0538 4.12609
0.84 -4.96996 4.03991
0.841 -4.86279 3.93923
0.842 -4.73271 3.82442
0.843 -4.5802 3.69592
0.844 -4.40588 3.55419
0.845 -4.21043 3.3998
0.846 -3.99461 3.23333
0.847 -3.7593 3.05544
0.848 -3.50542 2.86682
0.849 -3.234 2.66821
0.85 -2.94612 2.46041
0.851 -2.64296 2.24423
0.852 -2.32572 2.02055
0.853 -1.9957 1.79026
0.854 -1.65424 1.55429
0.855 -1.30271 1.31358
0.856 -0.942561 1.06912
0.857 -0.575251 0.821902
0.858 -0.202282 0.572925
0.859 0.174819 0.323211
0.86 0.554508 0.0737812
0.861 0.935224 -0.17434
0.862 1.3154 -0.42013
0.863 1.69348 -0.662574
0.864 2.06789 -0.900669
0.865 2.43709 -1.13343
0.866 2.79954 -1.35988
0.867 3.15375 -1.57907
0.868 3.49824 -1.79009
0.869 3.83156 -1.99206
0.87 4.15234 -2.18411
0.871 4.45921 -2.36543
0.872 4.75089 -2.53525
0.873 5.02615 -2.69285
0.874 5.28381 -2.83753
0.875 5.52278 -2.96868
0.876 5.74203 -3.08572
0.877 5.94061 -3.18814
0.878 6.11766 -3.27546
0.879 6.2724 -3.3473
0.88 6.40413 -3.40332
0.881 6.51227 -3.44324
0.882 6.59629 -3.46686
0.883 6.65579 -3.47404
0.884 6.69047 -3.4647
0.885 6.7001 -3.43883
0.886 6.68459 -3.39651
0.887 6.64391 -3.33785
0.888 6.57816 -3.26305
0.889 6.48754 -3.17238
0.89 6.37234 -3.06617
0.891 6.23294 -2.94481
0.892 6.06984 -2.80875
0.893 5.88363 -2.65852
0.894 5.67498 -2.49469
0.895 5.44467 -2.3179
0.896 5.19356 -2.12883
0.897 4.92258 -1.92825
0.898 4.63277 -1.71692
0.899 4.32522 -1.4957
0.9 4.00111 -1.26547
0.901 3.66169 -1.02715
0.902 3.30825 -0.781702
0.903 2.94217 -0.530111
0.904 2.56485 -0.273399
0.905 2.17776 -0.0126113
0.906 1.7824 0.251188
0.907 1.38032 0.516919
0.908 0.973068 0.783488
0.909 0.562247 1.04979
0.91 0.149459 1.31474
0.911 -0.263682 1.57721
0.912 -0.675556 1.83612
0.913 -1.08455 2.09039
0.914 -1.48905 2.33893
0.915 -1.88749 2.5807
0.916 -2.27827 2.81467
0.917 -2.65989 3.03983
0.918 -3.03082 3.25522
0.919 -3.38961 3.45989
0.92 -3.73484 3.65296
0.921 -4.06517 3.83357
0.922 -4.37928 4.00091
0.923 -4.67593 4.15423
0.924 -4.95396 4.29281
0.925 -5.21228 4.41602
0.926 -5.44986 4.52326
0.927 -5.66577 4.614
0.928 -5.85916 4.68778
0.929 -6.02928 4.7442
0.93 -6.17544 4.78291
0.931 -6.29709 4.80367
0.932 -6.39375 4.80627
0.933 -6.46505 4.79058
0.934 -6.51071 4.75656
0.935 -6.53056 4.70423
0.936 -6.52454 4.63366
0.937 -6.49268 4.54504
0.938 -6.43513 4.43858
0.939 -6.35212 4.3146
0.94 -6.24401 4.17346
0.941 -6.11123 4.01561
0.942 -5.95435 3.84155
0.943 -5.77399 3.65187
0.944 -5.5709 3.44718
0.945 -5.3459 3.22819
0.946 -5.09992 2.99566
0.947 -4.83395 2.75038
0.948 -4.54908 2.49322
0.949 -4.24647 2.22508
0.95 -3.92734 1.94691
0.951 -3.59301 1.65972
0.952 -3.24482 1.36453
0.953 -2.88419 1.0624
0.954 -2.5126 0.754438
0.955 -2.13155 0.44175
0.956 -1.74259 0.12548
0.957 -1.34731 -0.193215
0.958 -0.947318 -0.513167
0.959 -0.544243 -0.833202
0.96 -0.139728 -1.15214
0.961 0.264578 -1.4688
0.962 0.667024 -1.78203
0.963 1.06597 -2.09065
0.964 1.45978 -2.39352
0.965 1.84685 -2.68953
0.966 2.22559 -2.97757
0.967 2.59445 -3.25657
0.968 2.95192 -3.5255
0.969 3.29653 -3.78336
0.97 3.62686 -4.02918
0.971 3.94156 -4.26205
0.972 4.23932 -4.48111
0.973 4.51891 -4.68555
0.974 4.77918 -4.8746
0.975 5.01904 -5.04756
0.976 5.23749 -5.20379
0.977 5.43362 -5.34272
0.978 5.60659 -5.46384
0.979 5.75568 -5.5667
0.98 5.88026 -5.65094
0.981 5.97976 -5.71623
0.982 6.05377 -5.76237
0.983 6.10194 -5.78918
0.984 6.12403 -5.7966
0.985 6.11992 -5.7846
0.986 6.08959 -5.75325
0.987 6.0331 -5.70269
0.988 5.95066 -5.63314
0.989 5.84255 -5.54488
0.99 5.70916 -5.43827
0.991 5.55099 -5.31374
0.992 5.36863 -5.17177
0.993 5.16278 -5.01295
0.994 4.93422 -4.83788
0.995 4.68383 -4.64727
0.996 4.41258 -4.44186
0.997 4.12152 -4.22246
0.998 3.81177 -3.98992
0.999 3.48456 -3.74516
1 3.14114 -3.48913
