0.001 3.82612e-008 2.92349e-009
0.002 3.43731e-007 2.34879e-008
0.003 1.60057e-006 9.75137e-008
0.004 5.24548e-006 2.86304e-007
0.005 1.3757e-005 6.79474e-007
0.006 3.09344e-005 1.39961e-006
0.007 6.21633e-005 2.60923e-006
0.008 0.000114666 4.52038e-006
0.009 0.000197735 7.40747e-006
0.01 0.000322944 1.16234e-005
0.011 0.000504337 1.76197e-005
0.012 0.0007586 2.59702e-005
0.013 0.0011052 3.73997e-005
0.014 0.00156648 5.28167e-005
0.015 0.00216778 7.33501e-005
0.016 0.00293745 0.000100392
0.017 0.00390692 0.000135642
0.018 0.00511064 0.000181162
0.019 0.00658607 0.000239428
0.02 0.00837359 0.00031339
0.021 0.0105164 0.000406538
0.022 0.0130605 0.000522966
0.023 0.0160541 0.000667446
0.024 0.0195481 0.000845496
0.025 0.0235951 0.00106346
0.026 0.0282499 0.00132859
0.027 0.0335684 0.0016491
0.028 0.0396079 0.00203429
0.029 0.0464266 0.00249458
0.03 0.0540831 0.0030416
0.031 0.0626359 0.0036883
0.032 0.0721435 0.00444897
0.033 0.0826634 0.00533935
0.034 0.0942519 0.00637668
0.035 0.106964 0.00757977
0.036 0.120851 0.00896904
0.037 0.135964 0.0105666
0.038 0.15235 0.0123962
0.039 0.170052 0.0144835
0.04 0.189108 0.0168556
0.041 0.209554 0.0195419
0.042 0.23142 0.022573
0.043 0.254729 0.0259816
0.044 0.2795 0.0298022
0.045 0.305746 0.0340708
0.046 0.333471 0.0388253
0.047 0.362675 0.0441049
0.048 0.393348 0.0499505
0.049 0.425475 0.0564046
0.05 0.45903 0.0635107
0.051 0.493982 0.0713137
0.052 0.530288 0.0798594
0.053 0.5679 0.0891948
0.054 0.60676 0.0993673
0.055 0.646801 0.110425
0.056 0.687947 0.122416
0.057 0.730114 0.13539
0.058 0.773208 0.149394
0.059 0.81713 0.164477
0.06 0.861769 0.180687
0.061 0.907006 0.198069
0.062 0.952717 0.216669
0.063 0.998768 0.236532
0.064 1.04502 0.257699
0.065 1.09132 0.280211
0.066 1.13753 0.304105
0.067 1.18347 0.329417
0.068 1.22899 0.356178
0.069 1.27391 0.384418
0.07 1.31807 0.41416
0.071 1.36129 0.445427
0.072 1.40339 0.478234
0.073 1.44419 0.512594
0.074 1.48351 0.548512
0.075 1.52116 0.585992
0.076 1.55697 0.625028
0.077 1.59076 0.665611
0.078 1.62235 0.707725
0.079 1.65157 0.751346
0.08 1.67825 0.796446
0.081 1.70222 0.842989
0.082 1.72333 0.890932
0.083 1.74142 0.940223
0.084 1.75636 0.990805
0.085 1.76801 1.04261
0.086 1.77623 1.09557
0.087 1.78093 1.1496
0.088 1.78198 1.20462
0.089 1.77931 1.26052
0.09 1.77283 1.3172
0.091 1.76248 1.37455
0.092 1.74819 1.43246
0.093 1.72995 1.49079
0.094 1.70771 1.54941
0.095 1.68148 1.60818
0.096 1.65126 1.66695
0.097 1.61707 1.72557
0.098 1.57896 1.78387
0.099 1.53699 1.8417
0.1 1.49122 1.89887
0.101 1.44175 1.95522
0.102 1.38869 2.01056
0.103 1.33216 2.06471
0.104 1.2723 2.11747
0.105 1.20927 2.16866
0.106 1.14324 2.21808
0.107 1.0744 2.26554
0.108 1.00296 2.31084
0.109 0.929132 2.35378
0.11 0.853149 2.39417
0.111 0.775257 2.43182
0.112 0.695713 2.46653
0.113 0.614788 2.49811
0.114 0.532762 2.52637
0.115 0.449923 2.55113
0.116 0.36657 2.57222
0.117 0.283008 2.58946
0.118 0.199549 2.60268
0.119 0.11651 2.61174
0.12 0.0342112 2.61648
0.121 -0.0470236 2.61676
0.122 -0.126871 2.61246
0.123 -0.205005 2.60345
0.124 -0.281106 2.58962
0.125 -0.354852 2.57088
0.126 -0.425928 2.54714
0.127 -0.494026 2.51835
0.128 -0.558842 2.48443
0.129 -0.620084 2.44535
0.13 -0.677468 2.40108
0.131 -0.730721 2.35161
0.132 -0.779584 2.29695
0.133 -0.823811 2.23712
0.134 -0.863173 2.17215
0.135 -0.897455 2.10211
0.136 -0.926462 2.02706
0.137 -0.950017 1.94711
0.138 -0.967962 1.86234
0.139 -0.98016 1.7729
0.14 -0.986499 1.67892
0.141 -0.986884 1.58056
0.142 -0.981248 1.478
0.143 -0.969545 1.37145
0.144 -0.951757 1.2611
0.145 -0.927887 1.14719
0.146 -0.897965 1.02995
0.147 -0.862049 0.909666
0.148 -0.820218 0.786592
0.149 -0.772582 0.661022
0.15 -0.719273 0.53326
0.151 -0.66045 0.403619
0.152 -0.596297 0.272427
0.153 -0.527024 0.140021
0.154 -0.452865 0.00674985
0.155 -0.374075 -0.12703
0.156 -0.290937 -0.260953
0.157 -0.203753 -0.394649
0.158 -0.112847 -0.527739
0.159 -0.0185628 -0.659843
0.16 0.0787359 -0.790575
0.161 0.178668 -0.919548
0.162 0.280836 -1.04638
0.163 0.384826 -1.17067
0.164 0.490213 -1.29205
0.165 0.596557 -1.41013
0.166 0.703411 -1.52454
0.167 0.810316 -1.63491
0.168 0.916808 -1.74087
0.169 1.02242 -1.84207
0.17 1.12667 -1.93818
0.171 1.2291 -2.02885
0.172 1.32922 -2.11378
0.173 1.42658 -2.19266
0.174 1.52069 -2.2652
0.175 1.61111 -2.33114
0.176 1.69737 -2.39022
0.177 1.77905 -2.44221
0.178 1.85572 -2.48689
0.179 1.92695 -2.52409
0.18 1.99235 -2.55363
0.181 2.05155 -2.57537
0.182 2.10418 -2.58918
0.183 2.14991 -2.59498
0.184 2.18841 -2.59269
0.185 2.21941 -2.58228
0.186 2.24264 -2.56372
0.187 2.25786 -2.53702
0.188 2.26487 -2.50223
0.189 2.26348 -2.45942
0.19 2.25355 -2.40867
0.191 2.23497 -2.35011
0.192 2.20766 -2.28389
0.193 2.17157 -2.21019
0.194 2.12669 -2.12921
0.195 2.07304 -2.04118
0.196 2.01068 -1.94637
0.197 1.93969 -1.84505
0.198 1.86021 -1.73754
0.199 1.7724 -1.62417
0.2 1.67646 -1.5053
0.201 1.57261 -1.3813
0.202 1.46113 -1.25258
0.203 1.3423 -1.11956
0.204 1.21647 -0.982676
0.205 1.08399 -0.842385
0.206 0.945259 -0.699162
0.207 0.800692 -0.553494
0.208 0.650739 -0.405882
0.209 0.495875 -0.256837
0.21 0.336598 -0.106881
0.211 0.17343 0.0434567
0.212 0.00691191 0.193641
0.213 -0.162396 0.343133
0.214 -0.333915 0.491392
0.215 -0.507055 0.637874
0.216 -0.681212 0.78204
0.217 -0.855771 0.923353
0.218 -1.03011 1.06128
0.219 -1.20361 1.1953
0.22 -1.37562 1.3249
0.221 -1.54554 1.44957
0.222 -1.71272 1.56883
0.223 -1.87654 1.6822
0.224 -2.03639 1.78922
0.225 -2.19167 1.88945
0.226 -2.34177 1.98248
0.227 -2.48613 2.0679
0.228 -2.62417 2.14535
0.229 -2.75536 2.21448
0.23 -2.87917 2.27496
0.231 -2.99511 2.32651
0.232 -3.10271 2.36885
0.233 -3.20153 2.40176
0.234 -3.29116 2.42504
0.235 -3.37121 2.43851
0.236 -3.44134 2.44205
0.237 -3.50125 2.43554
0.238 -3.55065 2.41893
0.239 -3.58933 2.39218
0.24 -3.61707 2.3553
0.241 -3.63373 2.30833
0.242 -3.6392 2.25133
0.243 -3.6334 2.18444
0.244 -3.61632 2.10778
0.245 -3.58795 2.02156
0.246 -3.54838 1.92598
0.247 -3.49769 1.82129
0.248 -3.43605 1.70779
0.249 -3.36363 1.5858
0.25 -3.28067 1.45566
0.251 -3.18745 1.31776
0.252 -3.08428 1.17251
0.253 -2.97153 1.02035
0.254 -2.84958 0.861747
0.255 -2.71888 0.697199
0.256 -2.57989 0.527221
0.257 -2.43312 0.352351
0.258 -2.2791 0.173148
0.259 -2.11841 -0.00980918
0.26 -1.95164 -0.195927
0.261 -1.77942 -0.384598
0.262 -1.6024 -0.575202
0.263 -1.42125 -0.767108
0.264 -1.23666 -0.959678
0.265 -1.04933 -1.15227
0.266 -0.859986 -1.34423
0.267 -0.669362 -1.53493
0.268 -0.478198 -1.7237
0.269 -0.287238 -1.90992
0.27 -0.0972311 -2.09294
0.271 0.0910748 -2.27214
0.272 0.276936 -2.4469
0.273 0.459614 -2.61662
0.274 0.638381 -2.78071
0.275 0.812521 -2.9386
0.276 0.981334 -3.08975
0.277 1.14414 -3.23363
0.278 1.30027 -3.36972
0.279 1.4491 -3.49756
0.28 1.59 -3.61669
0.281 1.72241 -3.7267
0.282 1.84577 -3.82719
0.283 1.95956 -3.9178
0.284 2.06331 -3.99821
0.285 2.15656 -4.06814
0.286 2.23893 -4.12732
0.287 2.31005 -4.17555
0.288 2.36961 -4.21265
0.289 2.41734 -4.23849
0.29 2.453 -4.25296
0.291 2.47643 -4.256
0.292 2.4875 -4.2476
0.293 2.48613 -4.22779
0.294 2.47229 -4.19662
0.295 2.44599 -4.1542
0.296 2.40732 -4.10068
0.297 2.3564 -4.03623
0.298 2.29339 -3.96108
0.299 2.21852 -3.87549
0.3 2.13205 -3.77976
0.301 2.03431 -3.67422
0.302 1.92566 -3.55924
0.303 1.80651 -3.43522
0.304 1.67731 -3.3026
0.305 1.53856 -3.16184
0.306 1.39081 -3.01344
0.307 1.23461 -2.85791
0.308 1.0706 -2.69581
0.309 0.899406 -2.5277
0.31 0.721717 -2.35418
0.311 0.538239 -2.17585
0.312 0.349705 -1.99333
0.313 0.156874 -1.80728
0.314 -0.0394767 -1.61833
0.315 -0.238552 -1.42715
0.316 -0.439541 -1.2344
0.317 -0.641623 -1.04077
0.318 -0.843969 -0.846912
0.319 -1.04575 -0.653509
0.32 -1.24612 -0.461229
0.321 -1.44426 -0.270733
0.322 -1.63933 -0.0826762
0.323 -1.83052 0.102298
0.324 -2.01703 0.283561
0.325 -2.19806 0.460497
0.326 -2.37284 0.632512
0.327 -2.54062 0.799029
0.328 -2.70069 0.959497
0.329 -2.85233 1.11339
0.33 -2.99489 1.2602
0.331 -3.12775 1.39946
0.332 -3.25029 1.53072
0.333 -3.36197 1.65359
0.334 -3.46228 1.76767
0.335 -3.55074 1.87264
0.336 -3.62693 1.96818
0.337 -3.69048 2.05403
0.338 -3.74105 2.12996
0.339 -3.77837 2.19579
0.34 -3.80222 2.25135
0.341 -3.81242 2.29656
0.342 -3.80886 2.33133
0.343 -3.79148 2.35564
0.344 -3.76027 2.36951
0.345 -3.71528 2.373
0.346 -3.65661 2.3662
0.347 -3.58443 2.34925
0.348 -3.49894 2.32232
0.349 -3.40042 2.28564
0.35 -3.28918 2.23946
0.351 -3.16561 2.18407
0.352 -3.03011 2.11979
0.353 -2.88318 2.047
0.354 -2.72532 1.96608
0.355 -2.5571 1.87746
0.356 -2.37914 1.7816
0.357 -2.19208 1.67897
0.358 -1.99661 1.57009
0.359 -1.79345 1.4555
0.36 -1.58336 1.33573
0.361 -1.36713 1.21138
0.362 -1.14557 1.08301
0.363 -0.919513 0.951252
0.364 -0.689823 0.816704
0.365 -0.457371 0.679996
0.366 -0.223044 0.541759
0.367 0.0122602 0.402628
0.368 0.24764 0.26324
0.369 0.482189 0.124231
0.37 0.715005 -0.013767
0.371 0.945186 -0.150129
0.372 1.17184 -0.284237
0.373 1.3941 -0.415487
0.374 1.61109 -0.543287
0.375 1.82197 -0.667061
0.376 2.02592 -0.786255
0.377 2.22216 -0.900333
0.378 2.4099 -1.00878
0.379 2.58843 -1.11112
0.38 2.75704 -1.20688
0.381 2.91509 -1.29563
0.382 3.06195 -1.37698
0.383 3.19705 -1.45056
0.384 3.31987 -1.51604
0.385 3.42994 -1.57312
0.386 3.52683 -1.62154
0.387 3.61016 -1.66108
0.388 3.67963 -1.69155
0.389 3.73496 -1.71281
0.39 3.77597 -1.72476
0.391 3.80249 -1.72732
0.392 3.81444 -1.72049
0.393 3.8118 -1.70427
0.394 3.79459 -1.67872
0.395 3.76292 -1.64395
0.396 3.71692 -1.60008
0.397 3.6568 -1.54731
0.398 3.58285 -1.48583
0.399 3.49537 -1.41592
0.4 3.39475 -1.33786
0.401 3.28143 -1.25197
0.402 3.1559 -1.15861
0.403 3.01869 -1.05818
0.404 2.87039 -0.951103
0.405 2.71163 -0.837826
0.406 2.5431 -0.71883
0.407 2.36552 -0.594619
0.408 2.17964 -0.46572
0.409 1.98626 -0.33268
0.41 1.78621 -0.196065
0.411 1.58034 -0.0564567
0.412 1.36952 0.0855507
0.413 1.15468 0.229351
0.414 0.936714 0.374331
0.415 0.716573 0.51987
0.416 0.4952 0.665346
0.417 0.273547 0.810137
0.418 0.0525711 0.953621
0.419 -0.166774 1.09518
0.42 -0.383538 1.23422
0.421 -0.59678 1.37013
0.422 -0.805573 1.50233
0.423 -1.00901 1.63025
0.424 -1.20619 1.75334
0.425 -1.39625 1.87107
0.426 -1.57836 1.98293
0.427 -1.75171 2.08844
0.428 -1.91552 2.18714
0.429 -2.06907 2.27861
0.43 -2.21166 2.36245
0.431 -2.34264 2.4383
0.432 -2.46142 2.50583
0.433 -2.56744 2.56474
0.434 -2.6602 2.61477
0.435 -2.73927 2.65572
0.436 -2.80424 2.6874
0.437 -2.8548 2.70968
0.438 -2.89067 2.72245
0.439 -2.91164 2.72566
0.44 -2.91757 2.71929
0.441 -2.90837 2.70338
0.442 -2.88403 2.67799
0.443 -2.84457 2.64323
0.444 -2.79012 2.59926
0.445 -2.72084 2.54627
0.446 -2.63695 2.48449
0.447 -2.53877 2.41419
0.448 -2.42663 2.33569
0.449 -2.30096 2.24932
0.45 -2.16222 2.15548
0.451 -2.01095 2.05458
0.452 -1.84774 1.94706
0.453 -1.67321 1.83341
0.454 -1.48804 1.71413
0.455 -1.29299 1.58976
0.456 -1.08881 1.46085
0.457 -0.876322 1.32797
0.458 -0.656387 1.19174
0.459 -0.42989 1.05277
0.46 -0.19775 0.911671
0.461 0.0390871 0.769099
0.462 0.279651 0.6257
0.463 0.522954 0.482127
0.464 0.767993 0.339039
0.465 1.01375 0.197095
0.466 1.25921 0.0569504
0.467 1.50335 -0.0807447
0.468 1.74513 -0.215348
0.469 1.98355 -0.346228
0.47 2.2176 -0.472767
0.471 2.44629 -0.594365
0.472 2.66864 -0.710439
0.473 2.8837 -0.820431
0.474 3.09054 -0.923804
0.475 3.28827 -1.02005
0.476 3.47602 -1.10869
0.477 3.65298 -1.18927
0.478 3.81836 -1.26138
0.479 3.97142 -1.32464
0.48 4.11147 -1.3787
0.481 4.23788 -1.42327
0.482 4.35005 -1.45807
0.483 4.44745 -1.48289
0.484 4.52963 -1.49754
0.485 4.59615 -1.50189
0.486 4.64668 -1.49585
0.487 4.68093 -1.47937
0.488 4.69868 -1.45244
0.489 4.69977 -1.41513
0.49 4.68413 -1.36751
0.491 4.65174 -1.30972
0.492 4.60264 -1.24194
0.493 4.53695 -1.16441
0.494 4.45487 -1.07739
0.495 4.35664 -0.9812
0.496 4.24258 -0.876192
0.497 4.11309 -0.762765
0.498 3.96861 -0.641358
0.499 3.80965 -0.512445
0.5 3.63679 -0.376537
0.501 3.45065 -0.23418
0.502 3.25193 -0.085951
0.503 3.04136 0.0675421
0.504 2.81973 0.225665
0.505 2.58788 0.387757
0.506 2.3467 0.553137
0.507 2.0971 0.721103
0.508 1.84004 0.890936
0.509 1.57652 1.0619
0.51 1.30755 1.23326
0.511 1.03419 1.40426
0.512 0.757487 1.57414
0.513 0.478539 1.74215
0.514 0.198437 1.90753
0.515 -0.0817159 2.06952
0.516 -0.360814 2.22739
0.517 -0.637753 2.3804
0.518 -0.911433 2.52782
0.519 -1.18077 2.66896
0.52 -1.44468 2.80314
0.521 -1.70212 2.92969
0.522 -1.95205 3.04798
0.523 -2.19347 3.15741
0.524 -2.42541 3.2574
0.525 -2.64694 3.34741
0.526 -2.85715 3.42694
0.527 -3.0552 3.49552
0.528 -3.24029 3.55272
0.529 -3.41165 3.59817
0.53 -3.5686 3.63152
0.531 -3.71048 3.65248
0.532 -3.83672 3.66081
0.533 -3.94679 3.65631
0.534 -4.04024 3.63884
0.535 -4.11667 3.6083
0.536 -4.17577 3.56464
0.537 -4.21729 3.50788
0.538 -4.24104 3.43807
0.539 -4.24691 3.35533
0.54 -4.23487 3.25982
0.541 -4.20495 3.15176
0.542 -4.15727 3.03142
0.543 -4.092 2.89911
0.544 -4.0094 2.7552
0.545 -3.90979 2.60012
0.546 -3.79358 2.43431
0.547 -3.66121 2.25829
0.548 -3.51323 2.07261
0.549 -3.35022 1.87787
0.55 -3.17286 1.67469
0.551 -2.98185 1.46374
0.552 -2.77796 1.24574
0.553 -2.56204 1.02142
0.554 -2.33497 0.791536
0.555 -2.09766 0.55689
0.556 -1.8511 0.318295
0.557 -1.59629 0.0765872
0.558 -1.3343 -0.16738
0.559 -1.06619 -0.41274
0.56 -0.793072 -0.658615
0.561 -0.516087 -0.90412
0.562 -0.23638 -1.14837
0.563 0.0448823 -1.39047
0.564 0.326527 -1.62953
0.565 0.607374 -1.86469
0.566 0.886247 -2.09507
0.567 1.16197 -2.31982
0.568 1.43338 -2.53809
0.569 1.69933 -2.74908
0.57 1.95869 -2.95199
0.571 2.21035 -3.14605
0.572 2.45323 -3.33053
0.573 2.68629 -3.50472
0.574 2.90852 -3.66797
0.575 3.11895 -3.81963
0.576 3.31667 -3.95913
0.577 3.50079 -4.08592
0.578 3.67051 -4.19951
0.579 3.82505 -4.29944
0.58 3.96371 -4.38532
0.581 4.08586 -4.45681
0.582 4.19091 -4.5136
0.583 4.27836 -4.55546
0.584 4.34777 -4.58222
0.585 4.39877 -4.59374
0.586 4.43107 -4.58995
0.587 4.44445 -4.57085
0.588 4.43877 -4.53649
0.589 4.41396 -4.48697
0.59 4.37004 -4.42246
0.591 4.30708 -4.34318
0.592 4.22527 -4.2494
0.593 4.12483 -4.14147
0.594 4.0061 -4.01978
0.595 3.86945 -3.88476
0.596 3.71537 -3.73692
0.597 3.54437 -3.57679
0.598 3.35708 -3.40498
0.599 3.15416 -3.22213
0.6 2.93636 -3.02891
0.601 2.70447 -2.82605
0.602 2.45936 -2.61431
0.603 2.20193 -2.3945
0.604 1.93316 -2.16745
0.605 1.65406 -1.93401
0.606 1.36569 -1.69508
0.607 1.06915 -1.45156
0.608 0.765563 -1.20439
0.609 0.456105 -0.954498
0.61 0.141964 -0.702856
0.611 -0.175646 -0.450425
0.612 -0.495496 -0.198176
0.613 -0.816342 0.0529198
0.614 -1.13694 0.301893
0.615 -1.45603 0.547782
0.616 -1.77237 0.789635
0.617 -2.08472 1.02651
0.618 -2.39185 1.2575
0.619 -2.69256 1.48169
0.62 -2.98565 1.69821
0.621 -3.26997 1.90622
0.622 -3.5444 2.1049
0.623 -3.80783 2.29347
0.624 -4.05924 2.47119
0.625 -4.2976 2.63736
0.626 -4.52198 2.79132
0.627 -4.73147 2.93245
0.628 -4.92523 3.06021
0.629 -5.10248 3.17407
0.63 -5.26251 3.27358
0.631 -5.40466 3.35833
0.632 -5.52835 3.42797
0.633 -5.63308 3.48222
0.634 -5.71841 3.52084
0.635 -5.78399 3.54367
0.636 -5.82954 3.55059
0.637 -5.85484 3.54156
0.638 -5.8598 3.51659
0.639 -5.84435 3.47575
0.64 -5.80855 3.41918
0.641 -5.75251 3.34708
0.642 -5.67644 3.25971
0.643 -5.58061 3.15738
0.644 -5.46539 3.04047
0.645 -5.3312 2.9094
0.646 -5.17857 2.76468
0.647 -5.00807 2.60682
0.648 -4.82037 2.43644
0.649 -4.61619 2.25417
0.65 -4.39632 2.06069
0.651 -4.16161 1.85674
0.652 -3.91298 1.64308
0.653 -3.6514 1.42054
0.654 -3.37789 1.18995
0.655 -3.09351 0.952184
0.656 -2.79939 0.708158
0.657 -2.49667 0.458797
0.658 -2.18655 0.205053
0.659 -1.87024 -0.0521043
0.66 -1.54897 -0.311693
0.661 -1.22403 -0.572721
0.662 -0.896677 -0.834188
0.663 -0.568207 -1.09509
0.664 -0.239913 -1.35444
0.665 0.0869125 -1.61123
0.666 0.410983 -1.86448
0.667 0.73102 -2.11322
0.668 1.04576 -2.35649
0.669 1.35397 -2.59337
0.67 1.65444 -2.82293
0.671 1.94597 -3.04431
0.672 2.22742 -3.25665
0.673 2.49768 -3.45913
0.674 2.75569 -3.65098
0.675 3.00044 -3.83146
0.676 3.23096 -3.99988
0.677 3.44636 -4.15559
0.678 3.64577 -4.29799
0.679 3.82844 -4.42654
0.68 3.99364 -4.54075
0.681 4.14073 -4.64017
0.682 4.26914 -4.72442
0.683 4.37839 -4.79319
0.684 4.46804 -4.84621
0.685 4.53777 -4.88328
0.686 4.58732 -4.90426
0.687 4.61651 -4.90907
0.688 4.62524 -4.89768
0.689 4.61351 -4.87016
0.69 4.58139 -4.8266
0.691 4.52902 -4.76718
0.692 4.45665 -4.69213
0.693 4.3646 -4.60173
0.694 4.25324 -4.49633
0.695 4.12308 -4.37635
0.696 3.97464 -4.24224
0.697 3.80856 -4.09451
0.698 3.62554 -3.93374
0.699 3.42634 -3.76055
0.7 3.21178 -3.57558
0.701 2.98278 -3.37956
0.702 2.74026 -3.17324
0.703 2.48526 -2.95739
0.704 2.21882 -2.73284
0.705 1.94204 -2.50046
0.706 1.65609 -2.26111
0.707 1.36214 -2.01572
0.708 1.06141 -1.76521
0.709 0.755149 -1.51052
0.71 0.444629 -1.25263
0.711 0.131135 -0.992499
0.712 -0.184032 -0.731112
0.713 -0.499562 -0.469446
0.714 -0.814147 -0.208483
0.715 -1.12648 0.0508033
0.716 -1.43526 0.307449
0.717 -1.7392 0.560501
0.718 -2.03704 0.809025
0.719 -2.32754 1.05211
0.72 -2.60947 1.28885
0.721 -2.88167 1.51841
0.722 -3.14299 1.73993
0.723 -3.39233 1.95263
0.724 -3.62865 2.15574
0.725 -3.85094 2.34854
0.726 -4.05827 2.53037
0.727 -4.24976 2.70057
0.728 -4.42459 2.85858
0.729 -4.582 3.00386
0.73 -4.72132 3.13594
0.731 -4.84194 3.25437
0.732 -4.94333 3.35881
0.733 -5.02503 3.44893
0.734 -5.08667 3.52447
0.735 -5.12796 3.58526
0.736 -5.14867 3.63114
0.737 -5.14868 3.66206
0.738 -5.12796 3.67799
0.739 -5.08652 3.67898
0.74 -5.02451 3.66515
0.741 -4.94212 3.63665
0.742 -4.83964 3.59372
0.743 -4.71744 3.53664
0.744 -4.57597 3.46575
0.745 -4.41575 3.38145
0.746 -4.2374 3.2842
0.747 -4.04159 3.17448
0.748 -3.82907 3.05285
0.749 -3.60065 2.91992
0.75 -3.35721 2.77631
0.751 -3.0997 2.62273
0.752 -2.82912 2.45988
0.753 -2.54651 2.28854
0.754 -2.25299 2.10949
0.755 -1.9497 1.92356
0.756 -1.63782 1.73159
0.757 -1.31858 1.53445
0.758 -0.993229 1.33303
0.759 -0.663046 1.12825
0.76 -0.329328 0.921003
0.761 0.0066123 0.712227
0.762 0.343452 0.502846
0.763 0.679865 0.293788
0.764 1.01452 0.0859778
0.765 1.34611 -0.119669
0.766 1.67332 -0.322247
0.767 1.99487 -0.520867
0.768 2.30948 -0.714656
0.769 2.61591 -0.902767
0.77 2.91296 -1.08437
0.771 3.19945 -1.25869
0.772 3.47427 -1.42494
0.773 3.73632 -1.58241
0.774 3.98459 -1.73041
0.775 4.21808 -1.86828
0.776 4.4359 -1.99544
0.777 4.63719 -2.11133
0.778 4.82115 -2.21542
0.779 4.98709 -2.30728
0.78 5.13435 -2.3865
0.781 5.26236 -2.45272
0.782 5.37064 -2.50565
0.783 5.45878 -2.54506
0.784 5.52644 -2.57077
0.785 5.57338 -2.58265
0.786 5.59944 -2.58065
0.787 5.60454 -2.56475
0.788 5.58869 -2.53503
0.789 5.55197 -2.49158
0.79 5.49456 -2.43459
0.791 5.41673 -2.36429
0.792 5.31881 -2.28097
0.793 5.20123 -2.18496
0.794 5.06448 -2.07667
0.795 4.90916 -1.95655
0.796 4.73591 -1.82509
0.797 4.54547 -1.68285
0.798 4.33863 -1.53042
0.799 4.11625 -1.36843
0.8 3.87927 -1.19757
0.801 3.62866 -1.01856
0.802 3.36548 -0.832134
0.803 3.09082 -0.639091
0.804 2.8058 -0.440239
0.805 2.51162 -0.236416
0.806 2.2095 -0.0284813
0.807 1.90067 0.182688
0.808 1.58643 0.396199
0.809 1.26807 0.61115
0.81 0.946901 0.826631
0.811 0.624259 1.04173
0.812 0.301473 1.25553
0.813 -0.0201212 1.46713
0.814 -0.339196 1.67562
0.815 -0.654433 1.88012
0.816 -0.964528 2.07976
0.817 -1.2682 2.27369
0.818 -1.5642 2.46107
0.819 -1.85129 2.6411
0.82 -2.12829 2.813
0.821 -2.39406 2.97604
0.822 -2.6475 3.12952
0.823 -2.88754 3.27276
0.824 -3.11321 3.40515
0.825 -3.32356 3.52609
0.826 -3.51772 3.63508
0.827 -3.69488 3.73161
0.828 -3.8543 3.81526
0.829 -3.99533 3.88565
0.83 -4.11736 3.94245
0.831 -4.21989 3.98541
0.832 -4.30249 4.01431
0.833 -4.3648 4.02899
0.834 -4.40656 4.02937
0.835 -4.42758 4.01542
0.836 -4.42778 3.98715
0.837 -4.40713 3.94466
0.838 -4.3657 3.88809
0.839 -4.30367 3.81765
0.84 -4.22127 3.73359
0.841 -4.11883 3.63624
0.842 -3.99677 3.52598
0.843 -3.85556 3.40323
0.844 -3.69579 3.26847
0.845 -3.5181 3.12224
0.846 -3.32321 2.96512
0.847 -3.11191 2.79773
0.848 -2.88507 2.62075
0.849 -2.64361 2.43488
0.85 -2.38852 2.24089
0.851 -2.12084 2.03955
0.852 -1.84166 1.83168
0.853 -1.55214 1.61812
0.854 -1.25346 1.39974
0.855 -0.946839 1.17745
0.856 -0.633549 0.952135
0.857 -0.314876 0.724731
0.858 0.00786623 0.496168
0.859 0.333346 0.267386
0.86 0.660219 0.0393282
0.861 0.987133 -0.187066
0.862 1.31273 -0.41086
0.863 1.63567 -0.631128
0.864 1.95461 -0.846957
0.865 2.26821 -1.05745
0.866 2.57517 -1.26173
0.867 2.87422 -1.45895
0.868 3.16409 -1.64827
0.869 3.44358 -1.82892
0.87 3.7115 -2.00013
0.871 3.96674 -2.16117
0.872 4.2082 -2.31138
0.873 4.43487 -2.45011
0.874 4.64577 -2.57678
0.875 4.84001 -2.69083
0.876 5.01674 -2.79179
0.877 5.1752 -2.87922
0.878 5.31469 -2.95273
0.879 5.43459 -3.012
0.88 5.53436 -3.05677
0.881 5.61354 -3.08682
0.882 5.67175 -3.10202
0.883 5.70871 -3.10227
0.884 5.72419 -3.08756
0.885 5.71808 -3.05792
0.886 5.69035 -3.01345
0.887 5.64104 -2.95432
0.888 5.57029 -2.88076
0.889 5.47834 -2.79303
0.89 5.36548 -2.6915
0.891 5.23212 -2.57656
0.892 5.07874 -2.44866
0.893 4.9059 -2.30833
0.894 4.71422 -2.15612
0.895 4.50444 -1.99266
0.896 4.27734 -1.8186
0.897 4.03377 -1.63466
0.898 3.77466 -1.4416
0.899 3.50101 -1.2402
0.9 3.21386 -1.0313
0.901 2.91431 -0.815756
0.902 2.60352 -0.594464
0.903 2.28269 -0.368346
0.904 1.95307 -0.138343
0.905 1.61593 0.0945816
0.906 1.27259 0.329452
0.907 0.924368 0.565279
0.908 0.572637 0.801067
0.909 0.218763 1.03582
0.91 -0.13587 1.26853
0.911 -0.489877 1.49822
0.912 -0.841874 1.72389
0.913 -1.19048 1.94457
0.914 -1.53434 2.15932
0.915 -1.87209 2.36719
0.916 -2.20242 2.56728
0.917 -2.52403 2.7587
0.918 -2.83567 2.9406
0.919 -3.1361 3.11218
0.92 -3.42415 3.27265
0.921 -3.6987 3.42128
0.922 -3.95866 3.55739
0.923 -4.20303 3.68033
0.924 -4.43084 3.78951
0.925 -4.6412 3.8844
0.926 -4.8333 3.96451
0.927 -5.00639 4.02942
0.928 -5.15979 4.07877
0.929 -5.29292 4.11225
0.93 -5.40526 4.12962
0.931 -5.49637 4.13071
0.932 -5.56592 4.11539
0.933 -5.61365 4.08361
0.934 -5.63939 4.03541
0.935 -5.64305 3.97084
0.936 -5.62464 3.89007
0.937 -5.58425 3.7933
0.938 -5.52207 3.68081
0.939 -5.43836 3.55294
0.94 -5.33349 3.41008
0.941 -5.20788 3.25269
0.942 -5.06208 3.0813
0.943 -4.89667 2.89648
0.944 -4.71235 2.69886
0.945 -4.50988 2.48913
0.946 -4.29009 2.26801
0.947 -4.05388 2.03628
0.948 -3.80222 1.79478
0.949 -3.53615 1.54435
0.95 -3.25675 1.28591
0.951 -2.96516 1.02038
0.952 -2.66259 0.748744
0.953 -2.35027 0.471978
0.954 -2.02947 0.191103
0.955 -1.7015 -0.0928482
0.956 -1.36771 -0.378828
0.957 -1.02947 -0.665776
0.958 -0.688143 -0.952629
0.959 -0.345137 -1.23832
0.96 -0.00185195 -1.52178
0.961 0.340308 -1.80195
0.962 0.679944 -2.07778
0.963 1.01566 -2.34824
0.964 1.3461 -2.61231
0.965 1.66988 -2.86899
0.966 1.9857 -3.11733
0.967 2.29225 -3.35637
0.968 2.58827 -3.58523
0.969 2.87254 -3.80302
0.97 3.1439 -4.00893
0.971 3.40123 -4.20218
0.972 3.64346 -4.38203
0.973 3.86959 -4.54779
0.974 4.07868 -4.69885
0.975 4.26987 -4.83463
0.976 4.44234 -4.9546
0.977 4.59539 -5.05832
0.978 4.72836 -5.14538
0.979 4.8407 -5.21546
0.98 4.9319 -5.26829
0.981 5.00159 -5.30366
0.982 5.04944 -5.32146
0.983 5.07524 -5.3216
0.984 5.07885 -5.30408
0.985 5.06022 -5.26899
0.986 5.0194 -5.21645
0.987 4.95651 -5.14667
0.988 4.87178 -5.05991
0.989 4.76553 -4.95652
0.99 4.63814 -4.83688
0.991 4.49009 -4.70146
0.992 4.32196 -4.55078
0.993 4.13438 -4.38543
0.994 3.92807 -4.20603
0.995 3.70385 -4.01328
0.996 3.46257 -3.80793
0.997 3.20519 -3.59075
0.998 2.93269 -3.36259
0.999 2.64616 -3.12433
1 2.34671 -2.87688
