-6.40E-07
-1.58E-07
1.22E-06
2.94E-06
2.49E-06
-1.86E-06
-7.47E-06
-9.71E-06
-6.99E-06
-2.01E-06
7.02E-07
-1.47E-06
-6.21E-06
-8.65E-06
-6.29E-06
-4.79E-07
4.83E-06
6.05E-06
3.91E-06
2.71E-06
4.55E-06
6.20E-06
2.98E-06
-4.66E-06
-1.07E-05
-1.04E-05
-5.66E-06
-1.94E-06
-2.20E-06
-4.51E-06
-5.84E-06
-5.35E-06
-3.39E-06
-7.72E-07
5.84E-07
-3.09E-07
-1.57E-06
-1.65E-06
-1.60E-06
-1.91E-06
-1.51E-06
-3.66E-07
9.75E-07
3.18E-06
6.02E-06
6.98E-06
4.41E-06
-1.44E-07
-2.70E-06
-5.26E-07
3.34E-06
2.95E-06
-2.56E-06
-7.45E-06
-6.11E-06
6.11E-07
6.52E-06
6.51E-06
1.52E-06
-2.93E-06
-3.50E-06
-2.32E-06
-2.68E-06
-4.22E-06
-4.26E-06
-1.65E-06
2.38E-06
5.20E-06
5.08E-06
3.90E-06
4.11E-06
4.56E-06
3.17E-06
4.23E-07
-2.42E-06
-5.24E-06
-7.24E-06
-6.56E-06
-3.43E-06
-7.88E-07
-5.37E-07
-1.47E-06
-1.38E-06
2.31E-07
1.67E-06
1.24E-06
-4.88E-07
-2.16E-06
-3.55E-06
-4.71E-06
-5.71E-06
-7.40E-06
-9.70E-06
-9.51E-06
-5.10E-06
1.01E-06
6.27E-06
9.27E-06
7.93E-06
2.86E-06
-1.53E-06
-2.24E-06
-1.67E-07
2.26E-06
3.01E-06
1.72E-06
-1.17E-07
-1.40E-06
-2.11E-06
-1.94E-06
-8.99E-07
-9.13E-07
-4.00E-06
-8.31E-06
-9.53E-06
-6.10E-06
-3.43E-07
3.28E-06
1.84E-06
-2.42E-06
-5.08E-06
-5.02E-06
-3.59E-06
-1.04E-06
2.50E-06
5.28E-06
6.47E-06
7.20E-06
7.44E-06
6.15E-06
3.64E-06
8.92E-07
-1.95E-06
-4.94E-06
-8.50E-06
-1.27E-05
-1.47E-05
-1.10E-05
-3.10E-06
4.54E-06
8.76E-06
8.57E-06
5.12E-06
2.23E-06
2.47E-06
2.84E-06
-1.04E-06
-8.24E-06
-1.36E-05
-1.30E-05
-6.04E-06
3.27E-06
9.19E-06
8.53E-06
3.44E-06
-1.29E-06
-3.20E-06
-3.31E-06
-3.77E-06
-5.07E-06
-5.48E-06
-4.04E-06
-2.26E-06
-1.53E-06
-9.76E-07
7.35E-07
3.68E-06
6.64E-06
7.06E-06
3.39E-06
-1.63E-06
-3.84E-06
-2.47E-06
4.18E-08
5.50E-07
-2.78E-06
-8.51E-06
-1.21E-05
-1.01E-05
-3.69E-06
2.59E-06
4.74E-06
2.17E-06
-1.40E-06
-1.84E-06
9.46E-07
3.56E-06
2.88E-06
-1.58E-06
-7.24E-06
-9.84E-06
-7.48E-06
-2.88E-06
5.75E-07
2.10E-06
2.17E-06
1.45E-06
7.58E-07
-1.94E-08
-1.35E-06
-2.13E-06
-7.63E-07
2.05E-06
3.09E-06
-1.09E-07
-5.34E-06
-7.49E-06
-4.67E-06
5.20E-08
2.98E-06
3.24E-06
2.01E-06
1.50E-06
3.58E-06
7.17E-06
7.94E-06
2.52E-06
-6.54E-06
-1.17E-05
-7.88E-06
1.79E-06
9.88E-06
1.16E-05
7.87E-06
3.53E-06
2.37E-06
3.17E-06
2.07E-06
-1.17E-06
-3.17E-06
-2.32E-06
-4.65E-07
4.39E-07
1.66E-07
-1.53E-06
-4.02E-06
-4.20E-06
-3.35E-07
5.01E-06
8.23E-06
7.92E-06
5.31E-06
2.87E-06
1.39E-06
-7.55E-07
-4.72E-06
-9.12E-06
-1.06E-05
-6.64E-06
8.64E-07
7.08E-06
8.15E-06
4.65E-06
1.11E-06
5.59E-07
1.49E-06
9.91E-07
-1.95E-06
-5.62E-06
-6.79E-06
-4.50E-06
-1.13E-06
1.55E-06
4.02E-06
5.39E-06
4.09E-06
2.14E-06
2.58E-06
4.51E-06
4.62E-06
1.40E-06
-3.61E-06
-7.55E-06
-8.28E-06
-5.37E-06
-5.54E-07
3.10E-06
3.72E-06
2.23E-06
1.03E-06
1.22E-06
2.15E-06
2.97E-06
3.27E-06
2.17E-06
-6.78E-07
-3.60E-06
-4.48E-06
-3.01E-06
-7.02E-07
4.81E-07
-4.52E-07
-1.92E-06
-1.38E-06
7.36E-07
2.20E-06
2.70E-06
2.78E-06
1.55E-06
-1.85E-06
-6.50E-06
-1.04E-05
-1.11E-05
-7.48E-06
-9.24E-07
4.95E-06
7.17E-06
5.42E-06
2.01E-06
3.63E-07
2.08E-06
4.71E-06
4.44E-06
8.74E-07
-2.77E-06
-3.44E-06
-1.03E-06
2.69E-06
5.36E-06
4.68E-06
7.32E-07
-3.93E-06
-6.62E-06
-5.54E-06
-1.40E-06
1.79E-06
9.98E-07
-2.13E-06
-4.32E-06
-4.07E-06
-1.03E-06
3.67E-06
7.14E-06
7.32E-06
4.36E-06
-1.32E-07
-2.83E-06
-4.96E-07
5.94E-06
1.12E-05
1.03E-05
3.34E-06
-4.05E-06
-5.87E-06
-1.28E-06
4.53E-06
5.91E-06
2.22E-06
-2.37E-06
-2.26E-06
4.66E-06
1.38E-05
1.78E-05
1.28E-05
1.31E-06
-8.85E-06
-1.12E-05
-6.14E-06
3.94E-07
3.97E-06
4.23E-06
2.64E-06
5.16E-07
-1.29E-06
-2.28E-06
-2.28E-06
-1.02E-06
1.62E-06
4.08E-06
3.72E-06
2.33E-07
-3.17E-06
-2.62E-06
2.27E-06
6.79E-06
5.85E-06
6.75E-07
-2.49E-06
1.32E-07
6.07E-06
9.32E-06
5.52E-06
-3.57E-06
-1.05E-05
-9.52E-06
-3.07E-06
2.30E-06
2.61E-06
-1.08E-06
-4.59E-06
-4.02E-06
1.09E-06
6.56E-06
7.10E-06
1.83E-06
-5.11E-06
-9.88E-06
-1.22E-05
-1.26E-05
-1.02E-05
-4.73E-06
9.59E-07
3.08E-06
1.33E-06
-1.67E-06
-3.68E-06
-4.24E-06
-3.99E-06
-4.12E-06
-5.13E-06
-5.15E-06
-1.78E-06
4.21E-06
9.78E-06
1.22E-05
9.59E-06
1.54E-06
-8.20E-06
-1.23E-05
-6.94E-06
2.79E-06
7.84E-06
5.39E-06
-3.17E-07
-3.56E-06
-1.76E-06
3.03E-06
5.91E-06
3.61E-06
-2.22E-06
-6.97E-06
-7.25E-06
-2.95E-06
3.19E-06
7.48E-06
7.76E-06
4.92E-06
1.40E-06
-1.25E-06
-2.43E-06
-1.82E-06
6.88E-07
4.44E-06
7.01E-06
5.60E-06
9.09E-07
-2.64E-06
-1.53E-06
3.27E-06
7.22E-06
6.44E-06
1.32E-06
-3.66E-06
-3.59E-06
1.85E-06
7.69E-06
8.94E-06
4.97E-06
-2.46E-07
-2.15E-06
-5.52E-07
1.86E-06
3.65E-06
4.17E-06
2.82E-06
4.62E-07
-9.48E-07
-1.17E-07
2.80E-06
6.93E-06
1.10E-05
1.21E-05
7.80E-06
-1.75E-07
-6.33E-06
-7.01E-06
-2.91E-06
2.73E-06
6.47E-06
6.42E-06
3.47E-06
1.47E-07
-1.80E-06
-2.32E-06
-2.77E-06
-3.69E-06
-3.46E-06
-1.08E-06
2.22E-06
5.03E-06
5.95E-06
3.24E-06
-2.49E-06
-7.48E-06
-8.64E-06
-5.92E-06
-1.03E-06
3.54E-06
5.00E-06
2.96E-06
5.42E-07
4.85E-07
2.37E-06
4.25E-06
4.34E-06
2.20E-06
-8.37E-07
-2.60E-06
-1.38E-06
2.55E-06
6.22E-06
6.44E-06
3.68E-06
2.03E-06
3.96E-06
7.46E-06
8.51E-06
5.12E-06
-9.10E-07
-5.67E-06
-6.63E-06
-4.60E-06
-1.78E-06
8.21E-07
3.12E-06
5.27E-06
8.01E-06
1.12E-05
1.21E-05
9.29E-06
4.90E-06
1.21E-06
-1.62E-06
-4.45E-06
-7.54E-06
-9.14E-06
-6.33E-06
9.51E-07
8.13E-06
1.06E-05
8.47E-06
4.33E-06
7.23E-07
-3.45E-07
1.12E-06
2.47E-06
2.21E-06
2.25E-06
3.98E-06
5.88E-06
6.27E-06
4.58E-06
1.50E-06
-9.51E-07
-1.37E-06
-8.34E-08
1.44E-06
1.78E-06
1.15E-06
6.60E-07
4.97E-07
2.45E-07
-3.04E-07
-2.12E-06
-6.71E-06
-1.23E-05
-1.33E-05
-8.35E-06
-3.31E-06
-2.24E-06
-1.71E-06
2.31E-06
8.17E-06
1.15E-05
9.49E-06
2.31E-06
-5.75E-06
-9.26E-06
-6.98E-06
-2.42E-06
1.12E-06
2.72E-06
2.80E-06
2.83E-06
4.27E-06
6.37E-06
6.04E-06
9.32E-07
-7.22E-06
-1.30E-05
-1.21E-05
-6.36E-06
-7.99E-07
2.75E-06
6.17E-06
1.04E-05
1.35E-05
1.29E-05
8.22E-06
1.84E-06
-3.21E-06
-5.72E-06
-6.46E-06
-6.03E-06
-3.54E-06
1.88E-06
9.05E-06
1.48E-05
1.59E-05
1.23E-05
6.09E-06
1.21E-06
1.73E-06
8.14E-06
1.53E-05
1.81E-05
1.75E-05
1.93E-05
2.56E-05
3.38E-05
4.14E-05
4.80E-05
5.35E-05
5.77E-05
5.95E-05
5.61E-05
4.70E-05
3.52E-05
2.31E-05
1.15E-05
9.28E-07
-7.42E-06
-1.22E-05
-1.07E-05
-5.80E-07
1.52E-05
2.99E-05
3.79E-05
3.69E-05
2.89E-05
1.92E-05
1.27E-05
9.84E-06
8.81E-06
7.85E-06
7.30E-06
1.05E-05
1.98E-05
3.15E-05
3.77E-05
3.35E-05
2.16E-05
9.42E-06
4.27E-06
9.23E-06
2.29E-05
4.10E-05
5.88E-05
7.43E-05
8.88E-05
0.000101758
0.00010842
0.000102085
7.87E-05
4.03E-05
-2.72E-06
-3.58E-05
-5.05E-05
-4.93E-05
-4.17E-05
-3.56E-05
-3.35E-05
-3.37E-05
-3.40E-05
-3.33E-05
-3.14E-05
-2.87E-05
-2.56E-05
-2.03E-05
-6.58E-06
2.26E-05
6.89E-05
0.000126424
0.000183519
0.000225756
0.000241929
0.000229172
0.00019183
0.000136409
6.83E-05
-9.49E-06
-9.56E-05
-0.000185514
-0.000266041
-0.000317771
-0.000326458
-2.93E-04
-0.000230911
-0.000162916
-0.000104894
-6.16E-05
-2.81E-05
4.96E-06
4.30E-05
7.96E-05
9.80E-05
8.29E-05
3.02E-05
-5.14E-05
-0.000143528
-2.26E-04
-0.000287175
-0.00032418
-0.000344187
-0.000351488
-0.000336834
-0.000278139
-0.000156007
2.57E-05
0.000231465
0.000406754
0.000502465
0.000498549
0.000411619
0.000282023
0.000151061
4.16E-05
-4.94E-05
-0.000142331
-0.000254173
-0.000383513
-0.000508632
-0.000596369
-0.000618221
-0.000563707
-0.000441728
-0.000273872
-8.54E-05
0.000105524
0.000292662
0.000471939
0.000626181
0.00072232
0.0007223
0.000600036
0.000358588
3.84E-05
-0.000290206
-0.000549571
-0.000684183
-0.000684397
-5.84E-04
-0.000435056
-0.000274961
-0.000119127
3.29E-05
0.000179232
0.000305014
0.000390538
0.000424423
0.000407272
0.000346843
0.000254467
0.00014752
5.21E-05
-5.16E-06
-1.31E-05
1.30E-05
3.77E-05
2.69E-05
-3.23E-05
-0.000124917
-0.000218741
-0.000283992
-0.000307701
-0.000296392
-0.000269614
-0.000247425
-0.000237238
-0.000228815
-0.00019961
-0.000128862
-1.57E-05
0.000111618
0.000205483
0.000223807
0.00015565
2.84E-05
-0.000109293
-0.000216689
-0.000280258
-0.000307209
-0.000302406
-0.00025293
-0.000134479
6.74E-05
0.000339699
0.000639904
0.000909568
0.001093678
0.001153637
0.001071856
0.000858511
0.000557572
0.000235148
-4.59E-05
-0.000248931
-0.000370542
-0.000430104
-0.000449682
-0.000438914
-0.000394373
-0.000308258
-0.00017651
-6.74E-06
0.000175149
0.000329116
0.000416802
0.000419749
0.000348297
0.000232172
0.000101669
-2.12E-05
-0.000121415
-0.000189481
-0.000223101
-0.000229311
-0.000224039
-0.000224446
-0.000237682
-0.000256557
-0.00026548
-2.50E-04
-0.000206112
-0.000142604
-8.19E-05
-5.02E-05
-6.36E-05
-0.000118844
-0.000193416
-0.000255731
-0.000279215
-0.000253161
-0.0001843
-9.24E-05
-3.51E-06
5.81E-05
7.62E-05
4.68E-05
-1.68E-05
-8.17E-05
-0.000105577
-5.53E-05
7.48E-05
0.00025531
0.000434209
0.000564662
0.000626273
0.000624713
0.00057853
0.000506477
0.000420484
0.000328118
0.000239933
0.000167125
0.000109389
4.98E-05
-3.60E-05
-0.000163426
-0.000327916
-0.000501768
-0.00064101
-0.000698522
-0.000640888
-0.000466425
-0.000211547
6.48E-05
0.000307448
0.000486561
0.000599321
0.000650246
0.000631412
0.00052736
0.000337999
9.33E-05
-0.00015067
-0.000331486
-0.00040671
-0.000369603
-0.000248991
-9.81E-05
2.29E-05
6.55E-05
1.11E-05
-0.000121486
-0.000286802
-0.000435936
-0.000540528
-0.000602109
-0.000638717
-0.000661355
-0.000660998
-0.000613377
-0.000495029
-0.00029961
-4.55E-05
0.000227226
0.000466839
0.000623283
0.000663603
0.000586329
0.000425479
0.000234333
5.85E-05
-8.25E-05
-0.000195335
-0.000295563
-0.000383993
-0.000437508
-0.000422446
-0.000320383
-0.000146685
5.38E-05
0.000230692
0.000349091
0.000396966
0.000383639
0.000331653
0.000263404
0.000189189
0.000104042
-2.10E-06
-0.000125985
-0.000240377
-0.0003036
-0.000283175
-0.00017584
-1.41E-05
1.44E-04
0.000242264
0.000257998
0.000207043
0.000126057
4.83E-05
-1.26E-05
-6.32E-05
-0.000116269
-0.000181286
-0.000262782
-0.00035786
-0.000451848
-0.00052076
-0.000542327
-0.000509197
-0.00043593
-0.000350988
-0.000276498
-0.000213714
-0.000146485
-5.85E-05
4.83E-05
0.000148927
0.000211915
0.000222846
0.00019463
0.000158491
0.000145459
0.000171095
0.000231319
0.000306931
0.000370449
0.000395258
0.000369001
0.000304024
0.000231461
0.000181168
0.000164363
0.000171613
0.000188092
0.000209526
0.00024077
0.000284128
0.000330923
0.000361474
0.00035407
0.000296528
0.000192659
6.02E-05
-7.53E-05
-0.000186105
-0.000250021
-0.000254701
-0.000194854
-7.10E-05
0.000103586
0.000299126
0.000472733
0.000577733
0.000578497
0.000467195
0.000269513
3.42E-05
-0.000185862
-0.0003528
-0.000453191
-0.000490635
-0.000473392
-0.000412515
-0.000324799
-0.000231822
-0.000156873
-0.000118746
-0.000119531
-0.000136408
-0.000129994
-6.61E-05
6.09E-05
0.000214986
3.30E-04
0.00034506
0.000235828
2.24E-05
-2.44E-04
-0.000500418
-0.000690819
-0.00077669
-0.000742682
-0.000602461
-0.000397274
-0.000179127
1.01E-05
0.000148437
0.000231798
0.000268039
0.000273147
0.000267855
2.73E-04
0.000302504
0.000363534
0.000453299
0.000556923
0.000643476
0.000675658
0.000629016
0.000504172
3.29E-04
0.00015239
1.96E-05
-4.94E-05
-6.56E-05
-5.18E-05
-2.15E-05
2.57E-05
9.48E-05
0.000178942
0.000253646
0.000287439
0.000260304
0.00017425
4.97E-05
-8.78E-05
-0.000220013
-0.000340157
-0.000449776
-5.52E-04
-0.000645389
-0.000714842
-0.000740824
-0.000711243
-0.000632368
-0.000530305
-0.000443711
-0.000407174
-0.000431383
-0.00049431
-0.000551832
-0.000559572
-0.000493474
-0.000358148
-0.000178719
1.42E-05
0.000194976
0.0003488
0.000471859
0.00056451
0.000623072
0.00063902
0.000605206
0.000522028
0.000400641
0.000261694
0.000127846
1.68E-05
-6.05E-05
-0.000101586
-0.000110993
-9.51E-05
-5.84E-05
-5.25E-06
6.18E-05
0.000144781
0.000245947
0.000360063
0.000470508
0.000551086
0.000573499
0.000519291
0.00038792
0.000195612
-2.82E-05
-0.000242785
-0.000403513
-0.000472935
-0.000430801
-0.00028335
-6.55E-05
0.000171494
0.000377843
0.00051941
0.000583917
0.0005789
0.000522326
0.000433651
0.000328997
0.000217093
9.82E-05
-2.92E-05
-0.000161171
-0.000288605
-0.000404027
-0.000505979
-0.000596418
-0.00066947
-0.000703886
-0.000672744
-0.000562809
-0.000385215
-0.000172554
3.28E-05
0.000193177
0.000284105
0.000293833
0.000222779
8.69E-05
-7.99E-05
-0.000235319
-0.000345673
-0.000399005
-0.000403839
-3.78E-04
-0.000335987
-0.000283421
-0.000221831
-0.000153897
-8.41E-05
-1.52E-05
5.39E-05
0.000125708
0.000198128
0.00026289
0.000307278
0.000317576
0.000285741
0.000216216
0.000125104
3.23E-05
-4.48E-05
-9.49E-05
-0.000115927
-0.000113307
-9.26E-05
-5.32E-05
1.03E-05
9.98E-05
0.000206852
0.000310893
0.000383558
0.000396182
0.000332143
0.000196684
1.42E-05
-0.000182447
-0.000359185
-4.87E-04
-0.00055082
-0.00054923
-0.00049596
-0.000414485
-0.0003294
-0.000252361
-0.000174751
-7.58E-05
5.82E-05
2.15E-04
0.00035394
0.000428502
0.000417917
0.000338195
0.000231247
0.000141889
9.46E-05
8.39E-05
8.38E-05
6.67E-05
1.79E-05
-5.63E-05
-0.000132499
-0.000181313
-0.000179753
-0.000121568
-2.40E-05
7.71E-05
0.000144659
0.000157904
0.000119369
4.72E-05
-3.66E-05
-0.000115167
-0.000177727
-0.000217904
-0.000232374
-0.000220515
-0.000183591
-0.000126865
-6.26E-05
-7.35E-06
2.71E-05
3.91E-05
3.62E-05
2.87E-05
2.56E-05
3.59E-05
6.92E-05
0.00013109
0.000217684
0.000318085
0.000419842
0.000510637
0.000578713
0.000615086
0.00061324
0.000566873
0.000473691
0.000344778
0.000206515
8.96E-05
1.65E-05
-4.90E-06
1.93E-05
7.25E-05
0.000131044
0.000169344
0.000167131
0.000115237
1.82E-05
-0.000107378
-0.000239584
-0.000358881
-0.000451258
-0.000507159
-0.000521068
-0.000492312
-0.000425725
-0.000331636
-0.000225505
-0.000124472
-4.21E-05
1.39E-05
4.43E-05
5.93E-05
7.39E-05
9.51E-05
0.000114109
0.000109051
5.52E-05
-5.98E-05
-0.000223224
-0.000401022
-0.000552838
-0.000646734
-0.00066926
-0.000627849
-0.000542459
-0.00043443
-0.000320243
-0.000208503
-0.000100911
4.07E-07
8.79E-05
0.000151599
0.000185453
0.000194222
0.000198576
0.000227872
0.000300996
0.000414225
0.000545462
0.000666043
0.00075279
0.00079681
0.000803112
0.000782136
0.000742642
0.00068773
0.000613158
0.00051241
0.000384588
0.000236402
7.85E-05
-7.88E-05
-0.000228599
-0.000365864
-0.000482856
-0.000569053
-0.000618714
-0.000637038
-0.000640373
-0.000650203
-0.000682661
-0.000740398
-0.000811534
-0.000874318
-0.000903972
-0.000881762
-8.06E-04
-0.000694676
-0.000573096
-0.000455584
-0.0003421
-0.000225853
-0.000104568
1.31E-05
0.000114263
0.00019638
0.000271706
0.000357923
0.000463606
0.000580791
0.00068938
0.000768204
0.000804434
0.000796674
0.000754213
0.000694559
6.37E-04
0.000597491
5.82E-04
0.000590159
0.000608748
0.000617548
0.000592931
0.000514127
0.000372326
0.000179476
-3.41E-05
-0.000232724
-0.000387885
-4.87E-04
-0.000537161
-0.000554069
-0.00055257
-0.000538855
-0.000515382
-0.000486504
-0.000460318
-0.000447154
-0.00045109
-0.000460941
-0.000455812
-0.000420775
-0.00035585
-0.000272886
-0.000187057
-1.13E-04
-6.50E-05
-6.19E-05
-0.000116525
-0.000230193
-0.000387698
-0.000556268
-6.89E-04
-0.000737533
-0.000673587
-0.000497636
-0.000234784
7.62E-05
0.000392137
0.00067109
0.000877633
0.000989944
0.001003353
0.000930066
0.000796738
0.000638794
0.000494085
0.000397538
0.000372647
0.000421532
0.000522493
0.000641871
0.000753642
0.000848934
0.000927085
0.000981578
0.000999178
0.000969504
0.000890506
0.000767946
0.000613897
0.000444094
0.000272006
0.000103651
-6.05E-05
-0.000217918
-0.000357405
-0.000459642
-0.00050556
-0.000489877
-0.000428022
-0.00035187
-0.000298672
-0.000296194
-0.000349852
-0.000443778
-0.000555529
-0.000669452
-0.000781611
-0.000898063
-0.001023896
-0.001148608
-0.001242524
-0.001268936
-0.001203368
-0.001047963
-0.000832906
-0.000599982
-0.000383732
-0.000201499
-5.14E-05
8.24E-05
0.00021482
0.000350952
0.000490418
0.000633096
0.0007797
0.000930567
0.001081199
0.001213864
0.001296766
0.00129544
1.19E-03
0.00096238
0.000645075
0.000280016
-7.19E-05
-0.00035695
-0.000548576
-0.000653301
-0.000698097
-0.00071062
-0.000707449
-0.00069251
-0.000660961
-0.000607569
-0.000536138
-0.000460659
-0.00039757
-0.00035777
-0.000342975
-0.000345749
-0.000354437
-0.000361188
-0.000364829
-0.000367154
-0.000365227
-0.000344884
-0.000284782
-0.000170901
-1.01E-05
0.000168236
0.000323732
0.000420013
0.000439102
0.000387779
0.000292854
0.000190086
0.000109569
6.05E-05
2.68E-05
-2.03E-05
-0.000100892
-0.000211011
-0.000326494
-0.000421063
-0.000482838
-0.000513328
-0.000516183
-0.000492628
-0.000445365
-0.000381062
-3.06E-04
-2.24E-04
-0.000133017
-2.45E-05
0.000110093
0.000266752
0.000420372
0.000534447
0.000582169
0.000559857
0.000483878
0.000379173
0.000271501
0.000184233
1.35E-04
0.000131942
0.000172067
0.000242539
0.00032793
0.000419245
0.000516475
0.000620139
0.000720713
0.000797956
0.00083022
0.000805573
0.000725627
0.000600895
0.000445979
0.000279082
0.000121607
-5.21E-06
-8.67E-05
-0.000121372
-0.000121985
-0.00010881
-9.71E-05
-8.92E-05
-7.95E-05
-6.30E-05
-4.22E-05
-2.86E-05
-3.48E-05
-6.09E-05
-9.07E-05
-0.000102288
-8.38E-05
-4.08E-05
5.99E-06
3.28E-05
2.65E-05
-9.35E-06
-5.91E-05
-0.000102035
-0.000120666
-0.000107053
-6.04E-05
1.84E-05
0.000129224
0.000271332
0.000441134
0.000628232
0.000812361
0.000961811
0.00103629
0.001000589
0.000843369
0.000585667
0.000270084
-5.56E-05
-0.000351046
-0.000590343
-0.000761023
-0.000859783
-0.000889824
-0.000858897
-0.000777993
-0.000661429
-0.000527602
-0.000397283
-0.000288918
-0.000212276
-0.000161556
-0.000117107
-6.22E-05
8.09E-07
5.08E-05
6.29E-05
2.75E-05
-3.98E-05
-0.000105739
-0.000140278
-0.000138024
-0.00012226
-0.000128899
-0.000184667
-0.000295144
-0.000447061
-0.000618088
-0.000785363
-0.000930734
-0.001043128
-0.001114712
-0.001135413
-0.001095134
-0.000990838
-0.000829733
-0.000626239
-0.000398149
-0.000166327
4.54E-05
0.000215913
0.000335046
0.000406211
0.000444165
0.000469953
0.000504705
0.000564307
0.000656744
0.000781312
0.000928344
0.001079302
0.001207787
0.001282124
0.001273353
0.001165162
0.000959617
0.000674565
3.39E-04
-1.30E-05
-0.000345407
-0.000634333
-0.000868644
-0.001048645
-0.001179271
-0.001258605
-0.001274513
-0.001217001
-0.001092188
-0.000921947
-0.000733494
-0.000549853
-0.000388188
-0.000260887
-1.74E-04
-0.000124939
-9.86E-05
-7.80E-05
-4.82E-05
1.64E-06
7.71E-05
0.00017559
0.000289329
0.000411184
0.000536711
0.000664134
0.000792221
0.000911894
0.001004046
0.001051044
0.001047066
0.001000843
0.000933745
0.000873174
0.000836015
0.000816273
0.00078875
0.000724794
0.000609779
0.000450948
0.000271304
9.74E-05
-4.99E-05
-0.000157141
-0.000217151
-0.000226818
-0.000184735
-9.41E-05
3.17E-05
0.00017141
0.00030227
0.000408024
0.000484125
0.000533908
0.000557208
0.000547153
0.000496667
0.000402475
0.000266567
9.82E-05
-8.93E-05
-0.000285773
-0.000487372
-0.000692172
-0.000892832
-0.001070895
-0.00119581
-0.001233235
-0.001162874
-0.000993704
-0.000765685
-0.000534781
-0.000349377
-0.00023317
-0.000184826
-1.89E-04
-0.000229306
-0.000286717
-0.0003417
-0.000372251
-0.000359668
-0.000293336
-0.000171817
-4.64E-06
0.000184982
0.000363513
0.000499053
0.000572167
0.000578162
0.00052324
0.000418046
0.000272828
9.91E-05
-8.58E-05
-0.000259312
-0.000399431
-0.000490676
-0.000529222
-0.000521248
-0.000475116
-0.000397557
-0.000296146
-0.00017944
-5.49E-05
6.83E-05
0.000173778
0.000240631
0.000251623
0.000201993
1.04E-04
-1.80E-05
-0.000132118
-0.000209576
-0.000227717
-0.000174151
-4.74E-05
0.000144377
0.000382439
0.000635614
0.000860053
0.001005118
1.03E-03
0.000913149
0.000683886
0.000395347
0.000110988
-0.000122527
-0.000289536
-0.000400176
-0.000470435
-0.000505941
-0.00050174
-0.000455017
-0.000376948
-0.000291496
-0.00022238
-0.000182204
-0.000173649
-0.00019493
-0.000241093
-0.000301603
-0.000357535
-0.00038313
-0.000353477
-0.000255758
-9.86E-05
8.74E-05
0.000258239
0.000374058
0.000417875
0.000400121
0.000346158
0.000281069
0.000220804
0.000170021
1.25E-04
7.89E-05
3.31E-05
-2.41E-06
-1.57E-05
-1.46E-06
3.64E-05
8.85E-05
0.000146412
0.000208309
0.000278924
0.000362989
0.000455783
0.000540429
0.000596523
0.000611564
0.000584001
0.000522175
0.00044333
0.000367983
0.000313856
0.000296042
0.000326816
0.000407853
0.000521796
0.000633944
0.000704936
0.000706833
0.000632291
0.000491886
0.000307205
0.000106902
-7.66E-05
-0.000210842
-0.000268987
-0.000237376
-0.000121047
5.74E-05
0.000261275
0.000445119
0.000564211
0.00058794
0.000509105
0.000347286
0.000145709
-4.17E-05
-0.000170608
-0.000221094
-0.000199793
-0.000131248
-4.48E-05
3.74E-05
0.000104989
0.000158096
0.00020643
0.000264645
0.000344326
0.000445736
0.000552439
0.000633924
0.000659366
0.000612357
0.000495935
0.000329334
0.000139636
-4.95E-05
-0.000223588
-0.000373598
-0.000492793
-0.000578144
-0.000631506
-0.000658019
-0.000665402
-0.000665769
-0.000673856
-0.000698084
-0.00073355
-0.000764438
-0.000774513
-0.000758198
-0.000722967
-0.000684136
-0.000658175
-0.00065584
-0.000679548
-0.00072925
-0.000809043
-0.000923526
-0.00106748
-0.001222477
-0.001365034
-0.00147863
-0.001561737
-0.001622614
-0.001666871
-0.001692262
-0.001693893
-0.001670237
-0.001623126
-0.001558068
-0.001486484
-0.001424792
-0.001388694
-0.001386349
-0.00141847
-0.001482815
-0.001581218
-0.001718675
-0.00189733
-0.002112287
-0.002353144
-0.00260481
-0.002849746
-0.003071025
-0.003250801
-0.003371229
-0.003420889
-0.003402331
-0.003337478
-0.003262834
-0.003217457
-0.003229287
-0.003305766
-0.003430171
-0.003564977
-3.66E-03
-0.003676331
-0.003570689
-0.003324223
-0.00293969
-0.002447065
-0.001895806
-0.00134312
-0.000844592
-0.000445546
-0.000173517
-4.01E-05
-4.36E-05
-0.000167553
-0.000380286
-0.000640059
-0.000904043
-0.001137038
-0.001314877
-0.001422151
-0.001447849
-0.001383505
-0.001222084
-0.000961557
-0.000612916
-0.000201696
0.000235763
0.000655661
0.001011613
0.001266225
0.001403581
0.00143611
0.001404703
0.001363403
0.001356061
0.001401133
0.00148995
0.001595388
0.001684919
0.001727747
0.001698379
0.001577134
0.001354122
0.001034645
0.000641514
0.000209837
-0.000223267
-0.000627718
-0.000984119
-0.001281335
-0.001512098
-0.00167097
-0.001754892
-0.001766619
-0.001716654
-0.001622126
-0.001500678
-0.001366483
-0.001227394
-0.001084329
-0.000930678
-0.000753023
-0.000529318
-0.00023405
0.000151352
0.000632168
0.001200242
0.001837462
0.002520059
0.003217137
0.003885969
0.004476486
0.004946371
0.005274821
0.005466528
0.005548309
0.005558914
0.00553913
0.005526282
0.00555463
0.005655174
0.005853406
0.006167274
0.006602999
0.007145998
0.007760275
0.008397087
0.009001269
0.009523363
0.009942058
0.01027153
0.01054073
0.01077221
0.0109629
0.01109852
0.01116174
0.01115154
0.01107507
0.01093434
0.01071409
0.01038982
0.009944911
0.009386412
0.008743787
0.008057824
0.007366048
0.006696604
0.00606693
0.005486915
0.004959926
0.004483819
0.004052276
0.003656218
0.003285449
0.002928651
0.002577051
0.002227697
0.001882217
0.00154153
0.001205125
0.000870209
0.000533346
0.000196941
-0.000128583
-0.000434508
-0.00072578
-0.001021936
-0.001349265
-0.00172758
-0.002153719
-0.002597806
-0.003016094
-0.003366877
-0.003621499
-0.003771398
-0.003828299
-0.003814533
-0.003753758
-0.003668101
-0.0035749
-0.003480577
-0.003380543
-0.003267354
-0.003140094
-0.003007632
-0.002886695
-0.002797164
-0.002760148
-0.002798184
-0.002925546
-0.003136729
-0.003404712
-0.003691558
-0.003965555
-0.004209472
-0.004419125
-0.004594824
-0.004735544
-0.004837108
-0.004890643
-0.004888196
-0.004833233
-0.004744927
-0.004655395
-0.004604104
-0.004627659
-0.004748394
-0.004969673
-0.005283745
-0.00568378
-0.006169981
-0.006752748
-0.007446971
-0.008260502
-0.009181611
-0.01016992
-0.01115578
-0.01205008
-0.01276082
-0.01320031
-0.01329719
-0.01301778
-0.01237638
-0.01144742
-0.01034715
-0.009217813
-0.008190449
-0.007358463
-0.006759686
-0.006373213
-0.006132969
-0.005953601
-0.005757
-0.005485245
-0.005101832
-0.004590954
-0.003954959
-0.003211382
-0.002390408
-0.00153038
-0.000673156
0.000142617
0.000890252
0.0015615
0.002164764
0.002716227
0.003230469
0.003713407
0.004155962
0.004536928
0.004834482
0.005032715
0.005120614
0.005093081
0.004959804
0.00475117
0.004511639
0.004281998
0.004085499
0.003929789
0.003818027
0.003757456
0.00375664
0.003817211
0.003929788
0.004078258
0.004244982
0.00440528
0.004520304
0.004542942
0.004432507
0.00416942
0.003769589
0.003286958
0.00279994
0.002384202
0.002082162
0.001886173
0.001742087
0.001572916
0.00130371
0.000882629
0.000297781
-0.000419243
-0.00120469
-0.001978756
-0.002660742
-0.003184367
-0.003505374
-0.003603266
-0.003487427
-0.003198541
-0.002800546
-0.002366657
-0.001962341
-0.001630729
-0.001387425
-0.001227329
-0.001133515
-0.001080694
-0.001034399
-0.0009548
-0.00080739
-0.000575966
-0.000268909
8.34E-05
0.000435633
0.000736704
0.000943798
0.001034195
0.001007866
0.000884878
0.00070342
0.000515761
0.00037864
0.000342113
0.00043764
0.000668198
0.001009996
0.001426887
0.001883413
0.002349729
0.002803809
0.003228725
0.003605917
0.003904286
0.004079575
0.004085795
0.003895516
0.003513633
0.002978995
0.002358294
0.001734839
0.001192452
0.000801003
0.000610663
0.00064621
0.000901282
0.001341534
0.00191747
0.002575798
0.003265534
0.003943849
0.004577602
0.00513712
0.005587529
0.005890997
0.006017238
0.005952688
0.005707854
0.00532179
0.004856391
0.004382836
0.003969341
0.003665465
0.003490992
0.003435111
0.003461929
0.003518523
0.003548401
0.003502514
0.00334405
0.00305394
0.0026329
0.002097345
0.00147746
0.000816673
0.000164381
-0.000433224
-0.000937963
-0.001322274
-0.001573226
-0.001694674
-0.00170844
-0.001647257
-0.001543349
-0.001425164
-0.001322173
-0.001267312
-0.001291785
-0.00141874
-0.001657761
-0.001999264
-0.002413473
-0.002856132
-0.00328115
-0.003655386
-0.003969051
-0.004234075
-0.00447014
-0.004690398
-0.004893933
-0.005070752
-0.005208312
-0.005291827
-0.005301616
-0.005209536
-0.004986626
-0.00462167
-0.004137203
-0.003591859
-0.003066093
-0.002636283
-0.002350355
-0.002221768
-0.002240736
-0.002387881
-0.002641994
-0.002981458
-0.003377617
-0.003791214
-0.004175444
-0.004485335
-0.004684485
-0.004749135
-0.004664805
-0.004418137
-0.003988836
-0.00335131
-0.002490262
-0.001421191
-0.000206149
0.001049581
0.002219297
0.003191392
0.003903868
0.004357336
0.004600946
0.004708525
0.004756961
0.004809884
0.004904514
0.00504758
0.005220626
0.005389899
0.005517567
0.005575385
0.005553462
0.005455875
0.005290171
0.005061652
0.004776233
0.00444248
0.004073139
0.003687278
0.003310595
0.002972967
0.002703354
0.002521335
0.002427215
0.002397031
0.002384999
0.002337072
0.002209404
0.001985269
0.001681598
0.001343154
0.001029081
0.000796586
0.00069127
0.000743378
0.000964431
0.001345091
0.001854745
0.002442918
0.00304557
0.003594789
0.004025517
0.004280854
0.004317868
0.0041126
0.003663313
0.002992748
0.00214516
0.001179896
0.000162393
-0.000841976
-0.001773609
-0.002583875
-0.003237309
-0.003713007
-0.004003932
-0.004111002
-0.004038398
-0.003800091
-0.00342973
-0.002984727
-0.002536868
-0.002153148
-0.001876296
-0.001717832
-0.001665928
-0.001700395
-0.00180461
-0.001968172
-0.00218221
-0.002436017
-0.002718989
-0.003025312
-0.003355292
-0.003716373
-0.004122016
-0.004585477
-0.005112262
-0.005695949
-0.006315426
-0.006935413
-0.007515632
-0.008017944
-0.008408802
-0.008660059
-0.008751323
-0.008667911
-0.008402581
-0.007962573
-0.007371954
-0.006663456
-0.00587083
-0.005027831
-0.004170556
-0.003342036
-0.002588262
-0.001945637
-0.001431904
-0.001044412
-0.00076191
-0.000552695
-0.000388633
-0.000252369
-0.000133674
-2.84E-05
5.71E-05
0.000106092
9.88E-05
2.08E-05
-0.000127036
-0.000323127
-0.000528478
-0.000693539
-0.000768029
-0.000717278
-0.000539124
-0.000267329
4.01E-05
0.000320599
0.000527724
0.000643706
0.000678132
0.000659767
0.000630174
0.000638047
0.000728373
0.000930899
0.001254537
0.001686284
0.002194409
0.002738631
0.00327857
0.003775784
0.004189686
0.004475818
0.004593596
0.004523439
0.004279422
0.003907939
0.003474865
0.003053825
0.00271222
0.002498079
0.002432614
0.002506237
0.002679997
0.002896992
0.003104199
0.003268781
0.00338462
0.003471296
0.003562867
0.003690739
0.003870311
0.004097504
0.004350801
0.004601345
0.004825173
0.00500913
0.005149851
0.005247846
0.005300259
0.005299239
0.005238668
0.005121503
0.004962223
0.004784079
0.004610931
0.004453079
0.004300326
0.004127076
0.003903656
0.003608142
0.003234416
0.002792981
0.002305455
0.001799166
0.001302054
0.000836676
0.000414249
3.31E-05
-0.000315797
-0.00064128
-0.00095003
-0.001247134
-0.001535713
-0.001814504
-0.002077896
-0.002319569
-0.002536463
-0.002730107
-0.002908149
-0.003082113
-0.003265458
-0.003476539
-0.003739524
-0.004075724
-0.004489219
-0.004962367
-0.005462946
-0.00595557
-0.00640965
-0.006804586
-0.00712651
-0.007363186
-0.00750146
-0.007531643
-0.007453737
-0.007275899
-0.007008937
-0.006661826
-0.006241499
-0.00575591
-0.005220967
-0.004661041
-0.004100401
-0.003554853
-0.003030923
-0.002532588
-0.002065354
-0.001634116
-0.001243973
-0.000903357
-0.00062473
-0.000422714
-0.000312003
-0.000299186
-0.000370719
-0.00049079
-0.000611932
-0.000687432
-0.000680355
-0.000567677
-0.000338995
4.55E-06
0.000448185
0.000962968
0.001508547
0.002038289
0.002507767
0.002882716
0.003142336
0.003282445
0.003319563
0.003285912
0.003219222
0.003154267
0.003117251
0.003123981
0.003182615
0.003293356
0.003445395
0.003615484
0.003773744
0.003890094
0.003938224
0.003899985
0.003769155
0.00355267
0.003263274
0.002911676
0.00250899
0.002075203
0.001642131
0.001246889
0.000923363
0.000695049
0.000569736
0.000540388
0.000593067
0.000713587
0.000891517
0.001120954
0.001394136
0.00169434
0.001994442
0.00226018
0.002455456
0.002550392
0.00252908
0.002393967
0.002168304
0.001892777
0.001618473
0.001395053
0.00125627
0.001214258
0.001260451
0.001367521
0.001498147
0.00161623
0.001691791
0.001700255
0.001625305
0.001462356
0.001217012
0.000899645
0.000523941
0.000105929
-0.000336342
-0.000780673
-0.001199715
-0.001562632
-0.001836834
-0.00199285
-0.002012327
-0.00189404
-0.001653591
-0.001317696
-0.000917305
-0.00048366
-4.80E-05
0.000360787
0.0007188
0.001005207
0.001199065
0.001282988
0.001250255
0.001105252
0.000861326
0.000537708
0.000154764
-0.000267561
-0.000707232
-0.001137511
-0.001526431
-0.001838464
-0.002043121
-0.002126738
-0.002098084
-0.001987954
-0.001842441
-0.001708552
-0.001621265
-0.001599952
-0.00164533
-0.00173639
-0.001832856
-0.001889041
-0.00186936
-0.001757192
-0.001556512
-0.001287511
-0.000980117
-0.000667319
-0.000377547
-0.000127981
7.70E-05
0.000242553
0.000382275
0.000519651
0.000685742
0.000909111
0.001202228
0.001552399
0.001920822
0.002249274
0.002476364
0.002555188
0.002466269
0.002223679
0.001871163
0.001471026
0.001089143
0.0007787
0.000565101
0.000443479
0.000386987
0.000358792
0.000327588
0.00028109
0.000227085
0.000183013
0.000162232
0.000164812
0.000177823
0.000181719
0.000154033
7.26E-05
-7.48E-05
-0.000282079
-0.000528432
-0.000788714
-0.001039717
-0.001262729
-0.001442709
-0.001566911
-0.001630132
-0.00164298
-0.001630948
-0.001622484
-0.001637474
-0.001682851
-0.001750051
-0.001818168
-0.001862831
-0.001860588
-0.001789616
-0.001635333
-0.001397739
-0.001094168
-0.000757112
-0.000426785
-0.000141693
6.71E-05
0.000178366
0.000181262
7.58E-05
-0.000127314
-0.000406186
-0.0007281
-0.001052972
-0.001339818
-0.001554263
-0.00167306
-0.001684583
-0.001589647
-0.001403447
-0.001157798
-0.000895751
-0.000659207
-0.000477565
-0.000363265
-0.00031281
-0.000309852
-0.000329074
-0.000343799
-0.000335529
-0.000296688
-0.000225063
-0.000119165
2.24E-05
0.000200843
0.000416441
0.000664936
0.000934182
0.001206721
0.001465219
0.00169486
0.001882998
0.002020863
0.002103358
0.002126506
0.002090306
0.002001998
0.00187535
0.001726675
0.00157127
0.001421882
0.001286975
0.001174194
0.001092617
0.001048565
0.001040713
0.001060496
0.001096899
0.001140339
0.001179191
0.00119673
0.001174806
0.00110047
0.000967937
0.000778851
0.000538137
0.000249282
-8.56E-05
-0.000457922
-0.000848024
-0.001230194
-0.001580364
-0.001878528
-0.002109596
-0.002263777
-0.002338828
-0.002340663
-0.002281724
-0.002176285
-0.002034748
-0.001860887
-0.001649602
-0.001386413
-0.001058573
-0.000671489
-0.000252366
0.000157326
0.00051183
0.000772093
0.000915363
0.000938786
0.000857249
0.000699183
0.000501634
0.00030646
0.000156205
8.34E-05
9.68E-05
0.000179037
0.000294387
0.000396288
0.000439197
0.00039384
0.000253619
2.97E-05
-0.000255841
-0.00057339
-0.000890644
-0.001177368
-0.001408946
-0.001571386
-0.001664893
-0.001699972
-0.00169212
-0.001662446
-0.0016394
-0.001657348
-0.001750142
-0.001939707
-0.002225635
-0.00258325
-0.002970333
-0.00333896
-0.003648954
-0.003873801
-0.004000654
-0.00402839
-0.003967105
-0.003833624
-0.003645793
-0.003418293
-0.003159387
-0.00286989
-0.002547048
-0.002190759
-0.001805816
-0.001400275
-0.000987218
-0.000584481
-0.000213927
9.87E-05
0.000327512
0.000455731
0.000482091
0.00042305
0.000310402
0.000183407
8.07E-05
3.52E-05
6.70E-05
0.000177381
0.000350457
0.00056059
0.000780145
0.00098574
0.001163906
0.001314008
0.00144494
0.001569957
0.001703234
0.001854152
0.002020773
0.002192799
2.36E-03
0.002533997
0.002719076
0.002926894
0.003148988
0.00335701
0.003512415
0.003581857
0.00355147
0.003429717
0.003238622
0.003005719
0.002763333
0.002546745
0.002388791
0.002314657
0.002335256
0.002440185
0.002598853
0.002769554
0.002910683
0.002989303
0.002986957
0.002902729
0.002751301
0.002556128
0.002342396
0.002133864
0.001951946
0.001815304
0.001737194
0.001724244
0.001773293
0.001867107
0.001973871
0.002056672
0.002085632
0.002045863
0.001937671
0.001769214
0.001549161
0.001284034
0.00098281
0.000660315
0.000335423
2.61E-05
-0.000250913
-0.000478748
-0.000641729
-0.000728619
-0.000736797
-0.000675512
-0.000564088
-0.000426436
-0.000284553
-0.000151826
-2.98E-05
8.88E-05
0.000215078
0.000360602
0.000530477
0.000714036
0.000885104
0.00101264
0.001072038
0.001052052
0.000955189
0.000790597
0.000567361
0.00029422
-1.80E-05
-0.000357511
-0.000713779
-0.001079052
-0.001448393
-0.001815694
-0.00216821
-0.002489522
-0.002764437
-0.00298592
-0.003154988
-0.003274703
-0.003349244
-0.003384935
-0.003388298
-0.003362398
-0.003308659
-0.003230446
-0.003133675
-0.003023648
-0.002907706
-0.002797882
-0.002709167
-0.002655937
-0.002650533
-0.002697542
-0.002788806
-0.002906686
-0.003030886
-0.003144075
-0.003234931
-0.003301417
-0.003349241
-0.003388398
-0.003427046
-0.003469057
-0.00351525
-0.003566644
-0.003620893
-0.003668819
-0.003698697
-0.003702368
-0.003676568
-0.003620994
-0.003538601
-0.00343255
-0.003300905
-0.003133875
-0.002918306
-0.002644003
-0.002309332
-0.001919494
-0.001484076
-0.001015017
-0.000524839
-2.52E-05
0.000471954
0.000954444
0.001414672
0.001848969
0.002250329
0.002606006
0.002907129
0.003155634
0.003362025
0.00354282
0.003717294
0.003900639
0.004098567
0.004307098
0.004509512
0.004676235
0.004777595
0.004798092
0.004740274
0.004619133
0.004455162
0.004268554
0.004075828
0.003887384
0.003704651
0.003522735
0.003338676
0.003153904
0.002970253
0.002788335
0.002606214
0.002419708
0.002224739
0.002017635
0.001791564
0.001534188
0.001231638
0.0008728
0.000452392
-2.67E-05
-0.000549397
-0.001088929
-0.001613675
-0.002093859
-0.002505619
-0.002832744
-0.003066259
-0.003204431
-0.00325664
-0.003246137
-0.003208815
-0.0031874
-0.003218196
-0.003319148
-0.003489542
-0.003714186
-0.003965138
-0.004206504
-0.004404125
-0.004533526
-0.004579312
-0.004534954
-0.004404023
-0.004196714
-0.0039219
-0.003585291
-0.003189846
-0.002735868
-0.002223767
-0.001659149
-0.001052826
-0.000421765
0.000208655
0.000804893
0.001333412
0.001771176
0.002111966
0.002361287
0.002524645
0.002603367
0.002602857
0.00253627
0.002420431
0.002271451
0.00210177
0.001916385
0.001717541
0.001514107
0.001324951
0.001171994
0.001074101
0.001043815
0.001083074
0.001179642
0.001308535
0.001437325
0.001535115
0.001585795
0.001591506
0.001563973
0.001514824
0.001451806
0.001381853
0.001312207
0.001246333
0.00117791
0.001091235
0.000964046
0.000774246
0.000512108
0.000186839
-0.000178647
-0.000558257
-0.000928536
-0.001267163
-0.001550338
-0.001754281
-0.001860944
-0.001865735
-0.001780385
-0.001624777
-0.001418488
-0.001178447
-0.000921243
-0.000664367
-0.000424723
-0.000214192
-3.76E-05
0.000105795
0.000220238
0.000313797
0.000396343
0.000477156
0.000566024
0.00067287
0.000800896
0.000940852
0.001075027
0.00118638
0.00126245
0.001294979
0.001280398
0.001223192
0.001138556
0.001049841
0.000981377
0.000953203
0.000979175
0.001065137
0.001209733
0.001405111
0.001637912
0.001892128
0.002148689
0.002383835
0.002573196
0.002698927
0.002752564
0.002735434
0.002661301
0.002556882
0.002454706
0.002383938
0.002361198
0.002384551
0.002434721
0.002484585
0.002504979
0.002468881
0.002355693
0.002158073
0.001883871
0.001557562
0.001216671
0.000898449
0.000628061
0.000416756
0.00026748
0.000179478
0.000149601
0.000168466
0.000215974
0.000266196
0.00029642
0.000288314
0.000227141
0.00010605
-7.04E-05
-0.000287315
-0.000521575
-0.000745953
-0.000933845
-0.001064837
-0.001128672
-0.001126836
-0.001071364
-0.000980853
-0.000876567
-0.000779633
-0.000707171
-0.000670788
-0.000678242
-0.000733938
-0.000836491
-0.000977844
-0.001144169
-0.001316297
-0.001470784
-0.001584075
-0.001634652
-0.001608649
-0.001505964
-0.001338322
-0.001123672
-0.000883692
-0.000641958
-0.00042023
-0.000237375
-0.000110114
-4.94E-05
-5.83E-05
-0.000132823
-0.00026199
-0.000429458
-0.000621205
-0.000831001
-0.001057693
-0.001300488
-0.00155664
-0.001819625
-0.002078939
-0.002327137
-0.002565546
-0.002802936
-0.003049504
-0.003310041
-0.003578838
-0.003841312
-0.00408013
-0.00427979
-0.004427241
-0.004512285
-0.004527275
-0.004468437
-0.004338219
-0.004146512
-0.003908205
-0.003642059
-0.003368876
-0.003106401
-0.00286585
-0.002654259
-0.002473973
-0.002319689
-0.002176725
-0.002025807
-0.001849396
-0.001638519
-0.001399191
-0.001151603
-0.000921831
-0.000734193
-0.000607901
-0.00055462
-0.000579562
-0.000681075
-0.000846575
-0.00105116
-0.001259998
-0.00143335
-0.001537462
-0.001555001
-0.001487598
-0.001350344
-0.001161289
-0.000933106
-0.000671447
-0.000378921
-6.21E-05
0.000268365
0.000605228
0.000945834
0.00128644
0.001617949
0.00192519
0.002190316
0.002398645
0.002543445
0.002627775
0.002661324
0.002656939
0.002628796
0.002591882
0.002559659
0.002542528
0.00254783
0.002583928
0.002658369
0.002769518
0.0029031
0.003039335
0.003158233
0.003243279
0.00328366
0.003274074
0.003211056
0.003092565
0.002924007
0.002722919
0.002519281
0.002348071
0.002237942
0.002202762
0.002238045
0.002324517
0.002437705
0.002555992
0.002663674
0.002750351
0.00281337
0.002859155
0.00289923
0.002945831
0.003006096
0.003077885
0.003151304
0.003211774
0.003242875
0.003230026
0.003165683
0.003051169
0.002895561
0.002713847
0.002521019
0.002323807
0.002121597
0.001915615
0.001712487
0.001521392
0.001353037
0.001219251
0.001128395
0.001082916
0.001079041
0.001107491
0.001154093
0.001199572
0.00121915
0.001186621
0.001081591
0.000896074
0.000634497
0.000307515
-6.90E-05
-0.000470181
-0.000864668
-0.001223679
-0.001530104
-0.001783096
-0.001993565
-0.002177624
-0.002349955
-0.002515964
-0.00266678
-0.002787107
-0.002864299
-0.002893462
-0.002879492
-0.002835848
-0.002780478
-0.002731837
-0.002706956
-0.002716846
-0.002764467
-0.002846758
-0.002958519
-0.003094345
-0.00325138
-0.003431972
-0.003639484
-0.003868411
-0.004100804
-0.004311986
-0.004479423
-0.004589043
-0.004635134
-0.004614434
-0.004526636
-0.004377961
-0.0041783
-0.003936831
-0.00366059
-0.003353962
-0.003016843
-0.002645157
-0.002234823
-0.001786352
-0.001307391
-0.000813828
-0.000325863
0.000137588
0.000560761
0.000932376
0.001246591
0.001503152
0.001708421
0.001875655
0.002018211
0.002141189
0.002240612
0.002309239
0.002341666
0.002339117
0.002313318
0.002284052
0.002269267
0.00227875
0.002310566
0.002349621
0.00237542
0.00237124
0.002328004
0.002244489
0.002124672
0.00197406
0.001800914
0.001617467
0.001435243
0.001260158
0.001094046
0.000934696
0.000777578
0.000622194
0.000477333
0.000357813
0.000277194
0.000242626
0.00025109
0.000291471
0.000354163
0.000435812
0.000533501
0.000639531
0.000742247
0.000829668
0.000893421
0.000930589
0.000941755
0.000926358
0.000881888
0.000806858
0.000700991
0.000565053
0.000403469
0.000225753
4.70E-05
-0.000112507
-0.000232772
-0.000302123
-0.000319407
-0.000292578
-0.000238563
-0.000178798
-0.000132666
-0.000117339
-0.000147278
-0.00022656
-0.000342889
-0.00047119
-0.000582981
-0.000655381
-0.000678559
-0.000656859
-0.000601152
-0.000523378
-0.0004387
-0.000366249
-0.000323829
-0.00032184
-0.00035802
-0.000415338
-0.000469474
-0.000501595
-0.000504787
-0.000481965
-0.000439514
-0.000381737
-0.000312131
-0.0002376
-0.00016469
-9.36E-05
-2.24E-05
4.47E-05
9.64E-05
0.000121362
0.00011504
8.28E-05
3.70E-05
-8.86E-06
-4.29E-05
-5.65E-05
-4.63E-05
-1.56E-05
2.73E-05
7.03E-05
9.83E-05
9.67E-05
5.95E-05
-7.29E-06
-8.81E-05
-0.000165482
-0.000229061
-0.000277242
-0.00031127
-0.000331266
-0.000334754
-0.00031802
-0.000280973
-0.000228682
-0.000165572
-9.03E-05
2.19E-06
0.000113036
0.000233791
0.000345001
0.000421745
0.000443822
0.000403309
0.000304764
0.000162799
3.34E-06
-0.000137507
-0.000223999
-0.000232187
-0.000154525
-9.85E-07
0.000204548
0.00043222
0.000651969
0.000836966
0.000967775
0.001037881
0.001057867
0.001050424
0.001038799
0.001039106
0.001058582
0.001094374
0.001134449
0.001162695
0.001165958
0.001135776
0.001067761
0.000963536
0.00083291
0.0006891
0.000541649
0.000394219
0.000245065
8.81E-05
-8.31E-05
-0.000270279
-0.000469837
-0.00067224
-0.00086103
-0.001016527
-0.001124525
-0.001182852
-0.001200799
-0.001193966
-0.001178263
-0.001165822
-0.001161845
-0.001166535
-0.001178772
-0.001194475
-0.001206916
-0.00120814
-0.001191824
-0.001156235
-0.001102904
-0.001036418
-0.000966496
-0.000906282
-0.000865259
-0.00084206
-0.00082447
-0.000797447
-0.000752294
-0.000690009
-0.000618976
-0.000550583
-0.000495529
-0.000459532
-0.000439525
-0.000424658
-0.000402193
-0.00036274
-0.000300272
-0.000208039
-7.83E-05
9.13E-05
0.000293122
0.000512055
0.000731875
0.00093744
0.001114473
0.001250606
0.00133616
0.001366853
0.001345847
0.001280483
0.001178614
0.001048907
0.000899947
0.000738281
0.000569039
0.000396819
0.000226608
6.60E-05
-7.61E-05
-0.000194259
-0.00028539
-0.000347379
-0.000381906
-0.000393572
-0.000381753
-0.000338802
-0.000258969
-0.000145729
-1.07E-05
0.000131328
0.000266563
0.000387379
0.000492737
0.000582972
0.000657656
0.000720328
0.000782785
0.000862538
0.000973972
0.001120597
0.001294358
0.001479232
0.001655847
0.001805031
0.001912102
0.001968084
0.001970124
0.001923625
0.001842864
0.001744767
0.001645141
0.001558363
0.001494224
0.001453741
0.001430594
0.001416623
0.001406019
0.001396841
0.001391336
0.001389092
0.001384197
0.001369514
0.001338718
0.001285693
0.001205544
0.001099698
0.000976526
0.000845789
0.000712879
0.000573739
0.000417733
0.000234939
1.70E-05
-0.000244389
-0.000554678
-0.000912109
-0.001305504
-0.001711759
-0.002099863
-0.002440448
-0.002714344
-0.002912679
-0.003033106
-0.00307675
-0.003049422
-0.002963256
-0.002836403
-0.002690176
-0.002544457
-0.00241322
-0.002305946
-0.002229263
-0.002186129
-0.002171547
-0.002169609
-0.002158902
-0.002123416
-0.002057644
-0.001964442
-0.001850132
-0.001721341
-0.001582455
-0.001437452
-0.001292244
-0.001153767
-0.001029055
-0.000923494
-0.000838072
-0.000766855
-0.000701838
-0.000636769
-0.000564349
-0.000475787
-0.000365606
-0.000233288
-8.02E-05
9.20E-05
0.000280446
0.000479882
0.000685161
0.000893275
0.001102868
0.001313745
0.001527376
0.001748246
0.001978499
0.002211402
0.002431865
0.002625305
0.002786114
0.00291521
0.003014225
0.003082954
0.003121296
0.003134348
0.003130779
0.003115687
0.003084994
0.003027891
0.002932343
0.002790807
0.002603893
0.002380269
0.002132988
0.001877856
0.001633124
0.001417862
0.001250221
0.001143661
0.001103076
0.001120513
0.001179046
0.001257666
0.001337612
0.001406748
0.001461915
0.001509026
0.001557259
0.001610081
1.66E-03
0.001689007
0.001684622
0.001638939
0.001550631
0.001422964
0.001261951
0.001075547
0.000876906
0.000686291
0.000523391
0.000400118
0.000319938
0.000280108
0.000273898
0.000292569
0.000326036
0.000362522
0.000387566
0.000385955
0.000348725
0.000277937
0.000183787
7.89E-05
-2.47E-05
-0.000117009
-0.000193171
-0.000255007
-0.000308725
-0.000360537
-0.000415102
-0.000475693
-0.000543942
-0.000620309
-0.000704119
-0.000791774
-0.000876502
-0.000950309
-0.001005699
-0.001039543
-0.001058102
-0.001075438
-0.001104805
-0.001152324
-0.001219014
-0.001305688
-0.001416124
-0.001553275
-0.001714391
-0.001892943
-0.00208261
-0.00227758
-0.002471937
-0.002661502
-0.002845459
-0.003024419
-0.003197159
-0.003359599
-0.003504603
-0.003622991
-0.003708137
-0.003755758
-0.003760347
-0.003717927
-0.003631965
-0.00351174
-0.00336592
-0.003203479
-0.003037877
-0.002883084
-0.002745525
-0.002622955
-0.002510786
-0.002408711
-0.002322545
-0.002257385
-0.00221058
-0.002171219
-0.002124924
-0.002057725
-0.001960954
-0.001831959
-0.001670436
-0.00147516
-0.001247356
-0.000995343
-0.000734948
-0.000486749
-0.000267592
-8.29E-05
6.96E-05
0.000192464
0.000288083
0.000362094
0.000421921
0.000472315
0.000513889
0.000546286
0.000572605
0.000598373
0.000628006
0.000665603
0.000715631
0.000779078
0.000851488
0.000924693
0.000989721
0.001039361
0.001067811
0.001068219
0.001033549
0.000962271
0.000862216
0.000745275
0.000620473
0.000492661
0.000364932
0.000242016
0.000132661
4.60E-05
-1.31E-05
-4.32E-05
-4.31E-05
-1.09E-05
5.50E-05
0.000156105
0.00028876
0.00044184
0.000599529
0.000746185
0.000867817
0.000951566
0.000986981
0.000970156
0.000908168
0.000820809
0.000736499
0.000681883
0.000673164
0.000714738
0.000801934
0.000924056
0.001065776
0.001208129
0.00133131
0.001422677
0.001481922
0.001518428
0.001543003
1.56E-03
0.00157176
0.001575431
0.001576247
0.001581754
0.0015997
0.001636308
0.001692903
0.001762855
0.001832503
0.001888689
0.001924175
0.001938247
0.001932639
0.001908777
0.001867887
0.001813332
0.001751436
0.001689743
0.001636005
0.001596032
0.001569111
0.001549838
0.001534645
0.001521286
0.001505584
0.001480193
0.001437059
0.001369044
0.001272885
0.001152252
0.001014601
0.000868741
0.000724329
0.000589747
0.000468095
0.000356762
0.000250172
0.000143275
3.44E-05
-7.46E-05
-0.00018022
-0.00027746
-0.000359853
-0.000420403
-0.000450933
-0.000442459
-0.00039076
-0.000302829
-0.000195076
-8.56E-05
1.05E-05
8.33E-05
0.00012848
0.000143786
0.000128093
8.55E-05
2.74E-05
-3.29E-05
-8.83E-05
-0.000137318
-0.00018037
-0.000216264
-0.000240992
-0.000247641
-0.000229388
-0.000183898
-0.000115138
-3.26E-05
5.18E-05
0.000128044
0.000190298
0.000235757
0.000264788
0.000279462
0.000282174
0.000277484
0.000272457
0.000273507
0.000285193
0.000309993
0.000347151
0.000392335
0.000437315
0.000469783
0.000475738
0.000445249
0.000376275
0.000272387
0.000139671
-1.41E-05
-0.000179296
-0.000343715
-0.000496234
-0.000632794
-0.000756241
-0.000870531
-0.00097702
-0.001075718
-0.001168206
-0.001259266
-0.001357363
-0.001469226
-1.59E-03
-0.001716099
-0.001826534
-0.001915046
-0.001974699
-0.002002945
-0.002001823
-0.001974494
-0.001922081
-0.001846928
-0.001755561
-0.00165828
-0.00156416
-0.001476771
-0.001397641
-0.001331665
-0.001285879
-0.001263241
-0.001259468
-0.001263343
-0.001258755
-0.00123112
-0.001175546
-0.001097843
-0.00100665
-0.000911449
-0.000821948
-0.000745041
-0.000682869
-0.000633882
-0.000592838
-0.000551662
-0.000503185
-0.000443919
-0.000373691
-0.000293419
-0.000203765
-0.000104761
3.53E-06
0.000119852
0.000243666
0.000376597
0.000518572
0.000664004
0.000800697
0.00091154
0.000981095
0.001003335
0.000982808
0.000928835
0.000849389
0.000750874
0.000641836
0.000534796
0.000443481
0.000377475
0.000337971
0.000318362
0.000309093
0.000302179
0.000293573
0.000282346
0.000266367
0.000240803
0.000203247
0.00015688
0.000109464
7.14E-05
4.89E-05
3.68E-05
1.95E-05
-1.94E-05
-8.87E-05
-0.000185652
-0.000298626
-0.000413844
-0.000519935
-0.000608997
-0.000677491
-0.000726937
-0.000761923
-0.00078759
-0.000808932
-0.00083057
-0.000858164
-0.000898779
-0.000956536
-0.001029618
-0.001113235
-0.001203684
-0.001297396
-0.00138968
-0.001475132
-0.001545391
-0.001588831
-0.001595969
-0.001566295
-0.00150552
-0.001418436
-0.001304432
-0.001161365
-0.000990012
-0.000796511
-0.000589477
-0.000377295
-0.000166183
4.06E-05
0.000240694
0.000429719
0.00060406
0.00076595
0.000920814
0.00107008
0.001210495
0.001337349
0.001445133
0.001529769
0.001592176
0.001636635
0.001665901
0.001681197
0.001683644
0.001674059
0.001653563
0.001623583
0.001586465
0.001545473
0.001502033
0.00145278
0.001392516
0.001315936
0.001218961
0.001099858
0.000960809
0.000808005
0.000648215
0.000487253
0.000331481
0.000188181
6.54E-05
-2.86E-05
-8.90E-05
-0.000115348
-0.000110606
-8.21E-05
-4.29E-05
-7.48E-06
1.55E-05
2.47E-05
2.33E-05
1.57E-05
7.34E-06
4.97E-06
1.64E-05
4.52E-05
8.66E-05
0.000130497
0.00016742
0.000187601
0.000181126
0.000142784
7.45E-05
-1.75E-05
-0.000124769
-0.0002381
-0.000349596
-0.000452006
-0.000537499
-0.000602781
-0.000652074
-0.000691618
-0.00072482
-0.000752159
-0.000771584
-0.000779752
-0.000774082
-0.000752587
-0.000712838
-0.000652491
-0.000570384
-0.000469493
-0.000360842
-0.000261675
-0.000184686
-0.000130091
-9.03E-05
-5.86E-05
-3.21E-05
-1.06E-05
7.78E-06
2.76E-05
5.17E-05
7.99E-05
0.00011194
0.000149445
0.000193099
0.000241953
0.000295203
0.000350574
0.00040259
0.000444836
0.000471278
0.000475438
0.00045278
0.000405027
0.000340917
0.000273035
0.000213524
0.00016828
0.000132987
9.83E-05
5.87E-05
1.49E-05
-2.96E-05
-7.47E-05
-0.000125388
-0.000186469
-0.000256483
-0.000327414
-0.000389974
-0.0004389
-0.000476344
-0.000510239
-0.000546011
-0.000579671
-0.00060133
-0.000604022
-0.000588308
-0.000561582
-0.000531826
-0.000500235
-0.000462485
-0.000416578
-0.000365898
-0.000316217
-0.000272624
-0.000236261
-0.000202498
-0.000165218
-0.000122369
-7.55E-05
-2.74E-05
1.98E-05
6.50E-05
0.000107047
0.000143563
0.000172717
0.000194804
0.000210171
0.000216106
0.000208193
0.000184495
0.000147265
0.000102683
5.80E-05
1.62E-05
-2.47E-05
-6.40E-05
-9.30E-05
-0.000100518
-8.19E-05
-4.09E-05
1.32E-05
7.02E-05
0.000123944
0.000173125
0.000219645
0.00026491
0.000307565
0.000344601
0.000375824
0.000404285
0.000430593
0.000449479
0.000451579
0.00042885
0.00038182
0.000320648
0.00025557
0.000188686
0.00011699
3.81E-05
-4.93E-05
-0.000143996
-0.000240125
-0.000330288
-0.000410703
-0.000482521
-0.000547589
-0.000605519
-0.000655506
-0.000698538
-0.00073691
-0.000772641
-0.000807627
-0.000844051
-0.000883015
-0.000923018
-0.000959014
-0.000982651
-0.000984405
-0.00095673
-0.000897352
-0.000810553
-0.000706277
-0.000597861
-0.000498306
-4.17E-04
-0.000360165
-0.000328268
-0.000319489
-0.000329666
-0.000353619
-0.000384689
-0.000414108
-0.000431464
-0.000427324
-0.000398272
-0.000348999
-0.000289101
-0.000228866
-0.000177636
-0.000140977
-0.000116851
-9.86E-05
-8.17E-05
-6.49E-05
-4.58E-05
-2.07E-05
1.48E-05
6.43E-05
0.000129329
0.000207276
0.000292413
0.000380424
0.000471475
0.00056793
0.000669738
0.000771026
0.000860894
0.000928756
9.69E-04
0.000984728
0.000980915
0.000963579
0.000935537
0.000900969
0.000868674
0.000848494
0.000846129
0.00086326
0.000899164
0.000949997
0.00101012
0.001074066
0.001136269
0.001191741
0.001236813
0.001263121
0.001257309
0.00121081
0.00112546
0.001009549
0.000872172
0.000722111
0.000567002
0.000412178
0.000261291
0.000117623
-1.52E-05
-0.000134736
-0.000243173
-0.000346297
-0.000448085
-0.000548547
-0.000647164
-0.000743374
-0.00083415
-0.000916124
-0.000990064
-0.001059282
-0.001124136
-0.001180832
-0.001223456
-0.001246094
-0.001246604
-0.001227331
-0.001192866
-0.001144837
-0.001080493
-0.000996213
-0.000894252
-0.000785418
-0.000682253
-0.000592079
-0.000517181
-4.57E-04
-0.000412201
-0.000386148
-0.000387127
-0.000417912
-0.000468551
-0.000519282
-0.000549251
-0.000544795
-0.000501906
-0.000421348
-0.000305978
-0.000164553
-1.33E-05
0.000129217
0.000249115
0.000339972
0.000401175
0.000435906
0.000449744
0.000451294
0.000451386
0.000456127
0.000462388
0.000463122
0.000452956
0.000430859
4.03E-04
0.000379883
0.000366678
0.000360916
0.000358714
0.000359468
0.000364516
0.000373479
0.00038183
0.000382524
0.000371093
0.000348537
0.000320413
0.000294889
0.000277768
0.00026493
0.000244373
0.000209488
0.000165783
0.000123618
8.86E-05
5.89E-05
2.88E-05
-5.05E-06
-4.29E-05
-8.54E-05
-0.000134095
-0.000188824
-0.000245734
-0.000297689
-0.000338243
-0.000365479
-0.0003831
-0.000398732
-0.000419708
-0.000449902
-0.000490048
-0.000539168
-0.000596394
-0.000661677
-0.000733404
-0.000805712
-0.000868893
-0.000912384
-0.000928842
-0.00091681
-0.000879162
-0.000820926
-0.00075081
-0.000683866
-0.000637999
-0.000624498
-0.000642068
-0.000679899
-0.000724787
-0.00076578
-0.000794913
-0.000806436
-0.000796882
-0.000766728
-0.000722034
-0.000673516
-0.000630688
-0.000594927
-0.000559155
-0.000514492
-0.00045597
-0.00038405
-0.000304165
-0.000222415
-0.000140664
-5.97E-05
1.43E-05
7.03E-05
9.87E-05
9.72E-05
7.19E-05
3.47E-05
-9.65E-07
-2.44E-05
-3.01E-05
-1.79E-05
1.12E-05
5.68E-05
0.000118598
0.000194077
0.000278153
0.000363024
0.00044039
0.000503714
0.00054848
0.00057232
0.000577103
0.000570536
0.000562562
0.000559349
0.000563316
0.000577796
0.000605981
0.000646933
0.000696868
0.000750944
8.03E-04
8.48E-04
8.89E-04
0.000932422
0.000981267
0.001030723
0.001075183
0.001113014
0.001146869
0.00118011
0.001211824
0.001237826
0.00125404
0.001257099
0.001243741
0.001215699
0.001179499
0.001139832
0.00109629
0.001046528
0.000989199
0.00092613
0.000860235
0.000792577
0.000724695
0.000661289
0.000608131
0.000569341
0.00054811
0.000546081
0.00056103
0.000586043
0.00061071
0.0006262
0.000630921
0.000630697
0.000633001
0.000640068
6.48E-04
0.000652457
0.000653161
0.000653293
0.000654547
0.000653721
0.000645339
0.000625536
0.000591967
0.000542419
0.000476178
0.000396181
0.000308547
0.000220137
0.000137245
6.62E-05
1.32E-05
-1.70E-05
-2.22E-05
-1.87E-06
4.27E-05
0.000105602
0.000175228
0.000240184
0.000294688
0.000339219
0.000377417
0.000413678
0.000451836
0.000493084
0.000535616
5.76E-04
6.07E-04
0.000623546
0.000620262
0.000598583
0.000565901
0.000530874
0.000496479
0.000459208
0.000414595
0.000361529
0.000303314
0.000246434
0.000196722
0.000155087
0.000118785
8.76E-05
6.55E-05
5.69E-05
6.43E-05
8.66E-05
0.000117643
0.000150518
0.000182945
0.00021631
0.000253581
0.000296664
0.000342796
0.000385838
0.000420957
0.000445205
0.000455933
0.000451895
0.000432724
0.000395372
0.000335963
0.000255711
0.000159501
4.99E-05
-7.17E-05
-0.000200235
-0.000329606
-0.000456796
-0.000581252
-0.000703251
-0.000822252
-0.000934441
-0.001032782
-0.001112014
-0.00117024
-0.001203892
-0.001207461
-0.001179826
-0.001128535
-0.001068779
-0.001015
-0.000974262
-0.000945251
-0.000920758
-0.000892216
-0.000855119
-0.00081121
-0.000764772
-0.000716682
-0.000662658
-0.000597345
-0.000519459
-0.000434619
-0.000352614
-0.0002795
-0.000213106
-0.000147824
-8.34E-05
-2.85E-05
4.32E-06
8.32E-06
-1.13E-05
-4.23E-05
-7.41E-05
-0.000100286
-0.000115459
-0.000115888
-0.000101453
-7.60E-05
-4.64E-05
-1.96E-05
-9.02E-08
9.55E-06
6.37E-06
-1.13E-05
-4.04E-05
-7.40E-05
-0.000103897
-0.000121773
-0.000123027
-0.000111851
-9.83E-05
-9.01E-05
-9.05E-05
-1.00E-04
-0.000119622
-0.000150448
-0.00019139
-0.000239072
-0.000290618
-0.000344052
-0.000396873
-0.000446778
-0.000492278
-0.000531231
-0.000560558
-0.00057772
-0.000581351
-0.000572958
-0.000557795
-0.000541602
-0.000526388
-0.000509726
-0.000488292
-0.000460576
-0.000425651
-0.000383231
-0.000335325
-0.000285033
-0.000234924
-0.000186569
-0.000139601
-9.32E-05
-4.86E-05
-8.42E-06
2.71E-05
6.00E-05
9.25E-05
0.000124811
0.000154698
0.000177958
0.000190817
0.000191255
0.000178753
0.000153331
0.000115959
7.07E-05
2.52E-05
-1.20E-05
-3.67E-05
-4.91E-05
-5.13E-05
-4.71E-05
-4.04E-05
-3.38E-05
-3.11E-05
-3.77E-05
-5.78E-05
-9.15E-05
-0.000135393
-0.000183687
-0.000231787
-0.000278888
-0.000327803
-0.000381226
-0.000439371
-0.0005014
-0.000566897
-0.000635055
-0.000703773
-0.000769984
-0.000830188
-0.000880735
-0.000917639
-0.000936565
-0.000933618
-0.000907524
-0.000861545
-0.000802942
-0.000739536
-0.000675009
-0.000607085
-0.000532116
-0.000452181
-0.000374173
-0.000301436
-0.000229985
-0.000152415
-6.34E-05
3.62E-05
0.000137938
0.000230804
0.000308822
0.000373238
0.000429363
0.000480746
0.000524798
0.000554257
0.000563638
0.000554818
0.000536177
0.000516425
0.000498182
0.000477451
0.000450082
0.000417267
0.000384636
0.000358797
0.000344316
0.000341441
0.000347233
0.000359836
0.000379221
0.000404561
0.000434244
0.000467885
0.000505033
0.000542711
0.000576953
0.000606035
0.000631406
0.000656399
0.000682534
0.000705814
0.000717734
0.000710637
0.000682482
0.000637492
0.000582326
0.000520877
0.00045274
0.000377474
0.000299119
0.000225669
0.000164333
0.000116355
7.69E-05
4.08E-05
8.51E-06
-1.46E-05
-2.26E-05
-1.41E-05
6.83E-06
3.29E-05
5.96E-05
9.00E-05
0.000132526
0.000191802
0.00026512
0.00034686
0.000433781
0.000525249
0.000618583
0.00070685
0.000781789
0.000837373
0.000871075
0.000884331
0.000880578
0.000861122
0.00082587
0.000777291
0.000719116
0.000651825
0.000572021
0.000475995
0.000362786
0.000236208
0.000105378
-1.80E-05
-0.000125149
-0.000213212
-0.00028346
-3.37E-04
-0.000370524
-0.000383108
-0.000376724
-0.000357258
-0.000330603
-0.000301939
-0.00027716
-0.000263302
-0.000266524
-0.000289244
-0.000329105
-0.000380723
-0.000437215
-0.000491526
-0.000540074
-0.00058432
-0.000627729
-0.000672485
-0.000718984
-0.000767533
-0.000819743
-0.000877683
-0.000941477
-0.001008003
-0.001070338
-0.001118877
-1.14E-03
-0.00114386
-0.001114289
-0.001057592
-0.000977657
-0.000884619
-0.000794894
-7.23E-04
-6.72E-04
-0.000641193
-0.000622868
-0.000609123
-0.00059137
-0.000565316
-0.000531768
-0.000492386
-0.000447631
-0.000399368
-0.000351544
-0.000307717
-0.000269284
-0.00023652
-0.000211048
-0.000195395
-0.00018994
-0.000192673
-0.000200709
-0.000210518
-0.000218697
-0.000222888
-0.000219778
-0.000203096
-0.000167854
-0.000116746
-5.90E-05
-4.24E-06
4.07E-05
7.14E-05
8.59E-05
8.36E-05
6.44E-05
3.07E-05
-1.21E-05
-5.84E-05
-0.000101484
-0.000133727
-0.000149879
-0.00014938
-0.000135828
-1.15E-04
-9.35E-05
-7.24E-05
-4.96E-05
-2.35E-05
3.52E-06
2.80E-05
4.77E-05
6.28E-05
7.71E-05
9.67E-05
0.000124881
0.000160653
0.000199963
0.000238681
0.000276298
0.000315353
0.000353582
0.000381492
0.000391036
0.000382521
0.000364258
0.000348146
0.000342945
0.000350073
0.000366562
0.000390606
0.000422574
0.000463149
0.000511361
0.000562316
0.000607775
0.000640222
0.000655058
0.000650663
0.000629759
0.000599952
0.000569616
0.000542267
0.00051504
0.000481899
0.000438785
0.000386729
0.000330491
0.000274294
2.19E-04
0.000162319
0.000104634
4.82E-05
-3.62E-06
-4.76E-05
-8.39E-05
-0.000117808
-0.000157047
-0.000202996
-0.000249413
-0.000289804
-0.0003242
-0.000358901
-0.000400995
-0.000452083
-0.000505791
-0.000551648
-0.000583209
-0.000601757
-0.000611057
-0.000611363
-0.000600708
-0.000579141
-0.000550823
-0.000523924
-0.000506436
-0.000499298
-0.000496341
-0.000491059
-0.000480627
-0.000465016
-0.000444989
-0.000419812
-0.000385662
-0.000339
-0.000281549
-0.000219693
-0.000159785
-0.000104721
-5.31E-05
-2.06E-06
4.97E-05
0.000102118
0.000156111
0.000212338
0.000269534
0.000324058
0.000371261
0.000408684
0.000437776
0.000461219
0.000479105
0.000489424
0.000491647
0.000487323
0.000478258
0.000465328
0.000447483
0.00042152
0.000384229
0.000335772
0.000280493
0.000224929
0.000174962
0.000134622
0.000107865
9.78E-05
0.000104081
0.000123935
1.52E-04
1.78E-04
1.86E-04
1.68E-04
0.000125096
6.45E-05
-8.31E-06
-9.12E-05
-0.000181085
-0.000269565
-0.000344025
-0.000394583
-0.000420525
-0.000427898
-4.21E-04
-0.000400814
-0.000368663
-3.29E-04
-0.000285434
-0.000240434
-0.000197545
-0.000160968
-0.000134965
-0.000122321
-0.000120914
-0.000122862
-0.000118987
-0.000104018
-7.77E-05
-4.25E-05
-1.76E-06
4.07E-05
8.17E-05
0.000119543
0.000152337
0.000176209
0.000187874
0.000189852
0.000190606
0.000199712
0.00022391
0.000263689
0.000312513
0.000362458
0.000409926
0.000454854
0.000496356
0.000529691
0.000549157
0.000554837
0.000553817
0.000553215
0.000554989
0.000558537
0.000563442
0.000567602
0.00056748
0.000561902
0.000552673
0.000541538
0.000528934
0.000513322
0.000489827
0.000454035
0.000407933
0.000358059
0.000309999
0.000267273
0.000230869
0.000199421
0.000171837
0.000147792
0.000126816
0.000109481
9.71E-05
8.81E-05
7.79E-05
6.31E-05
4.56E-05
3.08E-05
2.19E-05
1.70E-05
8.59E-06
-1.08E-05
-4.25E-05
-8.12E-05
-0.000121018
-0.000157433
-0.000186678
-0.000206022
-0.000214456
-0.000212386
-0.000201873
-0.000186883
-0.000171435
-0.000157852
-0.000147513
-0.000140885
-0.000137571
-0.000137714
-0.00014166
-0.000148992
-0.000158822
-0.000168194
-0.000170254
-0.000158711
-0.00013485
-0.000106431
-7.99E-05
-5.73E-05
-3.68E-05
-1.48E-05
9.28E-06
3.18E-05
4.95E-05
6.26E-05
7.39E-05
8.79E-05
0.00010835
0.00013422
0.000158866
0.000174417
0.000177119
0.000168074
0.000148444
0.00011462
6.00E-05
-1.75E-05
-0.000112227
-0.000214138
-0.000313876
-0.000405865
-0.000488228
-0.000557324
-0.000604894
-0.000624197
-0.000616162
-0.000587671
-0.000547219
-0.000503739
-0.000466142
-0.000440721
-0.000429025
-0.000429484
-0.000440589
-0.00046183
-0.000491392
-5.23E-04
-0.000548486
-0.000561692
-0.000561682
-0.000550088
-0.000531733
-0.000514684
-0.000506516
-0.000513042
-0.00053671
-0.000571778
-0.000607611
-0.000639569
-0.000670355
-0.000699886
-0.00071973
-0.000719149
-0.000695655
-0.000658752
-0.00062296
-0.000597416
-0.000581529
-0.000569007
-0.00055466
-0.000537233
-0.00051842
-0.000499453
-0.000478172
-0.000450936
-0.000416898
-0.000379087
-0.000342551
-0.000312367
-0.00029027
-0.000272864
-0.000255529
-0.000235675
-0.000210845
-0.000178612
-0.000139935
-9.88E-05
-5.78E-05
-1.65E-05
2.65E-05
6.91E-05
0.000108579
0.000145727
0.00018314
0.000221247
0.000259659
0.000300703
0.00034713
0.000397014
0.000443544
0.000480641
0.000506195
0.000520705
0.000525324
0.000519715
0.00050132
0.000469392
0.000430949
0.000400031
0.000388171
0.000397144
0.000420383
0.000448395
0.00047452
0.000499757
0.000530186
0.000568037
0.000608479
0.00064527
0.000676606
0.000705188
0.000734607
0.000765555
0.000795055
0.000818957
0.000834925
0.000843542
0.000847417
0.000850384
0.000857522
0.000873123
0.000898014
0.00092883
0.000958401
0.000979509
0.000989981
0.000992194
0.000989104
0.000983087
0.000975021
0.000963325
0.000946856
0.000927114
0.000905037
0.000878351
0.000843354
0.000798507
0.000745573
0.000688326
0.000631528
0.000579583
0.000534777
0.000498118
0.000472492
0.000461234
0.000464344
0.000479374
0.000503286
0.00053243
0.000563612
0.000594591
0.000622194
0.000642425
0.000653153
0.00065408
0.000645331
0.000627516
0.000599596
0.000558226
0.000502335
0.000436013
0.00036553
0.000296464
0.000234312
0.000183275
0.000143853
0.000112354
8.27E-05
5.11E-05
2.03E-05
-5.72E-06
-2.95E-05
-5.82E-05
-9.69E-05
-0.000145473
-0.000200344
-0.000254532
-0.000301287
-0.000338099
-0.000366865
-0.000391573
-0.000415577
-0.000437736
-0.00045241
-0.000457499
-0.000459854
-0.000469583
-0.000490926
-0.000519712
-0.000547755
-0.000569985
-0.000589278
-0.000613129
-0.000645934
-0.000686662
-0.000731213
-0.000774205
-0.000811679
-0.000842761
-0.000868223
-0.000888781
-0.000903852
-0.000910552
-0.000905474
-0.000889281
-0.00086748
-0.000844669
-0.000821145
-0.000795662
-0.000766458
-0.000730493
-0.000686431
-0.000636414
-0.000583267
-0.000529946
-0.000480123
-0.000435663
-0.000396262
-0.000363203
-0.000340739
-0.000332724
-0.000337945
-3.49E-04
-0.000355332
-0.000354965
-0.000350591
-0.000345146
-3.37E-04
-3.23E-04
-3.00E-04
-2.68E-04
-0.000228736
-0.000190568
-0.000161649
-0.000144416
-0.000135321
-0.000127112
-0.000113173
-9.35E-05
-7.38E-05
-5.75E-05
-4.15E-05
-1.84E-05
1.87E-05
7.17E-05
0.00013534
0.000200204
0.000257512
0.000300207
0.000324048
0.000327658
0.000309802
0.000269646
0.000210787
0.000141865
7.47E-05
2.23E-05
-7.32E-06
-1.71E-05
-1.79E-05
-1.97E-05
-2.72E-05
-4.09E-05
-5.97E-05
-8.18E-05
-0.000106551
-0.000134349
-0.000163136
-0.000186916
-0.000198704
-0.000195502
-0.000180135
-0.000157783
-0.000131373
-0.000100397
-6.27E-05
-1.70E-05
3.43E-05
8.41E-05
0.000124493
0.000151199
0.00016214
1.56E-04
1.36E-04
1.10E-04
8.58E-05
7.27E-05
7.59E-05
9.38E-05
0.000118678
0.000142519
0.000159283
0.000163525
0.000151023
0.000121349
7.82E-05
2.70E-05
-2.75E-05
-8.25E-05
-0.000136345
-0.00018626
-0.00022918
-0.000264911
-0.000297124
-0.000329919
-0.000362988
-0.000390205
-0.000404257
-0.000403247
-0.000390073
-0.000367741
-0.000338924
-0.000307589
-0.00027869
-0.000257001
-0.000245509
-0.000243307
-2.47E-04
-0.000255452
-0.000269147
-0.000286849
-0.000304399
-0.00031894
-0.00033234
-0.000349002
-0.000370763
-0.000395359
-0.000420128
-0.000444295
-0.000466546
-0.000483076
-0.000489245
-0.00048223
-0.000462988
-0.000436945
-0.000410646
-0.000386673
-0.000363475
-0.000338023
-0.000307513
-0.000270875
-0.000229087
-0.000183873
-0.000137446
-9.19E-05
-4.67E-05
2.30E-06
5.73E-05
0.00011529
0.000171741
0.00022547
0.000276955
0.000326655
0.000375653
0.000424986
0.00047432
0.000521155
0.000560914
0.000589792
0.000608238
0.000620597
0.000631538
0.000643051
0.000653666
0.000659641
0.000658325
0.000651014
0.000641428
0.000631578
0.00062085
0.00060844
0.0005945
0.000581254
0.000574187
0.000578826
0.000596946
0.000625988
0.000660423
0.000694492
0.000724777
0.000751106
0.000775406
0.000798594
0.000818825
0.000832642
0.000836598
0.00083
0.000816642
0.000802314
0.000790271
0.000778646
0.000762106
0.000738632
7.14E-04
6.96E-04
6.85E-04
6.73E-04
6.53E-04
6.22E-04
0.000586265
0.000551992
0.000524184
0.000500863
0.000477307
0.000451324
0.000423843
0.000396422
0.000369124
0.000340103
0.000307829
0.000272689
0.000234317
0.000190479
0.000139962
8.33E-05
2.21E-05
-3.88E-05
-9.54E-05
-0.000148792
-0.000202705
-0.000257005
-0.000308531
-0.000355153
-0.000397532
-0.000438484
-0.000480109
-0.00051894
-0.000546086
-0.000555253
-0.000548166
-0.000532493
-0.000518799
-0.000517555
-0.00053382
-0.00056745
-0.000619038
-0.000691122
-0.000783814
-0.000890477
-0.000996741
-0.00108609
-0.001147884
-0.001180515
-0.001187653
-0.001174601
-0.001145846
-0.001106791
-0.001064371
-0.001026641
-0.000999048
-0.000980632
-0.000964623
-0.000944769
-9.20E-04
-0.000894895
-0.000875011
-0.000861847
-0.0008501
-0.000831348
-0.000801052
-0.000760835
-0.000714825
-0.000665889
-0.000613313
-0.000553772
-0.00048643
-0.000414928
-0.000344476
-2.78E-04
-0.000214748
-0.000150231
-8.56E-05
-2.55E-05
2.89E-05
8.00E-05
0.000127457
0.000168684
0.000201967
0.000227144
0.000246406
0.000264465
0.000285502
0.000310892
0.000340219
0.00037287
0.000410232
0.000455426
0.000508288
5.63E-04
6.10E-04
6.46E-04
0.000672359
0.000693906
0.000716094
0.000738222
0.000755475
0.000765499
0.00077023
0.000772157
0.000770689
0.000761715
0.000740994
0.000708373
6.68E-04
0.000626938
0.000587179
0.000549857
0.000515442
0.000483688
0.000452688
0.000419721
0.000383082
0.000344271
0.000308071
0.000278356
0.000255127
0.000236701
0.000222231
0.000213012
0.000214174
0.000231805
0.000265384
0.00030552
0.000340302
0.000362552
0.00037229
0.000372657
0.000363306
0.000340046
0.000300573
0.000247976
0.000189342
0.000131962
8.07E-05
3.65E-05
-3.56E-06
-4.12E-05
-7.52E-05
-0.000103767
-0.000126446
-0.0001432
-0.000155844
-0.000168744
-0.000185253
-0.000204414
-0.000221597
-0.000231019
-0.000229663
-0.000220251
-0.000207423
-0.000192056
-0.000172295
-0.000145976
-0.000111571
-7.11E-05
-3.05E-05
3.94E-06
2.87E-05
4.40E-05
5.50E-05
6.76E-05
8.13E-05
8.95E-05
8.93E-05
8.33E-05
7.45E-05
6.30E-05
4.66E-05
2.29E-05
-7.32E-06
-3.81E-05
-6.40E-05
-8.34E-05
-9.59E-05
-0.000100085
-9.45E-05
-7.85E-05
-5.41E-05
-2.62E-05
-4.31E-07
2.09E-05
3.76E-05
5.10E-05
6.40E-05
7.98E-05
9.75E-05
0.000114086
0.000129208
0.000143698
0.000156148
0.000163735
0.00016296
0.00015109
0.000129156
0.000100783
6.79E-05
3.05E-05
-1.08E-05
-5.42E-05
-9.84E-05
-0.000141999
-0.000183828
-0.000223688
-0.000261204
-0.000294325
-0.000321133
-0.00034322
-0.000366185
-0.000394166
-0.000424686
-0.000451454
-0.000470686
-0.000483433
-0.000493895
-0.000506275
-0.000521887
-0.000537896
-0.000549685
-0.000554875
-0.000553896
-0.000547523
-5.35E-04
-5.16E-04
-4.90E-04
-4.57E-04
-4.27E-04
-4.07E-04
-0.000400726
-0.000404805
-0.000413473
-0.000422722
-0.000432012
-0.000442077
-0.000452346
-0.000461921
-4.73E-04
-0.000489239
-0.000514365
-0.000546894
-0.000584624
-0.000626759
-0.000673177
-0.000721348
-0.000763983
-0.000792107
-0.000801121
-0.000792933
-0.000773141
-0.000745904
-0.000709246
-0.000656567
-0.000584525
-0.000498247
-0.000409511
-0.000329586
-0.000261
-0.000196993
-0.00013065
-6.24E-05
1.53E-06
5.48E-05
9.67E-05
0.000132303
0.000168615
0.000208996
0.000250141
0.000282792
0.000299679
0.000303411
0.000303257
0.000305103
0.000307632
0.000307591
0.000304868
0.000301125
0.000295241
0.000282403
0.000259694
0.000230499
0.000200652
0.000172293
0.000143986
0.000116514
9.61E-05
9.05E-05
0.000103094
0.000131126
0.00016755
0.000204454
0.000238328
0.000272397
0.0003103
0.000350293
0.000387206
0.000416747
0.000438589
0.000457586
0.000480377
0.000510214
0.000545638
0.000582266
0.000615183
0.000642654
0.000666739
0.000688663
0.000705468
0.000711963
0.000704917
0.000685878
0.000662557
0.000646068
0.000643274
0.000652686
0.0006674
0.000679004
0.00068137
0.000673936
0.000659374
0.000638072
0.000608205
0.000570332
0.000529564
4.92E-04
0.000463567
0.000445386
0.000437452
0.000436218
0.000438624
0.000445283
0.00045857
0.000476782
0.000493821
0.000505466
0.000511594
0.000512971
0.000509738
0.000502661
0.000493014
0.000480808
0.000465492
0.000448595
0.000433503
0.000422307
0.000414179
0.000405511
0.000391694
0.00037029
0.000341575
0.000307282
0.000270786
0.000235116
0.000198946
0.000159585
0.000120112
8.78E-05
6.67E-05
5.67E-05
5.75E-05
6.92E-05
9.06E-05
0.000117082
1.42E-04
0.000159145
0.000167588
0.000170739
0.000170535
0.00016565
0.000155861
0.000143614
0.000132376
0.000124371
0.000117692
0.000108351
9.71E-05
8.86E-05
8.52E-05
8.65E-05
9.13E-05
9.70E-05
0.000101824
0.000108666
0.000121382
0.000139023
0.000156562
0.000168992
0.000173764
0.000171898
0.000167136
0.000161976
0.000155123
0.000144365
0.000130568
0.000117434
0.000108858
0.000104912
9.92E-05
8.50E-05
6.19E-05
3.24E-05
-1.16E-06
-3.73E-05
-7.47E-05
-0.000109781
-0.000136263
-0.000149846
-0.000152905
-0.000150682
-0.000146267
-0.000140414
-0.000131716
-0.000117603
-9.84E-05
-7.86E-05
-6.28E-05
-5.17E-05
-4.47E-05
-4.15E-05
-4.43E-05
-5.58E-05
-7.71E-05
-0.000105684
-0.000135745
-0.000160637
-0.000178339
-0.000193462
-0.00021247
-0.000237096
-0.000264404
-0.000291631
-0.000318521
-0.000346614
-0.000377348
-0.00041002
-0.000441366
-0.000467634
-0.00048861
-0.000508556
-0.000532805
-0.0005641
-0.000601768
-0.000642761
-0.000683591
-0.000722197
-0.000758265
-0.000791814
-0.000822313
-0.000848765
-0.000870801
-0.000888442
-0.000899965
-0.000902505
-0.000896519
-0.000887005
-0.00087845
-0.000871944
-0.000867631
-0.000865857
-0.000866948
-0.000871863
-0.000880388
-0.000889188
-0.000893767
-0.000890402
-0.000877595
-0.000858975
-0.000842027
-0.000831025
-0.000822847
-0.000810763
-0.000790858
-0.000764693
-0.000737191
-0.000711005
-0.000683279
-0.000651413
-0.00061865
-0.000590353
-0.000568949
-0.000554704
-0.000545659
-0.000535758
-0.000516556
-0.000481743
-0.000430992
-0.00036934
-0.000301489
-0.000228467
-0.000150326
-6.99E-05
6.75E-06
7.39E-05
0.000127709
0.000166846
0.000193511
0.000212906
0.000230027
0.000246699
0.000261179
0.000270295
0.000272783
0.000271029
0.000269602
0.000272742
0.000282491
0.000296328
0.000308921
0.000318914
0.000331212
0.000351515
0.000380638
0.000413064
0.000441045
0.000461429
0.000478061
0.000495732
0.000513547
0.00052716
0.000535001
0.000539111
0.000542098
0.000545188
0.000548074
0.000549216
0.000546187
0.000536204
0.000518542
0.00049777
0.000480139
0.000465751
0.000448742
0.000424014
0.000390119
0.000349564
0.000308745
0.000273687
0.000245991
0.000224975
0.000209965
0.000200644
0.000199084
0.000208098
0.000225036
0.000243788
0.000262326
2.82E-04
0.000304971
0.000330698
0.000357129
0.000378196
0.000389066
0.000390524
0.000385925
0.000378012
0.000369691
0.000363053
0.000357179
0.000350531
0.000344371
0.000342556
0.000348144
0.000360493
0.000375432
0.000388423
0.000397631
0.000403208
0.000405972
0.000408276
0.000413232
0.000422481
0.000435594
0.00045091
0.000465604
0.000477861
0.00049024
0.000506607
0.0005254
0.000539941
0.000543979
0.000535791
0.000519791
0.000504302
0.000495043
0.000490535
0.000483122
0.000465032
0.000435552
0.000401575
0.000369862
0.000340402
0.000309229
0.000276353
0.000247179
0.000225898
0.000211438
0.000198508
0.000180744
0.000156047
0.000127658
9.86E-05
6.97E-05
4.24E-05
1.76E-05
-5.95E-06
-3.02E-05
-5.61E-05
-8.49E-05
-0.00011839
-0.000156915
-0.000198469
-0.000239645
-0.000277996
-0.000313401
-0.000345971
-0.000372534
-0.0003878
-0.000390522
-0.000385465
-0.000378969
-0.000374584
-0.000370363
-0.000360349
-3.42E-04
-0.000322059
-0.000309996
-0.000311077
-0.000322508
-0.000336896
-0.000348511
-0.00035673
-0.000363735
-0.000372199
-0.000384038
-0.000398018
-0.000410928
-0.000422114
-0.000434545
-0.000451166
-0.000471479
-0.000492312
-0.000510504
-0.000524617
-0.000535242
-0.000543573
-0.000550497
-0.000556718
-0.000561694
-0.000564162
-0.000565202
-0.000567925
-0.000572421
-0.000573931
-0.000568037
-0.000554475
-0.000534662
-0.000509515
-0.00048128
-0.000454573
-0.000434128
-0.00042132
-0.000414346
-0.000411491
-0.000412021
-0.00041562
-0.000423268
-0.000436769
-0.000456093
-0.000477395
-0.000495189
-0.000507915
-0.000519356
-0.000532491
-0.000545849
-0.000555883
-0.000560094
-0.000559462
-0.000558188
-0.000560472
-0.000568497
-0.000583008
-0.000603535
-0.000628507
-0.000655826
-0.000682471
-0.000704425
-7.19E-04
-0.000726349
-0.000729439
-0.000731377
-0.000733141
-0.000731887
-0.000723708
-0.000708341
-0.000689293
-0.000669184
-0.000646924
-0.000618994
-0.000581061
-0.0005298
-0.000466159
-0.000395941
-0.000326305
-0.000261727
-0.000202267
-0.000145397
-8.90E-05
-3.28E-05
2.21E-05
7.17E-05
0.000110368
0.00013532
0.000149617
0.000159253
0.00016844
0.000177975
0.000185072
0.000186153
1.84E-04
0.000186907
2.02E-04
2.29E-04
2.61E-04
2.93E-04
3.24E-04
3.55E-04
0.000385905
0.000415069
0.000437543
0.000450269
0.000451534
0.000440561
0.000419576
0.000394042
0.000369212
0.000346921
0.000326272
0.000306907
0.00029052
0.000280028
0.000277774
0.000283331
0.000293121
0.000302798
0.000309722
0.000313831
0.000315911
0.000315758
0.000314188
0.000314127
0.000316849
0.000321387
0.000328912
0.000342444
0.00036291
0.00038827
0.000414212
0.000436758
0.000456244
0.000475476
0.000493729
0.000506537
0.00051086
0.000507862
0.000502438
0.000501265
0.000509015
0.000526034
0.000550487
0.000580018
0.00061067
0.000637356
0.000657179
0.000669559
0.000674321
0.000670762
0.0006572
0.000633298
0.000603247
0.000573002
0.000545979
0.000523607
0.000506363
0.000490446
0.000467614
0.00043375
0.000393991
0.000356812
0.00032722
0.000304388
0.000282383
0.00025738
0.000234324
0.00022221
0.000224759
0.000236904
0.000247131
0.000244623
0.000227349
0.000202162
0.00017773
0.000158263
0.00014205
0.000125265
0.0001069
8.99E-05
7.84E-05
7.47E-05
7.81E-05
8.71E-05
0.000100125
0.000116037
0.000137053
0.000166666
0.000202937
0.000238118
0.000265823
0.000283678
0.000289929
0.000282944
0.000262856
0.000231377
0.000191598
0.000147404
0.000102608
6.12E-05
2.71E-05
3.13E-06
-1.13E-05
-2.05E-05
-3.09E-05
-4.72E-05
-6.90E-05
-9.29E-05
-0.000117783
-0.000145132
-0.000174877
-0.0002045
-0.000230166
-0.00024796
-0.000256709
-0.000259483
-0.000259615
-0.000257576
-0.00025367
-0.000249102
-0.000244391
-0.000240516
-0.000239058
-0.000238925
-0.000235805
-0.000224843
-0.000203021
-0.000172082
-0.000138391
-0.000107453
-8.03E-05
-5.46E-05
-2.90E-05
-5.64E-06
1.09E-05
1.72E-05
1.28E-05
-4.95E-07
-1.89E-05
-3.87E-05
-5.72E-05
-7.41E-05
-8.84E-05
-9.60E-05
-9.26E-05
-7.67E-05
-5.09E-05
-2.07E-05
5.54E-06
2.21E-05
2.84E-05
2.89E-05
3.09E-05
3.84E-05
4.92E-05
5.93E-05
6.95E-05
8.43E-05
0.000106455
0.000135415
0.000168189
0.000199239
0.000222998
0.000237264
0.000242781
0.000241415
0.000235082
0.000224559
0.00020908
0.00018841
0.000164865
0.000141565
0.00012013
0.000100813
8.25E-05
6.31E-05
4.18E-05
2.15E-05
5.99E-06
-4.80E-06
-1.40E-05
-2.63E-05
-4.54E-05
-7.22E-05
-0.000105542
-0.000143455
-0.000182347
-0.000217487
-0.000246049
-0.000267575
-0.000282167
-0.000290019
-0.000292242
-0.000292068
-0.000294322
-0.000302398
-0.000316704
-0.000334998
-0.000353036
-0.000365762
-0.000370606
-0.000370249
-0.000370106
-0.000372819
-0.00037651
-0.00037704
-0.000372186
-0.000365068
-0.000361887
-0.000366679
-0.000379222
-0.000395976
-0.000412933
-0.000428086
-0.000441465
-0.000454384
-0.000468824
-0.000485781
-0.000503106
-0.00051574
-0.000520645
-0.000519738
-0.000516729
-0.000513221
-0.000508418
-0.00050073
-0.000489421
-0.0004775
-0.000470597
-0.000471117
-0.000475165
-0.000474991
-0.000463632
-0.000438934
-0.000405467
-0.000371398
-0.000340602
-0.000309542
-0.000272455
-0.000228178
-0.000182281
-0.000142022
-0.000109616
-8.27E-05
-5.99E-05
-4.23E-05
-3.20E-05
-3.10E-05
-4.04E-05
-5.84E-05
-8.10E-05
-0.000102283
-0.000115835
-0.000117487
-0.000108197
-9.28E-05
-7.52E-05
-5.62E-05
-3.50E-05
-1.08E-05
1.63E-05
4.62E-05
7.76E-05
0.000107474
0.000132325
0.000152424
0.000171605
0.000192254
0.00021275
0.000229943
0.000242577
0.000253101
0.000266714
0.000286538
0.000309094
0.000327979
0.00034149
3.54E-04
0.000371858
0.000396107
0.000422793
0.000445033
0.000457841
0.000460829
0.000456546
0.00044691
0.000431727
0.000410415
0.000383963
0.000354769
0.000325503
0.000298919
0.000276884
0.000258457
0.000242886
0.000233821
0.000236412
0.000251371
0.000274937
0.00030305
0.000333377
0.000363805
0.000392664
0.000420043
0.000444975
0.000464534
0.000477576
0.000485958
0.000492087
0.000496982
0.000500306
0.00050101
0.000497594
0.00048857
0.000473254
0.000452492
0.000428152
0.000401191
0.000372649
0.000346259
0.000325549
0.000308693
0.00029147
0.000273095
0.000256066
0.000243024
0.00023453
0.000228197
0.000221141
0.000213799
0.000209007
0.000207304
0.000206223
0.000204123
0.000200778
0.000196506
0.000193355
0.000193447
0.000195568
0.000196782
0.000195355
0.000191531
0.000187483
0.000184393
0.000180253
0.000172667
0.000162347
0.000151559
0.000141586
0.000133103
0.000126729
0.000121519
0.000114585
0.000103205
8.63E-05
6.45E-05
4.08E-05
1.85E-05
-2.24E-06
-2.27E-05
-4.32E-05
-6.42E-05
-8.76E-05
-0.000113829
-0.00014128
-0.000166559
-0.000186422
-0.000200974
-0.000212404
-0.000219858
-0.00021996
-0.000211456
-0.000195935
-0.000176418
-0.000156503
-0.00013828
-0.000120792
-0.000101862
-8.10E-05
-6.03E-05
-4.27E-05
-3.03E-05
-2.16E-05
-1.33E-05
-2.58E-06
1.30E-05
3.26E-05
5.03E-05
6.04E-05
6.26E-05
6.13E-05
6.02E-05
6.04E-05
6.11E-05
6.09E-05
5.97E-05
5.88E-05
5.92E-05
5.97E-05
6.06E-05
6.35E-05
6.84E-05
7.45E-05
8.25E-05
9.37E-05
0.00010757
0.000121489
0.000133573
0.000143189
0.000150592
0.000156476
0.000160718
0.000162289
0.000161035
0.000157854
0.000153592
0.000149768
0.000147596
0.000145893
0.000142365
0.00013537
0.000123022
0.000105503
8.80E-05
7.62E-05
7.09E-05
7.00E-05
7.00E-05
6.72E-05
6.13E-05
5.65E-05
5.64E-05
5.79E-05
5.38E-05
3.97E-05
1.89E-05
-2.82E-07
-1.32E-05
-2.32E-05
-3.52E-05
-5.05E-05
-6.65E-05
-7.79E-05
-8.09E-05
-7.61E-05
-6.87E-05
-6.35E-05
-6.06E-05
-5.65E-05
-4.88E-05
-3.96E-05
-3.30E-05
-3.26E-05
-3.91E-05
-4.87E-05
-5.48E-05
-5.36E-05
-4.75E-05
-4.14E-05
-3.67E-05
-2.98E-05
-1.70E-05
1.69E-06
2.23E-05
3.99E-05
5.33E-05
6.60E-05
8.10E-05
9.83E-05
0.00011718
0.000136198
0.000153003
0.000164975
0.000170064
0.000166383
0.000151862
0.000125074
8.66E-05
3.90E-05
-1.56E-05
-7.59E-05
-0.000138296
-0.00019539
-0.000239707
-0.00026939
-0.000288785
-0.000303968
-0.000318866
-0.000333305
-0.000344277
-0.000350752
-0.000356064
-0.000364722
-0.000378518
-0.000396944
-0.000419377
-0.000444401
-0.00046917
-0.00049145
-0.000510825
-0.000526987
-0.000538785
-0.000546708
-0.000554753
-0.000567356
-0.00058516
-0.000604922
-0.000622736
-0.000636339
-0.000644506
-0.000647341
-0.000646525
-0.000643384
-0.000638826
-0.000635216
-0.000634216
-0.000633655
-0.000629861
-0.000621754
-0.000611434
-0.000602114
-0.000594445
-0.000585349
-0.000571328
-0.000551698
-0.000529896
-0.000510541
-0.000494175
-0.000476686
-0.000452468
-0.000417981
-0.000374408
-0.000327297
-0.00028402
-0.0002499
-0.000224254
-0.000202238
-0.000182067
-0.000166465
-0.000158369
-0.000158368
-0.000163099
-0.000165526
-0.000159744
-0.000145151
-0.000124818
-0.000101714
-7.76E-05
-5.30E-05
-2.66E-05
3.29E-06
3.40E-05
5.79E-05
6.92E-05
6.96E-05
6.76E-05
7.01E-05
7.76E-05
8.79E-05
0.000101249
0.000120041
0.000144647
0.000173689
0.000205912
0.000239308
0.000270155
0.000294537
0.000309272
0.000313117
0.000309262
0.000304215
0.000301656
0.00029927
0.000293519
0.000285413
0.000279784
0.000279632
0.000282711
0.000284731
0.000284609
0.000283182
0.000278828
0.000269814
0.000258016
0.000245759
0.000232595
0.000217912
0.000203014
0.000189513
0.000178541
0.000170058
0.000161227
0.000149062
0.000133298
0.000114923
9.61E-05
8.14E-05
7.44E-05
7.38E-05
7.68E-05
8.23E-05
9.07E-05
0.00010276
0.000118505
0.000134046
0.000143744
0.000146049
0.000143989
0.000141348
0.000140543
0.000141624
0.000143144
0.000145317
0.000150252
0.000158288
0.000165977
0.000167487
0.000158636
0.000141219
0.000122161
0.000105999
9.07E-05
7.27E-05
5.28E-05
3.34E-05
1.63E-05
1.83E-06
-1.13E-05
-2.64E-05
-4.51E-05
-6.58E-05
-8.52E-05
-0.000100478
-0.000110411
-0.000115284
-0.000116202
-0.000112153
-0.000100896
-8.33E-05
-6.34E-05
-4.41E-05
-2.55E-05
-7.20E-06
1.02E-05
2.33E-05
2.72E-05
2.15E-05
1.27E-05
8.08E-06
9.27E-06
1.33E-05
1.72E-05
2.10E-05
2.68E-05
3.52E-05
4.34E-05
4.79E-05
4.70E-05
4.32E-05
4.08E-05
4.18E-05
4.19E-05
3.55E-05
2.25E-05
8.45E-06
-6.33E-07
-6.41E-07
9.05E-06
2.44E-05
3.92E-05
4.92E-05
5.45E-05
5.81E-05
6.28E-05
6.80E-05
7.27E-05
7.77E-05
8.38E-05
8.94E-05
9.16E-05
8.79E-05
7.95E-05
7.16E-05
6.88E-05
6.82E-05
6.08E-05
4.14E-05
1.33E-05
-1.56E-05
-3.91E-05
-5.54E-05
-6.58E-05
-7.23E-05
-7.67E-05
-8.05E-05
-8.44E-05
-8.91E-05
-9.77E-05
-0.00011321
-0.000134818
-0.000157934
-0.000179011
-0.000196652
-0.000211264
-0.000224693
-0.000237949
-0.000247707
-0.000246759
-0.000231422
-0.000205837
-0.000176917
-0.00014914
-0.000124707
-0.000104434
-8.78E-05
-7.32E-05
-5.80E-05
-3.98E-05
-1.86E-05
2.41E-06
2.03E-05
3.60E-05
5.34E-05
7.37E-05
9.27E-05
0.000105071
0.00010912
0.000107418
0.000104063
0.00010169
9.89E-05
9.15E-05
7.72E-05
5.96E-05
4.40E-05
3.39E-05
2.92E-05
2.74E-05
2.65E-05
2.62E-05
2.93E-05
3.82E-05
5.12E-05
6.29E-05
6.92E-05
7.20E-05
7.72E-05
8.98E-05
0.000110731
0.000136479
0.000161146
0.000180776
0.000196898
0.000213796
0.000232406
0.000249446
0.00026207
0.000269351
0.000270871
0.000269006
0.000268924
0.000274156
0.000284853
0.00029864
3.12E-04
0.000320963
0.000325939
0.000327276
0.000326552
0.000325013
0.000320873
0.000311074
0.000295687
0.000276711
0.000254716
0.000230651
0.000207341
0.000187742
0.000174629
0.000169511
0.000169807
0.000170674
0.000169675
0.000167137
0.000163354
0.000158103
0.000151434
0.000143695
0.000135456
0.000127054
0.000118561
0.000109985
0.000101624
9.38E-05
8.62E-05
7.79E-05
6.85E-05
5.71E-05
4.28E-05
2.71E-05
1.34E-05
3.95E-06
-1.44E-06
-4.03E-06
-6.05E-06
-9.05E-06
-1.20E-05
-1.25E-05
-9.15E-06
-2.12E-06
6.66E-06
1.31E-05
1.54E-05
1.71E-05
2.20E-05
2.82E-05
3.17E-05
3.16E-05
3.01E-05
3.09E-05
3.50E-05
4.05E-05
4.61E-05
5.08E-05
5.23E-05
4.83E-05
3.93E-05
2.69E-05
1.15E-05
-5.07E-06
-1.99E-05
-3.35E-05
-4.84E-05
-6.42E-05
-7.78E-05
-8.58E-05
-8.65E-05
-8.21E-05
-7.88E-05
-8.09E-05
-8.73E-05
-9.35E-05
-9.60E-05
-9.39E-05
-8.95E-05
-8.63E-05
-8.45E-05
-8.03E-05
-7.01E-05
-5.39E-05
-3.57E-05
-2.11E-05
-1.22E-05
-4.88E-06
6.16E-06
2.06E-05
3.29E-05
3.88E-05
4.02E-05
4.36E-05
5.27E-05
6.45E-05
7.33E-05
7.61E-05
7.25E-05
6.42E-05
5.55E-05
4.85E-05
4.04E-05
2.80E-05
1.35E-05
2.45E-06
-1.24E-06
2.19E-06
8.11E-06
1.10E-05
9.58E-06
5.84E-06
9.19E-08
-8.65E-06
-1.83E-05
-2.51E-05
-2.85E-05
-3.26E-05
-4.18E-05
-5.72E-05
-7.58E-05
-9.30E-05
-0.000106412
-0.000118648
-0.000136115
-0.000162994
-0.000195002
-0.000223289
-0.000244396
-0.000262343
-0.00028137
-0.000300255
-0.000313653
-0.000316763
-0.000308625
-0.000292839
-0.000274963
-0.000258831
-0.000245451
-0.000233694
-0.00022165
-0.000209933
-0.000203468
-0.000207332
-0.000222087
-0.000242348
-0.000259244
-0.00026784
-0.000271326
-0.00027463
-0.000277576
-0.0002773
-0.000272558
-0.000264339
-0.000256007
-0.000251234
-0.000250347
-2.51E-04
-0.000252599
-2.58E-04
-2.65E-04
-0.000270912
-0.000269412
-0.000261855
-0.000252647
-0.000244376
-0.000236422
-0.000226581
-0.00021209
-0.000190594
-0.000162592
-0.000131552
-9.92E-05
-6.34E-05
-2.32E-05
1.88E-05
5.71E-05
8.63E-05
0.000103976
0.000112522
0.000117366
0.000121874
0.000125342
0.000124781
0.00011691
0.00010088
7.92E-05
5.57E-05
3.39E-05
1.61E-05
2.74E-06
-7.87E-06
-1.80E-05
-2.85E-05
-3.86E-05
-4.59E-05
-4.70E-05
-4.15E-05
-3.34E-05
-2.50E-05
-1.42E-05
2.80E-06
2.70E-05
5.61E-05
8.63E-05
0.000113995
0.000136246
0.000152745
0.000164697
0.000172039
0.00017463
0.000174141
0.00017147
0.000165138
0.0001538
0.0001388
0.000124311
0.000114124
0.000108159
0.000103367
9.75E-05
9.02E-05
8.17E-05
7.41E-05
7.01E-05
7.08E-05
7.54E-05
8.22E-05
8.92E-05
9.49E-05
9.98E-05
0.000104537
0.000108586
0.000110921
0.000112503
0.000115318
0.000119723
0.00012468
0.0001293
0.000133665
0.000139039
0.000145872
0.000152134
0.000155163
0.000154154
0.000150504
0.000147527
0.000148037
0.000150659
0.000150792
0.000144949
0.000132642
0.000115572
9.67E-05
7.89E-05
6.23E-05
4.46E-05
2.48E-05
5.32E-06
-1.00E-05
-1.87E-05
-2.25E-05
-2.52E-05
-2.81E-05
-2.82E-05
-2.34E-05
-1.28E-05
2.58E-06
1.97E-05
3.52E-05
4.86E-05
6.06E-05
6.94E-05
7.41E-05
7.64E-05
7.79E-05
7.74E-05
7.36E-05
6.72E-05
6.13E-05
5.87E-05
5.90E-05
5.92E-05
5.64E-05
4.96E-05
4.08E-05
3.50E-05
3.67E-05
4.40E-05
4.79E-05
4.08E-05
2.18E-05
-3.53E-06
-2.78E-05
-4.70E-05
-6.43E-05
-8.63E-05
-0.000114672
-0.000145355
-0.000172805
-0.000193607
-0.000208372
-0.000221801
-0.000238758
-0.000260192
-0.000283206
-0.000304232
-0.000321607
-0.000335679
-0.000347038
-0.000355338
-0.000359385
-0.000358671
-0.000354367
-0.000348462
-0.00034217
-0.000334787
-0.000326506
-0.000321794
-0.000324037
-0.000328492
-0.000326993
-0.000316744
-0.000299949
-0.000279482
-0.000258363
-0.000239733
-0.000224956
-0.000213871
-0.000207916
-0.000210454
-0.000222211
-0.000239311
-0.000257053
-0.000273286
-0.000287195
-0.000297615
-0.000304467
-0.000308637
-0.00030882
-0.000302018
-0.000289016
-0.000275953
-0.000267937
-0.000263715
-0.000259574
-0.000256086
-0.000257931
-0.00026824
-0.00028532
-0.000304133
-0.000320182
-0.000331551
-0.000338159
-0.000340136
-0.000336699
-0.000328112
-0.000318108
-0.000310409
-0.000304759
-0.000297987
-0.000286729
-0.000269567
-0.000248121
-0.000226187
-0.000207352
-0.000191015
-0.000171854
-0.000145055
-0.000111261
-7.61E-05
-4.54E-05
-2.03E-05
4.57E-06
3.45E-05
6.79E-05
9.79E-05
0.0001192
0.000130377
0.000132855
0.000129766
0.000124066
0.000118061
0.000112341
0.000104928
9.59E-05
9.05E-05
9.44E-05
0.000107592
0.000124755
0.000139654
0.000150055
0.000158132
0.000166586
0.000175754
0.000183535
0.000188084
0.000189492
0.000187769
0.000181998
0.00017324
0.000164787
0.000158424
0.000154326
0.000152899
0.000154225
0.000159253
0.000170165
0.00018697
0.000206753
0.000226139
0.000242761
0.000256609
0.000268969
2.79E-04
0.000286051
0.00029014
0.000294832
0.000302439
3.12E-04
3.22E-04
0.000328964
0.00033235
0.000333656
0.000333861
0.000330252
0.00031877
0.000299427
0.000276637
0.000254643
0.00023482
0.000217251
0.000202517
0.00019075
0.000180523
0.000171183
0.000164117
0.000160141
0.000158602
0.000159255
0.000161968
0.000165211
0.000167384
0.000169159
0.000172678
0.000179327
0.00018875
0.00019856
0.000205046
0.000207494
0.00021135
0.000221456
0.000235396
0.000247225
0.000252324
0.000249052
0.00024013
0.000230168
0.000220838
0.0002116
0.00020171
0.000189566
0.000174485
0.000159322
0.000148239
0.000142203
0.000138339
0.00013426
0.000130468
0.000127216
0.00012327
0.000118366
0.000113706
0.000109924
0.000105825
9.89E-05
8.81E-05
7.56E-05
6.49E-05
5.89E-05
5.98E-05
6.64E-05
7.46E-05
8.07E-05
8.42E-05
8.83E-05
9.75E-05
0.000113176
0.000130349
0.000141149
0.000142628
0.000138856
1.36E-04
1.34E-04
1.30E-04
1.20E-04
1.03E-04
8.31E-05
6.54E-05
5.51E-05
5.32E-05
5.48E-05
5.43E-05
5.09E-05
4.90E-05
5.23E-05
6.06E-05
7.05E-05
7.91E-05
8.57E-05
9.25E-05
0.000100998
0.000110624
0.000120333
0.000130316
0.00013875
0.000142371
0.000142147
0.000142964
0.000147533
0.000153958
0.000157956
0.000156386
0.000149014
0.000137563
0.000124298
0.000112317
0.000103905
9.79E-05
9.08E-05
8.04E-05
6.86E-05
6.15E-05
6.50E-05
7.71E-05
8.69E-05
8.54E-05
7.49E-05
6.46E-05
5.87E-05
5.47E-05
4.85E-05
3.84E-05
2.51E-05
1.12E-05
-2.27E-07
-7.89E-06
-1.32E-05
-1.89E-05
-2.72E-05
-3.78E-05
-4.80E-05
-5.57E-05
-6.03E-05
-6.21E-05
-6.39E-05
-6.82E-05
-7.47E-05
-8.19E-05
-8.79E-05
-9.07E-05
-8.87E-05
-8.41E-05
-8.06E-05
-7.88E-05
-7.61E-05
-7.02E-05
-6.13E-05
-5.10E-05
-4.29E-05
-4.08E-05
-4.35E-05
-4.52E-05
-4.13E-05
-3.33E-05
-2.68E-05
-2.54E-05
-2.86E-05
-3.42E-05
-4.08E-05
-4.84E-05
-5.86E-05
-7.16E-05
-8.48E-05
-9.62E-05
-0.000106626
-0.000116761
-0.00012397
-0.000125927
-0.000123173
-0.000117349
-0.000109895
-0.000102307
-9.56E-05
-8.99E-05
-8.54E-05
-8.34E-05
-8.55E-05
-9.23E-05
-1.03E-04
-0.000112917
-0.000121828
-0.000131005
-0.000141569
-0.000152775
-0.000163613
-0.000173259
-0.000180825
-0.000186626
-0.000191673
-0.000195354
-0.000196699
-0.000196688
-0.000196259
-0.000194046
-0.000188752
-0.000182011
-0.000176647
-0.000173383
-0.000170395
-0.000165091
-0.000155424
-0.000140719
-0.000122557
-0.000104242
-8.84E-05
-7.48E-05
-6.13E-05
-4.72E-05
-3.34E-05
-2.01E-05
-7.85E-06
2.26E-06
9.96E-06
1.73E-05
2.53E-05
3.14E-05
3.19E-05
2.69E-05
2.02E-05
1.51E-05
1.10E-05
3.60E-06
-1.10E-05
-3.10E-05
-4.86E-05
-5.69E-05
-5.72E-05
-5.68E-05
-6.02E-05
-6.48E-05
-6.58E-05
-6.16E-05
-5.43E-05
-4.84E-05
-4.80E-05
-5.07E-05
-4.88E-05
-3.89E-05
-2.46E-05
-1.27E-05
-8.53E-06
-1.26E-05
-2.00E-05
-2.52E-05
-2.86E-05
-3.51E-05
-4.64E-05
-5.91E-05
-6.87E-05
-7.25E-05
-6.99E-05
-6.36E-05
-5.81E-05
-5.57E-05
-5.66E-05
-5.82E-05
-5.72E-05
-5.20E-05
-4.36E-05
-3.31E-05
-2.24E-05
-1.39E-05
-7.86E-06
-1.16E-06
9.53E-06
2.40E-05
3.77E-05
4.49E-05
4.44E-05
4.14E-05
4.31E-05
5.24E-05
6.55E-05
7.47E-05
7.46E-05
6.69E-05
5.75E-05
4.94E-05
4.11E-05
2.89E-05
1.08E-05
-1.12E-05
-3.07E-05
-4.37E-05
-5.19E-05
-5.83E-05
-6.28E-05
-6.33E-05
-5.85E-05
-4.95E-05
-3.83E-05
-2.64E-05
-1.35E-05
9.09E-07
1.60E-05
2.95E-05
3.87E-05
4.29E-05
4.50E-05
4.94E-05
5.70E-05
6.39E-05
6.59E-05
6.22E-05
5.44E-05
4.43E-05
3.24E-05
1.76E-05
-1.11E-06
-2.20E-05
-4.28E-05
-6.26E-05
-8.06E-05
-9.67E-05
-1.12E-04
-1.25E-04
-1.35E-04
-1.40E-04
-1.39E-04
-1.36E-04
-1.33E-04
-1.30E-04
-1.24E-04
-1.11E-04
-9.47E-05
-7.93E-05
-6.62E-05
-5.34E-05
-4.01E-05
-2.71E-05
-1.59E-05
-8.02E-06
-5.15E-06
-8.07E-06
-1.63E-05
-2.84E-05
-4.17E-05
-5.35E-05
-6.13E-05
-6.35E-05
-5.96E-05
-5.01E-05
-3.69E-05
-2.36E-05
-1.28E-05
-2.06E-06
1.26E-05
3.04E-05
4.73E-05
6.19E-05
7.59E-05
9.13E-05
1.10E-04
1.31E-04
1.53E-04
1.71E-04
1.86E-04
2.03E-04
2.24E-04
2.50E-04
2.76E-04
2.99E-04
3.15E-04
3.24E-04
3.29E-04
3.35E-04
3.43E-04
3.54E-04
3.66E-04
3.78E-04
3.90E-04
3.97E-04
3.99E-04
3.97E-04
3.95E-04
3.89E-04
3.82E-04
3.74E-04
3.67E-04
3.60E-04
3.54E-04
3.44E-04
3.30E-04
3.12E-04
2.91E-04
2.64E-04
2.32E-04
1.99E-04
1.66E-04
1.34E-04
1.03E-04
7.17E-05
4.01E-05
8.74E-06
-2.18E-05
-5.14E-05
-8.04E-05
-1.10E-04
-1.42E-04
-1.77E-04
-2.10E-04
-2.39E-04
-2.61E-04
-2.76E-04
-2.89E-04
-3.04E-04
-3.18E-04
-3.30E-04
-3.38E-04
-3.46E-04
-3.56E-04
-3.66E-04
-3.77E-04
-3.89E-04
-3.99E-04
-4.08E-04
-4.14E-04
-4.19E-04
-4.23E-04
-4.28E-04
-4.30E-04
-4.28E-04
-4.20E-04
-4.04E-04
-3.83E-04
-3.60E-04
-3.40E-04
-3.26E-04
-3.16E-04
-3.05E-04
-2.92E-04
-2.79E-04
-2.72E-04
-2.71E-04
-2.70E-04
-2.61E-04
-2.43E-04
-2.20E-04
-2.02E-04
-1.93E-04
-1.88E-04
-1.81E-04
-1.70E-04
-1.54E-04
-1.39E-04
-1.26E-04
-1.16E-04
-1.04E-04
-9.07E-05
-7.64E-05
-6.13E-05
-4.81E-05
-3.68E-05
-2.71E-05
-1.85E-05
-9.26E-06
3.49E-06
2.06E-05
4.05E-05
6.17E-05
8.23E-05
9.96E-05
1.13E-04
1.25E-04
1.42E-04
1.60E-04
1.71E-04
1.71E-04
1.62E-04
1.53E-04
1.51E-04
1.55E-04
1.60E-04
1.60E-04
1.56E-04
1.49E-04
1.48E-04
1.54E-04
1.62E-04
1.64E-04
1.58E-04
1.47E-04
1.39E-04
1.38E-04
1.44E-04
1.52E-04
1.57E-04
1.59E-04
1.58E-04
1.57E-04
1.55E-04
1.49E-04
1.41E-04
1.34E-04
1.29E-04
1.26E-04
1.24E-04
1.22E-04
1.20E-04
1.19E-04
1.15E-04
1.09E-04
1.01E-04
9.53E-05
9.46E-05
1.01E-04
1.12E-04
1.24E-04
1.33E-04
1.42E-04
1.56E-04
1.74E-04
1.94E-04
2.13E-04
2.26E-04
2.33E-04
2.34E-04
2.33E-04
2.30E-04
2.27E-04
2.20E-04
2.07E-04
1.91E-04
1.79E-04
1.73E-04
1.68E-04
1.60E-04
0.000146763
0.000132143
0.000119844
0.000111106
0.000103947
9.53E-05
8.20E-05
6.29E-05
4.07E-05
2.02E-05
3.44E-06
-1.12E-05
-2.45E-05
-3.63E-05
-4.82E-05
-6.16E-05
-7.46E-05
-8.42E-05
-9.02E-05
-9.39E-05
-9.66E-05
-9.80E-05
-9.65E-05
-9.00E-05
-7.86E-05
-6.40E-05
-4.94E-05
-3.76E-05
-2.97E-05
-2.51E-05
-2.23E-05
-1.95E-05
-1.59E-05
-1.27E-05
-1.15E-05
-1.25E-05
-1.43E-05
-1.51E-05
-1.43E-05
-1.13E-05
-6.41E-06
-1.22E-06
2.66E-06
3.83E-06
4.83E-07
-7.88E-06
-1.95E-05
-3.22E-05
-4.35E-05
-5.11E-05
-5.49E-05
-5.74E-05
-6.02E-05
-6.31E-05
-6.51E-05
-6.48E-05
-6.26E-05
-5.98E-05
-5.71E-05
-5.36E-05
-4.90E-05
-4.36E-05
-3.73E-05
-3.02E-05
-2.37E-05
-1.93E-05
-1.71E-05
-1.66E-05
-1.65E-05
-1.58E-05
-1.62E-05
-2.04E-05
-2.72E-05
-3.27E-05
-3.64E-05
-4.27E-05
-5.47E-05
-7.01E-05
-8.36E-05
-9.19E-05
-9.58E-05
-9.88E-05
-0.000105024
-0.000116395
-0.000130433
-0.000142118
-0.000149417
-0.000155849
-0.000165633
-0.000177941
-0.000188525
-0.000193719
-0.000191523
-0.000183469
-0.000174869
-0.000168756
-0.000162644
-0.000153945
-0.000143723
-0.000134203
-0.000126585
-0.000121215
-0.000117623
-0.000115057
-0.000113731
-0.000114769
-0.000118257
-0.000122595
-0.000125296
-0.000123982
-0.000118423
-0.000111338
-0.000104752
-9.78E-05
-8.96E-05
-8.08E-05
-7.24E-05
-6.44E-05
-5.55E-05
-4.40E-05
-2.96E-05
-1.64E-05
-8.45E-06
-6.05E-06
-7.17E-06
-9.89E-06
-1.18E-05
-1.09E-05
-7.16E-06
-6.37E-07
9.06E-06
2.16E-05
3.56E-05
4.86E-05
5.77E-05
6.38E-05
7.04E-05
7.81E-05
8.33E-05
8.16E-05
7.12E-05
5.54E-05
4.12E-05
3.30E-05
2.91E-05
2.44E-05
1.71E-05
9.25E-06
5.41E-06
9.16E-06
1.93E-05
3.04E-05
3.78E-05
4.11E-05
4.16E-05
4.07E-05
3.93E-05
3.82E-05
3.77E-05
3.66E-05
3.38E-05
3.00E-05
2.73E-05
2.74E-05
2.97E-05
3.19E-05
3.17E-05
2.86E-05
2.39E-05
2.03E-05
1.86E-05
1.85E-05
1.83E-05
1.61E-05
1.19E-05
8.76E-06
9.50E-06
1.39E-05
1.92E-05
2.19E-05
2.01E-05
1.42E-05
6.87E-06
1.36E-06
-1.46E-06
-3.37E-06
-5.86E-06
-9.06E-06
-1.21E-05
-1.26E-05
-8.34E-06
-6.21E-07
6.56E-06
1.07E-05
1.28E-05
1.54E-05
1.98E-05
2.60E-05
3.34E-05
4.14E-05
4.90E-05
5.60E-05
6.29E-05
7.05E-05
7.77E-05
8.34E-05
8.75E-05
8.92E-05
8.76E-05
8.41E-05
8.14E-05
8.08E-05
8.12E-05
8.08E-05
7.93E-05
7.71E-05
7.54E-05
7.56E-05
7.84E-05
8.27E-05
8.56E-05
8.55E-05
8.29E-05
7.92E-05
7.60E-05
7.48E-05
7.53E-05
7.57E-05
7.55E-05
7.58E-05
7.69E-05
7.75E-05
7.78E-05
7.73E-05
7.39E-05
6.77E-05
6.16E-05
5.76E-05
5.44E-05
4.94E-05
4.10E-05
2.96E-05
1.75E-05
7.73E-06
1.75E-06
-8.46E-07
-2.43E-06
-6.45E-06
-1.42E-05
-2.36E-05
-3.19E-05
-3.79E-05
-4.17E-05
-4.51E-05
-5.07E-05
-5.85E-05
-6.52E-05
-6.91E-05
-7.19E-05
-7.50E-05
-7.65E-05
-7.52E-05
-7.14E-05
-6.66E-05
-6.25E-05
-5.97E-05
-5.70E-05
-5.35E-05
-5.05E-05
-5.02E-05
-5.37E-05
-6.01E-05
-6.70E-05
-7.27E-05
-7.67E-05
-7.94E-05
-8.13E-05
-8.31E-05
-8.52E-05
-8.66E-05
-8.64E-05
-8.50E-05
-8.29E-05
-7.97E-05
-7.55E-05
-7.12E-05
-6.79E-05
-6.70E-05
-6.82E-05
-6.87E-05
-6.60E-05
-6.05E-05
-5.42E-05
-4.81E-05
-4.18E-05
-3.38E-05
-2.28E-05
-1.10E-05
-2.27E-06
1.08E-06
1.48E-07
-1.93E-06
-1.86E-06
1.13E-06
4.33E-06
5.47E-06
5.76E-06
7.57E-06
1.19E-05
1.77E-05
2.24E-05
2.27E-05
1.78E-05
1.07E-05
4.53E-06
6.08E-07
-1.75E-06
-3.49E-06
-4.73E-06
-4.72E-06
-3.41E-06
-2.07E-06
-1.67E-06
-2.05E-06
-2.76E-06
-3.70E-06
-5.60E-06
-9.39E-06
-1.51E-05
-2.14E-05
-2.69E-05
-3.10E-05
-3.47E-05
-3.94E-05
-4.61E-05
-5.34E-05
-5.78E-05
-5.75E-05
-5.45E-05
-5.22E-05
-5.12E-05
-4.95E-05
-4.46E-05
-3.59E-05
-2.56E-05
-1.71E-05
-1.18E-05
-9.00E-06
-5.96E-06
-7.40E-07
5.75E-06
1.11E-05
1.43E-05
1.67E-05
1.92E-05
2.16E-05
2.31E-05
2.30E-05
2.15E-05
1.93E-05
1.66E-05
1.24E-05
5.69E-06
-2.16E-06
-9.32E-06
-1.51E-05
-2.04E-05
-2.69E-05
-3.55E-05
-4.44E-05
-5.07E-05
-5.34E-05
-5.35E-05
-5.25E-05
-5.19E-05
-5.20E-05
-5.14E-05
-4.86E-05
-4.41E-05
-4.03E-05
-3.81E-05
-3.67E-05
-3.47E-05
-3.15E-05
-2.70E-05
-2.15E-05
-1.54E-05
-8.76E-06
-8.40E-07
9.24E-06
2.06E-05
3.09E-05
3.86E-05
4.32E-05
4.52E-05
4.62E-05
4.83E-05
5.21E-05
5.70E-05
6.15E-05
6.51E-05
6.81E-05
7.10E-05
7.43E-05
7.81E-05
8.25E-05
8.63E-05
8.81E-05
8.75E-05
8.68E-05
8.83E-05
9.24E-05
9.73E-05
0.000100743
0.000101085
9.83E-05
9.41E-05
9.05E-05
8.79E-05
8.55E-05
8.25E-05
7.93E-05
7.65E-05
7.43E-05
7.21E-05
6.94E-05
6.61E-05
6.24E-05
5.82E-05
5.36E-05
4.95E-05
4.69E-05
4.58E-05
4.51E-05
4.33E-05
4.04E-05
3.68E-05
3.36E-05
3.16E-05
3.12E-05
3.14E-05
3.08E-05
2.92E-05
2.81E-05
2.89E-05
3.17E-05
3.57E-05
3.91E-05
4.07E-05
4.09E-05
4.07E-05
4.06E-05
3.99E-05
3.74E-05
3.24E-05
2.58E-05
1.95E-05
1.44E-05
1.00E-05
5.70E-06
1.15E-06
-3.70E-06
-9.10E-06
-1.57E-05
-2.33E-05
-2.96E-05
-3.24E-05
-3.24E-05
-3.26E-05
-3.47E-05
-3.84E-05
-4.19E-05
-4.41E-05
-4.54E-05
-4.67E-05
-4.90E-05
-5.23E-05
-5.58E-05
-5.81E-05
-5.80E-05
-5.64E-05
-5.51E-05
-5.50E-05
-5.51E-05
-5.39E-05
-5.08E-05
-4.64E-05
-4.22E-05
-3.92E-05
-3.68E-05
-3.42E-05
-3.15E-05
-2.89E-05
-2.64E-05
-2.41E-05
-2.19E-05
-1.90E-05
-1.51E-05
-1.10E-05
-7.29E-06
-3.47E-06
8.14E-07
4.82E-06
7.63E-06
9.22E-06
1.06E-05
1.28E-05
1.60E-05
1.92E-05
2.16E-05
2.30E-05
2.38E-05
2.41E-05
2.43E-05
2.44E-05
2.46E-05
2.48E-05
2.51E-05
2.56E-05
2.71E-05
2.99E-05
3.29E-05
3.46E-05
3.50E-05
3.54E-05
3.64E-05
3.76E-05
3.82E-05
3.72E-05
3.53E-05
3.36E-05
3.24E-05
3.09E-05
2.87E-05
2.62E-05
2.42E-05
2.25E-05
2.02E-05
1.66E-05
1.21E-05
7.30E-06
2.69E-06
-1.24E-06
-4.46E-06
-7.63E-06
-1.13E-05
-1.52E-05
-1.81E-05
-1.97E-05
-2.06E-05
-2.15E-05
-2.27E-05
-2.33E-05
-2.31E-05
-2.21E-05
-2.08E-05
-1.97E-05
-1.92E-05
-1.93E-05
-1.96E-05
-1.98E-05
-1.98E-05
-1.98E-05
-1.97E-05
-1.88E-05
-1.71E-05
-1.56E-05
-1.49E-05
-1.51E-05
-1.54E-05
-1.50E-05
-1.40E-05
-1.28E-05
-1.17E-05
-1.02E-05
-8.00E-06
-5.25E-06
-2.62E-06
-9.46E-07
-5.45E-07
-1.22E-06
-2.57E-06
-4.00E-06
-5.18E-06
-6.46E-06
-8.23E-06
-1.03E-05
-1.22E-05
-1.34E-05
-1.40E-05
-1.43E-05
-1.48E-05
-1.55E-05
-1.62E-05
-1.65E-05
-1.68E-05
-1.70E-05
-1.73E-05
-1.74E-05
-1.70E-05
-1.62E-05
-1.53E-05
-1.45E-05
-1.38E-05
-1.29E-05
-1.21E-05
-1.12E-05
-1.04E-05
-9.69E-06
-9.17E-06
-8.78E-06
-8.55E-06
-8.35E-06
-8.01E-06
-7.63E-06
-7.50E-06
-7.73E-06
-8.18E-06
-8.64E-06
-9.08E-06
-9.66E-06
-1.05E-05
-1.16E-05
-1.27E-05
-1.36E-05
-1.41E-05
-1.44E-05
-1.48E-05
-1.54E-05
-1.61E-05
-1.67E-05
-1.68E-05
-1.66E-05
-1.63E-05
-1.66E-05
-1.77E-05
-1.91E-05
-2.00E-05
-2.02E-05
-1.99E-05
-1.93E-05
-1.88E-05
-1.85E-05
-1.81E-05
-1.75E-05
-1.66E-05
-1.58E-05
-1.53E-05
-1.51E-05
-1.50E-05
-1.47E-05
-1.42E-05
-1.36E-05
-1.31E-05
-1.26E-05
-1.20E-05
-1.12E-05
-1.02E-05
-9.35E-06
-8.58E-06
-7.74E-06
-6.81E-06
-5.90E-06
-5.15E-06
-4.58E-06
-4.11E-06
-3.65E-06
-3.12E-06
-2.56E-06
-2.01E-06
-1.48E-06
-8.81E-07
-1.54E-07
5.17E-07
9.04E-07
1.04E-06
1.14E-06
1.35E-06
1.65E-06
2.02E-06
2.50E-06
3.07E-06
3.69E-06
4.39E-06
5.15E-06
5.89E-06
6.53E-06
7.09E-06
7.61E-06
8.16E-06
8.73E-06
9.19E-06
9.46E-06
9.62E-06
9.82E-06
1.02E-05
1.06E-05
1.09E-05
1.10E-05
1.11E-05
1.11E-05
1.13E-05
1.14E-05
1.13E-05
1.08E-05
1.03E-05
1.01E-05
1.01E-05
1.02E-05
1.03E-05
1.01E-05
9.82E-06
9.52E-06
9.32E-06
9.19E-06
9.02E-06
8.72E-06
8.31E-06
7.88E-06
7.53E-06
7.27E-06
7.02E-06
6.72E-06
6.39E-06
6.10E-06
5.92E-06
5.83E-06
5.78E-06
5.71E-06
5.60E-06
5.49E-06
5.38E-06
5.28E-06
5.23E-06
5.25E-06
5.35E-06
5.48E-06
5.61E-06
5.69E-06
5.75E-06
5.82E-06
5.89E-06
5.96E-06
6.00E-06
5.97E-06
5.89E-06
5.81E-06
5.75E-06
5.71E-06
5.68E-06
5.63E-06
5.57E-06
5.50E-06
5.43E-06
5.36E-06
5.26E-06
5.13E-06
4.98E-06
4.86E-06
4.76E-06
4.69E-06
4.62E-06
4.55E-06
4.47E-06
4.39E-06
4.29E-06
4.19E-06
4.09E-06
3.98E-06
3.87E-06
3.76E-06
3.63E-06
3.49E-06
3.33E-06
3.16E-06
3.00E-06
2.84E-06
2.67E-06
2.50E-06
2.32E-06
2.13E-06
1.93E-06
1.72E-06
1.51E-06
1.29E-06
1.07E-06
8.39E-07
6.06E-07
3.75E-07
1.43E-07
-8.93E-08
-3.23E-07
-5.57E-07
-7.89E-07
-1.02E-06
-1.24E-06
-1.46E-06
-1.68E-06
-1.88E-06
-2.09E-06
-2.28E-06
-2.47E-06
