-0.000146331
-0.000146167
-0.000145948
-0.000145664
-0.000145329
-0.000144998
-0.000144722
-0.000144491
-0.000144185
-0.000143806
-0.000143535
-0.000143434
-0.000143148
-0.00014225
-0.000140789
-0.000139387
-0.0001386
-0.000138371
-0.00013847
-0.000138612
-0.000138698
-0.000139064
-0.000139011
-0.000137523
-0.000134992
-0.000132863
-0.000131408
-0.000130379
-0.000129987
-0.000132025
-0.000137601
-0.000144838
-0.000149521
-0.00014756
-0.000140179
-0.000131692
-0.00012656
-0.000125517
-0.000126921
-0.000128054
-0.000126195
-0.000121356
-0.000114104
-0.000106283
-0.000102758
-0.000105683
-0.000111956
-0.000115848
-0.000115245
-0.000111155
-0.000108879
-0.000113369
-0.0001238
-0.000136342
-0.000144343
-0.000140883
-0.000126713
-0.000109072
-9.74E-05
-9.59E-05
-0.000104469
-0.000116664
-0.000125172
-0.000126853
-0.000119902
-0.00010774
-9.91E-05
-0.000100894
-0.000110335
-0.000117206
-0.000115635
-0.00010641
-9.11E-05
-7.34E-05
-6.28E-05
-6.54E-05
-7.86E-05
-9.13E-05
-9.74E-05
-9.70E-05
-9.67E-05
-0.000103761
-0.000116226
-0.000124418
-0.000122461
-0.000111546
-0.000100214
-9.91E-05
-0.000106472
-0.000116513
-0.000128658
-0.000145919
-0.000166689
-0.000184409
-0.000195708
-0.000197764
-0.000191341
-0.000180295
-0.000167594
-0.000158369
-0.000156655
-0.000163674
-0.000178218
-0.000195478
-0.000208447
-0.000210449
-0.000196451
-0.000173824
-0.000151132
-0.000133614
-0.000125847
-0.000130962
-0.000145715
-0.000160133
-0.000165534
-0.000159596
-0.000144154
-0.00012603
-0.000108535
-8.95E-05
-6.62E-05
-4.26E-05
-2.65E-05
-2.22E-05
-2.62E-05
-3.32E-05
-3.84E-05
-3.86E-05
-3.67E-05
-3.65E-05
-4.06E-05
-4.93E-05
-6.03E-05
-6.77E-05
-6.49E-05
-5.50E-05
-4.62E-05
-4.43E-05
-5.04E-05
-6.14E-05
-7.11E-05
-7.56E-05
-7.49E-05
-7.02E-05
-6.03E-05
-4.55E-05
-3.13E-05
-2.50E-05
-2.67E-05
-3.11E-05
-2.60E-05
-2.37E-06
3.52E-05
7.73E-05
0.000110883
0.000131318
0.000140039
0.000134646
0.000120301
0.000105328
8.96E-05
6.97E-05
4.35E-05
1.41E-05
-1.18E-05
-3.44E-05
-5.24E-05
-6.19E-05
-6.04E-05
-5.31E-05
-4.60E-05
-4.61E-05
-5.62E-05
-7.47E-05
-9.81E-05
-0.000117212
-0.000120999
-0.000106033
-8.05E-05
-5.34E-05
-2.86E-05
-1.09E-05
-2.05E-06
4.16E-07
-4.49E-06
-1.57E-05
-2.91E-05
-3.90E-05
-4.70E-05
-4.86E-05
-3.24E-05
1.31E-06
4.15E-05
7.40E-05
9.39E-05
0.000105893
0.000108373
9.94E-05
8.65E-05
8.16E-05
8.66E-05
9.97E-05
0.000117321
0.000128303
0.000121765
9.81E-05
6.04E-05
9.65E-06
-4.71E-05
-9.67E-05
-0.000127198
-0.000139371
-0.000141936
-0.000143518
-0.00014665
-0.000150249
-0.000152982
-0.000156752
-0.000162386
-0.000167161
-0.000166554
-0.000160101
-0.00015152
-0.000142918
-0.0001337
-0.00012213
-0.000104898
-7.74E-05
-4.24E-05
1.15E-06
5.34E-05
0.000104733
0.000152796
0.00020049
0.000251028
0.000304046
0.000354541
0.000397139
0.000430361
0.000451935
0.000461966
0.000459358
0.000444366
0.000419275
0.000384448
0.000340113
0.000292177
0.000250394
0.000214543
0.000181839
0.000147145
0.000109558
7.09E-05
2.94E-05
-1.34E-05
-5.18E-05
-8.26E-05
-0.000108989
-0.000130708
-0.000147659
-0.000160372
-0.000166517
-0.000161221
-0.000142442
-0.000112285
-7.16E-05
-1.72E-05
5.48E-05
0.000144958
0.00024846
0.000363079
0.000478499
0.000578872
0.000661096
0.000727995
0.000779866
0.000819771
0.000845356
0.000850912
0.000834265
0.000792302
0.000728304
0.000650662
0.000569764
0.000487227
0.000402855
0.000316805
0.000229614
0.000141281
5.37E-05
-2.63E-05
-9.23E-05
-0.000141763
-0.000172429
-0.000182358
-0.000173616
-0.000151797
-0.000124497
-9.68E-05
-7.28E-05
-5.51E-05
-3.88E-05
-1.54E-05
2.46E-05
8.39E-05
0.00015742
0.000237
0.00032109
0.00041053
0.000502423
0.000592284
0.000683343
0.000777229
0.000870627
0.000956473
0.001032871
0.001107357
0.001186488
0.001266955
0.001337022
0.001382563
0.001403909
0.001410428
0.00140096
0.001369357
0.001310194
0.001222827
0.001109448
0.000969484
0.000805025
0.000617361
0.000414018
0.000208921
1.16E-05
-0.000173932
-0.000344856
-0.000494458
-0.000618691
-0.000715394
-0.000773929
-0.000785777
-0.000739873
-0.000636205
-0.00049144
-0.000322402
-0.000135232
7.42E-05
0.000308381
0.000566835
0.000846355
0.001139572
0.001437449
0.001730002
0.002002818
0.002238922
0.002426511
0.002563631
0.002649133
0.002681949
0.002660979
0.002585621
0.002454922
0.002276169
0.002066074
0.001829132
0.001564029
0.001279812
0.000983645
0.000679093
0.000377682
8.51E-05
-0.000201331
-0.000479815
-0.000738582
-0.000967507
-0.001168929
-0.001345975
-0.001488824
-0.001588068
-0.001646126
-0.001672371
-0.001679818
-0.001674396
-0.001657913
-0.001628881
-0.00158368
-0.001510483
-0.00140351
-0.001266769
-0.001104592
-0.000926586
-0.000737565
-0.000542108
-0.000351209
-0.000166631
1.33E-05
0.000186082
0.000343432
0.000479415
0.000587122
0.000658838
0.000687274
0.000672861
0.00061509
0.000504482
0.000338299
0.000123234
-0.000133849
-0.000429143
-0.000754109
-0.00109044
-0.001416981
-0.001722993
-0.002011031
-0.002283113
-0.002531683
-0.002743455
-0.002904067
-0.002997183
-0.003017306
-0.002969442
-0.002860725
-0.002701009
-0.002501238
-0.002267509
-0.002001613
-0.001711825
-0.001405908
-0.001094116
-0.00078669
-0.000490825
-0.000212594
4.35E-05
0.000283417
0.000513998
0.000739716
0.000965886
0.001191879
0.001413867
0.001626355
0.001824922
0.001998099
0.002134626
0.002230196
0.002289257
0.002313771
0.002297243
0.002229482
0.002098866
0.001908316
0.001662608
0.001369024
0.00104347
0.000701374
0.000353185
9.78E-06
-0.000322947
-0.000645479
-0.000952554
-0.001225712
-0.001447012
-0.001608729
-0.001703077
-0.001727665
-0.001684404
-0.001566529
-0.0013749
-0.001123413
-0.000828134
-0.000496795
-0.00013661
0.000241509
0.000627373
0.00100696
0.001368784
0.001708806
0.002014719
0.002273822
0.002479933
0.002636894
0.002751855
0.002821532
0.002839747
0.00280271
0.002710737
0.002564405
0.002370579
0.002136236
0.001857063
0.001537649
0.001197193
0.000850925
0.00050627
0.000175488
-0.000131191
-0.000414061
-0.000672189
-0.000896356
-0.001075531
-0.00120567
-0.00128488
-0.001308796
-0.001278581
-0.001202927
-0.001095686
-0.000966487
-0.000820751
-0.000664263
-0.000508392
-0.00036274
-0.000229938
-0.000108566
4.15E-06
0.000109217
0.000201143
0.000268173
0.000295607
0.000279909
0.000233057
0.000172354
0.000116957
7.77E-05
4.92E-05
1.95E-05
-2.32E-05
-9.06E-05
-0.000193334
-0.000332914
-0.000502961
-0.000696926
-0.000914949
-0.001157794
-0.001418731
-0.001680471
-0.00192547
-0.002138094
-0.00230482
-0.002428195
-0.002522609
-0.002600678
-0.002675268
-0.002755809
-0.00284137
-0.00293005
-0.003021248
-0.003107123
-0.003181749
-0.0032379
-0.003265624
-0.003258817
-0.003215146
-0.00313385
-0.003010501
-0.002845409
-0.002647806
-0.002425617
-0.002186854
-0.001941523
-0.001701357
-0.00147312
-0.00126364
-0.001078878
-0.000927837
-0.000818151
-0.000751567
-0.000727765
-0.00074682
-0.000808998
-0.000907612
-0.001027934
-0.001153491
-0.001274448
-0.001390325
-0.001505566
-0.001618988
-0.001726022
-0.001822222
-0.001903681
-0.001966087
-0.002006243
-0.002020381
-0.002010236
-0.001982503
-0.001943046
-0.001896994
-0.001846376
-0.001789847
-0.001727308
-0.001663375
-0.001608649
-0.001570195
-0.001549094
-0.001536217
-0.001518876
-0.001486902
-0.00143533
-0.00136078
-0.001256613
-0.001118092
-0.000945901
-0.000748571
-0.000532648
-0.000305745
-7.68E-05
0.00015463
0.000390333
0.000627737
0.00086961
0.001116995
0.001360391
0.001590125
0.001794791
0.001967188
0.0020959
0.002164903
0.002161612
0.002081502
0.001932178
0.00172522
0.001475213
0.001199128
0.000912234
0.000630938
0.000367273
0.000127676
-8.95E-05
-0.0002934
-0.000493369
-0.000693016
-0.000887235
-0.00106577
-0.001214626
-0.001319424
-0.001369814
-0.001358701
-0.001281436
-0.00113633
-0.000933495
-0.000688103
-0.000416887
-0.000133719
0.000158135
0.000459071
0.000769952
0.001089626
0.001408321
0.001712134
0.001989576
0.002235308
0.002446998
0.00261324
0.002722417
0.002767413
0.002748902
0.002668603
0.002529707
0.002345823
0.002139302
0.001926215
0.001709916
0.001490527
0.001270671
0.001056058
0.000855132
0.000673356
0.000513534
0.000369175
0.000231888
9.72E-05
-3.81E-05
-0.000174346
-0.000308742
-0.000437162
-0.000550963
-0.000641426
-0.000703084
-0.000731566
-0.000724874
-0.000684758
-0.000615535
-0.000527973
-0.000431009
-0.000330522
-0.000233327
-0.000144383
-6.70E-05
-7.37E-06
2.98E-05
3.75E-05
1.54E-05
-3.27E-05
-0.000105169
-0.000197896
-0.000304125
-0.000417973
-0.000538186
-0.000667042
-0.000806291
-0.000957146
-0.001117286
-0.001284086
-0.001452766
-0.001623454
-0.001796896
-0.00197559
-0.002158149
-0.002334814
-0.002494866
-0.002622237
-0.002701855
-0.002723079
-0.002678639
-0.002562338
-0.002371528
-0.002114465
-0.001803874
-0.001456941
-0.001089532
-0.000712202
-0.000333862
4.12E-05
0.000411998
0.000778533
0.001137522
0.001478635
0.001788935
0.002057715
0.002283705
0.002469304
0.002627056
0.002773319
0.002914731
0.003050993
0.003185531
0.003323198
0.003458106
0.003578731
0.003682081
0.00377413
0.003859666
0.003939817
0.004011572
0.004068427
0.00410021
0.004099955
0.004060211
0.003984773
0.00388482
0.003770528
0.003652119
0.003536085
0.003421481
0.003307729
0.003192303
0.003070527
0.002942576
0.002814075
0.002690546
0.002577649
0.002484338
0.002416949
0.002378793
0.002369801
0.002383929
0.002409426
0.00242863
0.002419076
0.002360712
0.002242541
0.002069969
0.001860642
0.001629353
0.001383614
0.001124496
0.000852637
0.000575293
0.000310676
7.34E-05
-0.000133826
-0.000314781
-0.000473211
-0.000606121
-0.000705785
-0.000768877
-0.000802903
-0.000814943
-0.000805366
-0.000773974
-0.0007276
-0.000676327
-0.000625616
-0.000578553
-0.000535923
-0.000496445
-0.000460561
-0.000431567
-0.000415194
-0.000415264
-0.000440044
-0.000492408
-0.000566849
-0.000659904
-0.000767815
-0.000885918
-0.001005475
-0.001114938
-0.001207549
-0.001281953
-0.001332616
-0.001348536
-0.001320651
-0.00124484
-0.001123199
-0.000962172
-0.000774619
-0.000577851
-0.000385367
-0.000192863
9.06E-06
0.000220058
0.000440649
0.000669416
0.000896257
0.001110154
0.001297569
0.00144706
0.001550613
0.001606381
0.001607827
0.001549124
0.001436403
0.001277623
0.001078438
0.000845038
0.000587882
0.000322171
5.88E-05
-0.000200998
-0.000465176
-0.000731413
-0.000990672
-0.001227728
-0.001428009
-0.001577259
-0.001660936
-0.00166879
-0.001596657
-0.001449972
-0.001240246
-0.000982966
-0.000692994
-0.000382363
-5.82E-05
0.000276783
0.000620509
0.000967639
0.00131288
0.001656097
0.001993567
0.002313694
0.002608271
0.002876397
0.003120217
0.003348531
0.00356053
0.003751786
0.00392034
0.004060625
0.004165101
0.004229869
0.004256525
0.004242972
0.004179461
0.004063098
0.0038927
0.003667944
0.003399799
0.003107481
0.00280389
0.002487982
0.002158078
0.001821143
0.001489091
0.00118055
0.000909118
0.000686699
0.00053027
0.000455524
0.000471723
0.000575922
0.000762128
0.00101682
0.00131583
0.001628419
0.001925721
0.002186774
0.002401525
0.002558111
0.002637579
0.002622697
0.002500271
0.002265524
0.001926445
0.001498765
0.001000791
0.000444368
-0.000158533
-0.000799223
-0.001475054
-0.002176214
-0.002884145
-0.003575657
-0.00423113
-0.004825242
-0.005335448
-0.005746121
-0.006050676
-0.006250938
-0.006360015
-0.006397352
-0.006374749
-0.006299005
-0.00618107
-0.006028947
-0.00585721
-0.005680752
-0.005505259
-0.005330425
-0.005154853
-0.004983943
-0.004819814
-0.004659258
-0.004501286
-0.004343054
-0.004179985
-0.004006187
-0.003817767
-0.00361216
-0.003383353
-0.003124848
-0.002836422
-0.002524757
-0.002197461
-0.001865461
-0.001538713
-0.001223208
-0.000926161
-0.000653341
-0.000407574
-0.000192455
-1.26E-05
0.00012734
0.00021948
0.00025552
0.00022906
0.000142864
7.18E-06
-0.000167586
-0.000376154
-0.000612563
-0.00086427
-0.001121324
-0.001374654
-0.001620369
-0.001859249
-0.002083167
-0.00227815
-0.002425804
-0.002513755
-0.002534352
-0.00248986
-0.002383446
-0.002226007
-0.002034018
-0.001828012
-0.001629308
-0.001449699
-0.001294999
-0.001165787
-0.001057092
-0.000965271
-0.000887004
-0.00081287
-0.000733965
-0.000645417
-0.000541775
-0.000416024
-0.000267494
-9.94E-05
8.14E-05
0.000270303
0.000472789
0.000689703
0.000917232
0.001155266
0.001402079
0.001648605
0.001880474
0.002077043
0.002218292
0.002288003
0.00227335
0.002166002
0.001965849
0.00168477
0.001341307
0.000955581
0.000548796
0.000137112
-0.000269573
-0.000660556
-0.001028431
-0.001368791
-0.001679171
-0.001960557
-0.002215528
-0.002442484
-0.002637586
-0.002802244
-0.002930928
-0.00301399
-0.003043144
-0.003017118
-0.002947453
-0.002854881
-0.002752253
-0.002647935
-0.002545118
-0.002432435
-0.002304004
-0.002159701
-0.002004871
-0.001844286
-0.001680376
-0.001514934
-0.001355125
-0.001207158
-0.001071356
-0.000943072
-0.000811524
-0.000668977
-0.000517639
-0.000361953
-0.00020631
-5.12E-05
0.000110105
0.000287215
0.000487916
0.000719408
0.000980972
0.001262987
0.001552509
0.001836119
0.002095872
0.002307083
0.002445219
0.00249296
0.002440551
0.00228225
0.002018433
0.001664808
0.001248028
0.000798151
0.000353243
-4.67E-05
-0.000368771
-0.000590182
-0.000702357
-0.000708466
-0.000623236
-0.000470217
-0.000266931
-2.48E-05
0.000249344
0.000544438
0.000848484
0.001159935
0.00147825
0.001802294
0.002136989
0.002488078
0.002856899
0.003233758
0.003604023
0.003948
0.004246472
0.004485309
0.004651573
0.004734371
0.004724783
0.004613384
0.004400068
0.004090734
0.003695882
0.003238793
0.002748795
0.00225683
0.001786298
0.00134898
0.000958741
0.000630201
0.000376021
0.000210051
0.000139373
0.000162611
0.000269958
0.00045072
0.000693766
0.000985441
0.001309421
0.001657115
0.002022305
0.002397795
0.002779572
0.003155592
0.003515885
0.003853861
0.004154921
0.004401289
0.004585146
0.00470529
0.004759202
0.004743665
0.0046619
0.004525121
0.004345518
0.004130295
0.003883813
0.003606316
0.003293156
0.002936008
0.002531062
0.002081098
0.001594325
0.001083055
0.00055898
3.66E-05
-0.000471566
-0.000963677
-0.001444171
-0.001925539
-0.002421943
-0.002932695
-0.003446001
-0.003944773
-0.004414554
-0.004844213
-0.005228608
-0.005558289
-0.005818383
-0.006001744
-0.006105359
-0.006123917
-0.006042275
-0.005846574
-0.005531961
-0.005091988
-0.00452239
-0.00382927
-0.003032549
-0.002155
-0.001228269
-0.000291191
0.000629457
0.001518989
0.002361754
0.003137251
0.003820032
0.004390223
0.004830633
0.005124507
0.005261271
0.005237945
0.005051538
0.004698424
0.004186676
0.003539955
0.002794789
0.001992414
0.001174606
0.000368933
-0.000406548
-0.001130803
-0.001773436
-0.002297763
-0.002675451
-0.002896338
-0.002959782
-0.002872039
-0.002639697
-0.002273224
-0.001810584
-0.001305558
-0.000803682
-0.000335322
8.38E-05
0.000446849
0.000747245
0.00097949
0.001146433
0.001250187
0.001290049
0.001261104
0.001152904
0.000962846
0.000691005
0.000348614
-5.20E-05
-0.000503108
-0.000992799
-0.001501471
-0.002006484
-0.002496286
-0.002974978
-0.003449963
-0.003928905
-0.004420824
-0.004926209
-0.005435476
-0.005926813
-0.006377048
-0.006773973
-0.007115683
-0.007390743
-0.007576025
-0.007642537
-0.007568603
-0.007363374
-0.00704308
-0.006615996
-0.006096477
-0.005501868
-0.004849379
-0.00416062
-0.003451752
-0.002736229
-0.002024014
-0.001324684
-0.000656235
-2.97E-05
0.000552092
0.001089495
0.00158279
0.00203155
0.002436039
0.002799444
0.003126865
0.003428856
0.003715832
0.003987857
0.004243849
0.004481135
0.004688246
0.004849062
0.004954356
0.005003563
0.005003884
0.00496683
0.004907949
0.004837442
0.00475752
0.004667175
0.004562675
0.004443261
0.004304897
0.004133533
0.003909205
0.003618285
0.003265349
0.002868438
0.002452359
0.002039892
0.001643773
0.001274539
0.00094431
0.000660147
0.000421808
0.000231239
9.19E-05
-1.91E-06
-6.30E-05
-0.000100544
-0.000120959
-0.000123887
-0.000103024
-5.37E-05
3.46E-05
0.000168769
0.000347355
0.000566659
0.000813272
0.001066242
0.001307786
0.001530447
0.0017304
0.001897206
0.002017588
0.002087433
0.002113734
0.002099484
0.002044897
0.001947729
0.001808315
0.001634676
0.001436806
0.001221166
0.000995535
0.000770504
0.000561882
0.000389731
0.000277731
0.000245669
0.000297508
0.000431731
0.000642611
0.000908394
0.001196233
0.001475039
0.001719331
0.00191467
0.002044087
0.002078546
0.001997398
0.001790885
0.001452228
0.000985508
0.000407582
-0.000265382
-0.001014368
-0.001804466
-0.002597589
-0.003355479
-0.004044713
-0.004646972
-0.00515515
-0.005571401
-0.005907755
-0.006175681
-0.006376195
-0.006505603
-0.00655968
-0.006539908
-0.006455908
-0.006319651
-0.006141789
-0.005934397
-0.00570595
-0.005460274
-0.005196012
-0.00490802
-0.004590234
-0.004240001
-0.003867165
-0.003481414
-0.003083747
-0.002669729
-0.002228711
-0.001757875
-0.001261358
-0.000742562
-0.000208479
0.000335928
0.000894206
0.001460944
0.002022029
0.002554693
0.003035871
0.003443913
0.003760263
0.003973403
0.004077008
0.004061773
0.003921796
0.003672081
0.003341023
0.002955336
0.002530635
0.002081168
0.001622232
0.001167008
0.000727054
0.0003141
-5.46E-05
-0.00037223
-0.000647883
-0.000897844
-0.00112711
-0.001326548
-0.001486785
-0.00160057
-0.001661919
-0.001670992
-0.001629525
-0.001538873
-0.001400276
-0.001209346
-0.000959533
-0.000646073
-0.000278727
0.0001345
0.000596337
0.001099242
0.001630481
0.002180359
0.002748185
0.003328421
0.003904115
0.004444948
0.004918144
0.00528998
0.005537703
0.005648236
0.005613858
0.005435707
0.005122696
0.004701279
0.004206286
0.003672304
0.003129265
0.002590102
0.002053642
0.001533814
0.00105103
0.000621668
0.000256685
-4.13E-05
-0.000279779
-0.000465977
-0.000601958
-0.000686163
-0.000718007
-0.000699141
-0.000637565
-0.000548448
-0.000450705
-0.000367363
-0.000314145
-0.000300963
-0.000333539
-0.000414426
-0.000545967
-0.00072691
-0.000945781
-0.001182928
-0.001424167
-0.001666278
-0.001903604
-0.002130856
-0.002350475
-0.002567743
-0.002783662
-0.002991922
-0.003189708
-0.003383314
-0.003571576
-0.003744471
-0.003884946
-0.003976871
-0.004015039
-0.003988475
-0.003888114
-0.003714592
-0.003475637
-0.003182049
-0.002839008
-0.002447693
-0.002019784
-0.001574676
-0.001124889
-0.000677823
-0.000247109
0.00015758
0.000541151
0.000906891
0.001246855
0.001554548
0.001835784
0.002100949
0.002353678
0.00259137
0.002808286
0.003003763
0.003185174
0.003360535
0.003535095
0.003711311
0.00388703
0.004052739
0.004196032
0.004304372
0.004371828
0.004392494
0.004358058
0.004263934
0.004112556
0.00391233
0.003672861
0.003393796
0.003076447
0.002725573
0.002345058
0.001940058
0.001515622
0.001077227
0.000630746
0.000188622
-0.000238279
-0.000635072
-0.000984695
-0.001270905
-0.00148685
-0.001634776
-0.001713279
-0.001721155
-0.001658596
-0.001525704
-0.00132516
-0.001068066
-0.000769316
-0.000441513
-9.66E-05
0.000257716
0.000619981
0.000989453
0.001363766
0.001737564
0.002101512
0.002442142
0.002746419
0.003009784
0.003234486
0.003427361
0.003590464
0.003721764
0.003817285
0.003869963
0.003864761
0.003781458
0.003609142
0.003344548
0.002997365
0.002578787
0.002104702
0.001590069
0.001054041
0.000520924
6.53E-06
-0.000480354
-0.00093363
-0.001345284
-0.001698686
-0.001976088
-0.002168728
-0.002273806
-0.002287328
-0.002205388
-0.002029162
-0.001762745
-0.001412851
-0.000992671
-0.000526878
-4.82E-05
0.000413107
0.000834258
0.001194019
0.0014643
0.001616237
0.001632039
0.001511962
0.001265862
0.000910494
0.000467558
-3.56E-05
-0.000578481
-0.001145534
-0.00171668
-0.002270217
-0.002792099
-0.003266096
-0.003675409
-0.004005604
-0.004250439
-0.004414939
-0.004513828
-0.004558087
-0.004556474
-0.004519186
-0.004456197
-0.004374649
-0.004278486
-0.004170021
-0.004049285
-0.003918429
-0.003779521
-0.003625879
-0.003448378
-0.003242527
-0.003008402
-0.002748551
-0.002470388
-0.002181245
-0.001887027
-0.001595584
-0.001305481
-0.001019019
-0.000747843
-0.000501644
-0.000289289
-0.000115497
2.13E-05
0.000131789
0.000229131
0.000323868
0.000419881
0.000514197
0.000595717
0.000653455
0.000689941
0.000706878
0.000699481
0.000662592
0.000588314
0.000475459
0.000327697
0.000157983
-2.23E-05
-0.000214907
-0.000419403
-0.000626878
-0.000821531
-0.000978586
-0.001076556
-0.001107359
-0.001078069
-0.001001147
-0.00088939
-0.000758918
-0.000624495
-0.000503031
-0.000412935
-0.000368729
-0.00038366
-0.000461134
-0.000585678
-0.000731722
-0.000877565
-0.001006864
-0.001115173
-0.001205247
-0.001276304
-0.001317098
-0.001318091
-0.00128258
-0.001224013
-0.001163991
-0.001124037
-0.001119081
-0.001154651
-0.001230169
-0.001336873
-0.00145715
-0.001568191
-0.001648236
-0.001684013
-0.001667977
-0.001595888
-0.001461733
-0.001268126
-0.001031
-0.000776663
-0.000526783
-0.000284408
-5.39E-05
0.000154922
0.000337176
0.000487607
0.000596777
0.000651642
0.000643939
0.000573349
0.000443288
0.000263015
5.03E-05
-0.000177801
-0.000402052
-0.000602675
-0.000763488
-0.000873523
-0.00092775
-0.000927553
-0.000884859
-0.000811164
-0.000722267
-0.000629547
-0.000534084
-0.000434553
-0.000328591
-0.000216271
-9.73E-05
3.45E-05
0.000188436
0.000376682
0.000607162
0.00088347
0.001204456
0.001570215
0.001982988
0.002442157
0.00293211
0.003423953
0.003898187
0.004337593
0.004721709
0.005041886
0.005290585
0.005459127
0.005541817
0.005542047
0.00546971
0.005334467
0.00514845
0.004918942
0.004638375
0.004298289
0.003908046
0.003487837
0.003054859
0.002618114
0.002182405
0.001757768
0.001353996
0.000979955
0.000639299
0.000335668
7.69E-05
-0.000132181
-0.000293725
-0.000409739
-0.000481788
-0.000510077
-0.000491328
-0.000431587
-0.000342429
-0.000230688
-0.000106734
2.09E-05
0.000152122
0.000289747
0.000434651
0.000584536
0.000736397
0.000884442
0.001020336
0.001142604
0.001258381
0.001380108
0.001516608
0.00166535
0.001818221
0.001972391
0.002129107
0.002290211
0.002455861
0.002617757
0.002763065
0.002878025
0.00295639
0.002998454
0.00300619
0.002982592
0.002937875
0.002883571
0.002831676
0.002793756
0.00277686
0.002782268
0.002809925
0.002853337
0.002898278
0.002928953
0.002925242
0.002873299
0.00277463
0.002637908
0.002468904
0.002275328
0.002068557
0.001853201
0.001626815
0.001386116
0.001133193
0.000875153
0.000619043
0.000369456
0.000126162
-0.00011246
-0.000348732
-0.000577695
-0.000790407
-0.000980212
-0.001142888
-0.001270787
-0.001362117
-0.001420553
-0.001455486
-0.001481408
-0.001511573
-0.001553995
-0.00161339
-0.001694224
-0.00180095
-0.001937188
-0.002106151
-0.002310919
-0.00255207
-0.002825959
-0.003134791
-0.003479936
-0.003861708
-0.004267568
-0.004672133
-0.005044358
-0.005354823
-0.005585265
-0.00572771
-0.005775271
-0.005723053
-0.005571117
-0.005322886
-0.004984869
-0.004571113
-0.004105536
-0.003624718
-0.003163245
-0.002744938
-0.002385833
-0.002094783
-0.001865989
-0.001688865
-0.001556416
-0.001461537
-0.001394601
-0.001338864
-0.001283366
-0.001224234
-0.001146161
-0.001033243
-0.000875145
-0.000659949
-0.000372426
2.13E-08
0.000460803
0.001006087
0.001618536
0.002263329
0.002909232
0.003526642
0.004083004
0.004556274
0.004929156
0.005186275
0.005317929
0.005326121
0.005213983
0.004981768
0.004634001
0.004185416
0.00365924
0.003080592
0.002472871
0.001858452
0.001260572
0.000706095
0.000218967
-0.000183185
-0.000490351
-0.000701193
-0.000816004
-0.000833893
-0.000758038
-0.000597818
-0.000374033
-0.000112586
0.000172214
0.000477914
0.000800252
0.001125985
0.00144242
0.001740776
0.002005946
0.002223711
0.002388997
0.002496278
0.002541247
0.002521589
0.002441644
0.002309311
0.002130085
0.001908612
0.00165394
0.001378842
0.001098398
0.000824898
0.000566194
0.000329459
0.000116362
-7.16E-05
-0.000239056
-0.000400843
-0.000568317
-0.000740717
-0.000907477
-0.001056085
-0.001173081
-0.001250869
-0.00129292
-0.001302629
-0.00128217
-0.001237819
-0.001183448
-0.001137132
-0.00110459
-0.001082465
-0.001060536
-0.001027582
-0.000979917
-0.000917561
-0.00084415
-0.000763375
-0.000681822
-0.000600484
-0.00050311
-0.00037419
-0.000209449
-9.40E-06
0.000227269
0.000500453
0.000811993
0.001162544
0.00154564
0.00195298
0.002374581
0.002794766
0.003197306
0.003574586
0.003919683
0.004229483
0.004497577
0.004715402
0.004883681
0.005001622
0.005064987
0.005074826
0.005040696
0.004965194
0.004837057
0.004649813
0.004406483
0.004108028
0.003754341
0.003353361
0.002918107
0.002462612
0.001993487
0.00151576
0.001037956
0.000566925
0.000110886
-0.000323868
-0.000737605
-0.001128511
-0.00149169
-0.001814857
-0.002081833
-0.002276041
-0.002385903
-0.002404053
-0.002323223
-0.002149896
-0.001905102
-0.001618075
-0.001318231
-0.001033953
-0.000789472
-0.000602047
-0.000484233
-0.000439744
-0.000463113
-0.000545436
-0.000674903
-0.000838315
-0.001027012
-0.001235723
-0.001464063
-0.001722416
-0.002021418
-0.002366978
-0.002763241
-0.003210119
-0.00370382
-0.004234492
-0.004782346
-0.00532842
-0.005863178
-0.006382536
-0.006879564
-0.007345503
-0.00777993
-0.008180972
-0.008542734
-0.008856431
-0.009111651
-0.009292508
-0.009390702
-0.009405199
-0.00933993
-0.009207838
-0.009015465
-0.008762043
-0.008454208
-0.008108571
-0.007746335
-0.007389397
-0.007048677
-0.006725131
-0.006417806
-0.006131548
-0.005869833
-0.005623675
-0.005383724
-0.005144521
-0.004903158
-0.004667253
-0.004451158
-0.004267253
-0.004118382
-0.004004241
-0.003920436
-0.003856641
-0.003797432
-0.003720343
-0.00360099
-0.003415271
-0.003145159
-0.002778376
-0.002311066
-0.001750509
-0.001118443
-0.000447564
0.000231927
0.00089674
0.001527221
0.00210997
0.002632092
0.003079449
0.003434886
0.00368337
0.003818854
0.003837699
0.00373104
0.003489697
0.003112519
0.002607383
0.001991395
0.001298888
0.000570673
-0.000157122
-0.000854964
-0.001495459
-0.002049235
-0.002484683
-0.002776709
-0.002914343
-0.002899974
-0.002748738
-0.002478313
-0.002109073
-0.001669491
-0.001190183
-0.000699402
-0.000220341
0.000235055
0.000672128
0.001097716
0.001519782
0.001942978
0.002365362
0.002781155
0.003186553
0.003578226
0.003954056
0.004310705
0.004644179
0.004952399
0.005231804
0.00547802
0.005673775
0.005798296
0.005832222
0.005765781
0.00559388
0.005308083
0.004900917
0.004382272
0.003778958
0.003121869
0.002438936
0.001751308
0.001074753
0.000428118
-0.000168632
-0.00070504
-0.001173915
-0.001565021
-0.001860832
-0.002050443
-0.002135054
-0.002119256
-0.0020033
-0.001792344
-0.001507105
-0.00117543
-0.000823057
-0.000468634
-0.000125057
0.000200687
0.000509242
0.000801039
0.001068153
0.001304759
0.001501468
0.001649066
0.001746274
0.001794644
0.001792322
0.001740181
0.001636125
0.001476301
0.001258184
0.000983959
0.000663047
0.000316734
-3.24E-05
-0.000364554
-0.000660215
-0.000910195
-0.001109996
-0.001254312
-0.001338491
-0.001364805
-0.001337846
-0.001263727
-0.001147778
-0.000996279
-0.000818895
-0.0006237
-0.000423045
-0.000229493
-4.71E-05
0.000134839
0.000335235
0.000561461
0.000808492
0.001067936
0.001330358
0.001585804
0.001828425
0.002054524
0.002257181
0.002423443
0.00253513
0.002582626
0.002560468
0.002473106
0.002330617
0.002147095
0.001942104
0.001737038
0.001549115
0.001390381
0.001265149
0.001165641
0.001083137
0.001010256
0.000940268
0.000870888
0.000797728
0.000718219
0.000633999
0.00054547
0.000449379
0.000347816
0.000251319
0.000169648
0.000105502
5.73E-05
2.34E-05
-1.88E-06
-2.76E-05
-6.44E-05
-0.00011883
-0.00019577
-0.000297101
-0.000421987
-0.000568557
-0.000737486
-0.000917777
-0.00109006
-0.00124
-0.001363394
-0.001454084
-0.001500159
-0.001490545
-0.001422935
-0.00129936
-0.001123354
-0.000904532
-0.000647971
-0.000363894
-7.30E-05
0.00020146
0.000448348
0.000665012
0.000840338
0.000959133
0.001009179
0.000989079
0.000909893
0.000788025
0.000636748
0.000463701
0.000270275
5.02E-05
-0.000200573
-0.000483717
-0.00079593
-0.00113251
-0.001482337
-0.001828732
-0.00216041
-0.002472014
-0.002767828
-0.003044991
-0.00329578
-0.003510779
-0.003679593
-0.00378904
-0.003831359
-0.003799514
-0.003687317
-0.003494005
-0.003225052
-0.002889672
-0.002496004
-0.002060106
-0.001600784
-0.001137051
-0.000689746
-0.000278656
7.85E-05
0.0003689
0.000587426
0.000736953
0.000826941
0.000875122
0.00089189
0.000872852
0.000813435
0.000724963
0.000629365
0.000543054
0.000466856
0.00039442
0.00032462
0.000262638
0.000211591
0.000175058
0.000158481
0.000171755
0.00022599
0.000321119
0.000447633
0.000588859
0.000731393
0.000875292
0.001024217
0.001185396
0.001369019
0.001579284
0.00181267
0.002057361
0.002306192
0.002553003
0.002792025
0.003013831
0.003204805
0.00334909
0.003427556
0.003428063
0.003348688
0.003197991
0.002994078
0.002759504
0.002514243
0.002263825
0.002006705
0.001737639
0.001447135
0.001128564
0.000775777
0.000383844
-5.10E-05
-0.000529557
-0.001039231
-0.00155737
-0.002055005
-0.002504494
-0.002886747
-0.003187954
-0.003404503
-0.003545576
-0.003618612
-0.003628779
-0.003583805
-0.003494057
-0.003367257
-0.003207195
-0.003030832
-0.002861926
-0.002724289
-0.002628054
-0.002566573
-0.002523737
-0.002484941
-0.002443065
-0.002393959
-0.002336318
-0.002263889
-0.002160928
-0.002018479
-0.001844452
-0.001649806
-0.001440447
-0.001214497
-0.00097489
-0.000742647
-0.000540317
-0.000383227
-0.000276646
-0.000212192
-0.000183196
-0.000188381
-0.000224579
-0.000286843
-0.000362297
-0.000435669
-0.000494868
-0.000528437
-0.000529519
-0.000495586
-0.000425842
-0.000322635
-0.000197938
-6.22E-05
8.14E-05
0.000232404
0.000387898
0.000545509
0.000699471
0.000846803
0.000990469
0.001130235
0.001259332
0.001370891
0.001462153
0.001529744
0.001581174
0.001631712
0.001684784
0.00172824
0.001747406
0.001735904
0.001685695
0.001591065
0.001443885
0.00124015
0.000984688
0.000687258
0.000359221
7.07E-06
-0.000368032
-0.000765804
-0.001174662
-0.001571564
-0.001931849
-0.002245768
-0.002514536
-0.002738232
-0.002917776
-0.003051107
-0.0031402
-0.003188295
-0.003203116
-0.003197993
-0.003178947
-0.003153239
-0.003124067
-0.003084278
-0.003024892
-0.002950633
-0.002874816
-0.002802772
-0.002726045
-0.002627635
-0.002487843
-0.002300147
-0.002073925
-0.001827885
-0.00157604
-0.001327491
-0.001088369
-0.000861918
-0.000650133
-0.000459791
-0.000303515
-0.000189909
-0.000122992
-0.000104063
-0.000140392
-0.000247068
-0.00042798
-0.000675526
-0.000975866
-0.001314279
-0.00167392
-0.002040605
-0.002407809
-0.002765821
-0.003101333
-0.003407173
-0.003676003
-0.003896437
-0.004049868
-0.004112758
-0.00407109
-0.003922065
-0.003673453
-0.003333175
-0.002903759
-0.002396625
-0.001830149
-0.001216843
-0.000569341
9.93E-05
0.000776495
0.001452015
0.002115669
0.002754674
0.003346414
0.003874419
0.004333665
0.004728126
0.005060704
0.005330637
0.00554471
0.005710507
0.005830103
0.005900865
0.005916584
0.005871495
0.005768179
0.005608816
0.005398684
0.005152101
0.004880388
0.004592761
0.004299914
0.004011516
0.003734133
0.003468338
0.003211288
0.00296782
0.002746037
0.002558356
0.002416493
0.00232007
0.002262757
0.00223929
0.002247885
0.002292306
0.002379595
0.002512523
0.002686108
0.00288991
0.003107094
0.003319598
0.003515956
0.003694302
0.003856744
0.004007317
0.004153004
0.004298953
0.004449567
0.004617581
0.004813024
0.005037447
0.005285605
0.005550484
0.005821237
0.006084744
0.006325154
0.006522414
0.006655839
0.006710487
0.006679264
0.006562751
0.006366024
0.006097017
0.005766066
0.005383054
0.004960644
0.004522051
0.00409707
0.0037082
0.003365271
0.0030707
0.002826414
0.002626942
0.002464915
0.002341707
0.002263182
0.002226948
0.00222128
0.002231078
0.002242329
0.002251107
0.002263972
0.002282812
0.002307193
0.00233795
0.002379986
0.002428135
0.002462786
0.002465557
0.00242809
0.002352591
0.002247737
0.002117667
0.001952138
0.001743861
0.001499383
0.00123328
0.000956657
0.000683972
0.000438381
0.000239272
9.88E-05
1.77E-05
-2.83E-06
4.49E-05
0.000171326
0.000386655
0.000691943
0.001075131
0.00151845
0.002006029
0.002523619
0.003054161
0.003582447
0.004102499
0.004612129
0.005099483
0.005543862
0.00592834
0.006230349
0.006432145
0.006533124
0.006534052
0.006436928
0.006254356
0.006004946
0.005710723
0.005387088
0.005043428
0.004687844
0.004331159
0.003986466
0.00366641
0.003378746
0.00312033
0.002879116
0.002649061
0.002432436
0.002232781
0.002053413
0.001891188
0.001731538
0.001559713
0.001367437
0.001148772
0.000902019
0.000640111
0.000382447
0.000130577
-0.000121063
-0.000374455
-0.000621689
-0.000849576
-0.001044962
-0.001191112
-0.001276938
-0.001300966
-0.001271357
-0.001198859
-0.001093859
-0.000963139
-0.000812014
-0.000649875
-0.000494256
-0.000359658
-0.00025513
-0.00018803
-0.000163953
-0.000181344
-0.000239868
-0.000338028
-0.000469279
-0.000623355
-0.000791599
-0.000962367
-0.001131085
-0.001290334
-0.001428678
-0.001538588
-0.001613939
-0.00165499
-0.001667611
-0.00165746
-0.00162668
-0.001577118
-0.001515295
-0.001443435
-0.001361681
-0.001271885
-0.001178649
-0.001085252
-0.000990887
-0.000890555
-0.0007737
-0.000637132
-0.00048513
-0.000327459
-0.000175154
-3.67E-05
8.22E-05
0.000178481
0.000243848
0.00027182
0.000261525
0.000206588
0.000100076
-5.88E-05
-0.000269426
-0.000525374
-0.000810061
-0.001111243
-0.001421706
-0.00173195
-0.002030234
-0.0023069
-0.002550311
-0.002746969
-0.002891933
-0.002987215
-0.003040156
-0.003058408
-0.003056732
-0.003049546
-0.003045317
-0.003054529
-0.003089273
-0.003159425
-0.003266059
-0.003410447
-0.003578808
-0.003752758
-0.003925646
-0.004100386
-0.004274594
-0.004441707
-0.004594195
-0.004727937
-0.004843748
-0.004929504
-0.004974969
-0.004981245
-0.004942719
-0.004848125
-0.004689804
-0.004469101
-0.004196992
-0.003894835
-0.003589004
-0.003305407
-0.003062903
-0.00286426
-0.002700412
-0.002553882
-0.002401074
-0.002233984
-0.002058882
-0.001878544
-0.00169455
-0.001505777
-0.001311763
-0.001115847
-0.000924257
-0.000741757
-0.00057034
-0.000411042
-0.000267737
-0.000145011
-4.27E-05
4.34E-05
0.000118107
0.00018619
0.000247171
0.000298271
0.000338943
0.000374682
0.00040933
0.000444885
0.000481937
0.000513979
0.000534717
0.000546667
0.000559661
0.000577302
0.000606134
0.000657573
0.000739087
0.000844848
0.000965499
0.001098489
0.001244407
0.001402721
0.001570882
0.001748106
0.001925024
0.002079692
0.002192007
0.002253569
0.002264934
0.002222939
0.002131607
0.002001324
0.001841807
0.001664466
0.001471052
0.001263229
0.001047057
0.000836412
0.000645423
0.000479954
0.000342126
0.000238496
0.00016539
0.000110836
5.75E-05
-1.13E-05
-0.000105914
-0.000223512
-0.000351187
-0.000479875
-0.000612097
-0.000744705
-0.000876028
-0.00101471
-0.001163184
-0.001318594
-0.001480394
-0.001646837
-0.001815847
-0.001976647
-0.00212241
-0.002261463
-0.002409382
-0.002581655
-0.002786111
-0.003018677
-0.003270013
-0.003528113
-0.003786995
-0.004041174
-0.004277865
-0.004481565
-0.004638023
-0.004735047
-0.00476951
-0.004752067
-0.004696945
-0.004626364
-0.004561526
-0.004510154
-0.004473036
-0.004444309
-0.004421895
-0.004409521
-0.004405994
-0.00441141
-0.004427012
-0.004453498
-0.00448005
-0.004487424
-0.004460724
-0.004393853
-0.004290656
-0.004157126
-0.003990456
-0.003782877
-0.003534679
-0.003243838
-0.002907417
-0.002536131
-0.002148
-0.001754859
-0.001355359
-0.000946343
-0.000531817
-0.000132626
0.000229432
0.000542817
0.000803963
0.001004695
0.00113016
0.001172281
0.001136115
0.001030493
0.000862559
0.000642694
0.000386026
0.000108585
-0.000170063
-0.00044151
-0.000704953
-0.000957906
-0.001188469
-0.001383404
-0.001538116
-0.001648908
-0.001722269
-0.001766897
-0.001793339
-0.001806415
-0.001803539
-0.001775084
-0.001710287
-0.001609542
-0.001469842
-0.001280479
-0.001046959
-0.000788637
-0.000523487
-0.000267445
-3.08E-05
0.000184055
0.000379586
0.000559907
0.000741673
0.000932496
0.001122781
0.001306733
0.00148134
0.001641252
0.001783509
0.001907923
0.002016027
0.002102468
0.002161788
0.00219956
0.002225246
0.002242665
0.002255112
0.002266035
0.002276091
0.002283641
0.00228904
0.002294007
0.002293518
0.002280067
0.002254329
0.002212951
0.0021514
0.002059945
0.001931153
0.00176468
0.001570991
0.001361986
0.001142799
0.000926512
0.000730067
0.000567453
0.000450087
0.000389239
0.000395098
0.000471434
0.000603445
0.000765759
0.000938864
0.001104076
0.001251963
0.001375609
0.00145525
0.001474751
0.001421432
0.001284142
0.001058223
0.00074355
0.000349747
-0.000105954
-0.00061774
-0.001176695
-0.001772435
-0.002396383
-0.003043726
-0.003715303
-0.004406601
-0.005101964
-0.005785656
-0.006451523
-0.007105982
-0.007756455
-0.008408349
-0.009062599
-0.009708084
-0.01032776
-0.0109094
-0.01145401
-0.01196216
-0.01242799
-0.01284885
-0.01321789
-0.01353058
-0.01378243
-0.01397023
-0.01409948
-0.01417656
-0.01420742
-0.01419101
-0.01412102
-0.01400523
-0.01386414
-0.01372172
-0.01359938
-0.01350804
-0.01345492
-0.01344403
-0.01347481
-0.0135448
-0.01365316
-0.01379933
-0.01397749
-0.01417289
-0.01436867
-0.01455837
-0.01473407
-0.01488828
-0.01502003
-0.01512863
-0.01521415
-0.01527508
-0.01531047
-0.01532176
-0.01531475
-0.01529659
-0.01527014
-0.01523214
-0.0151764
-0.01510463
-0.01501996
-0.01492185
-0.01480728
-0.01467353
-0.01451128
-0.01432426
-0.01412959
-0.01393858
-0.01375588
-0.01357765
-0.0133986
-0.01321915
-0.01304154
-0.01286973
-0.01271284
-0.01258086
-0.01248802
-0.01243994
-0.0124283
-0.01245048
-0.01251193
-0.0126192
-0.01277295
-0.01296677
-0.01318992
-0.013428
-0.01366363
-0.01387533
-0.01404163
-0.01414059
-0.01415981
-0.01409245
-0.01393524
-0.01368114
-0.01332776
-0.01288495
-0.0123667
-0.0117852
-0.01115477
-0.01048451
-0.00977797
-0.009035777
-0.008261615
-0.007464322
-0.00665896
-0.005867605
-0.005108715
-0.004392688
-0.00372846
-0.003115259
-0.002541128
-0.001999868
-0.001495091
-0.00103423
-0.000618776
-0.000244277
9.46E-05
0.00040526
0.000690067
0.000951913
0.001199411
0.001437735
0.001669058
0.001899387
0.002141337
0.002405727
0.002698215
0.003024353
0.00339029
0.003801104
0.004259291
0.004766141
0.005317448
0.005903694
0.006514417
0.007140098
0.007774616
0.008411586
0.009043665
0.009663471
0.01026546
0.01084525
0.01139507
0.01190646
0.01237488
0.01280719
0.01321286
0.01360015
0.0139759
0.01434311
0.01470065
0.01505003
0.01539685
0.01574534
0.01609461
0.0164434
0.01678786
0.01713408
0.01748662
0.01784117
0.01819509
0.01855792
0.0189349
0.01931938
0.01970345
0.02008653
0.02047047
0.02084975
0.02121739
0.02157254
0.0219256
0.02228655
0.02266403
0.02306493
0.02348558
0.0239152
0.0243421
0.0247539
0.02513933
0.0254869
0.02579482
0.02606588
0.02630126
0.02649782
0.02665044
0.0267611
0.02683073
0.02685582
0.02683548
0.02676984
0.02666299
0.02652169
0.02635355
0.02616173
0.02594866
0.02571252
0.02545296
0.02517894
0.0249141
0.02467824
0.02447953
0.02431583
0.02418318
0.02408117
0.02400873
0.02395938
0.02391794
0.02386651
0.02379195
0.02368519
0.02353989
0.02335761
0.02313846
0.02287183
0.02254216
0.02214063
0.02166957
0.02113379
0.02053984
0.01990156
0.01923498
0.01855361
0.01786224
0.01715592
0.01642578
0.01566535
0.01487446
0.01406397
0.01325429
0.01245582
0.01167253
0.01089971
0.01012714
0.009354509
0.008587003
0.00782696
0.007078828
0.006344271
0.005627285
0.004933894
0.004267073
0.003632191
0.003038336
0.002492639
0.001997838
0.001553019
0.001161811
0.000832232
0.00057013
0.000378603
0.000248606
0.000170485
0.000147257
0.000180956
0.000268171
0.000395379
0.000541596
0.000692341
0.00083158
0.000938541
0.001000228
0.001014378
0.000982614
0.000906343
0.000787097
0.000621907
0.00040387
0.000128388
-0.000200949
-0.000575248
-0.000983153
-0.001407362
-0.001828348
-0.002234018
-0.002621603
-0.002992879
-0.003348828
-0.003686934
-0.00400214
-0.004285686
-0.004520121
-0.004696032
-0.004813038
-0.004871527
-0.004869316
-0.004810469
-0.004702763
-0.00455429
-0.004372205
-0.00416465
-0.003939851
-0.00370585
-0.003475761
-0.003257202
-0.003051687
-0.002869432
-0.002727253
-0.002639639
-0.002615854
-0.002654691
-0.002742608
-0.002862068
-0.002996085
-0.003135163
-0.003278345
-0.003427126
-0.003576507
-0.003713962
-0.0038222
-0.00388702
-0.003895869
-0.003845386
-0.003740329
-0.003592866
-0.003413654
-0.003206335
-0.002972373
-0.002717147
-0.002451998
-0.002186647
-0.001931811
-0.001695941
-0.001478505
-0.001272225
-0.001075183
-0.000896024
-0.000749514
-0.000651839
-0.000615543
-0.000649048
-0.000752946
-0.000917986
-0.001134354
-0.001392421
-0.001676824
-0.00198149
-0.002301278
-0.002629847
-0.002967977
-0.003315989
-0.003669403
-0.004023992
-0.004373869
-0.004711658
-0.005032518
-0.005333059
-0.00560461
-0.005844905
-0.006055058
-0.006233409
-0.00636873
-0.006447889
-0.006467079
-0.006426597
-0.006323469
-0.006145936
-0.005883874
-0.005535814
-0.005100399
-0.004574577
-0.003962102
-0.003277959
-0.002540678
-0.001768123
-0.000982414
-0.000199802
0.000570076
0.00131981
0.002037963
0.002714383
0.003340843
0.003912493
0.004423285
0.004868267
0.005248465
0.00556719
0.005823435
0.006014075
0.006136888
0.006195923
0.006203648
0.006176019
0.006121305
0.00604585
0.005960774
0.005878579
0.005812535
0.005770677
0.00575248
0.005756903
0.005784392
0.005840765
0.005934666
0.006070487
0.006250303
0.006476256
0.006746115
0.007051678
0.007379094
0.007713808
0.008040445
0.008340735
0.008598549
0.008798092
0.008917232
0.008941729
0.008869577
0.008701899
0.008442375
0.008098746
0.007679423
0.007193047
0.006646461
0.006037642
0.005357007
0.004598018
0.003765453
0.00287167
0.001939101
0.000986707
2.91E-05
-0.00091909
-0.001849285
-0.002749999
-0.003606032
-0.004404339
-0.005138108
-0.00580116
-0.006383589
-0.006881477
-0.007292894
-0.00762279
-0.007886324
-0.008095932
-0.008258009
-0.008372354
-0.008435731
-0.008449755
-0.008417074
-0.008342654
-0.00823902
-0.008120954
-0.008005954
-0.007905088
-0.007823214
-0.007763152
-0.007722489
-0.007693057
-0.007661822
-0.007616991
-0.007554185
-0.007475262
-0.007386077
-0.007304396
-0.007250781
-0.007238388
-0.007270083
-0.007340645
-0.007443336
-0.007578811
-0.007757362
-0.007989597
-0.008279936
-0.008629485
-0.009037611
-0.009508427
-0.01004063
-0.01062858
-0.01126208
-0.01192736
-0.01260952
-0.01329947
-0.01399478
-0.01469546
-0.01540018
-0.01610419
-0.01679235
-0.01744478
-0.01803986
-0.01855744
-0.01898114
-0.01929694
-0.01949083
-0.01954434
-0.01944071
-0.01917494
-0.01875138
-0.01817704
-0.01746708
-0.01663905
-0.0157136
-0.01471782
-0.01368448
-0.01264176
-0.01160444
-0.01058668
-0.009604169
-0.008673968
-0.007813045
-0.007038921
-0.006359694
-0.005769852
-0.005261846
-0.004835915
-0.004494093
-0.004235258
-0.004055836
-0.00395194
-0.003913578
-0.0039309
-0.003998536
-0.004116793
-0.00428873
-0.004519353
-0.004809903
-0.005163445
-0.005576658
-0.006035703
-0.006530678
-0.007062702
-0.007638425
-0.008250423
-0.008876924
-0.009501997
-0.01011185
-0.01069385
-0.01123405
-0.01171877
-0.01213722
-0.01248289
-0.01275145
-0.01293567
-0.01303679
-0.01305975
-0.0130055
-0.01288193
-0.01269981
-0.01246574
-0.01218652
-0.01187016
-0.0115293
-0.01117926
-0.0108299
-0.01048401
-0.01013452
-0.009774752
-0.009405862
-0.009030193
-0.008644296
-0.00824308
-0.007832148
-0.007422113
-0.007020849
-0.006626845
-0.006239723
-0.005866505
-0.005510714
-0.005171617
-0.004845445
-0.004536145
-0.004249297
-0.003985759
-0.003751457
-0.003558535
-0.003417558
-0.003332869
-0.003298818
-0.003301774
-0.003327941
-0.003369103
-0.003416204
-0.00345563
-0.003477908
-0.003482274
-0.00347278
-0.003452498
-0.003426206
-0.003400082
-0.003385121
-0.003387771
-0.003403767
-0.00342699
-0.003460644
-0.003511231
-0.003582953
-0.003676821
-0.003792597
-0.003934558
-0.004107651
-0.004310525
-0.004532972
-0.004763337
-0.004989552
-0.00519856
-0.005375329
-0.005505984
-0.00558087
-0.005593497
-0.00554091
-0.005425372
-0.005248545
-0.00500982
-0.004712604
-0.00436445
-0.003976121
-0.003558912
-0.003127291
-0.002698779
-0.002284483
-0.001888006
-0.001503826
-0.00112523
-0.000751343
-0.000387708
-3.77E-05
0.000306593
0.000651233
0.000997224
0.001341888
0.001677477
0.00199376
0.002287323
0.002568636
0.002846545
0.003121962
0.003400649
0.003689992
0.003990902
0.004300762
0.004613267
0.004924501
0.005241104
0.005575901
0.005934253
0.006312065
0.006700243
0.007093598
0.007498622
0.007921934
0.008365407
0.008824381
0.009295844
0.009779509
0.010279
0.01080056
0.01134586
0.01191493
0.01250843
0.01312372
0.01376764
0.01444344
0.01515024
0.01587386
0.01659423
0.0172916
0.01795525
0.01857432
0.01913551
0.01963017
0.02005814
0.02041738
0.0206931
0.02086891
0.02093599
0.02089367
0.02074461
0.02049728
0.02016556
0.01975686
0.01927427
0.01872637
0.0181259
0.01749163
0.01684152
0.01618866
0.01555095
0.01495179
0.01440551
0.01391588
0.0134816
0.01310354
0.01277453
0.0124837
0.01222285
0.01198762
0.01177903
0.01160145
0.01145878
0.01135608
0.01129471
0.01126841
0.01126323
0.01126357
0.01125869
0.0112396
0.0111966
0.0111155
0.01097776
0.01077096
0.01049176
0.01014466
0.009738621
0.009276583
0.008760751
0.008200485
0.007611028
0.007002483
0.006374117
0.005726974
0.00507681
0.004432214
0.003786094
0.003127742
0.002451981
0.001763553
0.001066671
0.00036462
-0.000338844
-0.001038778
-0.001724556
-0.002386153
-0.003017007
-0.003613328
-0.004171398
-0.004682883
-0.005140447
-0.005540735
-0.00587609
-0.006135475
-0.006324351
-0.006456678
-0.006537008
-0.006566329
-0.006551412
-0.006506847
-0.006450536
-0.006396438
-0.006350363
-0.006317873
-0.006306261
-0.00631693
-0.006341599
-0.00638063
-0.006437372
-0.006504707
-0.006578118
-0.006654507
-0.006730839
-0.006807768
-0.006889227
-0.006976769
-0.007066128
-0.007157488
-0.007252828
-0.007354297
-0.007462366
-0.007577845
-0.007706364
-0.007845687
-0.007981442
-0.008101006
-0.008195593
-0.008264194
-0.008313145
-0.008351483
-0.00838571
-0.008419872
-0.008459338
-0.008511899
-0.00858417
-0.008679837
-0.008797978
-0.008929468
-0.009061636
-0.009188693
-0.009310622
-0.009432237
-0.009551638
-0.009659778
-0.009750159
-0.009815458
-0.009852375
-0.009860073
-0.009839172
-0.00978867
-0.009716004
-0.009642918
-0.009585656
-0.009554893
-0.009561823
-0.009615269
-0.009719992
-0.009875922
-0.01007716
-0.01031982
-0.01060145
-0.01091534
-0.01125061
-0.01159551
-0.01194321
-0.01228445
-0.01259868
-0.01286304
-0.01307769
-0.01324709
-0.0133736
-0.01345092
-0.01346877
-0.01342392
-0.01331663
-0.01315037
-0.01292606
-0.01264326
-0.01229883
-0.01188603
-0.01140017
-0.01084375
-0.01022178
-0.009540776
-0.008809534
-0.008038402
-0.007231727
-0.006390551
-0.005527953
-0.004660058
-0.00379816
-0.00295357
-0.002137129
-0.001365951
-0.000657009
-2.63E-05
0.000515291
0.000963404
0.001313868
0.001567497
0.00172843
0.001803601
0.001806304
0.001746411
0.001631798
0.001474188
0.001295574
0.001117273
0.000959372
0.000839439
0.000768544
0.000749944
0.000783453
0.000871529
0.001014537
0.001211165
0.001458629
0.001752845
0.002095241
0.002493882
0.002958273
0.003493582
0.004101865
0.004780648
0.005521887
0.006318932
0.007163769
0.008043825
0.008944884
0.009850664
0.01073779
0.01158451
0.01237163
0.01307483
0.01366335
0.01411071
0.01440435
0.0145495
0.01456421
0.0144705
0.01428492
0.01401998
0.0136917
0.01332424
0.01294738
0.01258725
0.0122675
0.01199662
0.01177601
0.01160295
0.01146302
0.01134314
0.01123422
0.01112545
0.01099531
0.01081973
0.01058055
0.0102682
0.009875971
0.009406091
0.008863748
0.008252796
0.007583134
0.006873618
0.006143695
0.005415535
0.00471152
0.004051143
0.003442332
0.002893513
0.002417301
0.002021165
0.001700769
0.001449621
0.001266745
0.001145534
0.001068445
0.001019357
0.000987971
0.000964316
0.000940845
0.000912513
0.000870061
0.00080538
0.000712692
0.000589008
0.000435552
0.000251368
3.04E-05
-0.000233186
-0.000542287
-0.000891094
-0.001269506
-0.001669365
-0.002089441
-0.002531301
-0.002993074
-0.003469848
-0.003951343
-0.004420088
-0.004852033
-0.005229244
-0.005537061
-0.005760043
-0.005889683
-0.005920455
-0.00585056
-0.005682973
-0.005427652
-0.005095908
-0.004696261
-0.004234776
-0.003719659
-0.003160596
-0.002574275
-0.001972185
-0.001358618
-0.000737971
-0.000112733
0.000523712
0.001179209
0.001851295
0.002534247
0.003222591
0.003905691
0.00457679
0.005226267
0.005840304
0.006411045
0.006937324
0.007422844
0.007870483
0.008269242
0.00860619
0.008874496
0.00907264
0.00920288
0.009261858
0.009245499
0.009149995
0.00897522
0.00872157
0.00839155
0.007990238
0.007533324
0.007048477
0.00655807
0.00607905
0.005633587
0.00523929
0.004912204
0.004666421
0.004516149
0.00446074
0.004491904
0.004601149
0.004781935
0.00502765
0.005330936
0.005684652
0.006082735
0.006522421
0.007006919
0.007540238
0.008118141
0.008737386
0.009394676
0.01008267
0.01079894
0.01154242
0.01230718
0.01307442
0.01382329
0.01453492
0.01519755
0.01580503
0.01634393
0.01679971
0.01715782
0.01740846
0.0175551
0.01761077
0.01758294
0.01747796
0.01730501
0.01706443
0.0167616
0.01641595
0.01604648
0.01566529
0.01529102
0.01494692
0.01465159
0.0144176
0.01424268
0.01411273
0.01401424
0.01392803
0.01383198
0.01370132
0.01351443
0.01325479
0.01291535
0.0124986
0.0120027
0.01141288
0.01070747
0.009868052
0.008885242
0.007758859
0.006492791
0.005095565
0.003579538
0.001962898
0.000261516
-0.00151385
-0.003351626
-0.005232024
-0.007133536
-0.009023984
-0.01086452
-0.01262321
-0.01426875
-0.01577419
-0.01711622
-0.01828045
-0.01925589
-0.02003307
-0.02060107
-0.02094838
-0.02106835
-0.02096064
-0.02064172
-0.02013508
-0.01945522
-0.01862028
-0.01766511
-0.01662629
-0.01553334
-0.01442088
-0.01332443
-0.01226985
-0.01126765
-0.01032447
-0.00945655
-0.008679063
-0.008001257
-0.007425539
-0.006946096
-0.006550306
-0.006229091
-0.005976945
-0.005786338
-0.00564786
-0.005549513
-0.005476749
-0.005416831
-0.005351778
-0.005274948
-0.005196616
-0.005123649
-0.005059292
-0.005005721
-0.004965293
-0.004943134
-0.004940512
-0.004956526
-0.004991623
-0.005036945
-0.005080233
-0.005124933
-0.005182331
-0.005256587
-0.005344617
-0.005446476
-0.005564417
-0.005700219
-0.005857522
-0.006039085
-0.006248232
-0.006483081
-0.00673853
-0.007004746
-0.007278773
-0.007562822
-0.007862451
-0.008178559
-0.008498672
-0.008810211
-0.009105147
-0.009375306
-0.009605335
-0.009778078
-0.009878944
-0.009904765
-0.009857735
-0.009735848
-0.009531044
-0.009242173
-0.008872967
-0.00843262
-0.007936198
-0.007396212
-0.006819166
-0.006213005
-0.005589647
-0.004963148
-0.004338961
-0.003720793
-0.003111552
-0.002514139
-0.001938022
-0.00139541
-0.000890236
-0.000416677
3.27E-05
0.000462503
0.000868694
0.001248932
0.001605595
0.001938896
0.002244428
0.002512749
0.002736299
0.002912539
0.003035184
0.003094173
0.003083035
0.003000097
0.002844525
0.002618417
0.00232876
0.001979711
0.001573379
0.001125027
0.000658873
0.000189512
-0.000281776
-0.000762575
-0.001255819
-0.00176761
-0.002310017
-0.002887588
-0.003497199
-0.004127806
-0.004761754
-0.005382153
-0.00597952
-0.006549079
-0.007082933
-0.0075736
-0.008010841
-0.008389322
-0.008705955
-0.008960599
-0.009164475
-0.009336026
-0.009496031
-0.009657123
-0.009825319
-0.009996525
-0.01015629
-0.01028984
-0.01037868
-0.01041629
-0.01041242
-0.01037754
-0.01031912
-0.01023264
-0.01010118
-0.00990606
-0.009635488
-0.009290463
-0.008877203
-0.008400284
-0.007860596
-0.007252792
-0.006571617
-0.005827054
-0.005039142
-0.00423147
-0.003421695
-0.002616666
-0.001825368
-0.001059589
-0.000324875
0.000375327
0.0010407
0.001672068
0.002271138
0.002838294
0.003361581
0.003827897
0.004229249
0.004565585
0.004835113
0.005036957
0.005172659
0.005245775
0.005256651
0.00520404
0.005086141
0.004898216
0.00463168
0.004287376
0.003880088
0.003429033
0.002952136
0.002465753
0.001980517
0.001499607
0.001032581
0.000592989
0.000189806
-0.000183292
-0.00054233
-0.000897522
-0.001248828
-0.001592302
-0.001931323
-0.00227453
-0.002635343
-0.003021333
-0.003439398
-0.003893332
-0.004373689
-0.004865433
-0.005353394
-0.005824025
-0.006267222
-0.006678144
-0.007054345
-0.007389969
-0.007674059
-0.007896554
-0.008055349
-0.008149253
-0.008180523
-0.008156955
-0.008078952
-0.007949583
-0.007771035
-0.007542704
-0.007269182
-0.0069608
-0.006619323
-0.006236545
-0.005806781
-0.005330866
-0.00481336
-0.004264917
-0.003697814
-0.003121894
-0.002550974
-0.001992805
-0.001454438
-0.000947839
-0.000479117
-5.03E-05
0.00033207
0.00066318
0.000934479
0.001130674
0.001233723
0.001227908
0.001108867
0.000887633
0.000581383
0.000198631
-0.000251549
-0.000769966
-0.001358222
-0.002009213
-0.002706754
-0.003425254
-0.004139985
-0.004833927
-0.005496249
-0.006111082
-0.006660753
-0.007128814
-0.007503446
-0.007784249
-0.007977672
-0.008095573
-0.008149095
-0.008139204
-0.008063923
-0.007921941
-0.007721089
-0.007472431
-0.007181884
-0.006837386
-0.006425135
-0.005940622
-0.005377678
-0.004733521
-0.004012522
-0.003228881
-0.002397905
-0.001532352
-0.000640483
0.000264879
0.001161777
0.002021869
0.00282156
0.003544169
0.004179838
0.004720033
0.005161251
0.005502708
0.005743125
0.005884011
0.00592999
0.005889605
0.005780824
0.00562722
0.005448226
0.005256269
0.005052831
0.004835166
0.00460347
0.004363817
0.004123809
0.003893376
0.003678044
0.003477646
0.003291695
0.00311473
0.002938546
0.002753263
0.002558158
0.00236441
0.002187167
0.00203503
0.001904833
0.001795219
0.001709674
0.001649605
0.001614266
0.001600415
0.001600556
0.001602812
0.001590758
0.001556229
0.001502818
0.001436652
0.001363787
0.001293617
0.001234142
0.00119029
0.001160795
0.001135711
0.001108849
0.001080488
0.001055372
0.001032363
0.001000412
0.000944871
0.000846693
0.00069729
0.000508227
0.000297332
8.09E-05
-0.0001321
-0.000342411
-0.000549957
-0.000748469
-0.000926999
-0.001069757
-0.001160563
-0.001190036
-0.001147137
-0.001025838
-0.000828377
-0.000555227
-0.00020866
0.000206702
0.000695803
0.001268505
0.001928648
0.002666365
0.003454453
0.004258603
0.005054168
0.005824793
0.006562562
0.007265419
0.007927822
0.008541001
0.009092981
0.009585099
0.01002732
0.01043099
0.01080531
0.01115074
0.01146177
0.01173934
0.01198608
0.01219808
0.01237401
0.01251388
0.01261416
0.01266958
0.01267327
0.01262284
0.01252027
0.01236578
0.01215858
0.01189963
0.01159962
0.01126556
0.01089562
0.01048337
0.01002384
0.009524934
0.009006017
0.008487494
0.007978885
0.007482634
0.007006199
0.006554645
0.006130957
0.005746934
0.005413272
0.005131253
0.004897919
0.004714633
0.004585064
0.00451517
0.004503783
0.00454263
0.004624172
0.004744073
0.004909029
0.005129738
0.00540952
0.005747344
0.006136884
0.006570906
0.007048332
0.007562216
0.008093919
0.008623314
0.009133888
0.009611626
0.01004723
0.01043224
0.01075822
0.01102001
0.01121594
0.01135017
0.01143157
0.01146681
0.0114487
0.01136696
0.01122646
0.01104706
0.01085487
0.01067382
0.01052749
0.01043509
0.01040237
0.01042709
0.01050095
0.01061525
0.01076657
0.01095015
0.01115145
0.01134997
0.01152427
0.01166262
0.0117595
0.01180913
0.01180981
0.01176293
0.01167366
0.0115454
0.01137942
0.01117648
0.01093586
0.01065828
0.0103455
0.01000196
0.009642939
0.009286549
0.008939107
0.008590813
0.008231928
0.007860764
0.007472979
0.007063072
0.006630959
0.006181518
0.005728761
0.005283718
0.00485174
0.004441398
0.004063302
0.00372266
0.003417137
0.003137992
0.002879588
0.002648849
0.002455541
0.002305368
0.002192007
0.002100513
0.002026317
0.001968834
0.001927644
0.001902296
0.001891533
0.001897911
0.001918114
0.001942337
0.001964257
0.00198189
0.00199403
0.001997861
0.001988233
0.001963778
0.001925626
0.001870585
0.001795265
0.001693133
0.001554999
0.001374107
0.001142645
0.000853452
0.000504831
0.000100482
-0.000354202
-0.000854343
-0.001393973
-0.001964495
-0.002555781
-0.003157019
-0.003763404
-0.004371185
-0.004972372
-0.005559144
-0.0061277
-0.006677341
-0.007203488
-0.007695398
-0.00814162
-0.008536601
-0.00888043
-0.009175486
-0.009425857
-0.009631825
-0.009788932
-0.009894567
-0.009955138
-0.009977316
-0.009965669
-0.009924238
-0.009854409
-0.009755648
-0.009626602
-0.009469832
-0.009289436
-0.009098024
-0.008910723
-0.008739969
-0.008584444
-0.008439462
-0.008301418
-0.008170162
-0.008047895
-0.007931719
-0.007817783
-0.007695795
-0.007554712
-0.007381834
-0.007165184
-0.006897936
-0.006572525
-0.006182021
-0.005724571
-0.005206309
-0.004637528
-0.004030727
-0.003403839
-0.002777365
-0.002172406
-0.001598772
-0.001061252
-0.000566408
-0.000120389
0.00027511
0.000621433
0.000916733
0.00115527
0.001335544
0.001455252
0.001512137
0.001502676
0.001427168
0.001289483
0.001088392
0.000822785
0.000494879
0.000107554
-0.000335653
-0.000831441
-0.001371404
-0.001947666
-0.002556831
-0.003188903
-0.003830249
-0.004469689
-0.005096088
-0.005696627
-0.006263052
-0.006796395
-0.007292835
-0.007740162
-0.008133851
-0.008477688
-0.008773903
-0.009022607
-0.009222846
-0.00937241
-0.009467513
-0.009507654
-0.009498471
-0.009448657
-0.009367955
-0.009266035
-0.009149959
-0.009019879
-0.008876367
-0.008720404
-0.008551543
-0.008364236
-0.008156995
-0.007935152
-0.007707842
-0.007484855
-0.007266093
-0.007046473
-0.006818886
-0.00657947
-0.006332175
-0.006082923
-0.005836904
-0.005597751
-0.005365022
-0.00512901
-0.004877131
-0.004600912
-0.004297138
-0.003972432
-0.003634328
-0.003289255
-0.002945292
-0.002611109
-0.00229726
-0.002013343
-0.001765889
-0.00155782
-0.001390757
-0.001258708
-0.001150583
-0.001055754
-0.000967743
-0.000878678
-0.000781227
-0.00067189
-0.00055107
-0.000423842
-0.000296358
-0.000175045
-5.84E-05
6.08E-05
0.000190534
0.00033249
0.000479242
0.000621697
0.00075821
0.000886121
0.000989723
0.001054448
0.001082137
0.001081811
0.00106183
0.001027124
0.000976915
0.000914926
0.000853313
0.000801468
0.00076283
0.000741689
0.00074286
0.00076219
0.000799165
0.000857691
0.000934701
0.001019064
0.001098294
0.001162583
0.001200845
0.001206075
0.001177927
0.001117667
0.001027278
0.000905243
0.000752128
0.000581075
0.000412773
0.000271101
0.000168714
0.000108259
9.51E-05
0.000130745
0.0002089
0.000319239
0.000458511
0.000618745
0.000785463
0.000950049
0.00110505
0.00124381
0.001365803
0.001476985
0.001580066
0.001675406
0.001759862
0.001829116
0.001883567
0.001925279
0.001951803
0.001964448
0.001967929
0.00197516
0.002002626
0.002061673
0.002151815
0.002268964
0.002406162
0.002548342
0.002677171
0.002789568
0.002897013
0.003008703
0.003129744
0.003260283
0.003402188
0.003554511
0.003708164
0.003844809
0.003942992
0.003987225
0.003974367
0.003912301
0.00380838
0.003663245
0.00347336
0.003240839
0.00296903
0.002660897
0.002316554
0.001942066
0.001551949
0.001163927
0.000790643
0.00044076
0.000117529
-0.000182069
-0.000469179
-0.000747621
-0.001011546
-0.001256415
-0.001485745
-0.001708394
-0.001927701
-0.002138757
-0.002329698
-0.002491203
-0.002621566
-0.002726229
-0.002813874
-0.002895084
-0.002973722
-0.003052303
-0.003126968
-0.003191071
-0.003237165
-0.003264017
-0.003272522
-0.003263273
-0.003235103
-0.003195283
-0.00316242
-0.003150767
-0.003153748
-0.00314899
-0.003114534
-0.003043732
-0.002943508
-0.002827462
-0.002704318
-0.002582803
-0.002473983
-0.002388468
-0.002332948
-0.002306439
-0.002306198
-0.002328489
-0.002361787
-0.002393192
-0.002413409
-0.002421094
-0.002413657
-0.002389739
-0.002354687
-0.002312122
-0.002265143
-0.002218266
-0.002172636
-0.002126
-0.002071333
-0.002005832
-0.001934891
-0.001869382
-0.001819767
-0.001790523
-0.00177549
-0.001765221
-0.00175338
-0.001736813
-0.001714001
-0.001687502
-0.001655271
-0.001604712
-0.001520457
-0.001396657
-0.00123829
-0.001054453
-0.000848364
-0.000628398
-0.000406201
-0.000184924
4.40E-05
0.000290278
0.000550681
0.000817151
0.001072205
0.001299711
0.00149725
0.001668518
0.001813595
0.001922165
0.001983067
0.001982144
0.001908726
0.001764347
0.001560439
0.001315175
0.001042217
0.000749497
0.000447632
0.000151405
-0.000122124
-0.000354418
-0.000527058
-0.000627808
-0.00065159
-0.000603976
-0.000493957
-0.000327511
-0.000106997
0.000165986
0.000488233
0.000848022
0.001229324
0.001620844
0.002016505
0.002411626
0.002801969
0.003187083
0.003561239
0.003919185
0.004257824
0.004572084
0.004858467
0.005122025
0.005375987
0.005631668
0.005892212
0.006151059
0.006397339
0.006620642
0.006808093
0.006944308
0.007009373
0.006985728
0.006868253
0.006666779
0.00639591
0.006063239
0.005676739
0.005252292
0.00480517
0.004346496
0.003885971
0.003436151
0.003013209
0.002626565
0.002277759
0.00196638
0.001687491
0.001438069
0.001219559
0.001029788
0.000867295
0.000727765
0.000603035
0.00048543
0.000363062
0.000229294
8.58E-05
-6.22E-05
-0.000207462
-0.00034565
-0.000479067
-0.000607469
-0.000724585
-0.000828119
-0.000913949
-0.000987491
-0.001058573
-0.001128892
-0.001192234
-0.001244301
-0.0012797
-0.001289158
-0.001269676
-0.00123342
-0.001202451
-0.001188122
-0.001191587
-0.001207564
-0.001224019
-0.001225834
-0.001205034
-0.001157914
-0.001079227
-0.000960242
-0.000793999
-0.000584668
-0.000341486
-6.74E-05
0.000249193
0.000620887
0.001050787
0.001526167
0.002024953
0.002526626
0.003016758
0.003488501
0.003932359
0.004333269
0.004673389
0.004938688
0.005116534
0.005206038
0.005221303
0.005171713
0.005062202
0.004903108
0.004704655
0.004474365
0.004223565
0.003967908
0.003723307
0.003495576
0.003286704
0.00310243
0.00294423
0.002812584
0.00270117
0.002607239
0.002538373
0.002501915
0.002494999
0.002504466
0.00251826
0.002525189
0.002520482
0.002509475
0.002495307
0.002471809
0.002432796
0.002380694
0.002320709
0.002256925
0.002191624
0.002128125
0.00207919
0.002052264
0.002038151
0.002025014
0.001998588
0.001946477
0.001861431
0.001742406
0.001588765
0.001401107
0.001180112
0.000925961
0.000642618
0.000336499
8.44E-06
-0.000346442
-0.000729018
-0.001136331
-0.001562182
-0.001996893
-0.002440707
-0.00288959
-0.003336286
-0.003771251
-0.004182937
-0.00456388
-0.004900516
-0.005178765
-0.005384274
-0.005502814
-0.005527578
-0.005452988
-0.005279466
-0.005024595
-0.004709682
-0.004354306
-0.003983616
-0.003608834
-0.003229101
-0.002849205
-0.002481902
-0.002138156
-0.001822461
-0.001536611
-0.001291847
-0.001091361
-0.000925708
-0.000791927
-0.000684175
-0.000595109
-0.000516939
-0.000440843
-0.000363043
-0.000283423
-0.000203461
-0.000124623
-5.08E-05
1.89E-05
9.18E-05
0.000174274
0.000260553
0.000337907
0.000391135
0.00040821
0.000386276
0.000332968
0.000258573
0.000172721
7.64E-05
-3.21E-05
-0.000152592
-0.000284939
-0.000423442
-0.000566118
-0.000705354
-0.000827436
-0.00092638
-0.000998558
-0.001041181
-0.00105323
-0.001035818
-0.000993333
-0.000936924
-0.00087522
-0.000805923
-0.000721012
-0.00061196
-0.000474358
-0.000309356
-0.000126864
5.44E-05
0.000219944
0.000362344
0.000472495
0.000544126
0.000576373
0.000561522
0.00049462
0.000380568
0.000231294
5.91E-05
-0.000128417
-0.000335275
-0.000562302
-0.000804485
-0.001051957
-0.001288962
-0.001504115
-0.001691457
-0.001852169
-0.001994613
-0.002126458
-0.002250621
-0.002374971
-0.002510245
-0.002675695
-0.002883485
-0.003132511
-0.003414488
-0.003717865
-0.004023633
-0.004311136
-0.004562135
-0.004760017
-0.004899158
-0.004990698
-0.005044666
-0.00506486
-0.005050508
-0.005002495
-0.004927871
-0.004830637
-0.004714057
-0.004580529
-0.004430614
-0.004263787
-0.004077246
-0.003872201
-0.003658569
-0.003445337
-0.003234058
-0.00302398
-0.002818485
-0.002621094
-0.002436776
-0.002266124
-0.002105581
-0.00194833
-0.001796039
-0.001655029
-0.001528801
-0.001414924
-0.001313774
-0.001237022
-0.001195068
-0.001193452
-0.001232502
-0.001298626
-0.00137244
-0.001437568
-0.001478895
-0.001490369
-0.001479334
-0.001448006
-0.001392429
-0.001313588
-0.001211589
-0.001086589
-0.000937211
-0.000769327
-0.000591775
-0.000404506
-0.000204846
1.05E-05
0.000240701
0.000482522
0.000722109
0.00093529
0.001097985
0.001195787
0.001223546
0.001178324
0.001069245
0.000906929
0.000703242
0.000468184
0.000213553
-4.74E-05
-0.000305926
-0.00055587
-0.000787009
-0.000993208
-0.001181146
-0.001354567
-0.001513013
-0.001655305
-0.001783255
-0.001904182
-0.002024615
-0.002147477
-0.002272123
-0.002394164
-0.002507999
-0.002611763
-0.002704967
-0.002787186
-0.002856422
-0.002911104
-0.002949032
-0.002961899
-0.002941153
-0.002883651
-0.002781273
-0.002638112
-0.002471252
-0.002291063
-0.002097691
-0.001894381
-0.001695378
-0.001513332
-0.00135031
-0.001211959
-0.001107303
-0.001038047
-0.000998264
-0.000975975
-0.000967801
-0.000974598
-0.000987564
-0.000998426
-0.000997382
-0.000972058
-0.000911757
-0.000804885
-0.000646993
-0.000439096
-0.000187526
9.84E-05
0.000408723
0.000733219
0.001056925
0.001359128
0.00162357
0.001851161
0.002053719
0.002244086
0.002430515
0.002613929
0.002789256
0.002954287
0.003117888
0.003293338
0.003487262
0.003699309
0.003919616
0.004135045
0.004331036
0.004494006
0.004613703
0.004681777
0.004685296
0.004614959
0.004471446
0.004266438
0.004008082
0.003699485
0.003345613
0.002951599
0.002527599
0.002091418
0.001662299
0.001258817
0.000896541
0.000589681
0.000359173
0.000211798
0.000135623
0.000117231
0.000148844
0.000225198
0.000342037
0.000496434
0.000681022
0.000895068
0.001145157
0.001433731
0.001754957
0.002097714
0.002450321
0.002800252
0.003136263
0.003452793
0.00375131
0.004033492
0.0042993
0.004548269
0.004777363
0.00498205
0.00516357
0.005324866
0.005461915
0.00557225
0.005652406
0.005698604
0.005709023
0.005678609
0.005607151
0.005500072
0.005369393
0.005231423
0.005093048
0.004957342
0.004823805
0.004688686
0.00454795
0.004400242
0.004246628
0.004083034
0.003900641
0.003690139
0.003453268
0.003201094
0.002944499
0.002691913
0.002447313
0.002208931
0.001976148
0.001744864
0.001513113
0.001279723
0.001046263
0.000817182
0.000595049
0.000375053
0.000154242
-6.60E-05
-0.000289953
-0.000522024
-0.000765019
-0.001018011
-0.001269712
-0.001513381
-0.001748379
-0.001970494
-0.002174341
-0.002355293
-0.002516671
-0.002663585
-0.002793302
-0.00290184
-0.002988142
-0.003060016
-0.003128058
-0.003191722
-0.003240449
-0.003257672
-0.003225748
-0.003136887
-0.003001552
-0.002839582
-0.002666495
-0.0024857
-0.002294064
-0.002086105
-0.001869045
-0.001656679
-0.001457125
-0.001273291
-0.001105348
-0.000951177
-0.00080835
-0.000682143
-0.000581972
-0.000512744
-0.000470507
-0.000446644
-0.000436708
-0.000437066
-0.000449598
-0.000481088
-0.000537122
-0.000623748
-0.000738176
-0.000870668
-0.001011282
-0.001149069
-0.001279457
-0.001398236
-0.001496706
-0.001571529
-0.001625045
-0.001660155
-0.001679299
-0.001692338
-0.001708158
-0.001733512
-0.001773105
-0.001826209
-0.001896674
-0.002007533
-0.002175026
-0.002397478
-0.002658471
-0.002933635
-0.003206273
-0.003470477
-0.003719413
-0.003942507
-0.004125448
-0.004260648
-0.004346132
-0.004380639
-0.004364048
-0.004301171
-0.004195847
-0.004052162
-0.003877624
-0.003683963
-0.003472513
-0.003239863
-0.002994347
-0.002748522
-0.002508122
-0.002278046
-0.002059561
-0.001847828
-0.001639264
-0.001438834
-0.001253177
-0.001088188
-0.000946725
-0.000821191
-0.000696298
-0.000562488
-0.000426554
-0.000298335
-0.000185604
-9.35E-05
-2.34E-05
2.45E-05
4.96E-05
5.29E-05
3.87E-05
1.04E-05
-2.67E-05
-7.24E-05
-0.000128664
-0.00019326
-0.000262218
-0.000337371
-0.000416841
-0.000489293
-0.000539179
-0.000563544
-0.00057177
-0.000579975
-0.000600973
-0.000629815
-0.000659178
-0.000685301
-0.000709994
-0.000736976
-0.000764052
-0.000783825
-0.000788686
-0.000785035
-0.000789613
-0.000817173
-0.000873084
-0.000959433
-0.001077074
-0.001223399
-0.00139175
-0.001572895
-0.00175926
-0.001939969
-0.00210949
-0.002270137
-0.00242295
-0.002557911
-0.002663852
-0.002737646
-0.002773434
-0.002762153
-0.00269587
-0.002578936
-0.0024267
-0.002258061
-0.002085732
-0.001916952
-0.001760726
-0.001627748
-0.001518907
-0.001427481
-0.001343228
-0.001254985
-0.001154542
-0.001046585
-0.00093604
-0.000818249
-0.000687825
-0.000542253
-0.000381873
-0.000208317
-2.55E-05
0.000164448
0.000355133
0.000529956
0.000671712
0.000774941
0.000839054
0.000869892
0.000873483
0.000853115
0.000815659
0.000765429
0.000701655
0.000617378
0.000509279
0.000379017
0.000228744
5.90E-05
-0.000127297
-0.000325256
-0.000524449
-0.000721599
-0.000922149
-0.001130251
-0.001343445
-0.001550507
-0.001737909
-0.001901888
-0.002047969
-0.002180399
-0.002301218
-0.00240749
-0.002489199
-0.00254044
-0.002555319
-0.002527512
-0.002462337
-0.002368308
-0.002260014
-0.002163579
-0.002097198
-0.002057527
-0.002039221
-0.002039935
-0.002055841
-0.002079526
-0.002094817
-0.002083786
-0.002039162
-0.001962697
-0.001861444
-0.001745041
-0.001615668
-0.001468951
-0.001304087
-0.001122661
-0.000932481
-0.000741056
-0.000557615
-0.000395739
-0.000268734
-0.000182945
-0.000137584
-0.00012517
-0.000146459
-0.000202211
-0.000290843
-0.000409617
-0.000549305
-0.000691805
-0.000819562
-0.000920346
-0.00099022
-0.001024973
-0.001019351
-0.00097158
-0.000880155
-0.000751393
-0.000593346
-0.000416804
-0.000227859
-2.95E-05
0.000181317
0.000405786
0.000645529
0.000900573
0.001166913
0.001435131
0.001691631
0.001927191
0.002134345
0.002306286
0.002437733
0.002531335
0.002595169
0.002633326
0.002648153
0.002642999
0.002618703
0.002569835
0.002492023
0.002380932
0.002226359
0.002021138
0.001764707
0.001463383
0.001128374
0.000777171
0.000432033
0.000115997
-0.000159517
-0.000392303
-0.000581
-0.000722555
-0.000816919
-0.000859491
-0.000846511
-0.000781374
-0.000676315
-0.000550296
-0.000417778
-0.000283249
-0.000154661
-4.87E-05
2.47E-05
6.34E-05
7.11E-05
5.58E-05
2.36E-05
-2.36E-05
-8.69E-05
-0.000161922
-0.000238778
-0.000301298
-0.0003351
-0.000331431
-0.000297396
-0.000244797
-0.000180994
-0.000116466
-5.27E-05
1.54E-05
8.97E-05
0.000167275
0.000244176
0.000317259
0.000388117
0.000461337
0.000538034
0.000619614
0.000712627
0.000824108
0.00095268
0.001092943
0.001236677
0.001375328
0.001505608
0.001623017
0.001724479
0.001804892
0.001862754
0.001891172
0.001877027
0.001813238
0.00170187
0.001550519
0.001371832
0.001174365
0.000960529
0.000734637
0.000507425
0.000291467
9.32E-05
-8.84E-05
-0.00026021
-0.000425902
-0.000585843
-0.000737494
-0.000878929
-0.00100438
-0.001105807
-0.001175904
-0.001209969
-0.001206745
-0.001168279
-0.001093533
-0.000976183
-0.00081075
-0.000588868
-0.00030312
4.02E-05
0.000426536
0.000832931
0.001235748
0.001614389
0.001953901
0.002246923
0.002493665
0.002696693
0.00285636
0.002970787
0.003039818
0.003059031
0.003023954
0.002939352
0.002820789
0.002686965
0.002558072
0.002452737
0.002385865
0.002359886
0.002371739
0.00241669
0.002490217
0.002582281
0.002683352
0.002792783
0.002913171
0.003049352
0.003198469
0.00335097
0.003495039
0.003616564
0.003703651
0.003748148
0.003744227
0.003687777
0.003573049
0.003396883
0.00315968
0.002866698
0.002528826
0.002153632
0.001750249
0.001334451
0.000926868
0.000542234
0.000194619
-0.00010305
-0.000350027
-0.000550088
-0.000705766
-0.000818619
-0.000894481
-0.000941465
-0.000968223
-0.000975072
-0.000956174
-0.000906513
-0.0008223
-0.000706677
-0.000571665
-0.000429403
-0.000286084
-0.000148575
-2.50E-05
8.34E-05
0.000178832
0.000262678
0.000326542
0.000357298
0.000350726
0.000309266
0.000230895
0.000112932
-4.05E-05
-0.000221578
-0.000420418
-0.000628577
-0.000835572
-0.001030199
-0.001201881
-0.001345959
-0.001463793
-0.00155637
-0.001625081
-0.001665868
-0.001676091
-0.001666673
-0.001649771
-0.001630684
-0.001609789
-0.001579209
-0.001533424
-0.001471598
-0.001392882
-0.001293225
-0.001168821
-0.0010131
-0.000821952
-0.000598583
-0.000347883
-7.49E-05
0.000212842
0.000509554
0.000806425
0.001095585
0.001371908
0.001629402
0.001860226
0.00205292
0.002200355
0.002294664
0.002332864
0.002315893
0.002246287
0.002132652
0.001988073
0.001827194
0.001656232
0.001483412
0.001321362
0.001179808
0.001070342
0.001010183
0.001011953
0.001081865
0.001217002
0.001409357
0.001655346
0.001954143
0.002290567
0.002645918
0.003000649
0.003332988
0.003629994
0.003879849
0.00406214
0.004159877
0.004167978
0.004087462
0.003926406
0.003696993
0.003417914
0.003111064
0.002785686
0.002448536
0.00210553
0.001759245
0.001414539
0.001083584
0.000781372
0.000515792
0.00029047
0.000107756
-3.19E-05
-0.000131797
-0.000196584
-0.000222747
-0.000208508
-0.000151762
-5.06E-05
9.18E-05
0.000273059
0.000491149
0.000744482
0.0010276
0.001321761
0.001611581
0.001880873
0.002117247
0.002318665
0.00248658
0.002618274
0.002716938
0.00280208
0.002883205
0.002956349
0.003027768
0.003108193
0.003204158
0.003310387
0.003415156
0.003513425
0.003602597
0.003680953
0.003748836
0.003813485
0.003875917
0.003925347
0.003954662
0.003960774
0.003940217
0.003888749
0.003803386
0.003681326
0.003518371
0.003313969
0.003071796
0.002801058
0.002512908
0.002213262
0.001907668
0.00160025
0.001295495
0.000998517
0.000720446
0.00046931
0.000248236
5.67E-05
-0.000112764
-0.000275086
-0.00044005
-0.000603973
-0.000753708
-0.000878224
-0.000976611
-0.001056558
-0.001124988
-0.001187711
-0.001248178
-0.00130785
-0.001367844
-0.001420823
-0.001454796
-0.001458922
-0.00142789
-0.001362296
-0.001267151
-0.001154147
-0.001029652
-0.000883901
-0.000711557
-0.000526735
-0.000346744
-0.000184209
-4.49E-05
7.44E-05
0.000182584
0.000284301
0.000375239
0.000449804
0.000506715
0.000549257
0.000581354
0.000601524
0.000611359
0.000611517
0.000595451
0.000548115
0.000458562
0.000323046
0.000140093
-9.50E-05
-0.000388979
-0.000746396
-0.001170004
-0.001650756
-0.002166965
-0.002692497
-0.003201337
-0.003675242
-0.00410005
-0.004465005
-0.004763305
-0.004990542
-0.005137798
-0.00519132
-0.005150125
-0.005033772
-0.004863576
-0.004648944
-0.004396248
-0.004109185
-0.003796628
-0.003467619
-0.003126907
-0.00278738
-0.00246358
-0.002153678
-0.001845701
-0.00152481
-0.001188488
-0.000844222
-0.000503865
-0.000170279
0.000159894
0.000482475
0.00079237
0.001088941
0.001368652
0.001620468
0.001835442
0.002012441
0.002150641
0.002246933
0.002295635
0.002293697
0.002245839
0.002156284
0.002030432
0.00187874
0.001715422
0.001552939
0.001397056
0.001244204
0.001087779
0.000926463
0.00075857
0.0005773
0.000372147
0.000136587
-0.000128143
-0.000418888
-0.000727248
-0.001033786
-0.001318691
-0.001570867
-0.001792303
-0.001988197
-0.002160946
-0.002305476
-0.002414819
-0.002488023
-0.002530172
-0.002548018
-0.002552219
-0.002550755
-0.002546816
-0.002543554
-0.002540571
-0.002535464
-0.002531626
-0.002537385
-0.002556589
-0.002597389
-0.002670892
-0.002773811
-0.00289655
-0.003027399
-0.003155905
-0.003269728
-0.003353856
-0.003394645
-0.003388058
-0.003344173
-0.003272105
-0.003179856
-0.003080699
-0.002990137
-0.002920158
-0.002876935
-0.002865996
-0.002893212
-0.002964267
-0.003082071
-0.003244976
-0.00344792
-0.003686247
-0.00395912
-0.004264197
-0.004593073
-0.004933689
-0.005280144
-0.005628817
-0.005971563
-0.006303529
-0.006618984
-0.006911238
-0.007173811
-0.007402669
-0.00759945
-0.007767091
-0.007904778
-0.008006067
-0.008067376
-0.008087666
-0.008067249
-0.008004478
-0.007897529
-0.007755453
-0.007586256
-0.007395723
-0.007184695
-0.006956356
-0.006723111
-0.006495879
-0.006283448
-0.006090511
-0.005915989
-0.005757402
-0.005609923
-0.005473188
-0.005351221
-0.00524833
-0.005156399
-0.00505642
-0.00494107
-0.004814143
-0.004674439
-0.004523296
-0.004366704
-0.004206494
-0.004041927
-0.003873866
-0.003705609
-0.003542503
-0.003382521
-0.003223524
-0.003069616
-0.002926733
-0.002792906
-0.002660677
-0.002523875
-0.002380117
-0.002237369
-0.002102246
-0.001973599
-0.001842988
-0.001704944
-0.001555943
-0.00139149
-0.001214469
-0.001033304
-0.000856021
-0.00069065
-0.000541302
-0.000410297
-0.000302963
-0.00022582
-0.000181512
-0.000170675
-0.000189354
-0.000230825
-0.000283855
-0.000339252
-0.000393129
-0.000439908
-0.000470056
-0.000481472
-0.000477908
-0.000461408
-0.000432364
-0.000382916
-0.000304208
-0.000193379
-4.84E-05
0.000139249
0.00038188
0.000686256
0.001052443
0.001478447
0.001961739
0.002492754
0.003044445
0.003586516
0.004092706
0.004547021
0.004932233
0.005232763
0.005437619
0.005537989
0.005525031
0.005402785
0.005192002
0.004919197
0.004605313
0.004269845
0.003931641
0.003606196
0.003304087
0.003027656
0.002783123
0.002577329
0.002412537
0.002284285
0.002181534
0.002081457
0.001964347
0.001829923
0.001684367
0.001534092
0.001382583
0.001233727
0.001100042
0.000998449
0.000943674
0.000945056
0.000998138
0.001094003
0.001226378
0.001395382
0.00160435
0.001849499
0.002121489
0.002413918
0.002725822
0.003057679
0.003403198
0.003741922
0.004053643
0.004323886
0.004555002
0.004755439
0.004929477
0.005079274
0.005206766
0.005314403
0.00540173
0.005468528
0.005510822
0.005525157
0.005512467
0.005477655
0.005426837
0.005361412
0.005284149
0.005195174
0.005088451
0.004960107
0.004809181
0.004633593
0.004432439
0.004208728
0.003976574
0.003754816
0.003556214
0.003389882
0.003250312
0.003131799
0.003033362
0.0029559
0.002901891
0.00287153
0.002856469
0.002849747
0.002851829
0.002874736
0.00293015
0.003025093
0.003153732
0.00331026
0.003491363
0.003694914
0.003917325
0.004156102
0.00441159
0.004681986
0.004965625
0.005255494
0.005535399
0.005792766
0.006014462
0.006192214
0.006324082
0.006410638
0.006451614
0.006449256
0.006405183
0.006326333
0.006221085
0.006097997
0.005968008
0.005836617
0.005696943
0.005534748
0.005343008
0.005119478
0.004869276
0.004607219
0.004338093
0.004058827
0.003769426
0.003473598
0.003182331
0.002906845
0.002642401
0.002380405
0.002119672
0.001859643
0.001598678
0.001333202
0.001065701
0.00080598
0.000563116
0.000348526
0.000173936
4.24E-05
-4.89E-05
-0.000104126
-0.000126131
-0.000118964
-8.08E-05
-6.50E-06
0.000106214
0.000261843
0.000450868
0.000652917
0.000851306
0.001040539
0.00121284
0.001360647
0.001483465
0.001584447
0.001673696
0.001756498
0.001837404
0.001921456
0.002003704
0.002074585
0.002124506
0.002147834
0.002142185
0.002108852
0.002049443
0.001966644
0.001863749
0.001741367
0.001601127
0.001445822
0.001278283
0.001108583
0.000952107
0.000818815
0.000708
0.00061178
0.000527521
0.000455923
0.000394987
0.0003462
0.000307555
0.000274978
0.000245576
0.000210254
0.00015855
8.62E-05
-1.16E-05
-0.000137169
-0.00028881
-0.000455123
-0.000617538
-0.000772979
-0.000932947
-0.001099292
-0.001268636
-0.001437058
-0.001592848
-0.001718763
-0.00180693
-0.001849872
-0.001837211
-0.00175898
-0.001616672
-0.001422254
-0.001188828
-0.000926763
-0.000648204
-0.000360624
-6.77E-05
0.000224631
0.000508723
0.000775169
0.001014874
0.001228485
0.001414314
0.001567126
0.001684543
0.001765697
0.001810028
0.001817876
0.001793457
0.001736365
0.001646278
0.001523779
0.001371019
0.001195754
0.000997019
0.000769986
0.000513846
0.000233398
-7.03E-05
-0.000402066
-0.000758159
-0.001124854
-0.001487749
-0.001829285
-0.002138302
-0.002409497
-0.002639127
-0.002826965
-0.002969061
-0.003071253
-0.003140239
-0.003175398
-0.003172643
-0.003124861
-0.003031958
-0.002907277
-0.002760198
-0.002595589
-0.002415433
-0.002215479
-0.001994909
-0.001756469
-0.001505347
-0.001253248
-0.001013979
-0.000803355
-0.000639747
-0.000537548
-0.000507656
-0.00054836
-0.00064995
-0.000801825
-0.000992732
-0.001205638
-0.001420446
-0.001616038
-0.001773194
-0.00187924
-0.001931876
-0.001927624
-0.001865439
-0.001753475
-0.001605346
-0.001438891
-0.001267551
-0.00110197
-0.000953295
-0.000826764
-0.000725936
-0.000660584
-0.000629404
-0.000623801
-0.000647537
-0.000698662
-0.000770605
-0.000858694
-0.000966137
-0.001102685
-0.001269023
-0.001453948
-0.001640372
-0.001823893
-0.002002558
-0.002172801
-0.002334678
-0.002488544
-0.002634407
-0.002766686
-0.002870739
-0.002939786
-0.002980138
-0.003004465
-0.00302369
-0.003028666
-0.003002311
-0.00294457
-0.002862393
-0.002761528
-0.002647738
-0.002521783
-0.002394084
-0.002277731
-0.002177229
-0.002089505
-0.002013435
-0.001948879
-0.00189415
-0.001849314
-0.001817022
-0.001809804
-0.001833243
-0.001882076
-0.001951985
-0.00204192
-0.002150798
-0.002282984
-0.002443147
-0.002628442
-0.002834225
-0.003053671
-0.003271194
-0.00346521
-0.003618168
-0.00372734
-0.003799544
-0.003845286
-0.003870223
-0.003873481
-0.003851669
-0.003798941
-0.003708318
-0.003580998
-0.003421481
-0.003238488
-0.003048397
-0.002861983
-0.00269015
-0.002543475
-0.002419893
-0.002315774
-0.002239081
-0.002190894
-0.002164347
-0.002148143
-0.002130329
-0.00210346
-0.002066762
-0.002023182
-0.001974746
-0.001923122
-0.00187694
-0.001846142
-0.001837396
-0.001853923
-0.00189169
-0.001943257
-0.002001033
-0.002054475
-0.002090995
-0.002099765
-0.002077071
-0.002031664
-0.001976166
-0.001915615
-0.0018551
-0.001795758
-0.001738861
-0.001677556
-0.001599803
-0.001503771
-0.001389391
-0.00125681
-0.001109594
-0.000959335
-0.000821806
-0.000708671
-0.000622203
-0.000559547
-0.000517744
-0.00049514
-0.000489061
-0.000496018
-0.00051974
-0.000561037
-0.000613616
-0.000672137
-0.000735992
-0.00080729
-0.000885863
-0.000969424
-0.001050095
-0.001123696
-0.001191343
-0.001244512
-0.001273567
-0.001278413
-0.001264165
-0.001227591
-0.001162295
-0.001076033
-0.000979512
-0.000882466
-0.000796068
-0.000726638
-0.000666782
-0.000604483
-0.000535448
-0.000458244
-0.000374775
-0.000284648
-0.000189285
-9.03E-05
1.14E-05
0.000108937
0.000194182
0.000260695
0.000308831
0.000336772
0.000340632
0.000323366
0.000289666
0.000240768
0.000179985
0.00012294
8.92E-05
8.88E-05
0.000126934
0.000207164
0.000332602
0.00050482
0.000722285
0.000982826
0.001279844
0.001592056
0.00190197
0.002198744
0.002475945
0.002729808
0.002951273
0.003129288
0.003257927
0.003340452
0.003380237
0.003381415
0.003354224
0.003317339
0.003289017
0.003285855
0.003322379
0.003402927
0.003516875
0.003645908
0.003772761
0.003881439
0.00396138
0.004007131
0.004019436
0.004000898
0.003952744
0.00387559
0.003769119
0.003634794
0.003481399
0.003323614
0.00317304
0.003034667
0.002902724
0.002772833
0.002646745
0.002527952
0.002418487
0.002316364
0.002222255
0.002136269
0.002059208
0.001996655
0.001958136
0.001949838
0.001969521
0.002008516
0.002057096
0.00211199
0.002176989
0.002245386
0.002305734
0.002354642
0.002396685
0.002427705
0.002441966
0.002441896
0.002436582
0.002426572
0.002404466
0.002363343
0.002309478
0.002252724
0.002188136
0.002104975
0.002000793
0.001889653
0.001789749
0.00170406
0.001633013
0.001581832
0.001551155
0.00154401
0.001558801
0.001590469
0.001633884
0.001684425
0.001740068
0.001804884
0.001874887
0.001945526
0.002013065
0.002074843
0.002127319
0.002168225
0.002196295
0.002216357
0.002235954
0.002256151
0.002274172
0.00228827
0.002296984
0.002297574
0.002284908
0.002256135
0.002217537
0.002169469
0.002111016
0.002044443
0.001966444
0.001872275
0.001763137
0.001653279
0.001559387
0.001485239
0.001426649
0.001376144
0.001324264
0.00126197
0.001187324
0.001106034
0.001025208
0.000946804
0.000872966
0.000812765
0.000767774
0.000736646
0.000721984
0.000736127
0.000799879
0.00093351
0.00113795
0.001404312
0.001709475
0.002021941
0.002317878
0.002582652
0.002814562
0.003014302
0.003173168
0.003280169
0.003328774
0.003315923
0.003236474
0.003092811
0.002893369
0.002649339
0.002374633
0.002074223
0.001753128
0.001423853
0.001107255
0.000820022
0.000572028
0.000364163
0.000195074
5.78E-05
-5.70E-05
-0.000156566
-0.000246181
-0.000329978
-0.000411417
-0.000499575
-0.000600374
-0.000709435
-0.000821294
-0.000926089
-0.001017285
-0.001097966
-0.001170709
-0.001240425
-0.001307737
-0.001363019
-0.001400965
-0.001432692
-0.00146952
-0.001512041
-0.001560282
-0.001614028
-0.001673034
-0.00173673
-0.001800678
-0.001861019
-0.001916756
-0.001967908
-0.002012191
-0.002050704
-0.002088969
-0.002125638
-0.00215296
-0.002172853
-0.002189944
-0.002211623
-0.00225023
-0.002314288
-0.002406686
-0.002523143
-0.002651904
-0.002778599
-0.002889359
-0.002982801
-0.003057853
-0.003108222
-0.003131456
-0.003126651
-0.003092613
-0.003035277
-0.002968396
-0.002902816
-0.002846079
-0.002801606
-0.002775882
-0.002772272
-0.002789017
-0.002824323
-0.002867381
-0.002910404
-0.002947101
-0.002968521
-0.002960536
-0.002918479
-0.002849115
-0.002757913
-0.002649832
-0.002529397
-0.002401852
-0.002270515
-0.002141363
-0.00202612
-0.00193782
-0.001879722
-0.001849849
-0.001842838
-0.001851197
-0.001875816
-0.001920057
-0.001978814
-0.002038436
-0.002080772
-0.002094364
-0.002081556
-0.002047656
-0.001997996
-0.001938727
-0.001870641
-0.00179483
-0.001716738
-0.001641196
-0.001574843
-0.001509456
-0.001426395
-0.001313551
-0.001166759
-0.000987927
-0.000782003
-0.00056127
-0.000340227
-0.00011883
0.000108988
0.000349583
0.000604822
0.000870871
0.001142549
0.001413528
0.00167927
0.001933374
0.002163204
0.002359817
0.002525151
0.00267091
0.002801209
0.002907641
0.002981563
0.003020162
0.003025493
0.003002321
0.0029608
0.002912072
0.002864584
0.002824467
0.002789571
0.002752774
0.002705408
0.002635217
0.002535363
0.002403703
0.002241509
0.002059136
0.001872326
0.001693406
0.001527668
0.001375735
0.001241077
0.001124423
0.001024316
0.000940679
0.000871147
0.000813262
0.000760331
0.0007066
0.000642621
0.000565735
0.000485201
0.00040815
0.000341496
0.000291091
0.00025239
0.000220104
0.000191299
0.000157435
0.000112963
5.57E-05
-9.56E-06
-8.05E-05
-0.000159311
-0.000246381
-0.000342013
-0.000444122
-0.000545145
-0.000636286
-0.000718246
-0.000801987
-0.000893129
-0.000986889
-0.001077555
-0.001163736
-0.001244073
-0.001311639
-0.001362753
-0.001398621
-0.001422688
-0.001444797
-0.001473439
-0.001512765
-0.001567768
-0.001638687
-0.001725941
-0.001836408
-0.001978072
-0.002146815
-0.00232605
-0.002502078
-0.002668662
-0.002824574
-0.002976391
-0.003128544
-0.003277253
-0.003411572
-0.003517015
-0.003583867
-0.003607351
-0.003597051
-0.003566754
-0.003525337
-0.003466278
-0.003370692
-0.003231544
-0.003050404
-0.002830814
-0.002586622
-0.002327294
-0.002058498
-0.001788713
-0.001521853
-0.001259979
-0.001011302
-0.000788229
-0.000602447
-0.000457932
-0.000353111
-0.00028099
-0.000235709
-0.000218532
-0.000227023
-0.000256837
-0.000311061
-0.000394484
-0.000509494
-0.000655677
-0.000833925
-0.001045874
-0.001289858
-0.001554304
-0.00182336
-0.002084256
-0.002328542
-0.002555204
-0.002763841
-0.002951683
-0.003116989
-0.003255855
-0.003372832
-0.00347509
-0.003567346
-0.003642197
-0.003689685
-0.003702872
-0.003677448
-0.003606683
-0.003487209
-0.003326196
-0.003125472
-0.002890623
-0.002635245
-0.002374946
-0.002127526
-0.001904724
-0.001713726
-0.001557068
-0.001434924
-0.001345969
-0.001284195
-0.001253102
-0.001260526
-0.001314094
-0.001411753
-0.001540067
-0.001688159
-0.001839631
-0.001977185
-0.002086543
-0.00216182
-0.002204759
-0.002213307
-0.002186708
-0.002131674
-0.002059131
-0.001979866
-0.001898794
-0.001817449
-0.001741625
-0.001678404
-0.001630165
-0.001595069
-0.001573171
-0.001569951
-0.001590912
-0.001633191
-0.001684583
-0.001732606
-0.00176996
-0.001880182
-0.001892058
-0.001894773
-0.001891367
-0.001883561
-0.00186337
-0.001823912
-0.001766897
-0.001706514
-0.001661703
-0.001639836
-0.001643864
-0.001673091
-0.001719499
-0.001772541
-0.001832829
-0.001902651
-0.001984551
-0.002081028
-0.002188846
-0.002298596
-0.002406946
-0.002518332
-0.002632406
-0.002745003
-0.002854642
-0.002952546
-0.003030609
-0.003087637
-0.003125029
-0.003140509
-0.003128719
-0.003088207
-0.003025978
-0.002949726
-0.002863366
-0.002767722
-0.002662931
-0.002551038
-0.002433801
-0.002309896
-0.002175026
-0.002029184
-0.001881878
-0.001737509
-0.0015839
-0.001413476
-0.001228548
-0.001037767
-0.000854905
-0.000693342
-0.000555037
-0.000438038
-0.000346591
-0.00029042
-0.000279185
-0.000316959
-0.000397192
-0.000509946
-0.000644393
-0.000782578
-0.000906711
-0.001003721
-0.001068594
-0.001101865
-0.001104198
-0.001076776
-0.001030468
-0.000973284
-0.000905071
-0.000828511
-0.000750044
-0.000676813
-0.00061742
-0.000573701
-0.000542302
-0.00052135
-0.000510182
-0.000502155
-0.000488176
-0.000460545
-0.000414319
-0.000351515
-0.000280328
-0.000205079
-0.000125883
-3.80E-05
6.18E-05
0.000171285
0.000284041
0.000389216
0.00048138
0.000569801
0.00067301
0.00079791
0.000932754
0.00106574
0.001190416
0.001310061
0.001429468
0.001547678
0.001655145
0.001737329
0.001778782
0.001770791
0.001713173
0.001626251
0.001538938
0.001469269
0.001428964
0.001429159
0.001474227
0.001562037
0.001689934
0.001849337
0.002024849
0.002199837
0.002365064
0.002519769
0.002667261
0.002811443
0.002949629
0.003080326
0.003209948
0.003342283
0.003475181
0.003597456
0.003696786
0.003763955
0.003794529
0.003789263
0.003754049
0.003694426
0.003617451
0.003533497
0.003448072
0.003359608
0.003262868
0.003160763
0.003061763
0.002974735
0.002908748
0.002877653
0.002893252
0.002956387
0.00306348
0.003208625
0.003385289
0.00358665
0.003803851
0.004034678
0.00427889
0.004529676
0.00477981
0.005020317
0.005230911
0.005391764
0.005495013
0.005541644
0.005531228
0.005461908
0.005334978
0.005160852
0.00495223
0.004722654
0.004484741
0.00424593
0.004007728
0.00377434
0.003554178
0.003359289
0.003197133
0.003070871
0.002977201
0.002909773
0.002860484
0.002819942
0.00277913
0.00273394
0.002689085
0.002653667
0.002632686
0.00262622
0.002632386
0.002650549
0.00267516
0.002696938
0.002716346
0.002733793
0.002744512
0.002743135
0.002721911
0.002677051
0.002607628
0.00251248
0.002391955
0.002249659
0.002091467
0.001928145
0.001767689
0.001617802
0.001489916
0.001393757
0.001335805
0.001319522
0.001348242
0.001421352
0.0015301
0.001662474
0.001810981
0.001966869
0.002118817
0.00225705
0.002374283
0.002464818
0.002525088
0.002559737
0.002575151
0.002571441
0.00254745
0.002510627
0.002466045
0.002412457
0.00235481
0.002301212
0.002251225
0.002202747
0.002153575
0.002104214
0.002052663
0.001998791
0.001945974
0.001897336
0.001850822
0.00180228
0.001749963
0.001695509
0.001645173
0.001604244
0.001572697
0.001543778
0.001506637
0.001452563
0.001382026
0.001300698
0.001212591
0.001117209
0.001011353
0.000892508
0.000767408
0.000647792
0.000537259
0.000432544
0.000335532
0.000252521
0.000184357
0.000133613
0.000105859
0.000105499
0.000132925
0.0001914
0.000279387
0.000390703
0.000519543
0.000659595
0.000802981
0.000942214
0.001072462
0.001183479
0.001266977
0.001319491
0.001341456
0.001329292
0.001280113
0.00119956
0.001094225
0.000971832
0.000842168
0.000708953
0.000573273
0.000435502
0.000294944
0.000150763
3.07E-06
-0.000145336
-0.000288389
-0.000420668
-0.000540402
-0.000646354
-0.000736534
-0.000807635
-0.000857103
-0.000882521
-0.000883286
-0.000859087
-0.000809489
-0.000736483
-0.000645057
-0.000542085
-0.000434328
-0.000323009
-0.00020704
-9.13E-05
1.33E-05
9.73E-05
0.000158428
0.000198034
0.000217392
0.000219188
0.000204983
0.000174507
0.000129606
7.26E-05
2.92E-06
-7.88E-05
-0.000170925
-0.000271275
-0.000377495
-0.000490868
-0.000610048
-0.000728074
-0.000838255
-0.000934357
-0.001013617
-0.001074941
-0.001115204
-0.001133993
-0.001135898
-0.001124305
-0.001099332
-0.001062821
-0.00101764
-0.00096038
-0.000889328
-0.000806469
-0.000716018
-0.000624929
-0.000541888
-0.000470086
-0.000405876
-0.000348754
-0.000302796
-0.000268786
-0.000241777
-0.00022036
-0.000202313
-0.000185513
-0.000167382
-0.000148238
-0.000131358
-0.000119892
-0.000115273
-0.000117037
-0.000122155
-0.000128078
-0.000135397
-0.000147793
-0.000163122
-0.000176047
-0.000187167
-0.000201151
-0.00022247
-0.000252013
-0.000289354
-0.000333024
-0.000381536
-0.000432604
-0.000485492
-0.000539499
-0.000594861
-0.000650307
-0.000703648
-0.000749387
-0.000782216
-0.000800759
-0.000806973
-0.000803323
-0.000791491
-0.000774374
-0.000752811
-0.000722831
-0.000682963
-0.000636172
-0.00058741
-0.000543682
-0.000510752
-0.000489315
-0.000480387
-0.000488535
-0.000519158
-0.000575414
-0.000654127
-0.000747818
-0.000849383
-0.000948111
-0.001034779
-0.001103655
-0.001152011
-0.001181475
-0.001195575
-0.001194482
-0.001178558
-0.00114957
-0.001111007
-0.001069168
-0.001028556
-0.000987721
-0.00094417
-0.000897705
-0.000850741
-0.000807391
-0.000772024
-0.000745873
-0.000727247
-0.00071183
-0.000698091
-0.000688267
-0.000686486
-0.000693735
-0.000706102
-0.000717791
-0.000725041
-0.000725715
-0.000718118
-0.000703413
-0.000686254
-0.000667899
-0.000643867
-0.000609507
-0.000565495
-0.000516187
-0.000465714
-0.000418552
-0.000378378
-0.000345982
-0.000321592
-0.000304608
-0.000293052
-0.000284517
-0.00027876
-0.000274586
-0.000269491
-0.00026528
-0.000265349
-0.000270946
-0.000281192
-0.000294311
-0.000308482
-0.000323462
-0.000339002
-0.000355109
-0.000370114
-0.000382091
-0.000390785
-0.000396801
-0.000397937
-0.000392308
-0.000382996
-0.000375134
-0.000371032
-0.000372112
-0.000378949
-0.000391797
-0.000410526
-0.000434045
-0.000459562
-0.000484968
-0.000508711
-0.000528817
-0.000543462
-0.000551204
-0.000552029
-0.000546209
-0.00053352
-0.000515032
-0.000492775
-0.000466919
-0.000437631
-0.000405183
-0.000370585
-0.000336813
-0.000307827
-0.000285871
-0.000270624
-0.000260937
-0.00025568
-0.000253788
-0.000253027
-0.000252203
-0.000250232
-0.000245174
-0.000236714
-0.000225715
-0.000212739
-0.000197709
-0.000180935
-0.000163192
-0.000144587
-0.000125029
-0.000104627
-8.44E-05
-6.76E-05
-5.52E-05
-4.63E-05
-4.06E-05
-3.82E-05
-3.82E-05
-4.05E-05
-4.48E-05
-4.90E-05
-5.07E-05
-4.90E-05
-4.38E-05
-3.44E-05
-2.04E-05
-2.71E-06
1.66E-05
3.56E-05
5.32E-05
7.02E-05
8.71E-05
0.00010406
0.000121779
0.000141667
0.000163949
0.000186905
0.00020891
0.000229751
0.000249855
0.000269247
0.000287748
0.000303826
0.000316174
0.000324243
0.00032777
0.000326354
0.000319849
0.000308788
0.000294587
0.000278288
0.000259609
0.000238655
0.000215638
0.000190265
0.00016224
0.000131618
9.89E-05
6.43E-05
2.88E-05
-6.09E-06
-3.88E-05
-6.91E-05
-9.79E-05
-0.000125793
-0.000153096
-0.000180399
-0.000207615
-0.00023342
-0.000256759
-0.000278494
-0.000299544
-0.000319704
-0.000337896
-0.000353685
-0.000367611
-0.00038081
-0.00039438
-0.000409124
-0.000425423
-0.000442884
-0.000460315
-0.000476931
-0.000492913
-0.000508553
-0.000523494
-0.000537488
-0.000550881
-0.000563394
-0.000573847
-0.000581377
-0.000585537
-0.000586278
-0.000584611
-0.000581634
-0.000577932
-0.000573705
-0.000569274
-0.000565194
-0.000562067
-0.000560554
-0.000560668
-0.000561793
-0.000563127
-0.000563734
-0.000562879
-0.000560469
-0.000556614
-0.000551148
-0.000543867
-0.000534949
-0.000524752
-0.000513871
-0.00050266
-0.000491639
-0.000481452
-0.000472426
-0.000464532
-0.000457386
-0.000450683
-0.00044427
-0.000438219
-0.000432636
-0.000427151
-0.000421385
-0.00041518
-0.000408605
-0.000401553
-0.000393768
-0.000385083
-0.000375457
-0.000365352
-0.00035537
-0.000345957
-0.000337197
-0.000328791
-0.000320402
-0.000312125
-0.000304248
-0.000296858
-0.00028994
-0.00028345
-0.000277539
-0.000272346
-0.000267621
-0.000262974
-0.00025822
-0.000253214
-0.000248092
-0.000242974
-0.000237876
-0.000232893
-0.000228086
-0.00022342
-0.000218847
-0.000214314
-0.000209679
-0.000204872
-0.000199905
-0.000194841
-0.000189728
-0.000184543
-0.000179246
-0.000173866
-0.00016851
-0.000163186
-0.000157798
-0.000152307
-0.00014673
-0.000141047
-0.000135287
-0.000129613
-0.000124153
-0.00011891
-0.000113842
-0.000108874
-0.000103932
-9.90E-05
-9.39E-05
-8.88E-05
-8.38E-05
-7.87E-05
-7.35E-05
-6.83E-05
-6.30E-05
-5.76E-05
-5.23E-05
-4.70E-05
-4.18E-05
-3.68E-05
-3.19E-05
-2.71E-05
-2.27E-05
-1.85E-05
-1.48E-05
-1.14E-05
-8.46E-06
-5.81E-06
-3.40E-06
-1.15E-06
9.72E-07
3.01E-06
4.98E-06
6.92E-06
8.86E-06
1.08E-05
1.28E-05
1.49E-05
1.70E-05
1.91E-05
2.12E-05
2.33E-05
2.54E-05
2.74E-05
2.94E-05
3.13E-05
3.32E-05
3.50E-05
3.68E-05
3.86E-05
4.04E-05
4.21E-05
4.38E-05
4.55E-05
4.72E-05
4.89E-05
5.05E-05
5.21E-05
5.37E-05
5.52E-05
5.68E-05
5.83E-05
5.98E-05
6.13E-05
6.28E-05
6.43E-05
6.57E-05
6.72E-05
6.86E-05
7.00E-05
7.13E-05
7.27E-05
7.40E-05
7.54E-05
7.67E-05
7.80E-05
7.94E-05
8.07E-05
8.20E-05
8.33E-05
8.47E-05
8.60E-05
8.73E-05
8.86E-05
8.99E-05
9.12E-05
9.25E-05
9.38E-05
9.51E-05
9.64E-05
9.76E-05
9.89E-05
0.000100147
0.000101389
0.000102624
0.000103851
0.00010507
0.000106283
0.000107488
0.000108685
0.000109876
0.000111061
0.000112238
0.000113409
0.000114574
0.000115731
0.000116883
0.000118027
0.000119165
0.000120297
0.000121421
0.000122539
0.00012365
0.000124755
0.000125852
0.000126942
