0.001 2.78737e-008 1.383e-009
0.002 2.60853e-007 1.1133e-008
0.003 1.25995e-006 4.63744e-008
0.004 4.25927e-006 1.36873e-007
0.005 1.14591e-005 3.2733e-007
0.006 2.63095e-005 6.81324e-007
0.007 5.37829e-005 1.28736e-006
0.008 0.000100631 2.26745e-006
0.009 0.000175626 3.78871e-006
0.01 0.000289784 6.07824e-006
0.011 0.000456562 9.44166e-006
0.012 0.000692039 1.42857e-005
0.013 0.00101507 2.11451e-005
0.014 0.00144739 3.07134e-005
0.015 0.00201377 4.38793e-005
0.016 0.002742 6.17666e-005
0.017 0.00366298 8.57794e-005
0.018 0.00481074 0.000117652
0.019 0.00622235 0.000159504
0.02 0.00793792 0.000213897
0.021 0.0100005 0.000283901
0.022 0.0124558 0.000373156
0.023 0.0153524 0.00048595
0.024 0.0187411 0.000627285
0.025 0.022675 0.000802961
0.026 0.0272091 0.00101965
0.027 0.0324003 0.00128497
0.028 0.0383066 0.00160758
0.029 0.0449869 0.00199727
0.03 0.0525012 0.002465
0.031 0.0609094 0.00302302
0.032 0.0702712 0.00368494
0.033 0.0806459 0.00446581
0.034 0.0920918 0.00538217
0.035 0.104665 0.00645213
0.036 0.118421 0.00769546
0.037 0.133412 0.00913357
0.038 0.149687 0.0107897
0.039 0.167291 0.0126887
0.04 0.186268 0.0148575
0.041 0.206653 0.0173245
0.042 0.228481 0.0201203
0.043 0.251777 0.0232772
0.044 0.276565 0.0268293
0.045 0.302858 0.0308125
0.046 0.330666 0.0352645
0.047 0.359989 0.0402248
0.048 0.390823 0.0457343
0.049 0.423154 0.0518358
0.05 0.456959 0.0585734
0.051 0.49221 0.0659925
0.052 0.528867 0.0741397
0.053 0.566884 0.0830629
0.054 0.606205 0.0928107
0.055 0.646764 0.103432
0.056 0.688488 0.114978
0.057 0.731293 0.127498
0.058 0.775088 0.141042
0.059 0.819773 0.155661
0.06 0.865237 0.171405
0.061 0.911363 0.188323
0.062 0.958024 0.206462
0.063 1.00509 0.22587
0.064 1.05241 0.246593
0.065 1.09984 0.268673
0.066 1.14723 0.292153
0.067 1.19441 0.31707
0.068 1.24122 0.343462
0.069 1.28748 0.37136
0.07 1.33302 0.400794
0.071 1.37765 0.43179
0.072 1.42119 0.464368
0.073 1.46346 0.498545
0.074 1.50427 0.534333
0.075 1.54343 0.571738
0.076 1.58076 0.61076
0.077 1.61606 0.651396
0.078 1.64915 0.693634
0.079 1.67986 0.737456
0.08 1.708 0.782838
0.081 1.7334 0.829748
0.082 1.75589 0.878148
0.083 1.77532 0.927993
0.084 1.79153 0.979228
0.085 1.80438 1.03179
0.086 1.81374 1.08562
0.087 1.81947 1.14063
0.088 1.82146 1.19673
0.089 1.81962 1.25384
0.09 1.81386 1.31186
0.091 1.8041 1.37067
0.092 1.79027 1.43015
0.093 1.77234 1.49019
0.094 1.75027 1.55065
0.095 1.72404 1.61139
0.096 1.69366 1.67225
0.097 1.65915 1.73309
0.098 1.62053 1.79375
0.099 1.57787 1.85405
0.1 1.53123 1.91383
0.101 1.4807 1.97289
0.102 1.42638 2.03107
0.103 1.3684 2.08816
0.104 1.3069 2.14397
0.105 1.24203 2.19832
0.106 1.17397 2.25098
0.107 1.1029 2.30178
0.108 1.02904 2.35049
0.109 0.952613 2.39692
0.11 0.873847 2.44086
0.111 0.792999 2.4821
0.112 0.710332 2.52044
0.113 0.626126 2.55568
0.114 0.540668 2.58762
0.115 0.45426 2.61607
0.116 0.367211 2.64084
0.117 0.279838 2.66173
0.118 0.192468 2.67857
0.119 0.105431 2.6912
0.12 0.0190649 2.69944
0.121 -0.0662922 2.70314
0.122 -0.150298 2.70215
0.123 -0.232611 2.69635
0.124 -0.31289 2.6856
0.125 -0.390795 2.66979
0.126 -0.465993 2.64883
0.127 -0.538151 2.62263
0.128 -0.606949 2.59111
0.129 -0.672071 2.55422
0.13 -0.733213 2.51192
0.131 -0.79008 2.46417
0.132 -0.842391 2.41098
0.133 -0.889881 2.35235
0.134 -0.932297 2.2883
0.135 -0.969406 2.21887
0.136 -1.00099 2.14413
0.137 -1.02685 2.06415
0.138 -1.04682 1.97904
0.139 -1.06073 1.88889
0.14 -1.06846 1.79386
0.141 -1.06989 1.6941
0.142 -1.06495 1.58976
0.143 -1.05357 1.48105
0.144 -1.03572 1.36817
0.145 -1.01139 1.25134
0.146 -0.980597 1.13081
0.147 -0.943397 1.00683
0.148 -0.899861 0.879687
0.149 -0.85009 0.749665
0.15 -0.794214 0.617071
0.151 -0.73239 0.482226
0.152 -0.664801 0.345464
0.153 -0.591659 0.207132
0.154 -0.513201 0.0675862
0.155 -0.429691 -0.0728032
0.156 -0.341417 -0.213658
0.157 -0.248692 -0.354593
0.158 -0.151851 -0.495213
0.159 -0.0512529 -0.635118
0.16 0.0527226 -0.773905
0.161 0.159676 -0.911165
0.162 0.26919 -1.04649
0.163 0.380829 -1.17947
0.164 0.494144 -1.30969
0.165 0.608668 -1.43675
0.166 0.723927 -1.56024
0.167 0.839433 -1.67976
0.168 0.95469 -1.79493
0.169 1.0692 -1.90536
0.17 1.18245 -2.01068
0.171 1.29394 -2.11052
0.172 1.40315 -2.20453
0.173 1.50958 -2.29238
0.174 1.61272 -2.37375
0.175 1.71208 -2.44833
0.176 1.80716 -2.51585
0.177 1.89749 -2.57602
0.178 1.9826 -2.62861
0.179 2.06202 -2.67339
0.18 2.13534 -2.71017
0.181 2.20212 -2.73876
0.182 2.26197 -2.75902
0.183 2.31451 -2.77082
0.184 2.35939 -2.77406
0.185 2.39629 -2.76866
0.186 2.4249 -2.75459
0.187 2.44495 -2.73183
0.188 2.45621 -2.70039
0.189 2.45846 -2.66032
0.19 2.45153 -2.61169
0.191 2.43528 -2.5546
0.192 2.40961 -2.48919
0.193 2.37444 -2.41562
0.194 2.32975 -2.33407
0.195 2.27553 -2.24478
0.196 2.21183 -2.14799
0.197 2.13873 -2.04398
0.198 2.05636 -1.93305
0.199 1.96485 -1.81554
0.2 1.86442 -1.69181
0.201 1.75528 -1.56224
0.202 1.63772 -1.42724
0.203 1.51204 -1.28724
0.204 1.37858 -1.14269
0.205 1.2377 -0.994068
0.206 1.08984 -0.841861
0.207 0.935415 -0.686579
0.208 0.774911 -0.528747
0.209 0.608826 -0.368903
0.21 0.43769 -0.207598
0.211 0.262057 -0.045391
0.212 0.0825065 0.117147
0.213 -0.100362 0.279441
0.214 -0.285927 0.440911
0.215 -0.473554 0.600974
0.216 -0.662589 0.759046
0.217 -0.852369 0.914546
0.218 -1.04222 1.0669
0.219 -1.23146 1.21553
0.22 -1.4194 1.35987
0.221 -1.60535 1.49937
0.222 -1.78864 1.6335
0.223 -1.96856 1.76171
0.224 -2.14446 1.8835
0.225 -2.31565 1.99838
0.226 -2.48148 2.10587
0.227 -2.64132 2.20552
0.228 -2.79452 2.2969
0.229 -2.9405 2.37962
0.23 -3.07866 2.45329
0.231 -3.20846 2.51757
0.232 -3.32935 2.57215
0.233 -3.44084 2.61673
0.234 -3.54246 2.65108
0.235 -3.63378 2.67497
0.236 -3.7144 2.68822
0.237 -3.78395 2.69068
0.238 -3.84212 2.68225
0.239 -3.88863 2.66285
0.24 -3.92324 2.63245
0.241 -3.94576 2.59106
0.242 -3.95605 2.53871
0.243 -3.95399 2.4755
0.244 -3.93954 2.40154
0.245 -3.9127 2.317
0.246 -3.87349 2.22208
0.247 -3.82202 2.117
0.248 -3.75842 2.00205
0.249 -3.68287 1.87754
0.25 -3.59561 1.74381
0.251 -3.49692 1.60125
0.252 -3.38712 1.45027
0.253 -3.26658 1.29131
0.254 -3.13573 1.12487
0.255 -2.99501 0.95144
0.256 -2.84492 0.771563
0.257 -2.68601 0.5858
0.258 -2.51884 0.394737
0.259 -2.34404 0.198981
0.26 -2.16224 -0.000839614
0.261 -1.97412 -0.204078
0.262 -1.78039 -0.410074
0.263 -1.58176 -0.618151
0.264 -1.37901 -0.827625
0.265 -1.17289 -1.0378
0.266 -0.964199 -1.24798
0.267 -0.753743 -1.45745
0.268 -0.542335 -1.66552
0.269 -0.3308 -1.87147
0.27 -0.119965 -2.07462
0.271 0.0893412 -2.27426
0.272 0.296291 -2.46972
0.273 0.500061 -2.66032
0.274 0.69984 -2.8454
0.275 0.894824 -3.02433
0.276 1.08423 -3.19648
0.277 1.26729 -3.36126
0.278 1.44325 -3.51808
0.279 1.61139 -3.6664
0.28 1.77103 -3.8057
0.281 1.92149 -3.93547
0.282 2.06215 -4.05527
0.283 2.19242 -4.16467
0.284 2.31173 -4.26327
0.285 2.41959 -4.35072
0.286 2.5155 -4.4267
0.287 2.59907 -4.49095
0.288 2.6699 -4.54321
0.289 2.72766 -4.58331
0.29 2.7721 -4.61109
0.291 2.80297 -4.62644
0.292 2.82012 -4.62929
0.293 2.82342 -4.61964
0.294 2.81281 -4.5975
0.295 2.7883 -4.56293
0.296 2.74993 -4.51607
0.297 2.69781 -4.45705
0.298 2.6321 -4.38609
0.299 2.55303 -4.30342
0.3 2.46087 -4.20932
0.301 2.35594 -4.10414
0.302 2.23863 -3.98822
0.303 2.10938 -3.86197
0.304 1.96866 -3.72584
0.305 1.81701 -3.58029
0.306 1.655 -3.42585
0.307 1.48327 -3.26304
0.308 1.30248 -3.09244
0.309 1.11333 -2.91466
0.31 0.916574 -2.7303
0.311 0.712978 -2.54003
0.312 0.503357 -2.3445
0.313 0.288545 -2.1444
0.314 0.0694059 -1.94044
0.315 -0.153178 -1.73333
0.316 -0.378305 -1.52379
0.317 -0.605059 -1.31256
0.318 -0.832513 -1.10036
0.319 -1.05973 -0.887954
0.32 -1.28579 -0.676062
0.321 -1.50973 -0.465423
0.322 -1.73063 -0.256765
0.323 -1.94757 -0.0508058
0.324 -2.15963 0.151748
0.325 -2.36591 0.350205
0.326 -2.56555 0.543891
0.327 -2.75767 0.732151
0.328 -2.94146 0.914354
0.329 -3.11611 1.08989
0.33 -3.28085 1.25819
0.331 -3.43497 1.41869
0.332 -3.57777 1.57088
0.333 -3.7086 1.71427
0.334 -3.82686 1.84841
0.335 -3.93201 1.97289
0.336 -4.02353 2.08734
0.337 -4.10097 2.19142
0.338 -4.16395 2.28485
0.339 -4.21212 2.36736
0.34 -4.2452 2.43876
0.341 -4.26298 2.49888
0.342 -4.26529 2.5476
0.343 -4.25203 2.58486
0.344 -4.22317 2.61063
0.345 -4.17874 2.62492
0.346 -4.11882 2.6278
0.347 -4.04357 2.61938
0.348 -3.9532 2.59981
0.349 -3.84799 2.56929
0.35 -3.72827 2.52807
0.351 -3.59445 2.47642
0.352 -3.44697 2.41466
0.353 -3.28635 2.34317
0.354 -3.11315 2.26234
0.355 -2.928 2.17262
0.356 -2.73156 2.07446
0.357 -2.52455 1.96838
0.358 -2.30773 1.85491
0.359 -2.08191 1.73461
0.36 -1.84793 1.60808
0.361 -1.60666 1.47592
0.362 -1.35902 1.33877
0.363 -1.10595 1.19728
0.364 -0.848407 1.05212
0.365 -0.587383 0.903963
0.366 -0.323877 0.753504
0.367 -0.0589058 0.60144
0.368 0.206508 0.44847
0.369 0.471334 0.2953
0.37 0.734545 0.142629
0.371 0.995113 -0.00884552
0.372 1.25202 -0.158433
0.373 1.50427 -0.305455
0.374 1.75085 -0.449245
0.375 1.99082 -0.589151
0.376 2.22321 -0.724542
0.377 2.44712 -0.854806
0.378 2.66166 -0.979356
0.379 2.86598 -1.09763
0.38 3.05927 -1.20909
0.381 3.24077 -1.31325
0.382 3.40976 -1.40962
0.383 3.56556 -1.49777
0.384 3.70755 -1.57731
0.385 3.83518 -1.64787
0.386 3.94794 -1.70914
0.387 4.04538 -1.76082
0.388 4.12711 -1.80269
0.389 4.19282 -1.83455
0.39 4.24224 -1.85625
0.391 4.2752 -1.86768
0.392 4.29155 -1.86878
0.393 4.29126 -1.85954
0.394 4.27432 -1.83998
0.395 4.24083 -1.81018
0.396 4.19093 -1.77026
0.397 4.12485 -1.72038
0.398 4.04285 -1.66074
0.399 3.94531 -1.59161
0.4 3.83263 -1.51327
0.401 3.70529 -1.42605
0.402 3.56383 -1.33033
0.403 3.40887 -1.22652
0.404 3.24104 -1.11505
0.405 3.06107 -0.996408
0.406 2.86972 -0.871106
0.407 2.66781 -0.739683
0.408 2.45619 -0.602707
0.409 2.23577 -0.460768
0.41 2.00749 -0.314482
0.411 1.77231 -0.164484
0.412 1.53126 -0.011425
0.413 1.28537 0.14403
0.414 1.03568 0.301203
0.415 0.783274 0.45941
0.416 0.529241 0.61796
0.417 0.274678 0.77616
0.418 0.0206874 0.933316
0.419 -0.231628 1.08874
0.42 -0.481168 1.24175
0.421 -0.726845 1.39167
0.422 -0.96758 1.53785
0.423 -1.20231 1.67964
0.424 -1.43001 1.8164
0.425 -1.64967 1.94754
0.426 -1.86029 2.07248
0.427 -2.06095 2.19065
0.428 -2.25074 2.30154
0.429 -2.4288 2.40464
0.43 -2.5943 2.4995
0.431 -2.7465 2.58569
0.432 -2.88467 2.66282
0.433 -3.00817 2.73053
0.434 -3.1164 2.78853
0.435 -3.20884 2.83654
0.436 -3.28501 2.87434
0.437 -3.34451 2.90175
0.438 -3.38703 2.91864
0.439 -3.41229 2.92493
0.44 -3.42011 2.92057
0.441 -3.41038 2.90558
0.442 -3.38305 2.88
0.443 -3.33816 2.84394
0.444 -3.27582 2.79755
0.445 -3.19621 2.74103
0.446 -3.09958 2.67462
0.447 -2.98626 2.5986
0.448 -2.85665 2.51331
0.449 -2.71122 2.41912
0.45 -2.5505 2.31643
0.451 -2.37511 2.20571
0.452 -2.18571 2.08745
0.453 -1.98304 1.96218
0.454 -1.76787 1.83044
0.455 -1.54106 1.69284
0.456 -1.30351 1.54999
0.457 -1.05615 1.40255
0.458 -0.799991 1.25117
0.459 -0.536055 1.09655
0.46 -0.265415 0.939394
0.461 0.0108259 0.780428
0.462 0.291536 0.620383
0.463 0.575562 0.460002
0.464 0.861728 0.300031
0.465 1.14885 0.141219
0.466 1.43572 -0.0156861
0.467 1.72115 -0.169941
0.468 2.00392 -0.320811
0.469 2.28286 -0.467571
0.47 2.55676 -0.609512
0.471 2.82446 -0.74594
0.472 3.08482 -0.876186
0.473 3.3367 -0.999599
0.474 3.57901 -1.11556
0.475 3.8107 -1.22347
0.476 4.03074 -1.32278
0.477 4.23815 -1.41295
0.478 4.43202 -1.49351
0.479 4.61145 -1.564
0.48 4.77562 -1.62401
0.481 4.92378 -1.67318
0.482 5.05523 -1.7112
0.483 5.16932 -1.73779
0.484 5.2655 -1.75273
0.485 5.34327 -1.75585
0.486 5.40221 -1.74704
0.487 5.44197 -1.72621
0.488 5.46228 -1.69336
0.489 5.46296 -1.64852
0.49 5.44389 -1.59178
0.491 5.40505 -1.52328
0.492 5.34648 -1.44323
0.493 5.26832 -1.35186
0.494 5.17077 -1.24948
0.495 5.05414 -1.13644
0.496 4.9188 -1.01313
0.497 4.76519 -0.880012
0.498 4.59384 -0.737574
0.499 4.40535 -0.586356
0.5 4.2004 -0.426941
0.501 3.97973 -0.259952
0.502 3.74415 -0.086051
0.503 3.49452 0.0940652
0.504 3.2318 0.279666
0.505 2.95697 0.46999
0.506 2.67107 0.664248
0.507 2.3752 0.86163
0.508 2.0705 1.0613
0.509 1.75814 1.26241
0.51 1.43934 1.46409
0.511 1.11534 1.66546
0.512 0.787422 1.86565
0.513 0.456867 2.06377
0.514 0.124983 2.25892
0.515 -0.206913 2.45024
0.516 -0.5375 2.63683
0.517 -0.865459 2.81784
0.518 -1.18948 2.99242
0.519 -1.50825 3.15974
0.52 -1.82049 3.31898
0.521 -2.12494 3.46938
0.522 -2.42037 3.61016
0.523 -2.70556 3.74062
0.524 -2.97936 3.86005
0.525 -3.24064 3.96783
0.526 -3.48832 4.06333
0.527 -3.7214 4.146
0.528 -3.93889 4.21532
0.529 -4.13989 4.27083
0.53 -4.32356 4.31211
0.531 -4.48913 4.3388
0.532 -4.63589 4.3506
0.533 -4.76322 4.34725
0.534 -4.87057 4.32856
0.535 -4.95746 4.29441
0.536 -5.02351 4.24473
0.537 -5.06841 4.1795
0.538 -5.09194 4.09878
0.539 -5.09398 4.00268
0.54 -5.07447 3.89139
0.541 -5.03345 3.76513
0.542 -4.97107 3.62421
0.543 -4.88753 3.46899
0.544 -4.78315 3.29989
0.545 -4.6583 3.11737
0.546 -4.51348 2.92199
0.547 -4.34924 2.71431
0.548 -4.16623 2.49499
0.549 -3.96515 2.26471
0.55 -3.74681 2.02421
0.551 -3.51208 1.77427
0.552 -3.26189 1.51572
0.553 -2.99725 1.24944
0.554 -2.71923 0.976304
0.555 -2.42895 0.697265
0.556 -2.1276 0.413283
0.557 -1.81639 0.125347
0.558 -1.49661 -0.16553
0.559 -1.16956 -0.45832
0.56 -0.836592 -0.751977
0.561 -0.499078 -1.04545
0.562 -0.158415 -1.33767
0.563 0.183982 -1.62758
0.564 0.526687 -1.91413
0.565 0.868267 -2.19625
0.566 1.20729 -2.4729
0.567 1.54233 -2.74306
0.568 1.87197 -3.00571
0.569 2.19481 -3.25987
0.57 2.50948 -3.50458
0.571 2.81464 -3.73891
0.572 3.10896 -3.96197
0.573 3.39119 -4.17289
0.574 3.66008 -4.37087
0.575 3.91447 -4.55513
0.576 4.15323 -4.72496
0.577 4.37531 -4.87968
0.578 4.5797 -5.01868
0.579 4.76547 -5.1414
0.58 4.93177 -5.24733
0.581 5.07782 -5.33605
0.582 5.20292 -5.40718
0.583 5.30646 -5.46041
0.584 5.38789 -5.49549
0.585 5.44677 -5.51226
0.586 5.48276 -5.5106
0.587 5.49558 -5.49048
0.588 5.48507 -5.45193
0.589 5.45115 -5.39506
0.59 5.39385 -5.32004
0.591 5.31326 -5.22711
0.592 5.20962 -5.1166
0.593 5.0832 -4.98887
0.594 4.93442 -4.84437
0.595 4.76375 -4.68362
0.596 4.57178 -4.50719
0.597 4.35917 -4.31572
0.598 4.12666 -4.10991
0.599 3.87509 -3.8905
0.6 3.60538 -3.65831
0.601 3.31851 -3.41419
0.602 3.01554 -3.15905
0.603 2.6976 -2.89385
0.604 2.36588 -2.61956
0.605 2.02163 -2.33722
0.606 1.66616 -2.04789
0.607 1.30083 -1.75267
0.608 0.927026 -1.45266
0.609 0.546192 -1.14901
0.61 0.159794 -0.842872
0.611 -0.230671 -0.535408
0.612 -0.623687 -0.227793
0.613 -1.01772 0.0787959
0.614 -1.41124 0.383183
0.615 -1.80269 0.684198
0.616 -2.19055 0.980682
0.617 -2.57328 1.27149
0.618 -2.94937 1.5555
0.619 -3.31734 1.83162
0.62 -3.67571 2.09875
0.621 -4.02308 2.35588
0.622 -4.35804 2.60199
0.623 -4.67926 2.83613
0.624 -4.98546 3.05737
0.625 -5.2754 3.26484
0.626 -5.54791 3.45772
0.627 -5.80189 3.63525
0.628 -6.0363 3.79673
0.629 -6.2502 3.9415
0.63 -6.4427 4.06898
0.631 -6.613 4.17866
0.632 -6.76041 4.27009
0.633 -6.88431 4.34289
0.634 -6.98416 4.39675
0.635 -7.05955 4.43143
0.636 -7.11013 4.44677
0.637 -7.13567 4.44269
0.638 -7.13604 4.41917
0.639 -7.1112 4.37626
0.64 -7.0612 4.31412
0.641 -6.98622 4.23295
0.642 -6.88652 4.13303
0.643 -6.76246 4.01473
0.644 -6.6145 3.87846
0.645 -6.44319 3.72473
0.646 -6.24919 3.55411
0.647 -6.03324 3.36723
0.648 -5.79616 3.16478
0.649 -5.53887 2.94752
0.65 -5.26237 2.71626
0.651 -4.96773 2.47187
0.652 -4.65609 2.21528
0.653 -4.32868 1.94745
0.654 -3.98677 1.66939
0.655 -3.63171 1.38217
0.656 -3.2649 1.08685
0.657 -2.88776 0.784581
0.658 -2.50179 0.476495
0.659 -2.10852 0.163768
0.66 -1.70949 -0.152409
0.661 -1.30628 -0.47083
0.662 -0.900483 -0.790282
0.663 -0.493713 -1.10955
0.664 -0.0875801 -1.4274
0.665 0.316306 -1.74264
0.666 0.716341 -2.05405
0.667 1.11094 -2.36044
0.668 1.49852 -2.66065
0.669 1.87756 -2.95353
0.67 2.24655 -3.23795
0.671 2.604 -3.51283
0.672 2.94851 -3.77712
0.673 3.2787 -4.0298
0.674 3.59325 -4.26993
0.675 3.89092 -4.49657
0.676 4.17051 -4.70886
0.677 4.43092 -4.906
0.678 4.67111 -5.08724
0.679 4.89012 -5.25188
0.68 5.08708 -5.3993
0.681 5.26122 -5.52894
0.682 5.41184 -5.64032
0.683 5.53835 -5.73301
0.684 5.64025 -5.80667
0.685 5.71715 -5.86103
0.686 5.76875 -5.89589
0.687 5.79485 -5.91113
0.688 5.79536 -5.90669
0.689 5.7703 -5.88262
0.69 5.71979 -5.83901
0.691 5.64405 -5.77605
0.692 5.54339 -5.694
0.693 5.41825 -5.59317
0.694 5.26915 -5.47398
0.695 5.09672 -5.33689
0.696 4.90167 -5.18245
0.697 4.68482 -5.01126
0.698 4.44705 -4.82399
0.699 4.18938 -4.62138
0.7 3.91285 -4.40421
0.701 3.61862 -4.17333
0.702 3.3079 -3.92965
0.703 2.98199 -3.6741
0.704 2.64224 -3.40767
0.705 2.29005 -3.13139
0.706 1.92688 -2.84634
0.707 1.55424 -2.5536
0.708 1.17368 -2.25431
0.709 0.786773 -1.94961
0.71 0.395131 -1.64067
0.711 0.000379479 -1.32867
0.712 -0.395838 -1.0148
0.713 -0.791872 -0.700247
0.714 -1.18607 -0.386213
0.715 -1.57679 -0.0738819
0.716 -1.9624 0.235568
0.717 -2.34129 0.540975
0.718 -2.71186 0.841194
0.719 -3.07257 1.13511
0.72 -3.42191 1.42163
0.721 -3.75838 1.69969
0.722 -4.08059 1.96828
0.723 -4.38716 2.22641
0.724 -4.6768 2.47315
0.725 -4.94827 2.70762
0.726 -5.20042 2.92898
0.727 -5.43215 3.13645
0.728 -5.64247 3.32931
0.729 -5.83047 3.50691
0.73 -5.99533 3.66864
0.731 -6.13631 3.81398
0.732 -6.25277 3.94247
0.733 -6.3442 4.05372
0.734 -6.41015 4.14742
0.735 -6.45029 4.2233
0.736 -6.46441 4.2812
0.737 -6.45238 4.32103
0.738 -6.41419 4.34275
0.739 -6.34994 4.34642
0.74 -6.25983 4.33216
0.741 -6.14416 4.30017
0.742 -6.00336 4.25072
0.743 -5.83792 4.18414
0.744 -5.64848 4.10085
0.745 -5.43573 4.00133
0.746 -5.2005 3.88612
0.747 -4.94368 3.75582
0.748 -4.66627 3.61111
0.749 -4.36933 3.45271
0.75 -4.05404 3.2814
0.751 -3.72161 3.09802
0.752 -3.37336 2.90344
0.753 -3.01065 2.6986
0.754 -2.6349 2.48444
0.755 -2.24762 2.26198
0.756 -1.85032 2.03225
0.757 -1.44458 1.79631
0.758 -1.03201 1.55525
0.759 -0.614252 1.31016
0.76 -0.192964 1.06217
0.761 0.230175 0.812391
0.762 0.653478 0.561969
0.763 1.07526 0.31203
0.764 1.49383 0.0637003
0.765 1.90752 -0.181903
0.766 2.31468 -0.423677
0.767 2.71368 -0.660538
0.768 3.10292 -0.891425
0.769 3.48085 -1.11531
0.77 3.84595 -1.33118
0.771 4.19676 -1.53808
0.772 4.53188 -1.73508
0.773 4.84997 -1.92131
0.774 5.14974 -2.09592
0.775 5.43001 -2.25815
0.776 5.68966 -2.40725
0.777 5.92764 -2.54257
0.778 6.14301 -2.66349
0.779 6.33491 -2.76947
0.78 6.50258 -2.86003
0.781 6.64535 -2.93475
0.782 6.76267 -2.99328
0.783 6.85406 -3.03536
0.784 6.91919 -3.06079
0.785 6.9578 -3.06942
0.786 6.96975 -3.0612
0.787 6.95502 -3.03615
0.788 6.91369 -2.99435
0.789 6.84594 -2.93597
0.79 6.75207 -2.86124
0.791 6.63249 -2.77046
0.792 6.4877 -2.66401
0.793 6.31831 -2.54232
0.794 6.12505 -2.40592
0.795 5.90872 -2.25536
0.796 5.67022 -2.09128
0.797 5.41057 -1.91438
0.798 5.13083 -1.72541
0.799 4.83219 -1.52516
0.8 4.51588 -1.31449
0.801 4.18323 -1.0943
0.802 3.83563 -0.865521
0.803 3.47451 -0.629144
0.804 3.10139 -0.386175
0.805 2.71782 -0.137659
0.806 2.32541 0.115336
0.807 1.92578 0.371721
0.808 1.52061 0.630389
0.809 1.11159 0.890224
0.81 0.700417 1.1501
0.811 0.288816 1.40889
0.812 -0.121496 1.66547
0.813 -0.528802 1.91873
0.814 -0.931399 2.16755
0.815 -1.3276 2.41085
0.816 -1.71575 2.64756
0.817 -2.09421 2.87665
0.818 -2.4614 3.09709
0.819 -2.81578 3.30792
0.82 -3.15585 3.5082
0.821 -3.48018 3.69703
0.822 -3.7874 3.87357
0.823 -4.0762 4.03701
0.824 -4.34538 4.18662
0.825 -4.59377 4.32171
0.826 -4.82033 4.44166
0.827 -5.02408 4.54589
0.828 -5.20415 4.63392
0.829 -5.35975 4.70531
0.83 -5.49021 4.7597
0.831 -5.59496 4.79681
0.832 -5.67352 4.81642
0.833 -5.72554 4.81838
0.834 -5.75077 4.80262
0.835 -5.74905 4.76916
0.836 -5.72037 4.71807
0.837 -5.66482 4.64951
0.838 -5.58257 4.56371
0.839 -5.47394 4.46097
0.84 -5.33934 4.34168
0.841 -5.17931 4.20627
0.842 -4.99445 4.05526
0.843 -4.78552 3.88924
0.844 -4.55334 3.70885
0.845 -4.29885 3.51481
0.846 -4.02307 3.30788
0.847 -3.72711 3.0889
0.848 -3.41218 2.85874
0.849 -3.07955 2.61834
0.85 -2.73059 2.36866
0.851 -2.36672 2.11072
0.852 -1.98942 1.84559
0.853 -1.60026 1.57434
0.854 -1.20081 1.2981
0.855 -0.792743 1.01801
0.856 -0.377727 0.735215
0.857 0.04252 0.450906
0.858 0.466257 0.166265
0.859 0.891727 -0.11752
0.86 1.31716 -0.399257
0.861 1.74079 -0.677762
0.862 2.16085 -0.951859
0.863 2.57557 -1.22039
0.864 2.98323 -1.48221
0.865 3.38212 -1.7362
0.866 3.77054 -1.98128
0.867 4.14687 -2.2164
0.868 4.50951 -2.44053
0.869 4.85693 -2.65272
0.87 5.18763 -2.85202
0.871 5.50021 -3.03758
0.872 5.79332 -3.20856
0.873 6.06569 -3.36421
0.874 6.31615 -3.50383
0.875 6.54359 -3.62679
0.876 6.74701 -3.7325
0.877 6.92549 -3.82048
0.878 7.07824 -3.89031
0.879 7.20453 -3.94162
0.88 7.30378 -3.97415
0.881 7.37549 -3.98769
0.882 7.41929 -3.98213
0.883 7.4349 -3.95743
0.884 7.42217 -3.91362
0.885 7.38107 -3.85083
0.886 7.31168 -3.76925
0.887 7.21417 -3.66915
0.888 7.08887 -3.5509
0.889 6.9362 -3.41493
0.89 6.75668 -3.26174
0.891 6.55095 -3.09191
0.892 6.31977 -2.90609
0.893 6.06399 -2.70501
0.894 5.78456 -2.48945
0.895 5.48254 -2.26026
0.896 5.15907 -2.01835
0.897 4.81538 -1.76469
0.898 4.4528 -1.50029
0.899 4.07271 -1.22622
0.9 3.6766 -0.943594
0.901 3.26598 -0.653559
0.902 2.84247 -0.357302
0.903 2.4077 -0.0560418
0.904 1.96339 0.24898
0.905 1.51127 0.556499
0.906 1.05312 0.865236
0.907 0.590728 1.1739
0.908 0.125929 1.4812
0.909 -0.33945 1.78583
0.91 -0.803571 2.08651
0.911 -1.2646 2.38196
0.912 -1.72071 2.67091
0.913 -2.17009 2.95211
0.914 -2.61096 3.22436
0.915 -3.04157 3.48645
0.916 -3.46022 3.73725
0.917 -3.86523 3.97563
0.918 -4.25499 4.20054
0.919 -4.62795 4.41095
0.92 -4.98263 4.6059
0.921 -5.31761 4.7845
0.922 -5.63155 4.94589
0.923 -5.9232 5.08929
0.924 -6.19141 5.21401
0.925 -6.43509 5.31939
0.926 -6.65327 5.40489
0.927 -6.84509 5.47
0.928 -7.00978 5.51433
0.929 -7.14668 5.53754
0.93 -7.25525 5.5394
0.931 -7.33505 5.51974
0.932 -7.38577 5.47849
0.933 -7.40721 5.41566
0.934 -7.3993 5.33134
0.935 -7.36206 5.22572
0.936 -7.29566 5.09906
0.937 -7.20037 4.95171
0.938 -7.07658 4.7841
0.939 -6.92479 4.59674
0.94 -6.74564 4.39023
0.941 -6.53984 4.16525
0.942 -6.30824 3.92253
0.943 -6.05179 3.66289
0.944 -5.77152 3.38722
0.945 -5.46858 3.09648
0.946 -5.14421 2.79168
0.947 -4.79973 2.47389
0.948 -4.43654 2.14424
0.949 -4.05613 1.80391
0.95 -3.66005 1.45412
0.951 -3.24991 1.09614
0.952 -2.82739 0.731261
0.953 -2.39423 0.360824
0.954 -1.95218 -0.0138196
0.955 -1.50305 -0.391292
0.956 -1.0487 -0.770201
0.957 -0.590967 -1.14915
0.958 -0.13174 -1.52672
0.959 0.327101 -1.90152
0.96 0.783672 -2.27215
0.961 1.2361 -2.63722
0.962 1.68252 -2.99537
0.963 2.12109 -3.34526
0.964 2.55002 -3.68556
0.965 2.96752 -4.01501
0.966 3.37189 -4.33235
0.967 3.76143 -4.63639
0.968 4.13454 -4.92598
0.969 4.48967 -5.20002
0.97 4.82534 -5.45747
0.971 5.14015 -5.69737
0.972 5.43278 -5.91879
0.973 5.70201 -6.1209
0.974 5.94671 -6.30292
0.975 6.16583 -6.46417
0.976 6.35844 -6.60403
0.977 6.52372 -6.72196
0.978 6.66095 -6.81752
0.979 6.76952 -6.89034
0.98 6.84895 -6.94014
0.981 6.89886 -6.96673
0.982 6.919 -6.97001
0.983 6.90925 -6.94998
0.984 6.86958 -6.9067
0.985 6.80011 -6.84034
0.986 6.70106 -6.75117
0.987 6.5728 -6.63951
0.988 6.41577 -6.5058
0.989 6.23058 -6.35056
0.99 6.01792 -6.17437
0.991 5.77859 -5.97793
0.992 5.51352 -5.76198
0.993 5.22373 -5.52735
0.994 4.91035 -5.27495
0.995 4.57458 -5.00574
0.996 4.21775 -4.72077
0.997 3.84126 -4.42113
0.998 3.44657 -4.10796
0.999 3.03524 -3.78248
1 2.6089 -3.44594
