0.001 3.42748e-008 2.58877e-009
0.002 3.11927e-007 2.07911e-008
0.003 1.46987e-006 8.62798e-008
0.004 4.86708e-006 2.53201e-007
0.005 1.28754e-005 6.0064e-007
0.006 2.916e-005 1.23675e-006
0.007 5.89481e-005 2.30503e-006
0.008 0.000109281 3.99304e-006
0.009 0.000189252 6.54415e-006
0.01 0.00031022 1.02725e-005
0.011 0.000486002 1.55813e-005
0.012 0.000733052 2.29858e-005
0.013 0.00107059 3.31389e-005
0.014 0.00152075 4.68625e-005
0.015 0.00210862 6.51824e-005
0.016 0.00286235 8.93674e-005
0.017 0.00381315 0.000120974
0.018 0.00499531 0.000161894
0.019 0.00644612 0.000214407
0.02 0.00820586 0.000281239
0.021 0.0103177 0.00036562
0.022 0.0128274 0.000471353
0.023 0.0157834 0.000602874
0.024 0.0192364 0.000765332
0.025 0.0232394 0.000964654
0.026 0.027847 0.00120762
0.027 0.0331157 0.00150196
0.028 0.0391028 0.00185638
0.029 0.0458669 0.00228071
0.03 0.0534669 0.00278592
0.031 0.061962 0.00338421
0.032 0.071411 0.00408912
0.033 0.0818719 0.00491554
0.034 0.0934019 0.00587983
0.035 0.106056 0.00699985
0.036 0.119888 0.00829503
0.037 0.134948 0.00978641
0.038 0.151284 0.0114967
0.039 0.16894 0.0134503
0.04 0.187957 0.0156733
0.041 0.208369 0.0181936
0.042 0.230207 0.0210408
0.043 0.253498 0.0242462
0.044 0.278259 0.0278429
0.045 0.304505 0.0318657
0.046 0.332241 0.036351
0.047 0.361468 0.0413368
0.048 0.392178 0.0468627
0.049 0.424353 0.0529696
0.05 0.457972 0.0597
0.051 0.493003 0.0670973
0.052 0.529404 0.0752063
0.053 0.567127 0.0840727
0.054 0.606114 0.0937428
0.055 0.646299 0.104264
0.056 0.687607 0.115683
0.057 0.729953 0.128049
0.058 0.773244 0.141408
0.059 0.817379 0.155809
0.06 0.862248 0.171299
0.061 0.907731 0.187923
0.062 0.953703 0.205728
0.063 1.00003 0.224757
0.064 1.04657 0.245053
0.065 1.09317 0.266656
0.066 1.13969 0.289606
0.067 1.18595 0.313937
0.068 1.2318 0.339684
0.069 1.27706 0.366876
0.07 1.32155 0.39554
0.071 1.3651 0.425699
0.072 1.40753 0.457372
0.073 1.44866 0.490573
0.074 1.48829 0.525311
0.075 1.52625 0.561591
0.076 1.56235 0.599413
0.077 1.59641 0.63877
0.078 1.62825 0.67965
0.079 1.65769 0.722034
0.08 1.68456 0.765898
0.081 1.7087 0.81121
0.082 1.72992 0.857931
0.083 1.7481 0.906018
0.084 1.76307 0.955416
0.085 1.77469 1.00607
0.086 1.78285 1.0579
0.087 1.78741 1.11085
0.088 1.78828 1.16482
0.089 1.78535 1.21973
0.09 1.77854 1.27548
0.091 1.76779 1.33197
0.092 1.75303 1.38908
0.093 1.73422 1.44669
0.094 1.71135 1.50467
0.095 1.68439 1.5629
0.096 1.65336 1.62122
0.097 1.61827 1.6795
0.098 1.57917 1.73757
0.099 1.53611 1.79529
0.1 1.48917 1.85248
0.101 1.43843 1.90896
0.102 1.38401 1.96458
0.103 1.32602 2.01914
0.104 1.26461 2.07247
0.105 1.19994 2.12437
0.106 1.13219 2.17467
0.107 1.06154 2.22315
0.108 0.988203 2.26965
0.109 0.912402 2.31395
0.11 0.834371 2.35588
0.111 0.754362 2.39523
0.112 0.672638 2.43181
0.113 0.589474 2.46543
0.114 0.505157 2.49592
0.115 0.419983 2.52308
0.116 0.334258 2.54674
0.117 0.248296 2.56672
0.118 0.162417 2.58286
0.119 0.0769471 2.595
0.12 -0.00778296 2.60298
0.121 -0.09144 2.60667
0.122 -0.173689 2.60591
0.123 -0.254195 2.6006
0.124 -0.332625 2.59061
0.125 -0.408646 2.57584
0.126 -0.481932 2.55621
0.127 -0.552161 2.53162
0.128 -0.619019 2.50202
0.129 -0.682199 2.46735
0.13 -0.741405 2.42758
0.131 -0.796353 2.38268
0.132 -0.84677 2.33265
0.133 -0.892399 2.2775
0.134 -0.932996 2.21724
0.135 -0.968336 2.15193
0.136 -0.998211 2.08162
0.137 -1.02243 2.00639
0.138 -1.04083 1.92632
0.139 -1.05326 1.84153
0.14 -1.0596 1.75215
0.141 -1.05974 1.65832
0.142 -1.0536 1.5602
0.143 -1.04114 1.45797
0.144 -1.02232 1.35182
0.145 -0.997149 1.24197
0.146 -0.965643 1.12865
0.147 -0.927854 1.01209
0.148 -0.88386 0.892554
0.149 -0.833766 0.770319
0.15 -0.777703 0.645668
0.151 -0.715829 0.518902
0.152 -0.648328 0.390332
0.153 -0.57541 0.260281
0.154 -0.497312 0.129085
0.155 -0.414294 -0.00291425
0.156 -0.326641 -0.135363
0.157 -0.234664 -0.267901
0.158 -0.138692 -0.400161
0.159 -0.0390788 -0.531773
0.16 0.0638023 -0.662359
0.161 0.169559 -0.791541
0.162 0.277781 -0.918938
0.163 0.388043 -1.04417
0.164 0.499902 -1.16685
0.165 0.612905 -1.28661
0.166 0.726585 -1.40307
0.167 0.840467 -1.51587
0.168 0.954067 -1.62463
0.169 1.0669 -1.72901
0.17 1.17846 -1.82865
0.171 1.28826 -1.92323
0.172 1.3958 -2.01242
0.173 1.50059 -2.09591
0.174 1.60214 -2.1734
0.175 1.69996 -2.24461
0.176 1.79358 -2.30928
0.177 1.88253 -2.36716
0.178 1.96635 -2.41803
0.179 2.04461 -2.46168
0.18 2.11688 -2.49792
0.181 2.18276 -2.5266
0.182 2.24185 -2.54757
0.183 2.2938 -2.56071
0.184 2.33827 -2.56594
0.185 2.37494 -2.56319
0.186 2.40351 -2.55242
0.187 2.42373 -2.53362
0.188 2.43537 -2.50679
0.189 2.43823 -2.47198
0.19 2.43214 -2.42926
0.191 2.41697 -2.37872
0.192 2.3926 -2.32048
0.193 2.35899 -2.2547
0.194 2.31609 -2.18154
0.195 2.26392 -2.10121
0.196 2.20252 -2.01395
0.197 2.13196 -1.92
0.198 2.05236 -1.81964
0.199 1.96388 -1.71319
0.2 1.8667 -1.60097
0.201 1.76106 -1.48334
0.202 1.64721 -1.36066
0.203 1.52544 -1.23334
0.204 1.3961 -1.10178
0.205 1.25954 -0.966417
0.206 1.11616 -0.827706
0.207 0.966394 -0.686111
0.208 0.810693 -0.542111
0.209 0.649543 -0.396198
0.21 0.483458 -0.248876
0.211 0.312974 -0.100658
0.212 0.138649 0.0479368
0.213 -0.0389357 0.196381
0.214 -0.219181 0.344144
0.215 -0.401472 0.490694
0.216 -0.585179 0.635499
0.217 -0.76966 0.778026
0.218 -0.954264 0.917749
0.219 -1.13833 1.05414
0.22 -1.32121 1.1867
0.221 -1.50222 1.3149
0.222 -1.68071 1.43827
0.223 -1.85601 1.55631
0.224 -2.02748 1.66856
0.225 -2.19447 1.77456
0.226 -2.35634 1.8739
0.227 -2.51247 1.96615
0.228 -2.66227 2.05092
0.229 -2.80514 2.12785
0.23 -2.94053 2.1966
0.231 -3.0679 2.25685
0.232 -3.18673 2.3083
0.233 -3.29655 2.35071
0.234 -3.39689 2.38384
0.235 -3.48734 2.40749
0.236 -3.56751 2.4215
0.237 -3.63706 2.42573
0.238 -3.69568 2.42007
0.239 -3.74308 2.40447
0.24 -3.77904 2.3789
0.241 -3.80338 2.34334
0.242 -3.81595 2.29785
0.243 -3.81665 2.24249
0.244 -3.80541 2.17737
0.245 -3.78224 2.10264
0.246 -3.74717 2.01847
0.247 -3.70028 1.92508
0.248 -3.64169 1.82271
0.249 -3.57158 1.71164
0.25 -3.49018 1.59219
0.251 -3.39773 1.46469
0.252 -3.29456 1.32952
0.253 -3.181 1.18708
0.254 -3.05746 1.03781
0.255 -2.92437 0.882154
0.256 -2.7822 0.720602
0.257 -2.63146 0.553656
0.258 -2.47271 0.381845
0.259 -2.30651 0.205714
0.26 -2.13349 0.0258286
0.261 -1.95428 -0.15723
0.262 -1.76956 -0.342866
0.263 -1.58002 -0.530473
0.264 -1.38638 -0.719435
0.265 -1.18938 -0.909126
0.266 -0.989759 -1.09892
0.267 -0.788296 -1.28817
0.268 -0.585766 -1.47626
0.269 -0.382954 -1.66255
0.27 -0.180651 -1.84641
0.271 0.0203522 -2.02722
0.272 0.219265 -2.20437
0.273 0.415301 -2.37724
0.274 0.607683 -2.54525
0.275 0.795645 -2.70782
0.276 0.978433 -2.8644
0.277 1.15531 -3.01444
0.278 1.32557 -3.15743
0.279 1.48851 -3.29286
0.28 1.64347 -3.42028
0.281 1.78982 -3.53923
0.282 1.92694 -3.64931
0.283 2.05426 -3.75012
0.284 2.17126 -3.84132
0.285 2.27743 -3.92259
0.286 2.37233 -3.99364
0.287 2.45553 -4.05421
0.288 2.52668 -4.10411
0.289 2.58545 -4.14315
0.29 2.63157 -4.17119
0.291 2.66482 -4.18814
0.292 2.68503 -4.19394
0.293 2.69209 -4.18856
0.294 2.68591 -4.17202
0.295 2.66649 -4.14439
0.296 2.63387 -4.10575
0.297 2.58813 -4.05626
0.298 2.52943 -3.99608
0.299 2.45795 -3.92542
0.3 2.37396 -3.84454
0.301 2.27774 -3.75373
0.302 2.16966 -3.6533
0.303 2.05011 -3.54363
0.304 1.91954 -3.42508
0.305 1.77845 -3.29809
0.306 1.62737 -3.16311
0.307 1.46689 -3.02062
0.308 1.29764 -2.87112
0.309 1.12026 -2.71515
0.31 0.935458 -2.55325
0.311 0.743962 -2.38601
0.312 0.54653 -2.214
0.313 0.343948 -2.03785
0.314 0.137026 -1.85818
0.315 -0.0734044 -1.67561
0.316 -0.286496 -1.49079
0.317 -0.501384 -1.30437
0.318 -0.717196 -1.11701
0.319 -0.93305 -0.929355
0.32 -1.14806 -0.742064
0.321 -1.36134 -0.555788
0.322 -1.57202 -0.371173
0.323 -1.7792 -0.188855
0.324 -1.98204 -0.00946149
0.325 -2.17967 0.166394
0.326 -2.37127 0.338115
0.327 -2.55602 0.505119
0.328 -2.73313 0.666847
0.329 -2.90184 0.82276
0.33 -3.06142 0.972345
0.331 -3.21118 1.11511
0.332 -3.35046 1.2506
0.333 -3.47862 1.37839
0.334 -3.59511 1.49807
0.335 -3.69937 1.60928
0.336 -3.79093 1.71168
0.337 -3.86935 1.80498
0.338 -3.93424 1.88893
0.339 -3.98527 1.9633
0.34 -4.02215 2.0279
0.341 -4.04467 2.0826
0.342 -4.05266 2.12728
0.343 -4.04601 2.16189
0.344 -4.02467 2.1864
0.345 -3.98865 2.20082
0.346 -3.93801 2.20522
0.347 -3.87288 2.19968
0.348 -3.79344 2.18435
0.349 -3.69994 2.1594
0.35 -3.59268 2.12503
0.351 -3.47201 2.08151
0.352 -3.33835 2.02911
0.353 -3.19215 1.96815
0.354 -3.03394 1.899
0.355 -2.86427 1.82203
0.356 -2.68377 1.73766
0.357 -2.49309 1.64634
0.358 -2.29294 1.54853
0.359 -2.08405 1.44474
0.36 -1.86721 1.33549
0.361 -1.64323 1.2213
0.362 -1.41296 1.10276
0.363 -1.17725 0.980417
0.364 -0.937025 0.854872
0.365 -0.693185 0.726723
0.366 -0.446669 0.596578
0.367 -0.198423 0.465052
0.368 0.0505951 0.332762
0.369 0.299424 0.20033
0.37 0.5471 0.0683715
0.371 0.792661 -0.0624977
0.372 1.03515 -0.19167
0.373 1.27363 -0.318548
0.374 1.50716 -0.442544
0.375 1.73482 -0.563084
0.376 1.95574 -0.679612
0.377 2.16904 -0.79159
0.378 2.37388 -0.898502
0.379 2.56947 -0.999851
0.38 2.75502 -1.09517
0.381 2.92981 -1.18402
0.382 3.09315 -1.26598
0.383 3.2444 -1.34067
0.384 3.38296 -1.40775
0.385 3.50829 -1.46689
0.386 3.6199 -1.51782
0.387 3.71734 -1.56029
0.388 3.80025 -1.59409
0.389 3.86829 -1.61905
0.39 3.9212 -1.63504
0.391 3.95879 -1.64196
0.392 3.98092 -1.63978
0.393 3.9875 -1.62847
0.394 3.97854 -1.60807
0.395 3.95408 -1.57863
0.396 3.91424 -1.54028
0.397 3.85919 -1.49315
0.398 3.78918 -1.43743
0.399 3.70452 -1.37335
0.4 3.60556 -1.30116
0.401 3.49273 -1.22116
0.402 3.36652 -1.13369
0.403 3.22746 -1.0391
0.404 3.07615 -0.937786
0.405 2.91323 -0.830181
0.406 2.73939 -0.716734
0.407 2.55537 -0.597925
0.408 2.36196 -0.474257
0.409 2.15998 -0.346257
0.41 1.9503 -0.214468
0.411 1.7338 -0.0794552
0.412 1.51142 0.058205
0.413 1.2841 0.197922
0.414 1.05282 0.339095
0.415 0.81857 0.481116
0.416 0.582362 0.623373
0.417 0.345211 0.76525
0.418 0.108142 0.906134
0.419 -0.12782 1.04541
0.42 -0.361652 1.18248
0.421 -0.592335 1.31674
0.422 -0.818863 1.4476
0.423 -1.04025 1.5745
0.424 -1.25551 1.69687
0.425 -1.4637 1.81418
0.426 -1.66391 1.92592
0.427 -1.85523 2.03158
0.428 -2.03681 2.13069
0.429 -2.20784 2.22283
0.43 -2.36754 2.30757
0.431 -2.51517 2.38454
0.432 -2.65006 2.45338
0.433 -2.77157 2.51379
0.434 -2.87914 2.56548
0.435 -2.97223 2.60823
0.436 -3.05039 2.64182
0.437 -3.11322 2.66611
0.438 -3.16038 2.68096
0.439 -3.1916 2.68629
0.44 -3.20669 2.68208
0.441 -3.20549 2.66832
0.442 -3.18793 2.64506
0.443 -3.15403 2.61239
0.444 -3.10383 2.57043
0.445 -3.03748 2.51936
0.446 -2.95519 2.45939
0.447 -2.85721 2.39076
0.448 -2.7439 2.31378
0.449 -2.61564 2.22876
0.45 -2.47292 2.13607
0.451 -2.31625 2.03611
0.452 -2.14623 1.92932
0.453 -1.96351 1.81615
0.454 -1.76879 1.69711
0.455 -1.56283 1.57271
0.456 -1.34643 1.44352
0.457 -1.12044 1.31009
0.458 -0.885775 1.17302
0.459 -0.643355 1.03292
0.46 -0.394158 0.890426
0.461 -0.13919 0.746175
0.462 0.120517 0.600821
0.463 0.383905 0.455024
0.464 0.649897 0.309449
0.465 0.9174 0.164767
0.466 1.18531 0.0216426
0.467 1.45252 -0.119258
0.468 1.71791 -0.257276
0.469 1.98039 -0.391764
0.47 2.23883 -0.522083
0.471 2.49217 -0.647612
0.472 2.73931 -0.767745
0.473 2.97921 -0.881897
0.474 3.21085 -0.989506
0.475 3.43322 -1.09004
0.476 3.64535 -1.18298
0.477 3.84633 -1.26785
0.478 4.03528 -1.34421
0.479 4.21134 -1.41165
0.48 4.37373 -1.46978
0.481 4.52171 -1.51827
0.482 4.65461 -1.55683
0.483 4.7718 -1.58519
0.484 4.87272 -1.60314
0.485 4.95687 -1.61052
0.486 5.02383 -1.60719
0.487 5.07323 -1.59308
0.488 5.10477 -1.56816
0.489 5.11825 -1.53243
0.49 5.11351 -1.48596
0.491 5.09048 -1.42886
0.492 5.04915 -1.36128
0.493 4.98961 -1.28342
0.494 4.912 -1.19552
0.495 4.81654 -1.09788
0.496 4.70354 -0.99084
0.497 4.57335 -0.87477
0.498 4.42642 -0.750095
0.499 4.26326 -0.617275
0.5 4.08444 -0.47681
0.501 3.89061 -0.329236
0.502 3.68247 -0.175124
0.503 3.46078 -0.0150798
0.504 3.22638 0.150264
0.505 2.98013 0.320244
0.506 2.72297 0.494173
0.507 2.45587 0.671341
0.508 2.17986 0.851017
0.509 1.89598 1.03245
0.51 1.60534 1.21489
0.511 1.30907 1.39756
0.512 1.0083 1.57967
0.513 0.704228 1.76045
0.514 0.398029 1.9391
0.515 0.0909122 2.11484
0.516 -0.215912 2.2869
0.517 -0.521231 2.45449
0.518 -0.823832 2.61687
0.519 -1.12251 2.77328
0.52 -1.41608 2.923
0.521 -1.70336 3.06531
0.522 -1.9832 3.19954
0.523 -2.25447 3.32503
0.524 -2.51608 3.44115
0.525 -2.76697 3.54731
0.526 -3.00611 3.64295
0.527 -3.23255 3.72754
0.528 -3.44535 3.8006
0.529 -3.64363 3.86169
0.53 -3.82658 3.91041
0.531 -3.99345 3.94641
0.532 -4.14354 3.9694
0.533 -4.27622 3.97911
0.534 -4.39093 3.97534
0.535 -4.48719 3.95793
0.536 -4.56458 3.9268
0.537 -4.62276 3.88188
0.538 -4.66147 3.8232
0.539 -4.68053 3.75081
0.54 -4.67982 3.66482
0.541 -4.65933 3.5654
0.542 -4.61912 3.45278
0.543 -4.55931 3.32724
0.544 -4.48012 3.1891
0.545 -4.38185 3.03874
0.546 -4.26487 2.87659
0.547 -4.12963 2.70313
0.548 -3.97666 2.51889
0.549 -3.80655 2.32443
0.55 -3.61997 2.12037
0.551 -3.41767 1.90737
0.552 -3.20045 1.68612
0.553 -2.96917 1.45734
0.554 -2.72477 1.22181
0.555 -2.46823 0.980318
0.556 -2.20058 0.733684
0.557 -1.9229 0.482756
0.558 -1.63633 0.228404
0.559 -1.34203 -0.0284876
0.56 -1.0412 -0.287016
0.561 -0.735069 -0.546268
0.562 -0.4249 -0.805323
0.563 -0.111967 -1.06326
0.564 0.202439 -1.31914
0.565 0.517016 -1.57206
0.566 0.830459 -1.82109
0.567 1.14146 -2.06532
0.568 1.44873 -2.30387
0.569 1.75097 -2.53585
0.57 2.04691 -2.76042
0.571 2.33531 -2.97674
0.572 2.61494 -3.18401
0.573 2.88461 -3.38145
0.574 3.14316 -3.56833
0.575 3.38949 -3.74394
0.576 3.62253 -3.90762
0.577 3.84126 -4.05875
0.578 4.04472 -4.19676
0.579 4.232 -4.32111
0.58 4.40228 -4.43133
0.581 4.55477 -4.52699
0.582 4.68878 -4.60772
0.583 4.80367 -4.67319
0.584 4.89887 -4.72315
0.585 4.97393 -4.75739
0.586 5.02843 -4.77577
0.587 5.06206 -4.7782
0.588 5.07459 -4.76465
0.589 5.06586 -4.73516
0.59 5.03582 -4.68982
0.591 4.98447 -4.62879
0.592 4.91194 -4.55228
0.593 4.8184 -4.46056
0.594 4.70414 -4.35397
0.595 4.56952 -4.23289
0.596 4.41498 -4.09778
0.597 4.24104 -3.94912
0.598 4.04831 -3.78748
0.599 3.83748 -3.61345
0.6 3.60929 -3.42768
0.601 3.36457 -3.23087
0.602 3.10422 -3.02375
0.603 2.8292 -2.80712
0.604 2.54053 -2.58178
0.605 2.23929 -2.34859
0.606 1.92661 -2.10844
0.607 1.60368 -1.86223
0.608 1.27171 -1.61089
0.609 0.93197 -1.3554
0.61 0.585764 -1.09672
0.611 0.234416 -0.835845
0.612 -0.120722 -0.573768
0.613 -0.47828 -0.311497
0.614 -0.836874 -0.0500369
0.615 -1.19511 0.209606
0.616 -1.55161 0.466433
0.617 -1.90497 0.719454
0.618 -2.25381 0.967692
0.619 -2.59677 1.21019
0.62 -2.9325 1.446
0.621 -3.25969 1.67422
0.622 -3.57704 1.89396
0.623 -3.88331 2.10436
0.624 -4.17728 2.30461
0.625 -4.45779 2.49392
0.626 -4.72372 2.67155
0.627 -4.97402 2.83681
0.628 -5.20768 2.98905
0.629 -5.42378 3.12767
0.63 -5.62144 3.25212
0.631 -5.79987 3.3619
0.632 -5.95835 3.45658
0.633 -6.09624 3.53579
0.634 -6.21297 3.59919
0.635 -6.30807 3.64653
0.636 -6.38113 3.67761
0.637 -6.43186 3.6923
0.638 -6.46002 3.69052
0.639 -6.4655 3.67226
0.64 -6.44824 3.63758
0.641 -6.4083 3.5866
0.642 -6.34581 3.5195
0.643 -6.261 3.43652
0.644 -6.15419 3.33797
0.645 -6.02577 3.22421
0.646 -5.87625 3.09566
0.647 -5.70619 2.95282
0.648 -5.51625 2.79621
0.649 -5.30716 2.62643
0.65 -5.07974 2.44411
0.651 -4.83487 2.24996
0.652 -4.57351 2.04471
0.653 -4.29667 1.82913
0.654 -4.00545 1.60405
0.655 -3.70098 1.37033
0.656 -3.38447 1.12886
0.657 -3.05714 0.880551
0.658 -2.7203 0.626362
0.659 -2.37526 0.367263
0.66 -2.0234 0.104243
0.661 -1.66609 -0.161692
0.662 -1.30475 -0.429523
0.663 -0.940803 -0.698226
0.664 -0.575691 -0.966772
0.665 -0.210857 -1.23413
0.666 0.152255 -1.49928
0.667 0.512209 -1.76121
0.668 0.867578 -2.01891
0.669 1.21696 -2.2714
0.67 1.55896 -2.51771
0.671 1.89223 -2.7569
0.672 2.21545 -2.98806
0.673 2.52733 -3.21029
0.674 2.82665 -3.42276
0.675 3.11221 -3.62466
0.676 3.38289 -3.8152
0.677 3.63762 -3.99368
0.678 3.87537 -4.1594
0.679 4.09523 -4.31175
0.68 4.29631 -4.45014
0.681 4.47783 -4.57405
0.682 4.63906 -4.68303
0.683 4.77939 -4.77665
0.684 4.89826 -4.85457
0.685 4.99521 -4.91651
0.686 5.06986 -4.96224
0.687 5.12193 -4.9916
0.688 5.15123 -5.00448
0.689 5.15766 -5.00086
0.69 5.14121 -4.98077
0.691 5.10197 -4.94429
0.692 5.0401 -4.89159
0.693 4.95589 -4.82288
0.694 4.84969 -4.73844
0.695 4.72194 -4.63862
0.696 4.57319 -4.52382
0.697 4.40406 -4.39449
0.698 4.21525 -4.25115
0.699 4.00754 -4.09437
0.7 3.78179 -3.92476
0.701 3.53896 -3.743
0.702 3.28002 -3.54979
0.703 3.00607 -3.3459
0.704 2.71823 -3.13211
0.705 2.4177 -2.90928
0.706 2.10571 -2.67825
0.707 1.78355 -2.43993
0.708 1.45256 -2.19525
0.709 1.11411 -1.94514
0.71 0.769591 -1.69058
0.711 0.420436 -1.43255
0.712 0.068088 -1.17203
0.713 -0.285992 -0.910032
0.714 -0.640338 -0.64755
0.715 -0.993478 -0.385587
0.716 -1.34395 -0.125139
0.717 -1.69029 0.132807
0.718 -2.03106 0.387276
0.719 -2.36484 0.637311
0.72 -2.69024 0.881975
0.721 -3.00591 1.12035
0.722 -3.31051 1.35157
0.723 -3.60277 1.57475
0.724 -3.88146 1.7891
0.725 -4.14541 1.99383
0.726 -4.39351 2.18819
0.727 -4.6247 2.3715
0.728 -4.838 2.54311
0.729 -5.03249 2.70241
0.73 -5.20734 2.84886
0.731 -5.36179 2.98196
0.732 -5.49517 3.10129
0.733 -5.60688 3.20645
0.734 -5.69642 3.29713
0.735 -5.76338 3.37306
0.736 -5.80744 3.43405
0.737 -5.82836 3.47995
0.738 -5.826 3.5107
0.739 -5.80033 3.52627
0.74 -5.75141 3.52672
0.741 -5.67936 3.51216
0.742 -5.58444 3.48275
0.743 -5.46699 3.43874
0.744 -5.32741 3.38042
0.745 -5.16624 3.30813
0.746 -4.98407 3.22229
0.747 -4.78159 3.12336
0.748 -4.55958 3.01186
0.749 -4.31888 2.88836
0.75 -4.06043 2.75346
0.751 -3.78522 2.60784
0.752 -3.49433 2.4522
0.753 -3.18888 2.28729
0.754 -2.87007 2.11388
0.755 -2.53916 1.9328
0.756 -2.19743 1.74489
0.757 -1.84623 1.55102
0.758 -1.48696 1.3521
0.759 -1.12101 1.14904
0.76 -0.749842 0.942761
0.761 -0.374917 0.734219
0.762 0.002279 0.524361
0.763 0.380254 0.314143
0.764 0.757509 0.104518
0.765 1.13255 -0.103563
0.766 1.50389 -0.309158
0.767 1.87004 -0.511336
0.768 2.22957 -0.709183
0.769 2.58104 -0.901805
0.77 2.92305 -1.08833
0.771 3.25424 -1.26792
0.772 3.57331 -1.43975
0.773 3.87897 -1.60305
0.774 4.17002 -1.75708
0.775 4.4453 -1.90113
0.776 4.70372 -2.03454
0.777 4.94425 -2.15672
0.778 5.16594 -2.26708
0.779 5.36791 -2.36512
0.78 5.54937 -2.45037
0.781 5.70961 -2.52244
0.782 5.84798 -2.58098
0.783 5.96395 -2.62569
0.784 6.05708 -2.65635
0.785 6.127 -2.67279
0.786 6.17344 -2.6749
0.787 6.19625 -2.66262
0.788 6.19535 -2.63598
0.789 6.17076 -2.59506
0.79 6.12261 -2.53998
0.791 6.0511 -2.47095
0.792 5.95655 -2.38823
0.793 5.83936 -2.29214
0.794 5.70004 -2.18305
0.795 5.53916 -2.0614
0.796 5.35741 -1.92766
0.797 5.15554 -1.78238
0.798 4.93439 -1.62616
0.799 4.69489 -1.45961
0.8 4.43803 -1.28344
0.801 4.16488 -1.09836
0.802 3.87658 -0.905131
0.803 3.57432 -0.70456
0.804 3.25936 -0.497477
0.805 2.93299 -0.284745
0.806 2.59658 -0.0672506
0.807 2.25153 0.154095
0.808 1.89925 0.378364
0.809 1.54121 0.604614
0.81 1.17891 0.831891
0.811 0.813832 1.05924
0.812 0.447503 1.28569
0.813 0.0814421 1.51028
0.814 -0.28283 1.73206
0.815 -0.643799 1.95009
0.816 -0.999963 2.16343
0.817 -1.34984 2.37116
0.818 -1.69197 2.5724
0.819 -2.02493 2.76627
0.82 -2.34732 2.95194
0.821 -2.6578 3.12859
0.822 -2.95508 3.29546
0.823 -3.23789 3.45181
0.824 -3.50506 3.59695
0.825 -3.75547 3.73025
0.826 -3.98804 3.85109
0.827 -4.20181 3.95893
0.828 -4.39585 4.05328
0.829 -4.56935 4.1337
0.83 -4.72156 4.19981
0.831 -4.85183 4.25128
0.832 -4.95958 4.28785
0.833 -5.04435 4.30932
0.834 -5.10574 4.31554
0.835 -5.14348 4.30645
0.836 -5.15737 4.28202
0.837 -5.14733 4.24231
0.838 -5.11336 4.18743
0.839 -5.05556 4.11756
0.84 -4.97415 4.03294
0.841 -4.86943 3.93386
0.842 -4.74178 3.8207
0.843 -4.5917 3.69387
0.844 -4.41978 3.55385
0.845 -4.2267 3.40118
0.846 -4.01321 3.23644
0.847 -3.78016 3.06028
0.848 -3.52848 2.87339
0.849 -3.25918 2.6765
0.85 -2.97335 2.47038
0.851 -2.67212 2.25587
0.852 -2.35672 2.03381
0.853 -2.02842 1.80509
0.854 -1.68855 1.57064
0.855 -1.3385 1.33139
0.856 -0.979674 1.08832
0.857 -0.613545 0.842406
0.858 -0.241607 0.594657
0.859 0.134622 0.346079
0.86 0.5136 0.0976889
0.861 0.893774 -0.149494
0.862 1.27358 -0.394454
0.863 1.65146 -0.63618
0.864 2.02585 -0.873674
0.865 2.3952 -1.10595
0.866 2.758 -1.33204
0.867 3.11272 -1.55101
0.868 3.4579 -1.76193
0.869 3.7921 -1.96393
0.87 4.11392 -2.15614
0.871 4.42201 -2.33776
0.872 4.71508 -2.50801
0.873 4.99189 -2.66617
0.874 5.25126 -2.81155
0.875 5.4921 -2.94352
0.876 5.71336 -3.06151
0.877 5.9141 -3.16499
0.878 6.09343 -3.25351
0.879 6.25058 -3.32666
0.88 6.38484 -3.3841
0.881 6.49561 -3.42555
0.882 6.58236 -3.4508
0.883 6.64468 -3.4597
0.884 6.68225 -3.45217
0.885 6.69484 -3.42819
0.886 6.68233 -3.38783
0.887 6.64471 -3.3312
0.888 6.58204 -3.25849
0.889 6.49452 -3.16995
0.89 6.38242 -3.06591
0.891 6.24612 -2.94675
0.892 6.0861 -2.81291
0.893 5.90293 -2.66491
0.894 5.69729 -2.50331
0.895 5.46992 -2.32874
0.896 5.22169 -2.14188
0.897 4.95351 -1.94347
0.898 4.66641 -1.73428
0.899 4.36146 -1.51514
0.9 4.03985 -1.28694
0.901 3.7028 -1.05057
0.902 3.35159 -0.806999
0.903 2.9876 -0.557198
0.904 2.61222 -0.302179
0.905 2.22692 -0.0429792
0.906 1.83317 0.219346
0.907 1.43252 0.483724
0.908 1.02653 0.749069
0.909 0.616778 1.01429
0.91 0.204866 1.27829
0.911 -0.207594 1.53997
0.912 -0.618988 1.79824
0.913 -1.0277 2.05202
0.914 -1.43214 2.30024
0.915 -1.8307 2.54186
0.916 -2.22183 2.77585
0.917 -2.60398 3.0012
0.918 -2.97566 3.21696
0.919 -3.33539 3.42218
0.92 -3.68178 3.61596
0.921 -4.01344 3.79747
0.922 -4.32908 3.96588
0.923 -4.62744 4.12043
0.924 -4.90737 4.26043
0.925 -5.16774 4.38522
0.926 -5.40755 4.4942
0.927 -5.62584 4.58684
0.928 -5.82175 4.66267
0.929 -5.99452 4.72129
0.93 -6.14347 4.76235
0.931 -6.26802 4.78558
0.932 -6.36769 4.79078
0.933 -6.44208 4.77781
0.934 -6.49091 4.74662
0.935 -6.514 4.69721
0.936 -6.51127 4.62967
0.937 -6.48274 4.54414
0.938 -6.42855 4.44085
0.939 -6.34892 4.32009
0.94 -6.24418 4.18222
0.941 -6.11477 4.02767
0.942 -5.96121 3.85694
0.943 -5.78415 3.67059
0.944 -5.58429 3.46925
0.945 -5.36247 3.25358
0.946 -5.11957 3.02434
0.947 -4.8566 2.78232
0.948 -4.57462 2.52837
0.949 -4.27478 2.26338
0.95 -3.9583 1.98829
0.951 -3.62647 1.70408
0.952 -3.28063 1.41178
0.953 -2.92219 1.11243
0.954 -2.55261 0.807122
0.955 -2.1734 0.496963
0.956 -1.78609 0.183081
0.957 -1.39227 -0.133376
0.958 -0.99353 -0.451251
0.959 -0.591501 -0.769375
0.96 -0.187819 -1.08658
0.961 0.21587 -1.40169
0.962 0.617919 -1.71356
0.963 1.01669 -2.02101
0.964 1.41055 -2.32293
0.965 1.79789 -2.61818
0.966 2.17713 -2.90568
0.967 2.54671 -3.18435
0.968 2.90512 -3.45316
0.969 3.25088 -3.71112
0.97 3.58259 -3.95727
0.971 3.89887 -4.19068
0.972 4.19841 -4.41051
0.973 4.47998 -4.61592
0.974 4.74242 -4.80616
0.975 4.98463 -4.98052
0.976 5.2056 -5.13836
0.977 5.40441 -5.27911
0.978 5.58022 -5.40224
0.979 5.7323 -5.5073
0.98 5.85997 -5.59391
0.981 5.96271 -5.66177
0.982 6.04005 -5.71063
0.983 6.09164 -5.74033
0.984 6.11724 -5.75077
0.985 6.1167 -5.74195
0.986 6.08998 -5.7139
0.987 6.03716 -5.66676
0.988 5.95839 -5.60074
0.989 5.85396 -5.51609
0.99 5.72425 -5.41318
0.991 5.56974 -5.29241
0.992 5.391 -5.15427
0.993 5.18871 -4.9993
0.994 4.96365 -4.82813
0.995 4.71668 -4.64142
0.996 4.44876 -4.43992
0.997 4.16091 -4.22441
0.998 3.85427 -3.99574
0.999 3.53001 -3.75481
1 3.18941 -3.50256
