0.001 3.38589e-008 2.6252e-009
0.002 3.08608e-007 2.10785e-008
0.003 1.45622e-006 8.74418e-008
0.004 4.82755e-006 2.56487e-007
0.005 1.27832e-005 6.0805e-007
0.006 2.89744e-005 1.25103e-006
0.007 5.86114e-005 2.32945e-006
0.008 0.000108717 4.03096e-006
0.009 0.000188362 6.59822e-006
0.01 0.000308883 1.03434e-005
0.011 0.000484073 1.56664e-005
0.012 0.000730359 2.30763e-005
0.013 0.00106694 3.32175e-005
0.014 0.00151591 4.68997e-005
0.015 0.00210235 6.51316e-005
0.016 0.00285437 8.91602e-005
0.017 0.00380317 0.000120513
0.018 0.004983 0.000161047
0.019 0.00643115 0.000212996
0.02 0.00818786 0.000279032
0.021 0.0102963 0.000362321
0.022 0.0128022 0.000466586
0.023 0.015754 0.000596173
0.024 0.0192025 0.000756124
0.025 0.0232005 0.000952243
0.026 0.0278028 0.00119117
0.027 0.0330656 0.00148047
0.028 0.0390466 0.00182868
0.029 0.0458043 0.00224541
0.03 0.0533975 0.0027414
0.031 0.0618855 0.00332863
0.032 0.0713271 0.00402033
0.033 0.0817804 0.00483111
0.034 0.0933026 0.00577699
0.035 0.105949 0.00687548
0.036 0.119773 0.00814561
0.037 0.134825 0.00960802
0.038 0.151153 0.011285
0.039 0.168801 0.0132004
0.04 0.187809 0.0153798
0.041 0.208213 0.0178507
0.042 0.230044 0.0206421
0.043 0.253327 0.0237846
0.044 0.278081 0.0273109
0.045 0.30432 0.031255
0.046 0.33205 0.0356526
0.047 0.36127 0.0405413
0.048 0.391974 0.0459597
0.049 0.424144 0.0519483
0.05 0.457757 0.0585486
0.051 0.492783 0.0658036
0.052 0.529179 0.0737572
0.053 0.566897 0.0824544
0.054 0.60588 0.0919409
0.055 0.64606 0.102263
0.056 0.687363 0.113468
0.057 0.729703 0.125602
0.058 0.772989 0.138713
0.059 0.817117 0.152848
0.06 0.861978 0.168053
0.061 0.907453 0.184375
0.062 0.953415 0.201857
0.063 0.99973 0.220544
0.064 1.04626 0.240478
0.065 1.09284 0.261699
0.066 1.13934 0.284246
0.067 1.18558 0.308154
0.068 1.2314 0.333457
0.069 1.27662 0.360185
0.07 1.32108 0.388365
0.071 1.3646 0.418019
0.072 1.40698 0.449167
0.073 1.44805 0.481824
0.074 1.48762 0.516
0.075 1.52552 0.5517
0.076 1.56154 0.588925
0.077 1.59552 0.627668
0.078 1.62726 0.66792
0.079 1.6566 0.709663
0.08 1.68335 0.752873
0.081 1.70735 0.79752
0.082 1.72844 0.843569
0.083 1.74646 0.890974
0.084 1.76126 0.939687
0.085 1.77271 0.989649
0.086 1.78066 1.04079
0.087 1.78501 1.09305
0.088 1.78565 1.14634
0.089 1.78247 1.20057
0.09 1.7754 1.25566
0.091 1.76437 1.31149
0.092 1.74931 1.36796
0.093 1.73019 1.42494
0.094 1.70697 1.48233
0.095 1.67966 1.53998
0.096 1.64825 1.59775
0.097 1.61277 1.65552
0.098 1.57326 1.71311
0.099 1.52977 1.77038
0.1 1.48237 1.82716
0.101 1.43116 1.88329
0.102 1.37624 1.9386
0.103 1.31775 1.9929
0.104 1.25582 2.04603
0.105 1.1906 2.09779
0.106 1.12229 2.14799
0.107 1.05107 2.19647
0.108 0.977146 2.24301
0.109 0.900745 2.28743
0.11 0.822103 2.32955
0.111 0.741473 2.36917
0.112 0.65912 2.4061
0.113 0.575319 2.44016
0.114 0.490361 2.47115
0.115 0.404543 2.49891
0.116 0.318172 2.52325
0.117 0.231566 2.54401
0.118 0.145047 2.56101
0.119 0.0589424 2.57409
0.12 -0.0264139 2.58311
0.121 -0.110686 2.58793
0.122 -0.193537 2.58839
0.123 -0.274628 2.58439
0.124 -0.353624 2.5758
0.125 -0.430189 2.56252
0.126 -0.503993 2.54445
0.127 -0.574712 2.52152
0.128 -0.642029 2.49366
0.129 -0.705633 2.46081
0.13 -0.765226 2.42293
0.131 -0.82052 2.38
0.132 -0.871239 2.33201
0.133 -0.917122 2.27896
0.134 -0.957924 2.22087
0.135 -0.993415 2.15778
0.136 -1.02339 2.08974
0.137 -1.04764 2.01682
0.138 -1.06602 1.93912
0.139 -1.07836 1.85672
0.14 -1.08453 1.76976
0.141 -1.08444 1.67837
0.142 -1.07801 1.5827
0.143 -1.06517 1.48293
0.144 -1.0459 1.37925
0.145 -1.0202 1.27185
0.146 -0.988084 1.16097
0.147 -0.949605 1.04682
0.148 -0.904837 0.929667
0.149 -0.853886 0.809773
0.15 -0.796882 0.687414
0.151 -0.733981 0.562882
0.152 -0.665369 0.436482
0.153 -0.591255 0.308527
0.154 -0.511877 0.179345
0.155 -0.427495 0.0492703
0.156 -0.338396 -0.0813519
0.157 -0.24489 -0.21217
0.158 -0.14731 -0.342824
0.159 -0.046012 -0.472951
0.16 0.0586299 -0.602181
0.161 0.16622 -0.730142
0.162 0.276346 -0.85646
0.163 0.388577 -0.980761
0.164 0.502469 -1.10267
0.165 0.617564 -1.22182
0.166 0.73339 -1.33783
0.167 0.849469 -1.45034
0.168 0.965311 -1.559
0.169 1.08042 -1.66345
0.17 1.1943 -1.76335
0.171 1.30645 -1.85837
0.172 1.41636 -1.94818
0.173 1.52353 -2.03248
0.174 1.62748 -2.11097
0.175 1.7277 -2.18336
0.176 1.82371 -2.24941
0.177 1.91504 -2.30885
0.178 2.00123 -2.36146
0.179 2.08184 -2.40703
0.18 2.15642 -2.44538
0.181 2.22457 -2.47633
0.182 2.28589 -2.49974
0.183 2.34001 -2.5155
0.184 2.38658 -2.5235
0.185 2.42528 -2.52367
0.186 2.45582 -2.51596
0.187 2.47792 -2.50035
0.188 2.49134 -2.47685
0.189 2.49589 -2.44549
0.19 2.49137 -2.40632
0.191 2.47766 -2.35943
0.192 2.45464 -2.30493
0.193 2.42225 -2.24296
0.194 2.38044 -2.17368
0.195 2.32922 -2.09728
0.196 2.26862 -2.01398
0.197 2.19872 -1.92402
0.198 2.11964 -1.82768
0.199 2.0315 -1.72523
0.2 1.93452 -1.61701
0.201 1.8289 -1.50333
0.202 1.7149 -1.38458
0.203 1.59283 -1.26111
0.204 1.46301 -1.13335
0.205 1.3258 -1.00169
0.206 1.1816 -0.866592
0.207 1.03083 -0.728492
0.208 0.873963 -0.58786
0.209 0.711474 -0.445175
0.21 0.54388 -0.300927
0.211 0.371719 -0.155616
0.212 0.195554 -0.00975125
0.213 0.0159692 0.136154
0.214 -0.166434 0.281582
0.215 -0.351034 0.426009
0.216 -0.537197 0.568915
0.217 -0.724275 0.709776
0.218 -0.91161 0.848076
0.219 -1.09854 0.983298
0.22 -1.28439 1.11494
0.221 -1.46849 1.24249
0.222 -1.65018 1.36548
0.223 -1.82877 1.48342
0.224 -2.00361 1.59584
0.225 -2.17404 1.70231
0.226 -2.33942 1.80239
0.227 -2.49912 1.89567
0.228 -2.65253 1.98176
0.229 -2.79904 2.0603
0.23 -2.93809 2.13093
0.231 -3.06912 2.19335
0.232 -3.19162 2.24725
0.233 -3.30508 2.29238
0.234 -3.40904 2.32849
0.235 -3.50307 2.35539
0.236 -3.58677 2.37289
0.237 -3.65978 2.38086
0.238 -3.72177 2.37918
0.239 -3.77247 2.36778
0.24 -3.81162 2.3466
0.241 -3.83904 2.31565
0.242 -3.85456 2.27495
0.243 -3.85807 2.22455
0.244 -3.84951 2.16454
0.245 -3.82885 2.09507
0.246 -3.79613 2.01628
0.247 -3.7514 1.92837
0.248 -3.6948 1.83157
0.249 -3.62649 1.72615
0.25 -3.54667 1.61239
0.251 -3.45561 1.49063
0.252 -3.3536 1.3612
0.253 -3.241 1.22451
0.254 -3.11818 1.08095
0.255 -2.98558 0.930972
0.256 -2.84367 0.775029
0.257 -2.69296 0.613609
0.258 -2.53399 0.447221
0.259 -2.36734 0.276391
0.26 -2.19363 0.101665
0.261 -2.01349 -0.0763945
0.262 -1.82761 -0.257211
0.263 -1.63667 -0.440196
0.264 -1.4414 -0.624749
0.265 -1.24255 -0.810263
0.266 -1.04086 -0.996125
0.267 -0.837105 -1.18172
0.268 -0.63208 -1.36642
0.269 -0.426573 -1.54961
0.27 -0.221384 -1.73069
0.271 -0.0173129 -1.90902
0.272 0.184839 -2.08402
0.273 0.384276 -2.25509
0.274 0.580208 -2.42164
0.275 0.771857 -2.58312
0.276 0.958458 -2.73896
0.277 1.13926 -2.88863
0.278 1.31354 -3.03162
0.279 1.48058 -3.16743
0.28 1.63971 -3.2956
0.281 1.79028 -3.41569
0.282 1.93166 -3.52728
0.283 2.06327 -3.62998
0.284 2.18455 -3.72344
0.285 2.295 -3.80734
0.286 2.39414 -3.88137
0.287 2.48155 -3.9453
0.288 2.55684 -3.99889
0.289 2.61968 -4.04196
0.29 2.66978 -4.07436
0.291 2.7069 -4.09598
0.292 2.73086 -4.10675
0.293 2.74152 -4.10663
0.294 2.7388 -4.09563
0.295 2.72266 -4.07378
0.296 2.69314 -4.04118
0.297 2.65031 -3.99794
0.298 2.5943 -3.94421
0.299 2.52531 -3.8802
0.3 2.44356 -3.80613
0.301 2.34935 -3.72227
0.302 2.24302 -3.62891
0.303 2.12497 -3.52641
0.304 1.99563 -3.41512
0.305 1.85549 -3.29544
0.306 1.70508 -3.1678
0.307 1.54499 -3.03266
0.308 1.37583 -2.8905
0.309 1.19826 -2.74184
0.31 1.01297 -2.58719
0.311 0.820695 -2.42712
0.312 0.622188 -2.26218
0.313 0.41824 -2.09298
0.314 0.209662 -1.9201
0.315 -0.00270895 -1.74417
0.316 -0.218021 -1.5658
0.317 -0.435404 -1.38563
0.318 -0.653977 -1.20428
0.319 -0.87285 -1.0224
0.32 -1.09113 -0.840624
0.321 -1.30792 -0.659584
0.322 -1.52233 -0.479911
0.323 -1.73346 -0.302229
0.324 -1.94045 -0.12715
0.325 -2.14242 0.0447246
0.326 -2.33853 0.212808
0.327 -2.52796 0.376529
0.328 -2.70988 0.535336
0.329 -2.88353 0.6887
0.33 -3.04816 0.836111
0.331 -3.20306 0.977086
0.332 -3.34754 1.11117
0.333 -3.48096 1.23793
0.334 -3.60274 1.35698
0.335 -3.71231 1.46794
0.336 -3.80918 1.57048
0.337 -3.89288 1.6643
0.338 -3.963 1.74915
0.339 -4.0192 1.82478
0.34 -4.06118 1.89102
0.341 -4.0887 1.9477
0.342 -4.10156 1.99472
0.343 -4.09964 2.032
0.344 -4.08288 2.0595
0.345 -4.05127 2.07722
0.346 -4.00485 2.08522
0.347 -3.94373 2.08356
0.348 -3.86809 2.07237
0.349 -3.77816 2.05181
0.35 -3.67421 2.02208
0.351 -3.5566 1.98339
0.352 -3.42572 1.93602
0.353 -3.28203 1.88028
0.354 -3.12603 1.81649
0.355 -2.95828 1.74501
0.356 -2.77939 1.66626
0.357 -2.59001 1.58064
0.358 -2.39083 1.48862
0.359 -2.18261 1.39066
0.36 -1.96611 1.28727
0.361 -1.74215 1.17896
0.362 -1.51156 1.06627
0.363 -1.27524 0.949754
0.364 -1.03407 0.829985
0.365 -0.78898 0.707539
0.366 -0.540906 0.583006
0.367 -0.290804 0.456981
0.368 -0.0396374 0.330065
0.369 0.211621 0.202858
0.37 0.461996 0.075964
0.371 0.710516 -0.0500208
0.372 0.956211 -0.174503
0.373 1.19812 -0.296899
0.374 1.4353 -0.416635
0.375 1.66683 -0.533149
0.376 1.89178 -0.645897
0.377 2.10929 -0.754349
0.378 2.31848 -0.858
0.379 2.51855 -0.956361
0.38 2.70869 -1.04897
0.381 2.88816 -1.13539
0.382 3.05625 -1.21522
0.383 3.2123 -1.28807
0.384 3.35569 -1.35359
0.385 3.48585 -1.41148
0.386 3.60227 -1.46145
0.387 3.7045 -1.50324
0.388 3.79212 -1.53666
0.389 3.8648 -1.56152
0.39 3.92225 -1.5777
0.391 3.96426 -1.58509
0.392 3.99067 -1.58363
0.393 4.00137 -1.57331
0.394 3.99635 -1.55413
0.395 3.97563 -1.52617
0.396 3.93931 -1.48952
0.397 3.88757 -1.44431
0.398 3.82061 -1.39071
0.399 3.73874 -1.32894
0.4 3.6423 -1.25924
0.401 3.53171 -1.1819
0.402 3.40743 -1.09722
0.403 3.27001 -1.00556
0.404 3.12001 -0.907302
0.405 2.95808 -0.802846
0.406 2.78491 -0.692633
0.407 2.60124 -0.577126
0.408 2.40783 -0.456813
0.409 2.20552 -0.332203
0.41 1.99518 -0.203825
0.411 1.77768 -0.0722258
0.412 1.55398 0.0620319
0.413 1.32501 0.198373
0.414 1.09176 0.336213
0.415 0.85524 0.474958
0.416 0.616457 0.614009
0.417 0.37644 0.752765
0.418 0.136228 0.890623
0.419 -0.103141 1.02699
0.42 -0.340629 1.16126
0.421 -0.575202 1.29285
0.422 -0.805837 1.42119
0.423 -1.03152 1.54572
0.424 -1.25127 1.66587
0.425 -1.46411 1.78113
0.426 -1.66909 1.89099
0.427 -1.86531 1.99494
0.428 -2.05188 2.09254
0.429 -2.22796 2.18333
0.43 -2.39276 2.26691
0.431 -2.54552 2.34291
0.432 -2.68553 2.41097
0.433 -2.81213 2.47078
0.434 -2.92474 2.52207
0.435 -3.02279 2.56458
0.436 -3.10581 2.59812
0.437 -3.17338 2.62252
0.438 -3.22512 2.63765
0.439 -3.26076 2.64343
0.44 -3.28005 2.63982
0.441 -3.28284 2.6268
0.442 -3.26904 2.60441
0.443 -3.23862 2.57274
0.444 -3.19163 2.5319
0.445 -3.12819 2.48206
0.446 -3.04847 2.4234
0.447 -2.95274 2.35618
0.448 -2.84132 2.28066
0.449 -2.7146 2.19717
0.45 -2.57302 2.10606
0.451 -2.41712 2.00771
0.452 -2.24746 1.90255
0.453 -2.0647 1.79102
0.454 -1.86952 1.67361
0.455 -1.66268 1.55083
0.456 -1.44499 1.42321
0.457 -1.21729 1.29132
0.458 -0.980483 1.15574
0.459 -0.735512 1.01707
0.46 -0.483351 0.875919
0.461 -0.225013 0.732927
0.462 0.0384612 0.588734
0.463 0.306005 0.443992
0.464 0.576528 0.299358
0.465 0.848926 0.155493
0.466 1.12208 0.0130584
0.467 1.39486 -0.127288
0.468 1.66614 -0.264894
0.469 1.93479 -0.399114
0.47 2.19969 -0.529313
0.471 2.45972 -0.654872
0.472 2.71379 -0.775188
0.473 2.96081 -0.889675
0.474 3.19974 -0.997771
0.475 3.42956 -1.09894
0.476 3.64925 -1.19266
0.477 3.85789 -1.27846
0.478 4.05454 -1.35589
0.479 4.23834 -1.42452
0.48 4.40847 -1.48397
0.481 4.56416 -1.53391
0.482 4.7047 -1.57401
0.483 4.82944 -1.60402
0.484 4.93778 -1.62371
0.485 5.0292 -1.6329
0.486 5.10323 -1.63145
0.487 5.15949 -1.61927
0.488 5.19766 -1.59631
0.489 5.21748 -1.56258
0.49 5.21878 -1.51811
0.491 5.20146 -1.46301
0.492 5.16549 -1.3974
0.493 5.11092 -1.32148
0.494 5.03788 -1.23547
0.495 4.94658 -1.13964
0.496 4.83727 -1.03433
0.497 4.71033 -0.919889
0.498 4.56616 -0.796722
0.499 4.40526 -0.665276
0.5 4.2282 -0.526034
0.501 4.0356 -0.379516
0.502 3.82816 -0.22628
0.503 3.60665 -0.0669147
0.504 3.37187 0.0979603
0.505 3.12471 0.267696
0.506 2.86609 0.441617
0.507 2.59699 0.619025
0.508 2.31843 0.799201
0.509 2.03148 0.981408
0.51 1.73725 1.16489
0.511 1.43686 1.34889
0.512 1.13148 1.53263
0.513 0.822297 1.71534
0.514 0.510527 1.89622
0.515 0.197387 2.0745
0.516 -0.11589 2.2494
0.517 -0.428067 2.42016
0.518 -0.737909 2.58599
0.519 -1.04418 2.74617
0.52 -1.34567 2.89996
0.521 -1.64117 3.04665
0.522 -1.9295 3.18554
0.523 -2.20949 3.31597
0.524 -2.48001 3.4373
0.525 -2.73998 3.54894
0.526 -2.98834 3.6503
0.527 -3.22407 3.74085
0.528 -3.44622 3.82009
0.529 -3.65388 3.88757
0.53 -3.84618 3.94286
0.531 -4.02233 3.98561
0.532 -4.1816 4.01549
0.533 -4.32333 4.03222
0.534 -4.44691 4.03558
0.535 -4.55182 4.02539
0.536 -4.63761 4.00153
0.537 -4.70391 3.96392
0.538 -4.7504 3.91256
0.539 -4.77688 3.84747
0.54 -4.78321 3.76875
0.541 -4.76932 3.67653
0.542 -4.73525 3.57102
0.543 -4.6811 3.45247
0.544 -4.60706 3.32117
0.545 -4.51339 3.17748
0.546 -4.40045 3.02179
0.547 -4.26866 2.85458
0.548 -4.11853 2.67632
0.549 -3.95065 2.48758
0.55 -3.76566 2.28893
0.551 -3.56429 2.08101
0.552 -3.34734 1.86448
0.553 -3.11566 1.64007
0.554 -2.87019 1.4085
0.555 -2.6119 1.17056
0.556 -2.34182 0.927043
0.557 -2.06105 0.678781
0.558 -1.77071 0.426626
0.559 -1.47199 0.17145
0.56 -1.16608 -0.08586
0.561 -0.854251 -0.344402
0.562 -0.537759 -0.603265
0.563 -0.217905 -0.861534
0.564 0.103998 -1.11829
0.565 0.426626 -1.37261
0.566 0.748647 -1.62358
0.567 1.06873 -1.87031
0.568 1.38553 -2.11188
0.569 1.69775 -2.34743
0.57 2.00407 -2.5761
0.571 2.30321 -2.79705
0.572 2.5939 -3.00946
0.573 2.87491 -3.21255
0.574 3.14506 -3.40557
0.575 3.40318 -3.5878
0.576 3.64816 -3.75857
0.577 3.87895 -3.91723
0.578 4.09454 -4.06319
0.579 4.29397 -4.19589
0.58 4.47637 -4.31484
0.581 4.64092 -4.41959
0.582 4.78685 -4.50972
0.583 4.9135 -4.58491
0.584 5.02027 -4.64484
0.585 5.10662 -4.6893
0.586 5.17211 -4.7181
0.587 5.21639 -4.73113
0.588 5.23918 -4.72832
0.589 5.24028 -4.70967
0.59 5.21959 -4.67524
0.591 5.17709 -4.62516
0.592 5.11285 -4.5596
0.593 5.02703 -4.47879
0.594 4.91987 -4.38304
0.595 4.7917 -4.27269
0.596 4.64293 -4.14815
0.597 4.47407 -4.0099
0.598 4.28569 -3.85843
0.599 4.07846 -3.69432
0.6 3.85311 -3.51819
0.601 3.61044 -3.33069
0.602 3.35136 -3.13254
0.603 3.0768 -2.92448
0.604 2.78778 -2.7073
0.605 2.48538 -2.48182
0.606 2.17073 -2.2489
0.607 1.84501 -2.00943
0.608 1.50945 -1.76431
0.609 1.16533 -1.51448
0.61 0.813958 -1.26089
0.611 0.456676 -1.00452
0.612 0.0948551 -0.746348
0.613 -0.270114 -0.487356
0.614 -0.636825 -0.228542
0.615 -1.00386 0.029099
0.616 -1.36979 0.284577
0.617 -1.73321 0.536909
0.618 -2.09269 0.785122
0.619 -2.44683 1.02826
0.62 -2.79426 1.26538
0.621 -3.1336 1.49556
0.622 -3.46352 1.71792
0.623 -3.78274 1.93159
0.624 -4.08999 2.13575
0.625 -4.38405 2.32959
0.626 -4.66377 2.51237
0.627 -4.92804 2.68337
0.628 -5.1758 2.84192
0.629 -5.40608 2.9874
0.63 -5.61795 3.11924
0.631 -5.81056 3.23693
0.632 -5.98314 3.33999
0.633 -6.135 3.42802
0.634 -6.26552 3.50067
0.635 -6.37417 3.55765
0.636 -6.4605 3.59872
0.637 -6.52417 3.62371
0.638 -6.56488 3.63251
0.639 -6.58248 3.62509
0.64 -6.57687 3.60145
0.641 -6.54806 3.56168
0.642 -6.49613 3.50591
0.643 -6.42129 3.43436
0.644 -6.32381 3.34727
0.645 -6.20406 3.24499
0.646 -6.06249 3.12789
0.647 -5.89965 2.99642
0.648 -5.71616 2.85106
0.649 -5.51275 2.69238
0.65 -5.2902 2.52097
0.651 -5.04938 2.33749
0.652 -4.79122 2.14264
0.653 -4.51674 1.93715
0.654 -4.22703 1.72182
0.655 -3.9232 1.49746
0.656 -3.60646 1.26493
0.657 -3.27806 1.02513
0.658 -2.93928 0.778972
0.659 -2.59147 0.527396
0.66 -2.236 0.271366
0.661 -1.87426 0.0118654
0.662 -1.5077 -0.250113
0.663 -1.13776 -0.513564
0.664 -0.765905 -0.777478
0.665 -0.393607 -1.04084
0.666 -0.0223419 -1.30265
0.667 0.346419 -1.5619
0.668 0.711213 -1.8176
0.669 1.07059 -2.06876
0.67 1.42314 -2.31443
0.671 1.76744 -2.55366
0.672 2.10214 -2.78555
0.673 2.4259 -3.00921
0.674 2.73745 -3.22377
0.675 3.03553 -3.42843
0.676 3.31898 -3.62241
0.677 3.58667 -3.80497
0.678 3.83753 -3.97542
0.679 4.07057 -4.1331
0.68 4.28487 -4.27743
0.681 4.47958 -4.40787
0.682 4.65392 -4.52392
0.683 4.80722 -4.62516
0.684 4.93887 -4.7112
0.685 5.04836 -4.78173
0.686 5.13525 -4.8365
0.687 5.19921 -4.87532
0.688 5.24 -4.89805
0.689 5.25748 -4.90462
0.69 5.25158 -4.89504
0.691 5.22234 -4.86935
0.692 5.16991 -4.82767
0.693 5.0945 -4.7702
0.694 4.99644 -4.69716
0.695 4.87614 -4.60888
0.696 4.73412 -4.50569
0.697 4.57094 -4.38804
0.698 4.38731 -4.25638
0.699 4.18398 -4.11126
0.7 3.96178 -3.95324
0.701 3.72164 -3.78297
0.702 3.46456 -3.60112
0.703 3.19159 -3.4084
0.704 2.90386 -3.20559
0.705 2.60256 -2.99347
0.706 2.28893 -2.77289
0.707 1.96427 -2.54471
0.708 1.62992 -2.30983
0.709 1.28725 -2.06915
0.71 0.937694 -1.82362
0.711 0.582683 -1.5742
0.712 0.22369 -1.32184
0.713 -0.1378 -1.06754
0.714 -0.50029 -0.812262
0.715 -0.862279 -0.556999
0.716 -1.22226 -0.302729
0.717 -1.57875 -0.0504239
0.718 -1.93026 0.198952
0.719 -2.27533 0.444453
0.72 -2.61251 0.685147
0.721 -2.94041 0.920127
0.722 -3.25765 1.14851
0.723 -3.56291 1.36945
0.724 -3.8549 1.58212
0.725 -4.13239 1.78574
0.726 -4.39422 1.97956
0.727 -4.63927 2.16288
0.728 -4.86651 2.33504
0.729 -5.07497 2.49544
0.73 -5.26374 2.6435
0.731 -5.43202 2.77873
0.732 -5.57908 2.90066
0.733 -5.70426 3.0089
0.734 -5.807 3.1031
0.735 -5.88684 3.18299
0.736 -5.94341 3.24833
0.737 -5.97641 3.29897
0.738 -5.98566 3.3348
0.739 -5.97108 3.35578
0.74 -5.93266 3.36194
0.741 -5.87052 3.35336
0.742 -5.78484 3.33017
0.743 -5.67592 3.29259
0.744 -5.54416 3.24088
0.745 -5.39003 3.17535
0.746 -5.21411 3.0964
0.747 -5.01706 3.00444
0.748 -4.79962 2.89996
0.749 -4.56264 2.78351
0.75 -4.30701 2.65567
0.751 -4.03374 2.51708
0.752 -3.74387 2.3684
0.753 -3.43854 2.21036
0.754 -3.11895 2.04372
0.755 -2.78633 1.86926
0.756 -2.442 1.68781
0.757 -2.08731 1.50022
0.758 -1.72365 1.30736
0.759 -1.35247 1.11013
0.76 -0.975221 0.909429
0.761 -0.593403 0.706198
0.762 -0.208524 0.501365
0.763 0.177889 0.295871
0.764 0.564304 0.0906586
0.765 0.949188 -0.113334
0.766 1.33101 -0.315174
0.767 1.70826 -0.513939
0.768 2.07942 -0.70872
0.769 2.44303 -0.898626
0.77 2.79764 -1.08279
0.771 3.14183 -1.26037
0.772 3.47424 -1.43054
0.773 3.79353 -1.59253
0.774 4.09845 -1.74559
0.775 4.38777 -1.88901
0.776 4.66034 -2.02213
0.777 4.91508 -2.14431
0.778 5.15097 -2.25499
0.779 5.36708 -2.35365
0.78 5.56254 -2.43979
0.781 5.73659 -2.51302
0.782 5.88853 -2.57295
0.783 6.01777 -2.61929
0.784 6.1238 -2.65178
0.785 6.2062 -2.67023
0.786 6.26465 -2.67451
0.787 6.29894 -2.66456
0.788 6.30895 -2.64037
0.789 6.29464 -2.60198
0.79 6.2561 -2.54952
0.791 6.19349 -2.48316
0.792 6.10709 -2.40313
0.793 5.99727 -2.30974
0.794 5.86448 -2.20332
0.795 5.70929 -2.08429
0.796 5.53235 -1.95312
0.797 5.33438 -1.81031
0.798 5.11623 -1.65644
0.799 4.87878 -1.49212
0.8 4.62303 -1.31802
0.801 4.35004 -1.13483
0.802 4.06094 -0.943308
0.803 3.75693 -0.744231
0.804 3.43926 -0.538415
0.805 3.10926 -0.326709
0.806 2.76828 -0.109987
0.807 2.41775 0.110854
0.808 2.0591 0.334895
0.809 1.69385 0.561203
0.81 1.32348 0.788831
0.811 0.949547 1.01683
0.812 0.573597 1.24423
0.813 0.197191 1.47008
0.814 -0.178105 1.69343
0.815 -0.550733 1.91333
0.816 -0.91914 2.12883
0.817 -1.28179 2.33903
0.818 -1.63718 2.54303
0.819 -1.98381 2.73994
0.82 -2.32024 2.92891
0.821 -2.64506 3.10913
0.822 -2.95691 3.27982
0.823 -3.25448 3.44022
0.824 -3.53652 3.58962
0.825 -3.80183 3.72737
0.826 -4.0493 3.85285
0.827 -4.27787 3.96549
0.828 -4.48656 4.06478
0.829 -4.67449 4.15025
0.83 -4.84085 4.22149
0.831 -4.98491 4.27817
0.832 -5.10604 4.31998
0.833 -5.20371 4.34671
0.834 -5.27747 4.35819
0.835 -5.32699 4.3543
0.836 -5.352 4.33502
0.837 -5.35238 4.30037
0.838 -5.32807 4.25043
0.839 -5.27914 4.18536
0.84 -5.20574 4.10536
0.841 -5.10813 4.01071
0.842 -4.98666 3.90175
0.843 -4.84181 3.77888
0.844 -4.67411 3.64255
0.845 -4.48423 3.49327
0.846 -4.27289 3.33161
0.847 -4.04092 3.15819
0.848 -3.78925 2.97367
0.849 -3.51887 2.77878
0.85 -3.23085 2.57428
0.851 -2.92635 2.36097
0.852 -2.60658 2.1397
0.853 -2.27282 1.91133
0.854 -1.92643 1.67679
0.855 -1.56878 1.437
0.856 -1.20134 1.19293
0.857 -0.825578 0.945557
0.858 -0.44303 0.695885
0.859 -0.0552479 0.444923
0.86 0.336191 0.193688
0.861 0.729688 -0.0567954
0.862 1.12364 -0.305505
0.863 1.51642 -0.551423
0.864 1.90644 -0.793538
0.865 2.29208 -1.03085
0.866 2.67175 -1.26239
0.867 3.0439 -1.48718
0.868 3.40697 -1.70429
0.869 3.75947 -1.91282
0.87 4.09993 -2.1119
0.871 4.42692 -2.30067
0.872 4.73909 -2.47835
0.873 5.03511 -2.64418
0.874 5.31375 -2.79744
0.875 5.57382 -2.93749
0.876 5.81421 -3.0637
0.877 6.0339 -3.17552
0.878 6.23194 -3.27246
0.879 6.40746 -3.35408
0.88 6.5597 -3.42001
0.881 6.68796 -3.46992
0.882 6.79167 -3.50356
0.883 6.87034 -3.52076
0.884 6.92358 -3.5214
0.885 6.9511 -3.50542
0.886 6.95271 -3.47284
0.887 6.92835 -3.42374
0.888 6.87803 -3.35828
0.889 6.80189 -3.27667
0.89 6.70014 -3.17921
0.891 6.57314 -3.06623
0.892 6.42132 -2.93815
0.893 6.24521 -2.79545
0.894 6.04546 -2.63868
0.895 5.82279 -2.46841
0.896 5.57802 -2.28532
0.897 5.31208 -2.0901
0.898 5.02596 -1.88351
0.899 4.72074 -1.66637
0.9 4.39759 -1.43952
0.901 4.05774 -1.20386
0.902 3.70249 -0.960333
0.903 3.33321 -0.709897
0.904 2.95131 -0.453556
0.905 2.55828 -0.192337
0.906 2.15565 0.0727065
0.907 1.74496 0.340506
0.908 1.32782 0.609974
0.909 0.905853 0.880016
0.91 0.480704 1.14953
0.911 0.0540337 1.41741
0.912 -0.372491 1.68255
0.913 -0.797199 1.94387
0.914 -1.21843 2.20026
0.915 -1.63453 2.45068
0.916 -2.04386 2.69407
0.917 -2.44482 2.92939
0.918 -2.83583 3.15567
0.919 -3.21535 3.37193
0.92 -3.5819 3.57725
0.921 -3.93402 3.77074
0.922 -4.27034 3.95155
0.923 -4.58952 4.11889
0.924 -4.89031 4.27202
0.925 -5.17152 4.41023
0.926 -5.43205 4.53289
0.927 -5.67087 4.63942
0.928 -5.88703 4.72932
0.929 -6.0797 4.80211
0.93 -6.24811 4.85742
0.931 -6.3916 4.89493
0.932 -6.50962 4.91437
0.933 -6.60169 4.91558
0.934 -6.66746 4.89844
0.935 -6.70669 4.86291
0.936 -6.71922 4.80903
0.937 -6.70502 4.73688
0.938 -6.66416 4.64666
0.939 -6.5968 4.53859
0.94 -6.50323 4.41301
0.941 -6.38384 4.27029
0.942 -6.23912 4.11089
0.943 -6.06965 3.93532
0.944 -5.87613 3.74416
0.945 -5.65935 3.53806
0.946 -5.42018 3.31772
0.947 -5.1596 3.0839
0.948 -4.87867 2.83742
0.949 -4.57852 2.57913
0.95 -4.26038 2.30996
0.951 -3.92553 2.03085
0.952 -3.57533 1.74281
0.953 -3.2112 1.44686
0.954 -2.83463 1.14408
0.955 -2.44713 0.835551
0.956 -2.05029 0.522401
0.957 -1.64571 0.205765
0.958 -1.23504 -0.113203
0.959 -0.819936 -0.433336
0.96 -0.402098 -0.753464
0.961 0.016777 -1.07241
0.962 0.434986 -1.38901
0.963 0.850825 -1.70209
0.964 1.2626 -2.01051
0.965 1.66863 -2.31312
0.966 2.06726 -2.60882
0.967 2.45686 -2.89651
0.968 2.83584 -3.17513
0.969 3.20264 -3.44365
0.97 3.55577 -3.70109
0.971 3.89376 -3.94649
0.972 4.21524 -4.17895
0.973 4.51888 -4.39761
0.974 4.80341 -4.60168
0.975 5.06768 -4.79041
0.976 5.31056 -4.9631
0.977 5.53107 -5.11913
0.978 5.72826 -5.25793
0.979 5.90132 -5.379
0.98 6.0495 -5.48192
0.981 6.17218 -5.56631
0.982 6.26881 -5.63189
0.983 6.33898 -5.67843
0.984 6.38235 -5.70579
0.985 6.39871 -5.71389
0.986 6.38795 -5.70274
0.987 6.35008 -5.6724
0.988 6.28521 -5.62303
0.989 6.19354 -5.55484
0.99 6.07542 -5.46812
0.991 5.93126 -5.36324
0.992 5.7616 -5.24064
0.993 5.56709 -5.1008
0.994 5.34846 -4.9443
0.995 5.10655 -4.77176
0.996 4.84229 -4.58388
0.997 4.55669 -4.3814
0.998 4.25087 -4.16514
0.999 3.926 -3.93594
1 3.58336 -3.69472
