0.001 3.39863e-008 2.58433e-009
0.002 3.09625e-007 2.07536e-008
0.003 1.46041e-006 8.61137e-008
0.004 4.83968e-006 2.52673e-007
0.005 1.28115e-005 5.99264e-007
0.006 2.90314e-005 1.23362e-006
0.007 5.8715e-005 2.29853e-006
0.008 0.000108891 3.98051e-006
0.009 0.000188637 6.52134e-006
0.01 0.000309295 1.02328e-005
0.011 0.00048467 1.55152e-005
0.012 0.000731194 2.28791e-005
0.013 0.00106808 3.29718e-005
0.014 0.00151742 4.66078e-005
0.015 0.00210431 6.48031e-005
0.016 0.00285687 8.88149e-005
0.017 0.0038063 0.000120184
0.018 0.00498687 0.000160785
0.019 0.00643587 0.000212876
0.02 0.00819356 0.000279155
0.021 0.0103031 0.000362823
0.022 0.0128102 0.000467644
0.023 0.0157634 0.000598015
0.024 0.0192134 0.000759034
0.025 0.0232131 0.000956575
0.026 0.0278172 0.00119736
0.027 0.033082 0.00148903
0.028 0.0390651 0.00184023
0.029 0.045825 0.00226069
0.03 0.0534207 0.00276128
0.031 0.0619113 0.00335412
0.032 0.0713556 0.00405259
0.033 0.0818119 0.00487149
0.034 0.0933371 0.00582702
0.035 0.105987 0.00693689
0.036 0.119814 0.00822037
0.037 0.134869 0.00969833
0.038 0.151201 0.0113933
0.039 0.168853 0.0133295
0.04 0.187865 0.0155328
0.041 0.208273 0.0180308
0.042 0.230108 0.020853
0.043 0.253396 0.0240304
0.044 0.278154 0.0275959
0.045 0.304398 0.0315841
0.046 0.332133 0.0360309
0.047 0.361359 0.0409743
0.048 0.392068 0.0464535
0.049 0.424244 0.0525092
0.05 0.457864 0.0591835
0.051 0.492896 0.0665197
0.052 0.529299 0.0745622
0.053 0.567025 0.0833564
0.054 0.606016 0.0929485
0.055 0.646206 0.103385
0.056 0.687519 0.114714
0.057 0.72987 0.126982
0.058 0.773168 0.140238
0.059 0.817309 0.154527
0.06 0.862185 0.169898
0.061 0.907676 0.186397
0.062 0.953655 0.204068
0.063 0.99999 0.222956
0.064 1.04654 0.243102
0.065 1.09315 0.264549
0.066 1.13967 0.287333
0.067 1.18594 0.311492
0.068 1.23179 0.337058
0.069 1.27705 0.364062
0.07 1.32155 0.39253
0.071 1.3651 0.422485
0.072 1.40753 0.453947
0.073 1.44865 0.486929
0.074 1.48828 0.521443
0.075 1.52623 0.557492
0.076 1.56232 0.595076
0.077 1.59636 0.63419
0.078 1.62818 0.674822
0.079 1.6576 0.716954
0.08 1.68444 0.760561
0.081 1.70854 0.805614
0.082 1.72973 0.852074
0.083 1.74786 0.899897
0.084 1.76277 0.949031
0.085 1.77434 0.999417
0.086 1.78243 1.05099
0.087 1.78692 1.10367
0.088 1.78771 1.15739
0.089 1.78469 1.21204
0.09 1.77779 1.26755
0.091 1.76693 1.32379
0.092 1.75205 1.38066
0.093 1.73313 1.43805
0.094 1.71012 1.49582
0.095 1.68302 1.55384
0.096 1.65184 1.61197
0.097 1.61659 1.67007
0.098 1.57732 1.72798
0.099 1.53408 1.78555
0.1 1.48695 1.84261
0.101 1.43601 1.89899
0.102 1.38137 1.95452
0.103 1.32317 2.00901
0.104 1.26153 2.0623
0.105 1.19662 2.11418
0.106 1.12862 2.16448
0.107 1.05772 2.21301
0.108 0.984122 2.25956
0.109 0.90805 2.30396
0.11 0.829744 2.34601
0.111 0.749453 2.38551
0.112 0.667441 2.42227
0.113 0.583986 2.45612
0.114 0.499373 2.48685
0.115 0.4139 2.5143
0.116 0.327875 2.53827
0.117 0.241612 2.55861
0.118 0.155432 2.57514
0.119 0.0696626 2.5877
0.12 -0.0153644 2.59614
0.121 -0.0993146 2.60031
0.122 -0.181852 2.60009
0.123 -0.26264 2.59533
0.124 -0.341343 2.58594
0.125 -0.41763 2.5718
0.126 -0.49117 2.55283
0.127 -0.561641 2.52893
0.128 -0.628728 2.50005
0.129 -0.692122 2.46614
0.13 -0.751526 2.42715
0.131 -0.806653 2.38305
0.132 -0.85723 2.33385
0.133 -0.902997 2.27955
0.134 -0.94371 2.22017
0.135 -0.979143 2.15575
0.136 -1.00909 2.08635
0.137 -1.03335 2.01204
0.138 -1.05176 1.93291
0.139 -1.06417 1.84907
0.14 -1.07046 1.76064
0.141 -1.07052 1.66776
0.142 -1.06427 1.5706
0.143 -1.05166 1.46932
0.144 -1.03266 1.36412
0.145 -1.00727 1.25521
0.146 -0.975506 1.14282
0.147 -0.937425 1.02717
0.148 -0.893101 0.908539
0.149 -0.842639 0.787181
0.15 -0.786168 0.663383
0.151 -0.723848 0.537442
0.152 -0.655862 0.409666
0.153 -0.58242 0.280377
0.154 -0.503758 0.149904
0.155 -0.420139 0.0185885
0.156 -0.331848 -0.11322
0.157 -0.239194 -0.245163
0.158 -0.14251 -0.376879
0.159 -0.0421495 -0.507998
0.16 0.0615136 -0.638145
0.161 0.168085 -0.766946
0.162 0.277154 -0.894021
0.163 0.388292 -1.01899
0.164 0.501056 -1.14148
0.165 0.61499 -1.26111
0.166 0.729626 -1.37751
0.167 0.844485 -1.49031
0.168 0.959082 -1.59915
0.169 1.07293 -1.70367
0.17 1.18552 -1.80354
0.171 1.29636 -1.89841
0.172 1.40495 -1.98796
0.173 1.5108 -2.07189
0.174 1.61341 -2.14989
0.175 1.71229 -2.22169
0.176 1.80697 -2.28701
0.177 1.89697 -2.34562
0.178 1.98183 -2.39729
0.179 2.06112 -2.44181
0.18 2.1344 -2.47898
0.181 2.20127 -2.50866
0.182 2.26134 -2.53069
0.183 2.31423 -2.54495
0.184 2.35961 -2.55136
0.185 2.39715 -2.54984
0.186 2.42657 -2.54036
0.187 2.44759 -2.52288
0.188 2.45999 -2.49743
0.189 2.46355 -2.46403
0.19 2.45812 -2.42276
0.191 2.44355 -2.3737
0.192 2.41974 -2.31697
0.193 2.38662 -2.25271
0.194 2.34415 -2.1811
0.195 2.29234 -2.10233
0.196 2.23124 -2.01663
0.197 2.16091 -1.92424
0.198 2.08148 -1.82545
0.199 1.99308 -1.72055
0.2 1.89592 -1.60987
0.201 1.79022 -1.49375
0.202 1.67623 -1.37256
0.203 1.55425 -1.24669
0.204 1.42462 -1.11656
0.205 1.28769 -0.982574
0.206 1.14387 -0.845194
0.207 0.993578 -0.704876
0.208 0.837277 -0.562094
0.209 0.675452 -0.417336
0.21 0.508617 -0.271101
0.211 0.337308 -0.123895
0.212 0.162087 0.0237638
0.213 -0.0164646 0.171355
0.214 -0.197745 0.318351
0.215 -0.381136 0.464225
0.216 -0.566006 0.608447
0.217 -0.751711 0.750488
0.218 -0.937595 0.889825
0.219 -1.123 1.02594
0.22 -1.30726 1.15831
0.221 -1.4897 1.28645
0.222 -1.66966 1.40985
0.223 -1.84647 1.52804
0.224 -2.01948 1.64055
0.225 -2.18803 1.74693
0.226 -2.35149 1.84675
0.227 -2.50924 1.9396
0.228 -2.66066 2.02508
0.229 -2.80516 2.10283
0.23 -2.94218 2.1725
0.231 -3.07118 2.23378
0.232 -3.19163 2.28638
0.233 -3.30305 2.33003
0.234 -3.40498 2.3645
0.235 -3.49699 2.38959
0.236 -3.5787 2.40512
0.237 -3.64974 2.41097
0.238 -3.7098 2.40702
0.239 -3.75861 2.39319
0.24 -3.79592 2.36947
0.241 -3.82156 2.33583
0.242 -3.83536 2.29232
0.243 -3.83721 2.239
0.244 -3.82707 2.17597
0.245 -3.80492 2.10337
0.246 -3.77078 2.02137
0.247 -3.72474 1.93018
0.248 -3.66691 1.83003
0.249 -3.59747 1.7212
0.25 -3.51664 1.60399
0.251 -3.42467 1.47873
0.252 -3.32187 1.3458
0.253 -3.2086 1.20558
0.254 -3.08523 1.0585
0.255 -2.9522 0.905013
0.256 -2.80999 0.745587
0.257 -2.65911 0.580722
0.258 -2.5001 0.410938
0.259 -2.33354 0.236772
0.26 -2.16005 0.0587845
0.261 -1.98027 -0.122452
0.262 -1.79488 -0.306349
0.263 -1.60456 -0.492307
0.264 -1.41004 -0.679714
0.265 -1.21206 -0.867953
0.266 -1.01137 -1.0564
0.267 -0.808745 -1.24442
0.268 -0.604965 -1.4314
0.269 -0.400819 -1.6167
0.27 -0.197103 -1.7997
0.271 0.00538757 -1.97978
0.272 0.205857 -2.15632
0.273 0.403514 -2.32874
0.274 0.597576 -2.49644
0.275 0.787269 -2.65884
0.276 0.971836 -2.81539
0.277 1.15053 -2.96555
0.278 1.32264 -3.10881
0.279 1.48746 -3.24466
0.28 1.64432 -3.37264
0.281 1.79258 -3.49231
0.282 1.93161 -3.60324
0.283 2.06085 -3.70506
0.284 2.17975 -3.7974
0.285 2.28781 -3.87995
0.286 2.38457 -3.95242
0.287 2.4696 -4.01455
0.288 2.54254 -4.06613
0.289 2.60306 -4.10698
0.29 2.65088 -4.13695
0.291 2.68577 -4.15594
0.292 2.70755 -4.16388
0.293 2.7161 -4.16075
0.294 2.71134 -4.14656
0.295 2.69325 -4.12136
0.296 2.66187 -4.08524
0.297 2.61728 -4.03834
0.298 2.55961 -3.98081
0.299 2.48908 -3.91287
0.3 2.4059 -3.83475
0.301 2.3104 -3.74674
0.302 2.20291 -3.64915
0.303 2.08383 -3.54233
0.304 1.9536 -3.42667
0.305 1.81273 -3.30256
0.306 1.66174 -3.17046
0.307 1.50122 -3.03084
0.308 1.33179 -2.88418
0.309 1.15411 -2.73103
0.31 0.968874 -2.57191
0.311 0.776813 -2.4074
0.312 0.578687 -2.23808
0.313 0.375283 -2.06454
0.314 0.167413 -1.88741
0.315 -0.0440883 -1.70731
0.316 -0.25837 -1.52487
0.317 -0.474565 -1.34074
0.318 -0.691795 -1.15556
0.319 -0.909175 -0.969984
0.32 -1.12582 -0.784659
0.321 -1.34082 -0.600229
0.322 -1.55331 -0.417335
0.323 -1.7624 -0.23661
0.324 -1.96722 -0.0586759
0.325 -2.1669 0.115858
0.326 -2.36062 0.286398
0.327 -2.54754 0.452366
0.328 -2.72687 0.613204
0.329 -2.89785 0.768376
0.33 -3.05973 0.917369
0.331 -3.21181 1.0597
0.332 -3.35342 1.1949
0.333 -3.48393 1.32255
0.334 -3.60276 1.44224
0.335 -3.70936 1.55361
0.336 -3.80323 1.65632
0.337 -3.88394 1.75008
0.338 -3.95108 1.83463
0.339 -4.00432 1.90973
0.34 -4.04336 1.97521
0.341 -4.06797 2.03091
0.342 -4.07799 2.07673
0.343 -4.07329 2.11259
0.344 -4.05381 2.13847
0.345 -4.01956 2.15438
0.346 -3.9706 2.16037
0.347 -3.90704 2.15652
0.348 -3.82907 2.14297
0.349 -3.73692 2.11988
0.35 -3.63088 2.08746
0.351 -3.51131 2.04595
0.352 -3.37862 1.99563
0.353 -3.23325 1.93681
0.354 -3.07574 1.86983
0.355 -2.90663 1.79508
0.356 -2.72655 1.71296
0.357 -2.53615 1.62391
0.358 -2.33613 1.52839
0.359 -2.12723 1.42689
0.36 -1.91023 1.31993
0.361 -1.68594 1.20803
0.362 -1.45522 1.09175
0.363 -1.21894 0.971646
0.364 -0.97799 0.848307
0.365 -0.733296 0.722324
0.366 -0.485794 0.594298
0.367 -0.236437 0.464836
0.368 0.0138142 0.33455
0.369 0.263992 0.204053
0.37 0.513127 0.0739589
0.371 0.760251 -0.0551254
0.372 1.0044 -0.182597
0.373 1.24463 -0.307862
0.374 1.47999 -0.430338
0.375 1.70957 -0.549456
0.376 1.93246 -0.664662
0.377 2.14779 -0.775423
0.378 2.35471 -0.881222
0.379 2.55241 -0.981569
0.38 2.74012 -1.076
0.381 2.91708 -1.16406
0.382 3.08261 -1.24536
0.383 3.23604 -1.3195
0.384 3.37679 -1.38613
0.385 3.50428 -1.44494
0.386 3.61802 -1.49565
0.387 3.71756 -1.53801
0.388 3.80252 -1.57181
0.389 3.87256 -1.59688
0.39 3.92741 -1.61308
0.391 3.96686 -1.62031
0.392 3.99077 -1.61854
0.393 3.99905 -1.60773
0.394 3.99168 -1.58791
0.395 3.96871 -1.55915
0.396 3.93025 -1.52154
0.397 3.87646 -1.47524
0.398 3.80759 -1.42042
0.399 3.72394 -1.3573
0.4 3.62586 -1.28613
0.401 3.51377 -1.20721
0.402 3.38815 -1.12085
0.403 3.24954 -1.02742
0.404 3.09853 -0.927302
0.405 2.93576 -0.820919
0.406 2.76192 -0.708718
0.407 2.57776 -0.591171
0.408 2.38405 -0.468775
0.409 2.18162 -0.342051
0.41 1.97133 -0.211537
0.411 1.75409 -0.0777914
0.412 1.53082 0.0586149
0.413 1.30247 0.197097
0.414 1.07002 0.337058
0.415 0.834478 0.477898
0.416 0.596846 0.619006
0.417 0.358153 0.759774
0.418 0.119427 0.89959
0.419 -0.118297 1.03785
0.42 -0.353989 1.17395
0.421 -0.586623 1.30729
0.422 -0.815183 1.4373
0.423 -1.03867 1.56339
0.424 -1.2561 1.68503
0.425 -1.46651 1.80167
0.426 -1.66898 1.91279
0.427 -1.8626 2.01791
0.428 -2.0465 2.11656
0.429 -2.21986 2.20829
0.43 -2.38188 2.29269
0.431 -2.53183 2.36938
0.432 -2.66901 2.43802
0.433 -2.79278 2.49829
0.434 -2.90256 2.54992
0.435 -2.99781 2.59265
0.436 -3.07806 2.6263
0.437 -3.14291 2.65069
0.438 -3.192 2.6657
0.439 -3.22505 2.67125
0.44 -3.24185 2.66731
0.441 -3.24226 2.65386
0.442 -3.22618 2.63095
0.443 -3.19362 2.59867
0.444 -3.14463 2.55713
0.445 -3.07933 2.50651
0.446 -2.99793 2.44702
0.447 -2.90068 2.37889
0.448 -2.78792 2.30242
0.449 -2.66006 2.21793
0.45 -2.51754 2.12577
0.451 -2.3609 2.02635
0.452 -2.19072 1.92009
0.453 -2.00766 1.80744
0.454 -1.8124 1.68892
0.455 -1.60572 1.56502
0.456 -1.38841 1.43629
0.457 -1.16133 1.30331
0.458 -0.925378 1.16667
0.459 -0.681495 1.02696
0.46 -0.430657 0.884819
0.461 -0.173873 0.740884
0.462 0.0878175 0.595803
0.463 0.353352 0.450234
0.464 0.621647 0.304841
0.465 0.891601 0.16029
0.466 1.1621 0.0172479
0.467 1.43204 -0.123623
0.468 1.70028 -0.261665
0.469 1.9657 -0.39623
0.47 2.22721 -0.52668
0.471 2.48369 -0.652393
0.472 2.73406 -0.772764
0.473 2.97726 -0.887206
0.474 3.21224 -0.995156
0.475 3.43799 -1.09608
0.476 3.65355 -1.18945
0.477 3.85796 -1.27481
0.478 4.05033 -1.35169
0.479 4.2298 -1.41969
0.48 4.39558 -1.47842
0.481 4.54692 -1.52754
0.482 4.68311 -1.56675
0.483 4.80352 -1.59579
0.484 4.90758 -1.61443
0.485 4.99478 -1.62252
0.486 5.06467 -1.6199
0.487 5.11689 -1.60651
0.488 5.15112 -1.58229
0.489 5.16713 -1.54727
0.49 5.16477 -1.50149
0.491 5.14394 -1.44505
0.492 5.10465 -1.3781
0.493 5.04695 -1.30084
0.494 4.97099 -1.21351
0.495 4.87697 -1.11638
0.496 4.7652 -1.00981
0.497 4.63602 -0.89414
0.498 4.48987 -0.769805
0.499 4.32726 -0.637255
0.5 4.14876 -0.496984
0.501 3.955 -0.349524
0.502 3.7467 -0.19544
0.503 3.52461 -0.0353321
0.504 3.28956 0.13017
0.505 3.04243 0.300408
0.506 2.78415 0.474699
0.507 2.51569 0.652334
0.508 2.23808 0.832588
0.509 1.95239 1.01472
0.51 1.6597 1.19796
0.511 1.36117 1.38154
0.512 1.05794 1.56469
0.513 0.751193 1.74663
0.514 0.442136 1.92655
0.515 0.131981 2.10369
0.516 -0.178051 2.27725
0.517 -0.486734 2.44647
0.518 -0.792844 2.61059
0.519 -1.09517 2.76884
0.52 -1.39249 2.92052
0.521 -1.68363 3.06489
0.522 -1.96742 3.20128
0.523 -2.24271 3.32903
0.524 -2.5084 3.4475
0.525 -2.76341 3.55609
0.526 -3.0067 3.65423
0.527 -3.23728 3.74139
0.528 -3.45422 3.8171
0.529 -3.65661 3.88089
0.53 -3.84364 3.93236
0.531 -4.01451 3.97115
0.532 -4.16853 3.99695
0.533 -4.30504 4.0095
0.534 -4.42347 4.00859
0.535 -4.52332 3.99404
0.536 -4.60416 3.96575
0.537 -4.66563 3.92368
0.538 -4.70745 3.8678
0.539 -4.72943 3.79817
0.54 -4.73145 3.71491
0.541 -4.71347 3.61816
0.542 -4.67554 3.50814
0.543 -4.61777 3.38511
0.544 -4.54037 3.2494
0.545 -4.44364 3.10137
0.546 -4.32792 2.94144
0.547 -4.19367 2.77008
0.548 -4.04141 2.58782
0.549 -3.87172 2.3952
0.55 -3.68528 2.19283
0.551 -3.48282 1.98137
0.552 -3.26513 1.76149
0.553 -3.0331 1.53393
0.554 -2.78764 1.29943
0.555 -2.52975 1.05878
0.556 -2.26045 0.812809
0.557 -1.98084 0.562348
0.558 -1.69205 0.308264
0.559 -1.39525 0.0514388
0.56 -1.09166 -0.207229
0.561 -0.782497 -0.466829
0.562 -0.469046 -0.726443
0.563 -0.152588 -0.985146
0.564 0.165573 -1.24201
0.565 0.484124 -1.49612
0.566 0.801744 -1.74655
0.567 1.11711 -1.9924
0.568 1.42892 -2.23276
0.569 1.73586 -2.46677
0.57 2.03664 -2.69355
0.571 2.33 -2.91228
0.572 2.6147 -3.12215
0.573 2.88952 -3.32237
0.574 3.15329 -3.51221
0.575 3.40489 -3.69094
0.576 3.64322 -3.8579
0.577 3.86725 -4.01246
0.578 4.07599 -4.15403
0.579 4.26853 -4.28208
0.58 4.44401 -4.39611
0.581 4.60163 -4.49569
0.582 4.74066 -4.58043
0.583 4.86046 -4.65
0.584 4.96045 -4.70412
0.585 5.04012 -4.74258
0.586 5.09908 -4.76523
0.587 5.13697 -4.77195
0.588 5.15355 -4.76271
0.589 5.14864 -4.73753
0.59 5.12218 -4.69648
0.591 5.07416 -4.63972
0.592 5.00467 -4.56744
0.593 4.91391 -4.47989
0.594 4.80212 -4.3774
0.595 4.66966 -4.26035
0.596 4.51696 -4.12915
0.597 4.34453 -3.98431
0.598 4.15299 -3.82635
0.599 3.94299 -3.65586
0.6 3.71528 -3.47349
0.601 3.4707 -3.27992
0.602 3.21014 -3.07587
0.603 2.93454 -2.86212
0.604 2.64495 -2.63947
0.605 2.34242 -2.40876
0.606 2.02811 -2.17087
0.607 1.7032 -1.92671
0.608 1.36891 -1.67719
0.609 1.02652 -1.42328
0.61 0.677337 -1.16594
0.611 0.322695 -0.906156
0.612 -0.0360422 -0.64492
0.613 -0.397493 -0.383234
0.614 -0.76026 -0.122101
0.615 -1.12294 0.137474
0.616 -1.48412 0.394493
0.617 -1.8424 0.647966
0.618 -2.19638 0.896915
0.619 -2.54467 1.14038
0.62 -2.88592 1.37742
0.621 -3.21878 1.60711
0.622 -3.54195 1.82857
0.623 -3.85414 2.04093
0.624 -4.15414 2.24337
0.625 -4.44074 2.4351
0.626 -4.71282 2.61537
0.627 -4.96929 2.78347
0.628 -5.20913 2.93876
0.629 -5.43139 3.08061
0.63 -5.63517 3.20847
0.631 -5.81966 3.32183
0.632 -5.98411 3.42025
0.633 -6.12786 3.50332
0.634 -6.25032 3.57073
0.635 -6.35099 3.62218
0.636 -6.42946 3.65747
0.637 -6.4854 3.67646
0.638 -6.51856 3.67904
0.639 -6.52879 3.6652
0.64 -6.51605 3.63498
0.641 -6.48035 3.58848
0.642 -6.42182 3.52586
0.643 -6.34067 3.44736
0.644 -6.23721 3.35325
0.645 -6.11182 3.2439
0.646 -5.96498 3.11971
0.647 -5.79726 2.98114
0.648 -5.60931 2.82872
0.649 -5.40184 2.66302
0.65 -5.17567 2.48468
0.651 -4.93169 2.29437
0.652 -4.67083 2.09281
0.653 -4.39412 1.88076
0.654 -4.10265 1.65905
0.655 -3.79756 1.42851
0.656 -3.48004 1.19002
0.657 -3.15135 0.944493
0.658 -2.81278 0.69287
0.659 -2.46567 0.436112
0.66 -2.11138 0.175201
0.661 -1.75131 -0.0888638
0.662 -1.38688 -0.355072
0.663 -1.01954 -0.622405
0.664 -0.650733 -0.889837
0.665 -0.281925 -1.15635
0.666 0.085426 -1.42091
0.667 0.449865 -1.68252
0.668 0.809949 -1.94016
0.669 1.16425 -2.19287
0.67 1.51136 -2.43966
0.671 1.84991 -2.67959
0.672 2.17855 -2.91175
0.673 2.49598 -3.13525
0.674 2.80095 -3.34924
0.675 3.09223 -3.5529
0.676 3.36868 -3.74546
0.677 3.62921 -3.92617
0.678 3.87277 -4.09437
0.679 4.09841 -4.24941
0.68 4.30523 -4.3907
0.681 4.49242 -4.51772
0.682 4.65924 -4.62998
0.683 4.80503 -4.72706
0.684 4.92922 -4.80862
0.685 5.03133 -4.87434
0.686 5.11096 -4.92398
0.687 5.16781 -4.95739
0.688 5.20167 -4.97443
0.689 5.2124 -4.97506
0.69 5.2 -4.95931
0.691 5.16452 -4.92724
0.692 5.10613 -4.87899
0.693 5.02508 -4.81478
0.694 4.92172 -4.73486
0.695 4.79647 -4.63957
0.696 4.64988 -4.52929
0.697 4.48254 -4.40447
0.698 4.29515 -4.2656
0.699 4.0885 -4.11323
0.7 3.86344 -3.94797
0.701 3.6209 -3.77049
0.702 3.36189 -3.58146
0.703 3.08747 -3.38165
0.704 2.79878 -3.17183
0.705 2.49702 -2.95282
0.706 2.18343 -2.72549
0.707 1.8593 -2.49072
0.708 1.52597 -2.24942
0.709 1.18483 -2.00253
0.71 0.837288 -1.751
0.711 0.484773 -1.49582
0.712 0.128748 -1.23796
0.713 -0.229313 -0.978419
0.714 -0.587925 -0.718189
0.715 -0.945602 -0.458269
0.716 -1.30086 -0.199649
0.717 -1.65222 0.0566844
0.718 -1.99822 0.30976
0.719 -2.33743 0.558622
0.72 -2.66843 0.802333
0.721 -2.98983 1.03998
0.722 -3.30029 1.27068
0.723 -3.59851 1.49357
0.724 -3.88323 1.70784
0.725 -4.15327 1.91269
0.726 -4.40747 2.10739
0.727 -4.64477 2.29123
0.728 -4.86415 2.46357
0.729 -5.06467 2.62379
0.73 -5.24547 2.77134
0.731 -5.40577 2.90572
0.732 -5.54487 3.02648
0.733 -5.66216 3.13323
0.734 -5.7571 3.22565
0.735 -5.82927 3.30346
0.736 -5.87831 3.36646
0.737 -5.90398 3.41448
0.738 -5.90612 3.44746
0.739 -5.88467 3.46535
0.74 -5.83966 3.4682
0.741 -5.77123 3.45611
0.742 -5.67959 3.42924
0.743 -5.56508 3.38782
0.744 -5.42809 3.33211
0.745 -5.26914 3.26247
0.746 -5.08881 3.17929
0.747 -4.8878 3.08302
0.748 -4.66686 2.97417
0.749 -4.42684 2.8533
0.75 -4.16867 2.72101
0.751 -3.89334 2.57795
0.752 -3.60192 2.42482
0.753 -3.29556 2.26236
0.754 -2.97544 2.09133
0.755 -2.64282 1.91256
0.756 -2.29901 1.72687
0.757 -1.94536 1.53513
0.758 -1.58326 1.33824
0.759 -1.21413 1.1371
0.76 -0.839445 0.932634
0.761 -0.460676 0.725788
0.762 -0.0793255 0.517507
0.763 0.303097 0.308741
0.764 0.685075 0.100442
0.765 1.06509 -0.106441
0.766 1.44164 -0.310968
0.767 1.81322 -0.512208
0.768 2.17837 -0.709249
0.769 2.53562 -0.901195
0.77 2.88355 -1.08717
0.771 3.22079 -1.26634
0.772 3.54598 -1.43787
0.773 3.85785 -1.601
0.774 4.15514 -1.75496
0.775 4.43667 -1.89906
0.776 4.70133 -2.03264
0.777 4.94806 -2.15507
0.778 5.17588 -2.26579
0.779 5.3839 -2.36427
0.78 5.57128 -2.45005
0.781 5.73729 -2.52272
0.782 5.88127 -2.58192
0.783 6.00266 -2.62736
0.784 6.10098 -2.65879
0.785 6.17586 -2.67604
0.786 6.22701 -2.679
0.787 6.25424 -2.66759
0.788 6.25745 -2.64184
0.789 6.23666 -2.6018
0.79 6.19197 -2.54762
0.791 6.12357 -2.47947
0.792 6.03176 -2.3976
0.793 5.91694 -2.30234
0.794 5.77959 -2.19403
0.795 5.62029 -2.07312
0.796 5.43971 -1.94007
0.797 5.2386 -1.79542
0.798 5.01779 -1.63975
0.799 4.77822 -1.47369
0.8 4.52086 -1.29792
0.801 4.2468 -1.11315
0.802 3.95717 -0.920142
0.803 3.65317 -0.719693
0.804 3.33606 -0.51263
0.805 3.00716 -0.299812
0.806 2.66782 -0.0821229
0.807 2.31947 0.139529
0.808 1.96353 0.364216
0.809 1.60149 0.590998
0.81 1.23485 0.818922
0.811 0.865132 1.04703
0.812 0.493867 1.27435
0.813 0.1226 1.49993
0.814 -0.247128 1.72281
0.815 -0.613778 1.94203
0.816 -0.975824 2.15667
0.817 -1.33176 2.36581
0.818 -1.6801 2.56854
0.819 -2.01939 2.76399
0.82 -2.34821 2.95132
0.821 -2.66519 3.12971
0.822 -2.969 3.29838
0.823 -3.25836 3.4566
0.824 -3.53206 3.60366
0.825 -3.78894 3.73891
0.826 -4.02792 3.86175
0.827 -4.24798 3.97161
0.828 -4.44819 4.068
0.829 -4.62769 4.15046
0.83 -4.78572 4.2186
0.831 -4.92158 4.27209
0.832 -5.03468 4.31066
0.833 -5.12453 4.33409
0.834 -5.19072 4.34223
0.835 -5.23294 4.33499
0.836 -5.25097 4.31235
0.837 -5.24471 4.27436
0.838 -5.21415 4.22111
0.839 -5.15937 4.15277
0.84 -5.08056 4.06957
0.841 -4.97801 3.9718
0.842 -4.8521 3.85983
0.843 -4.70331 3.73405
0.844 -4.53222 3.59495
0.845 -4.33949 3.44305
0.846 -4.12589 3.27893
0.847 -3.89225 3.10323
0.848 -3.63951 2.91662
0.849 -3.36867 2.71985
0.85 -3.08081 2.51369
0.851 -2.7771 2.29894
0.852 -2.45874 2.07648
0.853 -2.12703 1.84717
0.854 -1.7833 1.61194
0.855 -1.42895 1.37174
0.856 -1.06542 1.12753
0.857 -0.694168 0.880306
0.858 -0.316722 0.631063
0.859 0.0653831 0.380816
0.86 0.450586 0.130587
0.861 0.837311 -0.1186
0.862 1.22397 -0.365725
0.863 1.60898 -0.609769
0.864 1.99075 -0.849728
0.865 2.36771 -1.08461
0.866 2.7383 -1.31343
0.867 3.10099 -1.53525
0.868 3.45427 -1.74913
0.869 3.79668 -1.95419
0.87 4.12678 -2.14955
0.871 4.44319 -2.33439
0.872 4.74458 -2.50793
0.873 5.02969 -2.66942
0.874 5.29731 -2.81817
0.875 5.5463 -2.95354
0.876 5.7756 -3.07493
0.877 5.98422 -3.18181
0.878 6.17125 -3.27371
0.879 6.33588 -3.3502
0.88 6.47737 -3.41093
0.881 6.59509 -3.4556
0.882 6.68849 -3.484
0.883 6.75713 -3.49595
0.884 6.80066 -3.49136
0.885 6.81882 -3.47021
0.886 6.81149 -3.43253
0.887 6.7786 -3.37843
0.888 6.72023 -3.30808
0.889 6.63653 -3.22173
0.89 6.52777 -3.11969
0.891 6.39431 -3.00232
0.892 6.23662 -2.87007
0.893 6.05526 -2.72343
0.894 5.85089 -2.56296
0.895 5.62426 -2.38928
0.896 5.37622 -2.20306
0.897 5.10769 -2.00503
0.898 4.81968 -1.79595
0.899 4.5133 -1.57667
0.9 4.18969 -1.34804
0.901 3.85012 -1.11098
0.902 3.49587 -0.866426
0.903 3.12831 -0.615367
0.904 2.74886 -0.35881
0.905 2.359 -0.0977931
0.906 1.96022 0.166627
0.907 1.55409 0.433373
0.908 1.14218 0.701358
0.909 0.726094 0.969482
0.91 0.307464 1.23664
0.911 -0.112077 1.50174
0.912 -0.530887 1.76366
0.913 -0.947326 2.02134
0.914 -1.35976 2.27368
0.915 -1.76657 2.51962
0.916 -2.16616 2.75814
0.917 -2.55695 2.9882
0.918 -2.93742 3.20884
0.919 -3.30606 3.41911
0.92 -3.66143 3.61808
0.921 -4.00211 3.8049
0.922 -4.32678 3.97873
0.923 -4.63415 4.1388
0.924 -4.92301 4.28439
0.925 -5.19223 4.41482
0.926 -5.44073 4.52948
0.927 -5.66755 4.62782
0.928 -5.87179 4.70935
0.929 -6.05265 4.77364
0.93 -6.20942 4.82034
0.931 -6.34148 4.84914
0.932 -6.44832 4.85984
0.933 -6.52953 4.85227
0.934 -6.58478 4.82636
0.935 -6.61388 4.78209
0.936 -6.61672 4.71953
0.937 -6.59329 4.63881
0.938 -6.54371 4.54013
0.939 -6.46818 4.42378
0.94 -6.36702 4.29009
0.941 -6.24065 4.13948
0.942 -6.08959 3.97243
0.943 -5.91445 3.78949
0.944 -5.71594 3.59126
0.945 -5.49489 3.37842
0.946 -5.25218 3.1517
0.947 -4.98881 2.91187
0.948 -4.70584 2.65978
0.949 -4.40444 2.39631
0.95 -4.08581 2.1224
0.951 -3.75126 1.83902
0.952 -3.40214 1.54718
0.953 -3.03987 1.24795
0.954 -2.66593 0.942382
0.955 -2.28183 0.631602
0.956 -1.88914 0.316735
0.957 -1.48945 -0.00107077
0.958 -1.08439 -0.320654
0.959 -0.675609 -0.640845
0.96 -0.264764 -0.960466
0.961 0.146468 -1.27834
0.962 0.556411 -1.59331
0.963 0.963393 -1.9042
0.964 1.36575 -2.20986
0.965 1.76185 -2.50917
0.966 2.15006 -2.80102
0.967 2.5288 -3.08433
0.968 2.89652 -3.35805
0.969 3.2517 -3.62117
0.97 3.5929 -3.87271
0.971 3.9187 -4.11174
0.972 4.22777 -4.33738
0.973 4.51883 -4.5488
0.974 4.79067 -4.7452
0.975 5.04217 -4.92588
0.976 5.27228 -5.09016
0.977 5.48004 -5.23744
0.978 5.66457 -5.3672
0.979 5.8251 -5.47894
0.98 5.96095 -5.57228
0.981 6.07151 -5.64688
0.982 6.15633 -5.70248
0.983 6.215 -5.73889
0.984 6.24725 -5.75601
0.985 6.25292 -5.75378
0.986 6.23194 -5.73224
0.987 6.18435 -5.6915
0.988 6.11031 -5.63174
0.989 6.01006 -5.55321
0.99 5.88396 -5.45624
0.991 5.73249 -5.34123
0.992 5.55621 -5.20863
0.993 5.35579 -5.05899
0.994 5.13198 -4.89289
0.995 4.88565 -4.71101
0.996 4.61775 -4.51406
0.997 4.3293 -4.30281
0.998 4.02144 -4.07811
0.999 3.69536 -3.84084
1 3.35232 -3.59192
