0.001 3.49212e-008 2.68405e-009
0.002 3.17084e-007 2.15554e-008
0.003 1.49106e-006 8.94442e-008
0.004 4.92844e-006 2.62451e-007
0.005 1.30183e-005 6.22448e-007
0.006 2.94477e-005 1.28127e-006
0.007 5.94693e-005 2.38702e-006
0.008 0.000110154 4.13293e-006
0.009 0.000190627 6.76915e-006
0.01 0.000312281 1.06178e-005
0.011 0.000488973 1.60916e-005
0.012 0.000737189 2.37163e-005
0.013 0.0010762 3.41576e-005
0.014 0.00152815 4.82515e-005
0.015 0.00211819 6.70398e-005
0.016 0.00287449 9.18098e-005
0.017 0.00382831 0.000124138
0.018 0.00501394 0.00016594
0.019 0.00646872 0.000219519
0.02 0.00823293 0.000287631
0.021 0.0103497 0.000373537
0.022 0.0128649 0.000481071
0.023 0.0158269 0.000614709
0.024 0.0192865 0.000779638
0.025 0.0232965 0.000981829
0.026 0.0279117 0.00122811
0.027 0.0331882 0.00152626
0.028 0.0391836 0.00188504
0.029 0.0459563 0.00231432
0.03 0.0535651 0.00282515
0.031 0.0620692 0.00342978
0.032 0.0715273 0.00414182
0.033 0.0819973 0.00497624
0.034 0.0935361 0.00594945
0.035 0.106199 0.00707939
0.036 0.120039 0.00838556
0.037 0.135107 0.00988908
0.038 0.15145 0.0116127
0.039 0.169112 0.013581
0.04 0.188134 0.01582
0.041 0.20855 0.0183578
0.042 0.230391 0.021224
0.043 0.253682 0.02445
0.044 0.278443 0.028069
0.045 0.304686 0.0321158
0.046 0.332418 0.0366269
0.047 0.361638 0.0416404
0.048 0.392338 0.0471958
0.049 0.424502 0.0533342
0.05 0.458106 0.0600981
0.051 0.493118 0.0675309
0.052 0.529499 0.0756774
0.053 0.567198 0.0845834
0.054 0.606158 0.0942951
0.055 0.646312 0.10486
0.056 0.687586 0.116325
0.057 0.729894 0.128738
0.058 0.773144 0.142147
0.059 0.817234 0.156599
0.06 0.862054 0.172142
0.061 0.907486 0.188821
0.062 0.953403 0.206682
0.063 0.99967 0.225768
0.064 1.04615 0.246123
0.065 1.09269 0.267787
0.066 1.13913 0.290797
0.067 1.18532 0.31519
0.068 1.2311 0.340999
0.069 1.27628 0.368254
0.07 1.32069 0.39698
0.071 1.36417 0.427201
0.072 1.40652 0.458935
0.073 1.44756 0.492196
0.074 1.48711 0.526994
0.075 1.52499 0.563331
0.076 1.56101 0.601209
0.077 1.59499 0.640619
0.078 1.62675 0.681549
0.079 1.65611 0.72398
0.08 1.68291 0.767888
0.081 1.70696 0.813239
0.082 1.72813 0.859996
0.083 1.74624 0.908113
0.084 1.76115 0.957537
0.085 1.77272 1.00821
0.086 1.78083 1.06006
0.087 1.78535 1.11301
0.088 1.78618 1.16698
0.089 1.78323 1.22188
0.09 1.7764 1.27762
0.091 1.76564 1.33408
0.092 1.75088 1.39116
0.093 1.73209 1.44872
0.094 1.70924 1.50666
0.095 1.68231 1.56482
0.096 1.65133 1.62308
0.097 1.6163 1.68128
0.098 1.57727 1.73926
0.099 1.53429 1.79687
0.1 1.48744 1.85395
0.101 1.43681 1.91031
0.102 1.38251 1.96579
0.103 1.32465 2.02021
0.104 1.26339 2.07338
0.105 1.19888 2.12511
0.106 1.1313 2.17522
0.107 1.06084 2.22352
0.108 0.987701 2.26981
0.109 0.91211 2.31391
0.11 0.834302 2.35561
0.111 0.754527 2.39472
0.112 0.673047 2.43106
0.113 0.590137 2.46444
0.114 0.506084 2.49466
0.115 0.421182 2.52156
0.116 0.335736 2.54494
0.117 0.25006 2.56464
0.118 0.164473 2.58049
0.119 0.0793 2.59233
0.12 -0.00513015 2.60002
0.121 -0.0884852 2.6034
0.122 -0.170431 2.60234
0.123 -0.250635 2.59672
0.124 -0.328764 2.58642
0.125 -0.404487 2.57135
0.126 -0.47748 2.5514
0.127 -0.547423 2.52651
0.128 -0.614001 2.49661
0.129 -0.676911 2.46164
0.13 -0.735858 2.42158
0.131 -0.790559 2.3764
0.132 -0.840743 2.32609
0.133 -0.886153 2.27067
0.134 -0.92655 2.21016
0.135 -0.961707 2.1446
0.136 -0.99142 2.07405
0.137 -1.0155 1.9986
0.138 -1.03378 1.91833
0.139 -1.04612 1.83336
0.14 -1.05238 1.74381
0.141 -1.05248 1.64983
0.142 -1.04633 1.55158
0.143 -1.03388 1.44924
0.144 -1.01511 1.343
0.145 -0.990012 1.23309
0.146 -0.958612 1.11972
0.147 -0.920962 1.00315
0.148 -0.87714 0.88362
0.149 -0.827251 0.761419
0.15 -0.771426 0.636828
0.151 -0.709823 0.510148
0.152 -0.642628 0.381691
0.153 -0.570049 0.251782
0.154 -0.492323 0.120754
0.155 -0.40971 -0.0110482
0.156 -0.322495 -0.143272
0.157 -0.230987 -0.275558
0.158 -0.135515 -0.40754
0.159 -0.0364324 -0.538845
0.16 0.06589 -0.669098
0.161 0.171061 -0.79792
0.162 0.278671 -0.924932
0.163 0.388296 -1.04975
0.164 0.499497 -1.172
0.165 0.61182 -1.29131
0.166 0.724802 -1.40729
0.167 0.837969 -1.51958
0.168 0.95084 -1.62783
0.169 1.06293 -1.73167
0.17 1.17374 -1.83076
0.171 1.28278 -1.92477
0.172 1.38956 -2.01338
0.173 1.49359 -2.09627
0.174 1.59438 -2.17316
0.175 1.69144 -2.24376
0.176 1.78431 -2.30781
0.177 1.87252 -2.36507
0.178 1.95562 -2.41532
0.179 2.03317 -2.45835
0.18 2.10475 -2.49397
0.181 2.16996 -2.52203
0.182 2.22842 -2.54239
0.183 2.27975 -2.55494
0.184 2.32364 -2.55958
0.185 2.35976 -2.55626
0.186 2.38782 -2.54494
0.187 2.40758 -2.52559
0.188 2.41879 -2.49825
0.189 2.42127 -2.46295
0.19 2.41484 -2.41976
0.191 2.39938 -2.36878
0.192 2.37479 -2.31013
0.193 2.34099 -2.24397
0.194 2.29797 -2.17046
0.195 2.24574 -2.08982
0.196 2.18432 -2.00228
0.197 2.11382 -1.9081
0.198 2.03433 -1.80755
0.199 1.94603 -1.70094
0.2 1.84909 -1.58861
0.201 1.74374 -1.4709
0.202 1.63025 -1.3482
0.203 1.50891 -1.22089
0.204 1.38005 -1.0894
0.205 1.24404 -0.954154
0.206 1.10126 -0.815603
0.207 0.952163 -0.674214
0.208 0.797185 -0.530466
0.209 0.636815 -0.384853
0.21 0.471563 -0.237877
0.211 0.301964 -0.0900499
0.212 0.128574 0.0581077
0.213 -0.0480282 0.206071
0.214 -0.227248 0.35331
0.215 -0.408472 0.499294
0.216 -0.591074 0.643492
0.217 -0.774416 0.785374
0.218 -0.957851 0.924415
0.219 -1.14072 1.06009
0.22 -1.32238 1.1919
0.221 -1.50215 1.31932
0.222 -1.67939 1.44187
0.223 -1.85343 1.55908
0.224 -2.02363 1.67047
0.225 -2.18935 1.77559
0.226 -2.34996 1.87403
0.227 -2.50484 1.96536
0.228 -2.65339 2.04921
0.229 -2.79504 2.12521
0.23 -2.92923 2.19302
0.231 -3.05542 2.25233
0.232 -3.17311 2.30284
0.233 -3.28182 2.34432
0.234 -3.3811 2.37652
0.235 -3.47054 2.39925
0.236 -3.54974 2.41236
0.237 -3.61838 2.4157
0.238 -3.67614 2.40919
0.239 -3.72275 2.39275
0.24 -3.75799 2.36637
0.241 -3.78167 2.33004
0.242 -3.79365 2.2838
0.243 -3.79384 2.22774
0.244 -3.78217 2.16195
0.245 -3.75865 2.0866
0.246 -3.72331 2.00186
0.247 -3.67623 1.90794
0.248 -3.61755 1.8051
0.249 -3.54743 1.69361
0.25 -3.4661 1.57379
0.251 -3.37382 1.44598
0.252 -3.2709 1.31057
0.253 -3.15769 1.16794
0.254 -3.03458 1.01854
0.255 -2.90201 0.862822
0.256 -2.76045 0.70127
0.257 -2.6104 0.534389
0.258 -2.45241 0.362707
0.259 -2.28707 0.186771
0.26 -2.11497 0.00714631
0.261 -1.93677 -0.175587
0.262 -1.75312 -0.360833
0.263 -1.56473 -0.547987
0.264 -1.3723 -0.736432
0.265 -1.17656 -0.925545
0.266 -0.978259 -1.1147
0.267 -0.778168 -1.30326
0.268 -0.577056 -1.49059
0.269 -0.375701 -1.67608
0.27 -0.17489 -1.85908
0.271 0.0245912 -2.03897
0.272 0.221959 -2.21516
0.273 0.416432 -2.38703
0.274 0.607241 -2.554
0.275 0.793623 -2.71549
0.276 0.974834 -2.87095
0.277 1.15014 -3.01984
0.278 1.31884 -3.16166
0.279 1.48025 -3.29589
0.28 1.6337 -3.42209
0.281 1.77856 -3.53981
0.282 1.91424 -3.64864
0.283 2.04017 -3.7482
0.284 2.15582 -3.83814
0.285 2.26071 -3.91815
0.286 2.35437 -3.98794
0.287 2.43642 -4.04727
0.288 2.50648 -4.09594
0.289 2.56424 -4.13376
0.29 2.60943 -4.16061
0.291 2.64185 -4.17639
0.292 2.66131 -4.18104
0.293 2.66771 -4.17456
0.294 2.66097 -4.15695
0.295 2.64109 -4.12828
0.296 2.60812 -4.08866
0.297 2.56213 -4.03822
0.298 2.50329 -3.97715
0.299 2.43178 -3.90565
0.3 2.34786 -3.82399
0.301 2.25183 -3.73245
0.302 2.14405 -3.63136
0.303 2.02491 -3.52108
0.304 1.89485 -3.402
0.305 1.75439 -3.27454
0.306 1.60404 -3.13915
0.307 1.4444 -2.99632
0.308 1.27607 -2.84656
0.309 1.09973 -2.69039
0.31 0.916057 -2.52836
0.311 0.72578 -2.36106
0.312 0.529654 -2.18907
0.313 0.32846 -2.01301
0.314 0.123003 -1.83349
0.315 -0.0858914 -1.65114
0.316 -0.29738 -1.46662
0.317 -0.510607 -1.28056
0.318 -0.724703 -1.09362
0.319 -0.938795 -0.906445
0.32 -1.152 -0.719699
0.321 -1.36345 -0.534026
0.322 -1.57226 -0.350069
0.323 -1.77757 -0.168462
0.324 -1.97851 0.0101704
0.325 -2.17425 0.185218
0.326 -2.36395 0.356087
0.327 -2.54682 0.5222
0.328 -2.72207 0.682999
0.329 -2.88895 0.837951
0.33 -3.04674 0.986546
0.331 -3.19474 1.1283
0.332 -3.3323 1.26275
0.333 -3.45882 1.38948
0.334 -3.57371 1.50809
0.335 -3.67646 1.61823
0.336 -3.76658 1.71955
0.337 -3.84364 1.81177
0.338 -3.90726 1.89464
0.339 -3.95712 1.96793
0.34 -3.99293 2.03148
0.341 -4.01448 2.08513
0.342 -4.02161 2.12878
0.343 -4.01422 2.16239
0.344 -3.99225 2.18591
0.345 -3.95571 2.19939
0.346 -3.90469 2.20287
0.347 -3.83929 2.19645
0.348 -3.75972 2.18027
0.349 -3.66621 2.15452
0.35 -3.55907 2.1194
0.351 -3.43865 2.07516
0.352 -3.30536 2.0221
0.353 -3.15966 1.96053
0.354 -3.00208 1.89082
0.355 -2.83316 1.81334
0.356 -2.65353 1.72852
0.357 -2.46384 1.6368
0.358 -2.26479 1.53865
0.359 -2.05711 1.43458
0.36 -1.84159 1.3251
0.361 -1.61902 1.21075
0.362 -1.39025 1.09209
0.363 -1.15614 0.969688
0.364 -0.917593 0.844141
0.365 -0.675507 0.716043
0.366 -0.430812 0.586002
0.367 -0.184447 0.45463
0.368 0.062637 0.322545
0.369 0.309487 0.190364
0.37 0.555147 0.0587023
0.371 0.798665 -0.0718274
0.372 1.03909 -0.20062
0.373 1.27549 -0.32708
0.374 1.50695 -0.450624
0.375 1.73255 -0.57068
0.376 1.95141 -0.686696
0.377 2.16268 -0.798136
0.378 2.36553 -0.904487
0.379 2.55916 -1.00526
0.38 2.7428 -1.09998
0.381 2.91575 -1.18822
0.382 3.07732 -1.26957
0.383 3.22686 -1.34365
0.384 3.36381 -1.4101
0.385 3.48761 -1.46863
0.386 3.59778 -1.51895
0.387 3.6939 -1.56081
0.388 3.77558 -1.59402
0.389 3.84252 -1.6184
0.39 3.89445 -1.63384
0.391 3.93118 -1.64023
0.392 3.95258 -1.63754
0.393 3.95857 -1.62575
0.394 3.94915 -1.60489
0.395 3.92437 -1.57504
0.396 3.88435 -1.5363
0.397 3.82927 -1.48882
0.398 3.75937 -1.43279
0.399 3.67495 -1.36844
0.4 3.57639 -1.29602
0.401 3.4641 -1.21584
0.402 3.33857 -1.12822
0.403 3.20032 -1.03353
0.404 3.04995 -0.932162
0.405 2.88811 -0.824546
0.406 2.71547 -0.711131
0.407 2.53279 -0.592399
0.408 2.34082 -0.468851
0.409 2.1404 -0.341012
0.41 1.93237 -0.209426
0.411 1.71763 -0.0746554
0.412 1.49709 0.0627242
0.413 1.2717 0.202124
0.414 1.04242 0.342946
0.415 0.81024 0.484583
0.416 0.576155 0.626427
0.417 0.341174 0.767864
0.418 0.106312 0.908283
0.419 -0.127416 1.04707
0.42 -0.358996 1.18364
0.421 -0.58742 1.31738
0.422 -0.811692 1.44771
0.423 -1.03083 1.57407
0.424 -1.24387 1.69589
0.425 -1.44988 1.81266
0.426 -1.64795 1.92385
0.427 -1.83718 2.02897
0.428 -2.01674 2.12756
0.429 -2.18582 2.21917
0.43 -2.34366 2.30341
0.431 -2.48952 2.3799
0.432 -2.62274 2.44828
0.433 -2.74269 2.50826
0.434 -2.84881 2.55955
0.435 -2.94058 2.60193
0.436 -3.01756 2.63519
0.437 -3.07935 2.65918
0.438 -3.12561 2.67378
0.439 -3.15609 2.6789
0.44 -3.17058 2.67453
0.441 -3.16895 2.66065
0.442 -3.15114 2.63732
0.443 -3.11713 2.60463
0.444 -3.06701 2.56271
0.445 -3.0009 2.51172
0.446 -2.91902 2.45189
0.447 -2.82163 2.38346
0.448 -2.70907 2.30672
0.449 -2.58174 2.22201
0.45 -2.44011 2.12967
0.451 -2.2847 2.03012
0.452 -2.1161 1.92379
0.453 -1.93495 1.81114
0.454 -1.74195 1.69265
0.455 -1.53785 1.56887
0.456 -1.32346 1.44032
0.457 -1.09962 1.30758
0.458 -0.867207 1.17124
0.459 -0.627165 1.03191
0.46 -0.380451 0.890216
0.461 -0.128063 0.746794
0.462 0.128976 0.602294
0.463 0.389621 0.457371
0.464 0.652803 0.312689
0.465 0.917442 0.168911
0.466 1.18245 0.0267003
0.467 1.44672 -0.113283
0.468 1.70916 -0.250387
0.469 1.96866 -0.383965
0.47 2.22415 -0.513386
0.471 2.47455 -0.638032
0.472 2.71878 -0.757304
0.473 2.95582 -0.870621
0.474 3.18464 -0.977426
0.475 3.40427 -1.07719
0.476 3.61374 -1.1694
0.477 3.81215 -1.2536
0.478 3.99863 -1.32933
0.479 4.17233 -1.39619
0.48 4.3325 -1.4538
0.481 4.47839 -1.50185
0.482 4.60934 -1.54002
0.483 4.72474 -1.56807
0.484 4.82403 -1.58579
0.485 4.90672 -1.593
0.486 4.9724 -1.5896
0.487 5.02071 -1.5755
0.488 5.05136 -1.55068
0.489 5.06414 -1.51514
0.49 5.0589 -1.46894
0.491 5.03557 -1.41221
0.492 4.99417 -1.34509
0.493 4.93476 -1.26778
0.494 4.85749 -1.18054
0.495 4.76259 -1.08365
0.496 4.65035 -0.977442
0.497 4.52114 -0.862303
0.498 4.3754 -0.738649
0.499 4.21363 -0.606939
0.5 4.03641 -0.467672
0.501 3.84437 -0.321379
0.502 3.63821 -0.168631
0.503 3.41869 -0.0100272
0.504 3.18663 0.153802
0.505 2.94289 0.322198
0.506 2.6884 0.494478
0.507 2.42413 0.669936
0.508 2.15107 0.847848
0.509 1.87028 1.02747
0.51 1.58285 1.20805
0.511 1.28988 1.38883
0.512 0.992518 1.56901
0.513 0.69192 1.74784
0.514 0.389263 1.92453
0.515 0.0857391 2.0983
0.516 -0.217457 2.26837
0.517 -0.519126 2.434
0.518 -0.818071 2.59441
0.519 -1.1131 2.74888
0.52 -1.40305 2.89669
0.521 -1.68674 3.03712
0.522 -1.96304 3.16952
0.523 -2.23085 3.29323
0.524 -2.48908 3.40762
0.525 -2.73669 3.51212
0.526 -2.97267 3.60616
0.527 -3.19606 3.68924
0.528 -3.40595 3.76088
0.529 -3.60147 3.82064
0.53 -3.78184 3.86813
0.531 -3.94629 3.90301
0.532 -4.09416 3.92498
0.533 -4.22481 3.93379
0.534 -4.3377 3.92925
0.535 -4.43236 3.9112
0.536 -4.50837 3.87954
0.537 -4.5654 3.83425
0.538 -4.6032 3.77532
0.539 -4.62159 3.70282
0.54 -4.62047 3.61687
0.541 -4.59982 3.51764
0.542 -4.55969 3.40536
0.543 -4.50022 3.28029
0.544 -4.42164 3.14278
0.545 -4.32422 2.99319
0.546 -4.20835 2.83196
0.547 -4.07447 2.65957
0.548 -3.9231 2.47654
0.549 -3.75484 2.28343
0.55 -3.57035 2.08086
0.551 -3.37037 1.86948
0.552 -3.15568 1.64997
0.553 -2.92716 1.42308
0.554 -2.68571 1.18954
0.555 -2.43231 0.950161
0.556 -2.16799 0.705746
0.557 -1.89381 0.45714
0.558 -1.61089 0.205203
0.559 -1.32038 -0.0491854
0.56 -1.02347 -0.305131
0.561 -0.721381 -0.56173
0.562 -0.415344 -0.81807
0.563 -0.106624 -1.07323
0.564 0.203505 -1.32631
0.565 0.513757 -1.57637
0.566 0.822846 -1.82253
0.567 1.12948 -2.06387
0.568 1.43238 -2.29952
0.569 1.73028 -2.52861
0.57 2.02192 -2.7503
0.571 2.30608 -2.96377
0.572 2.58154 -3.16822
0.573 2.84713 -3.36288
0.574 3.10172 -3.54704
0.575 3.3442 -3.71999
0.576 3.57354 -3.88109
0.577 3.78873 -4.02972
0.578 3.98882 -4.16532
0.579 4.17293 -4.28736
0.58 4.34023 -4.39539
0.581 4.48996 -4.48897
0.582 4.62143 -4.56774
0.583 4.73402 -4.63139
0.584 4.82718 -4.67967
0.585 4.90045 -4.71238
0.586 4.95344 -4.72937
0.587 4.98583 -4.73058
0.588 4.9974 -4.71597
0.589 4.988 -4.68558
0.59 4.95758 -4.63952
0.591 4.90615 -4.57794
0.592 4.83383 -4.50105
0.593 4.74081 -4.40914
0.594 4.62737 -4.30253
0.595 4.49386 -4.18162
0.596 4.34073 -4.04685
0.597 4.16849 -3.89872
0.598 3.97775 -3.73778
0.599 3.76918 -3.56462
0.6 3.54352 -3.3799
0.601 3.30161 -3.1843
0.602 3.04431 -2.97857
0.603 2.77259 -2.76348
0.604 2.48745 -2.53984
0.605 2.18996 -2.3085
0.606 1.88123 -2.07033
0.607 1.56244 -1.82625
0.608 1.2348 -1.57717
0.609 0.899541 -1.32405
0.61 0.557959 -1.06785
0.611 0.211362 -0.809563
0.612 -0.138918 -0.550165
0.613 -0.491529 -0.290655
0.614 -0.845106 -0.0320305
0.615 -1.19828 0.224715
0.616 -1.54967 0.478592
0.617 -1.89792 0.728622
0.618 -2.24166 0.973839
0.619 -2.57954 1.2133
0.62 -2.91025 1.44606
0.621 -3.23248 1.67124
0.622 -3.54496 1.88795
0.623 -3.84647 2.09535
0.624 -4.1358 2.29263
0.625 -4.41181 2.47903
0.626 -4.67341 2.65381
0.627 -4.91955 2.81628
0.628 -5.14926 2.96582
0.629 -5.36161 3.10182
0.63 -5.55575 3.22375
0.631 -5.73091 3.33114
0.632 -5.88637 3.42354
0.633 -6.0215 3.50059
0.634 -6.13576 3.56197
0.635 -6.22867 3.60743
0.636 -6.29985 3.63679
0.637 -6.34899 3.64991
0.638 -6.37589 3.64673
0.639 -6.38042 3.62724
0.64 -6.36253 3.5915
0.641 -6.32229 3.53964
0.642 -6.25983 3.47183
0.643 -6.17537 3.38833
0.644 -6.06924 3.28944
0.645 -5.94183 3.17553
0.646 -5.79364 3.04703
0.647 -5.62522 2.90441
0.648 -5.43723 2.74821
0.649 -5.23039 2.57903
0.65 -5.00552 2.39749
0.651 -4.76348 2.2043
0.652 -4.50522 2.00018
0.653 -4.23175 1.78591
0.654 -3.94413 1.5623
0.655 -3.64351 1.33021
0.656 -3.33105 1.09051
0.657 -3.00798 0.84414
0.658 -2.67558 0.592024
0.659 -2.33516 0.335128
0.66 -1.98805 0.074435
0.661 -1.63562 -0.189057
0.662 -1.27927 -0.454341
0.663 -0.920409 -0.7204
0.664 -0.560445 -0.986217
0.665 -0.200804 -1.25077
0.666 0.157091 -1.51306
0.667 0.511823 -1.77206
0.668 0.861989 -2.0268
0.669 1.2062 -2.27629
0.67 1.5431 -2.51958
0.671 1.87135 -2.75575
0.672 2.18965 -2.98388
0.673 2.49674 -3.2031
0.674 2.79141 -3.41258
0.675 3.07248 -3.61152
0.676 3.33885 -3.79917
0.677 3.58946 -3.97479
0.678 3.82333 -4.13774
0.679 4.03952 -4.28739
0.68 4.23719 -4.42316
0.681 4.41556 -4.54456
0.682 4.57393 -4.65113
0.683 4.71167 -4.74245
0.684 4.82826 -4.81821
0.685 4.92323 -4.8781
0.686 4.99623 -4.92192
0.687 5.04697 -4.94952
0.688 5.07528 -4.96079
0.689 5.08105 -4.95571
0.69 5.06428 -4.93432
0.691 5.02506 -4.89671
0.692 4.96356 -4.84303
0.693 4.88005 -4.77352
0.694 4.7749 -4.68845
0.695 4.64853 -4.58817
0.696 4.50149 -4.47308
0.697 4.3344 -4.34363
0.698 4.14793 -4.20034
0.699 3.94288 -4.04378
0.7 3.72009 -3.87456
0.701 3.48049 -3.69334
0.702 3.22507 -3.50085
0.703 2.95489 -3.29782
0.704 2.67106 -3.08505
0.705 2.37475 -2.86337
0.706 2.0672 -2.63364
0.707 1.74968 -2.39675
0.708 1.42349 -2.15362
0.709 1.08999 -1.90519
0.71 0.750563 -1.65241
0.711 0.406603 -1.39625
0.712 0.0595384 -1.13771
0.713 -0.289193 -0.877757
0.714 -0.638144 -0.6174
0.715 -0.98587 -0.357625
0.716 -1.33092 -0.0994166
0.717 -1.67188 0.156247
0.718 -2.0073 0.408401
0.719 -2.33581 0.6561
0.72 -2.65603 0.898416
0.721 -2.96662 1.13445
0.722 -3.26629 1.36332
0.723 -3.55377 1.58419
0.724 -3.82787 1.79625
0.725 -4.08741 1.99872
0.726 -4.33132 2.19088
0.727 -4.55855 2.37205
0.728 -4.76814 2.54158
0.729 -4.95919 2.69888
0.73 -5.13089 2.84342
0.731 -5.28248 2.9747
0.732 -5.4133 3.09231
0.733 -5.52278 3.19585
0.734 -5.61041 3.28503
0.735 -5.67581 3.35958
0.736 -5.71864 3.41931
0.737 -5.7387 3.46408
0.738 -5.73583 3.49383
0.739 -5.71002 3.50854
0.74 -5.6613 3.50827
0.741 -5.58983 3.49312
0.742 -5.49585 3.46328
0.743 -5.37968 3.41897
0.744 -5.24176 3.3605
0.745 -5.08257 3.2882
0.746 -4.90274 3.20249
0.747 -4.70292 3.10383
0.748 -4.48389 2.99274
0.749 -4.24648 2.86977
0.75 -3.99162 2.73554
0.751 -3.72028 2.59072
0.752 -3.43352 2.43599
0.753 -3.13245 2.2721
0.754 -2.81826 2.09982
0.755 -2.49217 1.91997
0.756 -2.15547 1.73339
0.757 -1.80947 1.54093
0.758 -1.45554 1.3435
0.759 -1.09507 1.14199
0.76 -0.729482 0.937329
0.761 -0.360225 0.730454
0.762 0.0112443 0.522303
0.763 0.383455 0.313823
0.764 0.754934 0.105958
0.765 1.12421 -0.100352
0.766 1.48982 -0.304173
0.767 1.8503 -0.504587
0.768 2.20425 -0.700688
0.769 2.55023 -0.891593
0.77 2.8869 -1.07644
0.771 3.2129 -1.2544
0.772 3.52694 -1.42466
0.773 3.82778 -1.58645
0.774 4.11422 -1.73905
0.775 4.38513 -1.88175
0.776 4.63944 -2.01391
0.777 4.87613 -2.13493
0.778 5.09427 -2.24425
0.779 5.29301 -2.34136
0.78 5.47155 -2.42581
0.781 5.62919 -2.4972
0.782 5.76532 -2.55519
0.783 5.87941 -2.59949
0.784 5.97101 -2.62989
0.785 6.03977 -2.6462
0.786 6.08545 -2.64833
0.787 6.10786 -2.63622
0.788 6.10695 -2.60991
0.789 6.08273 -2.56945
0.79 6.03533 -2.515
0.791 5.96496 -2.44675
0.792 5.87193 -2.36496
0.793 5.75663 -2.26993
0.794 5.61956 -2.16206
0.795 5.46129 -2.04175
0.796 5.28249 -1.9095
0.797 5.0839 -1.76585
0.798 4.86636 -1.61136
0.799 4.63078 -1.44668
0.8 4.37812 -1.27247
0.801 4.10945 -1.08946
0.802 3.82588 -0.8984
0.803 3.52858 -0.700082
0.804 3.2188 -0.49533
0.805 2.8978 -0.284995
0.806 2.56694 -0.0699551
0.807 2.22756 0.148889
0.808 1.8811 0.370621
0.809 1.52897 0.594308
0.81 1.17264 0.819009
0.811 0.813597 1.04377
0.812 0.453317 1.26765
0.813 0.0933008 1.4897
0.814 -0.264957 1.70896
0.815 -0.619969 1.92452
0.816 -0.970257 2.13544
0.817 -1.31437 2.34082
0.818 -1.65086 2.53979
0.819 -1.97835 2.73147
0.82 -2.29545 2.91506
0.821 -2.60084 3.08974
0.822 -2.89326 3.25475
0.823 -3.17147 3.40938
0.824 -3.43431 3.55294
0.825 -3.68066 3.68479
0.826 -3.90951 3.80435
0.827 -4.11987 3.91108
0.828 -4.31085 4.00448
0.829 -4.48165 4.08413
0.83 -4.63154 4.14965
0.831 -4.75986 4.20072
0.832 -4.86606 4.23707
0.833 -4.94968 4.25852
0.834 -5.01034 4.26492
0.835 -5.04775 4.2562
0.836 -5.06175 4.23234
0.837 -5.05223 4.1934
0.838 -5.0192 4.13948
0.839 -4.96277 4.07077
0.84 -4.88314 3.9875
0.841 -4.7806 3.88997
0.842 -4.65555 3.77853
0.843 -4.50847 3.6536
0.844 -4.33993 3.51566
0.845 -4.1506 3.36524
0.846 -3.94122 3.20291
0.847 -3.71263 3.02931
0.848 -3.46575 2.84511
0.849 -3.20155 2.65105
0.85 -2.9211 2.44788
0.851 -2.62554 2.23643
0.852 -2.31605 2.01753
0.853 -1.99389 1.79206
0.854 -1.66036 1.56093
0.855 -1.31682 1.32507
0.856 -0.964667 1.08543
0.857 -0.605333 0.842986
0.858 -0.240285 0.598724
0.859 0.128982 0.35364
0.86 0.500957 0.108736
0.861 0.874114 -0.134984
0.862 1.24692 -0.376517
0.863 1.61784 -0.614868
0.864 1.98534 -0.849053
0.865 2.34791 -1.0781
0.866 2.70405 -1.30106
0.867 3.05227 -1.517
0.868 3.39114 -1.72502
0.869 3.71923 -1.92424
0.87 4.03518 -2.11383
0.871 4.33766 -2.29298
0.872 4.6254 -2.46094
0.873 4.89719 -2.61699
0.874 5.15188 -2.76045
0.875 5.38837 -2.89071
0.876 5.60566 -3.0072
0.877 5.80282 -3.1094
0.878 5.97897 -3.19687
0.879 6.13336 -3.26919
0.88 6.26528 -3.32605
0.881 6.37415 -3.36716
0.882 6.45946 -3.39232
0.883 6.5208 -3.40139
0.884 6.55784 -3.39427
0.885 6.57038 -3.37097
0.886 6.55829 -3.33153
0.887 6.52156 -3.27608
0.888 6.46025 -3.2048
0.889 6.37455 -3.11795
0.89 6.26473 -3.01583
0.891 6.13116 -2.89883
0.892 5.97432 -2.76738
0.893 5.79476 -2.622
0.894 5.59314 -2.46324
0.895 5.37021 -2.29172
0.896 5.12679 -2.10811
0.897 4.8638 -1.91313
0.898 4.58223 -1.70756
0.899 4.28316 -1.4922
0.9 3.96772 -1.26793
0.901 3.63712 -1.03563
0.902 3.29263 -0.796251
0.903 2.93559 -0.550752
0.904 2.56736 -0.30013
0.905 2.18938 -0.0454038
0.906 1.80311 0.212386
0.907 1.41006 0.472182
0.908 1.01175 0.732918
0.909 0.609741 0.993518
0.91 0.205599 1.2529
0.911 -0.199096 1.50999
0.912 -0.602758 1.76371
0.913 -1.00381 2.01301
0.914 -1.40067 2.25682
0.915 -1.79179 2.49411
0.916 -2.17564 2.72389
0.917 -2.55069 2.94516
0.918 -2.91549 3.15697
0.919 -3.26859 3.3584
0.92 -3.60861 3.54858
0.921 -3.9342 3.72665
0.922 -4.24409 3.89184
0.923 -4.53706 4.04339
0.924 -4.81195 4.18061
0.925 -5.06769 4.30285
0.926 -5.30326 4.40955
0.927 -5.51774 4.50016
0.928 -5.71029 4.57423
0.929 -5.88016 4.63136
0.93 -6.02668 4.67122
0.931 -6.14927 4.69354
0.932 -6.24747 4.69813
0.933 -6.32089 4.68485
0.934 -6.36926 4.65365
0.935 -6.39239 4.60453
0.936 -6.3902 4.53758
0.937 -6.36272 4.45295
0.938 -6.31008 4.35086
0.939 -6.23249 4.2316
0.94 -6.13028 4.09553
0.941 -6.00387 3.94307
0.942 -5.8538 3.77471
0.943 -5.68066 3.59101
0.944 -5.48518 3.39257
0.945 -5.26814 3.18008
0.946 -5.03044 2.95426
0.947 -4.77305 2.7159
0.948 -4.49701 2.46582
0.949 -4.20345 2.20492
0.95 -3.89356 1.93412
0.951 -3.5686 1.65439
0.952 -3.2299 1.36672
0.953 -2.87883 1.07217
0.954 -2.51682 0.771785
0.955 -2.14535 0.466666
0.956 -1.76592 0.157925
0.957 -1.38009 -0.153312
0.958 -0.989411 -0.465902
0.959 -0.59549 -0.778698
0.96 -0.199927 -1.09055
0.961 0.195666 -1.4003
0.962 0.589674 -1.70682
0.963 0.98049 -2.00896
0.964 1.36652 -2.30562
0.965 1.74618 -2.59567
0.966 2.11792 -2.87807
0.967 2.48023 -3.15174
0.968 2.8316 -3.41568
0.969 3.17061 -3.66891
0.97 3.49586 -3.91048
0.971 3.806 -4.13949
0.972 4.09977 -4.3551
0.973 4.37595 -4.55651
0.974 4.6334 -4.74296
0.975 4.87104 -4.91377
0.976 5.08788 -5.06831
0.977 5.28303 -5.20599
0.978 5.45565 -5.32633
0.979 5.60502 -5.42888
0.98 5.7305 -5.51327
0.981 5.83155 -5.57919
0.982 5.90772 -5.62641
0.983 5.95867 -5.65477
0.984 5.98416 -5.66418
0.985 5.98404 -5.65463
0.986 5.95827 -5.62618
0.987 5.90692 -5.57894
0.988 5.83016 -5.51312
0.989 5.72825 -5.429
0.99 5.60156 -5.3269
0.991 5.45057 -5.20726
0.992 5.27584 -5.07053
0.993 5.07802 -4.91727
0.994 4.85789 -4.74809
0.995 4.61628 -4.56364
0.996 4.35412 -4.36466
0.997 4.07243 -4.15192
0.998 3.77231 -3.92626
0.999 3.45491 -3.68857
1 3.12149 -3.43977
