0.001 3.44276e-008 2.35603e-009
0.002 3.13149e-007 1.89363e-008
0.003 1.4749e-006 7.86715e-008
0.004 4.88171e-006 2.31239e-007
0.005 1.29096e-005 5.49695e-007
0.006 2.92292e-005 1.13487e-006
0.007 5.90742e-005 2.12199e-006
0.008 0.000109494 3.68994e-006
0.009 0.00018959 6.0736e-006
0.01 0.000310729 9.5796e-006
0.011 0.000486744 1.46058e-005
0.012 0.000734095 2.16648e-005
0.013 0.00107202 3.14118e-005
0.014 0.00152266 4.46765e-005
0.015 0.00211112 6.25004e-005
0.016 0.00286557 8.61776e-005
0.017 0.00381723 0.000117301
0.018 0.0050004 0.000157814
0.019 0.00645241 0.000210063
0.02 0.00821353 0.000276859
0.021 0.0103269 0.000361542
0.022 0.0128385 0.000468043
0.023 0.0157965 0.000600961
0.024 0.0192519 0.000765634
0.025 0.0232576 0.000968212
0.026 0.0278682 0.00121574
0.027 0.0331402 0.00151624
0.028 0.039131 0.00187877
0.029 0.0458992 0.00231353
0.03 0.0535038 0.00283194
0.031 0.0620039 0.00344671
0.032 0.0714584 0.00417188
0.033 0.0819255 0.00502298
0.034 0.0934621 0.00601701
0.035 0.106124 0.00717255
0.036 0.119964 0.00850981
0.037 0.135033 0.0100507
0.038 0.151379 0.0118188
0.039 0.169045 0.0138394
0.04 0.188073 0.0161398
0.041 0.208498 0.0187489
0.042 0.230351 0.0216975
0.043 0.253656 0.0250181
0.044 0.278435 0.0287451
0.045 0.304699 0.0329145
0.046 0.332456 0.0375642
0.047 0.361705 0.0427336
0.048 0.392439 0.0484637
0.049 0.424642 0.0547971
0.05 0.458291 0.0617775
0.051 0.493354 0.0694502
0.052 0.529791 0.0778614
0.053 0.567553 0.0870583
0.054 0.606584 0.097089
0.055 0.646816 0.108002
0.056 0.688176 0.119846
0.057 0.730579 0.132671
0.058 0.773933 0.146526
0.059 0.818137 0.16146
0.06 0.86308 0.177521
0.061 0.908646 0.194757
0.062 0.954708 0.213213
0.063 1.00113 0.232937
0.064 1.04778 0.25397
0.065 1.0945 0.276354
0.066 1.14114 0.300129
0.067 1.18754 0.325331
0.068 1.23353 0.351993
0.069 1.27895 0.380145
0.07 1.32362 0.409814
0.071 1.36736 0.441023
0.072 1.40999 0.47379
0.073 1.45134 0.508128
0.074 1.49121 0.544045
0.075 1.52942 0.581546
0.076 1.56579 0.620627
0.077 1.60014 0.661281
0.078 1.63229 0.703493
0.079 1.66206 0.747242
0.08 1.68928 0.792501
0.081 1.71378 0.839235
0.082 1.73541 0.887402
0.083 1.754 0.936954
0.084 1.76941 0.987834
0.085 1.78151 1.03998
0.086 1.79016 1.09331
0.087 1.79525 1.14776
0.088 1.79667 1.20323
0.089 1.79432 1.25964
0.09 1.78811 1.31686
0.091 1.77799 1.37481
0.092 1.7639 1.43335
0.093 1.74579 1.49236
0.094 1.72363 1.5517
0.095 1.69743 1.61124
0.096 1.66717 1.67083
0.097 1.63289 1.7303
0.098 1.59463 1.78951
0.099 1.55243 1.84828
0.1 1.50638 1.90644
0.101 1.45655 1.96382
0.102 1.40306 2.02022
0.103 1.34604 2.07547
0.104 1.28561 2.12936
0.105 1.22195 2.18172
0.106 1.15522 2.23234
0.107 1.08561 2.28101
0.108 1.01333 2.32756
0.109 0.938592 2.37177
0.11 0.861637 2.41344
0.111 0.782712 2.45237
0.112 0.702076 2.48838
0.113 0.620001 2.52126
0.114 0.536771 2.55082
0.115 0.452679 2.57687
0.116 0.368027 2.59924
0.117 0.283126 2.61775
0.118 0.198291 2.63222
0.119 0.113844 2.6425
0.12 0.0301128 2.64843
0.121 -0.052575 2.64986
0.122 -0.133889 2.64665
0.123 -0.213498 2.6387
0.124 -0.291073 2.62587
0.125 -0.366288 2.60807
0.126 -0.438821 2.58521
0.127 -0.508355 2.55721
0.128 -0.57458 2.52401
0.129 -0.637195 2.48557
0.13 -0.69591 2.44185
0.131 -0.750445 2.39283
0.132 -0.800532 2.33853
0.133 -0.845919 2.27894
0.134 -0.886368 2.21412
0.135 -0.921659 2.14411
0.136 -0.951587 2.06897
0.137 -0.975969 1.9888
0.138 -0.994641 1.9037
0.139 -1.00746 1.81379
0.14 -1.01431 1.71921
0.141 -1.01508 1.62013
0.142 -1.00971 1.51671
0.143 -0.998142 1.40915
0.144 -0.980355 1.29766
0.145 -0.956349 1.18247
0.146 -0.92615 1.06383
0.147 -0.889812 0.941983
0.148 -0.847412 0.81722
0.149 -0.799059 0.689826
0.15 -0.744882 0.560107
0.151 -0.685041 0.428379
0.152 -0.619719 0.294973
0.153 -0.549128 0.160231
0.154 -0.473502 0.0245057
0.155 -0.3931 -0.111842
0.156 -0.308206 -0.24844
0.157 -0.219126 -0.384912
0.158 -0.126189 -0.520873
0.159 -0.0297436 -0.655935
0.16 0.0698408 -0.789705
0.161 0.172177 -0.921787
0.162 0.276859 -1.05179
0.163 0.383467 -1.17931
0.164 0.491566 -1.30395
0.165 0.600708 -1.42534
0.166 0.710435 -1.54307
0.167 0.820279 -1.65677
0.168 0.929765 -1.76607
0.169 1.03841 -1.8706
0.17 1.14573 -1.97001
0.171 1.25125 -2.06395
0.172 1.35447 -2.15211
0.173 1.4549 -2.23415
0.174 1.55209 -2.30979
0.175 1.64554 -2.37874
0.176 1.73479 -2.44073
0.177 1.81939 -2.49553
0.178 1.89891 -2.54291
0.179 1.9729 -2.58267
0.18 2.04097 -2.61462
0.181 2.10271 -2.63862
0.182 2.15775 -2.65453
0.183 2.20575 -2.66225
0.184 2.24638 -2.6617
0.185 2.27932 -2.65282
0.186 2.30432 -2.63559
0.187 2.32111 -2.61002
0.188 2.32949 -2.57613
0.189 2.32926 -2.53398
0.19 2.32027 -2.48366
0.191 2.30239 -2.42529
0.192 2.27554 -2.35902
0.193 2.23967 -2.285
0.194 2.19475 -2.20346
0.195 2.14079 -2.11461
0.196 2.07786 -2.01871
0.197 2.00604 -1.91605
0.198 1.92545 -1.80694
0.199 1.83626 -1.6917
0.2 1.73866 -1.57071
0.201 1.63289 -1.44434
0.202 1.51921 -1.31299
0.203 1.39792 -1.1771
0.204 1.26936 -1.0371
0.205 1.13389 -0.893469
0.206 0.991922 -0.746679
0.207 0.843872 -0.597229
0.208 0.690201 -0.44563
0.209 0.531393 -0.292403
0.21 0.367959 -0.138083
0.211 0.200431 0.0167894
0.212 0.0293632 0.171665
0.213 -0.144668 0.32599
0.214 -0.321072 0.479209
0.215 -0.49924 0.630763
0.216 -0.678551 0.780096
0.217 -0.858374 0.926654
0.218 -1.03807 1.06989
0.219 -1.21699 1.20926
0.22 -1.39449 1.34422
0.221 -1.56991 1.47427
0.222 -1.74261 1.59889
0.223 -1.91195 1.71759
0.224 -2.07728 1.82988
0.225 -2.23798 1.93531
0.226 -2.39343 2.03344
0.227 -2.54304 2.12386
0.228 -2.68622 2.20617
0.229 -2.8224 2.28
0.23 -2.95105 2.34502
0.231 -3.07165 2.40091
0.232 -3.1837 2.44739
0.233 -3.28675 2.48422
0.234 -3.38036 2.51116
0.235 -3.46414 2.52805
0.236 -3.53772 2.53471
0.237 -3.60078 2.53105
0.238 -3.65303 2.51698
0.239 -3.69422 2.49244
0.24 -3.72414 2.45745
0.241 -3.74262 2.41202
0.242 -3.74955 2.35622
0.243 -3.74484 2.29015
0.244 -3.72846 2.21396
0.245 -3.70041 2.12782
0.246 -3.66075 2.03195
0.247 -3.60958 1.92659
0.248 -3.54705 1.81202
0.249 -3.47334 1.68857
0.25 -3.38869 1.55659
0.251 -3.29338 1.41646
0.252 -3.18773 1.2686
0.253 -3.07209 1.11345
0.254 -2.94688 0.951492
0.255 -2.81254 0.783217
0.256 -2.66955 0.609154
0.257 -2.51842 0.429852
0.258 -2.35971 0.245884
0.259 -2.19401 0.0578381
0.26 -2.02192 -0.133677
0.261 -1.84409 -0.328036
0.262 -1.66119 -0.524605
0.263 -1.47391 -0.722733
0.264 -1.28296 -0.921766
0.265 -1.08908 -1.12104
0.266 -0.893003 -1.31988
0.267 -0.695493 -1.51763
0.268 -0.497316 -1.71362
0.269 -0.299245 -1.90718
0.27 -0.102055 -2.09764
0.271 0.0934769 -2.28437
0.272 0.286578 -2.46672
0.273 0.476482 -2.64405
0.274 0.662431 -2.81577
0.275 0.843679 -2.98126
0.276 1.0195 -3.13996
0.277 1.18917 -3.29132
0.278 1.35202 -3.43479
0.279 1.50736 -3.56989
0.28 1.65457 -3.69612
0.281 1.79303 -3.81305
0.282 1.92217 -3.92027
0.283 2.04144 -4.01738
0.284 2.15035 -4.10404
0.285 2.24842 -4.17994
0.286 2.33522 -4.24481
0.287 2.41039 -4.2984
0.288 2.47358 -4.34053
0.289 2.52451 -4.37104
0.29 2.56293 -4.38981
0.291 2.58866 -4.39677
0.292 2.60154 -4.39189
0.293 2.6015 -4.37516
0.294 2.58849 -4.34666
0.295 2.56252 -4.30646
0.296 2.52367 -4.25471
0.297 2.47205 -4.19157
0.298 2.40783 -4.11727
0.299 2.33123 -4.03207
0.3 2.24252 -3.93625
0.301 2.14204 -3.83015
0.302 2.03014 -3.71414
0.303 1.90725 -3.58862
0.304 1.77384 -3.45404
0.305 1.63041 -3.31086
0.306 1.47752 -3.15959
0.307 1.31577 -3.00076
0.308 1.14578 -2.83492
0.309 0.968217 -2.66266
0.31 0.783792 -2.48458
0.311 0.593236 -2.3013
0.312 0.397306 -2.11348
0.313 0.196791 -1.92176
0.314 -0.00750333 -1.72682
0.315 -0.21475 -1.52934
0.316 -0.424107 -1.33001
0.317 -0.63472 -1.12952
0.318 -0.845726 -0.92858
0.319 -1.05626 -0.727876
0.32 -1.26544 -0.528107
0.321 -1.47241 -0.329963
0.322 -1.67631 -0.134125
0.323 -1.87627 0.0587347
0.324 -2.07145 0.247958
0.325 -2.26104 0.432903
0.326 -2.44422 0.612944
0.327 -2.6202 0.787476
0.328 -2.78823 0.95592
0.329 -2.94757 1.11772
0.33 -3.09753 1.27234
0.331 -3.23745 1.41928
0.332 -3.36669 1.55808
0.333 -3.48467 1.6883
0.334 -3.59085 1.80954
0.335 -3.68473 1.92142
0.336 -3.76586 2.02363
0.337 -3.83384 2.11586
0.338 -3.88832 2.19788
0.339 -3.929 2.26947
0.34 -3.95565 2.33046
0.341 -3.96808 2.38073
0.342 -3.96615 2.42019
0.343 -3.94979 2.4488
0.344 -3.91899 2.46657
0.345 -3.8738 2.47354
0.346 -3.8143 2.46979
0.347 -3.74066 2.45545
0.348 -3.6531 2.4307
0.349 -3.55189 2.39575
0.35 -3.43736 2.35085
0.351 -3.30988 2.29628
0.352 -3.1699 2.23239
0.353 -3.01791 2.15952
0.354 -2.85443 2.07809
0.355 -2.68006 1.98852
0.356 -2.49543 1.89127
0.357 -2.30121 1.78685
0.358 -2.09812 1.67576
0.359 -1.8869 1.55856
0.36 -1.66836 1.43581
0.361 -1.44329 1.3081
0.362 -1.21256 1.17604
0.363 -0.977039 1.04026
0.364 -0.737615 0.901375
0.365 -0.495205 0.760048
0.366 -0.250735 0.616927
0.367 -0.00514302 0.472673
0.368 0.240625 0.327947
0.369 0.485623 0.18341
0.37 0.728902 0.0397202
0.371 0.96952 -0.10247
0.372 1.20654 -0.242517
0.373 1.43905 -0.379787
0.374 1.66613 -0.513661
0.375 1.88691 -0.643537
0.376 2.10051 -0.76883
0.377 2.30611 -0.888978
0.378 2.50289 -1.00344
0.379 2.6901 -1.1117
0.38 2.86698 -1.21328
0.381 3.03286 -1.30772
0.382 3.18708 -1.39459
0.383 3.32904 -1.4735
0.384 3.45818 -1.5441
0.385 3.574 -1.60606
0.386 3.67604 -1.65912
0.387 3.76392 -1.70301
0.388 3.83728 -1.73755
0.389 3.89586 -1.76256
0.39 3.93943 -1.77794
0.391 3.96783 -1.78359
0.392 3.98097 -1.77949
0.393 3.9788 -1.76564
0.394 3.96136 -1.74209
0.395 3.92873 -1.70893
0.396 3.88107 -1.66629
0.397 3.81858 -1.61435
0.398 3.74156 -1.55332
0.399 3.65033 -1.48345
0.4 3.54528 -1.40505
0.401 3.42687 -1.31843
0.402 3.2956 -1.22396
0.403 3.15205 -1.12205
0.404 2.99681 -1.01312
0.405 2.83056 -0.897644
0.406 2.654 -0.776103
0.407 2.46789 -0.649019
0.408 2.27303 -0.516936
0.409 2.07023 -0.380417
0.41 1.86038 -0.240047
0.411 1.64436 -0.0964281
0.412 1.4231 0.0498239
0.413 1.19756 0.198081
0.414 0.96869 0.347705
0.415 0.737484 0.498052
0.416 0.504934 0.648476
0.417 0.272043 0.798326
0.418 0.0398165 0.946956
0.419 -0.190739 1.09372
0.42 -0.418625 1.238
0.421 -0.642848 1.37914
0.422 -0.862431 1.51656
0.423 -1.07641 1.64965
0.424 -1.28385 1.77783
0.425 -1.48384 1.90054
0.426 -1.67549 2.01725
0.427 -1.85794 2.12746
0.428 -2.03039 2.23067
0.429 -2.19205 2.32644
0.43 -2.34219 2.41436
0.431 -2.48014 2.49402
0.432 -2.60524 2.56509
0.433 -2.71693 2.62726
0.434 -2.81466 2.68023
0.435 -2.89797 2.72379
0.436 -2.96644 2.75774
0.437 -3.01973 2.78192
0.438 -3.05754 2.79623
0.439 -3.07965 2.8006
0.44 -3.0859 2.795
0.441 -3.07619 2.77947
0.442 -3.05051 2.75405
0.443 -3.0089 2.71887
0.444 -2.95145 2.67408
0.445 -2.87836 2.61986
0.446 -2.78985 2.55646
0.447 -2.68624 2.48416
0.448 -2.5679 2.40326
0.449 -2.43526 2.31414
0.45 -2.28882 2.21717
0.451 -2.12913 2.11281
0.452 -1.95682 2.00149
0.453 -1.77255 1.88374
0.454 -1.57704 1.76006
0.455 -1.37106 1.63101
0.456 -1.15543 1.49718
0.457 -0.931018 1.35917
0.458 -0.698719 1.2176
0.459 -0.459474 1.07311
0.46 -0.214253 0.926354
0.461 0.0359434 0.778011
0.462 0.290091 0.628755
0.463 0.547143 0.479273
0.464 0.80604 0.330255
0.465 1.06571 0.18239
0.466 1.32506 0.036366
0.467 1.58303 -0.107133
0.468 1.83851 -0.247432
0.469 2.09044 -0.383867
0.47 2.33775 -0.51579
0.471 2.57939 -0.642566
0.472 2.81432 -0.763584
0.473 3.04153 -0.878252
0.474 3.26005 -0.986006
0.475 3.46892 -1.08631
0.476 3.66723 -1.17865
0.477 3.8541 -1.26256
0.478 4.02871 -1.33759
0.479 4.19027 -1.40334
0.48 4.33805 -1.45945
0.481 4.47137 -1.5056
0.482 4.5896 -1.54149
0.483 4.69219 -1.5669
0.484 4.77862 -1.58163
0.485 4.84848 -1.58553
0.486 4.90137 -1.5785
0.487 4.93701 -1.56049
0.488 4.95515 -1.53149
0.489 4.95564 -1.49155
0.49 4.93837 -1.44076
0.491 4.90334 -1.37926
0.492 4.8506 -1.30723
0.493 4.78027 -1.22491
0.494 4.69255 -1.13259
0.495 4.5877 -1.03059
0.496 4.46607 -0.919281
0.497 4.32807 -0.799085
0.498 4.17418 -0.670458
0.499 4.00493 -0.533899
0.5 3.82095 -0.389945
0.501 3.62289 -0.239168
0.502 3.41149 -0.0821771
0.503 3.18753 0.0803894
0.504 2.95186 0.247863
0.505 2.70536 0.419547
0.506 2.44898 0.594722
0.507 2.18369 0.772649
0.508 1.91052 0.952568
0.509 1.63051 1.13371
0.51 1.34476 1.31527
0.511 1.05438 1.49648
0.512 0.760499 1.67653
0.513 0.464278 1.85461
0.514 0.16688 2.02992
0.515 -0.13052 2.20167
0.516 -0.426746 2.36907
0.517 -0.720619 2.53134
0.518 -1.01097 2.68771
0.519 -1.29664 2.83745
0.52 -1.57649 2.97981
0.521 -1.84938 3.11412
0.522 -2.11423 3.23968
0.523 -2.36997 3.35585
0.524 -2.61556 3.46203
0.525 -2.85 3.55764
0.526 -3.07234 3.64213
0.527 -3.28167 3.71502
0.528 -3.47714 3.77585
0.529 -3.65795 3.8242
0.53 -3.82334 3.85971
0.531 -3.97265 3.88208
0.532 -4.10523 3.89103
0.533 -4.22055 3.88636
0.534 -4.31812 3.8679
0.535 -4.39751 3.83555
0.536 -4.4584 3.78927
0.537 -4.50051 3.72904
0.538 -4.52365 3.65494
0.539 -4.52771 3.56708
0.54 -4.51266 3.46563
0.541 -4.47852 3.35082
0.542 -4.42543 3.22293
0.543 -4.35358 3.08228
0.544 -4.26324 2.92928
0.545 -4.15476 2.76435
0.546 -4.02857 2.58799
0.547 -3.88517 2.40074
0.548 -3.72512 2.20317
0.549 -3.54907 1.99593
0.55 -3.35772 1.77966
0.551 -3.15184 1.5551
0.552 -2.93227 1.32298
0.553 -2.69989 1.08409
0.554 -2.45565 0.839242
0.555 -2.20054 0.589277
0.556 -1.93562 0.335065
0.557 -1.66195 0.0774938
0.558 -1.38068 -0.182527
0.559 -1.09295 -0.444074
0.56 -0.799962 -0.706213
0.561 -0.50292 -0.967999
0.562 -0.203059 -1.22849
0.563 0.0983707 -1.48672
0.564 0.400113 -1.74177
0.565 0.700905 -1.99269
0.566 0.999484 -2.23854
0.567 1.29459 -2.47843
0.568 1.58498 -2.71144
0.569 1.86943 -2.93672
0.57 2.14672 -3.15341
0.571 2.41566 -3.36068
0.572 2.67511 -3.55776
0.573 2.92394 -3.74388
0.574 3.16108 -3.91834
0.575 3.38549 -4.08045
0.576 3.59619 -4.22959
0.577 3.79224 -4.36517
0.578 3.97277 -4.48666
0.579 4.13696 -4.59358
0.58 4.28406 -4.68549
0.581 4.41339 -4.76202
0.582 4.52432 -4.82285
0.583 4.61633 -4.86772
0.584 4.68894 -4.89644
0.585 4.74177 -4.90886
0.586 4.7745 -4.9049
0.587 4.78691 -4.88456
0.588 4.77884 -4.84788
0.589 4.75024 -4.79496
0.59 4.70111 -4.72597
0.591 4.63156 -4.64116
0.592 4.54178 -4.54082
0.593 4.43202 -4.42529
0.594 4.30263 -4.29499
0.595 4.15405 -4.15039
0.596 3.98677 -3.99202
0.597 3.80138 -3.82046
0.598 3.59854 -3.63633
0.599 3.37897 -3.44033
0.6 3.14348 -3.23317
0.601 2.89292 -3.01563
0.602 2.62824 -2.78854
0.603 2.35041 -2.55272
0.604 2.06047 -2.30909
0.605 1.75953 -2.05855
0.606 1.44873 -1.80206
0.607 1.12924 -1.54058
0.608 0.802294 -1.27512
0.609 0.469146 -1.00669
0.61 0.131078 -0.736304
0.611 -0.210601 -0.465005
0.612 -0.554566 -0.193832
0.613 -0.899481 0.0761729
0.614 -1.244 0.343971
0.615 -1.58678 0.608528
0.616 -1.92647 0.868822
0.617 -2.26174 1.12385
0.618 -2.59127 1.37261
0.619 -2.91376 1.61415
0.62 -3.22794 1.84752
0.621 -3.53256 2.07181
0.622 -3.82641 2.28615
0.623 -4.10832 2.48968
0.624 -4.37716 2.68163
0.625 -4.63187 2.86122
0.626 -4.87141 3.02774
0.627 -5.09483 3.18054
0.628 -5.30123 3.31901
0.629 -5.48976 3.44258
0.63 -5.65967 3.55077
0.631 -5.81025 3.64314
0.632 -5.9409 3.71929
0.633 -6.05106 3.77893
0.634 -6.14029 3.82179
0.635 -6.20819 3.84768
0.636 -6.25449 3.85648
0.637 -6.27897 3.84814
0.638 -6.2815 3.82265
0.639 -6.26206 3.7801
0.64 -6.22069 3.72062
0.641 -6.15753 3.64442
0.642 -6.07281 3.55177
0.643 -5.96683 3.44301
0.644 -5.84 3.31853
0.645 -5.6928 3.17878
0.646 -5.52577 3.02429
0.647 -5.33957 2.85564
0.648 -5.13491 2.67345
0.649 -4.91258 2.4784
0.65 -4.67343 2.27123
0.651 -4.41841 2.05271
0.652 -4.1485 1.82369
0.653 -3.86476 1.58501
0.654 -3.56829 1.33759
0.655 -3.26026 1.08237
0.656 -2.94187 0.820308
0.657 -2.61437 0.552411
0.658 -2.27905 0.279697
0.659 -1.93723 0.00320502
0.66 -1.59025 -0.276009
0.661 -1.23949 -0.556879
0.662 -0.886311 -0.838332
0.663 -0.532121 -1.11929
0.664 -0.178314 -1.39868
0.665 0.173713 -1.67544
0.666 0.52257 -1.9485
0.667 0.866878 -2.21681
0.668 1.20528 -2.47936
0.669 1.53643 -2.73513
0.67 1.85902 -2.98314
0.671 2.17179 -3.22245
0.672 2.47349 -3.45213
0.673 2.76293 -3.67131
0.674 3.03896 -3.87915
0.675 3.30051 -4.07485
0.676 3.54653 -4.25765
0.677 3.77605 -4.42687
0.678 3.98818 -4.58185
0.679 4.18208 -4.722
0.68 4.35698 -4.84679
0.681 4.51221 -4.95574
0.682 4.64716 -5.04843
0.683 4.76131 -5.12451
0.684 4.85421 -5.1837
0.685 4.92551 -5.22577
0.686 4.97495 -5.25056
0.687 5.00235 -5.25799
0.688 5.00762 -5.24803
0.689 4.99075 -5.22072
0.69 4.95185 -5.17617
0.691 4.89108 -5.11457
0.692 4.80872 -5.03615
0.693 4.70512 -4.94121
0.694 4.58073 -4.83014
0.695 4.43607 -4.70335
0.696 4.27174 -4.56135
0.697 4.08845 -4.40468
0.698 3.88695 -4.23394
0.699 3.66808 -4.0498
0.7 3.43276 -3.85297
0.701 3.18196 -3.6442
0.702 2.91674 -3.42429
0.703 2.63818 -3.19408
0.704 2.34744 -2.95447
0.705 2.04574 -2.70637
0.706 1.73431 -2.45071
0.707 1.41446 -2.18849
0.708 1.08752 -1.9207
0.709 0.754824 -1.64834
0.71 0.417769 -1.37247
0.711 0.0777504 -1.09412
0.712 -0.26382 -0.814342
0.713 -0.605522 -0.534191
0.714 -0.945936 -0.25472
0.715 -1.28364 0.0230246
0.716 -1.61724 0.298005
0.717 -1.94533 0.569197
0.718 -2.26656 0.835595
0.719 -2.57956 1.09622
0.72 -2.88305 1.3501
0.721 -3.17573 1.59632
0.722 -3.45639 1.83398
0.723 -3.72384 2.06222
0.724 -3.97696 2.28023
0.725 -4.21467 2.48722
0.726 -4.43596 2.68247
0.727 -4.63989 2.8653
0.728 -4.82558 3.03507
0.729 -4.99224 3.19123
0.73 -5.13915 3.33324
0.731 -5.26565 3.46066
0.732 -5.37118 3.57307
0.733 -5.45528 3.67015
0.734 -5.51754 3.75162
0.735 -5.55767 3.81728
0.736 -5.57545 3.86696
0.737 -5.57077 3.9006
0.738 -5.54359 3.91819
0.739 -5.49397 3.91976
0.74 -5.42206 3.90543
0.741 -5.32811 3.8754
0.742 -5.21244 3.82989
0.743 -5.07549 3.76921
0.744 -4.91774 3.69373
0.745 -4.7398 3.60388
0.746 -4.54234 3.50014
0.747 -4.3261 3.38305
0.748 -4.09193 3.2532
0.749 -3.84072 3.11123
0.75 -3.57345 2.95784
0.751 -3.29116 2.79376
0.752 -2.99493 2.61977
0.753 -2.68594 2.43668
0.754 -2.36539 2.24535
0.755 -2.03454 2.04667
0.756 -1.69469 1.84153
0.757 -1.34717 1.63088
0.758 -0.993356 1.41568
0.759 -0.634642 1.19689
0.76 -0.272443 0.975498
0.761 0.0918098 0.752502
0.762 0.456677 0.528897
0.763 0.820714 0.305678
0.764 1.18248 0.0838388
0.765 1.54055 -0.135637
0.766 1.89349 -0.351778
0.767 2.23992 -0.563628
0.768 2.57845 -0.770252
0.769 2.90776 -0.97074
0.77 3.22653 -1.16421
0.771 3.5335 -1.34981
0.772 3.82746 -1.52672
0.773 4.10724 -1.69416
0.774 4.37174 -1.85141
0.775 4.61992 -1.99777
0.776 4.85079 -2.13259
0.777 5.06345 -2.25528
0.778 5.25706 -2.3653
0.779 5.43086 -2.46216
0.78 5.58418 -2.54545
0.781 5.71642 -2.61477
0.782 5.82706 -2.66983
0.783 5.9157 -2.71038
0.784 5.98198 -2.73623
0.785 6.02568 -2.74725
0.786 6.04663 -2.74338
0.787 6.04478 -2.72464
0.788 6.02017 -2.69108
0.789 5.97291 -2.64284
0.79 5.90322 -2.58012
0.791 5.81142 -2.50316
0.792 5.69791 -2.41229
0.793 5.56316 -2.30788
0.794 5.40775 -2.19036
0.795 5.23235 -2.06024
0.796 5.03768 -1.91805
0.797 4.82458 -1.76438
0.798 4.59391 -1.5999
0.799 4.34667 -1.42528
0.8 4.08386 -1.24127
0.801 3.8066 -1.04865
0.802 3.51603 -0.848223
0.803 3.21336 -0.640843
0.804 2.89985 -0.427391
0.805 2.5768 -0.20877
0.806 2.24556 0.0140893
0.807 1.90749 0.24024
0.808 1.56401 0.468718
0.809 1.21653 0.69855
0.81 0.866492 0.928755
0.811 0.515358 1.15835
0.812 0.164579 1.38635
0.813 -0.184388 1.61178
0.814 -0.530095 1.83368
0.815 -0.871109 2.05108
0.816 -1.20601 2.26305
0.817 -1.53341 2.46869
0.818 -1.85195 2.66709
0.819 -2.16031 2.8574
0.82 -2.45719 3.03879
0.821 -2.74137 3.21047
0.822 -3.01166 3.37169
0.823 -3.26693 3.52174
0.824 -3.50612 3.65997
0.825 -3.72823 3.78574
0.826 -3.93232 3.89851
0.827 -4.11755 3.99776
0.828 -4.28312 4.08304
0.829 -4.42835 4.15396
0.83 -4.55262 4.21019
0.831 -4.65539 4.25143
0.832 -4.73624 4.2775
0.833 -4.7948 4.28823
0.834 -4.83082 4.28355
0.835 -4.84413 4.26343
0.836 -4.83467 4.22792
0.837 -4.80244 4.17713
0.838 -4.74757 4.11123
0.839 -4.67027 4.03046
0.84 -4.57084 3.93512
0.841 -4.44966 3.82557
0.842 -4.30723 3.70223
0.843 -4.14411 3.56559
0.844 -3.96096 3.41617
0.845 -3.75853 3.25458
0.846 -3.53762 3.08145
0.847 -3.29915 2.89747
0.848 -3.04407 2.70339
0.849 -2.77343 2.49999
0.85 -2.48834 2.28809
0.851 -2.18996 2.06855
0.852 -1.87951 1.84227
0.853 -1.55827 1.61017
0.854 -1.22756 1.3732
0.855 -0.888735 1.13233
0.856 -0.543194 0.888551
0.857 -0.192363 0.642872
0.858 0.162312 0.396306
0.859 0.519362 0.149873
0.86 0.87731 -0.0954049
0.861 1.23467 -0.338508
0.862 1.58996 -0.578423
0.863 1.9417 -0.814149
0.864 2.28842 -1.0447
0.865 2.62868 -1.26911
0.866 2.96106 -1.48643
0.867 3.28416 -1.69575
0.868 3.59662 -1.89618
0.869 3.89712 -2.08687
0.87 4.18441 -2.26702
0.871 4.45725 -2.43585
0.872 4.71449 -2.59264
0.873 4.95503 -2.73671
0.874 5.17784 -2.86743
0.875 5.38195 -2.98425
0.876 5.56648 -3.08664
0.877 5.73061 -3.17415
0.878 5.87362 -3.24639
0.879 5.99487 -3.30302
0.88 6.09379 -3.34378
0.881 6.16993 -3.36846
0.882 6.22289 -3.37692
0.883 6.25242 -3.36911
0.884 6.25831 -3.34501
0.885 6.24047 -3.30469
0.886 6.19891 -3.24829
0.887 6.13373 -3.17601
0.888 6.04512 -3.08811
0.889 5.93337 -2.98493
0.89 5.79887 -2.86686
0.891 5.64209 -2.73437
0.892 5.4636 -2.58798
0.893 5.26405 -2.42826
0.894 5.04419 -2.25585
0.895 4.80484 -2.07146
0.896 4.5469 -1.87581
0.897 4.27135 -1.66971
0.898 3.97924 -1.45399
0.899 3.6717 -1.22953
0.9 3.3499 -0.997267
0.901 3.01509 -0.75814
0.902 2.66855 -0.513144
0.903 2.31165 -0.263292
0.904 1.94575 -0.00962431
0.905 1.57229 0.2468
0.906 1.19273 0.504908
0.907 0.808541 0.763614
0.908 0.421233 1.02183
0.909 0.0323213 1.27845
0.91 -0.356669 1.5324
0.911 -0.744212 1.78259
0.912 -1.12879 2.02794
0.913 -1.50888 2.2674
0.914 -1.88299 2.49993
0.915 -2.24966 2.72451
0.916 -2.60743 2.94016
0.917 -2.9549 3.14592
0.918 -3.29071 3.34089
0.919 -3.61351 3.52417
0.92 -3.92205 3.69495
0.921 -4.21511 3.85242
0.922 -4.49154 3.99586
0.923 -4.75024 4.12458
0.924 -4.99019 4.23796
0.925 -5.21046 4.33543
0.926 -5.41018 4.41649
0.927 -5.58857 4.48069
0.928 -5.74492 4.52766
0.929 -5.87862 4.55708
0.93 -5.98917 4.56873
0.931 -6.07613 4.56242
0.932 -6.13917 4.53806
0.933 -6.17805 4.49563
0.934 -6.19263 4.43516
0.935 -6.18287 4.35678
0.936 -6.14884 4.26066
0.937 -6.09067 4.14707
0.938 -6.00863 4.01633
0.939 -5.90306 3.86884
0.94 -5.7744 3.70507
0.941 -5.62318 3.52554
0.942 -5.45004 3.33085
0.943 -5.25568 3.12165
0.944 -5.0409 2.89866
0.945 -4.80659 2.66264
0.946 -4.55371 2.41443
0.947 -4.2833 2.15489
0.948 -3.99646 1.88495
0.949 -3.69437 1.60558
0.95 -3.37826 1.31778
0.951 -3.04942 1.02258
0.952 -2.70921 0.721072
0.953 -2.359 0.414346
0.954 -2.00024 0.103529
0.955 -1.63439 -0.210235
0.956 -1.26295 -0.525789
0.957 -0.887437 -0.841964
0.958 -0.509384 -1.15759
0.959 -0.130343 -1.47148
0.96 0.248137 -1.78248
0.961 0.624503 -2.08942
0.962 0.997213 -2.39115
0.963 1.36474 -2.68653
0.964 1.72557 -2.97446
0.965 2.07823 -3.25385
0.966 2.42126 -3.52366
0.967 2.75326 -3.78285
0.968 3.07285 -4.03045
0.969 3.37871 -4.26552
0.97 3.66959 -4.48718
0.971 3.94428 -4.69458
0.972 4.20164 -4.88692
0.973 4.44059 -5.06349
0.974 4.66015 -5.22361
0.975 4.85939 -5.36667
0.976 5.03747 -5.49212
0.977 5.19365 -5.59949
0.978 5.32726 -5.68836
0.979 5.43772 -5.75841
0.98 5.52455 -5.80935
0.981 5.58737 -5.84099
0.982 5.62588 -5.85323
0.983 5.6399 -5.846
0.984 5.62934 -5.81933
0.985 5.59418 -5.77334
0.986 5.53455 -5.70819
0.987 5.45064 -5.62414
0.988 5.34276 -5.52151
0.989 5.2113 -5.40069
0.99 5.05676 -5.26215
0.991 4.87972 -5.10642
0.992 4.68085 -4.9341
0.993 4.46093 -4.74585
0.994 4.22081 -4.54239
0.995 3.96141 -4.32452
0.996 3.68374 -4.09306
0.997 3.3889 -3.8489
0.998 3.07802 -3.59299
0.999 2.75235 -3.32631
1 2.41314 -3.04987
