0.001 3.3979e-008 2.57009e-009
0.002 3.09567e-007 2.064e-008
0.003 1.46017e-006 8.56473e-008
0.004 4.83899e-006 2.51324e-007
0.005 1.28099e-005 5.96129e-007
0.006 2.90282e-005 1.22733e-006
0.007 5.87093e-005 2.2872e-006
0.008 0.000108881 3.96168e-006
0.009 0.000188622 6.49198e-006
0.01 0.000309273 1.01894e-005
0.011 0.000484639 1.54536e-005
0.012 0.000731151 2.2795e-005
0.013 0.00106802 3.28609e-005
0.014 0.00151734 4.64658e-005
0.015 0.00210421 6.46266e-005
0.016 0.00285675 8.86013e-005
0.017 0.00380616 0.000119933
0.018 0.0049867 0.000160498
0.019 0.00643567 0.000212558
0.02 0.00819333 0.000278816
0.021 0.0103028 0.000362477
0.022 0.0128099 0.000467314
0.023 0.0157631 0.000597732
0.024 0.019213 0.000758838
0.025 0.0232127 0.000956517
0.026 0.0278168 0.00119751
0.027 0.0330816 0.00148946
0.028 0.0390648 0.00184106
0.029 0.0458247 0.00226203
0.03 0.0534204 0.00276328
0.031 0.061911 0.00335694
0.032 0.0713555 0.00405645
0.033 0.0818119 0.00487662
0.034 0.0933372 0.00583369
0.035 0.105987 0.00694542
0.036 0.119814 0.00823111
0.037 0.13487 0.00971168
0.038 0.151202 0.0114097
0.039 0.168855 0.0133495
0.04 0.187867 0.0155569
0.041 0.208276 0.0180597
0.042 0.230112 0.0208873
0.043 0.2534 0.024071
0.044 0.27816 0.0276436
0.045 0.304405 0.0316397
0.046 0.332141 0.0360955
0.047 0.361369 0.0410489
0.048 0.392079 0.0465392
0.049 0.424257 0.0526074
0.05 0.457879 0.0592954
0.051 0.492914 0.0666468
0.052 0.52932 0.074706
0.053 0.567049 0.0835185
0.054 0.606043 0.0931305
0.055 0.646236 0.103589
0.056 0.687553 0.114942
0.057 0.729909 0.127235
0.058 0.773211 0.140518
0.059 0.817357 0.154838
0.06 0.862239 0.170241
0.061 0.907735 0.186773
0.062 0.953722 0.204481
0.063 1.00006 0.223408
0.064 1.04662 0.243596
0.065 1.09324 0.265087
0.066 1.13977 0.287918
0.067 1.18605 0.312126
0.068 1.23191 0.337744
0.069 1.27718 0.364802
0.07 1.32169 0.393328
0.071 1.36526 0.423343
0.072 1.4077 0.454867
0.073 1.44883 0.487914
0.074 1.48848 0.522495
0.075 1.52645 0.558614
0.076 1.56255 0.596271
0.077 1.59662 0.63546
0.078 1.62846 0.676169
0.079 1.65789 0.71838
0.08 1.68476 0.762068
0.081 1.70888 0.807204
0.082 1.73009 0.853748
0.083 1.74825 0.901656
0.084 1.76319 0.950877
0.085 1.77479 1.00135
0.086 1.78291 1.05301
0.087 1.78743 1.10578
0.088 1.78825 1.15959
0.089 1.78527 1.21433
0.09 1.7784 1.26992
0.091 1.76758 1.32625
0.092 1.75274 1.38321
0.093 1.73386 1.44068
0.094 1.71089 1.49853
0.095 1.68384 1.55664
0.096 1.6527 1.61485
0.097 1.6175 1.67302
0.098 1.57827 1.73101
0.099 1.53508 1.78864
0.1 1.488 1.84576
0.101 1.43711 1.9022
0.102 1.38253 1.95778
0.103 1.32437 2.01232
0.104 1.26279 2.06565
0.105 1.19794 2.11757
0.106 1.13 2.1679
0.107 1.05915 2.21644
0.108 0.985609 2.26301
0.109 0.909596 2.30741
0.11 0.831348 2.34945
0.111 0.751115 2.38894
0.112 0.669162 2.42568
0.113 0.585765 2.45949
0.114 0.50121 2.49018
0.115 0.415795 2.51757
0.116 0.329827 2.54149
0.117 0.24362 2.56175
0.118 0.157495 2.57819
0.119 0.0717801 2.59066
0.12 -0.0131943 2.59899
0.121 -0.0970936 2.60304
0.122 -0.179582 2.60269
0.123 -0.260323 2.5978
0.124 -0.338982 2.58825
0.125 -0.415226 2.57395
0.126 -0.488727 2.55479
0.127 -0.559163 2.53071
0.128 -0.626217 2.50164
0.129 -0.689582 2.46751
0.13 -0.748961 2.4283
0.131 -0.804067 2.38398
0.132 -0.854628 2.33454
0.133 -0.900383 2.27999
0.134 -0.94109 2.22035
0.135 -0.97652 2.15566
0.136 -1.00647 2.08599
0.137 -1.03074 2.0114
0.138 -1.04916 1.93198
0.139 -1.0616 1.84784
0.14 -1.06791 1.75911
0.141 -1.06801 1.66593
0.142 -1.0618 1.56846
0.143 -1.04924 1.46687
0.144 -1.03029 1.36136
0.145 -1.00496 1.25214
0.146 -0.973273 1.13943
0.147 -0.935269 1.02348
0.148 -0.891031 0.904533
0.149 -0.840661 0.782868
0.15 -0.784291 0.658766
0.151 -0.722079 0.532527
0.152 -0.654208 0.404459
0.153 -0.580891 0.274884
0.154 -0.502361 0.144134
0.155 -0.418881 0.0125504
0.156 -0.330737 -0.119515
0.157 -0.238238 -0.251706
0.158 -0.141716 -0.383656
0.159 -0.0415244 -0.514995
0.16 0.0619624 -0.645349
0.161 0.168351 -0.774341
0.162 0.27723 -0.901591
0.163 0.388172 -1.02672
0.164 0.500735 -1.14935
0.165 0.614461 -1.2691
0.166 0.728884 -1.3856
0.167 0.843525 -1.49848
0.168 0.9579 -1.60738
0.169 1.07152 -1.71194
0.17 1.18388 -1.81183
0.171 1.29449 -1.90669
0.172 1.40285 -1.99622
0.173 1.50846 -2.08009
0.174 1.61083 -2.15802
0.175 1.70947 -2.22972
0.176 1.80391 -2.29492
0.177 1.89367 -2.35339
0.178 1.97829 -2.40488
0.179 2.05734 -2.44921
0.18 2.13039 -2.48617
0.181 2.19703 -2.5156
0.182 2.25687 -2.53737
0.183 2.30954 -2.55135
0.184 2.3547 -2.55745
0.185 2.39203 -2.5556
0.186 2.42124 -2.54577
0.187 2.44207 -2.52792
0.188 2.45428 -2.50209
0.189 2.45766 -2.46829
0.19 2.45206 -2.4266
0.191 2.43733 -2.3771
0.192 2.41336 -2.31992
0.193 2.3801 -2.2552
0.194 2.33751 -2.18311
0.195 2.28559 -2.10386
0.196 2.22438 -2.01767
0.197 2.15396 -1.92479
0.198 2.07445 -1.82549
0.199 1.986 -1.72008
0.2 1.88879 -1.60889
0.201 1.78306 -1.49226
0.202 1.66905 -1.37057
0.203 1.54708 -1.2442
0.204 1.41746 -1.11356
0.205 1.28057 -0.979085
0.206 1.1368 -0.841221
0.207 0.986581 -0.70043
0.208 0.830366 -0.557187
0.209 0.668643 -0.411982
0.21 0.501927 -0.265315
0.211 0.330753 -0.117696
0.212 0.155685 0.0303578
0.213 -0.0226978 0.178322
0.214 -0.203793 0.32567
0.215 -0.386984 0.471871
0.216 -0.571638 0.616395
0.217 -0.757111 0.758712
0.218 -0.942751 0.898296
0.219 -1.12789 1.03463
0.22 -1.31188 1.16719
0.221 -1.49404 1.29548
0.222 -1.6737 1.41901
0.223 -1.8502 1.53728
0.224 -2.02289 1.64985
0.225 -2.19112 1.75625
0.226 -2.35424 1.85605
0.227 -2.51164 1.94885
0.228 -2.66271 2.03424
0.229 -2.80686 2.11187
0.23 -2.94352 2.18138
0.231 -3.07215 2.24246
0.232 -3.19223 2.29482
0.233 -3.30328 2.3382
0.234 -3.40484 2.37237
0.235 -3.49649 2.39712
0.236 -3.57783 2.41228
0.237 -3.64851 2.41772
0.238 -3.70821 2.41332
0.239 -3.75667 2.39903
0.24 -3.79364 2.37481
0.241 -3.81894 2.34064
0.242 -3.83241 2.29657
0.243 -3.83395 2.24267
0.244 -3.82351 2.17904
0.245 -3.80106 2.10581
0.246 -3.76665 2.02316
0.247 -3.72034 1.9313
0.248 -3.66227 1.83047
0.249 -3.5926 1.72094
0.25 -3.51156 1.60302
0.251 -3.4194 1.47704
0.252 -3.31643 1.34339
0.253 -3.20299 1.20244
0.254 -3.0795 1.05463
0.255 -2.94636 0.900406
0.256 -2.80406 0.74025
0.257 -2.65311 0.57466
0.258 -2.49406 0.404157
0.259 -2.32749 0.229284
0.26 -2.154 0.0506013
0.261 -1.97425 -0.131315
0.262 -1.78891 -0.315875
0.263 -1.59867 -0.502475
0.264 -1.40425 -0.690503
0.265 -1.20639 -0.879337
0.266 -1.00585 -1.06835
0.267 -0.803393 -1.25692
0.268 -0.599805 -1.4444
0.269 -0.395875 -1.63018
0.27 -0.192395 -1.81362
0.271 0.00983838 -1.9941
0.272 0.21003 -2.17101
0.273 0.407391 -2.34375
0.274 0.601139 -2.51173
0.275 0.790501 -2.67438
0.276 0.97472 -2.83112
0.277 1.15306 -2.98144
0.278 1.32479 -3.1248
0.279 1.48922 -3.26071
0.28 1.64568 -3.3887
0.281 1.79352 -3.50833
0.282 1.93214 -3.61918
0.283 2.06095 -3.72086
0.284 2.17942 -3.81302
0.285 2.28705 -3.89535
0.286 2.38337 -3.96754
0.287 2.46797 -4.02934
0.288 2.54047 -4.08055
0.289 2.60056 -4.12098
0.29 2.64795 -4.15049
0.291 2.68242 -4.16898
0.292 2.70378 -4.17638
0.293 2.71193 -4.17266
0.294 2.70677 -4.15784
0.295 2.6883 -4.13198
0.296 2.65655 -4.09517
0.297 2.61161 -4.04753
0.298 2.55361 -3.98924
0.299 2.48276 -3.92051
0.3 2.39929 -3.84158
0.301 2.30351 -3.75273
0.302 2.19576 -3.65428
0.303 2.07645 -3.54658
0.304 1.94602 -3.43001
0.305 1.80497 -3.305
0.306 1.65383 -3.17198
0.307 1.49318 -3.03143
0.308 1.32365 -2.88384
0.309 1.1459 -2.72975
0.31 0.960629 -2.5697
0.311 0.768558 -2.40426
0.312 0.570452 -2.23402
0.313 0.367098 -2.05957
0.314 0.159309 -1.88154
0.315 -0.0520812 -1.70055
0.316 -0.266222 -1.51725
0.317 -0.482246 -1.33227
0.318 -0.699276 -1.14627
0.319 -0.916427 -0.959901
0.32 -1.13281 -0.773809
0.321 -1.34753 -0.588643
0.322 -1.55971 -0.405048
0.323 -1.76846 -0.223656
0.324 -1.97291 -0.0450924
0.325 -2.17221 0.130032
0.326 -2.36551 0.301121
0.327 -2.552 0.467595
0.328 -2.73088 0.628895
0.329 -2.90138 0.784483
0.33 -3.06278 0.933847
0.331 -3.21435 1.0765
0.332 -3.35545 1.21197
0.333 -3.48543 1.33985
0.334 -3.60371 1.45971
0.335 -3.70977 1.57121
0.336 -3.80309 1.674
0.337 -3.88323 1.76779
0.338 -3.94981 1.85231
0.339 -4.00249 1.92734
0.34 -4.04097 1.9927
0.341 -4.06503 2.04823
0.342 -4.07449 2.09384
0.343 -4.06924 2.12944
0.344 -4.04923 2.15502
0.345 -4.01446 2.17058
0.346 -3.96498 2.17617
0.347 -3.90093 2.1719
0.348 -3.82248 2.15788
0.349 -3.72986 2.13428
0.35 -3.62339 2.10133
0.351 -3.5034 2.05925
0.352 -3.37031 2.00832
0.353 -3.22457 1.94887
0.354 -3.06671 1.88125
0.355 -2.89729 1.80582
0.356 -2.71692 1.72301
0.357 -2.52626 1.63324
0.358 -2.326 1.537
0.359 -2.11691 1.43477
0.36 -1.89974 1.32706
0.361 -1.67533 1.2144
0.362 -1.44451 1.09736
0.363 -1.20815 0.976506
0.364 -0.967171 0.852412
0.365 -0.722477 0.725679
0.366 -0.475009 0.596909
0.367 -0.225719 0.466714
0.368 0.0244323 0.335707
0.369 0.274478 0.204505
0.37 0.523449 0.0737223
0.371 0.770378 -0.0560306
0.372 1.0143 -0.184149
0.373 1.25428 -0.310037
0.374 1.48936 -0.433109
0.375 1.71862 -0.552796
0.376 1.94118 -0.668542
0.377 2.15615 -0.77981
0.378 2.3627 -0.886085
0.379 2.56 -0.986873
0.38 2.74728 -1.08171
0.381 2.92381 -1.17014
0.382 3.08888 -1.25177
0.383 3.24185 -1.3262
0.384 3.38212 -1.39309
0.385 3.50912 -1.45213
0.386 3.62237 -1.50301
0.387 3.72142 -1.54551
0.388 3.80587 -1.57941
0.389 3.87541 -1.60454
0.39 3.92976 -1.62076
0.391 3.96872 -1.62798
0.392 3.99213 -1.62615
0.393 3.99993 -1.61525
0.394 3.9921 -1.59531
0.395 3.96867 -1.56639
0.396 3.92976 -1.52859
0.397 3.87555 -1.48207
0.398 3.80627 -1.42699
0.399 3.72223 -1.36359
0.4 3.62378 -1.29211
0.401 3.51135 -1.21285
0.402 3.38542 -1.12614
0.403 3.24652 -1.03233
0.404 3.09525 -0.931813
0.405 2.93225 -0.825015
0.406 2.75821 -0.712383
0.407 2.57387 -0.594392
0.408 2.38002 -0.471543
0.409 2.17749 -0.344356
0.41 1.96713 -0.213373
0.411 1.74985 -0.0791535
0.412 1.52658 0.0577278
0.413 1.29826 0.196684
0.414 1.06588 0.337118
0.415 0.830437 0.478425
0.416 0.592941 0.619995
0.417 0.354414 0.761215
0.418 0.115889 0.901474
0.419 -0.121604 1.04016
0.42 -0.357033 1.17667
0.421 -0.589374 1.31042
0.422 -0.817613 1.4408
0.423 -1.04075 1.56727
0.424 -1.25781 1.68924
0.425 -1.46783 1.8062
0.426 -1.66987 1.91763
0.427 -1.86305 2.02302
0.428 -2.0465 2.12191
0.429 -2.21938 2.21387
0.43 -2.38091 2.29847
0.431 -2.53036 2.37534
0.432 -2.66704 2.44412
0.433 -2.7903 2.50451
0.434 -2.89955 2.55623
0.435 -2.99428 2.59903
0.436 -3.07402 2.63271
0.437 -3.13834 2.65711
0.438 -3.18692 2.67211
0.439 -3.21947 2.67762
0.44 -3.23578 2.67361
0.441 -3.23571 2.66008
0.442 -3.21917 2.63706
0.443 -3.18616 2.60464
0.444 -3.13674 2.56296
0.445 -3.07105 2.51217
0.446 -2.98927 2.45249
0.447 -2.89168 2.38416
0.448 -2.7786 2.30747
0.449 -2.65045 2.22274
0.45 -2.50768 2.13034
0.451 -2.35082 2.03067
0.452 -2.18046 1.92415
0.453 -1.99725 1.81124
0.454 -1.80189 1.69244
0.455 -1.59514 1.56827
0.456 -1.37781 1.43928
0.457 -1.15075 1.30603
0.458 -0.914863 1.16911
0.459 -0.671086 1.02915
0.46 -0.420397 0.886751
0.461 -0.163806 0.74257
0.462 0.0976486 0.597253
0.463 0.362904 0.45146
0.464 0.630876 0.305856
0.465 0.900467 0.161109
0.466 1.17056 0.0178869
0.467 1.44005 -0.123147
0.468 1.70781 -0.261333
0.469 1.97272 -0.396023
0.47 2.23366 -0.526577
0.471 2.48956 -0.652374
0.472 2.7393 -0.772806
0.473 2.98185 -0.887288
0.474 3.21615 -0.995255
0.475 3.4412 -1.09617
0.476 3.65602 -1.18952
0.477 3.85968 -1.27482
0.478 4.05129 -1.35163
0.479 4.22998 -1.41953
0.48 4.39497 -1.47814
0.481 4.5455 -1.52711
0.482 4.68089 -1.56616
0.483 4.80049 -1.59502
0.484 4.90375 -1.61347
0.485 4.99014 -1.62133
0.486 5.05924 -1.61848
0.487 5.11067 -1.60484
0.488 5.14412 -1.58037
0.489 5.15938 -1.54507
0.49 5.15628 -1.499
0.491 5.13475 -1.44227
0.492 5.09477 -1.37503
0.493 5.03642 -1.29746
0.494 4.95983 -1.20983
0.495 4.86523 -1.1124
0.496 4.7529 -1.00552
0.497 4.62321 -0.889558
0.498 4.47659 -0.764933
0.499 4.31356 -0.632102
0.5 4.13468 -0.491562
0.501 3.9406 -0.343845
0.502 3.73202 -0.189522
0.503 3.5097 -0.0291924
0.504 3.27448 0.136511
0.505 3.02723 0.306928
0.506 2.76889 0.481373
0.507 2.50042 0.659137
0.508 2.22287 0.83949
0.509 1.93728 1.02169
0.51 1.64476 1.20497
0.511 1.34645 1.38856
0.512 1.04349 1.57167
0.513 0.737084 1.75354
0.514 0.428416 1.93336
0.515 0.118703 2.11035
0.516 -0.190835 2.28373
0.517 -0.498974 2.45272
0.518 -0.804491 2.61657
0.519 -1.10617 2.77452
0.52 -1.40281 2.92584
0.521 -1.69323 3.06983
0.522 -1.97625 3.20579
0.523 -2.25074 3.33306
0.524 -2.51559 3.45101
0.525 -2.76974 3.55905
0.526 -3.01213 3.65659
0.527 -3.2418 3.74313
0.528 -3.4578 3.81816
0.529 -3.65925 3.88125
0.53 -3.8453 3.93198
0.531 -4.0152 3.97001
0.532 -4.16824 3.99501
0.533 -4.30378 4.00674
0.534 -4.42123 4.00497
0.535 -4.52012 3.98955
0.536 -4.6 3.96037
0.537 -4.66053 3.91738
0.538 -4.70143 3.86058
0.539 -4.72252 3.79002
0.54 -4.72367 3.70581
0.541 -4.70486 3.60811
0.542 -4.66612 3.49714
0.543 -4.60759 3.37317
0.544 -4.52948 3.23652
0.545 -4.43207 3.08755
0.546 -4.31573 2.92671
0.547 -4.18091 2.75445
0.548 -4.02813 2.57129
0.549 -3.85799 2.37781
0.55 -3.67115 2.17461
0.551 -3.46835 1.96235
0.552 -3.2504 1.7417
0.553 -3.01816 1.5134
0.554 -2.77257 1.2782
0.555 -2.51461 1.03691
0.556 -2.24532 0.790331
0.557 -1.96578 0.539315
0.558 -1.67714 0.284727
0.559 -1.38056 0.0274535
0.56 -1.07725 -0.231606
0.561 -0.768458 -0.491538
0.562 -0.45544 -0.751421
0.563 -0.139485 -1.01033
0.564 0.178106 -1.26734
0.565 0.496018 -1.52152
0.566 0.812935 -1.77196
0.567 1.12754 -2.01775
0.568 1.43852 -2.25798
0.569 1.74457 -2.49178
0.57 2.04442 -2.7183
0.571 2.33678 -2.93668
0.572 2.62044 -3.14614
0.573 2.89417 -3.34588
0.574 3.15682 -3.53516
0.575 3.40725 -3.71327
0.576 3.64438 -3.87954
0.577 3.86718 -4.03335
0.578 4.07468 -4.17411
0.579 4.26595 -4.30128
0.58 4.44014 -4.41438
0.581 4.59646 -4.51296
0.582 4.73418 -4.59666
0.583 4.85268 -4.66513
0.584 4.95137 -4.71811
0.585 5.02976 -4.75539
0.586 5.08743 -4.7768
0.587 5.12407 -4.78226
0.588 5.13941 -4.77172
0.589 5.1333 -4.74521
0.59 5.10567 -4.70282
0.591 5.05652 -4.64468
0.592 4.98595 -4.57101
0.593 4.89414 -4.48207
0.594 4.78136 -4.37817
0.595 4.64796 -4.25971
0.596 4.49439 -4.12711
0.597 4.32116 -3.98087
0.598 4.12887 -3.82152
0.599 3.9182 -3.64967
0.6 3.6899 -3.46596
0.601 3.4448 -3.27106
0.602 3.18379 -3.06573
0.603 2.90784 -2.85072
0.604 2.61796 -2.62686
0.605 2.31524 -2.39499
0.606 2.00083 -2.15598
0.607 1.67589 -1.91075
0.608 1.34167 -1.66023
0.609 0.999435 -1.40537
0.61 0.650493 -1.14715
0.611 0.29618 -0.886546
0.612 -0.0621403 -0.624564
0.613 -0.423088 -0.362205
0.614 -0.785268 -0.100477
0.615 -1.14728 0.159617
0.616 -1.50771 0.417074
0.617 -1.86516 0.670902
0.618 -2.21823 0.920124
0.619 -2.56555 1.16377
0.62 -2.90575 1.40091
0.621 -3.2375 1.63062
0.622 -3.55949 1.85201
0.623 -3.87045 2.06421
0.624 -4.16916 2.2664
0.625 -4.45442 2.4578
0.626 -4.72512 2.63766
0.627 -4.98017 2.80526
0.628 -5.21856 2.95997
0.629 -5.43933 3.10116
0.63 -5.6416 3.22828
0.631 -5.82456 3.34082
0.632 -5.98746 3.43835
0.633 -6.12966 3.52047
0.634 -6.25057 3.58684
0.635 -6.34969 3.63721
0.636 -6.42662 3.67135
0.637 -6.48103 3.68913
0.638 -6.51269 3.69046
0.639 -6.52145 3.67532
0.64 -6.50726 3.64375
0.641 -6.47015 3.59587
0.642 -6.41025 3.53184
0.643 -6.32778 3.45189
0.644 -6.22305 3.35632
0.645 -6.09645 3.24548
0.646 -5.94847 3.11979
0.647 -5.77966 2.97972
0.648 -5.59069 2.8258
0.649 -5.38229 2.6586
0.65 -5.15526 2.47877
0.651 -4.91049 2.28698
0.652 -4.64893 2.08396
0.653 -4.37161 1.87048
0.654 -4.07961 1.64737
0.655 -3.77409 1.41546
0.656 -3.45623 1.17564
0.657 -3.12728 0.928837
0.658 -2.78856 0.675983
0.659 -2.44138 0.418047
0.66 -2.08711 0.156018
0.661 -1.72716 -0.109104
0.662 -1.36295 -0.376302
0.663 -0.995918 -0.644554
0.664 -0.627511 -0.912833
0.665 -0.25919 -1.18011
0.666 0.107587 -1.44537
0.667 0.471368 -1.70758
0.668 0.830712 -1.96575
0.669 1.18419 -2.21889
0.67 1.53041 -2.46603
0.671 1.868 -2.70623
0.672 2.19561 -2.93856
0.673 2.51195 -3.16214
0.674 2.81576 -3.37612
0.675 3.10583 -3.57968
0.676 3.38103 -3.77204
0.677 3.64026 -3.95248
0.678 3.88248 -4.12031
0.679 4.10675 -4.27489
0.68 4.31218 -4.41563
0.681 4.49795 -4.54202
0.682 4.66334 -4.65356
0.683 4.80769 -4.74986
0.684 4.93044 -4.83054
0.685 5.03111 -4.89531
0.686 5.10931 -4.94395
0.687 5.16474 -4.97627
0.688 5.1972 -4.99216
0.689 5.20657 -4.99159
0.69 5.19283 -4.97457
0.691 5.15605 -4.94119
0.692 5.09641 -4.89159
0.693 5.01415 -4.82597
0.694 4.90963 -4.74462
0.695 4.7833 -4.64786
0.696 4.63567 -4.53609
0.697 4.46737 -4.40974
0.698 4.2791 -4.26933
0.699 4.07164 -4.11542
0.7 3.84584 -3.94861
0.701 3.60265 -3.76957
0.702 3.34307 -3.57899
0.703 3.06818 -3.37764
0.704 2.7791 -3.16629
0.705 2.47705 -2.94577
0.706 2.16325 -2.71696
0.707 1.83902 -2.48073
0.708 1.50568 -2.23801
0.709 1.16463 -1.98974
0.71 0.817264 -1.73687
0.711 0.465025 -1.48039
0.712 0.10937 -1.22129
0.713 -0.248228 -0.960556
0.714 -0.606286 -0.699194
0.715 -0.96332 -0.438202
0.716 -1.31785 -0.178575
0.717 -1.6684 0.0786995
0.718 -2.01351 0.332647
0.719 -2.35174 0.582309
0.72 -2.68169 0.826747
0.721 -3.00198 1.06505
0.722 -3.31126 1.29632
0.723 -3.60824 1.51971
0.724 -3.89167 1.73439
0.725 -4.16036 1.93959
0.726 -4.41318 2.13455
0.727 -4.64904 2.31858
0.728 -4.86696 2.49102
0.729 -5.06599 2.65127
0.73 -5.24528 2.79877
0.731 -5.40406 2.93303
0.732 -5.54162 3.05359
0.733 -5.65737 3.16008
0.734 -5.75078 3.25217
0.735 -5.82143 3.32957
0.736 -5.86896 3.3921
0.737 -5.89315 3.4396
0.738 -5.89383 3.47198
0.739 -5.87095 3.48923
0.74 -5.82456 3.49139
0.741 -5.75479 3.47856
0.742 -5.66187 3.4509
0.743 -5.54612 3.40864
0.744 -5.40797 3.35207
0.745 -5.24792 3.28154
0.746 -5.06657 3.19743
0.747 -4.8646 3.10021
0.748 -4.64279 2.99039
0.749 -4.40198 2.86853
0.75 -4.1431 2.73524
0.751 -3.86716 2.59117
0.752 -3.57523 2.43704
0.753 -3.26843 2.27357
0.754 -2.94799 2.10154
0.755 -2.61514 1.92177
0.756 -2.27119 1.7351
0.757 -1.91751 1.5424
0.758 -1.55547 1.34457
0.759 -1.18651 1.14251
0.76 -0.81209 0.937156
0.761 -0.433684 0.729452
0.762 -0.0527921 0.520346
0.763 0.329077 0.310792
0.764 0.710409 0.101745
0.765 1.08969 -0.105845
0.766 1.46542 -0.311034
0.767 1.8361 -0.512892
0.768 2.20025 -0.710502
0.769 2.55644 -0.902967
0.77 2.90324 -1.08941
0.771 3.23928 -1.269
0.772 3.56322 -1.4409
0.773 3.87377 -1.60434
0.774 4.16969 -1.75856
0.775 4.44982 -1.90288
0.776 4.71303 -2.03661
0.777 4.95827 -2.15914
0.778 5.18459 -2.26991
0.779 5.39108 -2.3684
0.78 5.57692 -2.45414
0.781 5.74138 -2.52672
0.782 5.88381 -2.58579
0.783 6.00366 -2.63105
0.784 6.10046 -2.66226
0.785 6.17383 -2.67926
0.786 6.22349 -2.68192
0.787 6.24926 -2.67019
0.788 6.25107 -2.64408
0.789 6.22891 -2.60366
0.79 6.18289 -2.54906
0.791 6.11323 -2.48048
0.792 6.02023 -2.39817
0.793 5.90427 -2.30244
0.794 5.76586 -2.19367
0.795 5.60558 -2.07228
0.796 5.42409 -1.93874
0.797 5.22216 -1.79361
0.798 5.00063 -1.63746
0.799 4.76042 -1.47092
0.8 4.50252 -1.29468
0.801 4.22802 -1.10946
0.802 3.93804 -0.916011
0.803 3.6338 -0.715142
0.804 3.31655 -0.507682
0.805 2.98761 -0.294492
0.806 2.64835 -0.0764588
0.807 2.30016 0.145507
0.808 1.9445 0.370476
0.809 1.58284 0.597505
0.81 1.21668 0.825638
0.811 0.847533 1.05391
0.812 0.476941 1.28137
0.813 0.10644 1.50704
0.814 -0.26243 1.72996
0.815 -0.628135 1.94919
0.816 -0.989153 2.16379
0.817 -1.34398 2.37283
0.818 -1.69114 2.57543
0.819 -2.02918 2.77071
0.82 -2.35668 2.95781
0.821 -2.67229 3.13594
0.822 -2.97467 3.3043
0.823 -3.26256 3.46216
0.824 -3.53475 3.60883
0.825 -3.79008 3.74365
0.826 -4.02749 3.86601
0.827 -4.24596 3.97537
0.828 -4.44457 4.07121
0.829 -4.62246 4.1531
0.83 -4.77888 4.22064
0.831 -4.91315 4.2735
0.832 -5.02467 4.31141
0.833 -5.11296 4.33416
0.834 -5.17762 4.34161
0.835 -5.21835 4.33367
0.836 -5.23494 4.31032
0.837 -5.22729 4.2716
0.838 -5.19539 4.21762
0.839 -5.13935 4.14855
0.84 -5.05934 4.06463
0.841 -4.95566 3.96615
0.842 -4.82871 3.85347
0.843 -4.67897 3.72701
0.844 -4.50702 3.58723
0.845 -4.31353 3.43468
0.846 -4.09926 3.26994
0.847 -3.86507 3.09364
0.848 -3.61188 2.90648
0.849 -3.3407 2.70918
0.85 -3.05263 2.50253
0.851 -2.7488 2.28734
0.852 -2.43046 2.06447
0.853 -2.09888 1.83481
0.854 -1.7554 1.59929
0.855 -1.40142 1.35884
0.856 -1.03837 1.11443
0.857 -0.667733 0.867066
0.858 -0.291011 0.617741
0.859 0.0902547 0.367472
0.86 0.474506 0.117281
0.861 0.860168 -0.131808
0.862 1.24566 -0.378772
0.863 1.6294 -0.622595
0.864 2.0098 -0.86227
0.865 2.38529 -1.0968
0.866 2.75433 -1.32522
0.867 3.11538 -1.54658
0.868 3.46695 -1.75994
0.869 3.80756 -1.96441
0.87 4.13581 -2.15914
0.871 4.45031 -2.34329
0.872 4.74974 -2.51609
0.873 5.03285 -2.67679
0.874 5.29842 -2.82471
0.875 5.54534 -2.9592
0.876 5.77255 -3.07968
0.877 5.97906 -3.18561
0.878 6.16398 -3.27652
0.879 6.3265 -3.352
0.88 6.4659 -3.41169
0.881 6.58154 -3.45532
0.882 6.67289 -3.48264
0.883 6.73952 -3.49351
0.884 6.78108 -3.48784
0.885 6.79733 -3.46559
0.886 6.78814 -3.42683
0.887 6.75347 -3.37166
0.888 6.69338 -3.30025
0.889 6.60805 -3.21286
0.89 6.49775 -3.1098
0.891 6.36285 -2.99144
0.892 6.20381 -2.85823
0.893 6.02121 -2.71067
0.894 5.81571 -2.54932
0.895 5.58807 -2.37481
0.896 5.33913 -2.18781
0.897 5.06984 -1.98905
0.898 4.78119 -1.77932
0.899 4.4743 -1.55943
0.9 4.15033 -1.33027
0.901 3.81052 -1.09275
0.902 3.45617 -0.847812
0.903 3.08865 -0.596445
0.904 2.70938 -0.33966
0.905 2.31983 -0.0784973
0.906 1.92151 0.185983
0.907 1.51597 0.452704
0.908 1.10479 0.720575
0.909 0.689561 0.988496
0.91 0.271917 1.25536
0.911 -0.146512 1.52007
0.912 -0.564088 1.78153
0.913 -0.979176 2.03864
0.914 -1.39015 2.29032
0.915 -1.79539 2.53552
0.916 -2.1933 2.77321
0.917 -2.58234 3.00236
0.918 -2.96095 3.222
0.919 -3.32766 3.43118
0.92 -3.68102 3.62899
0.921 -4.01963 3.81457
0.922 -4.34217 3.98709
0.923 -4.64736 4.14579
0.924 -4.934 4.28993
0.925 -5.20096 4.41886
0.926 -5.44719 4.53197
0.927 -5.67172 4.6287
0.928 -5.87367 4.70857
0.929 -6.05223 4.77117
0.93 -6.20672 4.81614
0.931 -6.33653 4.84318
0.932 -6.44114 4.8521
0.933 -6.52016 4.84273
0.934 -6.57328 4.815
0.935 -6.6003 4.76892
0.936 -6.60113 4.70454
0.937 -6.57576 4.62201
0.938 -6.52433 4.52154
0.939 -6.44703 4.40341
0.94 -6.3442 4.26798
0.941 -6.21627 4.11566
0.942 -6.06375 3.94694
0.943 -5.88727 3.76237
0.944 -5.68755 3.56257
0.945 -5.46541 3.34821
0.946 -5.22174 3.12003
0.947 -4.95755 2.87882
0.948 -4.67391 2.62542
0.949 -4.37196 2.36072
0.95 -4.05294 2.08566
0.951 -3.71815 1.80122
0.952 -3.36894 1.50843
0.953 -3.00673 1.20832
0.954 -2.63299 0.901996
0.955 -2.24925 0.590558
0.956 -1.85706 0.275141
0.957 -1.45802 -0.0431049
0.958 -1.05376 -0.363015
0.959 -0.645909 -0.683417
0.96 -0.23614 -1.00313
0.961 0.173881 -1.32099
0.962 0.582482 -1.63581
0.963 0.987998 -1.94644
0.964 1.38877 -2.25173
0.965 1.78317 -2.55055
0.966 2.16957 -2.84179
0.967 2.5464 -3.12437
0.968 2.91212 -3.39725
0.969 3.26522 -3.65942
0.97 3.60425 -3.9099
0.971 3.92782 -4.14777
0.972 4.2346 -4.37214
0.973 4.52331 -4.58219
0.974 4.79277 -4.77713
0.975 5.04185 -4.95626
0.976 5.26952 -5.11891
0.977 5.47482 -5.26448
0.978 5.6569 -5.39244
0.979 5.81498 -5.50233
0.98 5.94838 -5.59375
0.981 6.05654 -5.66637
0.982 6.13898 -5.71994
0.983 6.19532 -5.75429
0.984 6.2253 -5.76929
0.985 6.22876 -5.76493
0.986 6.20564 -5.74123
0.987 6.15599 -5.69832
0.988 6.07997 -5.63637
0.989 5.97785 -5.55566
0.99 5.84999 -5.45651
0.991 5.69686 -5.33933
0.992 5.51905 -5.20459
0.993 5.31721 -5.05283
0.994 5.09213 -4.88465
0.995 4.84466 -4.70072
0.996 4.57576 -4.50177
0.997 4.28646 -4.28859
0.998 3.9779 -4.06201
0.999 3.65126 -3.82292
1 3.30783 -3.57227
