0.001 3.40328e-008 2.54924e-009
0.002 3.09996e-007 2.04742e-008
0.003 1.46194e-006 8.49691e-008
0.004 4.84411e-006 2.49374e-007
0.005 1.28218e-005 5.91629e-007
0.006 2.90523e-005 1.2184e-006
0.007 5.8753e-005 2.27128e-006
0.008 0.000108955 3.9356e-006
0.009 0.000188738 6.45203e-006
0.01 0.000309448 1.01315e-005
0.011 0.000484891 1.53739e-005
0.012 0.000731503 2.26899e-005
0.013 0.0010685 3.2728e-005
0.014 0.00151798 4.63048e-005
0.015 0.00210504 6.44402e-005
0.016 0.00285781 8.83966e-005
0.017 0.00380748 0.000119723
0.018 0.00498834 0.000160304
0.019 0.00643767 0.00021241
0.02 0.00819574 0.000278758
0.021 0.0103057 0.000362569
0.022 0.0128133 0.000467632
0.023 0.0157671 0.000598375
0.024 0.0192177 0.000759933
0.025 0.0232181 0.00095822
0.026 0.0278229 0.00120001
0.027 0.0330886 0.001493
0.028 0.0390727 0.0018459
0.029 0.0458336 0.00226851
0.03 0.0534303 0.00277179
0.031 0.0619221 0.00336794
0.032 0.0713677 0.00407046
0.033 0.0818254 0.00489423
0.034 0.093352 0.00585561
0.035 0.106003 0.00697242
0.036 0.119832 0.00826408
0.037 0.134889 0.00975163
0.038 0.151223 0.0114577
0.039 0.168877 0.0134068
0.04 0.187892 0.0156249
0.041 0.208302 0.01814
0.042 0.23014 0.0209815
0.043 0.25343 0.0241809
0.044 0.278192 0.0277712
0.045 0.304439 0.0317871
0.046 0.332178 0.0362651
0.047 0.361408 0.0412433
0.048 0.392121 0.0467611
0.049 0.424302 0.0528595
0.05 0.457927 0.059581
0.051 0.492964 0.0669691
0.052 0.529374 0.0750685
0.053 0.567107 0.0839249
0.054 0.606105 0.0935848
0.055 0.646302 0.104095
0.056 0.687624 0.115504
0.057 0.729985 0.127858
0.058 0.773293 0.141207
0.059 0.817446 0.155596
0.06 0.862334 0.171074
0.061 0.907838 0.187687
0.062 0.953833 0.20548
0.063 1.00018 0.224498
0.064 1.04675 0.244783
0.065 1.09338 0.266376
0.066 1.13992 0.289315
0.067 1.18621 0.313636
0.068 1.23209 0.339373
0.069 1.27738 0.366557
0.07 1.32191 0.395213
0.071 1.36549 0.425364
0.072 1.40796 0.45703
0.073 1.44911 0.490225
0.074 1.48878 0.524959
0.075 1.52678 0.561236
0.076 1.56292 0.599056
0.077 1.59701 0.638413
0.078 1.62889 0.679294
0.079 1.65836 0.721681
0.08 1.68527 0.76555
0.081 1.70943 0.810868
0.082 1.73069 0.857599
0.083 1.74889 0.905696
0.084 1.76389 0.955107
0.085 1.77555 1.00577
0.086 1.78373 1.05763
0.087 1.78832 1.11059
0.088 1.7892 1.16459
0.089 1.78629 1.21953
0.09 1.7795 1.2753
0.091 1.76876 1.33182
0.092 1.75401 1.38896
0.093 1.73521 1.44661
0.094 1.71234 1.50464
0.095 1.68538 1.56291
0.096 1.65434 1.62128
0.097 1.61925 1.6796
0.098 1.58013 1.73773
0.099 1.53706 1.7955
0.1 1.49009 1.85275
0.101 1.43932 1.9093
0.102 1.38487 1.96497
0.103 1.32684 2.0196
0.104 1.2654 2.073
0.105 1.20068 2.12497
0.106 1.13288 2.17534
0.107 1.06217 2.22391
0.108 0.988778 2.27048
0.109 0.912913 2.31486
0.11 0.834815 2.35687
0.111 0.754734 2.3963
0.112 0.672934 2.43296
0.113 0.58969 2.46668
0.114 0.50529 2.49725
0.115 0.420029 2.52449
0.116 0.334215 2.54824
0.117 0.248161 2.56831
0.118 0.162187 2.58453
0.119 0.0766207 2.59675
0.12 -0.00820761 2.60482
0.121 -0.0919642 2.60858
0.122 -0.174314 2.60791
0.123 -0.254921 2.60267
0.124 -0.333451 2.59276
0.125 -0.409573 2.57807
0.126 -0.482958 2.5585
0.127 -0.553285 2.53398
0.128 -0.620239 2.50443
0.129 -0.683513 2.46982
0.13 -0.74281 2.4301
0.131 -0.797844 2.38525
0.132 -0.848345 2.33526
0.133 -0.894052 2.28014
0.134 -0.934723 2.21991
0.135 -0.970131 2.15462
0.136 -1.00007 2.08433
0.137 -1.02435 2.0091
0.138 -1.04279 1.92904
0.139 -1.05526 1.84424
0.14 -1.06163 1.75484
0.141 -1.0618 1.66099
0.142 -1.05568 1.56284
0.143 -1.04323 1.46057
0.144 -1.02441 1.35437
0.145 -0.999222 1.24447
0.146 -0.967694 1.13108
0.147 -0.929874 1.01444
0.148 -0.885839 0.894827
0.149 -0.835694 0.7725
0.15 -0.779569 0.647749
0.151 -0.717622 0.520873
0.152 -0.650037 0.392185
0.153 -0.577026 0.262009
0.154 -0.498823 0.130678
0.155 -0.415691 -0.00146289
0.156 -0.327914 -0.134061
0.157 -0.235802 -0.266756
0.158 -0.139686 -0.399181
0.159 -0.0399198 -0.530963
0.16 0.0631235 -0.661726
0.161 0.169051 -0.79109
0.162 0.277452 -0.918675
0.163 0.3879 -1.0441
0.164 0.499952 -1.16698
0.165 0.613154 -1.28694
0.166 0.727039 -1.4036
0.167 0.841131 -1.5166
0.168 0.954945 -1.62558
0.169 1.06799 -1.73016
0.17 1.17977 -1.83002
0.171 1.2898 -1.92481
0.172 1.39756 -2.0142
0.173 1.50258 -2.0979
0.174 1.60435 -2.17559
0.175 1.70239 -2.247
0.176 1.79622 -2.31187
0.177 1.88538 -2.36994
0.178 1.96942 -2.421
0.179 2.04788 -2.46483
0.18 2.12035 -2.50124
0.181 2.18642 -2.53009
0.182 2.24569 -2.55121
0.183 2.29782 -2.5645
0.184 2.34244 -2.56987
0.185 2.37926 -2.56725
0.186 2.40797 -2.55659
0.187 2.42832 -2.53789
0.188 2.44007 -2.51115
0.189 2.44303 -2.47642
0.19 2.43702 -2.43377
0.191 2.42191 -2.38328
0.192 2.39759 -2.32507
0.193 2.36401 -2.25931
0.194 2.32113 -2.18616
0.195 2.26895 -2.10582
0.196 2.20753 -2.01853
0.197 2.13693 -1.92454
0.198 2.05727 -1.82413
0.199 1.96871 -1.71761
0.2 1.87144 -1.6053
0.201 1.76567 -1.48756
0.202 1.65168 -1.36476
0.203 1.52976 -1.23729
0.204 1.40024 -1.10558
0.205 1.26349 -0.97005
0.206 1.1199 -0.831156
0.207 0.969907 -0.689362
0.208 0.81396 -0.545149
0.209 0.652548 -0.39901
0.21 0.486184 -0.251448
0.211 0.315406 -0.102977
0.212 0.140773 0.0458807
0.213 -0.037133 0.194599
0.214 -0.217712 0.342648
0.215 -0.400348 0.489492
0.216 -0.58441 0.634599
0.217 -0.769255 0.777437
0.218 -0.954231 0.917476
0.219 -1.13868 1.05419
0.22 -1.32194 1.18707
0.221 -1.50334 1.31561
0.222 -1.68221 1.4393
0.223 -1.85791 1.55768
0.224 -2.02977 1.67026
0.225 -2.19714 1.7766
0.226 -2.35939 1.87626
0.227 -2.51591 1.96883
0.228 -2.66608 2.05393
0.229 -2.80932 2.13117
0.23 -2.94506 2.20023
0.231 -3.07277 2.26077
0.232 -3.19194 2.31251
0.233 -3.30207 2.3552
0.234 -3.40271 2.38859
0.235 -3.49345 2.4125
0.236 -3.57389 2.42674
0.237 -3.64369 2.43119
0.238 -3.70252 2.42574
0.239 -3.75013 2.41033
0.24 -3.78628 2.38492
0.241 -3.81078 2.34951
0.242 -3.82348 2.30415
0.243 -3.82429 2.2489
0.244 -3.81314 2.18387
0.245 -3.79003 2.10921
0.246 -3.75499 2.02508
0.247 -3.7081 1.93171
0.248 -3.64948 1.82934
0.249 -3.57932 1.71825
0.25 -3.49783 1.59875
0.251 -3.40528 1.47118
0.252 -3.30197 1.33591
0.253 -3.18825 1.19336
0.254 -3.06451 1.04394
0.255 -2.9312 0.888121
0.256 -2.78879 0.726379
0.257 -2.63778 0.559222
0.258 -2.47872 0.387176
0.259 -2.31221 0.21079
0.26 -2.13884 0.0306287
0.261 -1.95927 -0.152726
0.262 -1.77416 -0.338678
0.263 -1.58422 -0.52662
0.264 -1.39016 -0.715933
0.265 -1.19271 -0.905992
0.266 -0.992644 -1.09617
0.267 -0.790715 -1.28582
0.268 -0.587707 -1.47432
0.269 -0.384409 -1.66103
0.27 -0.181611 -1.84533
0.271 0.0198916 -2.02658
0.272 0.219307 -2.20417
0.273 0.415849 -2.3775
0.274 0.608736 -2.54597
0.275 0.7972 -2.709
0.276 0.980487 -2.86604
0.277 1.15786 -3.01655
0.278 1.3286 -3.16
0.279 1.49201 -3.29589
0.28 1.64744 -3.42376
0.281 1.79422 -3.54316
0.282 1.93177 -3.65368
0.283 2.05951 -3.75492
0.284 2.1769 -3.84654
0.285 2.28344 -3.92821
0.286 2.37868 -3.99965
0.287 2.4622 -4.0606
0.288 2.53364 -4.11086
0.289 2.59268 -4.15024
0.29 2.63904 -4.17861
0.291 2.6725 -4.19586
0.292 2.69288 -4.20193
0.293 2.70008 -4.19681
0.294 2.69401 -4.18051
0.295 2.67466 -4.15309
0.296 2.64208 -4.11464
0.297 2.59635 -4.0653
0.298 2.53761 -4.00525
0.299 2.46607 -3.9347
0.3 2.38197 -3.8539
0.301 2.28561 -3.76314
0.302 2.17736 -3.66274
0.303 2.0576 -3.55306
0.304 1.92679 -3.43448
0.305 1.78542 -3.30743
0.306 1.63403 -3.17236
0.307 1.47321 -3.02975
0.308 1.30358 -2.88011
0.309 1.1258 -2.72397
0.31 0.940573 -2.56188
0.311 0.748622 -2.39441
0.312 0.55071 -2.22216
0.313 0.347626 -2.04575
0.314 0.140181 -1.86578
0.315 -0.0707923 -1.6829
0.316 -0.284443 -1.49775
0.317 -0.499905 -1.31098
0.318 -0.716303 -1.12325
0.319 -0.932754 -0.93521
0.32 -1.14837 -0.747519
0.321 -1.36226 -0.56083
0.322 -1.57355 -0.375789
0.323 -1.78134 -0.193036
0.324 -1.98479 -0.0131981
0.325 -2.18303 0.163109
0.326 -2.37522 0.335286
0.327 -2.56056 0.502751
0.328 -2.73825 0.664941
0.329 -2.90752 0.821318
0.33 -3.06765 0.971364
0.331 -3.21793 1.11459
0.332 -3.35771 1.25054
0.333 -3.48635 1.37877
0.334 -3.60329 1.49889
0.335 -3.70798 1.61052
0.336 -3.79993 1.71335
0.337 -3.87871 1.80706
0.338 -3.94393 1.8914
0.339 -3.99525 1.96614
0.34 -4.03239 2.0311
0.341 -4.05513 2.08614
0.342 -4.0633 2.13115
0.343 -4.05679 2.16606
0.344 -4.03554 2.19085
0.345 -3.99958 2.20553
0.346 -3.94895 2.21017
0.347 -3.88379 2.20484
0.348 -3.80428 2.1897
0.349 -3.71067 2.16491
0.35 -3.60325 2.13068
0.351 -3.48238 2.08727
0.352 -3.34847 2.03496
0.353 -3.20199 1.97407
0.354 -3.04346 1.90495
0.355 -2.87343 1.82799
0.356 -2.69254 1.74361
0.357 -2.50143 1.65224
0.358 -2.3008 1.55438
0.359 -2.09142 1.4505
0.36 -1.87404 1.34113
0.361 -1.6495 1.22682
0.362 -1.41864 1.10811
0.363 -1.18232 0.985596
0.364 -0.941462 0.859855
0.365 -0.69697 0.731491
0.366 -0.449784 0.601114
0.367 -0.200855 0.469339
0.368 0.0488577 0.336786
0.369 0.29839 0.204076
0.37 0.546774 0.0718284
0.371 0.793046 -0.0593407
0.372 1.03625 -0.188822
0.373 1.27543 -0.316017
0.374 1.50966 -0.440335
0.375 1.73802 -0.561202
0.376 1.95961 -0.67806
0.377 2.17358 -0.790369
0.378 2.37907 -0.897611
0.379 2.57527 -0.999289
0.38 2.76142 -1.09493
0.381 2.93679 -1.1841
0.382 3.10068 -1.26637
0.383 3.25244 -1.34137
0.384 3.39148 -1.40875
0.385 3.51726 -1.46817
0.386 3.62927 -1.51937
0.387 3.72708 -1.56209
0.388 3.81031 -1.59614
0.389 3.87863 -1.62132
0.39 3.93178 -1.63752
0.391 3.96956 -1.64464
0.392 3.99183 -1.64263
0.393 3.99852 -1.63147
0.394 3.9896 -1.6112
0.395 3.96514 -1.58188
0.396 3.92525 -1.54361
0.397 3.87011 -1.49655
0.398 3.79995 -1.44088
0.399 3.71509 -1.37682
0.4 3.61589 -1.30463
0.401 3.50278 -1.22461
0.402 3.37623 -1.13709
0.403 3.23679 -1.04244
0.404 3.08506 -0.941041
0.405 2.92167 -0.833328
0.406 2.74733 -0.719753
0.407 2.56277 -0.600797
0.408 2.36879 -0.476963
0.409 2.1662 -0.348778
0.41 1.95588 -0.216789
0.411 1.73872 -0.081559
0.412 1.51564 0.0563325
0.413 1.28761 0.196294
0.414 1.0556 0.337724
0.415 0.820606 0.480012
0.416 0.583639 0.622546
0.417 0.345721 0.764707
0.418 0.107878 0.905881
0.419 -0.12886 1.04545
0.42 -0.363465 1.18282
0.421 -0.594917 1.31738
0.422 -0.822206 1.44854
0.423 -1.04434 1.57573
0.424 -1.26033 1.6984
0.425 -1.46924 1.816
0.426 -1.67014 1.92802
0.427 -1.86213 2.03395
0.428 -2.04435 2.13333
0.429 -2.21598 2.22571
0.43 -2.37625 2.31069
0.431 -2.52442 2.38788
0.432 -2.6598 2.45693
0.433 -2.78176 2.51753
0.434 -2.88973 2.5694
0.435 -2.98318 2.6123
0.436 -3.06165 2.64603
0.437 -3.12473 2.67042
0.438 -3.1721 2.68536
0.439 -3.20347 2.69077
0.44 -3.21865 2.6866
0.441 -3.21748 2.67286
0.442 -3.19991 2.64959
0.443 -3.16592 2.61689
0.444 -3.11559 2.57487
0.445 -3.04905 2.52372
0.446 -2.9665 2.46365
0.447 -2.86822 2.39489
0.448 -2.75454 2.31775
0.449 -2.62586 2.23256
0.45 -2.48267 2.13967
0.451 -2.32547 2.03949
0.452 -2.15488 1.93245
0.453 -1.97153 1.81902
0.454 -1.77614 1.6997
0.455 -1.56946 1.575
0.456 -1.3523 1.44549
0.457 -1.12552 1.31173
0.458 -0.890022 1.17431
0.459 -0.646739 1.03386
0.46 -0.396651 0.890993
0.461 -0.140767 0.746365
0.462 0.119878 0.600627
0.463 0.384221 0.454441
0.464 0.651182 0.308475
0.465 0.919663 0.1634
0.466 1.18856 0.0198844
0.467 1.45675 -0.121404
0.468 1.72313 -0.259806
0.469 1.98658 -0.394669
0.47 2.24599 -0.525354
0.471 2.50027 -0.651238
0.472 2.74834 -0.771712
0.473 2.98915 -0.886189
0.474 3.22166 -0.994106
0.475 3.44488 -1.09492
0.476 3.65783 -1.18813
0.477 3.85958 -1.27325
0.478 4.04925 -1.34983
0.479 4.22599 -1.41746
0.48 4.38901 -1.47575
0.481 4.53757 -1.52438
0.482 4.67099 -1.56304
0.483 4.78865 -1.59147
0.484 4.88997 -1.60946
0.485 4.97446 -1.61684
0.486 5.04169 -1.61348
0.487 5.09129 -1.59931
0.488 5.12298 -1.57428
0.489 5.13652 -1.53841
0.49 5.13178 -1.49177
0.491 5.10867 -1.43445
0.492 5.0672 -1.36662
0.493 5.00744 -1.28847
0.494 4.92955 -1.20026
0.495 4.83373 -1.10226
0.496 4.7203 -0.99483
0.497 4.58961 -0.878336
0.498 4.44212 -0.753203
0.499 4.27833 -0.619895
0.5 4.09881 -0.478912
0.501 3.90423 -0.330792
0.502 3.69527 -0.176108
0.503 3.47272 -0.0154671
0.504 3.23739 0.150496
0.505 2.99017 0.321115
0.506 2.732 0.495702
0.507 2.46384 0.673543
0.508 2.18673 0.853906
0.509 1.90173 1.03604
0.51 1.60993 1.21918
0.511 1.31247 1.40256
0.512 1.01051 1.58538
0.513 0.705213 1.76687
0.514 0.397787 1.94623
0.515 0.0894378 2.12268
0.516 -0.21862 2.29543
0.517 -0.525166 2.46371
0.518 -0.828985 2.62675
0.519 -1.12887 2.78381
0.52 -1.42362 2.93415
0.521 -1.71205 3.07707
0.522 -1.99302 3.21188
0.523 -2.26538 3.33791
0.524 -2.52805 3.45455
0.525 -2.77994 3.56119
0.526 -3.02005 3.65727
0.527 -3.2474 3.74226
0.528 -3.46104 3.81568
0.529 -3.66011 3.87709
0.53 -3.84379 3.92609
0.531 -4.01132 3.96232
0.532 -4.16199 3.98548
0.533 -4.29518 3.99531
0.534 -4.41033 3.99161
0.535 -4.50694 3.97423
0.536 -4.5846 3.94306
0.537 -4.64297 3.89805
0.538 -4.68179 3.83922
0.539 -4.70087 3.76663
0.54 -4.7001 3.68039
0.541 -4.67946 3.58066
0.542 -4.63901 3.46768
0.543 -4.57887 3.34171
0.544 -4.49928 3.20309
0.545 -4.40052 3.05221
0.546 -4.28296 2.88948
0.547 -4.14707 2.71539
0.548 -3.99336 2.53047
0.549 -3.82245 2.33529
0.55 -3.63499 2.13046
0.551 -3.43174 1.91665
0.552 -3.2135 1.69454
0.553 -2.98114 1.46488
0.554 -2.7356 1.22843
0.555 -2.47786 0.985978
0.556 -2.20897 0.738361
0.557 -1.93 0.486425
0.558 -1.6421 0.231042
0.559 -1.34643 -0.0268985
0.56 -1.04421 -0.28649
0.561 -0.736663 -0.546818
0.562 -0.425058 -0.806956
0.563 -0.110676 -1.06598
0.564 0.205186 -1.32295
0.565 0.521221 -1.57695
0.566 0.836116 -1.82705
0.567 1.14856 -2.07234
0.568 1.45725 -2.31194
0.569 1.76089 -2.54495
0.57 2.05821 -2.77052
0.571 2.34794 -2.98782
0.572 2.62887 -3.19603
0.573 2.89978 -3.39439
0.574 3.15954 -3.58214
0.575 3.40701 -3.75858
0.576 3.64113 -3.92305
0.577 3.86087 -4.07492
0.578 4.06527 -4.21361
0.579 4.25343 -4.3386
0.58 4.4245 -4.4494
0.581 4.57769 -4.54558
0.582 4.71232 -4.62677
0.583 4.82773 -4.69264
0.584 4.92338 -4.74293
0.585 4.99877 -4.77744
0.586 5.05352 -4.79602
0.587 5.0873 -4.79858
0.588 5.09987 -4.78509
0.589 5.09109 -4.75559
0.59 5.06089 -4.71018
0.591 5.00929 -4.64899
0.592 4.9364 -4.57227
0.593 4.8424 -4.48026
0.594 4.72759 -4.37332
0.595 4.59232 -4.25182
0.596 4.43703 -4.11621
0.597 4.26225 -3.967
0.598 4.06859 -3.80474
0.599 3.85674 -3.63003
0.6 3.62745 -3.44352
0.601 3.38155 -3.24592
0.602 3.11995 -3.03796
0.603 2.84361 -2.82043
0.604 2.55354 -2.59415
0.605 2.25085 -2.35997
0.606 1.93667 -2.11878
0.607 1.61218 -1.8715
0.608 1.27861 -1.61907
0.609 0.937234 -1.36245
0.61 0.589359 -1.10262
0.611 0.236319 -0.840569
0.612 -0.12053 -0.577302
0.613 -0.479811 -0.313828
0.614 -0.840133 -0.0511578
0.615 -1.2001 0.209698
0.616 -1.55831 0.467737
0.617 -1.91337 0.721963
0.618 -2.26389 0.971396
0.619 -2.6085 1.21507
0.62 -2.94585 1.45205
0.621 -3.27461 1.6814
0.622 -3.59348 1.90225
0.623 -3.90122 2.11373
0.624 -4.1966 2.31502
0.625 -4.47845 2.50533
0.626 -4.74565 2.68392
0.627 -4.99714 2.85009
0.628 -5.23191 3.00318
0.629 -5.44903 3.1426
0.63 -5.64762 3.26779
0.631 -5.82689 3.37826
0.632 -5.98611 3.47356
0.633 -6.12463 3.55332
0.634 -6.24189 3.61721
0.635 -6.33741 3.66496
0.636 -6.41079 3.69639
0.637 -6.46172 3.71135
0.638 -6.48998 3.70976
0.639 -6.49543 3.69163
0.64 -6.47804 3.657
0.641 -6.43785 3.60599
0.642 -6.37501 3.53878
0.643 -6.28973 3.45562
0.644 -6.18234 3.35681
0.645 -6.05324 3.24272
0.646 -5.90293 3.11378
0.647 -5.73198 2.97046
0.648 -5.54105 2.8133
0.649 -5.33088 2.64291
0.65 -5.10228 2.45992
0.651 -4.85615 2.26503
0.652 -4.59345 2.05898
0.653 -4.3152 1.84255
0.654 -4.02249 1.61656
0.655 -3.71647 1.38187
0.656 -3.39835 1.13939
0.657 -3.06936 0.890032
0.658 -2.73081 0.634753
0.659 -2.38404 0.374528
0.66 -2.0304 0.110351
0.661 -1.67129 -0.156766
0.662 -1.30814 -0.425802
0.663 -0.942368 -0.695727
0.664 -0.575431 -0.965507
0.665 -0.208777 -1.23411
0.666 0.156143 -1.50051
0.667 0.517884 -1.76368
0.668 0.875012 -2.02262
0.669 1.22611 -2.27634
0.67 1.5698 -2.52387
0.671 1.9047 -2.76425
0.672 2.2295 -2.99657
0.673 2.5429 -3.21995
0.674 2.84367 -3.43352
0.675 3.13061 -3.63649
0.676 3.40258 -3.82806
0.677 3.65851 -4.00752
0.678 3.89738 -4.17418
0.679 4.11825 -4.32741
0.68 4.32026 -4.46663
0.681 4.50259 -4.59131
0.682 4.66454 -4.701
0.683 4.80546 -4.79526
0.684 4.92482 -4.87377
0.685 5.02213 -4.93622
0.686 5.09704 -4.98239
0.687 5.14924 -5.01212
0.688 5.17856 -5.0253
0.689 5.18489 -5.02191
0.69 5.16821 -5.00197
0.691 5.12863 -4.96557
0.692 5.06631 -4.91287
0.693 4.98152 -4.84409
0.694 4.87463 -4.75951
0.695 4.74608 -4.65948
0.696 4.59643 -4.54439
0.697 4.42628 -4.41471
0.698 4.23636 -4.27095
0.699 4.02745 -4.11367
0.7 3.80041 -3.94352
0.701 3.55619 -3.76114
0.702 3.2958 -3.56726
0.703 3.02031 -3.36264
0.704 2.73087 -3.14808
0.705 2.42867 -2.92441
0.706 2.11496 -2.69251
0.707 1.79104 -2.45328
0.708 1.45825 -2.20765
0.709 1.11796 -1.95656
0.71 0.771579 -1.70099
0.711 0.420547 -1.44191
0.712 0.0663125 -1.18034
0.713 -0.289656 -0.917264
0.714 -0.645882 -0.653696
0.715 -1.00089 -0.390639
0.716 -1.3532 -0.129094
0.717 -1.70135 0.129946
0.718 -2.0439 0.385503
0.719 -2.37941 0.636615
0.72 -2.70649 0.882341
0.721 -3.02376 1.12176
0.722 -3.32991 1.35399
0.723 -3.62365 1.57817
0.724 -3.90373 1.79348
0.725 -4.169 1.99913
0.726 -4.41831 2.19438
0.727 -4.65061 2.37853
0.728 -4.86492 2.55093
0.729 -5.06032 2.71098
0.73 -5.23597 2.85812
0.731 -5.3911 2.99187
0.732 -5.52505 3.11177
0.733 -5.6372 3.21746
0.734 -5.72706 3.3086
0.735 -5.79421 3.38494
0.736 -5.83834 3.44626
0.737 -5.8592 3.49244
0.738 -5.85666 3.5234
0.739 -5.83068 3.53911
0.74 -5.78131 3.53964
0.741 -5.70871 3.52509
0.742 -5.61311 3.49563
0.743 -5.49485 3.45151
0.744 -5.35436 3.393
0.745 -5.19215 3.32048
0.746 -5.00884 3.23433
0.747 -4.80512 3.13505
0.748 -4.58176 3.02313
0.749 -4.33962 2.89915
0.75 -4.07964 2.76374
0.751 -3.80282 2.61755
0.752 -3.51024 2.4613
0.753 -3.20303 2.29573
0.754 -2.88241 2.12163
0.755 -2.54962 1.93982
0.756 -2.20597 1.75115
0.757 -1.85281 1.55649
0.758 -1.49154 1.35676
0.759 -1.12358 1.15287
0.76 -0.750383 0.945747
0.761 -0.373422 0.73635
0.762 0.00580796 0.525632
0.763 0.385806 0.314551
0.764 0.765066 0.104067
0.765 1.14208 -0.104867
0.766 1.51536 -0.311302
0.767 1.88342 -0.514306
0.768 2.24479 -0.712959
0.769 2.59804 -0.906362
0.77 2.94177 -1.09364
0.771 3.27461 -1.27395
0.772 3.59523 -1.44647
0.773 3.90237 -1.61041
0.774 4.1948 -1.76505
0.775 4.47135 -1.90965
0.776 4.73094 -2.04358
0.777 4.97254 -2.16621
0.778 5.19517 -2.27697
0.779 5.39797 -2.37536
0.78 5.58013 -2.4609
0.781 5.74093 -2.5332
0.782 5.87975 -2.5919
0.783 5.99603 -2.63672
0.784 6.08933 -2.66742
0.785 6.15929 -2.68383
0.786 6.20565 -2.68584
0.787 6.22823 -2.67341
0.788 6.22697 -2.64655
0.789 6.20188 -2.60534
0.79 6.1531 -2.54991
0.791 6.08083 -2.48047
0.792 5.9854 -2.39728
0.793 5.86721 -2.30066
0.794 5.72676 -2.19098
0.795 5.56465 -2.06868
0.796 5.38155 -1.93425
0.797 5.17823 -1.78823
0.798 4.95553 -1.63122
0.799 4.71439 -1.46384
0.8 4.45581 -1.2868
0.801 4.18086 -1.10081
0.802 3.89069 -0.906645
0.803 3.58649 -0.705108
0.804 3.26954 -0.497037
0.805 2.94114 -0.283297
0.806 2.60266 -0.0647809
0.807 2.2555 0.157596
0.808 1.90111 0.382902
0.809 1.54094 0.610188
0.81 1.17651 0.838497
0.811 0.809306 1.06686
0.812 0.440871 1.29432
0.813 0.0727285 1.51991
0.814 -0.29359 1.74266
0.815 -0.656561 1.96162
0.816 -1.01467 2.17587
0.817 -1.36644 2.38447
0.818 -1.71039 2.58653
0.819 -2.04509 2.78118
0.82 -2.36914 2.96758
0.821 -2.68119 3.14491
0.822 -2.97992 3.31241
0.823 -3.2641 3.46932
0.824 -3.53252 3.61496
0.825 -3.78404 3.74869
0.826 -4.01762 3.86989
0.827 -4.23226 3.97803
0.828 -4.42705 4.0726
0.829 -4.60116 4.15316
0.83 -4.75383 4.21934
0.831 -4.88442 4.2708
0.832 -4.99235 4.30728
0.833 -5.07715 4.32858
0.834 -5.13842 4.33456
0.835 -5.1759 4.32514
0.836 -5.18938 4.30032
0.837 -5.17879 4.26013
0.838 -5.14412 4.2047
0.839 -5.08549 4.1342
0.84 -5.0031 4.04888
0.841 -4.89726 3.94903
0.842 -4.76836 3.83504
0.843 -4.61692 3.70731
0.844 -4.4435 3.56633
0.845 -4.24881 3.41264
0.846 -4.03359 3.24684
0.847 -3.79872 3.06956
0.848 -3.54513 2.8815
0.849 -3.27382 2.6834
0.85 -2.98589 2.47605
0.851 -2.68251 2.26026
0.852 -2.36488 2.0369
0.853 -2.0343 1.80686
0.854 -1.69211 1.57108
0.855 -1.33969 1.33048
0.856 -0.978475 1.08606
0.857 -0.609941 0.838806
0.858 -0.23559 0.589716
0.859 0.143048 0.33981
0.86 0.524423 0.0901115
0.861 0.90697 -0.158356
0.862 1.28912 -0.404571
0.863 1.66929 -0.647518
0.864 2.04593 -0.886191
0.865 2.41747 -1.1196
0.866 2.78237 -1.34678
0.867 3.13913 -1.56677
0.868 3.48625 -1.77866
0.869 3.82229 -1.98155
0.87 4.14585 -2.1746
0.871 4.45557 -2.35697
0.872 4.75015 -2.5279
0.873 5.02834 -2.68665
0.874 5.28895 -2.83255
0.875 5.5309 -2.96495
0.876 5.75312 -3.08327
0.877 5.95467 -3.187
0.878 6.13467 -3.27567
0.879 6.29233 -3.34887
0.88 6.42693 -3.40627
0.881 6.53788 -3.44758
0.882 6.62466 -3.47259
0.883 6.68683 -3.48115
0.884 6.7241 -3.47319
0.885 6.73622 -3.44869
0.886 6.72308 -3.40771
0.887 6.68467 -3.35036
0.888 6.62105 -3.27684
0.889 6.53243 -3.18741
0.89 6.41908 -3.08238
0.891 6.28138 -2.96215
0.892 6.11982 -2.82717
0.893 5.93498 -2.67795
0.894 5.72753 -2.51506
0.895 5.49824 -2.33913
0.896 5.24796 -2.15085
0.897 4.97763 -1.95096
0.898 4.68828 -1.74024
0.899 4.381 -1.51953
0.9 4.05696 -1.28971
0.901 3.71742 -1.0517
0.902 3.36366 -0.80645
0.903 2.99706 -0.554951
0.904 2.61903 -0.298219
0.905 2.23104 -0.0372982
0.906 1.8346 0.22675
0.907 1.43124 0.492845
0.908 1.02254 0.759897
0.909 0.610085 1.0268
0.91 0.195497 1.29246
0.911 -0.219606 1.55577
0.912 -0.633598 1.81564
0.913 -1.04486 2.07096
0.914 -1.45177 2.32068
0.915 -1.85273 2.56374
0.916 -2.24618 2.7991
0.917 -2.63056 3.02576
0.918 -3.00435 3.24274
0.919 -3.3661 3.44911
0.92 -3.71437 3.64396
0.921 -4.04779 3.82644
0.922 -4.36505 3.99573
0.923 -4.6649 4.15107
0.924 -4.94615 4.29174
0.925 -5.2077 4.4171
0.926 -5.44852 4.52655
0.927 -5.66766 4.61955
0.928 -5.86426 4.69562
0.929 -6.03754 4.75436
0.93 -6.18683 4.79544
0.931 -6.31154 4.81856
0.932 -6.41118 4.82354
0.933 -6.48538 4.81023
0.934 -6.53384 4.77859
0.935 -6.55639 4.72861
0.936 -6.55294 4.66038
0.937 -6.52353 4.57405
0.938 -6.46828 4.46985
0.939 -6.38743 4.34808
0.94 -6.28131 4.20909
0.941 -6.15036 4.05332
0.942 -5.99513 3.88128
0.943 -5.81624 3.69353
0.944 -5.61443 3.49068
0.945 -5.39052 3.27344
0.946 -5.14543 3.04255
0.947 -4.88014 2.79881
0.948 -4.59575 2.54306
0.949 -4.29341 2.27622
0.95 -3.97435 1.99923
0.951 -3.63986 1.71308
0.952 -3.2913 1.41879
0.953 -2.9301 1.11743
0.954 -2.55773 0.810079
0.955 -2.17569 0.497862
0.956 -1.78554 0.181913
0.957 -1.38887 -0.136613
0.958 -0.987293 -0.456551
0.959 -0.582447 -0.776726
0.96 -0.175979 -1.09596
0.961 0.230452 -1.41308
0.962 0.63519 -1.72691
0.963 1.03658 -2.03629
0.964 1.43299 -2.34008
0.965 1.82279 -2.63715
0.966 2.20439 -2.9264
0.967 2.57623 -3.20676
0.968 2.93678 -3.47718
0.969 3.28457 -3.73667
0.97 3.61815 -3.98426
0.971 3.93617 -4.21902
0.972 4.2373 -4.4401
0.973 4.52031 -4.64666
0.974 4.78402 -4.83794
0.975 5.02734 -5.01323
0.976 5.24924 -5.1719
0.977 5.44881 -5.31334
0.978 5.6252 -5.43705
0.979 5.77766 -5.54258
0.98 5.90555 -5.62953
0.981 6.00831 -5.6976
0.982 6.08548 -5.74655
0.983 6.13672 -5.77622
0.984 6.16178 -5.78651
0.985 6.16052 -5.7774
0.986 6.1329 -5.74895
0.987 6.07899 -5.70129
0.988 5.99897 -5.63462
0.989 5.89312 -5.54921
0.99 5.76182 -5.44543
0.991 5.60555 -5.32368
0.992 5.42491 -5.18445
0.993 5.22058 -5.0283
0.994 4.99334 -4.85584
0.995 4.74407 -4.66776
0.996 4.47371 -4.4648
0.997 4.18333 -4.24775
0.998 3.87405 -4.01747
0.999 3.54707 -3.77485
1 3.20367 -3.52086
