0.001 3.42565e-008 2.5687e-009
0.002 3.11782e-007 2.06309e-008
0.003 1.46927e-006 8.56216e-008
0.004 4.86536e-006 2.51297e-007
0.005 1.28714e-005 5.96207e-007
0.006 2.9152e-005 1.22785e-006
0.007 5.89336e-005 2.28896e-006
0.008 0.000109257 3.96627e-006
0.009 0.000189214 6.50228e-006
0.01 0.000310163 1.02103e-005
0.011 0.000485922 1.54929e-005
0.012 0.00073294 2.28645e-005
0.013 0.00107044 3.29778e-005
0.014 0.00152055 4.66549e-005
0.015 0.00210837 6.49218e-005
0.016 0.00286203 8.90486e-005
0.017 0.00381276 0.000120594
0.018 0.00499483 0.000161451
0.019 0.00644555 0.000213905
0.02 0.00820519 0.000280687
0.021 0.0103169 0.000365033
0.022 0.0128265 0.000470752
0.023 0.0157823 0.000602294
0.024 0.0192353 0.000764818
0.025 0.0232381 0.000964265
0.026 0.0278457 0.00120744
0.027 0.0331142 0.00150207
0.028 0.0391012 0.00185692
0.029 0.0458652 0.00228181
0.03 0.0534652 0.00278775
0.031 0.0619602 0.00338699
0.032 0.0714092 0.00409308
0.033 0.0818702 0.00492098
0.034 0.0934002 0.00588707
0.035 0.106055 0.00700928
0.036 0.119887 0.00830707
0.037 0.134947 0.00980156
0.038 0.151284 0.0115155
0.039 0.16894 0.0134734
0.04 0.187957 0.0157014
0.041 0.20837 0.0182274
0.042 0.23021 0.0210812
0.043 0.253501 0.0242942
0.044 0.278264 0.0278995
0.045 0.304511 0.031932
0.046 0.332249 0.0364282
0.047 0.361478 0.0414262
0.048 0.39219 0.0469657
0.049 0.424368 0.0530879
0.05 0.45799 0.0598351
0.051 0.493023 0.067251
0.052 0.529428 0.0753805
0.053 0.567155 0.0842694
0.054 0.606147 0.0939641
0.055 0.646337 0.104512
0.056 0.68765 0.11596
0.057 0.730002 0.128358
0.058 0.7733 0.141751
0.059 0.817442 0.156189
0.06 0.862318 0.171718
0.061 0.90781 0.188385
0.062 0.953792 0.206235
0.063 1.00013 0.225312
0.064 1.04668 0.24566
0.065 1.09329 0.267318
0.066 1.13982 0.290325
0.067 1.1861 0.314718
0.068 1.23196 0.340529
0.069 1.27723 0.367789
0.07 1.32174 0.396525
0.071 1.36531 0.426758
0.072 1.40776 0.458509
0.073 1.44891 0.49179
0.074 1.48856 0.526613
0.075 1.52654 0.56298
0.076 1.56267 0.600893
0.077 1.59675 0.640343
0.078 1.62862 0.681319
0.079 1.65809 0.723802
0.08 1.68499 0.767766
0.081 1.70915 0.813182
0.082 1.73041 0.860009
0.083 1.74862 0.908202
0.084 1.76362 0.957709
0.085 1.77529 1.00847
0.086 1.78348 1.06042
0.087 1.78809 1.11347
0.088 1.78899 1.16756
0.089 1.78611 1.22258
0.09 1.77935 1.27844
0.091 1.76864 1.33504
0.092 1.75393 1.39225
0.093 1.73517 1.44997
0.094 1.71235 1.50806
0.095 1.68545 1.56639
0.096 1.65447 1.62481
0.097 1.61944 1.68318
0.098 1.5804 1.74135
0.099 1.5374 1.79914
0.1 1.49052 1.85641
0.101 1.43984 1.91297
0.102 1.38548 1.96866
0.103 1.32756 2.02328
0.104 1.26622 2.07666
0.105 1.20162 2.12861
0.106 1.13393 2.17893
0.107 1.06335 2.22745
0.108 0.990081 2.27396
0.109 0.914349 2.31827
0.11 0.836389 2.36019
0.111 0.756449 2.39952
0.112 0.674795 2.43608
0.113 0.591701 2.46966
0.114 0.507452 2.5001
0.115 0.422347 2.52719
0.116 0.336689 2.55078
0.117 0.250793 2.57067
0.118 0.164979 2.5867
0.119 0.0795721 2.59872
0.12 -0.00509671 2.60657
0.121 -0.0886947 2.61011
0.122 -0.170887 2.60919
0.123 -0.25134 2.6037
0.124 -0.329718 2.59352
0.125 -0.405692 2.57855
0.126 -0.478934 2.5587
0.127 -0.549123 2.53388
0.128 -0.615944 2.50403
0.129 -0.679093 2.4691
0.13 -0.738273 2.42905
0.131 -0.793199 2.38387
0.132 -0.8436 2.33354
0.133 -0.889218 2.27807
0.134 -0.929811 2.2175
0.135 -0.965153 2.15185
0.136 -0.995036 2.0812
0.137 -1.01927 2.00561
0.138 -1.03769 1.92519
0.139 -1.05015 1.84003
0.14 -1.05653 1.75027
0.141 -1.05671 1.65606
0.142 -1.05063 1.55756
0.143 -1.03823 1.45494
0.144 -1.01948 1.3484
0.145 -0.994389 1.23816
0.146 -0.962971 1.12444
0.147 -0.925279 1.00749
0.148 -0.881392 0.887571
0.149 -0.831413 0.764951
0.15 -0.775475 0.63992
0.151 -0.713734 0.512779
0.152 -0.646376 0.383841
0.153 -0.573611 0.253432
0.154 -0.495675 0.121888
0.155 -0.412828 -0.0104479
0.156 -0.325355 -0.14322
0.157 -0.233567 -0.276068
0.158 -0.137793 -0.408624
0.159 -0.0383864 -0.540513
0.16 0.0642799 -0.67136
0.161 0.169814 -0.800783
0.162 0.277805 -0.9284
0.163 0.387829 -1.05383
0.164 0.499443 -1.17669
0.165 0.612193 -1.29661
0.166 0.725615 -1.4132
0.167 0.839233 -1.52609
0.168 0.952564 -1.63493
0.169 1.06512 -1.73936
0.17 1.1764 -1.83903
0.171 1.28592 -1.93361
0.172 1.39318 -2.02276
0.173 1.49768 -2.10618
0.174 1.59894 -2.18358
0.175 1.69647 -2.25467
0.176 1.7898 -2.31919
0.177 1.87846 -2.37689
0.178 1.962 -2.42754
0.179 2.03997 -2.47095
0.18 2.11196 -2.50692
0.181 2.17756 -2.5353
0.182 2.23638 -2.55594
0.183 2.28806 -2.56873
0.184 2.33226 -2.57357
0.185 2.36867 -2.57041
0.186 2.397 -2.5592
0.187 2.41699 -2.53994
0.188 2.4284 -2.51263
0.189 2.43104 -2.47731
0.19 2.42474 -2.43407
0.191 2.40937 -2.38298
0.192 2.38482 -2.32418
0.193 2.35104 -2.25781
0.194 2.30799 -2.18406
0.195 2.25568 -2.10313
0.196 2.19415 -2.01525
0.197 2.12349 -1.92067
0.198 2.0438 -1.81969
0.199 1.95525 -1.7126
0.2 1.85802 -1.59974
0.201 1.75233 -1.48147
0.202 1.63846 -1.35815
0.203 1.5167 -1.23019
0.204 1.38738 -1.098
0.205 1.25086 -0.962024
0.206 1.10755 -0.822706
0.207 0.957864 -0.680515
0.208 0.802265 -0.535935
0.209 0.64124 -0.38946
0.21 0.475298 -0.241595
0.211 0.304977 -0.092856
0.212 0.130836 0.0562349
0.213 -0.0465442 0.205149
0.214 -0.226566 0.353355
0.215 -0.408615 0.500318
0.216 -0.59206 0.645502
0.217 -0.776262 0.788376
0.218 -0.96057 0.92841
0.219 -1.14433 1.06508
0.22 -1.32687 1.19787
0.221 -1.50754 1.32627
0.222 -1.68567 1.44979
0.223 -1.8606 1.56794
0.224 -2.03168 1.68026
0.225 -2.19827 1.78629
0.226 -2.35973 1.88561
0.227 -2.51544 1.97779
0.228 -2.66482 2.06246
0.229 -2.80726 2.13923
0.23 -2.94221 2.20778
0.231 -3.06913 2.26778
0.232 -3.18752 2.31894
0.233 -3.29688 2.36101
0.234 -3.39678 2.39376
0.235 -3.48678 2.41698
0.236 -3.56651 2.43052
0.237 -3.63562 2.43424
0.238 -3.6938 2.42803
0.239 -3.74078 2.41184
0.24 -3.77632 2.38563
0.241 -3.80025 2.34941
0.242 -3.81242 2.30321
0.243 -3.81273 2.24712
0.244 -3.80113 2.18124
0.245 -3.7776 2.10572
0.246 -3.74219 2.02074
0.247 -3.69498 1.92651
0.248 -3.63609 1.82328
0.249 -3.5657 1.71133
0.25 -3.48403 1.59099
0.251 -3.39135 1.46258
0.252 -3.28796 1.3265
0.253 -3.17422 1.18315
0.254 -3.05052 1.03295
0.255 -2.91729 0.876373
0.256 -2.77501 0.713901
0.257 -2.62419 0.546042
0.258 -2.46538 0.373327
0.259 -2.29916 0.196305
0.26 -2.12614 0.0155448
0.261 -1.94696 -0.16837
0.262 -1.7623 -0.35484
0.263 -1.57285 -0.543257
0.264 -1.37933 -0.732999
0.265 -1.18248 -0.92344
0.266 -0.983034 -1.11395
0.267 -0.781776 -1.30388
0.268 -0.579478 -1.49261
0.269 -0.376926 -1.6795
0.27 -0.174908 -1.86392
0.271 0.0257842 -2.04523
0.272 0.224361 -2.22284
0.273 0.420038 -2.39612
0.274 0.612039 -2.56448
0.275 0.799598 -2.72736
0.276 0.981964 -2.88418
0.277 1.1584 -3.03441
0.278 1.3282 -3.17753
0.279 1.49067 -3.31304
0.28 1.64514 -3.44047
0.281 1.79099 -3.55937
0.282 1.9276 -3.66934
0.283 2.0544 -3.76999
0.284 2.17088 -3.86096
0.285 2.27652 -3.94193
0.286 2.37088 -4.01263
0.287 2.45355 -4.0728
0.288 2.52416 -4.12222
0.289 2.5824 -4.16074
0.29 2.628 -4.1882
0.291 2.66074 -4.20451
0.292 2.68044 -4.20962
0.293 2.68699 -4.2035
0.294 2.68033 -4.18617
0.295 2.66044 -4.1577
0.296 2.62737 -4.11819
0.297 2.5812 -4.06777
0.298 2.52208 -4.00663
0.299 2.45021 -3.93498
0.3 2.36585 -3.85307
0.301 2.26929 -3.7612
0.302 2.1609 -3.65968
0.303 2.04106 -3.54889
0.304 1.91024 -3.42922
0.305 1.76892 -3.30108
0.306 1.61765 -3.16494
0.307 1.45702 -3.02128
0.308 1.28763 -2.87061
0.309 1.11017 -2.71346
0.31 0.925313 -2.55038
0.311 0.7338 -2.38197
0.312 0.536388 -2.2088
0.313 0.333863 -2.0315
0.314 0.127035 -1.85069
0.315 -0.0832647 -1.66701
0.316 -0.296187 -1.48111
0.317 -0.510871 -1.29362
0.318 -0.726441 -1.10523
0.319 -0.942018 -0.916574
0.32 -1.15672 -0.728319
0.321 -1.36965 -0.541119
0.322 -1.57994 -0.355622
0.323 -1.78672 -0.172467
0.324 -1.98911 0.00771574
0.325 -2.18627 0.184311
0.326 -2.37736 0.356719
0.327 -2.56158 0.524357
0.328 -2.73814 0.686662
0.329 -2.90627 0.843096
0.33 -3.06526 0.993142
0.331 -3.2144 1.13631
0.332 -3.35303 1.27214
0.333 -3.48055 1.4002
0.334 -3.59636 1.5201
0.335 -3.69995 1.63146
0.336 -3.79083 1.73395
0.337 -3.86856 1.82728
0.338 -3.93275 1.91119
0.339 -3.98308 1.98546
0.34 -4.01928 2.0499
0.341 -4.04111 2.10438
0.342 -4.04841 2.14878
0.343 -4.04109 2.18306
0.344 -4.01908 2.20717
0.345 -3.9824 2.22115
0.346 -3.93113 2.22504
0.347 -3.86538 2.21895
0.348 -3.78534 2.20302
0.349 -3.69127 2.17742
0.35 -3.58346 2.14237
0.351 -3.46226 2.09812
0.352 -3.3281 2.04495
0.353 -3.18143 1.98319
0.354 -3.02279 1.91321
0.355 -2.85272 1.83538
0.356 -2.67185 1.75012
0.357 -2.48085 1.65789
0.358 -2.2804 1.55917
0.359 -2.07126 1.45444
0.36 -1.8542 1.34423
0.361 -1.63005 1.22909
0.362 -1.39963 1.10958
0.363 -1.16384 0.986281
0.364 -0.923559 0.859778
0.365 -0.679709 0.730676
0.366 -0.433224 0.599587
0.367 -0.185051 0.467131
0.368 0.0638544 0.333927
0.369 0.31253 0.2006
0.37 0.560013 0.0677692
0.371 0.805342 -0.063947
0.372 1.04756 -0.193939
0.373 1.28573 -0.321604
0.374 1.51892 -0.446354
0.375 1.74622 -0.567613
0.376 1.96673 -0.684823
0.377 2.17959 -0.797442
0.378 2.38397 -0.904952
0.379 2.57906 -1.00686
0.38 2.76409 -1.10269
0.381 2.93835 -1.192
0.382 3.10113 -1.27438
0.383 3.25181 -1.34944
0.384 3.38978 -1.41683
0.385 3.51451 -1.47624
0.386 3.62551 -1.52739
0.387 3.72233 -1.57003
0.388 3.80462 -1.60394
0.389 3.87203 -1.62897
0.39 3.92432 -1.64498
0.391 3.9613 -1.65188
0.392 3.98281 -1.64962
0.393 3.98879 -1.63819
0.394 3.97924 -1.61762
0.395 3.9542 -1.58797
0.396 3.9138 -1.54936
0.397 3.85822 -1.50194
0.398 3.78769 -1.44589
0.399 3.70253 -1.38144
0.4 3.60311 -1.30885
0.401 3.48985 -1.22841
0.402 3.36323 -1.14047
0.403 3.2238 -1.04539
0.404 3.07215 -0.943561
0.405 2.90892 -0.835416
0.406 2.73481 -0.721411
0.407 2.55057 -0.602027
0.408 2.35697 -0.477771
0.409 2.15484 -0.349171
0.41 1.94505 -0.216776
0.411 1.72849 -0.0811505
0.412 1.50609 0.0571243
0.413 1.27879 0.197455
0.414 1.04757 0.339239
0.415 0.813431 0.481865
0.416 0.577371 0.624718
0.417 0.340409 0.767181
0.418 0.103569 0.908635
0.419 -0.132123 1.04847
0.42 -0.365647 1.18607
0.421 -0.595985 1.32085
0.422 -0.822132 1.45221
0.423 -1.0431 1.57957
0.424 -1.25791 1.70239
0.425 -1.46563 1.82012
0.426 -1.66533 1.93223
0.427 -1.85612 2.03825
0.428 -2.03715 2.13769
0.429 -2.2076 2.23012
0.43 -2.3667 2.31511
0.431 -2.51373 2.3923
0.432 -2.64799 2.46133
0.433 -2.76888 2.5219
0.434 -2.8758 2.57371
0.435 -2.96825 2.61654
0.436 -3.04576 2.65019
0.437 -3.10795 2.67448
0.438 -3.15448 2.68932
0.439 -3.18508 2.6946
0.44 -3.19955 2.69031
0.441 -3.19775 2.67644
0.442 -3.17962 2.65304
0.443 -3.14515 2.62019
0.444 -3.09442 2.57804
0.445 -3.02757 2.52675
0.446 -2.9448 2.46653
0.447 -2.84638 2.39764
0.448 -2.73265 2.32037
0.449 -2.60403 2.23505
0.45 -2.46097 2.14204
0.451 -2.30402 2.04176
0.452 -2.13376 1.93462
0.453 -1.95084 1.82111
0.454 -1.75597 1.70172
0.455 -1.5499 1.57697
0.456 -1.33345 1.44741
0.457 -1.10747 1.31363
0.458 -0.872853 1.17621
0.459 -0.630539 1.03576
0.46 -0.381502 0.892933
0.461 -0.126747 0.748356
0.462 0.132693 0.602687
0.463 0.395762 0.456591
0.464 0.661381 0.310733
0.465 0.92846 0.165786
0.466 1.1959 0.022417
0.467 1.46258 -0.118706
0.468 1.7274 -0.256924
0.469 1.98925 -0.391587
0.47 2.24704 -0.522055
0.471 2.49966 -0.647706
0.472 2.74606 -0.767934
0.473 2.98518 -0.882153
0.474 3.21599 -0.9898
0.475 3.43751 -1.09034
0.476 3.64876 -1.18326
0.477 3.84884 -1.26808
0.478 4.03685 -1.34436
0.479 4.21196 -1.41169
0.48 4.37339 -1.46968
0.481 4.52039 -1.51801
0.482 4.65231 -1.55638
0.483 4.76851 -1.58452
0.484 4.86843 -1.60223
0.485 4.9516 -1.60935
0.486 5.01758 -1.60573
0.487 5.06601 -1.59132
0.488 5.0966 -1.56607
0.489 5.10914 -1.53001
0.49 5.10349 -1.48319
0.491 5.07958 -1.42573
0.492 5.0374 -1.35777
0.493 4.97704 -1.27953
0.494 4.89865 -1.19126
0.495 4.80246 -1.09324
0.496 4.68876 -0.985818
0.497 4.55792 -0.869375
0.498 4.4104 -0.744333
0.499 4.2467 -0.611157
0.5 4.0674 -0.470349
0.501 3.87314 -0.322449
0.502 3.66464 -0.168031
0.503 3.44265 -0.00770166
0.504 3.20801 0.157902
0.505 2.9616 0.328115
0.506 2.70434 0.502247
0.507 2.43721 0.679585
0.508 2.16123 0.859396
0.509 1.87746 1.04093
0.51 1.587 1.22343
0.511 1.29097 1.40611
0.512 0.990522 1.58819
0.513 0.686829 1.7689
0.514 0.381081 1.94743
0.515 0.0744812 2.123
0.516 -0.231762 2.29484
0.517 -0.536437 2.46217
0.518 -0.838334 2.62422
0.519 -1.13625 2.78026
0.52 -1.429 2.92956
0.521 -1.71541 3.0714
0.522 -1.99433 3.2051
0.523 -2.26464 3.33001
0.524 -2.52524 3.4455
0.525 -2.77508 3.55098
0.526 -3.01315 3.64588
0.527 -3.23848 3.7297
0.528 -3.45014 3.80193
0.529 -3.64726 3.86215
0.53 -3.82905 3.90997
0.531 -3.99473 3.94502
0.532 -4.14363 3.96702
0.533 -4.27511 3.97571
0.534 -4.38863 3.97088
0.535 -4.48371 3.9524
0.536 -4.55993 3.92015
0.537 -4.61696 3.87411
0.538 -4.65454 3.81428
0.539 -4.67249 3.74072
0.54 -4.67072 3.65356
0.541 -4.6492 3.55297
0.542 -4.60799 3.43917
0.543 -4.54724 3.31245
0.544 -4.46716 3.17314
0.545 -4.36805 3.02162
0.546 -4.2503 2.85832
0.547 -4.11434 2.68374
0.548 -3.96072 2.49839
0.549 -3.79004 2.30286
0.55 -3.60296 2.09776
0.551 -3.40023 1.88376
0.552 -3.18266 1.66155
0.553 -2.95111 1.43186
0.554 -2.70653 1.19546
0.555 -2.44988 0.953158
0.556 -2.18222 0.705771
0.557 -1.90461 0.454153
0.558 -1.6182 0.199174
0.559 -1.32415 -0.0582745
0.56 -1.02365 -0.317289
0.561 -0.717948 -0.576953
0.562 -0.408289 -0.836343
0.563 -0.0959513 -1.09453
0.564 0.217775 -1.35059
0.565 0.531591 -1.6036
0.566 0.844192 -1.85263
0.567 1.15428 -2.09679
0.568 1.46055 -2.33516
0.569 1.76172 -2.56689
0.57 2.05653 -2.79112
0.571 2.34373 -3.00701
0.572 2.62209 -3.21375
0.573 2.89044 -3.41059
0.574 3.14763 -3.59677
0.575 3.39254 -3.7716
0.576 3.62412 -3.93442
0.577 3.84136 -4.08461
0.578 4.04329 -4.22159
0.579 4.22903 -4.34485
0.58 4.39773 -4.45389
0.581 4.54864 -4.54831
0.582 4.68105 -4.62772
0.583 4.79434 -4.69182
0.584 4.88796 -4.74035
0.585 4.96143 -4.7731
0.586 5.01437 -4.78994
0.587 5.04646 -4.79078
0.588 5.05747 -4.7756
0.589 5.04726 -4.74445
0.59 5.01577 -4.69742
0.591 4.96304 -4.63466
0.592 4.88916 -4.55642
0.593 4.79434 -4.46295
0.594 4.67885 -4.3546
0.595 4.54308 -4.23176
0.596 4.38745 -4.09489
0.597 4.21251 -3.94448
0.598 4.01886 -3.78111
0.599 3.80719 -3.60537
0.6 3.57826 -3.41791
0.601 3.33288 -3.21946
0.602 3.07198 -3.01074
0.603 2.7965 -2.79254
0.604 2.50747 -2.56569
0.605 2.20598 -2.33105
0.606 1.89315 -2.0895
0.607 1.57017 -1.84196
0.608 1.23827 -1.58938
0.609 0.89871 -1.3327
0.61 0.552786 -1.07293
0.611 0.201829 -0.81104
0.612 -0.152812 -0.548041
0.613 -0.509767 -0.284939
0.614 -0.867655 -0.0227449
0.615 -1.22509 0.237534
0.616 -1.58067 0.494895
0.617 -1.93302 0.748346
0.618 -2.28077 0.996909
0.619 -2.62254 1.23962
0.62 -2.95699 1.47555
0.621 -3.28282 1.70377
0.622 -3.59874 1.9234
0.623 -3.9035 2.13358
0.624 -4.1959 2.3335
0.625 -4.47477 2.52238
0.626 -4.739 2.69947
0.627 -4.98756 2.86409
0.628 -5.21943 3.01557
0.629 -5.4337 3.15334
0.63 -5.62951 3.27684
0.631 -5.80606 3.38558
0.632 -5.96264 3.47913
0.633 -6.09862 3.55711
0.634 -6.21344 3.6192
0.635 -6.30662 3.66516
0.636 -6.37779 3.69478
0.637 -6.42663 3.70794
0.638 -6.45294 3.70456
0.639 -6.45659 3.68466
0.64 -6.43754 3.64827
0.641 -6.39586 3.59554
0.642 -6.33167 3.52665
0.643 -6.24523 3.44184
0.644 -6.13684 3.34143
0.645 -6.00693 3.2258
0.646 -5.85597 3.09537
0.647 -5.68457 2.95062
0.648 -5.49336 2.79212
0.649 -5.2831 2.62044
0.65 -5.0546 2.43625
0.651 -4.80875 2.24024
0.652 -4.54651 2.03315
0.653 -4.2689 1.81577
0.654 -3.97701 1.58893
0.655 -3.67199 1.35349
0.656 -3.35503 1.11035
0.657 -3.02738 0.860433
0.658 -2.69032 0.604701
0.659 -2.34519 0.344127
0.66 -1.99334 0.0797073
0.661 -1.63617 -0.187547
0.662 -1.27507 -0.456613
0.663 -0.911492 -0.726461
0.664 -0.546856 -0.996059
0.665 -0.182607 -1.26437
0.666 0.179812 -1.53038
0.667 0.538968 -1.79306
0.668 0.893438 -2.0514
0.669 1.24182 -2.30442
0.67 1.58273 -2.55115
0.671 1.91482 -2.79065
0.672 2.23678 -3.022
0.673 2.54732 -3.24431
0.674 2.84522 -3.45675
0.675 3.12931 -3.65849
0.676 3.39844 -3.84876
0.677 3.65156 -4.02686
0.678 3.88768 -4.19209
0.679 4.10584 -4.34383
0.68 4.3052 -4.4815
0.681 4.48497 -4.60459
0.682 4.64444 -4.71264
0.683 4.78298 -4.80523
0.684 4.90006 -4.88203
0.685 4.99523 -4.94275
0.686 5.0681 -4.98717
0.687 5.11842 -5.01514
0.688 5.14598 -5.02655
0.689 5.15071 -5.02139
0.69 5.1326 -4.99967
0.691 5.09174 -4.96152
0.692 5.02831 -4.90707
0.693 4.94259 -4.83657
0.694 4.83495 -4.7503
0.695 4.70584 -4.6486
0.696 4.5558 -4.53189
0.697 4.38545 -4.40062
0.698 4.19552 -4.25533
0.699 3.98679 -4.09657
0.7 3.76012 -3.92499
0.701 3.51645 -3.74125
0.702 3.2568 -3.54607
0.703 2.98224 -3.34021
0.704 2.6939 -3.12449
0.705 2.39297 -2.89974
0.706 2.08071 -2.66683
0.707 1.7584 -2.42667
0.708 1.42737 -2.18018
0.709 1.089 -1.92833
0.71 0.744686 -1.67207
0.711 0.395848 -1.4124
0.712 0.0439353 -1.15032
0.713 -0.309595 -0.886816
0.714 -0.663277 -0.622909
0.715 -1.01564 -0.359599
0.716 -1.36523 -0.0978866
0.717 -1.71058 0.161237
0.718 -2.05027 0.416796
0.719 -2.38287 0.667828
0.72 -2.70699 0.913394
0.721 -3.02129 1.15258
0.722 -3.32444 1.3845
0.723 -3.61519 1.6083
0.724 -3.89229 1.82315
0.725 -4.15459 2.02829
0.726 -4.40097 2.22296
0.727 -4.6304 2.40648
0.728 -4.8419 2.57819
0.729 -5.03455 2.7375
0.73 -5.20753 2.88386
0.731 -5.3601 3.01678
0.732 -5.49157 3.13582
0.733 -5.60138 3.24061
0.734 -5.68901 3.33083
0.735 -5.75408 3.40622
0.736 -5.79626 3.46658
0.737 -5.81533 3.51178
0.738 -5.81115 3.54174
0.739 -5.78371 3.55646
0.74 -5.73305 3.55599
0.741 -5.65934 3.54045
0.742 -5.56281 3.51001
0.743 -5.44381 3.46491
0.744 -5.30277 3.40545
0.745 -5.14021 3.33199
0.746 -4.95675 3.24494
0.747 -4.75306 3.14477
0.748 -4.52994 3.032
0.749 -4.28824 2.9072
0.75 -4.02888 2.77101
0.751 -3.75289 2.62407
0.752 -3.46131 2.46712
0.753 -3.15531 2.30089
0.754 -2.83606 2.12618
0.755 -2.50482 1.94381
0.756 -2.1629 1.75462
0.757 -1.81163 1.5595
0.758 -1.4524 1.35936
0.759 -1.08662 1.1551
0.76 -0.71575 0.947665
0.761 -0.341241 0.738006
0.762 0.0354198 0.527075
0.763 0.412742 0.315832
0.764 0.789229 0.105234
0.765 1.16339 -0.103766
0.766 1.53374 -0.310223
0.767 1.8988 -0.513203
0.768 2.25714 -0.71179
0.769 2.60732 -0.905088
0.77 2.94795 -1.09222
0.771 3.27769 -1.27235
0.772 3.59521 -1.44466
0.773 3.89927 -1.60837
0.774 4.18865 -1.76274
0.775 4.4622 -1.90706
0.776 4.71883 -2.04068
0.777 4.95754 -2.16299
0.778 5.17738 -2.27342
0.779 5.37747 -2.37146
0.78 5.55702 -2.45666
0.781 5.71534 -2.52862
0.782 5.8518 -2.58697
0.783 5.96586 -2.63145
0.784 6.05708 -2.66183
0.785 6.12513 -2.67792
0.786 6.16973 -2.67964
0.787 6.19073 -2.66694
0.788 6.18806 -2.63983
0.789 6.16176 -2.5984
0.79 6.11195 -2.54278
0.791 6.03886 -2.47319
0.792 5.9428 -2.38988
0.793 5.82419 -2.29317
0.794 5.68352 -2.18345
0.795 5.5214 -2.06116
0.796 5.33849 -1.92678
0.797 5.13558 -1.78085
0.798 4.91349 -1.62398
0.799 4.67317 -1.4568
0.8 4.4156 -1.27999
0.801 4.14186 -1.0943
0.802 3.85309 -0.900474
0.803 3.55049 -0.699331
0.804 3.23531 -0.491702
0.805 2.90885 -0.278455
0.806 2.57248 -0.060481
0.807 2.22759 0.161308
0.808 1.87561 0.385979
0.809 1.51799 0.612587
0.81 1.15623 0.840176
0.811 0.791819 1.06778
0.812 0.426276 1.29445
0.813 0.0611183 1.5192
0.814 -0.302138 1.74109
0.815 -0.661983 1.95917
0.816 -1.01692 2.1725
0.817 -1.36547 2.38017
0.818 -1.70618 2.58128
0.819 -2.03763 2.77497
0.82 -2.35843 2.9604
0.821 -2.66726 3.13676
0.822 -2.9628 3.30328
0.823 -3.24383 3.45923
0.824 -3.50916 3.60391
0.825 -3.75768 3.73669
0.826 -3.98834 3.85698
0.827 -4.20016 3.96421
0.828 -4.39225 4.05791
0.829 -4.56378 4.13764
0.83 -4.71403 4.20302
0.831 -4.84233 4.25372
0.832 -4.94814 4.28949
0.833 -5.03099 4.31014
0.834 -5.0905 4.31551
0.835 -5.1264 4.30555
0.836 -5.13851 4.28023
0.837 -5.12674 4.23963
0.838 -5.09112 4.18384
0.839 -5.03175 4.11307
0.84 -4.94885 4.02754
0.841 -4.84272 3.92757
0.842 -4.71377 3.81353
0.843 -4.5625 3.68583
0.844 -4.3895 3.54496
0.845 -4.19544 3.39147
0.846 -3.98111 3.22595
0.847 -3.74735 3.04903
0.848 -3.49509 2.86143
0.849 -3.22534 2.66386
0.85 -2.9392 2.45712
0.851 -2.63781 2.24203
0.852 -2.32238 2.01945
0.853 -1.99421 1.79027
0.854 -1.65461 1.55542
0.855 -1.30496 1.31584
0.856 -0.946701 1.07249
0.857 -0.581279 0.826384
0.858 -0.210191 0.578504
0.859 0.165046 0.32987
0.86 0.542893 0.0814977
0.861 0.921801 -0.165592
0.862 1.30021 -0.410383
0.863 1.67656 -0.651865
0.864 2.0493 -0.889037
0.865 2.4169 -1.12092
0.866 2.77781 -1.34654
0.867 3.13056 -1.56495
0.868 3.47366 -1.77526
0.869 3.8057 -1.97656
0.87 4.12527 -2.16801
0.871 4.43104 -2.3488
0.872 4.72173 -2.51816
0.873 4.9961 -2.67537
0.874 5.25298 -2.81974
0.875 5.49129 -2.95065
0.876 5.71001 -3.06753
0.877 5.90817 -3.16986
0.878 6.08493 -3.25718
0.879 6.23951 -3.3291
0.88 6.37121 -3.38528
0.881 6.47943 -3.42544
0.882 6.56368 -3.44938
0.883 6.62353 -3.45696
0.884 6.65869 -3.4481
0.885 6.66893 -3.42279
0.886 6.65414 -3.3811
0.887 6.61432 -3.32315
0.888 6.54955 -3.24914
0.889 6.46001 -3.15933
0.89 6.34601 -3.05403
0.891 6.20792 -2.93365
0.892 6.04624 -2.79864
0.893 5.86153 -2.64951
0.894 5.65449 -2.48683
0.895 5.42587 -2.31124
0.896 5.17652 -2.12343
0.897 4.90738 -1.92413
0.898 4.61947 -1.71412
0.899 4.31389 -1.49425
0.9 3.9918 -1.2654
0.901 3.65443 -1.02847
0.902 3.30308 -0.784426
0.903 2.93911 -0.534249
0.904 2.56393 -0.278954
0.905 2.17899 -0.0195795
0.906 1.78577 0.242816
0.907 1.38582 0.507156
0.908 0.980695 0.772355
0.909 0.571969 1.03732
0.91 0.161242 1.30095
0.911 -0.24988 1.56215
0.912 -0.659785 1.81983
0.913 -1.06687 2.07291
0.914 -1.46953 2.32032
0.915 -1.86619 2.56101
0.916 -2.25529 2.79396
0.917 -2.6353 3.01818
0.918 -3.00472 3.23269
0.919 -3.36211 3.43657
0.92 -3.70605 3.62891
0.921 -4.03519 3.80888
0.922 -4.34823 3.97567
0.923 -4.64394 4.12852
0.924 -4.92115 4.26673
0.925 -5.17877 4.38965
0.926 -5.4158 4.4967
0.927 -5.63129 4.58735
0.928 -5.8244 4.66113
0.929 -5.99436 4.71765
0.93 -6.14053 4.75657
0.931 -6.26231 4.77762
0.932 -6.35925 4.78062
0.933 -6.43096 4.76543
0.934 -6.47717 4.732
0.935 -6.49771 4.68034
0.936 -6.49251 4.61056
0.937 -6.46161 4.52279
0.938 -6.40513 4.41729
0.939 -6.32333 4.29434
0.94 -6.21653 4.15432
0.941 -6.08519 3.99767
0.942 -5.92985 3.82488
0.943 -5.75113 3.63653
0.944 -5.54977 3.43325
0.945 -5.3266 3.21572
0.946 -5.08252 2.9847
0.947 -4.81853 2.74099
0.948 -4.5357 2.48543
0.949 -4.23519 2.21894
0.95 -3.91822 1.94246
0.951 -3.58607 1.65697
0.952 -3.2401 1.3635
0.953 -2.88171 1.06312
0.954 -2.51237 0.756895
0.955 -2.13358 0.445953
0.956 -1.74687 0.131424
0.957 -1.35383 -0.185542
0.958 -0.956052 -0.503783
0.959 -0.555157 -0.822131
0.96 -0.15278 -1.13941
0.961 0.249439 -1.45446
0.962 0.649857 -1.76611
0.963 1.04684 -2.0732
0.964 1.43877 -2.3746
0.965 1.82404 -2.6692
0.966 2.20107 -2.95589
0.967 2.56832 -3.23362
0.968 2.92429 -3.50135
0.969 3.26751 -3.75808
0.97 3.59657 -4.00287
0.971 3.91011 -4.23479
0.972 4.20685 -4.45299
0.973 4.48556 -4.65667
0.974 4.74507 -4.84505
0.975 4.98432 -5.01745
0.976 5.2023 -5.17322
0.977 5.3981 -5.31179
0.978 5.5709 -5.43266
0.979 5.71997 -5.53537
0.98 5.84466 -5.61956
0.981 5.94444 -5.68493
0.982 6.01886 -5.73124
0.983 6.06759 -5.75834
0.984 6.0904 -5.76613
0.985 6.08714 -5.75462
0.986 6.05779 -5.72387
0.987 6.00243 -5.674
0.988 5.92125 -5.60524
0.989 5.81452 -5.51786
0.99 5.68263 -5.41222
0.991 5.52608 -5.28875
0.992 5.34545 -5.14792
0.993 5.14143 -4.99032
0.994 4.9148 -4.81655
0.995 4.66642 -4.6273
0.996 4.39726 -4.42331
0.997 4.10837 -4.20539
0.998 3.80085 -3.97439
0.999 3.47592 -3.73122
1 3.13483 -3.47681
