0.001 2.93235e-008 8.96289e-010
0.002 2.72427e-007 7.26133e-009
0.003 1.30755e-006 3.05375e-008
0.004 4.39722e-006 9.13446e-008
0.005 1.17808e-005 2.22316e-007
0.006 2.69579e-005 4.72889e-007
0.007 5.49595e-005 9.16571e-007
0.008 0.000102605 1.66119e-006
0.009 0.000178741 2.86257e-006
0.01 0.000294464 4.7421e-006
0.011 0.000463319 7.60848e-006
0.012 0.000701476 1.18841e-005
0.013 0.00102788 1.81363e-005
0.014 0.00146437 2.71134e-005
0.015 0.00203579 3.97865e-005
0.016 0.00277004 5.73957e-005
0.017 0.00369811 8.15026e-005
0.018 0.00485409 0.000114047
0.019 0.00627516 0.000157412
0.02 0.00800147 0.000214485
0.021 0.0100761 0.000288737
0.022 0.012545 0.000384295
0.023 0.0154565 0.000506024
0.024 0.0188616 0.000659608
0.025 0.0228134 0.00085164
0.026 0.027367 0.00108971
0.027 0.0325791 0.00138249
0.028 0.0385077 0.00173984
0.029 0.045212 0.00217288
0.03 0.0527515 0.00269409
0.031 0.0611862 0.00331742
0.032 0.0705759 0.00405832
0.033 0.0809797 0.00493389
0.034 0.0924558 0.00596291
0.035 0.105061 0.00716594
0.036 0.118849 0.00856537
0.037 0.133873 0.0101855
0.038 0.150182 0.0120525
0.039 0.167822 0.0141947
0.04 0.186834 0.0166422
0.041 0.207257 0.0194274
0.042 0.229122 0.0225845
0.043 0.252457 0.0261498
0.044 0.277285 0.0301618
0.045 0.303619 0.0346607
0.046 0.331469 0.0396888
0.047 0.360837 0.0452901
0.048 0.391718 0.0515105
0.049 0.424097 0.0583976
0.05 0.457955 0.0660003
0.051 0.493261 0.0743691
0.052 0.529978 0.0835557
0.053 0.56806 0.0936129
0.054 0.607451 0.104594
0.055 0.648088 0.116554
0.056 0.689898 0.129547
0.057 0.732799 0.143628
0.058 0.7767 0.158852
0.059 0.821503 0.175272
0.06 0.867099 0.192944
0.061 0.913373 0.21192
0.062 0.960201 0.23225
0.063 1.00745 0.253986
0.064 1.05498 0.277174
0.065 1.10264 0.30186
0.066 1.15029 0.328087
0.067 1.19776 0.355895
0.068 1.24489 0.385319
0.069 1.29151 0.416391
0.07 1.33744 0.44914
0.071 1.38251 0.483589
0.072 1.42654 0.519757
0.073 1.46934 0.557655
0.074 1.51073 0.597292
0.075 1.55053 0.638668
0.076 1.58856 0.681777
0.077 1.62462 0.726608
0.078 1.65855 0.773141
0.079 1.69015 0.82135
0.08 1.71927 0.871198
0.081 1.74572 0.922645
0.082 1.76935 0.975638
0.083 1.79001 1.03012
0.084 1.80753 1.08602
0.085 1.82178 1.14327
0.086 1.83263 1.20177
0.087 1.83996 1.26144
0.088 1.84366 1.32216
0.089 1.84362 1.38384
0.09 1.83976 1.44634
0.091 1.83202 1.50954
0.092 1.82032 1.5733
0.093 1.80462 1.63747
0.094 1.7849 1.7019
0.095 1.76114 1.76642
0.096 1.73333 1.83086
0.097 1.70151 1.89504
0.098 1.66569 1.95878
0.099 1.62593 2.02188
0.1 1.5823 2.08414
0.101 1.53489 2.14536
0.102 1.48379 2.20534
0.103 1.42912 2.26385
0.104 1.37102 2.32069
0.105 1.30964 2.37562
0.106 1.24514 2.42842
0.107 1.17772 2.47888
0.108 1.10757 2.52677
0.109 1.0349 2.57185
0.11 0.95994 2.61391
0.111 0.882936 2.65272
0.112 0.804141 2.68807
0.113 0.723819 2.71973
0.114 0.642249 2.74749
0.115 0.559718 2.77115
0.116 0.47652 2.79051
0.117 0.392961 2.80537
0.118 0.30935 2.81555
0.119 0.226003 2.82086
0.12 0.143239 2.82116
0.121 0.0613827 2.81628
0.122 -0.0192433 2.80607
0.123 -0.0983145 2.79042
0.124 -0.175508 2.76919
0.125 -0.250503 2.7423
0.126 -0.322984 2.70966
0.127 -0.392641 2.67118
0.128 -0.459169 2.62683
0.129 -0.522273 2.57657
0.13 -0.581669 2.52037
0.131 -0.637082 2.45824
0.132 -0.688251 2.39021
0.133 -0.734927 2.31629
0.134 -0.776879 2.23657
0.135 -0.813891 2.15111
0.136 -0.845764 2.06002
0.137 -0.872319 1.96342
0.138 -0.893396 1.86145
0.139 -0.908856 1.75427
0.14 -0.918583 1.64207
0.141 -0.922481 1.52504
0.142 -0.92048 1.40342
0.143 -0.912533 1.27744
0.144 -0.898617 1.14738
0.145 -0.878736 1.0135
0.146 -0.852916 0.876125
0.147 -0.821211 0.735558
0.148 -0.783703 0.592139
0.149 -0.740495 0.44622
0.15 -0.691719 0.29817
0.151 -0.637533 0.148369
0.152 -0.578119 -0.00278659
0.153 -0.513685 -0.15489
0.154 -0.444461 -0.307522
0.155 -0.370705 -0.460255
0.156 -0.292694 -0.612653
0.157 -0.21073 -0.764272
0.158 -0.125134 -0.914662
0.159 -0.0362498 -1.06337
0.16 0.055562 -1.20994
0.161 0.149922 -1.35392
0.162 0.246435 -1.49485
0.163 0.34469 -1.63227
0.164 0.444264 -1.76575
0.165 0.544721 -1.89482
0.166 0.645615 -2.01906
0.167 0.746492 -2.13804
0.168 0.846891 -2.25134
0.169 0.946347 -2.35856
0.17 1.04439 -2.4593
0.171 1.14056 -2.5532
0.172 1.23437 -2.63988
0.173 1.32538 -2.71902
0.174 1.41311 -2.7903
0.175 1.49712 -2.85342
0.176 1.57696 -2.9081
0.177 1.65219 -2.9541
0.178 1.72241 -2.9912
0.179 1.7872 -3.01919
0.18 1.84618 -3.03792
0.181 1.89897 -3.04724
0.182 1.94524 -3.04704
0.183 1.98465 -3.03725
0.184 2.0169 -3.01783
0.185 2.04171 -2.98875
0.186 2.05884 -2.95004
0.187 2.06806 -2.90176
0.188 2.06917 -2.84398
0.189 2.06202 -2.77683
0.19 2.04648 -2.70047
0.191 2.02245 -2.61508
0.192 1.98986 -2.52089
0.193 1.94868 -2.41814
0.194 1.89892 -2.30713
0.195 1.84061 -2.18817
0.196 1.77384 -2.06162
0.197 1.69871 -1.92785
0.198 1.61536 -1.78729
0.199 1.52398 -1.64036
0.2 1.42478 -1.48753
0.201 1.31801 -1.3293
0.202 1.20395 -1.16618
0.203 1.08292 -0.998703
0.204 0.95527 -0.82744
0.205 0.821369 -0.652967
0.206 0.681628 -0.47588
0.207 0.536485 -0.296792
0.208 0.386401 -0.116328
0.209 0.231864 0.0648739
0.21 0.0733858 0.246167
0.211 -0.0885018 0.426899
0.212 -0.253246 0.606412
0.213 -0.420278 0.784044
0.214 -0.589012 0.959136
0.215 -0.758849 1.13103
0.216 -0.929181 1.29907
0.217 -1.09939 1.46262
0.218 -1.26885 1.62103
0.219 -1.43694 1.77369
0.22 -1.60303 1.91998
0.221 -1.76649 2.05931
0.222 -1.9267 2.19111
0.223 -2.08304 2.31483
0.224 -2.2349 2.42993
0.225 -2.3817 2.53592
0.226 -2.52285 2.63232
0.227 -2.65778 2.71869
0.228 -2.78596 2.79461
0.229 -2.90686 2.8597
0.23 -3.01997 2.91362
0.231 -3.12484 2.95607
0.232 -3.221 2.98677
0.233 -3.30805 3.0055
0.234 -3.38561 3.01206
0.235 -3.45332 3.00632
0.236 -3.51088 2.98816
0.237 -3.55801 2.95752
0.238 -3.59447 2.9144
0.239 -3.62007 2.85881
0.24 -3.63464 2.79084
0.241 -3.63809 2.7106
0.242 -3.63033 2.61825
0.243 -3.61135 2.514
0.244 -3.58115 2.3981
0.245 -3.5398 2.27085
0.246 -3.48741 2.13258
0.247 -3.42411 1.98368
0.248 -3.35012 1.82456
0.249 -3.26566 1.6557
0.25 -3.17102 1.47757
0.251 -3.06651 1.29073
0.252 -2.9525 1.09574
0.253 -2.82939 0.893208
0.254 -2.69762 0.683764
0.255 -2.55766 0.468076
0.256 -2.41004 0.246833
0.257 -2.2553 0.0207511
0.258 -2.09401 -0.209432
0.259 -1.92678 -0.442959
0.26 -1.75425 -0.679056
0.261 -1.57707 -0.916935
0.262 -1.39592 -1.1558
0.263 -1.2115 -1.39483
0.264 -1.02453 -1.63323
0.265 -0.835745 -1.87017
0.266 -0.645875 -2.10484
0.267 -0.455673 -2.33643
0.268 -0.265895 -2.56413
0.269 -0.0772951 -2.78714
0.27 0.10937 -3.00468
0.271 0.29335 -3.21598
0.272 0.4739 -3.42028
0.273 0.650287 -3.61687
0.274 0.821791 -3.80502
0.275 0.987707 -3.98406
0.276 1.14735 -4.15335
0.277 1.30006 -4.31225
0.278 1.4452 -4.46019
0.279 1.58215 -4.59661
0.28 1.71035 -4.72101
0.281 1.82923 -4.83292
0.282 1.9383 -4.9319
0.283 2.03708 -5.01757
0.284 2.12512 -5.0896
0.285 2.20206 -5.1477
0.286 2.26752 -5.19161
0.287 2.32122 -5.22116
0.288 2.36289 -5.2362
0.289 2.39232 -5.23664
0.29 2.40937 -5.22244
0.291 2.41391 -5.1936
0.292 2.40589 -5.15021
0.293 2.3853 -5.09236
0.294 2.35219 -5.02024
0.295 2.30665 -4.93406
0.296 2.24883 -4.83408
0.297 2.17893 -4.72064
0.298 2.0972 -4.5941
0.299 2.00394 -4.45487
0.3 1.89949 -4.30342
0.301 1.78425 -4.14025
0.302 1.65866 -3.96591
0.303 1.52322 -3.78099
0.304 1.37844 -3.58612
0.305 1.2249 -3.38196
0.306 1.06321 -3.16921
0.307 0.89402 -2.94859
0.308 0.718002 -2.72088
0.309 0.53587 -2.48684
0.31 0.348366 -2.24728
0.311 0.156255 -2.00304
0.312 -0.0396752 -1.75494
0.313 -0.238615 -1.50386
0.314 -0.439741 -1.25065
0.315 -0.642214 -0.996191
0.316 -0.845187 -0.741358
0.317 -1.04781 -0.487029
0.318 -1.24922 -0.234081
0.319 -1.44856 0.0166177
0.32 -1.64498 0.264207
0.321 -1.83765 0.50784
0.322 -2.02571 0.746686
0.323 -2.20837 0.979931
0.324 -2.38481 1.20679
0.325 -2.55426 1.42649
0.326 -2.71597 1.6383
0.327 -2.86921 1.84151
0.328 -3.01328 2.03545
0.329 -3.14753 2.21949
0.33 -3.27132 2.39302
0.331 -3.38408 2.5555
0.332 -3.48527 2.7064
0.333 -3.57439 2.84527
0.334 -3.65098 2.97167
0.335 -3.71464 3.08524
0.336 -3.76504 3.18565
0.337 -3.80186 3.27263
0.338 -3.82486 3.34596
0.339 -3.83385 3.40548
0.34 -3.8287 3.45107
0.341 -3.80933 3.48267
0.342 -3.77573 3.50027
0.343 -3.72793 3.50394
0.344 -3.66602 3.49376
0.345 -3.59017 3.4699
0.346 -3.50058 3.43256
0.347 -3.39752 3.382
0.348 -3.28131 3.31855
0.349 -3.15233 3.24255
0.35 -3.01101 3.15442
0.351 -2.85784 3.05461
0.352 -2.69334 2.94362
0.353 -2.5181 2.82201
0.354 -2.33274 2.69034
0.355 -2.13793 2.54924
0.356 -1.93439 2.39937
0.357 -1.72285 2.24141
0.358 -1.5041 2.07609
0.359 -1.27896 1.90414
0.36 -1.04826 1.72635
0.361 -0.812886 1.54349
0.362 -0.573715 1.35639
0.363 -0.331659 1.16585
0.364 -0.0876399 0.972716
0.365 0.157408 0.777827
0.366 0.402544 0.582028
0.367 0.646825 0.386164
0.368 0.889307 0.19108
0.369 1.12905 -0.00238799
0.37 1.36513 -0.193412
0.371 1.59663 -0.381177
0.372 1.82264 -0.564885
0.373 2.04228 -0.743756
0.374 2.2547 -0.917033
0.375 2.45906 -1.08398
0.376 2.65456 -1.24391
0.377 2.84045 -1.39613
0.378 3.01598 -1.54002
0.379 3.18047 -1.67498
0.38 3.33328 -1.80043
0.381 3.47381 -1.91587
0.382 3.6015 -2.02082
0.383 3.71587 -2.11483
0.384 3.81645 -2.19754
0.385 3.90287 -2.26861
0.386 3.97479 -2.32774
0.387 4.03194 -2.37471
0.388 4.0741 -2.40934
0.389 4.10112 -2.43149
0.39 4.1129 -2.44108
0.391 4.10942 -2.4381
0.392 4.09071 -2.42257
0.393 4.05687 -2.39457
0.394 4.00806 -2.35425
0.395 3.94449 -2.30179
0.396 3.86645 -2.23743
0.397 3.77428 -2.16146
0.398 3.66838 -2.07422
0.399 3.54921 -1.9761
0.4 3.41728 -1.86752
0.401 3.27315 -1.74896
0.402 3.11745 -1.62094
0.403 2.95085 -1.48402
0.404 2.77406 -1.3388
0.405 2.58782 -1.18589
0.406 2.39296 -1.02596
0.407 2.19029 -0.859705
0.408 1.98068 -0.687836
0.409 1.76504 -0.511094
0.41 1.54429 -0.330237
0.411 1.31937 -0.146041
0.412 1.09126 0.0407046
0.413 0.860936 0.229202
0.414 0.62939 0.418645
0.415 0.397623 0.608227
0.416 0.166635 0.797138
0.417 -0.0625715 0.984575
0.418 -0.289004 1.16974
0.419 -0.511677 1.35185
0.42 -0.72962 1.53014
0.421 -0.941882 1.70384
0.422 -1.14753 1.87223
0.423 -1.34567 2.03459
0.424 -1.53541 2.19024
0.425 -1.71593 2.33854
0.426 -1.88642 2.47886
0.427 -2.04611 2.61061
0.428 -2.19429 2.73326
0.429 -2.33029 2.84629
0.43 -2.4535 2.94924
0.431 -2.56333 3.04169
0.432 -2.65929 3.12328
0.433 -2.74091 3.19366
0.434 -2.80781 3.25258
0.435 -2.85965 3.2998
0.436 -2.89616 3.33515
0.437 -2.91713 3.35852
0.438 -2.92244 3.36983
0.439 -2.91199 3.36906
0.44 -2.8858 3.35627
0.441 -2.84392 3.33153
0.442 -2.78647 3.295
0.443 -2.71365 3.24688
0.444 -2.62572 3.1874
0.445 -2.52301 3.11688
0.446 -2.40591 3.03565
0.447 -2.27486 2.94412
0.448 -2.13037 2.84273
0.449 -1.97303 2.73196
0.45 -1.80345 2.61233
0.451 -1.62232 2.48443
0.452 -1.43036 2.34885
0.453 -1.22836 2.20623
0.454 -1.01715 2.05724
0.455 -0.797596 1.90258
0.456 -0.570597 1.74299
0.457 -0.337097 1.5792
0.458 -0.0980677 1.41198
0.459 0.145492 1.24212
0.46 0.392561 1.07042
0.461 0.6421 0.897683
0.462 0.893055 0.724717
0.463 1.14436 0.552337
0.464 1.39495 0.381354
0.465 1.64376 0.212576
0.466 1.8897 0.0467997
0.467 2.13174 -0.11519
0.468 2.36882 -0.272623
0.469 2.59991 -0.42475
0.47 2.824 -0.570843
0.471 3.04012 -0.710202
0.472 3.2473 -0.842155
0.473 3.44464 -0.966062
0.474 3.63124 -1.08132
0.475 3.80627 -1.18736
0.476 3.96894 -1.28366
0.477 4.11849 -1.36973
0.478 4.25423 -1.44515
0.479 4.37553 -1.50951
0.48 4.4818 -1.56249
0.481 4.57252 -1.60379
0.482 4.64723 -1.63317
0.483 4.70555 -1.65046
0.484 4.74713 -1.65553
0.485 4.77173 -1.6483
0.486 4.77915 -1.62876
0.487 4.76927 -1.59696
0.488 4.74205 -1.55299
0.489 4.69751 -1.497
0.49 4.63575 -1.42922
0.491 4.55694 -1.34989
0.492 4.4613 -1.25936
0.493 4.34915 -1.15798
0.494 4.22088 -1.04619
0.495 4.07691 -0.924455
0.496 3.91777 -0.793312
0.497 3.74403 -0.653328
0.498 3.55633 -0.505119
0.499 3.35537 -0.349341
0.5 3.14189 -0.186692
0.501 2.91671 -0.0179046
0.502 2.68069 0.156256
0.503 2.43473 0.334994
0.504 2.17979 0.517486
0.505 1.91684 0.702887
0.506 1.64691 0.890331
0.507 1.37107 1.07894
0.508 1.0904 1.26781
0.509 0.805991 1.45604
0.51 0.518982 1.64274
0.511 0.230507 1.82698
0.512 -0.0582861 2.00787
0.513 -0.346245 2.1845
0.514 -0.63222 2.356
0.515 -0.915064 2.52148
0.516 -1.19364 2.6801
0.517 -1.46683 2.83103
0.518 -1.73353 2.97346
0.519 -1.99267 3.10662
0.52 -2.24318 3.22976
0.521 -2.48407 3.34219
0.522 -2.71435 3.44323
0.523 -2.93308 3.53228
0.524 -3.13937 3.60875
0.525 -3.33238 3.67212
0.526 -3.51133 3.72192
0.527 -3.67547 3.75772
0.528 -3.82414 3.77917
0.529 -3.95672 3.78595
0.53 -4.07267 3.77781
0.531 -4.17152 3.75458
0.532 -4.25285 3.71612
0.533 -4.31632 3.66237
0.534 -4.36168 3.59335
0.535 -4.38873 3.50911
0.536 -4.39737 3.40979
0.537 -4.38755 3.29558
0.538 -4.35931 3.16674
0.539 -4.31278 3.02359
0.54 -4.24814 2.86652
0.541 -4.16565 2.69597
0.542 -4.06567 2.51245
0.543 -3.94861 2.31652
0.544 -3.81495 2.1088
0.545 -3.66525 1.88996
0.546 -3.50015 1.66072
0.547 -3.32032 1.42186
0.548 -3.12653 1.1742
0.549 -2.91958 0.918587
0.55 -2.70035 0.655929
0.551 -2.46976 0.387161
0.552 -2.22878 0.11325
0.553 -1.97844 -0.164807
0.554 -1.71978 -0.44599
0.555 -1.45391 -0.729257
0.556 -1.18196 -1.01355
0.557 -0.905086 -1.2978
0.558 -0.624464 -1.58093
0.559 -0.341295 -1.86185
0.56 -0.0567936 -2.13949
0.561 0.22782 -2.41277
0.562 0.511322 -2.68063
0.563 0.792487 -2.942
0.564 1.0701 -3.19587
0.565 1.34296 -3.44122
0.566 1.60987 -3.67706
0.567 1.86966 -3.90244
0.568 2.12121 -4.11644
0.569 2.36339 -4.31819
0.57 2.59514 -4.50684
0.571 2.81543 -4.68162
0.572 3.02325 -4.84177
0.573 3.21769 -4.98661
0.574 3.39785 -5.11551
0.575 3.5629 -5.2279
0.576 3.71208 -5.32326
0.577 3.84468 -5.40116
0.578 3.96007 -5.4612
0.579 4.05767 -5.50308
0.58 4.13699 -5.52654
0.581 4.19761 -5.53143
0.582 4.23918 -5.51763
0.583 4.26145 -5.48512
0.584 4.26421 -5.43394
0.585 4.24736 -5.36422
0.586 4.21088 -5.27613
0.587 4.15482 -5.16995
0.588 4.07931 -5.04602
0.589 3.98457 -4.90472
0.59 3.87089 -4.74655
0.591 3.73866 -4.57205
0.592 3.58832 -4.38183
0.593 3.4204 -4.17655
0.594 3.23551 -3.95697
0.595 3.03432 -3.72387
0.596 2.81757 -3.4781
0.597 2.58608 -3.22058
0.598 2.34071 -2.95225
0.599 2.0824 -2.67411
0.6 1.81214 -2.38721
0.601 1.53096 -2.09263
0.602 1.23996 -1.79149
0.603 0.940261 -1.48492
0.604 0.633044 -1.1741
0.605 0.319508 -0.860228
0.606 0.000889473 -0.544504
0.607 -0.321554 -0.22815
0.608 -0.646544 0.0876075
0.609 -0.972788 0.401538
0.61 -1.29899 0.712417
0.611 -1.62383 1.01902
0.612 -1.94603 1.32015
0.613 -2.26427 1.61462
0.614 -2.57728 1.90125
0.615 -2.8838 2.1789
0.616 -3.18257 2.44647
0.617 -3.47239 2.70289
0.618 -3.75207 2.94711
0.619 -4.02048 3.17816
0.62 -4.2765 3.39508
0.621 -4.51908 3.59699
0.622 -4.74723 3.78306
0.623 -4.96 3.95252
0.624 -5.1565 4.10464
0.625 -5.33591 4.23879
0.626 -5.49747 4.35439
0.627 -5.64049 4.45093
0.628 -5.76437 4.52797
0.629 -5.86857 4.58515
0.63 -5.95263 4.6222
0.631 -6.01617 4.63891
0.632 -6.0589 4.63515
0.633 -6.08059 4.61086
0.634 -6.08113 4.56609
0.635 -6.06046 4.50095
0.636 -6.01863 4.41562
0.637 -5.95576 4.31039
0.638 -5.87207 4.18558
0.639 -5.76785 4.04165
0.64 -5.64347 3.87907
0.641 -5.49939 3.69843
0.642 -5.33616 3.50039
0.643 -5.15438 3.28564
0.644 -4.95476 3.05498
0.645 -4.73805 2.80925
0.646 -4.50509 2.54936
0.647 -4.25677 2.27627
0.648 -3.99407 1.99101
0.649 -3.718 1.69463
0.65 -3.42964 1.38826
0.651 -3.13012 1.07304
0.652 -2.8206 0.750172
0.653 -2.50231 0.420874
0.654 -2.17649 0.0863976
0.655 -1.84443 -0.251983
0.656 -1.50744 -0.592976
0.657 -1.16683 -0.935277
0.658 -0.823962 -1.27757
0.659 -0.480186 -1.61855
0.66 -0.13686 -1.9569
0.661 0.204659 -2.29132
0.662 0.543017 -2.62051
0.663 0.876878 -2.94319
0.664 1.20492 -3.25813
0.665 1.52584 -3.56409
0.666 1.83837 -3.85988
0.667 2.14127 -4.14436
0.668 2.43335 -4.4164
0.669 2.71345 -4.67495
0.67 2.98047 -4.91898
0.671 3.23333 -5.14754
0.672 3.47107 -5.35972
0.673 3.69272 -5.55467
0.674 3.89743 -5.73164
0.675 4.08439 -5.88989
0.676 4.25288 -6.0288
0.677 4.40223 -6.14781
0.678 4.53186 -6.24642
0.679 4.64129 -6.32422
0.68 4.73009 -6.38088
0.681 4.79794 -6.41614
0.682 4.84459 -6.42985
0.683 4.86987 -6.42191
0.684 4.87372 -6.39231
0.685 4.85616 -6.34114
0.686 4.81728 -6.26854
0.687 4.75727 -6.17478
0.688 4.67641 -6.06016
0.689 4.57507 -5.92508
0.69 4.45369 -5.77004
0.691 4.31279 -5.59558
0.692 4.15299 -5.40234
0.693 3.97497 -5.19101
0.694 3.7795 -4.96236
0.695 3.56739 -4.71724
0.696 3.33956 -4.45654
0.697 3.09697 -4.18121
0.698 2.84065 -3.89228
0.699 2.57167 -3.59079
0.7 2.29118 -3.27787
0.701 2.00036 -2.95466
0.702 1.70044 -2.62235
0.703 1.39267 -2.28217
0.704 1.07836 -1.93538
0.705 0.758831 -1.58324
0.706 0.435427 -1.22705
0.707 0.109512 -0.868121
0.708 -0.217539 -0.507768
0.709 -0.544348 -0.14731
0.71 -0.869535 0.211936
0.711 -1.19173 0.568659
0.712 -1.50956 0.921561
0.713 -1.8217 1.26936
0.714 -2.12682 1.6108
0.715 -2.42361 1.94465
0.716 -2.71084 2.26971
0.717 -2.98726 2.58483
0.718 -3.25171 2.88886
0.719 -3.50305 3.18076
0.72 -3.74021 3.45948
0.721 -3.96217 3.72405
0.722 -4.16797 3.97357
0.723 -4.35672 4.20719
0.724 -4.5276 4.4241
0.725 -4.67986 4.62359
0.726 -4.81281 4.80502
0.727 -4.92588 4.96779
0.728 -5.01854 5.11141
0.729 -5.09037 5.23546
0.73 -5.14101 5.33957
0.731 -5.17022 5.42348
0.732 -5.17781 5.48701
0.733 -5.1637 5.53003
0.734 -5.12791 5.55253
0.735 -5.07052 5.55455
0.736 -4.99171 5.53624
0.737 -4.89176 5.49779
0.738 -4.77103 5.43951
0.739 -4.62996 5.36177
0.74 -4.46906 5.265
0.741 -4.28896 5.14973
0.742 -4.09033 5.01655
0.743 -3.87393 4.86612
0.744 -3.64061 4.69916
0.745 -3.39126 4.51646
0.746 -3.12685 4.31888
0.747 -2.84843 4.10731
0.748 -2.55707 3.88272
0.749 -2.25392 3.64611
0.75 -1.94017 3.39852
0.751 -1.61706 3.14106
0.752 -1.28586 2.87485
0.753 -0.947875 2.60104
0.754 -0.604448 2.32081
0.755 -0.256934 2.03537
0.756 0.0932907 1.74594
0.757 0.44484 1.45374
0.758 0.79632 1.16003
0.759 1.14634 0.866022
0.76 1.49351 0.572964
0.761 1.83645 0.282079
0.762 2.1738 -0.00542301
0.763 2.50424 -0.288349
0.764 2.82644 -0.56553
0.765 3.13913 -0.835827
0.766 3.44108 -1.09813
0.767 3.73109 -1.35137
0.768 4.00801 -1.59453
0.769 4.27076 -1.82661
0.77 4.51829 -2.04668
0.771 4.74964 -2.25387
0.772 4.9639 -2.44736
0.773 5.16023 -2.62637
0.774 5.33787 -2.79022
0.775 5.49612 -2.93827
0.776 5.63438 -3.06995
0.777 5.75212 -3.18477
0.778 5.8489 -3.28231
0.779 5.92435 -3.36222
0.78 5.97821 -3.42423
0.781 6.01029 -3.46813
0.782 6.02049 -3.49382
0.783 6.00881 -3.50124
0.784 5.97533 -3.49043
0.785 5.92021 -3.4615
0.786 5.84373 -3.41464
0.787 5.74623 -3.35011
0.788 5.62813 -3.26824
0.789 5.48995 -3.16944
0.79 5.33229 -3.05419
0.791 5.15583 -2.92303
0.792 4.96132 -2.77658
0.793 4.74957 -2.61551
0.794 4.5215 -2.44055
0.795 4.27805 -2.25251
0.796 4.02026 -2.05222
0.797 3.7492 -1.84057
0.798 3.46601 -1.61852
0.799 3.17187 -1.38704
0.8 2.86801 -1.14715
0.801 2.55569 -0.899902
0.802 2.23622 -0.646388
0.803 1.91092 -0.38771
0.804 1.58114 -0.124995
0.805 1.24826 0.140616
0.806 0.913645 0.407973
0.807 0.578686 0.675918
0.808 0.244768 0.943296
0.809 -0.0867292 1.20895
0.81 -0.414437 1.47175
0.811 -0.737004 1.73056
0.812 -1.0531 1.98427
0.813 -1.36143 2.2318
0.814 -1.66071 2.47209
0.815 -1.94973 2.70411
0.816 -2.2273 2.92689
0.817 -2.49227 3.13947
0.818 -2.74356 3.34095
0.819 -2.98016 3.53048
0.82 -3.20108 3.70726
0.821 -3.40544 3.87055
0.822 -3.59241 4.01966
0.823 -3.76123 4.15397
0.824 -3.91121 4.27291
0.825 -4.04176 4.37599
0.826 -4.15235 4.46279
0.827 -4.24256 4.53296
0.828 -4.31202 4.5862
0.829 -4.36048 4.6223
0.83 -4.38775 4.64114
0.831 -4.39375 4.64264
0.832 -4.37848 4.62681
0.833 -4.34203 4.59375
0.834 -4.28457 4.54359
0.835 -4.20637 4.47659
0.836 -4.10778 4.39303
0.837 -3.98924 4.2933
0.838 -3.85127 4.17782
0.839 -3.69447 4.04712
0.84 -3.51952 3.90176
0.841 -3.32717 3.74238
0.842 -3.11827 3.56967
0.843 -2.89369 3.38439
0.844 -2.65441 3.18733
0.845 -2.40145 2.97935
0.846 -2.13589 2.76134
0.847 -1.85888 2.53426
0.848 -1.57158 2.29907
0.849 -1.27524 2.0568
0.85 -0.971103 1.80848
0.851 -0.660481 1.55518
0.852 -0.344694 1.29799
0.853 -0.0250916 1.03802
0.854 0.296964 0.776374
0.855 0.620097 0.514179
0.856 0.942929 0.252558
0.857 1.26408 -0.00737049
0.858 1.58217 -0.264494
0.859 1.89585 -0.517715
0.86 2.20377 -0.765951
0.861 2.50461 -1.00814
0.862 2.79708 -1.24326
0.863 3.07992 -1.4703
0.864 3.35191 -1.68829
0.865 3.61187 -1.89632
0.866 3.85869 -2.09349
0.867 4.09128 -2.27898
0.868 4.30864 -2.45199
0.869 4.50981 -2.61179
0.87 4.69391 -2.75772
0.871 4.86012 -2.88916
0.872 5.0077 -3.00555
0.873 5.13599 -3.10643
0.874 5.24439 -3.19136
0.875 5.33241 -3.26
0.876 5.39962 -3.31207
0.877 5.44569 -3.34737
0.878 5.47037 -3.36577
0.879 5.47349 -3.3672
0.88 5.45499 -3.35169
0.881 5.41489 -3.31933
0.882 5.35329 -3.27026
0.883 5.27038 -3.20475
0.884 5.16644 -3.12308
0.885 5.04185 -3.02564
0.886 4.89706 -2.91288
0.887 4.73261 -2.78532
0.888 4.54911 -2.64353
0.889 4.34726 -2.48817
0.89 4.12784 -2.31992
0.891 3.89168 -2.13957
0.892 3.63971 -1.94792
0.893 3.3729 -1.74585
0.894 3.0923 -1.53425
0.895 2.799 -1.31411
0.896 2.49414 -1.0864
0.897 2.17894 -0.85217
0.898 1.85463 -0.612476
0.899 1.5225 -0.36841
0.9 1.18384 -0.121084
0.901 0.84001 0.128374
0.902 0.492361 0.378822
0.903 0.142271 0.629111
0.904 -0.20887 0.878089
0.905 -0.559672 1.12461
0.906 -0.908742 1.36752
0.907 -1.2547 1.6057
0.908 -1.59616 1.83803
0.909 -1.93178 2.06342
0.91 -2.26023 2.28079
0.911 -2.58019 2.48913
0.912 -2.89042 2.68742
0.913 -3.18966 2.8747
0.914 -3.47675 3.05006
0.915 -3.75055 3.21261
0.916 -4.00997 3.36156
0.917 -4.25399 3.49612
0.918 -4.48166 3.6156
0.919 -4.69208 3.71934
0.92 -4.88443 3.80677
0.921 -5.05795 3.87738
0.922 -5.21199 3.93071
0.923 -5.34593 3.9664
0.924 -5.45928 3.98414
0.925 -5.5516 3.9837
0.926 -5.62255 3.96495
0.927 -5.67188 3.92779
0.928 -5.69943 3.87224
0.929 -5.70511 3.79837
0.93 -5.68894 3.70634
0.931 -5.65101 3.59639
0.932 -5.59152 3.46881
0.933 -5.51075 3.32401
0.934 -5.40906 3.16242
0.935 -5.2869 2.98458
0.936 -5.1448 2.7911
0.937 -4.98337 2.58262
0.938 -4.80332 2.3599
0.939 -4.60541 2.12371
0.94 -4.39047 1.87491
0.941 -4.15943 1.61442
0.942 -3.91326 1.34317
0.943 -3.653 1.0622
0.944 -3.37974 0.772545
0.945 -3.09463 0.4753
0.946 -2.79887 0.171595
0.947 -2.4937 -0.137411
0.948 -2.1804 -0.450531
0.949 -1.86027 -0.766558
0.95 -1.53466 -1.08427
0.951 -1.20492 -1.40242
0.952 -0.872436 -1.71977
0.953 -0.538593 -2.03507
0.954 -0.204784 -2.34709
0.955 0.127599 -2.65458
0.956 0.457169 -2.95632
0.957 0.782552 -3.25111
0.958 1.10239 -3.53776
0.959 1.41535 -3.81513
0.96 1.72013 -4.08209
0.961 2.01546 -4.33756
0.962 2.30009 -4.5805
0.963 2.57285 -4.80991
0.964 2.8326 -5.02485
0.965 3.07825 -5.22442
0.966 3.30877 -5.40779
0.967 3.5232 -5.57419
0.968 3.72064 -5.7229
0.969 3.90025 -5.8533
0.97 4.06129 -5.9648
0.971 4.20307 -6.05691
0.972 4.32499 -6.12921
0.973 4.42654 -6.18135
0.974 4.50727 -6.21306
0.975 4.56685 -6.22415
0.976 4.60499 -6.21452
0.977 4.62154 -6.18414
0.978 4.61641 -6.13306
0.979 4.58959 -6.06141
0.98 4.54118 -5.96942
0.981 4.47136 -5.85738
0.982 4.38039 -5.72566
0.983 4.26864 -5.57473
0.984 4.13655 -5.4051
0.985 3.98463 -5.21738
0.986 3.81349 -5.01225
0.987 3.62382 -4.79045
0.988 3.41638 -4.55279
0.989 3.192 -4.30016
0.99 2.95159 -4.03347
0.991 2.69611 -3.75373
0.992 2.42659 -3.46198
0.993 2.14413 -3.15932
0.994 1.84987 -2.84687
0.995 1.54499 -2.52581
0.996 1.23074 -2.19737
0.997 0.908391 -1.86277
0.998 0.579244 -1.52329
0.999 0.244639 -1.18022
1 -0.0940658 -0.834864
