0.001 3.40471e-008 2.54912e-009
0.002 3.10111e-007 2.04733e-008
0.003 1.46241e-006 8.4966e-008
0.004 4.84547e-006 2.49368e-007
0.005 1.2825e-005 5.91622e-007
0.006 2.90587e-005 1.2184e-006
0.007 5.87646e-005 2.27133e-006
0.008 0.000108974 3.93577e-006
0.009 0.000188768 6.45246e-006
0.01 0.000309494 1.01325e-005
0.011 0.000484957 1.53757e-005
0.012 0.000731595 2.26931e-005
0.013 0.00106862 3.27336e-005
0.014 0.00151814 4.63141e-005
0.015 0.00210525 6.44548e-005
0.016 0.00285808 8.84188e-005
0.017 0.00380782 0.000119756
0.018 0.00498876 0.000160352
0.019 0.00643818 0.000212478
0.02 0.00819636 0.000278853
0.021 0.0103064 0.000362699
0.022 0.0128142 0.000467808
0.023 0.0157681 0.000598609
0.024 0.0192188 0.00076024
0.025 0.0232194 0.000958619
0.026 0.0278244 0.00120052
0.027 0.0330903 0.00149365
0.028 0.0390745 0.00184672
0.029 0.0458357 0.00226954
0.03 0.0534326 0.00277306
0.031 0.0619246 0.0033695
0.032 0.0713705 0.00407236
0.033 0.0818284 0.00489654
0.034 0.0933553 0.00585838
0.035 0.106007 0.00697574
0.036 0.119836 0.00826804
0.037 0.134893 0.00975631
0.038 0.151227 0.0114633
0.039 0.168881 0.0134133
0.04 0.187896 0.0156325
0.041 0.208307 0.0181487
0.042 0.230145 0.0209916
0.043 0.253436 0.0241925
0.044 0.278198 0.0277845
0.045 0.304445 0.0318024
0.046 0.332184 0.0362825
0.047 0.361414 0.041263
0.048 0.392127 0.0467833
0.049 0.424308 0.0528846
0.05 0.457933 0.0596092
0.051 0.49297 0.0670007
0.052 0.529379 0.0751038
0.053 0.567112 0.0839642
0.054 0.60611 0.0936284
0.055 0.646308 0.104144
0.056 0.687629 0.115557
0.057 0.72999 0.127917
0.058 0.773297 0.141271
0.059 0.81745 0.155667
0.06 0.862338 0.171152
0.061 0.907842 0.187772
0.062 0.953837 0.205572
0.063 1.00019 0.224598
0.064 1.04675 0.244891
0.065 1.09338 0.266492
0.066 1.13992 0.289441
0.067 1.18622 0.313772
0.068 1.23209 0.339519
0.069 1.27738 0.366713
0.07 1.32191 0.39538
0.071 1.3655 0.425543
0.072 1.40796 0.457221
0.073 1.44912 0.490428
0.074 1.48879 0.525175
0.075 1.52679 0.561465
0.076 1.56292 0.599299
0.077 1.59702 0.638669
0.078 1.6289 0.679564
0.079 1.65837 0.721965
0.08 1.68528 0.765848
0.081 1.70944 0.811182
0.082 1.73071 0.857927
0.083 1.74891 0.906039
0.084 1.76392 0.955466
0.085 1.77557 1.00615
0.086 1.78376 1.05802
0.087 1.78835 1.111
0.088 1.78924 1.16501
0.089 1.78634 1.21996
0.09 1.77955 1.27575
0.091 1.76881 1.33228
0.092 1.75407 1.38944
0.093 1.73528 1.4471
0.094 1.71241 1.50514
0.095 1.68546 1.56342
0.096 1.65444 1.6218
0.097 1.61935 1.68014
0.098 1.58024 1.73828
0.099 1.53718 1.79605
0.1 1.49022 1.85331
0.101 1.43947 1.90986
0.102 1.38502 1.96555
0.103 1.32701 2.02018
0.104 1.26558 2.07358
0.105 1.20088 2.12555
0.106 1.13308 2.17592
0.107 1.0624 2.22448
0.108 0.989014 2.27105
0.109 0.913163 2.31543
0.11 0.83508 2.35743
0.111 0.755015 2.39685
0.112 0.67323 2.43351
0.113 0.590002 2.46721
0.114 0.505618 2.49777
0.115 0.420374 2.525
0.116 0.334575 2.54873
0.117 0.248537 2.56878
0.118 0.16258 2.58498
0.119 0.0770295 2.59718
0.12 -0.00778291 2.60522
0.121 -0.0915238 2.60896
0.122 -0.173858 2.60825
0.123 -0.25445 2.60299
0.124 -0.332966 2.59304
0.125 -0.409073 2.57831
0.126 -0.482445 2.5587
0.127 -0.552759 2.53414
0.128 -0.619701 2.50456
0.129 -0.682963 2.46991
0.13 -0.74225 2.43014
0.131 -0.797276 2.38525
0.132 -0.847768 2.33521
0.133 -0.893468 2.28004
0.134 -0.934132 2.21977
0.135 -0.969536 2.15443
0.136 -0.99947 2.08408
0.137 -1.02375 2.0088
0.138 -1.04219 1.92868
0.139 -1.05467 1.84383
0.14 -1.06104 1.75438
0.141 -1.06121 1.66047
0.142 -1.0551 1.56227
0.143 -1.04265 1.45994
0.144 -1.02384 1.35369
0.145 -0.998669 1.24373
0.146 -0.967156 1.13029
0.147 -0.929352 1.0136
0.148 -0.885336 0.893937
0.149 -0.835211 0.77156
0.15 -0.779109 0.64676
0.151 -0.717186 0.519837
0.152 -0.649629 0.391103
0.153 -0.576646 0.260882
0.154 -0.498475 0.12951
0.155 -0.415376 -0.0026706
0.156 -0.327634 -0.135306
0.157 -0.235559 -0.268035
0.158 -0.139482 -0.400492
0.159 -0.039757 -0.532303
0.16 0.0632433 -0.663092
0.161 0.169126 -0.79248
0.162 0.277481 -0.920084
0.163 0.38788 -1.04552
0.164 0.499883 -1.16842
0.165 0.613034 -1.28838
0.166 0.726867 -1.40505
0.167 0.840905 -1.51806
0.168 0.954664 -1.62702
0.169 1.06765 -1.7316
0.17 1.17938 -1.83145
0.171 1.28935 -1.92622
0.172 1.39706 -2.0156
0.173 1.50201 -2.09927
0.174 1.60372 -2.17693
0.175 1.70171 -2.24831
0.176 1.79548 -2.31315
0.177 1.88459 -2.37118
0.178 1.96856 -2.42219
0.179 2.04697 -2.46597
0.18 2.11938 -2.50234
0.181 2.18539 -2.53112
0.182 2.24462 -2.55219
0.183 2.29669 -2.56542
0.184 2.34127 -2.57072
0.185 2.37803 -2.56803
0.186 2.4067 -2.5573
0.187 2.427 -2.53852
0.188 2.43872 -2.51171
0.189 2.44163 -2.4769
0.19 2.43559 -2.43416
0.191 2.42044 -2.38359
0.192 2.3961 -2.3253
0.193 2.36249 -2.25945
0.194 2.31958 -2.18621
0.195 2.26739 -2.10578
0.196 2.20594 -2.0184
0.197 2.13533 -1.92432
0.198 2.05567 -1.82383
0.199 1.9671 -1.71721
0.2 1.86982 -1.60482
0.201 1.76406 -1.48699
0.202 1.65008 -1.3641
0.203 1.52817 -1.23656
0.204 1.39867 -1.10476
0.205 1.26194 -0.969154
0.206 1.11837 -0.830183
0.207 0.968404 -0.688315
0.208 0.812489 -0.544032
0.209 0.651113 -0.397825
0.21 0.48479 -0.250201
0.211 0.314056 -0.101671
0.212 0.139472 0.0472417
0.213 -0.0383816 0.19601
0.214 -0.218905 0.344104
0.215 -0.401481 0.490989
0.216 -0.585479 0.636131
0.217 -0.770258 0.778997
0.218 -0.955164 0.91906
0.219 -1.13954 1.0558
0.22 -1.32272 1.18869
0.221 -1.50404 1.31723
0.222 -1.68284 1.44092
0.223 -1.85845 1.55929
0.224 -2.03023 1.67186
0.225 -2.19752 1.77818
0.226 -2.35968 1.87782
0.227 -2.51611 1.97036
0.228 -2.66619 2.05541
0.229 -2.80934 2.13261
0.23 -2.94499 2.20162
0.231 -3.07261 2.2621
0.232 -3.19169 2.31379
0.233 -3.30173 2.3564
0.234 -3.40229 2.38972
0.235 -3.49294 2.41354
0.236 -3.5733 2.4277
0.237 -3.64301 2.43206
0.238 -3.70177 2.42652
0.239 -3.7493 2.411
0.24 -3.78538 2.38549
0.241 -3.8098 2.34998
0.242 -3.82244 2.3045
0.243 -3.82318 2.24914
0.244 -3.81197 2.18399
0.245 -3.7888 2.1092
0.246 -3.75371 2.02496
0.247 -3.70677 1.93146
0.248 -3.64811 1.82897
0.249 -3.57792 1.71775
0.25 -3.49639 1.59812
0.251 -3.40381 1.47042
0.252 -3.30048 1.33503
0.253 -3.18674 1.19234
0.254 -3.063 1.0428
0.255 -2.92968 0.886859
0.256 -2.78727 0.724995
0.257 -2.63626 0.557718
0.258 -2.47722 0.385556
0.259 -2.31072 0.209057
0.26 -2.13738 0.028786
0.261 -1.95784 -0.154674
0.262 -1.77277 -0.340727
0.263 -1.58287 -0.528764
0.264 -1.38885 -0.718168
0.265 -1.19146 -0.908312
0.266 -0.991449 -1.09856
0.267 -0.789583 -1.28829
0.268 -0.586643 -1.47686
0.269 -0.383416 -1.66363
0.27 -0.180695 -1.84797
0.271 0.020727 -2.02927
0.272 0.220058 -2.2069
0.273 0.416512 -2.38025
0.274 0.609307 -2.54874
0.275 0.797677 -2.71179
0.276 0.980867 -2.86884
0.277 1.15814 -3.01934
0.278 1.32878 -3.16277
0.279 1.49209 -3.29864
0.28 1.64741 -3.42649
0.281 1.79409 -3.54585
0.282 1.93154 -3.65632
0.283 2.05917 -3.75751
0.284 2.17645 -3.84906
0.285 2.28289 -3.93066
0.286 2.37802 -4.00202
0.287 2.46145 -4.06289
0.288 2.53279 -4.11306
0.289 2.59173 -4.15234
0.29 2.63799 -4.18059
0.291 2.67136 -4.19773
0.292 2.69166 -4.20369
0.293 2.69877 -4.19844
0.294 2.69262 -4.182
0.295 2.6732 -4.15444
0.296 2.64055 -4.11585
0.297 2.59475 -4.06637
0.298 2.53596 -4.00617
0.299 2.46436 -3.93547
0.3 2.38022 -3.85451
0.301 2.28382 -3.76359
0.302 2.17553 -3.66303
0.303 2.05574 -3.55318
0.304 1.92491 -3.43444
0.305 1.78353 -3.30723
0.306 1.63213 -3.17199
0.307 1.47131 -3.02922
0.308 1.30169 -2.87942
0.309 1.12393 -2.72311
0.31 0.938721 -2.56086
0.311 0.746799 -2.39324
0.312 0.548924 -2.22084
0.313 0.345883 -2.04427
0.314 0.138488 -1.86416
0.315 -0.0724285 -1.68113
0.316 -0.286015 -1.49585
0.317 -0.501407 -1.30895
0.318 -0.717729 -1.12109
0.319 -0.934097 -0.93293
0.32 -1.14962 -0.745125
0.321 -1.36342 -0.558329
0.322 -1.57461 -0.373188
0.323 -1.7823 -0.190341
0.324 -1.98564 -0.0104183
0.325 -2.18377 0.165966
0.326 -2.37585 0.338213
0.327 -2.56107 0.505739
0.328 -2.73863 0.667982
0.329 -2.90778 0.824403
0.33 -3.06778 0.974485
0.331 -3.21794 1.11774
0.332 -3.35759 1.2537
0.333 -3.4861 1.38194
0.334 -3.60291 1.50206
0.335 -3.70747 1.61369
0.336 -3.79929 1.7165
0.337 -3.87795 1.81019
0.338 -3.94304 1.8945
0.339 -3.99424 1.9692
0.34 -4.03126 2.03412
0.341 -4.05388 2.0891
0.342 -4.06194 2.13404
0.343 -4.05531 2.16888
0.344 -4.03397 2.1936
0.345 -3.9979 2.2082
0.346 -3.94717 2.21274
0.347 -3.88193 2.20732
0.348 -3.80234 2.19208
0.349 -3.70864 2.16718
0.35 -3.60116 2.13284
0.351 -3.48022 2.08932
0.352 -3.34626 2.03689
0.353 -3.19973 1.97587
0.354 -3.04115 1.90663
0.355 -2.8711 1.82954
0.356 -2.69017 1.74503
0.357 -2.49904 1.65354
0.358 -2.29841 1.55554
0.359 -2.08902 1.45153
0.36 -1.87165 1.34203
0.361 -1.64712 1.22759
0.362 -1.41628 1.10875
0.363 -1.18 0.986106
0.364 -0.939172 0.860238
0.365 -0.694723 0.731749
0.366 -0.447589 0.60125
0.367 -0.198718 0.469355
0.368 0.0509298 0.336686
0.369 0.30039 0.203864
0.37 0.548696 0.071509
0.371 0.794885 -0.0597637
0.372 1.038 -0.189344
0.373 1.27709 -0.316632
0.374 1.51122 -0.441039
0.375 1.73947 -0.561989
0.376 1.96096 -0.678924
0.377 2.17481 -0.791305
0.378 2.38019 -0.898611
0.379 2.57628 -1.00035
0.38 2.76231 -1.09605
0.381 2.93756 -1.18526
0.382 3.10132 -1.26757
0.383 3.25297 -1.3426
0.384 3.39189 -1.41
0.385 3.51755 -1.46945
0.386 3.62944 -1.52066
0.387 3.72714 -1.56339
0.388 3.81025 -1.59743
0.389 3.87846 -1.62262
0.39 3.9315 -1.6388
0.391 3.96918 -1.64591
0.392 3.99135 -1.64387
0.393 3.99794 -1.63269
0.394 3.98893 -1.61238
0.395 3.96439 -1.58302
0.396 3.92442 -1.54471
0.397 3.8692 -1.4976
0.398 3.79898 -1.44188
0.399 3.71406 -1.37776
0.4 3.61481 -1.30552
0.401 3.50165 -1.22544
0.402 3.37507 -1.13785
0.403 3.2356 -1.04313
0.404 3.08385 -0.941663
0.405 2.92045 -0.833879
0.406 2.7461 -0.720232
0.407 2.56155 -0.601201
0.408 2.36758 -0.477293
0.409 2.16501 -0.349034
0.41 1.95472 -0.21697
0.411 1.73759 -0.0816654
0.412 1.51456 0.0562999
0.413 1.28659 0.196334
0.414 1.05464 0.337835
0.415 0.819709 0.480194
0.416 0.582818 0.622795
0.417 0.344981 0.765022
0.418 0.107226 0.90626
0.419 -0.129418 1.04589
0.42 -0.363923 1.18332
0.421 -0.595271 1.31793
0.422 -0.82245 1.44914
0.423 -1.04447 1.57639
0.424 -1.26035 1.6991
0.425 -1.46914 1.81674
0.426 -1.66991 1.92879
0.427 -1.86177 2.03475
0.428 -2.04387 2.13416
0.429 -2.21538 2.22657
0.43 -2.37552 2.31157
0.431 -2.52356 2.38878
0.432 -2.65881 2.45785
0.433 -2.78065 2.51845
0.434 -2.8885 2.57033
0.435 -2.98182 2.61323
0.436 -3.06018 2.64696
0.437 -3.12315 2.67134
0.438 -3.17041 2.68627
0.439 -3.20168 2.69167
0.44 -3.21676 2.68748
0.441 -3.2155 2.67372
0.442 -3.19784 2.65044
0.443 -3.16378 2.61771
0.444 -3.11338 2.57568
0.445 -3.04678 2.5245
0.446 -2.96418 2.46439
0.447 -2.86585 2.39561
0.448 -2.75213 2.31844
0.449 -2.62343 2.23321
0.45 -2.48022 2.14029
0.451 -2.32302 2.04008
0.452 -2.15243 1.93301
0.453 -1.9691 1.81955
0.454 -1.77373 1.70019
0.455 -1.56709 1.57547
0.456 -1.34998 1.44592
0.457 -1.12325 1.31213
0.458 -0.887819 1.17469
0.459 -0.644612 1.03421
0.46 -0.39461 0.891321
0.461 -0.138821 0.746672
0.462 0.121718 0.600915
0.463 0.385947 0.454712
0.464 0.652785 0.308733
0.465 0.921136 0.163646
0.466 1.18989 0.0201224
0.467 1.45794 -0.121171
0.468 1.72416 -0.259575
0.469 1.98745 -0.394437
0.47 2.2467 -0.525119
0.471 2.50081 -0.650995
0.472 2.7487 -0.771458
0.473 2.98933 -0.885922
0.474 3.22166 -0.993823
0.475 3.44469 -1.09462
0.476 3.65745 -1.18781
0.477 3.85902 -1.2729
0.478 4.0485 -1.34945
0.479 4.22505 -1.41705
0.48 4.38789 -1.47531
0.481 4.53627 -1.52391
0.482 4.6695 -1.56253
0.483 4.78698 -1.59092
0.484 4.88813 -1.60888
0.485 4.97245 -1.61622
0.486 5.03951 -1.61282
0.487 5.08896 -1.5986
0.488 5.1205 -1.57354
0.489 5.1339 -1.53763
0.49 5.12902 -1.49095
0.491 5.10579 -1.43359
0.492 5.0642 -1.36572
0.493 5.00434 -1.28754
0.494 4.92635 -1.19929
0.495 4.83045 -1.10126
0.496 4.71694 -0.993801
0.497 4.58619 -0.877281
0.498 4.43865 -0.752127
0.499 4.27482 -0.6188
0.5 4.09529 -0.477803
0.501 3.90069 -0.329673
0.502 3.69174 -0.174984
0.503 3.4692 -0.0143426
0.504 3.23391 0.151615
0.505 2.98673 0.322224
0.506 2.72861 0.496795
0.507 2.46053 0.674614
0.508 2.1835 0.854948
0.509 1.89859 1.03705
0.51 1.6069 1.22015
0.511 1.30956 1.40348
0.512 1.00773 1.58625
0.513 0.702576 1.76768
0.514 0.395303 1.94697
0.515 0.0871156 2.12334
0.516 -0.22077 2.29601
0.517 -0.527135 2.4642
0.518 -0.830765 2.62715
0.519 -1.13045 2.78411
0.52 -1.425 2.93435
0.521 -1.71322 3.07715
0.522 -1.99398 3.21184
0.523 -2.26612 3.33776
0.524 -2.52856 3.45426
0.525 -2.78023 3.56077
0.526 -3.02011 3.65671
0.527 -3.24723 3.74156
0.528 -3.46065 3.81483
0.529 -3.65949 3.87609
0.53 -3.84295 3.92493
0.531 -4.01025 3.96101
0.532 -4.16071 3.98401
0.533 -4.29369 3.99368
0.534 -4.40863 3.98982
0.535 -4.50504 3.97228
0.536 -4.58251 3.94094
0.537 -4.6407 3.89578
0.538 -4.67934 3.83679
0.539 -4.69825 3.76404
0.54 -4.69733 3.67764
0.541 -4.67655 3.57776
0.542 -4.63597 3.46463
0.543 -4.57572 3.33852
0.544 -4.49602 3.19977
0.545 -4.39717 3.04874
0.546 -4.27954 2.88589
0.547 -4.14359 2.71168
0.548 -3.98984 2.52664
0.549 -3.81889 2.33135
0.55 -3.63142 2.12642
0.551 -3.42817 1.91252
0.552 -3.20995 1.69033
0.553 -2.97763 1.4606
0.554 -2.73214 1.22408
0.555 -2.47447 0.981577
0.556 -2.20566 0.733917
0.557 -1.9268 0.481949
0.558 -1.63901 0.226546
0.559 -1.34348 -0.0314037
0.56 -1.0414 -0.290993
0.561 -0.734015 -0.551307
0.562 -0.422586 -0.811419
0.563 -0.108393 -1.0704
0.564 0.207267 -1.32732
0.565 0.523087 -1.58126
0.566 0.837757 -1.83129
0.567 1.14996 -2.0765
0.568 1.45841 -2.31599
0.569 1.76179 -2.5489
0.57 2.05884 -2.77435
0.571 2.34831 -2.99151
0.572 2.62896 -3.19958
0.573 2.89959 -3.39779
0.574 3.15906 -3.58537
0.575 3.40624 -3.76164
0.576 3.64007 -3.92593
0.577 3.85952 -4.07761
0.578 4.06363 -4.21611
0.579 4.2515 -4.34089
0.58 4.42228 -4.45148
0.581 4.57519 -4.54744
0.582 4.70954 -4.6284
0.583 4.82468 -4.69404
0.584 4.92006 -4.7441
0.585 4.9952 -4.77837
0.586 5.04969 -4.7967
0.587 5.08323 -4.79902
0.588 5.09558 -4.78529
0.589 5.08658 -4.75555
0.59 5.05618 -4.70988
0.591 5.00439 -4.64846
0.592 4.93133 -4.57149
0.593 4.83717 -4.47925
0.594 4.72222 -4.37207
0.595 4.58682 -4.25034
0.596 4.43142 -4.11451
0.597 4.25655 -3.96508
0.598 4.06283 -3.80261
0.599 3.85092 -3.62769
0.6 3.6216 -3.44099
0.601 3.37569 -3.24319
0.602 3.11409 -3.03506
0.603 2.83777 -2.81736
0.604 2.54775 -2.59092
0.605 2.24512 -2.3566
0.606 1.93102 -2.11528
0.607 1.60663 -1.86788
0.608 1.27318 -1.61534
0.609 0.931949 -1.35862
0.61 0.584233 -1.09871
0.611 0.231368 -0.836588
0.612 -0.125288 -0.573267
0.613 -0.48436 -0.309754
0.614 -0.844457 -0.0470601
0.615 -1.20418 0.213806
0.616 -1.56214 0.471839
0.617 -1.91693 0.726045
0.618 -2.26717 0.975444
0.619 -2.61149 1.21907
0.62 -2.94854 1.45598
0.621 -3.27699 1.68526
0.622 -3.59555 1.90601
0.623 -3.90296 2.11739
0.624 -4.198 2.31855
0.625 -4.47952 2.50873
0.626 -4.74638 2.68717
0.627 -4.99753 2.85319
0.628 -5.23196 3.00611
0.629 -5.44874 3.14535
0.63 -5.64699 3.27035
0.631 -5.82592 3.38062
0.632 -5.98481 3.47571
0.633 -6.12301 3.55525
0.634 -6.23995 3.61891
0.635 -6.33516 3.66643
0.636 -6.40823 3.69762
0.637 -6.45887 3.71233
0.638 -6.48685 3.7105
0.639 -6.49203 3.69212
0.64 -6.47439 3.65723
0.641 -6.43396 3.60597
0.642 -6.37088 3.5385
0.643 -6.2854 3.45509
0.644 -6.17781 3.35602
0.645 -6.04854 3.24168
0.646 -5.89807 3.11248
0.647 -5.72698 2.96892
0.648 -5.53594 2.81152
0.649 -5.32567 2.64089
0.65 -5.097 2.45768
0.651 -4.85081 2.26256
0.652 -4.58807 2.05629
0.653 -4.3098 1.83965
0.654 -4.0171 1.61347
0.655 -3.71111 1.3786
0.656 -3.39303 1.13594
0.657 -3.06411 0.88642
0.658 -2.72565 0.630989
0.659 -2.37898 0.370625
0.66 -2.02547 0.106323
0.661 -1.66651 -0.160907
0.662 -1.30352 -0.430041
0.663 -0.937931 -0.70005
0.664 -0.571191 -0.969901
0.665 -0.20475 -1.23856
0.666 0.159941 -1.505
0.667 0.521439 -1.76819
0.668 0.878313 -2.02714
0.669 1.22915 -2.28086
0.67 1.57255 -2.52836
0.671 1.90717 -2.7687
0.672 2.23167 -3.00097
0.673 2.54477 -3.22428
0.674 2.84522 -3.43778
0.675 3.13185 -3.64064
0.676 3.4035 -3.83211
0.677 3.65911 -4.01144
0.678 3.89766 -4.17797
0.679 4.11821 -4.33105
0.68 4.3199 -4.4701
0.681 4.50192 -4.59461
0.682 4.66355 -4.70411
0.683 4.80417 -4.79818
0.684 4.92323 -4.87648
0.685 5.02026 -4.93872
0.686 5.09488 -4.98467
0.687 5.14682 -5.01416
0.688 5.17588 -5.02711
0.689 5.18196 -5.02348
0.69 5.16506 -5.00329
0.691 5.12525 -4.96664
0.692 5.06273 -4.91368
0.693 4.97776 -4.84464
0.694 4.87071 -4.75981
0.695 4.74202 -4.65951
0.696 4.59224 -4.54416
0.697 4.42198 -4.41422
0.698 4.23197 -4.2702
0.699 4.02299 -4.11267
0.7 3.79591 -3.94226
0.701 3.55166 -3.75964
0.702 3.29126 -3.56552
0.703 3.01579 -3.36066
0.704 2.72639 -3.14587
0.705 2.42425 -2.92198
0.706 2.11062 -2.68986
0.707 1.7868 -2.45042
0.708 1.45413 -2.20459
0.709 1.11398 -1.95331
0.71 0.767762 -1.69756
0.711 0.416907 -1.43832
0.712 0.0628689 -1.17659
0.713 -0.292886 -0.913365
0.714 -0.648883 -0.649662
0.715 -1.00364 -0.386482
0.716 -1.3557 -0.124828
0.717 -1.70358 0.13431
0.718 -2.04584 0.389952
0.719 -2.38106 0.641136
0.72 -2.70783 0.886921
0.721 -3.02479 1.12639
0.722 -3.33062 1.35865
0.723 -3.62402 1.58285
0.724 -3.90378 1.79817
0.725 -4.1687 2.00382
0.726 -4.41768 2.19905
0.727 -4.64965 2.38317
0.728 -4.86362 2.55553
0.729 -5.05869 2.71553
0.73 -5.234 2.86262
0.731 -5.38881 2.99629
0.732 -5.52243 3.11612
0.733 -5.63427 3.22171
0.734 -5.72383 3.31276
0.735 -5.79069 3.38898
0.736 -5.83453 3.4502
0.737 -5.85512 3.49625
0.738 -5.85233 3.52708
0.739 -5.82611 3.54266
0.74 -5.77652 3.54305
0.741 -5.7037 3.52835
0.742 -5.60791 3.49875
0.743 -5.48948 3.45447
0.744 -5.34884 3.39581
0.745 -5.1865 3.32313
0.746 -5.00308 3.23683
0.747 -4.79926 3.13739
0.748 -4.57584 3.02532
0.749 -4.33365 2.90119
0.75 -4.07364 2.76562
0.751 -3.79682 2.61928
0.752 -3.50425 2.46287
0.753 -3.19709 2.29716
0.754 -2.87653 2.12291
0.755 -2.54382 1.94096
0.756 -2.20028 1.75216
0.757 -1.84725 1.55738
0.758 -1.48612 1.35752
0.759 -1.11833 1.15351
0.76 -0.745316 0.946282
0.761 -0.368559 0.736782
0.762 0.0104495 0.525966
0.763 0.39021 0.314796
0.764 0.769215 0.104228
0.765 1.14596 -0.10478
0.766 1.51896 -0.311283
0.767 1.88672 -0.514347
0.768 2.24779 -0.713052
0.769 2.60073 -0.9065
0.77 2.94413 -1.09382
0.771 3.27664 -1.27415
0.772 3.59693 -1.44669
0.773 3.90372 -1.61066
0.774 4.19581 -1.76529
0.775 4.47202 -1.9099
0.776 4.73126 -2.04382
0.777 4.97251 -2.16644
0.778 5.19481 -2.27718
0.779 5.39727 -2.37555
0.78 5.5791 -2.46106
0.781 5.73958 -2.53333
0.782 5.87808 -2.59199
0.783 5.99406 -2.63677
0.784 6.08707 -2.66742
0.785 6.15675 -2.68378
0.786 6.20284 -2.68575
0.787 6.22517 -2.67326
0.788 6.22367 -2.64635
0.789 6.19837 -2.60509
0.79 6.14938 -2.54961
0.791 6.07694 -2.48011
0.792 5.98135 -2.39687
0.793 5.86301 -2.30019
0.794 5.72245 -2.19047
0.795 5.56024 -2.06812
0.796 5.37706 -1.93364
0.797 5.17368 -1.78758
0.798 4.95096 -1.63053
0.799 4.70981 -1.46312
0.8 4.45125 -1.28604
0.801 4.17634 -1.10003
0.802 3.88623 -0.90584
0.803 3.58212 -0.704288
0.804 3.26527 -0.496206
0.805 2.937 -0.282462
0.806 2.59867 -0.0639482
0.807 2.25169 0.158421
0.808 1.89748 0.383712
0.809 1.53753 0.610977
0.81 1.17332 0.839259
0.811 0.806373 1.06759
0.812 0.438201 1.29501
0.813 0.0703385 1.52055
0.814 -0.295686 1.74324
0.815 -0.65835 1.96215
0.816 -1.01615 2.17633
0.817 -1.36758 2.38486
0.818 -1.71119 2.58684
0.819 -2.04555 2.78142
0.82 -2.36925 2.96773
0.821 -2.68094 3.14497
0.822 -2.97932 3.31236
0.823 -3.26313 3.46917
0.824 -3.53119 3.61471
0.825 -3.78236 3.74833
0.826 -4.01558 3.86943
0.827 -4.22987 3.97745
0.828 -4.42432 4.07191
0.829 -4.59809 4.15236
0.83 -4.75045 4.21842
0.831 -4.88072 4.26977
0.832 -4.98835 4.30614
0.833 -5.07286 4.32733
0.834 -5.13387 4.3332
0.835 -5.17109 4.32368
0.836 -5.18434 4.29875
0.837 -5.17353 4.25846
0.838 -5.13866 4.20294
0.839 -5.07986 4.13235
0.84 -4.99731 4.04694
0.841 -4.89134 3.94702
0.842 -4.76234 3.83295
0.843 -4.61082 3.70516
0.844 -4.43735 3.56412
0.845 -4.24262 3.41038
0.846 -4.0274 3.24454
0.847 -3.79255 3.06723
0.848 -3.53901 2.87914
0.849 -3.26777 2.68103
0.85 -2.97995 2.47367
0.851 -2.67669 2.25789
0.852 -2.35922 2.03454
0.853 -2.02881 1.80453
0.854 -1.68682 1.56878
0.855 -1.33463 1.32823
0.856 -0.973668 1.08387
0.857 -0.605407 0.836676
0.858 -0.231351 0.587662
0.859 0.146971 0.337842
0.86 0.52801 0.088238
0.861 0.910204 -0.160125
0.862 1.29198 -0.406226
0.863 1.67177 -0.64905
0.864 2.048 -0.887593
0.865 2.41913 -1.12086
0.866 2.7836 -1.34789
0.867 3.13992 -1.56773
0.868 3.4866 -1.77946
0.869 3.8222 -1.98219
0.87 4.1453 -2.17506
0.871 4.45457 -2.35726
0.872 4.74868 -2.52801
0.873 5.02641 -2.68658
0.874 5.28657 -2.83228
0.875 5.52806 -2.9645
0.876 5.74984 -3.08263
0.877 5.95096 -3.18617
0.878 6.13053 -3.27465
0.879 6.28777 -3.34767
0.88 6.42197 -3.40488
0.881 6.53253 -3.44601
0.882 6.61893 -3.47084
0.883 6.68075 -3.47923
0.884 6.71768 -3.4711
0.885 6.72949 -3.44644
0.886 6.71606 -3.4053
0.887 6.67737 -3.34781
0.888 6.61351 -3.27416
0.889 6.52467 -3.1846
0.89 6.41112 -3.07945
0.891 6.27325 -2.95912
0.892 6.11155 -2.82404
0.893 5.9266 -2.67474
0.894 5.71907 -2.51178
0.895 5.48973 -2.33579
0.896 5.23943 -2.14747
0.897 4.96911 -1.94755
0.898 4.67979 -1.73682
0.899 4.37258 -1.51611
0.9 4.04865 -1.28631
0.901 3.70923 -1.04833
0.902 3.35563 -0.803124
0.903 2.98921 -0.551687
0.904 2.6114 -0.295035
0.905 2.22365 -0.0342077
0.906 1.82748 0.22973
0.907 1.42441 0.495701
0.908 1.01602 0.762611
0.909 0.603915 1.02936
0.91 0.18969 1.29485
0.911 -0.22503 1.55798
0.912 -0.638619 1.81764
0.913 -1.04946 2.07275
0.914 -1.45593 2.32225
0.915 -1.85645 2.56507
0.916 -2.24943 2.80018
0.917 -2.63334 3.02658
0.918 -3.00665 3.24329
0.919 -3.36791 3.44938
0.92 -3.71568 3.64395
0.921 -4.04861 3.82613
0.922 -4.36537 3.99511
0.923 -4.66472 4.15014
0.924 -4.94548 4.29051
0.925 -5.20654 4.41555
0.926 -5.44687 4.52468
0.927 -5.66554 4.61736
0.928 -5.86167 4.69311
0.929 -6.0345 4.75154
0.93 -6.18335 4.79229
0.931 -6.30764 4.8151
0.932 -6.40689 4.81976
0.933 -6.4807 4.80615
0.934 -6.5288 4.77421
0.935 -6.55101 4.72393
0.936 -6.54724 4.65542
0.937 -6.51754 4.56882
0.938 -6.46203 4.46435
0.939 -6.38094 4.34233
0.94 -6.27461 4.2031
0.941 -6.14349 4.04711
0.942 -5.9881 3.87485
0.943 -5.8091 3.68689
0.944 -5.6072 3.48387
0.945 -5.38324 3.26646
0.946 -5.13812 3.03542
0.947 -4.87285 2.79155
0.948 -4.5885 2.53569
0.949 -4.28623 2.26876
0.95 -3.96727 1.99169
0.951 -3.63292 1.70548
0.952 -3.28454 1.41116
0.953 -2.92354 1.10978
0.954 -2.5514 0.802442
0.955 -2.16962 0.490252
0.956 -1.77976 0.174351
0.957 -1.3834 -0.144107
0.958 -0.982165 -0.463956
0.959 -0.577684 -0.784022
0.96 -0.171604 -1.10313
0.961 0.234417 -1.42009
0.962 0.638726 -1.73376
0.963 1.03967 -2.04295
0.964 1.43561 -2.34653
0.965 1.82493 -2.64338
0.966 2.20604 -2.93239
0.967 2.57738 -3.2125
0.968 2.93742 -3.48265
0.969 3.28468 -3.74185
0.97 3.61775 -3.98913
0.971 3.93524 -4.22359
0.972 4.23585 -4.44433
0.973 4.51833 -4.65056
0.974 4.78152 -4.84149
0.975 5.02431 -5.01643
0.976 5.24571 -5.17473
0.977 5.44478 -5.31581
0.978 5.62068 -5.43914
0.979 5.77267 -5.54429
0.98 5.9001 -5.63086
0.981 6.00242 -5.69855
0.982 6.07917 -5.74712
0.983 6.13001 -5.7764
0.984 6.1547 -5.78631
0.985 6.15308 -5.77682
0.986 6.12513 -5.748
0.987 6.07093 -5.69997
0.988 5.99063 -5.63294
0.989 5.88454 -5.54719
0.99 5.75303 -5.44306
0.991 5.59658 -5.32098
0.992 5.4158 -5.18143
0.993 5.21135 -5.02497
0.994 4.98403 -4.85222
0.995 4.73471 -4.66386
0.996 4.46434 -4.46063
0.997 4.17398 -4.24334
0.998 3.86475 -4.01282
0.999 3.53786 -3.76999
1 3.19458 -3.5158
