0.001 3.45792e-008 2.62593e-009
0.002 3.14356e-007 2.10895e-008
0.003 1.47985e-006 8.75177e-008
0.004 4.89599e-006 2.56828e-007
0.005 1.29427e-005 6.09217e-007
0.006 2.92956e-005 1.25433e-006
0.007 5.91937e-005 2.33754e-006
0.008 0.000109693 4.04879e-006
0.009 0.0001899 6.63436e-006
0.01 0.000311192 1.04118e-005
0.011 0.000487403 1.57888e-005
0.012 0.000735003 2.32852e-005
0.013 0.00107324 3.356e-005
0.014 0.00152424 4.7442e-005
0.015 0.00211314 6.59648e-005
0.016 0.00286808 9.04068e-005
0.017 0.00382031 0.000122335
0.018 0.00500411 0.000163654
0.019 0.0064568 0.000216656
0.02 0.00821866 0.000284085
0.021 0.0103328 0.000369187
0.022 0.0128451 0.000475785
0.023 0.015804 0.000608339
0.024 0.0192601 0.000772021
0.025 0.0232665 0.000972787
0.026 0.0278777 0.00121745
0.027 0.0331501 0.00151376
0.028 0.0391412 0.00187048
0.029 0.0459094 0.00229745
0.03 0.0535137 0.0028057
0.031 0.0620131 0.00340748
0.032 0.0714664 0.00411637
0.033 0.0819318 0.00494731
0.034 0.0934661 0.00591671
0.035 0.106125 0.0070425
0.036 0.119961 0.00834416
0.037 0.135025 0.00984279
0.038 0.151364 0.0115612
0.039 0.169024 0.0135238
0.04 0.188043 0.0157567
0.041 0.208457 0.0182881
0.042 0.230297 0.0211474
0.043 0.253588 0.0243661
0.044 0.27835 0.0279774
0.045 0.304595 0.0320161
0.046 0.33233 0.0365187
0.047 0.361555 0.0415233
0.048 0.39226 0.0470696
0.049 0.424432 0.0531985
0.05 0.458045 0.0599525
0.051 0.493068 0.0673753
0.052 0.529461 0.0755116
0.053 0.567174 0.0844071
0.054 0.60615 0.0941082
0.055 0.646322 0.104662
0.056 0.687616 0.116117
0.057 0.729946 0.128519
0.058 0.773221 0.141918
0.059 0.817337 0.15636
0.06 0.862186 0.171893
0.061 0.907648 0.188562
0.062 0.953597 0.206414
0.063 0.9999 0.225493
0.064 1.04641 0.24584
0.065 1.09299 0.267497
0.066 1.13948 0.290502
0.067 1.18571 0.31489
0.068 1.23153 0.340696
0.069 1.27676 0.367948
0.07 1.32122 0.396674
0.071 1.36474 0.426896
0.072 1.40714 0.458633
0.073 1.44824 0.491899
0.074 1.48784 0.526703
0.075 1.52577 0.56305
0.076 1.56184 0.600939
0.077 1.59588 0.640363
0.078 1.62769 0.68131
0.079 1.6571 0.723761
0.08 1.68395 0.76769
0.081 1.70806 0.813067
0.082 1.72927 0.859853
0.083 1.74743 0.908002
0.084 1.76238 0.95746
0.085 1.774 1.00817
0.086 1.78215 1.06006
0.087 1.78671 1.11306
0.088 1.78758 1.16708
0.089 1.78466 1.22204
0.09 1.77786 1.27783
0.091 1.76712 1.33435
0.092 1.75239 1.39149
0.093 1.73361 1.44913
0.094 1.71077 1.50714
0.095 1.68385 1.56538
0.096 1.65287 1.62371
0.097 1.61784 1.68199
0.098 1.57879 1.74006
0.099 1.5358 1.79777
0.1 1.48893 1.85493
0.101 1.43827 1.9114
0.102 1.38393 1.96698
0.103 1.32604 2.02149
0.104 1.26473 2.07477
0.105 1.20017 2.12661
0.106 1.13253 2.17683
0.107 1.062 2.22524
0.108 0.988794 2.27164
0.109 0.913125 2.31585
0.11 0.835233 2.35766
0.111 0.755368 2.39689
0.112 0.673793 2.43334
0.113 0.590783 2.46683
0.114 0.506624 2.49717
0.115 0.421612 2.52417
0.116 0.336052 2.54766
0.117 0.250258 2.56747
0.118 0.164549 2.58342
0.119 0.0792507 2.59536
0.12 -0.00530697 2.60314
0.121 -0.0887916 2.60661
0.122 -0.170869 2.60564
0.123 -0.251205 2.6001
0.124 -0.329466 2.58988
0.125 -0.405322 2.57487
0.126 -0.478447 2.55499
0.127 -0.548519 2.53015
0.128 -0.615226 2.50029
0.129 -0.678261 2.46536
0.13 -0.73733 2.42533
0.131 -0.792149 2.38017
0.132 -0.842446 2.32987
0.133 -0.887964 2.27445
0.134 -0.928462 2.21393
0.135 -0.963714 2.14835
0.136 -0.993514 2.07777
0.137 -1.01767 2.00228
0.138 -1.03603 1.92195
0.139 -1.04842 1.83691
0.14 -1.05474 1.74728
0.141 -1.05488 1.65321
0.142 -1.04876 1.55485
0.143 -1.03634 1.4524
0.144 -1.01757 1.34604
0.145 -0.992469 1.23598
0.146 -0.961053 1.12246
0.147 -0.923374 1.00572
0.148 -0.87951 0.886019
0.149 -0.829567 0.763629
0.15 -0.773674 0.638838
0.151 -0.711991 0.511947
0.152 -0.644701 0.383269
0.153 -0.572015 0.253128
0.154 -0.494169 0.121858
0.155 -0.411423 -0.010195
0.156 -0.324062 -0.142679
0.157 -0.232396 -0.275232
0.158 -0.136754 -0.407489
0.159 -0.037489 -0.539075
0.16 0.0650263 -0.669615
0.161 0.1704 -0.79873
0.162 0.278224 -0.926039
0.163 0.388072 -1.05116
0.164 0.499504 -1.17371
0.165 0.612065 -1.29332
0.166 0.725293 -1.40961
0.167 0.838712 -1.5222
0.168 0.951839 -1.63075
0.169 1.06419 -1.73489
0.17 1.17526 -1.83428
0.171 1.28457 -1.92858
0.172 1.39162 -2.01747
0.173 1.49591 -2.10064
0.174 1.59697 -2.1778
0.175 1.69429 -2.24866
0.176 1.78742 -2.31297
0.177 1.87588 -2.37047
0.178 1.95922 -2.42094
0.179 2.03701 -2.46418
0.18 2.10882 -2.5
0.181 2.17425 -2.52825
0.182 2.23292 -2.54878
0.183 2.28445 -2.56147
0.184 2.32852 -2.56625
0.185 2.36481 -2.56304
0.186 2.39303 -2.55181
0.187 2.41292 -2.53254
0.188 2.42425 -2.50525
0.189 2.42683 -2.46998
0.19 2.42048 -2.42679
0.191 2.40508 -2.3758
0.192 2.38052 -2.31711
0.193 2.34675 -2.25088
0.194 2.30372 -2.17729
0.195 2.25146 -2.09655
0.196 2.19 -2.00888
0.197 2.11941 -1.91453
0.198 2.03983 -1.81381
0.199 1.9514 -1.707
0.2 1.85432 -1.59444
0.201 1.7488 -1.47649
0.202 1.63511 -1.35351
0.203 1.51356 -1.22592
0.204 1.38446 -1.09411
0.205 1.24818 -0.95853
0.206 1.10513 -0.819627
0.207 0.955717 -0.677868
0.208 0.800411 -0.533732
0.209 0.639694 -0.387715
0.21 0.474076 -0.24032
0.211 0.304093 -0.0920601
0.212 0.130303 0.056543
0.213 -0.0467161 0.204963
0.214 -0.226366 0.352669
0.215 -0.408032 0.499128
0.216 -0.591088 0.643807
0.217 -0.774894 0.786176
0.218 -0.9588 0.925706
0.219 -1.14215 1.06188
0.22 -1.32429 1.19417
0.221 -1.50455 1.32208
0.222 -1.68227 1.44512
0.223 -1.8568 1.56281
0.224 -2.02748 1.67467
0.225 -2.19368 1.78026
0.226 -2.35475 1.87916
0.227 -2.5101 1.97093
0.228 -2.6591 2.05521
0.229 -2.80119 2.13162
0.23 -2.9358 2.19982
0.231 -3.06241 2.25951
0.232 -3.18049 2.31038
0.233 -3.28957 2.35218
0.234 -3.3892 2.38469
0.235 -3.47896 2.40771
0.236 -3.55847 2.42107
0.237 -3.62738 2.42465
0.238 -3.68538 2.41833
0.239 -3.73221 2.40206
0.24 -3.76764 2.37581
0.241 -3.79148 2.33959
0.242 -3.80358 2.29342
0.243 -3.80386 2.2374
0.244 -3.79226 2.17162
0.245 -3.76876 2.09624
0.246 -3.73341 2.01143
0.247 -3.68628 1.91741
0.248 -3.62751 1.81443
0.249 -3.55728 1.70277
0.25 -3.47579 1.58274
0.251 -3.38332 1.45469
0.252 -3.28017 1.319
0.253 -3.1667 1.17606
0.254 -3.0433 1.02632
0.255 -2.9104 0.870225
0.256 -2.76847 0.708264
0.257 -2.61803 0.540945
0.258 -2.45963 0.368796
0.259 -2.29383 0.192364
0.26 -2.12126 0.0122168
0.261 -1.94255 -0.171064
0.262 -1.75838 -0.356881
0.263 -1.56944 -0.544628
0.264 -1.37643 -0.733685
0.265 -1.18011 -0.923429
0.266 -0.981206 -1.11323
0.267 -0.780499 -1.30245
0.268 -0.578758 -1.49046
0.269 -0.376768 -1.67662
0.27 -0.175314 -1.86031
0.271 0.0248142 -2.0409
0.272 0.222829 -2.21779
0.273 0.417949 -2.39035
0.274 0.6094 -2.55802
0.275 0.796418 -2.7202
0.276 0.978255 -2.87635
0.277 1.15418 -3.02592
0.278 1.32348 -3.16839
0.279 1.48546 -3.30328
0.28 1.63948 -3.43011
0.281 1.78488 -3.54845
0.282 1.92108 -3.65787
0.283 2.0475 -3.758
0.284 2.16361 -3.84849
0.285 2.26892 -3.92902
0.286 2.36298 -3.9993
0.287 2.44539 -4.05909
0.288 2.51577 -4.10819
0.289 2.57382 -4.1464
0.29 2.61926 -4.17361
0.291 2.65188 -4.18971
0.292 2.6715 -4.19465
0.293 2.67801 -4.1884
0.294 2.67135 -4.171
0.295 2.6515 -4.14249
0.296 2.61851 -4.10299
0.297 2.57246 -4.05263
0.298 2.5135 -3.99159
0.299 2.44184 -3.92008
0.3 2.35772 -3.83837
0.301 2.26144 -3.74673
0.302 2.15336 -3.6455
0.303 2.03388 -3.53504
0.304 1.90345 -3.41573
0.305 1.76256 -3.28801
0.306 1.61176 -3.15232
0.307 1.45161 -3.00914
0.308 1.28275 -2.859
0.309 1.10584 -2.7024
0.31 0.921558 -2.53992
0.311 0.730645 -2.37213
0.312 0.533855 -2.19962
0.313 0.331971 -2.023
0.314 0.125801 -1.8429
0.315 -0.0838275 -1.65995
0.316 -0.296067 -1.47479
0.317 -0.51006 -1.28807
0.318 -0.724933 -1.10045
0.319 -0.93981 -0.91259
0.32 -1.15381 -0.725136
0.321 -1.36605 -0.538743
0.322 -1.57565 -0.354055
0.323 -1.78174 -0.171711
0.324 -1.98346 0.0076639
0.325 -2.17997 0.183456
0.326 -2.37042 0.355069
0.327 -2.55403 0.521922
0.328 -2.72999 0.683456
0.329 -2.89756 0.839134
0.33 -3.05601 0.988443
0.331 -3.20464 1.1309
0.332 -3.3428 1.26604
0.333 -3.46988 1.39343
0.334 -3.5853 1.51269
0.335 -3.68853 1.62344
0.336 -3.77909 1.72536
0.337 -3.85654 1.81816
0.338 -3.92051 1.90156
0.339 -3.97066 1.97537
0.34 -4.00672 2.03939
0.341 -4.02846 2.09348
0.342 -4.03573 2.13754
0.343 -4.02842 2.17151
0.344 -4.00648 2.19537
0.345 -3.96992 2.20914
0.346 -3.91881 2.21286
0.347 -3.85328 2.20666
0.348 -3.77351 2.19065
0.349 -3.67975 2.16502
0.35 -3.5723 2.12999
0.351 -3.45152 2.08579
0.352 -3.31782 2.03273
0.353 -3.17166 1.97113
0.354 -3.01355 1.90133
0.355 -2.84408 1.82373
0.356 -2.66383 1.73875
0.357 -2.47349 1.64684
0.358 -2.27374 1.54846
0.359 -2.06533 1.44412
0.36 -1.84903 1.33433
0.361 -1.62566 1.21964
0.362 -1.39605 1.10061
0.363 -1.16108 0.977819
0.364 -0.921642 0.851848
0.365 -0.678648 0.723301
0.366 -0.433028 0.592788
0.367 -0.185726 0.460925
0.368 0.0623042 0.328329
0.369 0.310106 0.195622
0.37 0.556719 0.063421
0.371 0.801187 -0.067659
0.372 1.04256 -0.19701
0.373 1.27989 -0.324035
0.374 1.51226 -0.448146
0.375 1.73876 -0.56877
0.376 1.95851 -0.685352
0.377 2.17063 -0.797353
0.378 2.3743 -0.904258
0.379 2.56871 -1.00557
0.38 2.75312 -1.10083
0.381 2.92677 -1.18959
0.382 3.08901 -1.27144
0.383 3.23918 -1.346
0.384 3.37669 -1.41291
0.385 3.50102 -1.47188
0.386 3.61166 -1.5226
0.387 3.70819 -1.56485
0.388 3.79022 -1.59842
0.389 3.85745 -1.62313
0.39 3.90962 -1.63886
0.391 3.94652 -1.64552
0.392 3.96802 -1.64305
0.393 3.97405 -1.63146
0.394 3.9646 -1.61076
0.395 3.93973 -1.58103
0.396 3.89956 -1.54237
0.397 3.84425 -1.49495
0.398 3.77407 -1.43893
0.399 3.68931 -1.37455
0.4 3.59034 -1.30208
0.401 3.47758 -1.22179
0.402 3.35151 -1.13404
0.403 3.21268 -1.03919
0.404 3.06168 -0.93762
0.405 2.89914 -0.829771
0.406 2.72577 -0.716092
0.407 2.5423 -0.597066
0.408 2.34951 -0.473195
0.409 2.14822 -0.345008
0.41 1.93929 -0.213049
0.411 1.72361 -0.0778821
0.412 1.50212 0.0599143
0.413 1.27574 0.199749
0.414 1.04546 0.341023
0.415 0.812264 0.483126
0.416 0.577151 0.625447
0.417 0.341136 0.76737
0.418 0.105239 0.908281
0.419 -0.12952 1.04757
0.42 -0.362123 1.18463
0.421 -0.591557 1.31887
0.422 -0.816822 1.44969
0.423 -1.03693 1.57653
0.424 -1.25092 1.69884
0.425 -1.45784 1.81607
0.426 -1.65679 1.92771
0.427 -1.84686 2.03327
0.428 -2.02722 2.13227
0.429 -2.19705 2.22428
0.43 -2.35557 2.30889
0.431 -2.50208 2.38573
0.432 -2.63588 2.45443
0.433 -2.75636 2.5147
0.434 -2.86294 2.56625
0.435 -2.95511 2.60886
0.436 -3.03241 2.64231
0.437 -3.09445 2.66646
0.438 -3.1409 2.68118
0.439 -3.17148 2.68639
0.44 -3.18601 2.68207
0.441 -3.18433 2.6682
0.442 -3.1664 2.64484
0.443 -3.1322 2.61209
0.444 -3.0818 2.57006
0.445 -3.01535 2.51893
0.446 -2.93304 2.45892
0.447 -2.83515 2.39027
0.448 -2.72202 2.31328
0.449 -2.59405 2.22828
0.45 -2.45171 2.13562
0.451 -2.29553 2.03572
0.452 -2.12609 1.929
0.453 -1.94404 1.81593
0.454 -1.75009 1.697
0.455 -1.54499 1.57274
0.456 -1.32954 1.4437
0.457 -1.1046 1.31045
0.458 -0.871048 1.17358
0.459 -0.629829 1.0337
0.46 -0.381908 0.891448
0.461 -0.128286 0.747455
0.462 0.130009 0.602376
0.463 0.391924 0.45687
0.464 0.656387 0.311604
0.465 0.922313 0.167243
0.466 1.1886 0.0244534
0.467 1.45415 -0.116101
0.468 1.71786 -0.253764
0.469 1.97862 -0.387888
0.47 2.23534 -0.517837
0.471 2.48693 -0.642992
0.472 2.73233 -0.762749
0.473 2.9705 -0.876526
0.474 3.20041 -0.983762
0.475 3.42107 -1.08392
0.476 3.63152 -1.1765
0.477 3.83085 -1.26103
0.478 4.01818 -1.33705
0.479 4.19268 -1.40415
0.48 4.35357 -1.46197
0.481 4.5001 -1.51018
0.482 4.63162 -1.54846
0.483 4.7475 -1.57658
0.484 4.84719 -1.59431
0.485 4.9302 -1.60149
0.486 4.99611 -1.598
0.487 5.04455 -1.58377
0.488 5.07524 -1.55875
0.489 5.08796 -1.52296
0.49 5.08258 -1.47647
0.491 5.05901 -1.41939
0.492 5.01727 -1.35187
0.493 4.95743 -1.27411
0.494 4.87964 -1.18636
0.495 4.78413 -1.08892
0.496 4.67119 -0.982114
0.497 4.54119 -0.866331
0.498 4.39458 -0.741989
0.499 4.23185 -0.609551
0.5 4.05359 -0.469516
0.501 3.86044 -0.32242
0.502 3.6531 -0.168835
0.503 3.43234 -0.00936384
0.504 3.19897 0.155359
0.505 2.95387 0.324673
0.506 2.69796 0.497891
0.507 2.43222 0.674305
0.508 2.15765 0.853184
0.509 1.87533 1.03378
0.51 1.58632 1.21535
0.511 1.29176 1.3971
0.512 0.992786 1.57827
0.513 0.690567 1.75806
0.514 0.386288 1.93571
0.515 0.0811435 2.11042
0.516 -0.223662 2.28142
0.517 -0.526924 2.44794
0.518 -0.827439 2.60922
0.519 -1.12401 2.76452
0.52 -1.41546 2.91313
0.521 -1.70061 3.05432
0.522 -1.97833 3.18743
0.523 -2.24749 3.31179
0.524 -2.50701 3.4268
0.525 -2.75585 3.53185
0.526 -2.99298 3.62639
0.527 -3.21745 3.7099
0.528 -3.42833 3.78191
0.529 -3.62476 3.84197
0.53 -3.80594 3.88969
0.531 -3.97112 3.92473
0.532 -4.1196 3.94679
0.533 -4.25076 3.95561
0.534 -4.36407 3.95099
0.535 -4.45902 3.9328
0.536 -4.53523 3.90092
0.537 -4.59234 3.85532
0.538 -4.63011 3.79601
0.539 -4.64836 3.72305
0.54 -4.64698 3.63657
0.541 -4.62595 3.53672
0.542 -4.58534 3.42374
0.543 -4.52528 3.29791
0.544 -4.44599 3.15956
0.545 -4.34777 3.00906
0.546 -4.23098 2.84685
0.547 -4.09609 2.67341
0.548 -3.94361 2.48927
0.549 -3.77414 2.29499
0.55 -3.58836 2.09119
0.551 -3.387 1.87854
0.552 -3.17085 1.65771
0.553 -2.94079 1.42944
0.554 -2.69775 1.1945
0.555 -2.44268 0.95367
0.556 -2.17664 0.707781
0.557 -1.9007 0.457674
0.558 -1.61597 0.204218
0.559 -1.32362 -0.051705
0.56 -1.02484 -0.309194
0.561 -0.720861 -0.567341
0.562 -0.412924 -0.825226
0.563 -0.1023 -1.08193
0.564 0.209728 -1.33652
0.565 0.521868 -1.5881
0.566 0.832824 -1.83573
0.567 1.1413 -2.07853
0.568 1.44601 -2.31559
0.569 1.74567 -2.54606
0.57 2.03902 -2.76908
0.571 2.32483 -2.98382
0.572 2.60187 -3.18949
0.573 2.86898 -3.38532
0.574 3.125 -3.57057
0.575 3.36884 -3.74455
0.576 3.59943 -3.90659
0.577 3.81578 -4.05609
0.578 4.01693 -4.19248
0.579 4.20199 -4.31522
0.58 4.37013 -4.42386
0.581 4.52058 -4.51796
0.582 4.65265 -4.59716
0.583 4.76571 -4.66114
0.584 4.85923 -4.70965
0.585 4.93271 -4.74249
0.586 4.98579 -4.75951
0.587 5.01813 -4.76065
0.588 5.02953 -4.74586
0.589 5.01982 -4.7152
0.59 4.98895 -4.66876
0.591 4.93695 -4.6067
0.592 4.86393 -4.52924
0.593 4.77008 -4.43666
0.594 4.65567 -4.32928
0.595 4.52108 -4.20751
0.596 4.36675 -4.07179
0.597 4.19319 -3.92261
0.598 4.00102 -3.76054
0.599 3.79092 -3.58618
0.6 3.56363 -3.40018
0.601 3.31998 -3.20323
0.602 3.06087 -2.99608
0.603 2.78725 -2.7795
0.604 2.50014 -2.55432
0.605 2.20061 -2.32138
0.606 1.88978 -2.08158
0.607 1.56884 -1.83581
0.608 1.239 -1.58502
0.609 0.901519 -1.33016
0.61 0.557684 -1.0722
0.611 0.208816 -0.812134
0.612 -0.143742 -0.55095
0.613 -0.498631 -0.289653
0.614 -0.854476 -0.0292447
0.615 -1.2099 0.229272
0.616 -1.56351 0.484903
0.617 -1.91394 0.736662
0.618 -2.25982 0.983577
0.619 -2.59979 1.22469
0.62 -2.93252 1.45908
0.621 -3.2567 1.68582
0.622 -3.57105 1.90404
0.623 -3.87434 2.11289
0.624 -4.16536 2.31155
0.625 -4.44296 2.49925
0.626 -4.70604 2.67526
0.627 -4.95355 2.83889
0.628 -5.1845 2.98948
0.629 -5.39797 3.12645
0.63 -5.5931 3.24926
0.631 -5.76911 3.35742
0.632 -5.92529 3.45049
0.633 -6.06099 3.52811
0.634 -6.17568 3.58995
0.635 -6.26887 3.63577
0.636 -6.34018 3.66537
0.637 -6.3893 3.67862
0.638 -6.41603 3.67545
0.639 -6.42024 3.65587
0.64 -6.40189 3.61992
0.641 -6.36103 3.56774
0.642 -6.29781 3.4995
0.643 -6.21245 3.41547
0.644 -6.10527 3.31593
0.645 -5.97668 3.20127
0.646 -5.82717 3.07191
0.647 -5.65731 2.92834
0.648 -5.46776 2.77109
0.649 -5.25925 2.60076
0.65 -5.03259 2.418
0.651 -4.78867 2.22349
0.652 -4.52842 2.01797
0.653 -4.25288 1.80223
0.654 -3.96312 1.57709
0.655 -3.66027 1.3434
0.656 -3.34553 1.10206
0.657 -3.02013 0.853979
0.658 -2.68535 0.600114
0.659 -2.34251 0.341433
0.66 -1.99297 0.0789251
0.661 -1.63809 -0.186406
0.662 -1.27929 -0.453546
0.663 -0.917969 -0.721471
0.664 -0.555568 -0.989157
0.665 -0.193516 -1.25558
0.666 0.166755 -1.51971
0.667 0.523819 -1.78055
0.668 0.876264 -2.0371
0.669 1.22269 -2.28837
0.67 1.56173 -2.5334
0.671 1.89204 -2.77125
0.672 2.21231 -3.00103
0.673 2.52128 -3.22183
0.674 2.81771 -3.43284
0.675 3.10044 -3.63323
0.676 3.36834 -3.82225
0.677 3.62036 -3.99917
0.678 3.8555 -4.16333
0.679 4.07283 -4.3141
0.68 4.2715 -4.4509
0.681 4.45071 -4.57323
0.682 4.60978 -4.68063
0.683 4.74806 -4.77268
0.684 4.86503 -4.84905
0.685 4.96023 -4.90946
0.686 5.0333 -4.95369
0.687 5.08395 -4.98157
0.688 5.112 -4.99303
0.689 5.11736 -4.98802
0.69 5.10002 -4.96658
0.691 5.06007 -4.9288
0.692 4.9977 -4.87486
0.693 4.91317 -4.80497
0.694 4.80684 -4.71942
0.695 4.67916 -4.61854
0.696 4.53067 -4.50276
0.697 4.362 -4.37252
0.698 4.17383 -4.22834
0.699 3.96696 -4.07079
0.7 3.74225 -3.9005
0.701 3.50062 -3.71813
0.702 3.24308 -3.52439
0.703 2.97069 -3.32005
0.704 2.68457 -3.10591
0.705 2.38592 -2.88279
0.706 2.07597 -2.65156
0.707 1.756 -2.41312
0.708 1.42733 -2.16839
0.709 1.09132 -1.91833
0.71 0.749365 -1.66388
0.711 0.402875 -1.40604
0.712 0.0532874 -1.14579
0.713 -0.29795 -0.88412
0.714 -0.649381 -0.62204
0.715 -0.999548 -0.360544
0.716 -1.347 -0.100625
0.717 -1.69028 0.156733
0.718 -2.02798 0.41056
0.719 -2.35867 0.659901
0.72 -2.68099 0.903824
0.721 -2.99359 1.14142
0.722 -3.29515 1.37181
0.723 -3.58442 1.59414
0.724 -3.86018 1.8076
0.725 -4.12126 2.01142
0.726 -4.36656 2.20485
0.727 -4.59505 2.38721
0.728 -4.80575 2.55786
0.729 -4.99776 2.71619
0.73 -5.17025 2.86167
0.731 -5.32248 2.99381
0.732 -5.45378 3.11218
0.733 -5.56356 3.21639
0.734 -5.65134 3.30614
0.735 -5.71671 3.38116
0.736 -5.75934 3.44126
0.737 -5.77902 3.48631
0.738 -5.77562 3.51623
0.739 -5.7491 3.53101
0.74 -5.69951 3.5307
0.741 -5.62701 3.51542
0.742 -5.53184 3.48535
0.743 -5.41433 3.44072
0.744 -5.27491 3.38182
0.745 -5.11409 3.30901
0.746 -4.93248 3.2227
0.747 -4.73077 3.12335
0.748 -4.50972 3.01149
0.749 -4.27018 2.88768
0.75 -4.01307 2.75254
0.751 -3.7394 2.60672
0.752 -3.45021 2.45095
0.753 -3.14665 2.28595
0.754 -2.82989 2.11252
0.755 -2.50119 1.93147
0.756 -2.16181 1.74364
0.757 -1.81311 1.54991
0.758 -1.45645 1.35116
0.759 -1.09325 1.14833
0.76 -0.724922 0.942328
0.761 -0.352936 0.734103
0.762 0.0212393 0.524601
0.763 0.396124 0.314774
0.764 0.770232 0.105575
0.765 1.14208 -0.102052
0.766 1.5102 -0.307166
0.767 1.87312 -0.508841
0.768 2.2294 -0.706167
0.769 2.57764 -0.898254
0.77 2.91644 -1.08423
0.771 3.24447 -1.26327
0.772 3.56041 -1.43455
0.773 3.86302 -1.5973
0.774 4.1511 -1.75078
0.775 4.42349 -1.8943
0.776 4.67912 -2.0272
0.777 4.91699 -2.14887
0.778 5.13613 -2.25876
0.779 5.3357 -2.35635
0.78 5.5149 -2.44119
0.781 5.67303 -2.51288
0.782 5.80947 -2.57108
0.783 5.92369 -2.61549
0.784 6.01524 -2.64589
0.785 6.08377 -2.66212
0.786 6.12903 -2.66407
0.787 6.15085 -2.65169
0.788 6.14916 -2.625
0.789 6.124 -2.58409
0.79 6.07549 -2.52908
0.791 6.00384 -2.46018
0.792 5.90936 -2.37765
0.793 5.79247 -2.28181
0.794 5.65365 -2.17303
0.795 5.49349 -2.05175
0.796 5.31267 -1.91846
0.797 5.11193 -1.77368
0.798 4.89213 -1.61802
0.799 4.65417 -1.4521
0.8 4.39904 -1.27661
0.801 4.12782 -1.09226
0.802 3.84161 -0.899826
0.803 3.54161 -0.700099
0.804 3.22907 -0.493909
0.805 2.90528 -0.282115
0.806 2.57158 -0.0656032
0.807 2.22937 0.154721
0.808 1.88004 0.377934
0.809 1.52507 0.603096
0.81 1.16591 0.829258
0.811 0.804062 1.05546
0.812 0.441022 1.28076
0.813 0.0782994 1.50418
0.814 -0.2826 1.72479
0.815 -0.640175 1.94164
0.816 -0.99294 2.1538
0.817 -1.33943 2.36036
0.818 -1.67819 2.56044
0.819 -2.00782 2.75317
0.82 -2.32694 2.93772
0.821 -2.63422 3.11329
0.822 -2.92837 3.2791
0.823 -3.20816 3.43444
0.824 -3.47241 3.57861
0.825 -3.72002 3.71098
0.826 -3.94993 3.83096
0.827 -4.16119 3.93799
0.828 -4.35288 4.0316
0.829 -4.5242 4.11134
0.83 -4.67442 4.17684
0.831 -4.80287 4.22778
0.832 -4.90902 4.26389
0.833 -4.99238 4.28499
0.834 -5.05259 4.29092
0.835 -5.08936 4.28163
0.836 -5.10252 4.25709
0.837 -5.09198 4.21736
0.838 -5.05774 4.16256
0.839 -4.99992 4.09285
0.84 -4.91872 4.00849
0.841 -4.81444 3.90977
0.842 -4.68748 3.79706
0.843 -4.53834 3.67078
0.844 -4.36759 3.5314
0.845 -4.17591 3.37946
0.846 -3.96405 3.21555
0.847 -3.73285 3.0403
0.848 -3.48325 2.85441
0.849 -3.21624 2.65859
0.85 -2.93289 2.45364
0.851 -2.63435 2.24036
0.852 -2.32182 2.01961
0.853 -1.99656 1.79227
0.854 -1.6599 1.55926
0.855 -1.31319 1.32151
0.856 -0.957863 1.07999
0.857 -0.595353 0.835677
0.858 -0.227143 0.589567
0.859 0.145261 0.342664
0.86 0.520332 0.0959773
0.861 0.896534 -0.14948
0.862 1.27232 -0.392699
0.863 1.64614 -0.632676
0.864 2.01645 -0.868419
0.865 2.38173 -1.09895
0.866 2.74045 -1.32331
0.867 3.09114 -1.54057
0.868 3.43234 -1.7498
0.869 3.76261 -1.95015
0.87 4.08058 -2.14075
0.871 4.38493 -2.32081
0.872 4.67435 -2.48955
0.873 4.94764 -2.64626
0.874 5.20364 -2.79027
0.875 5.44125 -2.92094
0.876 5.65946 -3.03771
0.877 5.85732 -3.14007
0.878 6.03398 -3.22755
0.879 6.18865 -3.29976
0.88 6.32065 -3.35636
0.881 6.42937 -3.39708
0.882 6.51432 -3.42171
0.883 6.57508 -3.43011
0.884 6.61133 -3.4222
0.885 6.62286 -3.39797
0.886 6.60956 -3.35747
0.887 6.5714 -3.30084
0.888 6.50847 -3.22825
0.889 6.42095 -3.13997
0.89 6.30912 -3.03631
0.891 6.17336 -2.91767
0.892 6.01416 -2.78448
0.893 5.83207 -2.63726
0.894 5.62777 -2.47657
0.895 5.40201 -2.30304
0.896 5.15563 -2.11734
0.897 4.88956 -1.9202
0.898 4.60479 -1.71242
0.899 4.30243 -1.4948
0.9 3.98361 -1.26822
0.901 3.64956 -1.03359
0.902 3.30156 -0.79185
0.903 2.94096 -0.543978
0.904 2.56915 -0.290978
0.905 2.18757 -0.033879
0.906 1.7977 0.226269
0.907 1.40106 0.488401
0.908 0.999185 0.751439
0.909 0.593653 1.0143
0.91 0.186045 1.27589
0.911 -0.222046 1.53512
0.912 -0.629021 1.79092
0.913 -1.03329 2.04221
0.914 -1.43326 2.28792
0.915 -1.82736 2.52703
0.916 -2.21405 2.75851
0.917 -2.59181 2.98138
0.918 -2.95914 3.19467
0.919 -3.31462 3.39745
0.92 -3.65683 3.58885
0.921 -3.98442 3.76801
0.922 -4.29612 3.93414
0.923 -4.59069 4.08648
0.924 -4.86697 4.22434
0.925 -5.12388 4.34707
0.926 -5.3604 4.45409
0.927 -5.57561 4.54487
0.928 -5.76865 4.61894
0.929 -5.93878 4.67591
0.93 -6.08532 4.71544
0.931 -6.2077 4.73728
0.932 -6.30546 4.74121
0.933 -6.3782 4.72711
0.934 -6.42565 4.69493
0.935 -6.44764 4.64467
0.936 -6.44409 4.57643
0.937 -6.41503 4.49036
0.938 -6.36059 4.38668
0.939 -6.28099 4.26569
0.94 -6.17658 4.12775
0.941 -6.04779 3.97329
0.942 -5.89514 3.80281
0.943 -5.71926 3.61687
0.944 -5.52088 3.41608
0.945 -5.3008 3.20114
0.946 -5.05991 2.97279
0.947 -4.79921 2.7318
0.948 -4.51975 2.47903
0.949 -4.22267 2.21537
0.95 -3.90918 1.94175
0.951 -3.58056 1.65916
0.952 -3.23814 1.3686
0.953 -2.88331 1.07113
0.954 -2.51753 0.767813
0.955 -2.14227 0.459762
0.956 -1.75906 0.148097
0.957 -1.36947 -0.166044
0.958 -0.975082 -0.481509
0.959 -0.5775 -0.797139
0.96 -0.178345 -1.11177
0.961 0.220755 -1.42425
0.962 0.618171 -1.73342
0.963 1.01228 -2.03813
0.964 1.40148 -2.33726
0.965 1.78417 -2.6297
0.966 2.15879 -2.91436
0.967 2.5238 -3.19018
0.968 2.87771 -3.45615
0.969 3.21907 -3.71126
0.97 3.54647 -3.95458
0.971 3.85856 -4.1852
0.972 4.15406 -4.40227
0.973 4.43174 -4.60496
0.974 4.69046 -4.79254
0.975 4.92915 -4.96431
0.976 5.1468 -5.11964
0.977 5.3425 -5.25794
0.978 5.51544 -5.37872
0.979 5.66487 -5.48152
0.98 5.79017 -5.56599
0.981 5.89078 -5.63181
0.982 5.96627 -5.67875
0.983 6.01629 -5.70665
0.984 6.04061 -5.71543
0.985 6.03908 -5.70507
0.986 6.01167 -5.67564
0.987 5.95845 -5.62725
0.988 5.8796 -5.56012
0.989 5.77539 -5.47453
0.99 5.6462 -5.37082
0.991 5.4925 -5.24941
0.992 5.31488 -5.11077
0.993 5.11401 -4.95548
0.994 4.89066 -4.78413
0.995 4.64569 -4.5974
0.996 4.38003 -4.39603
0.997 4.09472 -4.18081
0.998 3.79087 -3.95259
0.999 3.46966 -3.71224
1 3.13234 -3.46072
