0.001 3.51656e-008 2.72846e-009
0.002 3.19034e-007 2.19112e-008
0.003 1.49908e-006 9.09149e-008
0.004 4.95163e-006 2.66741e-007
0.005 1.30723e-005 6.32534e-007
0.006 2.95564e-005 1.30179e-006
0.007 5.96663e-005 2.42465e-006
0.008 0.000110484 4.19683e-006
0.009 0.000191146 6.87136e-006
0.01 0.00031306 1.07737e-005
0.011 0.000490094 1.63203e-005
0.012 0.000738751 2.40412e-005
0.013 0.00107831 3.46068e-005
0.014 0.00153094 4.88583e-005
0.015 0.0021218 6.78431e-005
0.016 0.00287907 9.28546e-005
0.017 0.00383402 0.000125476
0.018 0.00502095 0.000167629
0.019 0.00647722 0.000221627
0.02 0.00824311 0.000290231
0.021 0.0103618 0.000376711
0.022 0.012879 0.00048491
0.023 0.0158433 0.000619312
0.024 0.0193053 0.000785113
0.025 0.023318 0.000988294
0.026 0.0279359 0.00123569
0.027 0.0332153 0.00153509
0.028 0.0392138 0.00189526
0.029 0.0459897 0.00232609
0.03 0.0536018 0.00283862
0.031 0.0621091 0.00344513
0.032 0.0715705 0.00415921
0.033 0.0820437 0.00499585
0.034 0.0935858 0.00597146
0.035 0.106252 0.00710399
0.036 0.120095 0.00841294
0.037 0.135165 0.00991942
0.038 0.151511 0.0116462
0.039 0.169175 0.0136178
0.04 0.188198 0.0158603
0.041 0.208615 0.0184018
0.042 0.230456 0.0212718
0.043 0.253748 0.0245018
0.044 0.278507 0.0281249
0.045 0.304749 0.0321759
0.046 0.332478 0.0366912
0.047 0.361695 0.041709
0.048 0.39239 0.0472687
0.049 0.424548 0.0534114
0.05 0.458146 0.0601795
0.051 0.49315 0.0676165
0.052 0.529521 0.0757671
0.053 0.56721 0.0846768
0.054 0.606158 0.0943921
0.055 0.646299 0.10496
0.056 0.687557 0.116428
0.057 0.729849 0.128844
0.058 0.773081 0.142254
0.059 0.817151 0.156708
0.06 0.86195 0.172251
0.061 0.907359 0.18893
0.062 0.953251 0.20679
0.063 0.999492 0.225875
0.064 1.04594 0.246227
0.065 1.09245 0.267887
0.066 1.13887 0.290892
0.067 1.18503 0.315279
0.068 1.23076 0.34108
0.069 1.27591 0.368325
0.07 1.32029 0.397041
0.071 1.36373 0.427249
0.072 1.40604 0.458969
0.073 1.44704 0.492213
0.074 1.48655 0.526992
0.075 1.52439 0.56331
0.076 1.56037 0.601165
0.077 1.59431 0.64055
0.078 1.62603 0.681454
0.079 1.65535 0.723856
0.08 1.6821 0.767731
0.081 1.70612 0.813049
0.082 1.72724 0.859769
0.083 1.74531 0.907846
0.084 1.76018 0.957228
0.085 1.77172 1.00785
0.086 1.77979 1.05965
0.087 1.78428 1.11256
0.088 1.78508 1.16648
0.089 1.78209 1.22132
0.09 1.77524 1.277
0.091 1.76445 1.3334
0.092 1.74967 1.39042
0.093 1.73086 1.44792
0.094 1.70799 1.50579
0.095 1.68106 1.56388
0.096 1.65006 1.62206
0.097 1.61503 1.68019
0.098 1.57599 1.7381
0.099 1.53302 1.79563
0.1 1.48618 1.85263
0.101 1.43555 1.90891
0.102 1.38126 1.96431
0.103 1.32343 2.01865
0.104 1.26219 2.07173
0.105 1.19771 2.12339
0.106 1.13016 2.17342
0.107 1.05973 2.22163
0.108 0.986634 2.26784
0.109 0.911087 2.31186
0.11 0.833327 2.35348
0.111 0.753604 2.39252
0.112 0.67218 2.42878
0.113 0.58933 2.46208
0.114 0.50534 2.49224
0.115 0.420505 2.51906
0.116 0.33513 2.54238
0.117 0.249527 2.56202
0.118 0.164016 2.57782
0.119 0.078921 2.58961
0.12 -0.00542875 2.59725
0.121 -0.0887016 2.60059
0.122 -0.170564 2.59949
0.123 -0.250683 2.59384
0.124 -0.328726 2.58352
0.125 -0.404364 2.56843
0.126 -0.477271 2.54848
0.127 -0.547127 2.52359
0.128 -0.613621 2.49369
0.129 -0.676448 2.45874
0.13 -0.735313 2.4187
0.131 -0.789934 2.37355
0.132 -0.84004 2.32328
0.133 -0.885377 2.26791
0.134 -0.925702 2.20746
0.135 -0.960792 2.14197
0.136 -0.990441 2.0715
0.137 -1.01446 1.99613
0.138 -1.03269 1.91596
0.139 -1.04498 1.83109
0.14 -1.0512 1.74166
0.141 -1.05126 1.6478
0.142 -1.04508 1.54968
0.143 -1.03261 1.44749
0.144 -1.01382 1.3414
0.145 -0.988712 1.23165
0.146 -0.95731 1.11845
0.147 -0.919664 1.00206
0.148 -0.875855 0.882717
0.149 -0.825986 0.760709
0.15 -0.770189 0.636319
0.151 -0.708623 0.509846
0.152 -0.641471 0.381604
0.153 -0.568944 0.251914
0.154 -0.491277 0.121112
0.155 -0.408731 -0.0104606
0.156 -0.321591 -0.142451
0.157 -0.230165 -0.274499
0.158 -0.134782 -0.40624
0.159 -0.0357947 -0.537303
0.16 0.0664255 -0.667313
0.161 0.171488 -0.795891
0.162 0.278984 -0.922659
0.163 0.38849 -1.04724
0.164 0.499566 -1.16925
0.165 0.611761 -1.28831
0.166 0.72461 -1.40406
0.167 0.837641 -1.51612
0.168 0.950373 -1.62414
0.169 1.06232 -1.72776
0.17 1.17299 -1.82664
0.171 1.28189 -1.92045
0.172 1.38853 -2.00886
0.173 1.49242 -2.09157
0.174 1.59306 -2.16828
0.175 1.68999 -2.23872
0.176 1.78272 -2.30262
0.177 1.87079 -2.35974
0.178 1.95376 -2.40986
0.179 2.03119 -2.45277
0.18 2.10265 -2.4883
0.181 2.16775 -2.51628
0.182 2.2261 -2.53658
0.183 2.27735 -2.54907
0.184 2.32114 -2.55369
0.185 2.35718 -2.55035
0.186 2.38518 -2.53903
0.187 2.40487 -2.51971
0.188 2.41604 -2.4924
0.189 2.41848 -2.45716
0.19 2.41203 -2.41405
0.191 2.39656 -2.36317
0.192 2.37196 -2.30463
0.193 2.33818 -2.2386
0.194 2.29519 -2.16525
0.195 2.243 -2.08478
0.196 2.18164 -1.99743
0.197 2.1112 -1.90346
0.198 2.0318 -1.80313
0.199 1.94359 -1.69677
0.2 1.84676 -1.5847
0.201 1.74154 -1.46727
0.202 1.62819 -1.34485
0.203 1.507 -1.21785
0.204 1.37831 -1.08668
0.205 1.24248 -0.951764
0.206 1.0999 -0.813557
0.207 0.950997 -0.672522
0.208 0.796234 -0.529139
0.209 0.63609 -0.383898
0.21 0.471073 -0.237303
0.211 0.301719 -0.0898627
0.212 0.128583 0.057903
0.213 -0.0477588 0.20547
0.214 -0.22671 0.352312
0.215 -0.40766 0.497897
0.216 -0.589983 0.641696
0.217 -0.773043 0.783181
0.218 -0.956192 0.921828
0.219 -1.13878 1.05712
0.22 -1.32015 1.18854
0.221 -1.49963 1.31558
0.222 -1.67658 1.43777
0.223 -1.85034 1.55462
0.224 -2.02027 1.66566
0.225 -2.18571 1.77046
0.226 -2.34605 1.86858
0.227 -2.50067 1.95961
0.228 -2.64897 2.04318
0.229 -2.79038 2.11891
0.23 -2.92434 2.18647
0.231 -3.05031 2.24555
0.232 -3.1678 2.29587
0.233 -3.27631 2.33716
0.234 -3.37542 2.36921
0.235 -3.46469 2.39181
0.236 -3.54376 2.40481
0.237 -3.61227 2.40808
0.238 -3.66992 2.40151
0.239 -3.71644 2.38505
0.24 -3.75161 2.35866
0.241 -3.77525 2.32236
0.242 -3.7872 2.27619
0.243 -3.78739 2.22021
0.244 -3.77574 2.15455
0.245 -3.75226 2.07934
0.246 -3.71698 1.99477
0.247 -3.66999 1.90106
0.248 -3.61141 1.79845
0.249 -3.54142 1.68722
0.25 -3.46024 1.56768
0.251 -3.36813 1.44019
0.252 -3.2654 1.30511
0.253 -3.1524 1.16285
0.254 -3.02953 1.01383
0.255 -2.89721 0.858527
0.256 -2.75591 0.697406
0.257 -2.60615 0.530978
0.258 -2.44847 0.359767
0.259 -2.28345 0.18432
0.26 -2.11169 0.00520061
0.261 -1.93384 -0.177012
0.262 -1.75055 -0.361726
0.263 -1.56253 -0.548336
0.264 -1.37048 -0.736227
0.265 -1.17513 -0.924778
0.266 -0.977231 -1.11336
0.267 -0.777541 -1.30135
0.268 -0.576834 -1.48811
0.269 -0.375887 -1.67302
0.27 -0.175484 -1.85545
0.271 0.0235911 -2.03478
0.272 0.220555 -2.2104
0.273 0.41463 -2.38172
0.274 0.605046 -2.54814
0.275 0.791044 -2.7091
0.276 0.97188 -2.86404
0.277 1.14683 -3.01243
0.278 1.31518 -3.15375
0.279 1.47624 -3.28752
0.28 1.62937 -3.41327
0.281 1.77393 -3.53056
0.282 1.90933 -3.63899
0.283 2.035 -3.73818
0.284 2.15041 -3.82777
0.285 2.25507 -3.90746
0.286 2.34854 -3.97696
0.287 2.43042 -4.03604
0.288 2.50033 -4.08447
0.289 2.55798 -4.1221
0.29 2.60308 -4.14879
0.291 2.63543 -4.16445
0.292 2.65486 -4.16901
0.293 2.66125 -4.16247
0.294 2.65454 -4.14484
0.295 2.63472 -4.11619
0.296 2.60182 -4.07663
0.297 2.55595 -4.02628
0.298 2.49725 -3.96533
0.299 2.42591 -3.894
0.3 2.3422 -3.81254
0.301 2.2464 -3.72124
0.302 2.13887 -3.62041
0.303 2.02 -3.51043
0.304 1.89026 -3.39169
0.305 1.75012 -3.26459
0.306 1.60013 -3.12961
0.307 1.44086 -2.9872
0.308 1.27294 -2.83789
0.309 1.09701 -2.6822
0.31 0.913771 -2.52068
0.311 0.723944 -2.35391
0.312 0.528282 -2.18248
0.313 0.327564 -2.00698
0.314 0.122594 -1.82805
0.315 -0.0858048 -1.64631
0.316 -0.296792 -1.4624
0.317 -0.509512 -1.27696
0.318 -0.7231 -1.09066
0.319 -0.936682 -0.904132
0.32 -1.14938 -0.718035
0.321 -1.36033 -0.533013
0.322 -1.56864 -0.349708
0.323 -1.77346 -0.168752
0.324 -1.97392 0.00923468
0.325 -2.1692 0.183643
0.326 -2.35845 0.353881
0.327 -2.54089 0.519374
0.328 -2.71572 0.679566
0.329 -2.88221 0.833926
0.33 -3.03962 0.981946
0.331 -3.18728 1.12314
0.332 -3.32452 1.25706
0.333 -3.45074 1.38328
0.334 -3.56537 1.50141
0.335 -3.66789 1.61107
0.336 -3.75781 1.71196
0.337 -3.8347 1.80378
0.338 -3.89819 1.88628
0.339 -3.94794 1.95923
0.34 -3.98369 2.02246
0.341 -4.00521 2.07584
0.342 -4.01235 2.11925
0.343 -4.005 2.15265
0.344 -3.98311 2.17601
0.345 -3.9467 2.18935
0.346 -3.89583 2.19273
0.347 -3.83063 2.18625
0.348 -3.75129 2.17005
0.349 -3.65805 2.14431
0.35 -3.55121 2.10924
0.351 -3.43112 2.06508
0.352 -3.2982 2.01214
0.353 -3.1529 1.95073
0.354 -2.99575 1.8812
0.355 -2.82729 1.80394
0.356 -2.64815 1.71937
0.357 -2.45897 1.62793
0.358 -2.26045 1.5301
0.359 -2.05333 1.42636
0.36 -1.83838 1.31724
0.361 -1.61641 1.20328
0.362 -1.38825 1.08503
0.363 -1.15477 0.963059
0.364 -0.916848 0.83796
0.365 -0.675401 0.710327
0.366 -0.431351 0.580765
0.367 -0.185634 0.449886
0.368 0.0608024 0.318303
0.369 0.307007 0.186632
0.37 0.552028 0.0554864
0.371 0.794913 -0.0745236
0.372 1.03472 -0.202795
0.373 1.27051 -0.328735
0.374 1.50137 -0.451762
0.375 1.7264 -0.571306
0.376 1.94471 -0.686817
0.377 2.15545 -0.797763
0.378 2.35779 -0.90363
0.379 2.55094 -1.00393
0.38 2.73414 -1.0982
0.381 2.90667 -1.18601
0.382 3.06785 -1.26694
0.383 3.21705 -1.34062
0.384 3.35368 -1.4067
0.385 3.47721 -1.46488
0.386 3.58715 -1.51487
0.387 3.68307 -1.55644
0.388 3.76461 -1.58937
0.389 3.83143 -1.61352
0.39 3.8833 -1.62874
0.391 3.92001 -1.63496
0.392 3.94143 -1.63212
0.393 3.94749 -1.62021
0.394 3.93818 -1.59927
0.395 3.91355 -1.56936
0.396 3.87372 -1.5306
0.397 3.81888 -1.48314
0.398 3.74926 -1.42715
0.399 3.66517 -1.36288
0.4 3.56696 -1.29057
0.401 3.45507 -1.21052
0.402 3.32997 -1.12307
0.403 3.19219 -1.02857
0.404 3.04233 -0.927427
0.405 2.88101 -0.820059
0.406 2.70894 -0.706918
0.407 2.52684 -0.588483
0.408 2.33548 -0.465254
0.409 2.13569 -0.337755
0.41 1.92831 -0.206527
0.411 1.71423 -0.0721315
0.412 1.49437 0.0648582
0.413 1.26967 0.203855
0.414 1.04109 0.344263
0.415 0.809604 0.485479
0.416 0.576218 0.626893
0.417 0.341934 0.767896
0.418 0.107762 0.907879
0.419 -0.125283 1.04623
0.42 -0.356191 1.18236
0.421 -0.583959 1.31567
0.422 -0.807592 1.44558
0.423 -1.02611 1.57152
0.424 -1.23856 1.69294
0.425 -1.444 1.80932
0.426 -1.64153 1.92013
0.427 -1.83026 2.02488
0.428 -2.00935 2.12313
0.429 -2.17799 2.21442
0.43 -2.33542 2.29836
0.431 -2.48093 2.37456
0.432 -2.61383 2.4427
0.433 -2.73352 2.50244
0.434 -2.83941 2.55354
0.435 -2.93101 2.59574
0.436 -3.00786 2.62886
0.437 -3.06957 2.65273
0.438 -3.1158 2.66724
0.439 -3.1463 2.67232
0.44 -3.16087 2.66792
0.441 -3.15936 2.65405
0.442 -3.14172 2.63076
0.443 -3.10794 2.59814
0.444 -3.05809 2.55632
0.445 -2.99231 2.50548
0.446 -2.91079 2.44581
0.447 -2.81382 2.37757
0.448 -2.70172 2.30106
0.449 -2.5749 2.21659
0.45 -2.43382 2.12454
0.451 -2.27899 2.02529
0.452 -2.11102 1.91928
0.453 -1.93053 1.80697
0.454 -1.73823 1.68886
0.455 -1.53485 1.56545
0.456 -1.32121 1.43731
0.457 -1.09813 1.30499
0.458 -0.866517 1.16908
0.459 -0.627284 1.03019
0.46 -0.381394 0.888939
0.461 -0.129838 0.74597
0.462 0.126362 0.601926
0.463 0.386164 0.457461
0.464 0.648504 0.313235
0.465 0.912307 0.169909
0.466 1.17648 0.0281433
0.467 1.43994 -0.111404
0.468 1.70157 -0.248081
0.469 1.9603 -0.381248
0.47 2.21503 -0.510273
0.471 2.46469 -0.634542
0.472 2.70822 -0.753456
0.473 2.94459 -0.866439
0.474 3.17278 -0.972935
0.475 3.39181 -1.07241
0.476 3.60073 -1.16437
0.477 3.79863 -1.24834
0.478 3.98465 -1.32388
0.479 4.15795 -1.39058
0.48 4.31775 -1.44808
0.481 4.46334 -1.49603
0.482 4.59405 -1.53415
0.483 4.70926 -1.56219
0.484 4.80842 -1.57993
0.485 4.89105 -1.58722
0.486 4.95673 -1.58392
0.487 5.00509 -1.56996
0.488 5.03586 -1.54532
0.489 5.04882 -1.51
0.49 5.04382 -1.46407
0.491 5.0208 -1.40764
0.492 4.97976 -1.34086
0.493 4.92078 -1.26393
0.494 4.844 -1.17709
0.495 4.74964 -1.08065
0.496 4.638 -0.974922
0.497 4.50945 -0.860292
0.498 4.36441 -0.737177
0.499 4.2034 -0.606034
0.5 4.02697 -0.467358
0.501 3.83578 -0.32168
0.502 3.6305 -0.169567
0.503 3.4119 -0.0116158
0.504 3.1808 0.151545
0.505 2.93805 0.319261
0.506 2.68457 0.49085
0.507 2.42133 0.665612
0.508 2.14932 0.842824
0.509 1.8696 1.02175
0.51 1.58324 1.20163
0.511 1.29135 1.38171
0.512 0.995071 1.56122
0.513 0.69555 1.73937
0.514 0.393963 1.91541
0.515 0.0914957 2.08854
0.516 -0.21066 2.258
0.517 -0.51131 2.42304
0.518 -0.809262 2.5829
0.519 -1.10333 2.73684
0.52 -1.39235 2.88415
0.521 -1.67515 3.02413
0.522 -1.95061 3.1561
0.523 -2.21761 3.27943
0.524 -2.47509 3.3935
0.525 -2.72199 3.49771
0.526 -2.95733 3.59152
0.527 -3.18013 3.67441
0.528 -3.3895 3.74592
0.529 -3.58457 3.8056
0.53 -3.76455 3.85307
0.531 -3.92868 3.88799
0.532 -4.07629 3.91005
0.533 -4.20677 3.91901
0.534 -4.31956 3.91468
0.535 -4.41418 3.8969
0.536 -4.49024 3.86557
0.537 -4.54739 3.82066
0.538 -4.58539 3.76218
0.539 -4.60405 3.69018
0.54 -4.60327 3.60479
0.541 -4.58304 3.50618
0.542 -4.5434 3.39456
0.543 -4.48449 3.27022
0.544 -4.40654 3.13347
0.545 -4.30982 2.9847
0.546 -4.19471 2.82434
0.547 -4.06165 2.65286
0.548 -3.91116 2.47077
0.549 -3.74384 2.27865
0.55 -3.56033 2.0771
0.551 -3.36138 1.86677
0.552 -3.14777 1.64834
0.553 -2.92036 1.42255
0.554 -2.68007 1.19014
0.555 -2.42785 0.951895
0.556 -2.16473 0.708632
0.557 -1.89178 0.461185
0.558 -1.6101 0.210412
0.559 -1.32085 -0.0428136
0.56 -1.0252 -0.297601
0.561 -0.724361 -0.55305
0.562 -0.419577 -0.808254
0.563 -0.112099 -1.0623
0.564 0.196803 -1.31427
0.565 0.50585 -1.56327
0.566 0.813759 -1.80838
0.567 1.11925 -2.04872
0.568 1.42104 -2.2834
0.569 1.71787 -2.51157
0.57 2.00848 -2.73238
0.571 2.29166 -2.94501
0.572 2.5662 -3.14868
0.573 2.83094 -3.34263
0.574 3.08473 -3.52613
0.575 3.32649 -3.69848
0.576 3.55517 -3.85905
0.577 3.76977 -4.00721
0.578 3.96936 -4.14242
0.579 4.15304 -4.26414
0.58 4.31999 -4.37191
0.581 4.46946 -4.46532
0.582 4.60076 -4.54399
0.583 4.71326 -4.60763
0.584 4.80643 -4.65597
0.585 4.87979 -4.68881
0.586 4.93295 -4.70602
0.587 4.96561 -4.70752
0.588 4.97753 -4.69328
0.589 4.96858 -4.66335
0.59 4.93869 -4.61781
0.591 4.88788 -4.55683
0.592 4.81626 -4.48061
0.593 4.72403 -4.38944
0.594 4.61144 -4.28365
0.595 4.47887 -4.16362
0.596 4.32674 -4.02978
0.597 4.15558 -3.88265
0.598 3.96598 -3.72276
0.599 3.75862 -3.55072
0.6 3.53422 -3.36716
0.601 3.29362 -3.17277
0.602 3.03768 -2.96828
0.603 2.76736 -2.75447
0.604 2.48366 -2.53215
0.605 2.18763 -2.30215
0.606 1.8804 -2.06534
0.607 1.56312 -1.82264
0.608 1.237 -1.57496
0.609 0.903281 -1.32324
0.61 0.563235 -1.06845
0.611 0.218168 -0.81156
0.612 -0.130592 -0.553557
0.613 -0.481699 -0.29543
0.614 -0.833796 -0.0381687
0.615 -1.18552 0.217236
0.616 -1.5355 0.469801
0.617 -1.88237 0.718552
0.618 -2.22478 0.962529
0.619 -2.56138 1.20079
0.62 -2.89087 1.4324
0.621 -3.21194 1.65648
0.622 -3.52334 1.87215
0.623 -3.82382 2.07857
0.624 -4.11221 2.27493
0.625 -4.38736 2.46048
0.626 -4.64819 2.63448
0.627 -4.89364 2.79625
0.628 -5.12275 2.94515
0.629 -5.3346 3.08061
0.63 -5.52833 3.20208
0.631 -5.70318 3.30908
0.632 -5.85843 3.40118
0.633 -5.99346 3.47802
0.634 -6.10771 3.53928
0.635 -6.20072 3.58471
0.636 -6.27209 3.61412
0.637 -6.32154 3.62739
0.638 -6.34884 3.62444
0.639 -6.35387 3.60527
0.64 -6.33659 3.56994
0.641 -6.29704 3.51856
0.642 -6.23537 3.45134
0.643 -6.1518 3.3685
0.644 -6.04664 3.27035
0.645 -5.92029 3.15726
0.646 -5.77323 3.02964
0.647 -5.60603 2.88798
0.648 -5.41933 2.73282
0.649 -5.21385 2.56472
0.65 -4.99039 2.38434
0.651 -4.74982 2.19236
0.652 -4.49309 1.9895
0.653 -4.22118 1.77653
0.654 -3.93518 1.55427
0.655 -3.63619 1.32356
0.656 -3.3254 1.08529
0.657 -3.00402 0.840354
0.658 -2.67332 0.5897
0.659 -2.3346 0.334283
0.66 -1.98919 0.0750785
0.661 -1.63847 -0.186921
0.662 -1.2838 -0.450713
0.663 -0.926595 -0.715289
0.664 -0.568264 -0.979634
0.665 -0.210223 -1.24274
0.666 0.146113 -1.50359
0.667 0.499334 -1.76119
0.668 0.848042 -2.01456
0.669 1.19086 -2.26273
0.67 1.52642 -2.50473
0.671 1.85341 -2.73966
0.672 2.17052 -2.96661
0.673 2.4765 -3.18471
0.674 2.77015 -3.39314
0.675 3.05029 -3.59109
0.676 3.31582 -3.77781
0.677 3.56569 -3.95258
0.678 3.79892 -4.11476
0.679 4.01457 -4.26371
0.68 4.21181 -4.39888
0.681 4.38985 -4.51975
0.682 4.548 -4.62588
0.683 4.68564 -4.71685
0.684 4.80223 -4.79234
0.685 4.89732 -4.85207
0.686 4.97054 -4.89581
0.687 5.02162 -4.92341
0.688 5.05036 -4.93479
0.689 5.05668 -4.9299
0.69 5.04057 -4.90879
0.691 5.0021 -4.87155
0.692 4.94145 -4.81833
0.693 4.8589 -4.74936
0.694 4.75478 -4.66491
0.695 4.62954 -4.56533
0.696 4.48372 -4.45102
0.697 4.31791 -4.32243
0.698 4.13281 -4.18007
0.699 3.92918 -4.0245
0.7 3.70789 -3.85634
0.701 3.46983 -3.67624
0.702 3.21601 -3.48491
0.703 2.94746 -3.28311
0.704 2.6653 -3.0716
0.705 2.3707 -2.85123
0.706 2.06487 -2.62284
0.707 1.74908 -2.38732
0.708 1.42464 -2.14559
0.709 1.09289 -1.89857
0.71 0.755193 -1.64722
0.711 0.412954 -1.3925
0.712 0.067589 -1.13539
0.713 -0.279472 -0.876884
0.714 -0.62679 -0.617955
0.715 -0.972925 -0.359594
0.716 -1.31644 -0.102781
0.717 -1.65591 0.151512
0.718 -1.98992 0.402325
0.719 -2.31708 0.648718
0.72 -2.63602 0.889767
0.721 -2.94542 1.12458
0.722 -3.24398 1.35227
0.723 -3.53044 1.57202
0.724 -3.80361 1.78302
0.725 -4.06234 1.98449
0.726 -4.30553 2.17572
0.727 -4.53215 2.35601
0.728 -4.74124 2.52474
0.729 -4.9319 2.68132
0.73 -5.10332 2.8252
0.731 -5.25475 2.95592
0.732 -5.38553 3.07303
0.733 -5.49509 3.17616
0.734 -5.58292 3.26501
0.735 -5.64862 3.33931
0.736 -5.69188 3.39887
0.737 -5.71248 3.44356
0.738 -5.71027 3.47331
0.739 -5.68522 3.48811
0.74 -5.63738 3.488
0.741 -5.56688 3.4731
0.742 -5.47398 3.44357
0.743 -5.35899 3.39966
0.744 -5.22233 3.34165
0.745 -5.0645 3.2699
0.746 -4.8861 3.1848
0.747 -4.6878 3.08681
0.748 -4.47035 2.97645
0.749 -4.23459 2.85427
0.75 -3.98143 2.72089
0.751 -3.71184 2.57695
0.752 -3.42688 2.42316
0.753 -3.12765 2.26025
0.754 -2.81532 2.08898
0.755 -2.49112 1.91018
0.756 -2.15631 1.72466
0.757 -1.81221 1.5333
0.758 -1.46018 1.33697
0.759 -1.1016 1.13657
0.76 -0.737887 0.933031
0.761 -0.370476 0.727274
0.762 -0.000819389 0.520237
0.763 0.36962 0.31286
0.764 0.739375 0.106082
0.765 1.10698 -0.0991617
0.766 1.47098 -0.301943
0.767 1.82994 -0.501347
0.768 2.18242 -0.696474
0.769 2.52703 -0.886444
0.77 2.8624 -1.0704
0.771 3.18721 -1.24751
0.772 3.50015 -1.41698
0.773 3.8 -1.57804
0.774 4.08556 -1.72996
0.775 4.35569 -1.87205
0.776 4.60934 -2.00367
0.777 4.84549 -2.1242
0.778 5.06321 -2.23311
0.779 5.26165 -2.32988
0.78 5.44001 -2.41406
0.781 5.5976 -2.48526
0.782 5.73381 -2.54313
0.783 5.8481 -2.58739
0.784 5.94002 -2.61781
0.785 6.00924 -2.63423
0.786 6.05548 -2.63654
0.787 6.07859 -2.6247
0.788 6.07848 -2.59871
0.789 6.05518 -2.55866
0.79 6.00882 -2.50468
0.791 5.93958 -2.43697
0.792 5.84779 -2.35578
0.793 5.73382 -2.26142
0.794 5.59818 -2.15427
0.795 5.44142 -2.03474
0.796 5.2642 -1.90333
0.797 5.06728 -1.76055
0.798 4.85147 -1.60699
0.799 4.61766 -1.44327
0.8 4.36684 -1.27006
0.801 4.10005 -1.08808
0.802 3.81839 -0.898076
0.803 3.52304 -0.700834
0.804 3.21521 -0.497172
0.805 2.89619 -0.287939
0.806 2.56729 -0.0740056
0.807 2.22989 0.143732
0.808 1.88537 0.364363
0.809 1.53517 0.586961
0.81 1.18075 0.810587
0.811 0.823557 1.0343
0.812 0.465089 1.25715
0.813 0.106829 1.4782
0.814 -0.249736 1.69651
0.815 -0.603124 1.91115
0.816 -0.951867 2.1212
0.817 -1.29451 2.32576
0.818 -1.62964 2.52396
0.819 -1.95585 2.71494
0.82 -2.27178 2.89788
0.821 -2.57611 3.07198
0.822 -2.86757 3.23648
0.823 -3.14495 3.39067
0.824 -3.40707 3.53387
0.825 -3.65284 3.66544
0.826 -3.88122 3.78479
0.827 -4.09125 3.89139
0.828 -4.28204 3.98475
0.829 -4.45277 4.06443
0.83 -4.60272 4.13007
0.831 -4.73124 4.18134
0.832 -4.83778 4.21798
0.833 -4.92186 4.23979
0.834 -4.98312 4.24664
0.835 -5.02126 4.23845
0.836 -5.03611 4.2152
0.837 -5.02756 4.17694
0.838 -4.99563 4.12379
0.839 -4.94042 4.05591
0.84 -4.86211 3.97354
0.841 -4.761 3.87697
0.842 -4.63748 3.76655
0.843 -4.49202 3.64271
0.844 -4.32518 3.50591
0.845 -4.13764 3.35666
0.846 -3.93012 3.19556
0.847 -3.70346 3.02322
0.848 -3.45856 2.84032
0.849 -3.19639 2.64759
0.85 -2.91802 2.44577
0.851 -2.62457 2.23568
0.852 -2.31721 2.01816
0.853 -1.99719 1.79407
0.854 -1.66581 1.56432
0.855 -1.32442 1.32983
0.856 -0.974398 1.09155
0.857 -0.617175 0.850448
0.858 -0.254209 0.607502
0.859 0.113017 0.363702
0.86 0.483 0.120046
0.861 0.854222 -0.122468
0.862 1.22516 -0.362843
0.863 1.59428 -0.600091
0.864 1.96007 -0.83323
0.865 2.32102 -1.0613
0.866 2.67563 -1.28334
0.867 3.02242 -1.49844
0.868 3.35998 -1.70569
0.869 3.68687 -1.90423
0.87 4.00174 -2.09322
0.871 4.30328 -2.27187
0.872 4.5902 -2.43941
0.873 4.86131 -2.59513
0.874 5.11546 -2.73836
0.875 5.35155 -2.86848
0.876 5.56859 -2.98493
0.877 5.76563 -3.0872
0.878 5.94183 -3.17483
0.879 6.0964 -3.24742
0.88 6.22867 -3.30465
0.881 6.33802 -3.34622
0.882 6.42396 -3.37195
0.883 6.48607 -3.38167
0.884 6.52404 -3.37531
0.885 6.53763 -3.35285
0.886 6.52674 -3.31435
0.887 6.49133 -3.25993
0.888 6.43147 -3.18975
0.889 6.34734 -3.10408
0.89 6.23921 -3.00322
0.891 6.10744 -2.88755
0.892 5.9525 -2.75751
0.893 5.77494 -2.61358
0.894 5.57541 -2.45633
0.895 5.35464 -2.28637
0.896 5.11346 -2.10436
0.897 4.85277 -1.91102
0.898 4.57355 -1.70711
0.899 4.27688 -1.49345
0.9 3.96387 -1.27088
0.901 3.63573 -1.04031
0.902 3.29371 -0.802645
0.903 2.93915 -0.558862
0.904 2.5734 -0.309944
0.905 2.19788 -0.0569044
0.906 1.81405 0.199225
0.907 1.4234 0.457394
0.908 1.02745 0.716542
0.909 0.627743 0.975601
0.91 0.225844 1.2335
0.911 -0.176679 1.48916
0.912 -0.578252 1.74152
0.913 -0.977301 1.98952
0.914 -1.37226 2.23212
0.915 -1.76159 2.46828
0.916 -2.14375 2.69702
0.917 -2.51724 2.91734
0.918 -2.8806 3.12831
0.919 -3.2324 3.32899
0.92 -3.57125 3.51853
0.921 -3.89583 3.69608
0.922 -4.20485 3.86085
0.923 -4.49709 4.0121
0.924 -4.77142 4.14914
0.925 -5.02675 4.27133
0.926 -5.26207 4.37808
0.927 -5.47647 4.46887
0.928 -5.6691 4.54325
0.929 -5.83921 4.60081
0.93 -5.98613 4.64122
0.931 -6.10929 4.66421
0.932 -6.20821 4.66958
0.933 -6.2825 4.65721
0.934 -6.3319 4.62703
0.935 -6.35621 4.57904
0.936 -6.35534 4.51333
0.937 -6.32933 4.43005
0.938 -6.27828 4.3294
0.939 -6.20241 4.21168
0.94 -6.10205 4.07724
0.941 -5.9776 3.92649
0.942 -5.82959 3.75992
0.943 -5.65862 3.57809
0.944 -5.46538 3.38158
0.945 -5.25068 3.17108
0.946 -5.01538 2.9473
0.947 -4.76045 2.71103
0.948 -4.48693 2.46308
0.949 -4.19592 2.20434
0.95 -3.88861 1.93572
0.951 -3.56626 1.65817
0.952 -3.23017 1.37271
0.953 -2.88172 1.08035
0.954 -2.52231 0.782151
0.955 -2.15342 0.479201
0.956 -1.77654 0.172601
0.957 -1.39321 -0.136527
0.958 -1.00498 -0.447051
0.959 -0.613448 -0.757831
0.96 -0.220195 -1.06772
0.961 0.17317 -1.37559
0.962 0.565044 -1.68028
0.963 0.953828 -1.98068
0.964 1.33793 -2.27568
0.965 1.71579 -2.56417
0.966 2.08586 -2.8451
0.967 2.44662 -3.11741
0.968 2.79659 -3.38009
0.969 3.13434 -3.63218
0.97 3.45849 -3.87273
0.971 3.76769 -4.10085
0.972 4.06067 -4.31569
0.973 4.33623 -4.51645
0.974 4.59322 -4.70239
0.975 4.83057 -4.87282
0.976 5.04731 -5.02712
0.977 5.24251 -5.1647
0.978 5.41537 -5.28507
0.979 5.56514 -5.38779
0.98 5.6912 -5.47248
0.981 5.79299 -5.53885
0.982 5.87008 -5.58665
0.983 5.9221 -5.61572
0.984 5.94883 -5.62598
0.985 5.9501 -5.6174
0.986 5.92587 -5.59003
0.987 5.87621 -5.544
0.988 5.80126 -5.47951
0.989 5.70131 -5.39683
0.99 5.5767 -5.29628
0.991 5.42789 -5.17827
0.992 5.25545 -5.04328
0.993 5.06003 -4.89185
0.994 4.84238 -4.72456
0.995 4.60332 -4.54209
0.996 4.34379 -4.34515
0.997 4.06479 -4.13451
0.998 3.7674 -3.911
0.999 3.45277 -3.6755
1 3.12214 -3.42892
