0.001 3.40195e-008 1.92014e-009
0.002 3.09896e-007 1.54571e-008
0.003 1.46155e-006 6.4368e-008
0.004 4.84311e-006 1.89825e-007
0.005 1.28198e-005 4.53242e-007
0.006 2.9049e-005 9.40982e-007
0.007 5.87484e-005 1.77143e-006
0.008 0.00010895 3.10485e-006
0.009 0.000188736 5.15656e-006
0.01 0.000309454 8.21361e-006
0.011 0.000484914 1.26556e-005
0.012 0.000731558 1.89794e-005
0.013 0.0010686 2.78289e-005
0.014 0.00151817 4.00291e-005
0.015 0.00210535 5.66248e-005
0.016 0.0028583 7.89246e-005
0.017 0.00380823 0.00010855
0.018 0.00498944 0.000147488
0.019 0.00643924 0.000198151
0.02 0.00819794 0.000263436
0.021 0.0103087 0.000346798
0.022 0.0128173 0.000452314
0.023 0.0157724 0.000584762
0.024 0.0192246 0.000749696
0.025 0.023227 0.000953528
0.026 0.0278344 0.00120361
0.027 0.0331031 0.00150832
0.028 0.0390907 0.00187713
0.029 0.045856 0.00232073
0.03 0.053458 0.00285105
0.031 0.0619559 0.0034814
0.032 0.0714087 0.00422653
0.033 0.0818749 0.00510269
0.034 0.0934115 0.00612771
0.035 0.106074 0.00732108
0.036 0.119916 0.00870399
0.037 0.134989 0.0102994
0.038 0.15134 0.0121321
0.039 0.169015 0.0142286
0.04 0.188052 0.0166175
0.041 0.208489 0.0193292
0.042 0.230357 0.0223958
0.043 0.253681 0.0258515
0.044 0.278481 0.0297324
0.045 0.304771 0.0340762
0.046 0.332558 0.0389226
0.047 0.361842 0.0443128
0.048 0.392615 0.0502899
0.049 0.424864 0.0568982
0.05 0.458564 0.0641837
0.051 0.493684 0.0721935
0.052 0.530186 0.080976
0.053 0.568022 0.0905805
0.054 0.607133 0.101057
0.055 0.647455 0.112456
0.056 0.688914 0.12483
0.057 0.731426 0.138228
0.058 0.7749 0.152703
0.059 0.819234 0.168304
0.06 0.864321 0.185083
0.061 0.910042 0.203089
0.062 0.956273 0.222369
0.063 1.00288 0.242971
0.064 1.04972 0.264939
0.065 1.09666 0.288315
0.066 1.14353 0.313139
0.067 1.19018 0.339449
0.068 1.23643 0.367279
0.069 1.28214 0.396659
0.07 1.32711 0.427615
0.071 1.37117 0.46017
0.072 1.41415 0.494341
0.073 1.45586 0.530141
0.074 1.49611 0.567577
0.075 1.53474 0.606651
0.076 1.57155 0.647359
0.077 1.60636 0.689689
0.078 1.63899 0.733625
0.079 1.66927 0.779144
0.08 1.69703 0.826213
0.081 1.7221 0.874794
0.082 1.74432 0.924842
0.083 1.76353 0.976303
0.084 1.7796 1.02911
0.085 1.79238 1.08321
0.086 1.80174 1.1385
0.087 1.80756 1.19492
0.088 1.80974 1.25236
0.089 1.80819 1.31072
0.09 1.80282 1.36989
0.091 1.79355 1.42975
0.092 1.78034 1.49017
0.093 1.76314 1.55103
0.094 1.74193 1.61217
0.095 1.7167 1.67345
0.096 1.68744 1.7347
0.097 1.65419 1.79577
0.098 1.61697 1.85649
0.099 1.57585 1.91667
0.1 1.53089 1.97614
0.101 1.48218 2.03471
0.102 1.42983 2.09218
0.103 1.37396 2.14835
0.104 1.31471 2.20303
0.105 1.25222 2.25601
0.106 1.18669 2.30709
0.107 1.11828 2.35606
0.108 1.04721 2.40271
0.109 0.97369 2.44683
0.11 0.89795 2.48821
0.111 0.820236 2.52665
0.112 0.740804 2.56194
0.113 0.659924 2.59388
0.114 0.577875 2.62227
0.115 0.494946 2.64692
0.116 0.411435 2.66764
0.117 0.327649 2.68425
0.118 0.243898 2.69657
0.119 0.160501 2.70444
0.12 0.0777793 2.70771
0.121 -0.00394365 2.70622
0.122 -0.0843422 2.69984
0.123 -0.163091 2.68844
0.124 -0.239866 2.67192
0.125 -0.314346 2.65016
0.126 -0.386214 2.62309
0.127 -0.455158 2.59064
0.128 -0.520876 2.55274
0.129 -0.583071 2.50936
0.13 -0.641457 2.46047
0.131 -0.69576 2.40607
0.132 -0.745719 2.34617
0.133 -0.791085 2.28079
0.134 -0.831627 2.20997
0.135 -0.867128 2.13379
0.136 -0.89739 2.05232
0.137 -0.922235 1.96567
0.138 -0.941502 1.87396
0.139 -0.955053 1.77733
0.14 -0.962771 1.67592
0.141 -0.964564 1.56994
0.142 -0.960359 1.45955
0.143 -0.950111 1.34499
0.144 -0.933798 1.22648
0.145 -0.911423 1.10428
0.146 -0.883016 0.978638
0.147 -0.84863 0.849852
0.148 -0.808347 0.718217
0.149 -0.762273 0.584047
0.15 -0.710541 0.44767
0.151 -0.653309 0.309428
0.152 -0.590762 0.169677
0.153 -0.523107 0.0287813
0.154 -0.450578 -0.112881
0.155 -0.373434 -0.254924
0.156 -0.291954 -0.396954
0.157 -0.206441 -0.538568
0.158 -0.117221 -0.67936
0.159 -0.0246369 -0.818918
0.16 0.0709461 -0.956827
0.161 0.169146 -1.09267
0.162 0.269565 -1.22603
0.163 0.371789 -1.3565
0.164 0.47539 -1.48365
0.165 0.57993 -1.60709
0.166 0.684958 -1.72641
0.167 0.790016 -1.84121
0.168 0.894638 -1.95111
0.169 0.998355 -2.05573
0.17 1.10069 -2.1547
0.171 1.20118 -2.24768
0.172 1.29933 -2.33434
0.173 1.39469 -2.41434
0.174 1.48679 -2.48738
0.175 1.57516 -2.55319
0.176 1.65935 -2.6115
0.177 1.73893 -2.66207
0.178 1.81347 -2.70467
0.179 1.88255 -2.73911
0.18 1.94578 -2.76523
0.181 2.00278 -2.78287
0.182 2.05319 -2.79192
0.183 2.09668 -2.79228
0.184 2.13294 -2.7839
0.185 2.16167 -2.76673
0.186 2.18262 -2.74078
0.187 2.19555 -2.70607
0.188 2.20026 -2.66266
0.189 2.19658 -2.61062
0.19 2.18437 -2.55007
0.191 2.16351 -2.48117
0.192 2.13394 -2.40409
0.193 2.09561 -2.31902
0.194 2.04851 -2.22622
0.195 1.99267 -2.12594
0.196 1.92815 -2.01847
0.197 1.85506 -1.90414
0.198 1.77353 -1.7833
0.199 1.68372 -1.65632
0.2 1.58585 -1.5236
0.201 1.48015 -1.38557
0.202 1.36689 -1.24267
0.203 1.24639 -1.09536
0.204 1.11897 -0.94414
0.205 0.985014 -0.789513
0.206 0.844918 -0.632002
0.207 0.69911 -0.472145
0.208 0.548049 -0.310494
0.209 0.392215 -0.147613
0.21 0.232116 0.0159259
0.211 0.0682802 0.179541
0.212 -0.0987424 0.342647
0.213 -0.268384 0.504652
0.214 -0.440061 0.664965
0.215 -0.613174 0.822994
0.216 -0.787114 0.978151
0.217 -0.96126 1.12985
0.218 -1.13499 1.27752
0.219 -1.30766 1.42059
0.22 -1.47865 1.55849
0.221 -1.64731 1.6907
0.222 -1.81303 1.81668
0.223 -1.97517 1.93591
0.224 -2.13312 2.04792
0.225 -2.28627 2.15222
0.226 -2.43402 2.24837
0.227 -2.5758 2.33596
0.228 -2.71106 2.41458
0.229 -2.83924 2.48387
0.23 -2.95983 2.54349
0.231 -3.07234 2.59314
0.232 -3.17631 2.63255
0.233 -3.27129 2.66147
0.234 -3.3569 2.67972
0.235 -3.43274 2.68712
0.236 -3.4985 2.68353
0.237 -3.55386 2.66888
0.238 -3.59857 2.64311
0.239 -3.6324 2.60621
0.24 -3.65518 2.55819
0.241 -3.66676 2.49914
0.242 -3.66704 2.42915
0.243 -3.65598 2.34837
0.244 -3.63355 2.25698
0.245 -3.59979 2.15521
0.246 -3.55479 2.04331
0.247 -3.49865 1.9216
0.248 -3.43155 1.7904
0.249 -3.3537 1.65009
0.25 -3.26534 1.50107
0.251 -3.16678 1.34379
0.252 -3.05835 1.17871
0.253 -2.94042 1.00635
0.254 -2.81342 0.827236
0.255 -2.67779 0.641927
0.256 -2.53403 0.451009
0.257 -2.38267 0.255092
0.258 -2.22425 0.054807
0.259 -2.05938 -0.149197
0.26 -1.88866 -0.356253
0.261 -1.71274 -0.56568
0.262 -1.53228 -0.776784
0.263 -1.34798 -0.988861
0.264 -1.16054 -1.2012
0.265 -0.970684 -1.41309
0.266 -0.779145 -1.6238
0.267 -0.58667 -1.83263
0.268 -0.394013 -2.03886
0.269 -0.20193 -2.24177
0.27 -0.011181 -2.44068
0.271 0.177478 -2.63488
0.272 0.363296 -2.82371
0.273 0.545528 -3.0065
0.274 0.723441 -3.18262
0.275 0.896315 -3.35143
0.276 1.06345 -3.51235
0.277 1.22416 -3.6648
0.278 1.37779 -3.80825
0.279 1.52371 -3.94216
0.28 1.6613 -4.06607
0.281 1.79 -4.17951
0.282 1.90925 -4.28209
0.283 2.01857 -4.37342
0.284 2.11746 -4.45316
0.285 2.20552 -4.52102
0.286 2.28235 -4.57674
0.287 2.34761 -4.62011
0.288 2.401 -4.65095
0.289 2.44227 -4.66914
0.29 2.47122 -4.67459
0.291 2.48769 -4.66726
0.292 2.49158 -4.64717
0.293 2.48284 -4.61437
0.294 2.46147 -4.56894
0.295 2.4275 -4.51105
0.296 2.38105 -4.44087
0.297 2.32226 -4.35863
0.298 2.25134 -4.26461
0.299 2.16853 -4.15912
0.3 2.07415 -4.04252
0.301 1.96853 -3.91522
0.302 1.85208 -3.77764
0.303 1.72524 -3.63025
0.304 1.5885 -3.47358
0.305 1.44238 -3.30814
0.306 1.28747 -3.13453
0.307 1.12435 -2.95334
0.308 0.953689 -2.76519
0.309 0.776155 -2.57075
0.31 0.592459 -2.37068
0.311 0.403338 -2.16569
0.312 0.209557 -1.95648
0.313 0.0118995 -1.74378
0.314 -0.188829 -1.52834
0.315 -0.391807 -1.31089
0.316 -0.596201 -1.0922
0.317 -0.801167 -0.873011
0.318 -1.00586 -0.654092
0.319 -1.20942 -0.436194
0.32 -1.411 -0.220068
0.321 -1.60975 -0.00645526
0.322 -1.80483 0.203914
0.323 -1.99542 0.410323
0.324 -2.1807 0.612071
0.325 -2.35987 0.808476
0.326 -2.53216 0.99888
0.327 -2.69681 1.18265
0.328 -2.85311 1.35917
0.329 -3.00037 1.52787
0.33 -3.13792 1.68819
0.331 -3.26513 1.83962
0.332 -3.38144 1.98169
0.333 -3.48629 2.11395
0.334 -3.5792 2.236
0.335 -3.65969 2.34746
0.336 -3.72739 2.44803
0.337 -3.78192 2.53742
0.338 -3.82299 2.6154
0.339 -3.85035 2.68178
0.34 -3.86381 2.73642
0.341 -3.86322 2.7792
0.342 -3.84851 2.81009
0.343 -3.81964 2.82908
0.344 -3.77665 2.83621
0.345 -3.71963 2.83157
0.346 -3.64871 2.81529
0.347 -3.5641 2.78754
0.348 -3.46606 2.74856
0.349 -3.3549 2.69861
0.35 -3.23098 2.63799
0.351 -3.09471 2.56706
0.352 -2.94658 2.48621
0.353 -2.7871 2.39587
0.354 -2.61683 2.29649
0.355 -2.43638 2.18859
0.356 -2.24641 2.07269
0.357 -2.04762 1.94934
0.358 -1.84073 1.81915
0.359 -1.62651 1.68272
0.36 -1.40576 1.5407
0.361 -1.17931 1.39374
0.362 -0.948015 1.24251
0.363 -0.712742 1.08771
0.364 -0.474388 0.930045
0.365 -0.233862 0.770219
0.366 0.00791898 0.608952
0.367 0.250026 0.446966
0.368 0.491529 0.284983
0.369 0.731498 0.123722
0.37 0.969005 -0.0361033
0.371 1.20313 -0.193787
0.372 1.43297 -0.348636
0.373 1.65763 -0.49997
0.374 1.87623 -0.647125
0.375 2.08793 -0.78946
0.376 2.29189 -0.926351
0.377 2.48733 -1.0572
0.378 2.67348 -1.18145
0.379 2.84961 -1.29855
0.38 3.01504 -1.40799
0.381 3.16911 -1.5093
0.382 3.31124 -1.60204
0.383 3.44085 -1.68582
0.384 3.55746 -1.76026
0.385 3.66061 -1.82506
0.386 3.7499 -1.87992
0.387 3.82498 -1.92462
0.388 3.88558 -1.95896
0.389 3.93147 -1.98279
0.39 3.96247 -1.99601
0.391 3.97849 -1.99857
0.392 3.97947 -1.99045
0.393 3.96545 -1.97169
0.394 3.93648 -1.94238
0.395 3.89271 -1.90263
0.396 3.83435 -1.85261
0.397 3.76164 -1.79256
0.398 3.67492 -1.72271
0.399 3.57456 -1.64338
0.4 3.46099 -1.55489
0.401 3.3347 -1.45764
0.402 3.19624 -1.35204
0.403 3.04619 -1.23855
0.404 2.88521 -1.11764
0.405 2.71398 -0.989843
0.406 2.53323 -0.855702
0.407 2.34374 -0.715794
0.408 2.14632 -0.570718
0.409 1.9418 -0.421097
0.41 1.73107 -0.267573
0.411 1.51503 -0.110803
0.412 1.2946 0.0485391
0.413 1.07073 0.209771
0.414 0.844378 0.372202
0.415 0.616523 0.535134
0.416 0.388145 0.69787
0.417 0.160228 0.859712
0.418 -0.0662423 1.01997
0.419 -0.290286 1.17794
0.42 -0.510929 1.33297
0.421 -0.727213 1.48438
0.422 -0.938194 1.63153
0.423 -1.14295 1.77378
0.424 -1.34058 1.91053
0.425 -1.53021 2.04119
0.426 -1.71101 2.1652
0.427 -1.88217 2.28204
0.428 -2.04293 2.3912
0.429 -2.19257 2.49221
0.43 -2.3304 2.58466
0.431 -2.45581 2.66814
0.432 -2.5682 2.74231
0.433 -2.66706 2.80684
0.434 -2.75192 2.86147
0.435 -2.82237 2.90597
0.436 -2.87805 2.94016
0.437 -2.91867 2.9639
0.438 -2.94402 2.97709
0.439 -2.95392 2.97969
0.44 -2.94828 2.97171
0.441 -2.92706 2.95318
0.442 -2.89031 2.9242
0.443 -2.8381 2.88491
0.444 -2.77062 2.8355
0.445 -2.68808 2.7762
0.446 -2.59078 2.70728
0.447 -2.47908 2.62905
0.448 -2.3534 2.54189
0.449 -2.21421 2.44618
0.45 -2.06205 2.34237
0.451 -1.89752 2.23093
0.452 -1.72125 2.11237
0.453 -1.53396 1.98723
0.454 -1.33638 1.85609
0.455 -1.12932 1.71954
0.456 -0.913605 1.57821
0.457 -0.690115 1.43274
0.458 -0.45976 1.28381
0.459 -0.223484 1.1321
0.46 0.0177393 0.978315
0.461 0.262915 0.823155
0.462 0.511026 0.667342
0.463 0.761039 0.5116
0.464 1.01191 0.356652
0.465 1.26259 0.203223
0.466 1.51201 0.052031
0.467 1.75913 -0.0962136
0.468 2.0029 -0.240811
0.469 2.24228 -0.381074
0.47 2.47624 -0.516335
0.471 2.70378 -0.645945
0.472 2.92391 -0.769277
0.473 3.13568 -0.885733
0.474 3.33816 -0.99474
0.475 3.53046 -1.09576
0.476 3.71174 -1.18828
0.477 3.88117 -1.27184
0.478 4.038 -1.346
0.479 4.18152 -1.41036
0.48 4.31105 -1.46459
0.481 4.426 -1.50836
0.482 4.52581 -1.54143
0.483 4.60999 -1.56358
0.484 4.67813 -1.57464
0.485 4.72985 -1.57449
0.486 4.76486 -1.56307
0.487 4.78294 -1.54035
0.488 4.78392 -1.50638
0.489 4.76771 -1.46124
0.49 4.7343 -1.40505
0.491 4.68373 -1.33801
0.492 4.61613 -1.26035
0.493 4.53169 -1.17235
0.494 4.43067 -1.07434
0.495 4.31339 -0.966699
0.496 4.18026 -0.849854
0.497 4.03174 -0.72427
0.498 3.86836 -0.590457
0.499 3.69071 -0.448965
0.5 3.49943 -0.300381
0.501 3.29525 -0.145328
0.502 3.07891 0.0155353
0.503 2.85124 0.181522
0.504 2.61311 0.351917
0.505 2.36541 0.525979
0.506 2.10911 0.702945
0.507 1.84518 0.882034
0.508 1.57467 1.06245
0.509 1.29861 1.24337
0.51 1.01809 1.424
0.511 0.7342 1.60349
0.512 0.44807 1.78103
0.513 0.160822 1.95578
0.514 -0.126404 2.12693
0.515 -0.412471 2.29366
0.516 -0.696239 2.45517
0.517 -0.976576 2.61067
0.518 -1.25236 2.75941
0.519 -1.52249 2.90062
0.52 -1.78588 3.0336
0.521 -2.04146 3.15764
0.522 -2.28821 3.27209
0.523 -2.52513 3.37631
0.524 -2.75126 3.46973
0.525 -2.96568 3.55179
0.526 -3.16752 3.62198
0.527 -3.35595 3.67984
0.528 -3.53021 3.72496
0.529 -3.68958 3.75696
0.53 -3.8334 3.77554
0.531 -3.96108 3.78042
0.532 -4.0721 3.77141
0.533 -4.16599 3.74834
0.534 -4.24236 3.71112
0.535 -4.30089 3.6597
0.536 -4.34132 3.59411
0.537 -4.36349 3.51441
0.538 -4.36729 3.42074
0.539 -4.3527 3.31329
0.54 -4.31976 3.19231
0.541 -4.2686 3.05809
0.542 -4.19943 2.91099
0.543 -4.1125 2.75144
0.544 -4.00818 2.57989
0.545 -3.88689 2.39686
0.546 -3.7491 2.20292
0.547 -3.59539 1.99869
0.548 -3.42638 1.78482
0.549 -3.24276 1.56203
0.55 -3.04529 1.33106
0.551 -2.83477 1.09268
0.552 -2.61207 0.847728
0.553 -2.37811 0.597041
0.554 -2.13387 0.341503
0.555 -1.88034 0.0820157
0.556 -1.6186 -0.180494
0.557 -1.34972 -0.445081
0.558 -1.07482 -0.710788
0.559 -0.795069 -0.976646
0.56 -0.511624 -1.24168
0.561 -0.225682 -1.5049
0.562 0.0615555 -1.76534
0.563 0.348874 -2.02202
0.564 0.635059 -2.27397
0.565 0.918893 -2.52025
0.566 1.19917 -2.7599
0.567 1.47469 -2.99203
0.568 1.74428 -3.21573
0.569 2.00677 -3.43013
0.57 2.26103 -3.63441
0.571 2.50595 -3.82776
0.572 2.74048 -4.00943
0.573 2.96358 -4.17868
0.574 3.17426 -4.33484
0.575 3.3716 -4.47728
0.576 3.5547 -4.60542
0.577 3.72274 -4.71874
0.578 3.87495 -4.81675
0.579 4.01063 -4.89904
0.58 4.12913 -4.96525
0.581 4.22987 -5.01508
0.582 4.31237 -5.0483
0.583 4.37619 -5.06473
0.584 4.42098 -5.06426
0.585 4.44645 -5.04684
0.586 4.45242 -5.01249
0.587 4.43877 -4.9613
0.588 4.40545 -4.89342
0.589 4.35251 -4.80905
0.59 4.28006 -4.70848
0.591 4.18831 -4.59205
0.592 4.07753 -4.46015
0.593 3.94808 -4.31326
0.594 3.80041 -4.1519
0.595 3.63501 -3.97665
0.596 3.45248 -3.78814
0.597 3.25346 -3.58706
0.598 3.03868 -3.37415
0.599 2.80893 -3.15021
0.6 2.56506 -2.91605
0.601 2.30799 -2.67257
0.602 2.03868 -2.42066
0.603 1.75816 -2.16128
0.604 1.46749 -1.89541
0.605 1.16778 -1.62405
0.606 0.860192 -1.34823
0.607 0.54591 -1.06901
0.608 0.226153 -0.787458
0.609 -0.097838 -0.504646
0.61 -0.424797 -0.221662
0.611 -0.753446 0.060403
0.612 -1.08249 0.340459
0.613 -1.41065 0.617423
0.614 -1.73661 0.890219
0.615 -2.0591 1.15778
0.616 -2.37683 1.41908
0.617 -2.68854 1.67307
0.618 -2.99299 1.91878
0.619 -3.28897 2.15523
0.62 -3.57528 2.38148
0.621 -3.85078 2.59665
0.622 -4.11437 2.79988
0.623 -4.36497 2.99035
0.624 -4.60158 3.16731
0.625 -4.82323 3.33004
0.626 -5.02902 3.47788
0.627 -5.21812 3.61024
0.628 -5.38973 3.72656
0.629 -5.54317 3.82637
0.63 -5.67778 3.90924
0.631 -5.793 3.97483
0.632 -5.88835 4.02283
0.633 -5.96342 4.05303
0.634 -6.01789 4.06528
0.635 -6.05149 4.05949
0.636 -6.06407 4.03565
0.637 -6.05554 3.99381
0.638 -6.02591 3.9341
0.639 -5.97527 3.85671
0.64 -5.90378 3.76191
0.641 -5.81169 3.65003
0.642 -5.69935 3.52147
0.643 -5.56717 3.37668
0.644 -5.41565 3.21621
0.645 -5.24535 3.04062
0.646 -5.05694 2.85058
0.647 -4.85112 2.64678
0.648 -4.6287 2.42999
0.649 -4.39053 2.20102
0.65 -4.13754 1.96072
0.651 -3.8707 1.70999
0.652 -3.59106 1.44979
0.653 -3.29971 1.18109
0.654 -2.99778 0.904909
0.655 -2.68646 0.622299
0.656 -2.36697 0.334332
0.657 -2.04056 0.0421025
0.658 -1.70851 -0.253276
0.659 -1.37213 -0.550677
0.66 -1.03274 -0.848965
0.661 -0.691672 -1.147
0.662 -0.350279 -1.44364
0.663 -0.00990086 -1.73774
0.664 0.328119 -2.02819
0.665 0.662448 -2.31386
0.666 0.991766 -2.59366
0.667 1.31478 -2.8665
0.668 1.6302 -3.13135
0.669 1.9368 -3.38718
0.67 2.23336 -3.633
0.671 2.51871 -3.86786
0.672 2.79173 -4.09086
0.673 3.05134 -4.30113
0.674 3.29652 -4.49786
0.675 3.52631 -4.68029
0.676 3.7398 -4.84771
0.677 3.93616 -4.99946
0.678 4.11462 -5.13496
0.679 4.27449 -5.25368
0.68 4.41513 -5.35515
0.681 4.53603 -5.43898
0.682 4.63669 -5.50482
0.683 4.71676 -5.55243
0.684 4.77592 -5.58161
0.685 4.81397 -5.59223
0.686 4.83077 -5.58425
0.687 4.82629 -5.55769
0.688 4.80057 -5.51263
0.689 4.75373 -5.44925
0.69 4.686 -5.36776
0.691 4.59768 -5.26848
0.692 4.48915 -5.15178
0.693 4.36087 -5.01808
0.694 4.2134 -4.86789
0.695 4.04736 -4.70178
0.696 3.86346 -4.52036
0.697 3.66246 -4.32432
0.698 3.44521 -4.1144
0.699 3.21262 -3.89138
0.7 2.96567 -3.65611
0.701 2.70538 -3.40946
0.702 2.43284 -3.15237
0.703 2.1492 -2.88579
0.704 1.85563 -2.61074
0.705 1.55336 -2.32824
0.706 1.24364 -2.03935
0.707 0.927775 -1.74514
0.708 0.607074 -1.44673
0.709 0.282875 -1.14521
0.71 -0.0434686 -0.841715
0.711 -0.370596 -0.537371
0.712 -0.697143 -0.233304
0.713 -1.02174 0.0693602
0.714 -1.34304 0.369507
0.715 -1.65969 0.666031
0.716 -1.97037 0.957848
0.717 -2.27378 1.24389
0.718 -2.56864 1.52312
0.719 -2.8537 1.79453
0.72 -3.12778 2.05714
0.721 -3.38972 2.31
0.722 -3.6384 2.55223
0.723 -3.87277 2.78297
0.724 -4.09184 3.0014
0.725 -4.29467 3.20678
0.726 -4.48038 3.39841
0.727 -4.64819 3.57563
0.728 -4.79736 3.73786
0.729 -4.92723 3.88457
0.73 -5.03723 4.01531
0.731 -5.12687 4.12968
0.732 -5.19574 4.22734
0.733 -5.2435 4.30803
0.734 -5.26991 4.37156
0.735 -5.27482 4.41779
0.736 -5.25816 4.44668
0.737 -5.21994 4.45824
0.738 -5.16028 4.45255
0.739 -5.07937 4.42975
0.74 -4.97748 4.39008
0.741 -4.85499 4.33381
0.742 -4.71234 4.2613
0.743 -4.55006 4.17297
0.744 -4.36876 4.06928
0.745 -4.16914 3.95079
0.746 -3.95195 3.81809
0.747 -3.71804 3.67184
0.748 -3.4683 3.51273
0.749 -3.20371 3.34152
0.75 -2.92529 3.15901
0.751 -2.63412 2.96606
0.752 -2.33136 2.76354
0.753 -2.01818 2.55237
0.754 -1.6958 2.3335
0.755 -1.36551 2.10793
0.756 -1.02859 1.87664
0.757 -0.686373 1.64067
0.758 -0.340208 1.40106
0.759 0.00854022 1.15885
0.76 0.358496 0.915116
0.761 0.708278 0.670908
0.762 1.0565 0.427287
0.763 1.4018 0.18531
0.764 1.7428 -0.0539813
0.765 2.07815 -0.289557
0.766 2.40654 -0.520407
0.767 2.72666 -0.745544
0.768 3.03725 -0.964008
0.769 3.33709 -1.17487
0.77 3.62499 -1.37723
0.771 3.89981 -1.57024
0.772 4.16048 -1.75308
0.773 4.40597 -1.92498
0.774 4.63532 -2.08522
0.775 4.84763 -2.23313
0.776 5.04206 -2.3681
0.777 5.21787 -2.48955
0.778 5.37436 -2.597
0.779 5.51095 -2.69
0.78 5.62709 -2.76816
0.781 5.72236 -2.83118
0.782 5.7964 -2.87881
0.783 5.84893 -2.91085
0.784 5.87978 -2.92719
0.785 5.88885 -2.92779
0.786 5.87613 -2.91265
0.787 5.84171 -2.88186
0.788 5.78576 -2.83556
0.789 5.70853 -2.77398
0.79 5.61037 -2.69739
0.791 5.49171 -2.60614
0.792 5.35306 -2.50063
0.793 5.195 -2.38133
0.794 5.01822 -2.24876
0.795 4.82347 -2.1035
0.796 4.61155 -1.94618
0.797 4.38336 -1.77749
0.798 4.13987 -1.59816
0.799 3.88208 -1.40897
0.8 3.61107 -1.21074
0.801 3.32797 -1.00432
0.802 3.03396 -0.790606
0.803 2.73027 -0.570515
0.804 2.41815 -0.344998
0.805 2.09889 -0.115025
0.806 1.77384 0.118413
0.807 1.44432 0.354313
0.808 1.1117 0.591659
0.809 0.777375 0.829433
0.81 0.442713 1.06661
0.811 0.109101 1.30217
0.812 -0.222079 1.53511
0.813 -0.549459 1.76441
0.814 -0.871686 1.9891
0.815 -1.18743 2.20821
0.816 -1.49538 2.4208
0.817 -1.79427 2.62594
0.818 -2.08287 2.82275
0.819 -2.35997 3.0104
0.82 -2.62445 3.18806
0.821 -2.8752 3.35496
0.822 -3.1112 3.51039
0.823 -3.33146 3.65367
0.824 -3.53508 3.78417
0.825 -3.72123 3.90133
0.826 -3.88912 4.00462
0.827 -4.03807 4.09361
0.828 -4.16746 4.16789
0.829 -4.27677 4.22712
0.83 -4.36554 4.27105
0.831 -4.4334 4.29946
0.832 -4.48008 4.31221
0.833 -4.50538 4.30924
0.834 -4.50921 4.29053
0.835 -4.49155 4.25614
0.836 -4.45247 4.2062
0.837 -4.39213 4.1409
0.838 -4.3108 4.0605
0.839 -4.2088 3.96532
0.84 -4.08656 3.85573
0.841 -3.94459 3.7322
0.842 -3.78348 3.5952
0.843 -3.6039 3.44532
0.844 -3.4066 3.28316
0.845 -3.19239 3.10939
0.846 -2.96218 2.92472
0.847 -2.7169 2.72993
0.848 -2.4576 2.52581
0.849 -2.18534 2.31322
0.85 -1.90126 2.09304
0.851 -1.60654 1.86618
0.852 -1.30242 1.63359
0.853 -0.990152 1.39623
0.854 -0.671054 1.15511
0.855 -0.346454 0.911234
0.856 -0.0177076 0.665613
0.857 0.313808 0.419282
0.858 0.646706 0.173274
0.859 0.97959 -0.0713793
0.86 1.31106 -0.313648
0.861 1.63973 -0.552513
0.862 1.96422 -0.786968
0.863 2.28315 -1.01602
0.864 2.59518 -1.23871
0.865 2.899 -1.4541
0.866 3.19331 -1.66126
0.867 3.47686 -1.85932
0.868 3.74846 -2.04745
0.869 4.00694 -2.22483
0.87 4.25119 -2.39072
0.871 4.48016 -2.54441
0.872 4.69287 -2.68523
0.873 4.88839 -2.81259
0.874 5.06587 -2.92594
0.875 5.22453 -3.02478
0.876 5.36365 -3.10868
0.877 5.48262 -3.17729
0.878 5.58089 -3.23029
0.879 5.65799 -3.26745
0.88 5.71355 -3.28859
0.881 5.74729 -3.29362
0.882 5.759 -3.2825
0.883 5.74857 -3.25526
0.884 5.71598 -3.21201
0.885 5.66131 -3.1529
0.886 5.5847 -3.07818
0.887 5.48641 -2.98816
0.888 5.36677 -2.88319
0.889 5.22622 -2.76371
0.89 5.06525 -2.63022
0.891 4.88447 -2.48328
0.892 4.68454 -2.32349
0.893 4.46621 -2.15153
0.894 4.23032 -1.96811
0.895 3.97776 -1.77402
0.896 3.70951 -1.57007
0.897 3.42658 -1.35713
0.898 3.13008 -1.1361
0.899 2.82115 -0.907918
0.9 2.501 -0.673569
0.901 2.17087 -0.434052
0.902 1.83204 -0.190396
0.903 1.48585 0.0563493
0.904 1.13364 0.305117
0.905 0.776791 0.55483
0.906 0.416713 0.804401
0.907 0.0548148 1.05274
0.908 -0.30748 1.29876
0.909 -0.668748 1.54138
0.91 -1.02756 1.77953
0.911 -1.38252 2.01214
0.912 -1.73221 2.23818
0.913 -2.07526 2.45664
0.914 -2.41032 2.66652
0.915 -2.73606 2.86687
0.916 -3.05121 3.05677
0.917 -3.35451 3.23534
0.918 -3.64479 3.40173
0.919 -3.92088 3.55516
0.92 -4.1817 3.69489
0.921 -4.42624 3.82022
0.922 -4.65352 3.93053
0.923 -4.86266 4.02525
0.924 -5.05284 4.10385
0.925 -5.22331 4.1659
0.926 -5.37342 4.21102
0.927 -5.50258 4.23888
0.928 -5.6103 4.24924
0.929 -5.69615 4.24193
0.93 -5.75983 4.21684
0.931 -5.8011 4.17395
0.932 -5.81981 4.11328
0.933 -5.81591 4.03495
0.934 -5.78945 3.93914
0.935 -5.74055 3.82611
0.936 -5.66943 3.69618
0.937 -5.5764 3.54974
0.938 -5.46187 3.38726
0.939 -5.32631 3.20926
0.94 -5.17031 3.01634
0.941 -4.99451 2.80914
0.942 -4.79965 2.58839
0.943 -4.58654 2.35485
0.944 -4.35606 2.10935
0.945 -4.10917 1.85276
0.946 -3.84689 1.586
0.947 -3.57031 1.31004
0.948 -3.28057 1.02589
0.949 -2.97886 0.734584
0.95 -2.66643 0.437203
0.951 -2.34457 0.134846
0.952 -2.0146 -0.17136
0.953 -1.67788 -0.480272
0.954 -1.33581 -0.790728
0.955 -0.989781 -1.10156
0.956 -0.641227 -1.41159
0.957 -0.291584 -1.71965
0.958 0.0577093 -2.02456
0.959 0.405213 -2.32517
0.96 0.749494 -2.62031
0.961 1.08913 -2.90886
0.962 1.42273 -3.18972
0.963 1.74891 -3.46178
0.964 2.06632 -3.72402
0.965 2.37365 -3.9754
0.966 2.66963 -4.21495
0.967 2.95304 -4.44174
0.968 3.22269 -4.65487
0.969 3.47747 -4.85353
0.97 3.71633 -5.03691
0.971 3.93825 -5.20431
0.972 4.14232 -5.35505
0.973 4.32769 -5.48853
0.974 4.49356 -5.60422
0.975 4.63925 -5.70164
0.976 4.76413 -5.78041
0.977 4.86766 -5.84019
0.978 4.9494 -5.88073
0.979 5.00899 -5.90185
0.98 5.04615 -5.90344
0.981 5.06071 -5.88547
0.982 5.05258 -5.84798
0.983 5.02175 -5.7911
0.984 4.96833 -5.71502
0.985 4.8925 -5.62001
0.986 4.79453 -5.50641
0.987 4.6748 -5.37463
0.988 4.53376 -5.22516
0.989 4.37196 -5.05855
0.99 4.19001 -4.87543
0.991 3.98862 -4.67647
0.992 3.76859 -4.46243
0.993 3.53078 -4.2341
0.994 3.27611 -3.99236
0.995 3.0056 -3.7381
0.996 2.72031 -3.4723
0.997 2.42137 -3.19595
0.998 2.10997 -2.91011
0.999 1.78733 -2.61587
1 1.45475 -2.31433
