0.001 3.41142e-008 2.54512e-009
0.002 3.10647e-007 2.04419e-008
0.003 1.46461e-006 8.48398e-008
0.004 4.85186e-006 2.49014e-007
0.005 1.28399e-005 5.90835e-007
0.006 2.90887e-005 1.21691e-006
0.007 5.88189e-005 2.26885e-006
0.008 0.000109065 3.93206e-006
0.009 0.000188912 6.44744e-006
0.01 0.000309709 1.01264e-005
0.011 0.000485268 1.53695e-005
0.012 0.000732029 2.26886e-005
0.013 0.00106921 3.27338e-005
0.014 0.00151892 4.6324e-005
0.015 0.00210626 6.44818e-005
0.016 0.00285936 8.84737e-005
0.017 0.00380943 0.000119854
0.018 0.00499074 0.000160512
0.019 0.00644059 0.000212727
0.02 0.00819925 0.000279225
0.021 0.0103098 0.000363237
0.022 0.0128182 0.000468566
0.023 0.0157728 0.000599654
0.024 0.0192243 0.000761654
0.025 0.0232256 0.000960502
0.026 0.0278315 0.00120299
0.027 0.0330983 0.00149685
0.028 0.0390835 0.00185082
0.029 0.0458456 0.00227472
0.03 0.0534437 0.00277956
0.031 0.0619368 0.00337757
0.032 0.0713838 0.00408231
0.033 0.0818428 0.0049087
0.034 0.093371 0.00587315
0.035 0.106024 0.00699354
0.036 0.119854 0.00828936
0.037 0.134913 0.0097817
0.038 0.151248 0.0114933
0.039 0.168903 0.0134487
0.04 0.187919 0.015674
0.041 0.208331 0.0181971
0.042 0.23017 0.0210478
0.043 0.253462 0.0242575
0.044 0.278225 0.0278592
0.045 0.304473 0.031888
0.046 0.332212 0.0363803
0.047 0.361443 0.0413742
0.048 0.392157 0.0469094
0.049 0.424338 0.0530271
0.05 0.457964 0.0597696
0.051 0.493001 0.0671807
0.052 0.529411 0.0753052
0.053 0.567144 0.0841889
0.054 0.606142 0.0938784
0.055 0.64634 0.104421
0.056 0.687661 0.115864
0.057 0.730022 0.128256
0.058 0.77333 0.141644
0.059 0.817483 0.156076
0.06 0.86237 0.171599
0.061 0.907875 0.188261
0.062 0.95387 0.206106
0.063 1.00022 0.225178
0.064 1.04679 0.24552
0.065 1.09342 0.267174
0.066 1.13996 0.290177
0.067 1.18626 0.314566
0.068 1.23213 0.340373
0.069 1.27743 0.36763
0.07 1.32196 0.396363
0.071 1.36555 0.426594
0.072 1.40802 0.458343
0.073 1.44918 0.491624
0.074 1.48886 0.526446
0.075 1.52686 0.562815
0.076 1.56301 0.600729
0.077 1.59711 0.640182
0.078 1.629 0.681161
0.079 1.65849 0.723649
0.08 1.68541 0.76762
0.081 1.70959 0.813042
0.082 1.73087 0.859877
0.083 1.7491 0.90808
0.084 1.76412 0.957598
0.085 1.7758 1.00837
0.086 1.78401 1.06033
0.087 1.78863 1.1134
0.088 1.78955 1.1675
0.089 1.78668 1.22255
0.09 1.77993 1.27843
0.091 1.76923 1.33504
0.092 1.75453 1.39228
0.093 1.73578 1.45003
0.094 1.71296 1.50814
0.095 1.68606 1.5665
0.096 1.65508 1.62495
0.097 1.62005 1.68335
0.098 1.581 1.74155
0.099 1.53799 1.79939
0.1 1.4911 1.85669
0.101 1.44041 1.91329
0.102 1.38603 1.96901
0.103 1.32809 2.02368
0.104 1.26673 2.0771
0.105 1.2021 2.12909
0.106 1.13439 2.17946
0.107 1.06378 2.22802
0.108 0.990475 2.27458
0.109 0.914708 2.31894
0.11 0.83671 2.3609
0.111 0.756731 2.40028
0.112 0.675034 2.43689
0.113 0.591895 2.47052
0.114 0.507601 2.501
0.115 0.422446 2.52815
0.116 0.336739 2.55178
0.117 0.250791 2.57172
0.118 0.164923 2.5878
0.119 0.0794621 2.59986
0.12 -0.00526227 2.60776
0.121 -0.0889166 2.61133
0.122 -0.171166 2.61046
0.123 -0.251676 2.60501
0.124 -0.330111 2.59487
0.125 -0.406142 2.57994
0.126 -0.479441 2.56011
0.127 -0.549686 2.53532
0.128 -0.616562 2.5055
0.129 -0.679765 2.4706
0.13 -0.738997 2.43058
0.131 -0.793973 2.38541
0.132 -0.844422 2.3351
0.133 -0.890086 2.27964
0.134 -0.930721 2.21907
0.135 -0.966103 2.15343
0.136 -0.996023 2.08277
0.137 -1.02029 2.00718
0.138 -1.03874 1.92674
0.139 -1.05123 1.84157
0.14 -1.05762 1.7518
0.141 -1.05782 1.65756
0.142 -1.05175 1.55902
0.143 -1.03936 1.45637
0.144 -1.02061 1.34979
0.145 -0.995514 1.23951
0.146 -0.964086 1.12574
0.147 -0.926379 1.00873
0.148 -0.882471 0.888749
0.149 -0.832465 0.766062
0.15 -0.776494 0.64096
0.151 -0.714716 0.513744
0.152 -0.647313 0.384726
0.153 -0.574498 0.254232
0.154 -0.496505 0.122598
0.155 -0.413597 -0.00983114
0.156 -0.326057 -0.142701
0.157 -0.234196 -0.275651
0.158 -0.138344 -0.408312
0.159 -0.038854 -0.54031
0.16 0.0639005 -0.671268
0.161 0.169527 -0.800806
0.162 0.277616 -0.92854
0.163 0.387741 -1.05409
0.164 0.49946 -1.17707
0.165 0.61232 -1.29711
0.166 0.725854 -1.41382
0.167 0.839586 -1.52684
0.168 0.953034 -1.63581
0.169 1.06571 -1.74036
0.17 1.17711 -1.84015
0.171 1.28675 -1.93485
0.172 1.39413 -2.02412
0.173 1.49876 -2.10767
0.174 1.60014 -2.18518
0.175 1.69779 -2.25638
0.176 1.79123 -2.32101
0.177 1.88001 -2.37882
0.178 1.96366 -2.42958
0.179 2.04174 -2.47308
0.18 2.11384 -2.50915
0.181 2.17954 -2.53761
0.182 2.23846 -2.55833
0.183 2.29023 -2.57119
0.184 2.33452 -2.57611
0.185 2.37101 -2.57301
0.186 2.39941 -2.56186
0.187 2.41946 -2.54264
0.188 2.43093 -2.51537
0.189 2.43362 -2.48008
0.19 2.42736 -2.43686
0.191 2.41202 -2.38578
0.192 2.3875 -2.32698
0.193 2.35373 -2.26061
0.194 2.31068 -2.18685
0.195 2.25837 -2.10589
0.196 2.19682 -2.01797
0.197 2.12613 -1.92335
0.198 2.0464 -1.82232
0.199 1.9578 -1.71516
0.2 1.86051 -1.60223
0.201 1.75476 -1.48388
0.202 1.64081 -1.36047
0.203 1.51895 -1.23241
0.204 1.38953 -1.10011
0.205 1.2529 -0.964015
0.206 1.10947 -0.824569
0.207 0.959648 -0.682244
0.208 0.803909 -0.537521
0.209 0.642733 -0.390895
0.21 0.476633 -0.242873
0.211 0.306145 -0.0939696
0.212 0.13183 0.0552915
0.213 -0.0457325 0.204382
0.214 -0.225943 0.352768
0.215 -0.408186 0.499916
0.216 -0.591831 0.64529
0.217 -0.776237 0.788357
0.218 -0.960752 0.928586
0.219 -1.14472 1.06545
0.22 -1.32748 1.19844
0.221 -1.50836 1.32704
0.222 -1.68671 1.45076
0.223 -1.86185 1.56911
0.224 -2.03315 1.68163
0.225 -2.19995 1.78786
0.226 -2.36163 1.88736
0.227 -2.51755 1.97974
0.228 -2.66713 2.06458
0.229 -2.80977 2.14154
0.23 -2.94491 2.21026
0.231 -3.07202 2.27042
0.232 -3.19059 2.32175
0.233 -3.30013 2.36397
0.234 -3.40018 2.39686
0.235 -3.49034 2.42021
0.236 -3.57021 2.43388
0.237 -3.63945 2.4377
0.238 -3.69775 2.4316
0.239 -3.74483 2.4155
0.24 -3.78047 2.38937
0.241 -3.80448 2.35322
0.242 -3.81672 2.30708
0.243 -3.81708 2.25103
0.244 -3.80551 2.18518
0.245 -3.78201 2.10967
0.246 -3.7466 2.02469
0.247 -3.69938 1.93044
0.248 -3.64047 1.82718
0.249 -3.57004 1.7152
0.25 -3.48831 1.5948
0.251 -3.39556 1.46632
0.252 -3.29208 1.33016
0.253 -3.17824 1.1867
0.254 -3.05442 1.03639
0.255 -2.92106 0.879689
0.256 -2.77863 0.717077
0.257 -2.62765 0.549065
0.258 -2.46866 0.376184
0.259 -2.30225 0.198985
0.26 -2.12903 0.0180347
0.261 -1.94964 -0.166081
0.262 -1.76476 -0.352763
0.263 -1.57508 -0.541401
0.264 -1.38131 -0.731374
0.265 -1.1842 -0.922055
0.266 -0.984501 -1.11281
0.267 -0.782976 -1.303
0.268 -0.580406 -1.49199
0.269 -0.377577 -1.67915
0.27 -0.175279 -1.86383
0.271 0.0256956 -2.04542
0.272 0.224556 -2.2233
0.273 0.420518 -2.39686
0.274 0.612802 -2.56551
0.275 0.800642 -2.72867
0.276 0.983286 -2.88577
0.277 1.16 -3.03628
0.278 1.33007 -3.17967
0.279 1.4928 -3.31545
0.28 1.64752 -3.44315
0.281 1.79361 -3.56231
0.282 1.93046 -3.67254
0.283 2.05749 -3.77343
0.284 2.17417 -3.86463
0.285 2.28001 -3.94584
0.286 2.37456 -4.01675
0.287 2.45739 -4.07713
0.288 2.52816 -4.12676
0.289 2.58654 -4.16545
0.29 2.63226 -4.19309
0.291 2.6651 -4.20956
0.292 2.68489 -4.2148
0.293 2.69151 -4.20881
0.294 2.68489 -4.1916
0.295 2.66503 -4.16323
0.296 2.63196 -4.12379
0.297 2.58578 -4.07344
0.298 2.52663 -4.01234
0.299 2.45471 -3.94072
0.3 2.37028 -3.85883
0.301 2.27363 -3.76695
0.302 2.16512 -3.66542
0.303 2.04515 -3.55459
0.304 1.91418 -3.43486
0.305 1.77269 -3.30665
0.306 1.62123 -3.17043
0.307 1.46039 -3.02666
0.308 1.29079 -2.87586
0.309 1.11308 -2.71857
0.31 0.927976 -2.55535
0.311 0.736196 -2.38677
0.312 0.538503 -2.21342
0.313 0.335685 -2.03593
0.314 0.128554 -1.85491
0.315 -0.0820592 -1.67101
0.316 -0.295304 -1.48488
0.317 -0.510317 -1.29716
0.318 -0.726223 -1.10851
0.319 -0.94214 -0.9196
0.32 -1.15718 -0.731081
0.321 -1.37046 -0.543609
0.322 -1.5811 -0.357835
0.323 -1.78822 -0.174398
0.324 -1.99095 0.00607096
0.325 -2.18845 0.182955
0.326 -2.37988 0.355652
0.327 -2.56443 0.52358
0.328 -2.7413 0.686176
0.329 -2.90975 0.842897
0.33 -3.06903 0.993228
0.331 -3.21846 1.13668
0.332 -3.35737 1.27279
0.333 -3.48514 1.40112
0.334 -3.6012 1.52128
0.335 -3.70502 1.6329
0.336 -3.7961 1.73564
0.337 -3.87402 1.82921
0.338 -3.93838 1.91335
0.339 -3.98886 1.98783
0.34 -4.02518 2.05248
0.341 -4.04712 2.10715
0.342 -4.05451 2.15174
0.343 -4.04724 2.18618
0.344 -4.02527 2.21044
0.345 -3.9886 2.22456
0.346 -3.93731 2.22858
0.347 -3.87153 2.2226
0.348 -3.79143 2.20676
0.349 -3.69727 2.18123
0.35 -3.58934 2.14624
0.351 -3.46802 2.10203
0.352 -3.3337 2.04889
0.353 -3.18685 1.98715
0.354 -3.028 1.91715
0.355 -2.85771 1.8393
0.356 -2.6766 1.75401
0.357 -2.48533 1.66173
0.358 -2.2846 1.56294
0.359 -2.07515 1.45813
0.36 -1.85778 1.34783
0.361 -1.63329 1.23258
0.362 -1.40253 1.11295
0.363 -1.16637 0.98951
0.364 -0.925721 0.862861
0.365 -0.681488 0.733602
0.366 -0.434612 0.602348
0.367 -0.186041 0.469716
0.368 0.0632669 0.336328
0.369 0.312349 0.20281
0.37 0.56024 0.069782
0.371 0.805978 -0.0621371
0.372 1.04861 -0.192336
0.373 1.28718 -0.320213
0.374 1.52077 -0.445176
0.375 1.74845 -0.56665
0.376 1.96935 -0.684074
0.377 2.18259 -0.796908
0.378 2.38733 -0.904631
0.379 2.58277 -1.00675
0.38 2.76814 -1.10278
0.381 2.94271 -1.1923
0.382 3.10579 -1.27487
0.383 3.25675 -1.35012
0.384 3.39499 -1.4177
0.385 3.51996 -1.47729
0.386 3.63117 -1.5286
0.387 3.72819 -1.5714
0.388 3.81064 -1.60546
0.389 3.8782 -1.63062
0.39 3.93062 -1.64676
0.391 3.96768 -1.65377
0.392 3.98926 -1.65161
0.393 3.99528 -1.64026
0.394 3.98573 -1.61976
0.395 3.96068 -1.59018
0.396 3.92023 -1.55161
0.397 3.86457 -1.50422
0.398 3.79394 -1.44819
0.399 3.70865 -1.38374
0.4 3.60907 -1.31113
0.401 3.49563 -1.23067
0.402 3.3688 -1.14269
0.403 3.22913 -1.04756
0.404 3.07722 -0.945662
0.405 2.91371 -0.837438
0.406 2.73931 -0.72334
0.407 2.55474 -0.603853
0.408 2.3608 -0.479481
0.409 2.15831 -0.350755
0.41 1.94814 -0.218223
0.411 1.73119 -0.0824512
0.412 1.50838 0.0559782
0.413 1.28067 0.196472
0.414 1.04902 0.338425
0.415 0.814449 0.481226
0.416 0.577949 0.62426
0.417 0.340545 0.766907
0.418 0.10326 0.90855
0.419 -0.132877 1.04857
0.42 -0.366843 1.18637
0.421 -0.59762 1.32134
0.422 -0.824199 1.45288
0.423 -1.04559 1.58044
0.424 -1.26082 1.70344
0.425 -1.46894 1.82135
0.426 -1.66903 1.93365
0.427 -1.86019 2.03983
0.428 -2.04157 2.13944
0.429 -2.21236 2.23202
0.43 -2.37178 2.31716
0.431 -2.51909 2.39449
0.432 -2.65363 2.46365
0.433 -2.77475 2.52433
0.434 -2.88189 2.57625
0.435 -2.97453 2.61917
0.436 -3.0522 2.6529
0.437 -3.11452 2.67726
0.438 -3.16115 2.69215
0.439 -3.19181 2.69747
0.44 -3.20631 2.6932
0.441 -3.20452 2.67934
0.442 -3.18635 2.65593
0.443 -3.15182 2.62306
0.444 -3.101 2.58087
0.445 -3.03401 2.52952
0.446 -2.95108 2.46924
0.447 -2.85246 2.40027
0.448 -2.73851 2.3229
0.449 -2.60963 2.23746
0.45 -2.46628 2.14433
0.451 -2.30901 2.04391
0.452 -2.1384 1.93662
0.453 -1.95511 1.82295
0.454 -1.75984 1.70338
0.455 -1.55335 1.57844
0.456 -1.33646 1.44869
0.457 -1.11001 1.3147
0.458 -0.87491 1.17706
0.459 -0.632095 1.0364
0.46 -0.382542 0.893347
0.461 -0.127258 0.748539
0.462 0.132723 0.602637
0.463 0.396339 0.456304
0.464 0.662513 0.310209
0.465 0.93015 0.165024
0.466 1.19815 0.02142
0.467 1.46539 -0.119936
0.468 1.73077 -0.258384
0.469 1.99317 -0.393271
0.47 2.25149 -0.523958
0.471 2.50465 -0.649819
0.472 2.75157 -0.770248
0.473 2.99119 -0.884658
0.474 3.22249 -0.992486
0.475 3.44447 -1.09319
0.476 3.65617 -1.18627
0.477 3.85666 -1.27123
0.478 4.04507 -1.34764
0.479 4.22055 -1.41507
0.48 4.38231 -1.47315
0.481 4.52962 -1.52156
0.482 4.66181 -1.55997
0.483 4.77825 -1.58815
0.484 4.87838 -1.60588
0.485 4.96171 -1.61298
0.486 5.02781 -1.60934
0.487 5.07633 -1.59488
0.488 5.10697 -1.56956
0.489 5.11953 -1.5334
0.49 5.11384 -1.48647
0.491 5.08985 -1.42887
0.492 5.04756 -1.36076
0.493 4.98705 -1.28234
0.494 4.90846 -1.19386
0.495 4.81204 -1.09562
0.496 4.69806 -0.987962
0.497 4.56692 -0.871258
0.498 4.41905 -0.745937
0.499 4.25496 -0.612464
0.5 4.07523 -0.471342
0.501 3.88052 -0.323112
0.502 3.67153 -0.16835
0.503 3.44903 -0.00766229
0.504 3.21384 0.158312
0.505 2.96685 0.328906
0.506 2.70899 0.503428
0.507 2.44124 0.681165
0.508 2.16463 0.861381
0.509 1.8802 1.04333
0.51 1.58907 1.22624
0.511 1.29236 1.40933
0.512 0.991216 1.59183
0.513 0.686824 1.77295
0.514 0.380374 1.95189
0.515 0.0730701 2.12787
0.516 -0.233874 2.3001
0.517 -0.539245 2.46782
0.518 -0.841831 2.63026
0.519 -1.14043 2.78666
0.52 -1.43384 2.93631
0.521 -1.7209 3.07848
0.522 -2.00044 3.2125
0.523 -2.27136 3.33771
0.524 -2.53254 3.45349
0.525 -2.78294 3.55922
0.526 -3.02153 3.65436
0.527 -3.24735 3.73838
0.528 -3.45947 3.8108
0.529 -3.65702 3.87118
0.53 -3.83918 3.91912
0.531 -4.00521 3.95427
0.532 -4.15441 3.97634
0.533 -4.28615 3.98506
0.534 -4.39989 3.98025
0.535 -4.49513 3.96173
0.536 -4.57147 3.92943
0.537 -4.62857 3.8833
0.538 -4.66617 3.82335
0.539 -4.6841 3.74963
0.54 -4.68225 3.66228
0.541 -4.66061 3.56147
0.542 -4.61923 3.44742
0.543 -4.55826 3.32041
0.544 -4.47791 3.18078
0.545 -4.37849 3.02891
0.546 -4.26037 2.86524
0.547 -4.12401 2.69025
0.548 -3.96994 2.50447
0.549 -3.79876 2.30848
0.55 -3.61115 2.1029
0.551 -3.40785 1.88839
0.552 -3.18967 1.66564
0.553 -2.95749 1.4354
0.554 -2.71223 1.19844
0.555 -2.45488 0.955551
0.556 -2.18648 0.707565
0.557 -1.90813 0.455334
0.558 -1.62095 0.199732
0.559 -1.3261 -0.0583486
0.56 -1.0248 -0.318001
0.561 -0.718282 -0.578307
0.562 -0.4078 -0.838341
0.563 -0.0946348 -1.09717
0.564 0.21992 -1.35387
0.565 0.534562 -1.60751
0.566 0.847983 -1.85718
0.567 1.15888 -2.10195
0.568 1.46595 -2.34093
0.569 1.7679 -2.57325
0.57 2.06348 -2.79805
0.571 2.35141 -3.0145
0.572 2.6305 -3.22178
0.573 2.89953 -3.41913
0.574 3.15738 -3.6058
0.575 3.40291 -3.78109
0.576 3.63507 -3.94434
0.577 3.85285 -4.09493
0.578 4.05528 -4.23228
0.579 4.24147 -4.35586
0.58 4.41058 -4.46521
0.581 4.56185 -4.55988
0.582 4.69457 -4.63952
0.583 4.80811 -4.70381
0.584 4.90193 -4.75248
0.585 4.97555 -4.78534
0.586 5.02857 -4.80224
0.587 5.06069 -4.8031
0.588 5.07168 -4.78791
0.589 5.06139 -4.75669
0.59 5.02976 -4.70956
0.591 4.97683 -4.64666
0.592 4.90269 -4.56822
0.593 4.80756 -4.47453
0.594 4.69171 -4.36591
0.595 4.55551 -4.24277
0.596 4.39942 -4.10555
0.597 4.22395 -3.95476
0.598 4.02972 -3.79097
0.599 3.81743 -3.61477
0.6 3.58782 -3.42683
0.601 3.34174 -3.22785
0.602 3.08008 -3.01858
0.603 2.80381 -2.79981
0.604 2.51396 -2.57236
0.605 2.21161 -2.33708
0.606 1.89789 -2.09489
0.607 1.574 -1.84668
0.608 1.24117 -1.59341
0.609 0.900654 -1.33604
0.61 0.553764 -1.07555
0.611 0.20183 -0.812944
0.612 -0.153795 -0.549218
0.613 -0.511737 -0.285385
0.614 -0.870611 -0.0224594
0.615 -1.22902 0.23855
0.616 -1.58558 0.496637
0.617 -1.93889 0.750807
0.618 -2.28758 1.00008
0.619 -2.63028 1.24349
0.62 -2.96563 1.4801
0.621 -3.29234 1.70898
0.622 -3.6091 1.92926
0.623 -3.91466 2.14006
0.624 -4.20783 2.34058
0.625 -4.48743 2.53003
0.626 -4.75235 2.70766
0.627 -5.00154 2.87278
0.628 -5.234 3.02474
0.629 -5.44881 3.16295
0.63 -5.64509 3.28685
0.631 -5.82207 3.39596
0.632 -5.97902 3.48983
0.633 -6.1153 3.56809
0.634 -6.23036 3.63043
0.635 -6.32373 3.67658
0.636 -6.39502 3.70635
0.637 -6.44391 3.71961
0.638 -6.47021 3.7163
0.639 -6.47378 3.69641
0.64 -6.4546 3.65999
0.641 -6.41271 3.60718
0.642 -6.34826 3.53817
0.643 -6.26148 3.45319
0.644 -6.1527 3.35257
0.645 -6.02233 3.23668
0.646 -5.87087 3.10595
0.647 -5.6989 2.96086
0.648 -5.50707 2.80197
0.649 -5.29614 2.62988
0.65 -5.06691 2.44522
0.651 -4.82029 2.24872
0.652 -4.55724 2.0411
0.653 -4.27877 1.82316
0.654 -3.98599 1.59572
0.655 -3.68005 1.35966
0.656 -3.36213 1.11587
0.657 -3.03349 0.865292
0.658 -2.69543 0.608869
0.659 -2.34928 0.347586
0.66 -1.9964 0.082443
0.661 -1.63818 -0.185548
0.662 -1.27603 -0.45536
0.663 -0.911396 -0.725962
0.664 -0.545709 -0.996318
0.665 -0.180417 -1.26539
0.666 0.183035 -1.53216
0.667 0.543208 -1.79559
0.668 0.898676 -2.05468
0.669 1.24803 -2.30844
0.67 1.58989 -2.55589
0.671 1.92289 -2.7961
0.672 2.24573 -3.02814
0.673 2.55711 -3.25112
0.674 2.85581 -3.4642
0.675 3.14065 -3.66656
0.676 3.41048 -3.85743
0.677 3.66426 -4.03608
0.678 3.90096 -4.20184
0.679 4.11967 -4.35408
0.68 4.31951 -4.49222
0.681 4.49969 -4.61573
0.682 4.65951 -4.72416
0.683 4.79835 -4.8171
0.684 4.91565 -4.8942
0.685 5.01096 -4.95518
0.686 5.08393 -4.99981
0.687 5.13426 -5.02795
0.688 5.16177 -5.03949
0.689 5.16638 -5.0344
0.69 5.14808 -5.01272
0.691 5.10696 -4.97455
0.692 5.04321 -4.92005
0.693 4.95711 -4.84945
0.694 4.84901 -4.76304
0.695 4.71938 -4.66115
0.696 4.56877 -4.54421
0.697 4.3978 -4.41267
0.698 4.20718 -4.26706
0.699 3.9977 -4.10795
0.7 3.77024 -3.93598
0.701 3.52574 -3.75181
0.702 3.26521 -3.55617
0.703 2.98972 -3.34983
0.704 2.70043 -3.13359
0.705 2.39852 -2.90829
0.706 2.08524 -2.6748
0.707 1.7619 -2.43404
0.708 1.42981 -2.18694
0.709 1.09037 -1.93445
0.71 0.744974 -1.67755
0.711 0.39505 -1.41722
0.712 0.0420494 -1.15446
0.713 -0.312566 -0.89028
0.714 -0.667324 -0.625689
0.715 -1.02075 -0.361694
0.716 -1.37139 -0.0992986
0.717 -1.71777 0.160505
0.718 -2.05845 0.416736
0.719 -2.39202 0.668432
0.72 -2.71708 0.91465
0.721 -3.03227 1.15447
0.722 -3.33628 1.38701
0.723 -3.62783 1.61141
0.724 -3.9057 1.82684
0.725 -4.1687 2.03253
0.726 -4.41574 2.22773
0.727 -4.64576 2.41175
0.728 -4.85778 2.58393
0.729 -5.0509 2.74367
0.73 -5.22429 2.89044
0.731 -5.37718 3.02372
0.732 -5.50892 3.1431
0.733 -5.61892 3.24818
0.734 -5.70668 3.33866
0.735 -5.77179 3.41426
0.736 -5.81394 3.4748
0.737 -5.83291 3.52014
0.738 -5.82857 3.5502
0.739 -5.80089 3.56497
0.74 -5.74991 3.56452
0.741 -5.67581 3.54895
0.742 -5.57883 3.51845
0.743 -5.45931 3.47324
0.744 -5.31768 3.41364
0.745 -5.15447 3.34
0.746 -4.97029 3.25273
0.747 -4.76584 3.15231
0.748 -4.54189 3.03926
0.749 -4.29931 2.91414
0.75 -4.03903 2.7776
0.751 -3.76206 2.63029
0.752 -3.46948 2.47294
0.753 -3.16243 2.30628
0.754 -2.8421 2.13112
0.755 -2.50976 1.94828
0.756 -2.16671 1.75861
0.757 -1.81429 1.56299
0.758 -1.4539 1.36233
0.759 -1.08695 1.15755
0.76 -0.714901 0.949582
0.761 -0.339217 0.739387
0.762 0.0386134 0.527919
0.763 0.417095 0.316138
0.764 0.794726 0.105006
0.765 1.17001 -0.104522
0.766 1.54146 -0.311498
0.767 1.9076 -0.514987
0.768 2.26697 -0.714069
0.769 2.61815 -0.907845
0.77 2.95974 -1.09544
0.771 3.29038 -1.27601
0.772 3.60876 -1.44874
0.773 3.91362 -1.61284
0.774 4.20375 -1.76757
0.775 4.47799 -1.91222
0.776 4.73525 -2.04615
0.777 4.97451 -2.16872
0.778 5.19483 -2.27939
0.779 5.39534 -2.37764
0.78 5.57524 -2.463
0.781 5.73382 -2.53508
0.782 5.87047 -2.59353
0.783 5.98464 -2.63807
0.784 6.07591 -2.66845
0.785 6.14391 -2.68452
0.786 6.18839 -2.68617
0.787 6.20919 -2.67336
0.788 6.20625 -2.64611
0.789 6.1796 -2.60449
0.79 6.12937 -2.54866
0.791 6.05578 -2.4788
0.792 5.95916 -2.3952
0.793 5.83991 -2.29816
0.794 5.69854 -2.18808
0.795 5.53565 -2.06539
0.796 5.35192 -1.93058
0.797 5.14812 -1.7842
0.798 4.9251 -1.62685
0.799 4.68378 -1.45916
0.8 4.42519 -1.28183
0.801 4.15038 -1.09558
0.802 3.8605 -0.901192
0.803 3.55675 -0.699467
0.804 3.2404 -0.491245
0.805 2.91276 -0.277394
0.806 2.57518 -0.0588083
0.807 2.22907 0.163596
0.808 1.87586 0.388884
0.809 1.51701 0.616107
0.81 1.15403 0.844307
0.811 0.7884 1.07252
0.812 0.421655 1.29978
0.813 0.0553136 1.52511
0.814 -0.309102 1.74756
0.815 -0.670075 1.96619
0.816 -1.02611 2.18005
0.817 -1.37571 2.38822
0.818 -1.71743 2.58981
0.819 -2.04985 2.78395
0.82 -2.37156 2.96979
0.821 -2.68124 3.14654
0.822 -2.97758 3.31341
0.823 -3.25934 3.46966
0.824 -3.52533 3.61462
0.825 -3.77444 3.74764
0.826 -4.00562 3.86811
0.827 -4.21789 3.9755
0.828 -4.41034 4.0693
0.829 -4.58215 4.14909
0.83 -4.73259 4.21448
0.831 -4.86102 4.26515
0.832 -4.96686 4.30084
0.833 -5.04966 4.32135
0.834 -5.10904 4.32656
0.835 -5.14472 4.31637
0.836 -5.15653 4.2908
0.837 -5.14438 4.24988
0.838 -5.10829 4.19374
0.839 -5.04837 4.12257
0.84 -4.96484 4.0366
0.841 -4.85802 3.93616
0.842 -4.72829 3.82159
0.843 -4.57618 3.69334
0.844 -4.40227 3.55189
0.845 -4.20724 3.39778
0.846 -3.99187 3.2316
0.847 -3.75701 3.05401
0.848 -3.50361 2.8657
0.849 -3.23268 2.66741
0.85 -2.9453 2.45992
0.851 -2.64264 2.24407
0.852 -2.32592 2.02072
0.853 -1.99642 1.79076
0.854 -1.65547 1.55511
0.855 -1.30446 1.31474
0.856 -0.944822 1.0706
0.857 -0.578021 0.8237
0.858 -0.205554 0.575037
0.859 0.171054 0.325629
0.86 0.550261 0.0764963
0.861 0.930509 -0.171337
0.862 1.31023 -0.416851
0.863 1.68787 -0.659033
0.864 2.06187 -0.896878
0.865 2.43067 -1.1294
0.866 2.79276 -1.35563
0.867 3.14662 -1.57463
0.868 3.49078 -1.78547
0.869 3.82382 -1.98727
0.87 4.14433 -2.17918
0.871 4.45097 -2.36038
0.872 4.74245 -2.5301
0.873 5.01753 -2.68761
0.874 5.27506 -2.83224
0.875 5.51393 -2.96336
0.876 5.73311 -3.0804
0.877 5.93166 -3.18282
0.878 6.10871 -3.27019
0.879 6.26349 -3.34209
0.88 6.3953 -3.3982
0.881 6.50354 -3.43823
0.882 6.58771 -3.46198
0.883 6.6474 -3.46931
0.884 6.68229 -3.46015
0.885 6.69217 -3.43449
0.886 6.67694 -3.39239
0.887 6.63657 -3.33398
0.888 6.57117 -3.25944
0.889 6.48092 -3.16906
0.89 6.36612 -3.06315
0.891 6.22715 -2.9421
0.892 6.06451 -2.80638
0.893 5.87877 -2.65649
0.894 5.67062 -2.49302
0.895 5.44083 -2.3166
0.896 5.19025 -2.12793
0.897 4.91983 -1.92773
0.898 4.63058 -1.71681
0.899 4.32361 -1.49599
0.9 4.00008 -1.26617
0.901 3.66125 -1.02826
0.902 3.30841 -0.783223
0.903 2.94292 -0.532043
0.904 2.56619 -0.275739
0.905 2.1797 -0.0153555
0.906 1.78493 0.248046
0.907 1.38342 0.513386
0.908 0.976741 0.779574
0.909 0.566476 1.04551
0.91 0.15423 1.3101
0.911 -0.258386 1.57223
0.912 -0.669754 1.83081
0.913 -1.07826 2.08476
0.914 -1.48231 2.33302
0.915 -1.8803 2.57451
0.916 -2.27068 2.80823
0.917 -2.65191 3.03316
0.918 -3.02249 3.24834
0.919 -3.38097 3.45284
0.92 -3.72592 3.64575
0.921 -4.05599 3.82623
0.922 -4.36989 3.99347
0.923 -4.66636 4.14671
0.924 -4.94425 4.28525
0.925 -5.20247 4.40844
0.926 -5.43998 4.51569
0.927 -5.65587 4.60647
0.928 -5.84927 4.68032
0.929 -6.01944 4.73684
0.93 -6.1657 4.77568
0.931 -6.28748 4.79659
0.932 -6.38431 4.79938
0.933 -6.45581 4.78391
0.934 -6.50171 4.75013
0.935 -6.52184 4.69806
0.936 -6.51613 4.62779
0.937 -6.48462 4.53948
0.938 -6.42745 4.43337
0.939 -6.34485 4.30975
0.94 -6.23718 4.169
0.941 -6.10488 4.01155
0.942 -5.94848 3.83792
0.943 -5.76864 3.64868
0.944 -5.56609 3.44445
0.945 -5.34165 3.22594
0.946 -5.09625 2.99389
0.947 -4.83087 2.74911
0.948 -4.5466 2.49245
0.949 -4.24461 2.22483
0.95 -3.9261 1.94719
0.951 -3.5924 1.66052
0.952 -3.24484 1.36585
0.953 -2.88484 1.06425
0.954 -2.51387 0.756803
0.955 -2.13345 0.444633
0.956 -1.7451 0.128875
0.957 -1.35043 -0.189316
0.958 -0.95103 -0.508775
0.959 -0.548532 -0.828326
0.96 -0.144576 -1.1468
0.961 0.25919 -1.46301
0.962 0.661118 -1.77579
0.963 1.05957 -2.08399
0.964 1.45291 -2.38647
0.965 1.83954 -2.6821
0.966 2.21787 -2.96979
0.967 2.58636 -3.24847
0.968 2.94349 -3.51709
0.969 3.28779 -3.77467
0.97 3.61785 -4.02025
0.971 3.93232 -4.25291
0.972 4.22988 -4.47178
0.973 4.50932 -4.67606
0.974 4.76947 -4.86498
0.975 5.00926 -5.03785
0.976 5.22767 -5.19402
0.977 5.42381 -5.33293
0.978 5.59684 -5.45405
0.979 5.74602 -5.55695
0.98 5.87073 -5.64125
0.981 5.97041 -5.70665
0.982 6.04463 -5.75292
0.983 6.09305 -5.7799
0.984 6.11544 -5.78751
0.985 6.11166 -5.77574
0.986 6.08169 -5.74465
0.987 6.02561 -5.69438
0.988 5.9436 -5.62514
0.989 5.83596 -5.53722
0.99 5.70306 -5.43097
0.991 5.54542 -5.30683
0.992 5.36361 -5.16528
0.993 5.15833 -5.00688
0.994 4.93037 -4.83227
0.995 4.68059 -4.64212
0.996 4.40997 -4.4372
0.997 4.11956 -4.21829
0.998 3.81047 -3.98627
0.999 3.48392 -3.74203
1 3.14118 -3.48653
