0.001 3.50576e-008 2.71255e-009
0.002 3.18173e-007 2.17835e-008
0.003 1.49554e-006 9.03865e-008
0.004 4.94139e-006 2.65196e-007
0.005 1.30485e-005 6.28893e-007
0.006 2.95084e-005 1.29435e-006
0.007 5.95792e-005 2.41096e-006
0.008 0.000110338 4.17348e-006
0.009 0.000190917 6.83379e-006
0.01 0.000312716 1.0716e-005
0.011 0.000489598 1.62351e-005
0.012 0.00073806 2.39193e-005
0.013 0.00107737 3.44368e-005
0.014 0.00152971 4.86265e-005
0.015 0.0021202 6.75332e-005
0.016 0.00287704 9.24472e-005
0.017 0.00383149 0.000124948
0.018 0.00501784 0.000166955
0.019 0.00647345 0.000220775
0.02 0.00823859 0.000289166
0.021 0.0103564 0.000375392
0.022 0.0128728 0.000483291
0.023 0.015836 0.000617341
0.024 0.019297 0.000782731
0.025 0.0233084 0.000985435
0.026 0.0279251 0.00123228
0.027 0.0332032 0.00153105
0.028 0.0392003 0.0018905
0.029 0.0459747 0.00232051
0.03 0.0535854 0.0028321
0.031 0.0620912 0.00343756
0.032 0.0715511 0.00415046
0.033 0.0820228 0.00498577
0.034 0.0935634 0.00595991
0.035 0.106228 0.0070908
0.036 0.120069 0.00839793
0.037 0.135139 0.00990241
0.038 0.151483 0.011627
0.039 0.169146 0.0135962
0.04 0.188168 0.0158361
0.041 0.208585 0.0183746
0.042 0.230426 0.0212415
0.043 0.253717 0.0244681
0.044 0.278477 0.0280875
0.045 0.304719 0.0321346
0.046 0.332449 0.0366457
0.047 0.361666 0.0416589
0.048 0.392363 0.0472138
0.049 0.424524 0.0533513
0.05 0.458124 0.0601139
0.051 0.493131 0.0675451
0.052 0.529506 0.0756895
0.053 0.567198 0.0845928
0.054 0.606151 0.0943013
0.055 0.646297 0.104862
0.056 0.687561 0.116323
0.057 0.729859 0.12873
0.058 0.773098 0.142133
0.059 0.817176 0.156579
0.06 0.861983 0.172113
0.061 0.9074 0.188783
0.062 0.953301 0.206634
0.063 0.999553 0.22571
0.064 1.04601 0.246052
0.065 1.09253 0.267702
0.066 1.13896 0.290698
0.067 1.18513 0.315074
0.068 1.23088 0.340866
0.069 1.27604 0.368101
0.07 1.32044 0.396806
0.071 1.36388 0.427005
0.072 1.40621 0.458715
0.073 1.44723 0.49195
0.074 1.48675 0.526719
0.075 1.5246 0.563028
0.076 1.5606 0.600874
0.077 1.59455 0.640251
0.078 1.62628 0.681147
0.079 1.65561 0.723541
0.08 1.68238 0.76741
0.081 1.70641 0.812722
0.082 1.72754 0.859437
0.083 1.74562 0.907509
0.084 1.76051 0.956887
0.085 1.77205 1.00751
0.086 1.78013 1.05931
0.087 1.78463 1.11221
0.088 1.78543 1.16613
0.089 1.78245 1.22098
0.09 1.7756 1.27666
0.091 1.76482 1.33307
0.092 1.75004 1.39009
0.093 1.73122 1.4476
0.094 1.70835 1.50547
0.095 1.68141 1.56358
0.096 1.65041 1.62178
0.097 1.61536 1.67991
0.098 1.57632 1.73784
0.099 1.53333 1.79539
0.1 1.48647 1.8524
0.101 1.43583 1.90871
0.102 1.38152 1.96413
0.103 1.32366 2.01849
0.104 1.2624 2.0716
0.105 1.19789 2.12329
0.106 1.13032 2.17335
0.107 1.05986 2.2216
0.108 0.986727 2.26784
0.109 0.911145 2.31189
0.11 0.833349 2.35355
0.111 0.753587 2.39262
0.112 0.672124 2.42893
0.113 0.589232 2.46227
0.114 0.505198 2.49247
0.115 0.420318 2.51934
0.116 0.334897 2.5427
0.117 0.249247 2.56239
0.118 0.163688 2.57823
0.119 0.0785439 2.59008
0.12 -0.00585539 2.59776
0.121 -0.0891781 2.60115
0.122 -0.171091 2.60011
0.123 -0.251259 2.59451
0.124 -0.329352 2.58424
0.125 -0.405039 2.5692
0.126 -0.477994 2.54929
0.127 -0.547898 2.52445
0.128 -0.614438 2.4946
0.129 -0.67731 2.4597
0.13 -0.736218 2.41971
0.131 -0.790879 2.3746
0.132 -0.841025 2.32438
0.133 -0.886397 2.26905
0.134 -0.926755 2.20864
0.135 -0.961876 2.14319
0.136 -0.991552 2.07276
0.137 -1.0156 1.99742
0.138 -1.03384 1.91728
0.139 -1.04615 1.83244
0.14 -1.05238 1.74303
0.141 -1.05245 1.6492
0.142 -1.04627 1.5511
0.143 -1.0338 1.44892
0.144 -1.015 1.34285
0.145 -0.989882 1.23311
0.146 -0.958462 1.11991
0.147 -0.920794 1.00352
0.148 -0.876957 0.884175
0.149 -0.827054 0.762159
0.15 -0.771218 0.637757
0.151 -0.709607 0.511268
0.152 -0.642405 0.383004
0.153 -0.569823 0.253289
0.154 -0.492095 0.122457
0.155 -0.409483 -0.00915022
0.156 -0.322271 -0.14118
0.157 -0.230767 -0.273272
0.158 -0.135303 -0.405061
0.159 -0.0362282 -0.536176
0.16 0.0660837 -0.666243
0.161 0.171242 -0.794882
0.162 0.278839 -0.921715
0.163 0.388449 -1.04636
0.164 0.499633 -1.16844
0.165 0.611939 -1.28759
0.166 0.724903 -1.40341
0.167 0.838052 -1.51556
0.168 0.950904 -1.62367
0.169 1.06297 -1.72738
0.17 1.17376 -1.82635
0.171 1.28279 -1.92025
0.172 1.38955 -2.00876
0.173 1.49356 -2.09157
0.174 1.59433 -2.16838
0.175 1.69138 -2.23891
0.176 1.78424 -2.30292
0.177 1.87244 -2.36014
0.178 1.95552 -2.41036
0.179 2.03307 -2.45338
0.18 2.10464 -2.48901
0.181 2.16985 -2.51709
0.182 2.22831 -2.53748
0.183 2.27965 -2.55008
0.184 2.32354 -2.55479
0.185 2.35967 -2.55154
0.186 2.38775 -2.54031
0.187 2.40752 -2.52108
0.188 2.41875 -2.49386
0.189 2.42126 -2.45869
0.19 2.41486 -2.41566
0.191 2.39943 -2.36484
0.192 2.37488 -2.30637
0.193 2.34113 -2.2404
0.194 2.29816 -2.1671
0.195 2.24597 -2.08669
0.196 2.18461 -1.99938
0.197 2.11417 -1.90544
0.198 2.03475 -1.80514
0.199 1.94651 -1.6988
0.2 1.84964 -1.58674
0.201 1.74437 -1.46932
0.202 1.63095 -1.34691
0.203 1.5097 -1.2199
0.204 1.38092 -1.08871
0.205 1.245 -0.953776
0.206 1.10232 -0.815538
0.207 0.95331 -0.674466
0.208 0.798427 -0.531037
0.209 0.638154 -0.385744
0.21 0.473 -0.239087
0.211 0.303499 -0.0915794
0.212 0.130208 0.0562617
0.213 -0.0462951 0.203912
0.214 -0.225416 0.350843
0.215 -0.406542 0.496524
0.216 -0.589047 0.640427
0.217 -0.772294 0.782021
0.218 -0.955636 0.920782
0.219 -1.13842 1.05619
0.22 -1.31999 1.18774
0.221 -1.49968 1.31492
0.222 -1.67683 1.43724
0.223 -1.8508 1.55423
0.224 -2.02093 1.66541
0.225 -2.18658 1.77036
0.226 -2.34713 1.86862
0.227 -2.50195 1.95981
0.228 -2.65046 2.04353
0.229 -2.79207 2.11942
0.23 -2.92622 2.18713
0.231 -3.05239 2.24637
0.232 -3.17006 2.29684
0.233 -3.27876 2.33828
0.234 -3.37804 2.37048
0.235 -3.46748 2.39323
0.236 -3.5467 2.40638
0.237 -3.61536 2.40979
0.238 -3.67315 2.40336
0.239 -3.7198 2.38704
0.24 -3.75509 2.36078
0.241 -3.77883 2.32461
0.242 -3.79088 2.27855
0.243 -3.79115 2.22269
0.244 -3.77957 2.15713
0.245 -3.75615 2.08202
0.246 -3.72091 1.99754
0.247 -3.67394 1.90391
0.248 -3.61538 1.80137
0.249 -3.54539 1.69021
0.25 -3.46419 1.57073
0.251 -3.37206 1.44328
0.252 -3.26929 1.30824
0.253 -3.15623 1.166
0.254 -3.03328 1.01701
0.255 -2.90087 0.861703
0.256 -2.75948 0.700577
0.257 -2.6096 0.534132
0.258 -2.45179 0.362895
0.259 -2.28663 0.18741
0.26 -2.11472 0.00824217
0.261 -1.9367 -0.17403
0.262 -1.75324 -0.358813
0.263 -1.56502 -0.545503
0.264 -1.37277 -0.733484
0.265 -1.17721 -0.922136
0.266 -0.979096 -1.11083
0.267 -0.779181 -1.29894
0.268 -0.578239 -1.48583
0.269 -0.377052 -1.67088
0.27 -0.176403 -1.85345
0.271 0.0229225 -2.03293
0.272 0.220141 -2.20872
0.273 0.414473 -2.3802
0.274 0.605147 -2.5468
0.275 0.791405 -2.70794
0.276 0.9725 -2.86307
0.277 1.1477 -3.01165
0.278 1.31631 -3.15317
0.279 1.47763 -3.28714
0.28 1.63101 -3.41309
0.281 1.77581 -3.53059
0.282 1.91144 -3.63922
0.283 2.03734 -3.73861
0.284 2.15297 -3.82841
0.285 2.25784 -3.90831
0.286 2.35151 -3.97802
0.287 2.43358 -4.0373
0.288 2.50367 -4.08594
0.289 2.56148 -4.12376
0.29 2.60673 -4.15065
0.291 2.63922 -4.16649
0.292 2.65877 -4.17124
0.293 2.66526 -4.16488
0.294 2.65864 -4.14743
0.295 2.63889 -4.11895
0.296 2.60606 -4.07954
0.297 2.56022 -4.02934
0.298 2.50154 -3.96854
0.299 2.43021 -3.89734
0.3 2.34647 -3.816
0.301 2.25064 -3.72481
0.302 2.14306 -3.62409
0.303 2.02413 -3.51421
0.304 1.89429 -3.39554
0.305 1.75405 -3.26852
0.306 1.60394 -3.13359
0.307 1.44453 -2.99124
0.308 1.27645 -2.84197
0.309 1.10035 -2.6863
0.31 0.916924 -2.5248
0.311 0.726895 -2.35803
0.312 0.531016 -2.18658
0.313 0.330069 -2.01107
0.314 0.124856 -1.8321
0.315 -0.0837966 -1.65032
0.316 -0.295048 -1.46635
0.317 -0.508043 -1.28085
0.318 -0.721913 -1.09447
0.319 -0.935787 -0.907861
0.32 -1.14878 -0.721668
0.321 -1.36003 -0.536541
0.322 -1.56865 -0.353121
0.323 -1.77378 -0.172042
0.324 -1.97455 0.00607561
0.325 -2.17014 0.180622
0.326 -2.3597 0.351006
0.327 -2.54245 0.51665
0.328 -2.71759 0.677
0.329 -2.88437 0.831523
0.33 -3.04208 0.979709
0.331 -3.19002 1.12108
0.332 -3.32755 1.25517
0.333 -3.45404 1.38157
0.334 -3.56893 1.49987
0.335 -3.67169 1.60972
0.336 -3.76184 1.71079
0.337 -3.83896 1.80279
0.338 -3.90265 1.88546
0.339 -3.95259 1.95859
0.34 -3.98852 2.022
0.341 -4.0102 2.07554
0.342 -4.01747 2.11913
0.343 -4.01024 2.15269
0.344 -3.98845 2.17621
0.345 -3.95212 2.1897
0.346 -3.90131 2.19323
0.347 -3.83615 2.1869
0.348 -3.75683 2.17084
0.349 -3.66359 2.14522
0.35 -3.55672 2.11027
0.351 -3.43659 2.06623
0.352 -3.30361 2.0134
0.353 -3.15822 1.95208
0.354 -3.00096 1.88264
0.355 -2.83238 1.80546
0.356 -2.65309 1.72096
0.357 -2.46374 1.62958
0.358 -2.26504 1.5318
0.359 -2.05772 1.4281
0.36 -1.84255 1.31902
0.361 -1.62035 1.20508
0.362 -1.39194 1.08684
0.363 -1.15819 0.964874
0.364 -0.91999 0.83977
0.365 -0.678253 0.712123
0.366 -0.433902 0.582539
0.367 -0.187874 0.451628
0.368 0.0588822 0.320006
0.369 0.305414 0.188288
0.37 0.550767 0.0570883
0.371 0.793989 -0.0729829
0.372 1.03414 -0.201322
0.373 1.27027 -0.327336
0.374 1.50147 -0.450442
0.375 1.72684 -0.570071
0.376 1.94549 -0.685671
0.377 2.15656 -0.796709
0.378 2.35923 -0.902673
0.379 2.5527 -1.00307
0.38 2.73621 -1.09745
0.381 2.90904 -1.18536
0.382 3.07051 -1.26639
0.383 3.21999 -1.34018
0.384 3.35689 -1.40636
0.385 3.48067 -1.46464
0.386 3.59084 -1.51474
0.387 3.68698 -1.55641
0.388 3.76871 -1.58944
0.389 3.83572 -1.61368
0.39 3.88774 -1.629
0.391 3.92459 -1.6353
0.392 3.94613 -1.63255
0.393 3.95228 -1.62072
0.394 3.94304 -1.59985
0.395 3.91846 -1.57001
0.396 3.87866 -1.53132
0.397 3.82382 -1.48391
0.398 3.75418 -1.42797
0.399 3.67004 -1.36374
0.4 3.57177 -1.29147
0.401 3.45979 -1.21145
0.402 3.33457 -1.12402
0.403 3.19666 -1.02954
0.404 3.04664 -0.928399
0.405 2.88514 -0.82103
0.406 2.71287 -0.707882
0.407 2.53054 -0.589431
0.408 2.33895 -0.466179
0.409 2.1389 -0.33865
0.41 1.93125 -0.207386
0.411 1.71688 -0.0729466
0.412 1.49671 0.0640928
0.413 1.27169 0.203146
0.414 1.04278 0.343615
0.415 0.810955 0.484897
0.416 0.57722 0.626383
0.417 0.342578 0.767462
0.418 0.108043 0.907525
0.419 -0.12537 1.04596
0.42 -0.356648 1.18218
0.421 -0.584787 1.31558
0.422 -0.808792 1.44558
0.423 -1.02768 1.57161
0.424 -1.24049 1.69313
0.425 -1.44629 1.80959
0.426 -1.64417 1.92049
0.427 -1.83324 2.02534
0.428 -2.01266 2.12368
0.429 -2.18162 2.21506
0.43 -2.33936 2.29908
0.431 -2.48515 2.37537
0.432 -2.61833 2.44357
0.433 -2.73827 2.50339
0.434 -2.8444 2.55455
0.435 -2.93621 2.59682
0.436 -3.01325 2.62999
0.437 -3.07513 2.65392
0.438 -3.12151 2.66847
0.439 -3.15213 2.67358
0.44 -3.16679 2.66921
0.441 -3.16535 2.65536
0.442 -3.14775 2.63208
0.443 -3.11398 2.59947
0.444 -3.06411 2.55764
0.445 -2.99829 2.50678
0.446 -2.91671 2.44709
0.447 -2.81964 2.37882
0.448 -2.70741 2.30226
0.449 -2.58043 2.21775
0.45 -2.43917 2.12563
0.451 -2.28414 2.02631
0.452 -2.11592 1.92023
0.453 -1.93518 1.80784
0.454 -1.74259 1.68963
0.455 -1.5389 1.56612
0.456 -1.32493 1.43787
0.457 -1.1015 1.30543
0.458 -0.869511 1.1694
0.459 -0.629886 1.03038
0.46 -0.383587 0.889001
0.461 -0.131607 0.745895
0.462 0.125032 0.601708
0.463 0.385284 0.457098
0.464 0.648087 0.312723
0.465 0.912359 0.169247
0.466 1.17701 0.02733
0.467 1.44095 -0.112369
0.468 1.70307 -0.249199
0.469 1.96228 -0.382516
0.47 2.21749 -0.511689
0.471 2.46764 -0.636104
0.472 2.71164 -0.755161
0.473 2.94848 -0.868282
0.474 3.17713 -0.97491
0.475 3.39661 -1.07452
0.476 3.60596 -1.1666
0.477 3.80429 -1.25068
0.478 3.9907 -1.32632
0.479 4.16438 -1.39311
0.48 4.32455 -1.45069
0.481 4.47048 -1.49872
0.482 4.60151 -1.5369
0.483 4.71701 -1.56499
0.484 4.81643 -1.58277
0.485 4.8993 -1.59008
0.486 4.96518 -1.58679
0.487 5.01371 -1.57284
0.488 5.04462 -1.54817
0.489 5.05769 -1.51282
0.49 5.05278 -1.46685
0.491 5.0298 -1.41035
0.492 4.98877 -1.34349
0.493 4.92976 -1.26647
0.494 4.85292 -1.17953
0.495 4.75846 -1.08296
0.496 4.6467 -0.97709
0.497 4.51798 -0.862306
0.498 4.37274 -0.739021
0.499 4.21149 -0.607693
0.5 4.0348 -0.468818
0.501 3.84331 -0.322928
0.502 3.63771 -0.170588
0.503 3.41875 -0.012399
0.504 3.18726 0.151012
0.505 2.94409 0.31899
0.506 2.69017 0.490852
0.507 2.42646 0.665896
0.508 2.15397 0.843399
0.509 1.87374 1.02262
0.51 1.58686 1.20281
0.511 1.29443 1.3832
0.512 0.997585 1.56302
0.513 0.697493 1.7415
0.514 0.395325 1.91786
0.515 0.0922685 2.09131
0.516 -0.210482 2.2611
0.517 -0.51173 2.42646
0.518 -0.810281 2.58664
0.519 -1.10495 2.7409
0.52 -1.39455 2.88852
0.521 -1.67794 3.0288
0.522 -1.95398 3.16108
0.523 -2.22155 3.2847
0.524 -2.47958 3.39905
0.525 -2.72702 3.50353
0.526 -2.96287 3.5976
0.527 -3.18617 3.68073
0.528 -3.39601 3.75247
0.529 -3.59153 3.81237
0.53 -3.77192 3.86003
0.531 -3.93645 3.89513
0.532 -4.08442 3.91735
0.533 -4.21522 3.92646
0.534 -4.3283 3.92224
0.535 -4.42319 3.90456
0.536 -4.49946 3.87332
0.537 -4.5568 3.82846
0.538 -4.59494 3.77001
0.539 -4.6137 3.69803
0.54 -4.61299 3.61262
0.541 -4.59278 3.51397
0.542 -4.55312 3.40229
0.543 -4.49415 3.27786
0.544 -4.41609 3.14101
0.545 -4.31923 2.99211
0.546 -4.20393 2.83159
0.547 -4.07064 2.65992
0.548 -3.91989 2.47763
0.549 -3.75225 2.28528
0.55 -3.5684 2.08348
0.551 -3.36907 1.87288
0.552 -3.15504 1.65416
0.553 -2.92718 1.42805
0.554 -2.68639 1.19531
0.555 -2.43366 0.956713
0.556 -2.16999 0.713081
0.557 -1.89646 0.465248
0.558 -1.61419 0.214073
0.559 -1.32431 -0.039567
0.56 -1.02802 -0.294782
0.561 -0.726518 -0.55067
0.562 -0.421057 -0.806322
0.563 -0.112889 -1.06082
0.564 0.196713 -1.31326
0.565 0.506467 -1.56273
0.566 0.815088 -1.80831
0.567 1.12129 -2.04913
0.568 1.42379 -2.28428
0.569 1.72133 -2.51293
0.57 2.01265 -2.73421
0.571 2.29652 -2.94731
0.572 2.57174 -3.15144
0.573 2.83714 -3.34584
0.574 3.09157 -3.52978
0.575 3.33396 -3.70257
0.576 3.56324 -3.86356
0.577 3.77842 -4.01213
0.578 3.97855 -4.14772
0.579 4.16274 -4.26982
0.58 4.33018 -4.37795
0.581 4.4801 -4.47169
0.582 4.6118 -4.55068
0.583 4.72467 -4.61461
0.584 4.81816 -4.66321
0.585 4.89181 -4.6963
0.586 4.94521 -4.71373
0.587 4.97807 -4.71542
0.588 4.99014 -4.70135
0.589 4.98129 -4.67155
0.59 4.95145 -4.62612
0.591 4.90065 -4.56522
0.592 4.82899 -4.48906
0.593 4.73666 -4.39791
0.594 4.62393 -4.29211
0.595 4.49117 -4.17204
0.596 4.33881 -4.03815
0.597 4.16736 -3.89092
0.598 3.97743 -3.7309
0.599 3.76969 -3.5587
0.6 3.54487 -3.37496
0.601 3.3038 -3.18036
0.602 3.04736 -2.97564
0.603 2.77649 -2.76157
0.604 2.49221 -2.53896
0.605 2.19557 -2.30865
0.606 1.88768 -2.07151
0.607 1.56972 -1.82845
0.608 1.24289 -1.58039
0.609 0.908434 -1.32827
0.61 0.567629 -1.07307
0.611 0.221783 -0.815748
0.612 -0.127773 -0.5573
0.613 -0.479692 -0.298713
0.614 -0.83261 -0.0409821
0.615 -1.18516 0.214903
0.616 -1.53597 0.467956
0.617 -1.88368 0.717201
0.618 -2.22692 0.961676
0.619 -2.56436 1.20043
0.62 -2.89467 1.43255
0.621 -3.21655 1.65713
0.622 -3.52873 1.8733
0.623 -3.82999 2.08021
0.624 -4.11914 2.27706
0.625 -4.39502 2.46308
0.626 -4.65654 2.63755
0.627 -4.90267 2.79977
0.628 -5.13242 2.94912
0.629 -5.34488 3.085
0.63 -5.53918 3.20687
0.631 -5.71456 3.31426
0.632 -5.87029 3.40673
0.633 -6.00576 3.48392
0.634 -6.12041 3.54551
0.635 -6.21377 3.59124
0.636 -6.28544 3.62093
0.637 -6.33514 3.63444
0.638 -6.36264 3.63171
0.639 -6.36782 3.61273
0.64 -6.35063 3.57757
0.641 -6.31112 3.52633
0.642 -6.24944 3.45921
0.643 -6.1658 3.37645
0.644 -6.06052 3.27834
0.645 -5.934 3.16526
0.646 -5.78671 3.03763
0.647 -5.61923 2.89593
0.648 -5.4322 2.74068
0.649 -5.22635 2.57248
0.65 -5.00247 2.39196
0.651 -4.76143 2.19981
0.652 -4.50418 1.99675
0.653 -4.23172 1.78356
0.654 -3.94512 1.56105
0.655 -3.6455 1.33006
0.656 -3.33403 1.09148
0.657 -3.01195 0.846226
0.658 -2.68052 0.595223
0.659 -2.34104 0.339435
0.66 -1.99486 0.0798396
0.661 -1.64333 -0.182569
0.662 -1.28784 -0.446787
0.663 -0.929804 -0.711803
0.664 -0.57063 -0.976603
0.665 -0.211738 -1.24017
0.666 0.145451 -1.5015
0.667 0.499526 -1.75959
0.668 0.849084 -2.01345
0.669 1.19274 -2.26211
0.67 1.52914 -2.50462
0.671 1.85694 -2.74005
0.672 2.17486 -2.96749
0.673 2.48162 -3.18609
0.674 2.77602 -3.39501
0.675 3.0569 -3.59344
0.676 3.32313 -3.78064
0.677 3.57366 -3.95588
0.678 3.80752 -4.11851
0.679 4.02377 -4.2679
0.68 4.22156 -4.4035
0.681 4.40011 -4.52478
0.682 4.55872 -4.6313
0.683 4.69677 -4.72265
0.684 4.81373 -4.79849
0.685 4.90913 -4.85854
0.686 4.98261 -4.90259
0.687 5.0339 -4.93048
0.688 5.0628 -4.94211
0.689 5.06922 -4.93746
0.69 5.05315 -4.91655
0.691 5.01467 -4.87948
0.692 4.95396 -4.82642
0.693 4.87128 -4.75757
0.694 4.76698 -4.67322
0.695 4.64151 -4.57371
0.696 4.4954 -4.45943
0.697 4.32925 -4.33085
0.698 4.14375 -4.18847
0.699 3.93969 -4.03286
0.7 3.7179 -3.86462
0.701 3.47931 -3.68442
0.702 3.22491 -3.49297
0.703 2.95574 -3.291
0.704 2.67292 -3.07932
0.705 2.37762 -2.85875
0.706 2.07106 -2.63014
0.707 1.75452 -2.39438
0.708 1.42929 -2.15238
0.709 1.09672 -1.90507
0.71 0.75819 -1.65342
0.711 0.4151 -1.39839
0.712 0.0688705 -1.14095
0.713 -0.279065 -0.88209
0.714 -0.627266 -0.622804
0.715 -0.974285 -0.364076
0.716 -1.31868 -0.106888
0.717 -1.65903 0.147787
0.718 -1.99391 0.398987
0.719 -2.32193 0.64577
0.72 -2.64172 0.88721
0.721 -2.95194 1.12241
0.722 -3.2513 1.3505
0.723 -3.53854 1.57063
0.724 -3.81246 1.78201
0.725 -4.0719 1.98385
0.726 -4.31577 2.17544
0.727 -4.54303 2.35609
0.728 -4.75272 2.52517
0.729 -4.94394 2.68207
0.73 -5.11587 2.82627
0.731 -5.26776 2.95728
0.732 -5.39895 3.07468
0.733 -5.50886 3.17808
0.734 -5.597 3.26717
0.735 -5.66295 3.34169
0.736 -5.7064 3.40146
0.737 -5.72713 3.44634
0.738 -5.725 3.47625
0.739 -5.69996 3.49118
0.74 -5.65207 3.49119
0.741 -5.58148 3.47638
0.742 -5.48842 3.44692
0.743 -5.37321 3.40306
0.744 -5.23627 3.34507
0.745 -5.07811 3.27331
0.746 -4.89932 3.18818
0.747 -4.70057 3.09015
0.748 -4.48263 2.97971
0.749 -4.24633 2.85744
0.75 -3.99257 2.72394
0.751 -3.72235 2.57987
0.752 -3.43671 2.42592
0.753 -3.13676 2.26284
0.754 -2.82367 2.09138
0.755 -2.49867 1.91237
0.756 -2.16304 1.72663
0.757 -1.81809 1.53503
0.758 -1.46518 1.33845
0.759 -1.10571 1.13779
0.76 -0.741078 0.933982
0.761 -0.37274 0.727946
0.762 -0.00214689 0.520624
0.763 0.369234 0.312956
0.764 0.739933 0.105884
0.765 1.10848 -0.0996549
0.766 1.47342 -0.302732
0.767 1.8333 -0.502429
0.768 2.18669 -0.697847
0.769 2.53219 -0.888103
0.77 2.86843 -1.07234
0.771 3.19408 -1.24972
0.772 3.50784 -1.41945
0.773 3.80847 -1.58076
0.774 4.09478 -1.73292
0.775 4.36562 -1.87523
0.776 4.61993 -2.00706
0.777 4.85671 -2.12778
0.778 5.075 -2.23686
0.779 5.27396 -2.33378
0.78 5.45279 -2.4181
0.781 5.6108 -2.48941
0.782 5.74737 -2.54737
0.783 5.86196 -2.5917
0.784 5.95412 -2.62217
0.785 6.02352 -2.63861
0.786 6.06988 -2.64091
0.787 6.09304 -2.62904
0.788 6.09293 -2.603
0.789 6.06957 -2.56287
0.79 6.02307 -2.50879
0.791 5.95364 -2.44095
0.792 5.86159 -2.3596
0.793 5.74732 -2.26507
0.794 5.61129 -2.15772
0.795 5.4541 -2.03797
0.796 5.2764 -1.90631
0.797 5.07894 -1.76327
0.798 4.86253 -1.60942
0.799 4.62808 -1.44539
0.8 4.37657 -1.27186
0.801 4.10905 -1.08954
0.802 3.82661 -0.899179
0.803 3.53044 -0.701566
0.804 3.22177 -0.497521
0.805 2.90187 -0.287893
0.806 2.57206 -0.0735571
0.807 2.23373 0.144592
0.808 1.88827 0.365639
0.809 1.5371 0.588657
0.81 1.1817 0.812707
0.811 0.823528 1.03684
0.812 0.464073 1.26012
0.813 0.104829 1.48159
0.814 -0.252715 1.70031
0.815 -0.607073 1.91535
0.816 -0.956771 2.12579
0.817 -1.30036 2.33074
0.818 -1.6364 2.52931
0.819 -1.96349 2.72065
0.82 -2.28028 2.90393
0.821 -2.58544 3.07835
0.822 -2.87769 3.24316
0.823 -3.15581 3.39763
0.824 -3.41864 3.54108
0.825 -3.66506 3.67288
0.826 -3.89404 3.79244
0.827 -4.10462 3.89922
0.828 -4.2959 3.99273
0.829 -4.46706 4.07254
0.83 -4.61739 4.13827
0.831 -4.74622 4.18961
0.832 -4.853 4.22628
0.833 -4.93726 4.2481
0.834 -4.99863 4.25492
0.835 -5.03682 4.24666
0.836 -5.05164 4.22332
0.837 -5.04301 4.18493
0.838 -5.01091 4.13162
0.839 -4.95547 4.06354
0.84 -4.87686 3.98095
0.841 -4.77539 3.88412
0.842 -4.65144 3.77343
0.843 -4.50548 3.64927
0.844 -4.33809 3.51212
0.845 -4.14993 3.36251
0.846 -3.94174 3.20101
0.847 -3.71435 3.02825
0.848 -3.46866 2.84491
0.849 -3.20566 2.65171
0.85 -2.92641 2.44941
0.851 -2.63203 2.23883
0.852 -2.3237 2.02078
0.853 -2.00268 1.79617
0.854 -1.67027 1.56587
0.855 -1.32781 1.33083
0.856 -0.976706 1.09199
0.857 -0.618377 0.850317
0.858 -0.254289 0.606801
0.859 0.11407 0.362432
0.86 0.485192 0.118207
0.861 0.857554 -0.124871
0.862 1.22963 -0.365805
0.863 1.59988 -0.603602
0.864 1.96679 -0.837279
0.865 2.32883 -1.06587
0.866 2.68452 -1.28842
0.867 3.03237 -1.50401
0.868 3.37095 -1.71174
0.869 3.69883 -1.91073
0.87 4.01465 -2.10014
0.871 4.31709 -2.27919
0.872 4.60488 -2.44709
0.873 4.8768 -2.60315
0.874 5.1317 -2.74669
0.875 5.36849 -2.87709
0.876 5.58616 -2.99379
0.877 5.78378 -3.09626
0.878 5.96049 -3.18405
0.879 6.1155 -3.25677
0.88 6.24813 -3.31409
0.881 6.35779 -3.35571
0.882 6.44395 -3.38144
0.883 6.50622 -3.39113
0.884 6.54426 -3.3847
0.885 6.55785 -3.36213
0.886 6.54688 -3.32348
0.887 6.51131 -3.26885
0.888 6.45123 -3.19844
0.889 6.36679 -3.11249
0.89 6.25828 -3.01131
0.891 6.12606 -2.89528
0.892 5.97059 -2.76484
0.893 5.79244 -2.62048
0.894 5.59224 -2.46276
0.895 5.37074 -2.2923
0.896 5.12877 -2.10976
0.897 4.86723 -1.91585
0.898 4.58711 -1.71135
0.899 4.28947 -1.49707
0.9 3.97545 -1.27386
0.901 3.64626 -1.04262
0.902 3.30315 -0.804271
0.903 2.94745 -0.559785
0.904 2.58053 -0.31015
0.905 2.20382 -0.0563799
0.906 1.81877 0.200489
0.907 1.42688 0.459405
0.908 1.02968 0.719304
0.909 0.62872 0.979114
0.91 0.225558 1.23776
0.911 -0.178227 1.49417
0.912 -0.581055 1.74726
0.913 -0.981348 1.99599
0.914 -1.37754 2.23931
0.915 -1.76807 2.47618
0.916 -2.15141 2.70559
0.917 -2.52605 2.92658
0.918 -2.89052 3.13818
0.919 -3.2434 3.33948
0.92 -3.58328 3.52959
0.921 -3.90883 3.7077
0.922 -4.21878 3.87298
0.923 -4.51189 4.02472
0.924 -4.78703 4.1622
0.925 -5.04311 4.28479
0.926 -5.27911 4.3919
0.927 -5.49412 4.48302
0.928 -5.68729 4.55767
0.929 -5.85785 4.61546
0.93 -6.00516 4.65606
0.931 -6.12862 4.67919
0.932 -6.22777 4.68465
0.933 -6.30222 4.67232
0.934 -6.35168 4.64212
0.935 -6.37597 4.59408
0.936 -6.37501 4.52826
0.937 -6.34881 4.44482
0.938 -6.2975 4.34397
0.939 -6.22129 4.22599
0.94 -6.12051 4.09124
0.941 -5.99556 3.94015
0.942 -5.84698 3.77318
0.943 -5.67536 3.5909
0.944 -5.4814 3.39391
0.945 -5.26591 3.18289
0.946 -5.02977 2.95854
0.947 -4.77392 2.72166
0.948 -4.49942 2.47308
0.949 -4.20739 2.21366
0.95 -3.89901 1.94433
0.951 -3.57554 1.66605
0.952 -3.23829 1.37982
0.953 -2.88863 1.08667
0.954 -2.52799 0.787668
0.955 -2.15784 0.483891
0.956 -1.77968 0.17645
0.957 -1.39505 -0.133533
0.958 -1.00551 -0.444921
0.959 -0.612658 -0.756572
0.96 -0.218088 -1.06734
0.961 0.176591 -1.37607
0.962 0.569769 -1.68164
0.963 0.959842 -1.98291
0.964 1.34522 -2.27876
0.965 1.72432 -2.5681
0.966 2.0956 -2.84985
0.967 2.45753 -3.12297
0.968 2.80864 -3.38645
0.969 3.14749 -3.6393
0.97 3.47267 -3.88059
0.971 3.78286 -4.10942
0.972 4.07677 -4.32494
0.973 4.35319 -4.52635
0.974 4.61099 -4.7129
0.975 4.84907 -4.8839
0.976 5.06647 -5.03873
0.977 5.26226 -5.1768
0.978 5.43562 -5.29762
0.979 5.58582 -5.40073
0.98 5.71223 -5.48578
0.981 5.81428 -5.55245
0.982 5.89155 -5.6005
0.983 5.94367 -5.62978
0.984 5.97039 -5.64019
0.985 5.97158 -5.63172
0.986 5.94719 -5.60441
0.987 5.89728 -5.55838
0.988 5.822 -5.49385
0.989 5.72162 -5.41106
0.99 5.59651 -5.31037
0.991 5.44712 -5.19217
0.992 5.27402 -5.05693
0.993 5.07787 -4.90521
0.994 4.85941 -4.73759
0.995 4.61947 -4.55473
0.996 4.359 -4.35737
0.997 4.07899 -4.14627
0.998 3.78053 -3.92226
0.999 3.46478 -3.68622
1 3.13298 -3.43907
