0.001 3.40075e-008 2.57857e-009
0.002 3.09795e-007 2.07078e-008
0.003 1.4611e-006 8.59268e-008
0.004 4.8417e-006 2.52137e-007
0.005 1.28162e-005 5.9803e-007
0.006 2.90409e-005 1.23118e-006
0.007 5.87322e-005 2.2942e-006
0.008 0.00010892 3.97347e-006
0.009 0.000188682 6.51063e-006
0.01 0.000309364 1.02175e-005
0.011 0.000484769 1.54943e-005
0.012 0.000731332 2.2852e-005
0.013 0.00106826 3.29383e-005
0.014 0.00151767 4.65684e-005
0.015 0.00210463 6.47595e-005
0.016 0.00285728 8.87701e-005
0.017 0.00380682 0.000120144
0.018 0.00498751 0.000160756
0.019 0.00643665 0.00021287
0.02 0.0081945 0.000279187
0.021 0.0103042 0.000362914
0.022 0.0128115 0.00046782
0.023 0.0157649 0.00059831
0.024 0.0192152 0.00075949
0.025 0.0232151 0.000957243
0.026 0.0278195 0.0011983
0.027 0.0330847 0.00149033
0.028 0.0390682 0.00184197
0.029 0.0458284 0.00226299
0.03 0.0534245 0.00276426
0.031 0.0619155 0.00335792
0.032 0.0713602 0.0040574
0.033 0.081817 0.00487749
0.034 0.0933426 0.00583444
0.035 0.105993 0.00694598
0.036 0.11982 0.00823143
0.037 0.134876 0.00971167
0.038 0.151209 0.0114093
0.039 0.168861 0.0133485
0.04 0.187874 0.0155553
0.041 0.208283 0.0180573
0.042 0.230118 0.020884
0.043 0.253406 0.0240665
0.044 0.278166 0.0276378
0.045 0.30441 0.0316323
0.046 0.332146 0.0360864
0.047 0.361373 0.0410377
0.048 0.392082 0.0465258
0.049 0.424259 0.0525912
0.05 0.45788 0.0592763
0.051 0.492913 0.0666243
0.052 0.529317 0.0746798
0.053 0.567044 0.0834881
0.054 0.606036 0.0930956
0.055 0.646227 0.103549
0.056 0.687541 0.114896
0.057 0.729894 0.127184
0.058 0.773193 0.14046
0.059 0.817336 0.154772
0.06 0.862214 0.170167
0.061 0.907707 0.186691
0.062 0.953688 0.20439
0.063 1.00003 0.223306
0.064 1.04658 0.243484
0.065 1.09319 0.264963
0.066 1.13971 0.287782
0.067 1.18599 0.311977
0.068 1.23184 0.337581
0.069 1.27711 0.364625
0.07 1.32161 0.393135
0.071 1.36517 0.423133
0.072 1.4076 0.45464
0.073 1.44873 0.48767
0.074 1.48837 0.522232
0.075 1.52633 0.558331
0.076 1.56242 0.595967
0.077 1.59648 0.635135
0.078 1.62831 0.675821
0.079 1.65774 0.718009
0.08 1.68459 0.761674
0.081 1.7087 0.806785
0.082 1.7299 0.853304
0.083 1.74805 0.901186
0.084 1.76298 0.950381
0.085 1.77457 1.00083
0.086 1.78268 1.05246
0.087 1.78719 1.10521
0.088 1.78799 1.15898
0.089 1.785 1.2137
0.09 1.77812 1.26926
0.091 1.76729 1.32556
0.092 1.75244 1.38249
0.093 1.73354 1.43993
0.094 1.71056 1.49776
0.095 1.6835 1.55583
0.096 1.65234 1.61402
0.097 1.61713 1.67216
0.098 1.5779 1.73012
0.099 1.53469 1.78773
0.1 1.4876 1.84483
0.101 1.4367 1.90124
0.102 1.3821 1.9568
0.103 1.32394 2.01132
0.104 1.26234 2.06463
0.105 1.19748 2.11653
0.106 1.12953 2.16684
0.107 1.05867 2.21537
0.108 0.985119 2.26193
0.109 0.909097 2.30632
0.11 0.830839 2.34835
0.111 0.750598 2.38784
0.112 0.668636 2.42458
0.113 0.585231 2.45839
0.114 0.500668 2.48908
0.115 0.415247 2.51648
0.116 0.329272 2.5404
0.117 0.243059 2.56068
0.118 0.156929 2.57713
0.119 0.0712086 2.58962
0.12 -0.0137701 2.59797
0.121 -0.0976731 2.60205
0.122 -0.180164 2.60173
0.123 -0.260908 2.59686
0.124 -0.339568 2.58735
0.125 -0.415814 2.57309
0.126 -0.489315 2.55398
0.127 -0.55975 2.52995
0.128 -0.626803 2.50092
0.129 -0.690166 2.46685
0.13 -0.749542 2.4277
0.131 -0.804645 2.38343
0.132 -0.855201 2.33406
0.133 -0.900951 2.27958
0.134 -0.941651 2.22001
0.135 -0.977075 2.1554
0.136 -1.00701 2.0858
0.137 -1.03128 2.01129
0.138 -1.04969 1.93195
0.139 -1.06212 1.8479
0.14 -1.06842 1.75926
0.141 -1.0685 1.66616
0.142 -1.06228 1.56878
0.143 -1.0497 1.46729
0.144 -1.03074 1.36188
0.145 -1.0054 1.25275
0.146 -0.973687 1.14014
0.147 -0.935665 1.02428
0.148 -0.891406 0.905436
0.149 -0.841015 0.783868
0.15 -0.784623 0.659865
0.151 -0.722388 0.533723
0.152 -0.654493 0.405751
0.153 -0.58115 0.276272
0.154 -0.502594 0.145616
0.155 -0.419087 0.0141249
0.156 -0.330914 -0.117851
0.157 -0.238385 -0.249953
0.158 -0.141832 -0.381818
0.159 -0.0416091 -0.513076
0.16 0.0619105 -0.643352
0.161 0.168333 -0.772269
0.162 0.277247 -0.899448
0.163 0.388225 -1.02451
0.164 0.500824 -1.14708
0.165 0.614588 -1.26677
0.166 0.729049 -1.38322
0.167 0.84373 -1.49606
0.168 0.958146 -1.60492
0.169 1.0718 -1.70945
0.17 1.18421 -1.8093
0.171 1.29486 -1.90415
0.172 1.40326 -1.99366
0.173 1.50892 -2.07753
0.174 1.61133 -2.15545
0.175 1.71002 -2.22716
0.176 1.8045 -2.29237
0.177 1.8943 -2.35086
0.178 1.97897 -2.40239
0.179 2.05807 -2.44674
0.18 2.13116 -2.48375
0.181 2.19785 -2.51323
0.182 2.25773 -2.53506
0.183 2.31045 -2.5491
0.184 2.35565 -2.55528
0.185 2.39303 -2.55351
0.186 2.42228 -2.54376
0.187 2.44315 -2.52602
0.188 2.4554 -2.50028
0.189 2.45883 -2.46659
0.19 2.45326 -2.42501
0.191 2.43857 -2.37563
0.192 2.41465 -2.31858
0.193 2.38142 -2.25399
0.194 2.33886 -2.18204
0.195 2.28697 -2.10292
0.196 2.2258 -2.01687
0.197 2.15541 -1.92414
0.198 2.07593 -1.82499
0.199 1.9875 -1.71974
0.2 1.89032 -1.60871
0.201 1.7846 -1.49223
0.202 1.67062 -1.3707
0.203 1.54866 -1.24448
0.204 1.41906 -1.11401
0.205 1.28218 -0.979692
0.206 1.13842 -0.841987
0.207 0.988199 -0.701353
0.208 0.831986 -0.558266
0.209 0.670263 -0.413213
0.21 0.503542 -0.266696
0.211 0.332362 -0.119223
0.212 0.157283 0.0286889
0.213 -0.0211127 0.176517
0.214 -0.202225 0.323733
0.215 -0.385435 0.469808
0.216 -0.570113 0.614212
0.217 -0.755612 0.756417
0.218 -0.941282 0.895896
0.219 -1.12646 1.03213
0.22 -1.31048 1.1646
0.221 -1.49267 1.29281
0.222 -1.67238 1.41627
0.223 -1.84893 1.53449
0.224 -2.02167 1.647
0.225 -2.18995 1.75336
0.226 -2.35312 1.85313
0.227 -2.51058 1.9459
0.228 -2.66171 2.03129
0.229 -2.80592 2.10891
0.23 -2.94264 2.17844
0.231 -3.07134 2.23955
0.232 -3.1915 2.29195
0.233 -3.30262 2.33537
0.234 -3.40425 2.3696
0.235 -3.49597 2.39442
0.236 -3.57738 2.40966
0.237 -3.64814 2.41519
0.238 -3.70792 2.4109
0.239 -3.75646 2.39673
0.24 -3.79351 2.37262
0.241 -3.81888 2.33859
0.242 -3.83243 2.29467
0.243 -3.83405 2.24092
0.244 -3.82369 2.17745
0.245 -3.80132 2.1044
0.246 -3.76698 2.02193
0.247 -3.72075 1.93026
0.248 -3.66275 1.82962
0.249 -3.59315 1.7203
0.25 -3.51218 1.60259
0.251 -3.42008 1.47683
0.252 -3.31718 1.34338
0.253 -3.20381 1.20266
0.254 -3.08037 1.05508
0.255 -2.94729 0.901082
0.256 -2.80504 0.741156
0.257 -2.65414 0.575796
0.258 -2.49513 0.405525
0.259 -2.32859 0.230883
0.26 -2.15515 0.052429
0.261 -1.97543 -0.129261
0.262 -1.79011 -0.313596
0.263 -1.59989 -0.499976
0.264 -1.40549 -0.687787
0.265 -1.20764 -0.876411
0.266 -1.00711 -1.06522
0.267 -0.804657 -1.25359
0.268 -0.601066 -1.44088
0.269 -0.397127 -1.62648
0.27 -0.193633 -1.80974
0.271 0.00861916 -1.99006
0.272 0.208836 -2.16682
0.273 0.406226 -2.33942
0.274 0.600009 -2.50727
0.275 0.789411 -2.66979
0.276 0.973675 -2.82643
0.277 1.15206 -2.97665
0.278 1.32385 -3.11993
0.279 1.48834 -3.25578
0.28 1.64486 -3.38372
0.281 1.79277 -3.50331
0.282 1.93146 -3.61414
0.283 2.06036 -3.71581
0.284 2.17891 -3.80798
0.285 2.28662 -3.89032
0.286 2.38302 -3.96255
0.287 2.46771 -4.02441
0.288 2.54031 -4.07569
0.289 2.60049 -4.1162
0.29 2.64798 -4.14581
0.291 2.68254 -4.1644
0.292 2.70401 -4.17193
0.293 2.71225 -4.16835
0.294 2.7072 -4.15369
0.295 2.68883 -4.128
0.296 2.65718 -4.09136
0.297 2.61234 -4.04392
0.298 2.55444 -3.98583
0.299 2.48368 -3.91731
0.3 2.40031 -3.83861
0.301 2.30462 -3.74999
0.302 2.19697 -3.65179
0.303 2.07775 -3.54434
0.304 1.9474 -3.42804
0.305 1.80643 -3.30329
0.306 1.65537 -3.17054
0.307 1.49479 -3.03027
0.308 1.32533 -2.88297
0.309 1.14765 -2.72917
0.31 0.96243 -2.5694
0.311 0.770411 -2.40425
0.312 0.572351 -2.2343
0.313 0.369038 -2.06014
0.314 0.161282 -1.8824
0.315 -0.0500811 -1.7017
0.316 -0.264201 -1.51868
0.317 -0.480212 -1.33399
0.318 -0.697236 -1.14826
0.319 -0.914387 -0.962161
0.32 -1.13078 -0.776332
0.321 -1.34552 -0.591423
0.322 -1.55771 -0.408074
0.323 -1.76649 -0.226921
0.324 -1.97098 -0.0485853
0.325 -2.17033 0.126321
0.326 -2.36368 0.297203
0.327 -2.55023 0.463482
0.328 -2.72918 0.6246
0.329 -2.89976 0.780019
0.33 -3.06123 0.929227
0.331 -3.21289 1.07174
0.332 -3.35408 1.20708
0.333 -3.48416 1.33484
0.334 -3.60255 1.45461
0.335 -3.70871 1.56603
0.336 -3.80215 1.66875
0.337 -3.88242 1.76249
0.338 -3.94912 1.84697
0.339 -4.00193 1.92199
0.34 -4.04054 1.98734
0.341 -4.06473 2.04288
0.342 -4.07434 2.08851
0.343 -4.06923 2.12416
0.344 -4.04936 2.14979
0.345 -4.01473 2.16543
0.346 -3.9654 2.17111
0.347 -3.90149 2.16693
0.348 -3.82319 2.15303
0.349 -3.73072 2.12956
0.35 -3.62438 2.09674
0.351 -3.50454 2.05481
0.352 -3.37158 2.00406
0.353 -3.22599 1.94478
0.354 -3.06826 1.87734
0.355 -2.89897 1.8021
0.356 -2.71872 1.71949
0.357 -2.52818 1.62994
0.358 -2.32805 1.53391
0.359 -2.11906 1.43189
0.36 -1.902 1.32441
0.361 -1.67768 1.21199
0.362 -1.44696 1.09518
0.363 -1.21069 0.97456
0.364 -0.969786 0.850705
0.365 -0.725163 0.72421
0.366 -0.477758 0.595679
0.367 -0.228523 0.465721
0.368 0.0215812 0.334949
0.369 0.271588 0.20398
0.37 0.520529 0.0734258
0.371 0.767437 -0.0561029
0.372 1.01135 -0.184002
0.373 1.25132 -0.309677
0.374 1.4864 -0.432544
0.375 1.71568 -0.552032
0.376 1.93826 -0.667588
0.377 2.15326 -0.778674
0.378 2.35985 -0.884777
0.379 2.55719 -0.985404
0.38 2.74453 -1.08009
0.381 2.92112 -1.16838
0.382 3.08626 -1.24988
0.383 3.23931 -1.3242
0.384 3.37966 -1.39098
0.385 3.50676 -1.44992
0.386 3.6201 -1.50073
0.387 3.71925 -1.54316
0.388 3.80382 -1.577
0.389 3.87347 -1.60209
0.39 3.92793 -1.61828
0.391 3.96701 -1.62549
0.392 3.99055 -1.62365
0.393 3.99848 -1.61276
0.394 3.99077 -1.59284
0.395 3.96747 -1.56396
0.396 3.9287 -1.52621
0.397 3.87462 -1.47974
0.398 3.80548 -1.42473
0.399 3.72156 -1.36141
0.4 3.62325 -1.29002
0.401 3.51095 -1.21086
0.402 3.38514 -1.12425
0.403 3.24637 -1.03056
0.404 3.09522 -0.930168
0.405 2.93233 -0.823501
0.406 2.7584 -0.711007
0.407 2.57418 -0.59316
0.408 2.38043 -0.47046
0.409 2.17799 -0.343426
0.41 1.96773 -0.2126
0.411 1.75053 -0.0785403
0.412 1.52733 0.0581793
0.413 1.29908 0.196972
0.414 1.06676 0.337243
0.415 0.831373 0.478386
0.416 0.593921 0.619793
0.417 0.355431 0.760852
0.418 0.116933 0.900952
0.419 -0.120541 1.03948
0.42 -0.355961 1.17585
0.421 -0.588302 1.30944
0.422 -0.81655 1.43969
0.423 -1.03971 1.56601
0.424 -1.25679 1.68786
0.425 -1.46684 1.8047
0.426 -1.66893 1.916
0.427 -1.86217 2.02129
0.428 -2.04567 2.12008
0.429 -2.21862 2.21194
0.43 -2.38023 2.29646
0.431 -2.52977 2.37325
0.432 -2.66653 2.44197
0.433 -2.78989 2.50231
0.434 -2.89925 2.55398
0.435 -2.99409 2.59674
0.436 -3.07394 2.6304
0.437 -3.13839 2.65479
0.438 -3.18709 2.66978
0.439 -3.21977 2.6753
0.44 -3.23621 2.6713
0.441 -3.23627 2.65779
0.442 -3.21986 2.6348
0.443 -3.18699 2.60243
0.444 -3.13771 2.5608
0.445 -3.07215 2.51007
0.446 -2.9905 2.45045
0.447 -2.89304 2.38219
0.448 -2.7801 2.30558
0.449 -2.65207 2.22094
0.45 -2.50943 2.12863
0.451 -2.35269 2.02906
0.452 -2.18245 1.92264
0.453 -1.99935 1.80983
0.454 -1.80409 1.69115
0.455 -1.59744 1.56709
0.456 -1.3802 1.4382
0.457 -1.15322 1.30507
0.458 -0.917403 1.16827
0.459 -0.67369 1.02842
0.46 -0.423056 0.886135
0.461 -0.16651 0.742065
0.462 0.0949092 0.596858
0.463 0.36014 0.451173
0.464 0.628098 0.305673
0.465 0.897686 0.161026
0.466 1.16779 0.0178983
0.467 1.4373 -0.123046
0.468 1.70508 -0.261148
0.469 1.97004 -0.39576
0.47 2.23104 -0.526245
0.471 2.48699 -0.651978
0.472 2.73682 -0.772355
0.473 2.97945 -0.886789
0.474 3.21385 -0.994717
0.475 3.43901 -1.0956
0.476 3.65395 -1.18893
0.477 3.85774 -1.27422
0.478 4.04948 -1.35102
0.479 4.22833 -1.41893
0.48 4.39347 -1.47755
0.481 4.54417 -1.52656
0.482 4.67973 -1.56564
0.483 4.79951 -1.59454
0.484 4.90295 -1.61304
0.485 4.98954 -1.62097
0.486 5.05884 -1.61819
0.487 5.11047 -1.60463
0.488 5.14413 -1.58024
0.489 5.15959 -1.54503
0.49 5.15671 -1.49906
0.491 5.13538 -1.44244
0.492 5.09562 -1.37531
0.493 5.03747 -1.29786
0.494 4.9611 -1.21035
0.495 4.8667 -1.11305
0.496 4.75457 -1.0063
0.497 4.62508 -0.890465
0.498 4.47866 -0.765972
0.499 4.31582 -0.633275
0.5 4.13713 -0.492868
0.501 3.94322 -0.345285
0.502 3.73481 -0.191093
0.503 3.51265 -0.0308917
0.504 3.27758 0.134686
0.505 3.03047 0.304982
0.506 2.77226 0.479311
0.507 2.50391 0.656965
0.508 2.22646 0.837215
0.509 1.94096 1.01932
0.51 1.64853 1.20251
0.511 1.35028 1.38602
0.512 1.04738 1.56907
0.513 0.741005 1.75087
0.514 0.43236 1.93064
0.515 0.122655 2.1076
0.516 -0.186889 2.28096
0.517 -0.495048 2.44994
0.518 -0.800602 2.61379
0.519 -1.10233 2.77176
0.52 -1.39904 2.92311
0.521 -1.68954 3.06714
0.522 -1.97265 3.20316
0.523 -2.24725 3.33051
0.524 -2.51223 3.44855
0.525 -2.76651 3.55669
0.526 -3.00906 3.65436
0.527 -3.23889 3.74103
0.528 -3.45506 3.81622
0.529 -3.65669 3.87947
0.53 -3.84294 3.93039
0.531 -4.01305 3.9686
0.532 -4.1663 3.99382
0.533 -4.30206 4.00576
0.534 -4.41975 4.00423
0.535 -4.51887 3.98906
0.536 -4.59899 3.96014
0.537 -4.65977 3.91742
0.538 -4.70092 3.8609
0.539 -4.72226 3.79063
0.54 -4.72367 3.70671
0.541 -4.70511 3.60932
0.542 -4.66663 3.49866
0.543 -4.60835 3.37501
0.544 -4.53048 3.23867
0.545 -4.43332 3.09003
0.546 -4.31722 2.92951
0.547 -4.18264 2.75758
0.548 -4.03009 2.57475
0.549 -3.86016 2.38159
0.55 -3.67353 2.17872
0.551 -3.47093 1.96677
0.552 -3.25317 1.74643
0.553 -3.02111 1.51844
0.554 -2.77568 1.28354
0.555 -2.51787 1.04254
0.556 -2.24871 0.796241
0.557 -1.96929 0.545493
0.558 -1.68075 0.291162
0.559 -1.38426 0.0341304
0.56 -1.08102 -0.224701
0.561 -0.772279 -0.484421
0.562 -0.459294 -0.74411
0.563 -0.143354 -1.00284
0.564 0.17424 -1.25969
0.565 0.492176 -1.51374
0.566 0.809135 -1.76406
0.567 1.1238 -2.00974
0.568 1.43486 -2.2499
0.569 1.74101 -2.48365
0.57 2.04097 -2.71013
0.571 2.33348 -2.92851
0.572 2.61729 -3.13798
0.573 2.8912 -3.33776
0.574 3.15403 -3.5271
0.575 3.40467 -3.7053
0.576 3.64203 -3.87168
0.577 3.86507 -4.02562
0.578 4.07282 -4.16654
0.579 4.26435 -4.29389
0.58 4.43882 -4.40719
0.581 4.59543 -4.50601
0.582 4.73347 -4.58995
0.583 4.85228 -4.65869
0.584 4.95129 -4.71197
0.585 5.03001 -4.74955
0.586 5.08802 -4.77129
0.587 5.125 -4.7771
0.588 5.14069 -4.76692
0.589 5.13493 -4.74079
0.59 5.10764 -4.69879
0.591 5.05884 -4.64107
0.592 4.98862 -4.56782
0.593 4.89716 -4.4793
0.594 4.78472 -4.37585
0.595 4.65166 -4.25783
0.596 4.49842 -4.12569
0.597 4.32551 -3.97991
0.598 4.13354 -3.82103
0.599 3.92317 -3.64964
0.6 3.69516 -3.46639
0.601 3.45033 -3.27196
0.602 3.18959 -3.06708
0.603 2.91388 -2.85253
0.604 2.62424 -2.62912
0.605 2.32173 -2.39769
0.606 2.00751 -2.15911
0.607 1.68275 -1.9143
0.608 1.34868 -1.66419
0.609 1.00658 -1.40972
0.61 0.657754 -1.15188
0.611 0.303532 -0.891637
0.612 -0.0547208 -0.629998
0.613 -0.415624 -0.367962
0.614 -0.777783 -0.106535
0.615 -1.13979 0.153278
0.616 -1.50025 0.410479
0.617 -1.85775 0.664075
0.618 -2.2109 0.913088
0.619 -2.55832 1.15656
0.62 -2.89864 1.39354
0.621 -3.23054 1.62312
0.622 -3.5527 1.84441
0.623 -3.86385 2.05654
0.624 -4.16277 2.25869
0.625 -4.44827 2.45007
0.626 -4.71922 2.62994
0.627 -4.97455 2.7976
0.628 -5.21323 2.95237
0.629 -5.43431 3.09366
0.63 -5.63691 3.22091
0.631 -5.82022 3.33362
0.632 -5.98348 3.43133
0.633 -6.12605 3.51367
0.634 -6.24735 3.58028
0.635 -6.34687 3.63091
0.636 -6.4242 3.66535
0.637 -6.47902 3.68344
0.638 -6.5111 3.68511
0.639 -6.52028 3.67033
0.64 -6.50652 3.63914
0.641 -6.46984 3.59166
0.642 -6.41037 3.52804
0.643 -6.32833 3.44852
0.644 -6.22402 3.3534
0.645 -6.09784 3.24302
0.646 -5.95027 3.11781
0.647 -5.78187 2.97822
0.648 -5.5933 2.82478
0.649 -5.38528 2.65808
0.65 -5.15863 2.47875
0.651 -4.91422 2.28746
0.652 -4.653 2.08495
0.653 -4.37601 1.87197
0.654 -4.08433 1.64936
0.655 -3.77909 1.41794
0.656 -3.46151 1.17862
0.657 -3.13282 0.932291
0.658 -2.79432 0.679907
0.659 -2.44735 0.422431
0.66 -2.09327 0.160846
0.661 -1.73348 -0.103845
0.662 -1.36941 -0.370629
0.663 -1.00249 -0.638486
0.664 -0.634165 -0.906389
0.665 -0.265904 -1.17331
0.666 0.10084 -1.43823
0.667 0.464614 -1.70014
0.668 0.823977 -1.95803
0.669 1.1775 -2.21091
0.67 1.5238 -2.45782
0.671 1.86148 -2.69781
0.672 2.18921 -2.92997
0.673 2.50569 -3.1534
0.674 2.80967 -3.36726
0.675 3.09995 -3.57074
0.676 3.37536 -3.76304
0.677 3.63482 -3.94346
0.678 3.87731 -4.11129
0.679 4.10186 -4.2659
0.68 4.30758 -4.40671
0.681 4.49367 -4.53319
0.682 4.65939 -4.64487
0.683 4.80408 -4.74132
0.684 4.92719 -4.82219
0.685 5.02823 -4.88718
0.686 5.10681 -4.93606
0.687 5.16263 -4.96864
0.688 5.19549 -4.98484
0.689 5.20526 -4.98459
0.69 5.19193 -4.96791
0.691 5.15556 -4.9349
0.692 5.09632 -4.88568
0.693 5.01447 -4.82048
0.694 4.91036 -4.73955
0.695 4.78442 -4.64324
0.696 4.63718 -4.53192
0.697 4.46927 -4.40605
0.698 4.28137 -4.26613
0.699 4.07427 -4.11271
0.7 3.84883 -3.94641
0.701 3.60597 -3.76788
0.702 3.34672 -3.57782
0.703 3.07212 -3.37698
0.704 2.78334 -3.16616
0.705 2.48154 -2.94617
0.706 2.16799 -2.71787
0.707 1.84398 -2.48216
0.708 1.51085 -2.23995
0.709 1.16997 -1.99218
0.71 0.822757 -1.73981
0.711 0.470644 -1.48381
0.712 0.115089 -1.22518
0.713 -0.242434 -0.964903
0.714 -0.600445 -0.703983
0.715 -0.957459 -0.443416
0.716 -1.31199 -0.184197
0.717 -1.66257 0.0726893
0.718 -2.00775 0.326269
0.719 -2.34607 0.575585
0.72 -2.67613 0.8197
0.721 -2.99656 1.0577
0.722 -3.30601 1.2887
0.723 -3.60318 1.51184
0.724 -3.88683 1.7263
0.725 -4.15577 1.9313
0.726 -4.40884 2.12609
0.727 -4.645 2.30997
0.728 -4.86322 2.4823
0.729 -5.06257 2.64246
0.73 -5.24221 2.7899
0.731 -5.40135 2.92412
0.732 -5.53929 3.04468
0.733 -5.65543 3.15119
0.734 -5.74924 3.24332
0.735 -5.8203 3.3208
0.736 -5.86826 3.38342
0.737 -5.89287 3.43104
0.738 -5.89399 3.46357
0.739 -5.87155 3.48099
0.74 -5.82561 3.48334
0.741 -5.75628 3.47072
0.742 -5.6638 3.4433
0.743 -5.54849 3.4013
0.744 -5.41077 3.34499
0.745 -5.25114 3.27474
0.746 -5.07021 3.19093
0.747 -4.86865 3.09403
0.748 -4.64723 2.98453
0.749 -4.40681 2.863
0.75 -4.1483 2.73006
0.751 -3.87271 2.58635
0.752 -3.58111 2.43256
0.753 -3.27463 2.26946
0.754 -2.95448 2.09779
0.755 -2.6219 1.91839
0.756 -2.2782 1.73208
0.757 -1.92474 1.53975
0.758 -1.5629 1.34227
0.759 -1.19412 1.14057
0.76 -0.819842 0.935561
0.761 -0.441556 0.728197
0.762 -0.0607557 0.519422
0.763 0.32105 0.310188
0.764 0.702346 0.10145
0.765 1.08162 -0.105844
0.766 1.45737 -0.310751
0.767 1.8281 -0.512341
0.768 2.19234 -0.709699
0.769 2.54863 -0.90193
0.77 2.89557 -1.08816
0.771 3.23177 -1.26754
0.772 3.55589 -1.43927
0.773 3.86666 -1.60254
0.774 4.16282 -1.75663
0.775 4.4432 -1.90082
0.776 4.7067 -2.03445
0.777 4.95225 -2.15691
0.778 5.1789 -2.26762
0.779 5.38573 -2.36606
0.78 5.57193 -2.45178
0.781 5.73677 -2.52437
0.782 5.8796 -2.58345
0.783 5.99985 -2.62875
0.784 6.09707 -2.66003
0.785 6.17086 -2.6771
0.786 6.22096 -2.67985
0.787 6.24717 -2.66823
0.788 6.24942 -2.64225
0.789 6.2277 -2.60197
0.79 6.18213 -2.54753
0.791 6.11291 -2.47912
0.792 6.02035 -2.39699
0.793 5.90483 -2.30146
0.794 5.76685 -2.19288
0.795 5.60698 -2.0717
0.796 5.4259 -1.93838
0.797 5.22436 -1.79347
0.798 5.0032 -1.63754
0.799 4.76335 -1.47123
0.8 4.5058 -1.29522
0.801 4.23162 -1.11023
0.802 3.94195 -0.917011
0.803 3.63799 -0.716369
0.804 3.321 -0.509133
0.805 2.99229 -0.29616
0.806 2.65323 -0.0783391
0.807 2.30523 0.143422
0.808 1.94972 0.368196
0.809 1.58819 0.595039
0.81 1.22212 0.822998
0.811 0.853048 1.05111
0.812 0.482496 1.27842
0.813 0.112005 1.50395
0.814 -0.256885 1.72675
0.815 -0.622639 1.94588
0.816 -0.983736 2.16038
0.817 -1.33867 2.36936
0.818 -1.68597 2.5719
0.819 -2.02417 2.76714
0.82 -2.35187 2.95423
0.821 -2.66769 3.13235
0.822 -2.97032 3.30074
0.823 -3.25848 3.45864
0.824 -3.53096 3.60536
0.825 -3.78661 3.74025
0.826 -4.02436 3.86271
0.827 -4.24319 3.97218
0.828 -4.44217 4.06815
0.829 -4.62045 4.15019
0.83 -4.77728 4.21789
0.831 -4.91196 4.27093
0.832 -5.02392 4.30904
0.833 -5.11265 4.332
0.834 -5.17776 4.33967
0.835 -5.21894 4.33197
0.836 -5.23598 4.30886
0.837 -5.22879 4.2704
0.838 -5.19735 4.21669
0.839 -5.14175 4.1479
0.84 -5.06219 4.06426
0.841 -4.95896 3.96607
0.842 -4.83244 3.85368
0.843 -4.68312 3.72751
0.844 -4.51158 3.58804
0.845 -4.31848 3.43578
0.846 -4.1046 3.27133
0.847 -3.87076 3.09533
0.848 -3.61791 2.90846
0.849 -3.34705 2.71144
0.85 -3.05926 2.50507
0.851 -2.75571 2.29014
0.852 -2.43761 2.06753
0.853 -2.10624 1.83812
0.854 -1.76294 1.60283
0.855 -1.40912 1.36259
0.856 -1.04619 1.1184
0.857 -0.675641 0.871219
0.858 -0.298978 0.622065
0.859 0.0822625 0.371949
0.86 0.466522 0.121892
0.861 0.852226 -0.127083
0.862 1.23779 -0.373954
0.863 1.62164 -0.617705
0.864 2.00218 -0.85733
0.865 2.37786 -1.09184
0.866 2.74711 -1.32025
0.867 3.1084 -1.54162
0.868 3.46024 -1.75503
0.869 3.80116 -1.95957
0.87 4.12975 -2.15438
0.871 4.44461 -2.33864
0.872 4.74444 -2.51158
0.873 5.02796 -2.67244
0.874 5.29398 -2.82053
0.875 5.54137 -2.95523
0.876 5.76906 -3.07593
0.877 5.97608 -3.1821
0.878 6.16153 -3.27328
0.879 6.3246 -3.34904
0.88 6.46455 -3.40903
0.881 6.58077 -3.45296
0.882 6.6727 -3.48062
0.883 6.73992 -3.49183
0.884 6.78207 -3.48651
0.885 6.79892 -3.46464
0.886 6.79032 -3.42625
0.887 6.75625 -3.37146
0.888 6.69675 -3.30044
0.889 6.61201 -3.21344
0.89 6.50228 -3.11078
0.891 6.36794 -2.99282
0.892 6.20945 -2.86001
0.893 6.02739 -2.71284
0.894 5.82241 -2.55188
0.895 5.59527 -2.37776
0.896 5.34681 -2.19113
0.897 5.07796 -1.99274
0.898 4.78975 -1.78337
0.899 4.48326 -1.56382
0.9 4.15966 -1.33499
0.901 3.82018 -1.09778
0.902 3.46614 -0.853136
0.903 3.0989 -0.602042
0.904 2.71987 -0.34551
0.905 2.33053 -0.0845773
0.906 1.93237 0.179697
0.907 1.52696 0.446237
0.908 1.11586 0.713954
0.909 0.700689 0.981747
0.91 0.283058 1.24852
0.911 -0.135397 1.51316
0.912 -0.55304 1.77457
0.913 -0.968233 2.03167
0.914 -1.37935 2.28338
0.915 -1.78477 2.52863
0.916 -2.18291 2.7664
0.917 -2.5722 2.99567
0.918 -2.95111 3.21546
0.919 -3.31815 3.42482
0.92 -3.67187 3.62285
0.921 -4.01088 3.80867
0.922 -4.33385 3.98147
0.923 -4.63949 4.14047
0.924 -4.92662 4.28495
0.925 -5.19409 4.41425
0.926 -5.44086 4.52774
0.927 -5.66595 4.62489
0.928 -5.86847 4.70521
0.929 -6.04763 4.76828
0.93 -6.20273 4.81373
0.931 -6.33316 4.84129
0.932 -6.43841 4.85074
0.933 -6.51808 4.84192
0.934 -6.57184 4.81475
0.935 -6.59951 4.76925
0.936 -6.60099 4.70546
0.937 -6.57627 4.62354
0.938 -6.52548 4.52368
0.939 -6.44882 4.40616
0.94 -6.34662 4.27135
0.941 -6.21929 4.11965
0.942 -6.06737 3.95154
0.943 -5.89147 3.76759
0.944 -5.69231 3.5684
0.945 -5.47071 3.35465
0.946 -5.22756 3.12706
0.947 -4.96385 2.88643
0.948 -4.68066 2.6336
0.949 -4.37914 2.36945
0.95 -4.06052 2.09493
0.951 -3.72608 1.811
0.952 -3.37719 1.51869
0.953 -3.01527 1.21906
0.954 -2.64178 0.91317
0.955 -2.25825 0.602144
0.956 -1.86623 0.287109
0.957 -1.46732 -0.0307863
0.958 -1.06314 -0.350378
0.959 -0.655333 -0.670497
0.96 -0.245563 -0.989966
0.961 0.164502 -1.30761
0.962 0.57319 -1.62226
0.963 0.978836 -1.93275
0.964 1.37978 -2.23794
0.965 1.77439 -2.5367
0.966 2.16105 -2.82792
0.967 2.53818 -3.11053
0.968 2.90423 -3.38348
0.969 3.2577 -3.64575
0.97 3.59714 -3.89637
0.971 3.92116 -4.13442
0.972 4.22841 -4.35902
0.973 4.51763 -4.56933
0.974 4.78763 -4.76458
0.975 5.03728 -4.94405
0.976 5.26554 -5.10707
0.977 5.47146 -5.25305
0.978 5.65417 -5.38146
0.979 5.8129 -5.49183
0.98 5.94697 -5.58376
0.981 6.05582 -5.65692
0.982 6.13894 -5.71106
0.983 6.19599 -5.746
0.984 6.22667 -5.76163
0.985 6.23084 -5.7579
0.986 6.20842 -5.73486
0.987 6.15948 -5.69262
0.988 6.08416 -5.63137
0.989 5.98273 -5.55136
0.99 5.85554 -5.45293
0.991 5.70308 -5.33647
0.992 5.52591 -5.20246
0.993 5.3247 -5.05143
0.994 5.10021 -4.88399
0.995 4.85332 -4.7008
0.996 4.58497 -4.50258
0.997 4.29619 -4.29011
0.998 3.98812 -4.06425
0.999 3.66194 -3.82586
1 3.31893 -3.57589
