0.001 3.40535e-008 2.54446e-009
0.002 3.10162e-007 2.04362e-008
0.003 1.46262e-006 8.4814e-008
0.004 4.84609e-006 2.4893e-007
0.005 1.28264e-005 5.90608e-007
0.006 2.90616e-005 1.21638e-006
0.007 5.87698e-005 2.26771e-006
0.008 0.000108983 3.9298e-006
0.009 0.000188782 6.44325e-006
0.01 0.000309515 1.0119e-005
0.011 0.000484987 1.53569e-005
0.012 0.000731638 2.2668e-005
0.013 0.00106868 3.27012e-005
0.014 0.00151822 4.62737e-005
0.015 0.00210535 6.44064e-005
0.016 0.00285821 8.8363e-005
0.017 0.00380799 0.000119695
0.018 0.00498896 0.000160287
0.019 0.00643843 0.000212416
0.02 0.00819666 0.000278799
0.021 0.0103068 0.000362663
0.022 0.0128146 0.000467804
0.023 0.0157686 0.000598653
0.024 0.0192194 0.000760355
0.025 0.02322 0.000958832
0.026 0.0278252 0.00120086
0.027 0.0330912 0.00149417
0.028 0.0390756 0.00184746
0.029 0.0458368 0.00227056
0.03 0.0534339 0.00277444
0.031 0.0619261 0.00337131
0.032 0.0713721 0.0040747
0.033 0.0818302 0.00489952
0.034 0.0933573 0.00586212
0.035 0.106009 0.00698039
0.036 0.119838 0.00827376
0.037 0.134896 0.00976329
0.038 0.15123 0.0114717
0.039 0.168885 0.0134234
0.04 0.1879 0.0156446
0.041 0.208311 0.018163
0.042 0.230149 0.0210085
0.043 0.25344 0.0242123
0.044 0.278203 0.0278075
0.045 0.30445 0.031829
0.046 0.33219 0.0363132
0.047 0.36142 0.0412982
0.048 0.392134 0.0468237
0.049 0.424315 0.0529305
0.05 0.457941 0.0596613
0.051 0.492979 0.0670596
0.052 0.529389 0.0751701
0.053 0.567123 0.0840387
0.054 0.606122 0.0937118
0.055 0.64632 0.104237
0.056 0.687643 0.115661
0.057 0.730005 0.128032
0.058 0.773314 0.141398
0.059 0.817468 0.155807
0.06 0.862357 0.171306
0.061 0.907863 0.187941
0.062 0.95386 0.205757
0.063 1.00021 0.2248
0.064 1.04678 0.245111
0.065 1.09341 0.266732
0.066 1.13996 0.2897
0.067 1.18625 0.314053
0.068 1.23213 0.339823
0.069 1.27742 0.36704
0.07 1.32196 0.395731
0.071 1.36555 0.42592
0.072 1.40801 0.457625
0.073 1.44918 0.49086
0.074 1.48885 0.525635
0.075 1.52686 0.561955
0.076 1.563 0.59982
0.077 1.5971 0.639222
0.078 1.62899 0.680149
0.079 1.65847 0.722584
0.08 1.68539 0.766501
0.081 1.70956 0.811869
0.082 1.73083 0.85865
0.083 1.74905 0.906798
0.084 1.76406 0.956261
0.085 1.77573 1.00698
0.086 1.78393 1.05888
0.087 1.78853 1.1119
0.088 1.78944 1.16595
0.089 1.78654 1.22094
0.09 1.77977 1.27677
0.091 1.76905 1.33333
0.092 1.75432 1.39052
0.093 1.73555 1.44822
0.094 1.7127 1.50629
0.095 1.68577 1.5646
0.096 1.65476 1.62302
0.097 1.61969 1.68138
0.098 1.58061 1.73955
0.099 1.53757 1.79735
0.1 1.49063 1.85463
0.101 1.4399 1.91121
0.102 1.38548 1.96691
0.103 1.32749 2.02156
0.104 1.26608 2.07497
0.105 1.2014 2.12696
0.106 1.13364 2.17734
0.107 1.06298 2.2259
0.108 0.989621 2.27247
0.109 0.913798 2.31685
0.11 0.835742 2.35885
0.111 0.755704 2.39826
0.112 0.673947 2.4349
0.113 0.590747 2.46858
0.114 0.506391 2.49912
0.115 0.421174 2.52632
0.116 0.335403 2.55002
0.117 0.249392 2.57003
0.118 0.163462 2.5862
0.119 0.0779383 2.59835
0.12 -0.00684804 2.60634
0.121 -0.0905636 2.61002
0.122 -0.172873 2.60926
0.123 -0.253442 2.60393
0.124 -0.331935 2.59392
0.125 -0.408021 2.57911
0.126 -0.481372 2.55943
0.127 -0.551668 2.53479
0.128 -0.618592 2.50512
0.129 -0.681839 2.47037
0.13 -0.741112 2.43051
0.131 -0.796125 2.38552
0.132 -0.846607 2.33538
0.133 -0.892299 2.2801
0.134 -0.932959 2.21972
0.135 -0.96836 2.15426
0.136 -0.998293 2.0838
0.137 -1.02257 2.0084
0.138 -1.04102 1.92816
0.139 -1.0535 1.84318
0.14 -1.05989 1.75361
0.141 -1.06007 1.65957
0.142 -1.05398 1.56123
0.143 -1.04155 1.45878
0.144 -1.02277 1.3524
0.145 -0.997621 1.24231
0.146 -0.966139 1.12874
0.147 -0.92837 1.01192
0.148 -0.884392 0.892128
0.149 -0.834309 0.769624
0.15 -0.778252 0.6447
0.151 -0.716379 0.517655
0.152 -0.648874 0.388803
0.153 -0.575948 0.258467
0.154 -0.497837 0.126983
0.155 -0.414802 -0.00530425
0.156 -0.327128 -0.138042
0.157 -0.235124 -0.270869
0.158 -0.139122 -0.403417
0.159 -0.0394751 -0.535314
0.16 0.0634437 -0.666182
0.161 0.169242 -0.795642
0.162 0.277509 -0.923312
0.163 0.387818 -1.04881
0.164 0.499727 -1.17175
0.165 0.612782 -1.29176
0.166 0.726516 -1.40847
0.167 0.840454 -1.52149
0.168 0.95411 -1.63048
0.169 1.067 -1.73506
0.17 1.17862 -1.8349
0.171 1.28847 -1.92966
0.172 1.39607 -2.01902
0.173 1.50092 -2.10266
0.174 1.60252 -2.18028
0.175 1.7004 -2.25161
0.176 1.79406 -2.31638
0.177 1.88306 -2.37434
0.178 1.96693 -2.42527
0.179 2.04522 -2.46896
0.18 2.11753 -2.50522
0.181 2.18344 -2.5339
0.182 2.24256 -2.55484
0.183 2.29453 -2.56794
0.184 2.33901 -2.57311
0.185 2.37568 -2.57027
0.186 2.40426 -2.55939
0.187 2.42447 -2.54045
0.188 2.4361 -2.51347
0.189 2.43894 -2.47848
0.19 2.43282 -2.43556
0.191 2.4176 -2.3848
0.192 2.39319 -2.32632
0.193 2.35952 -2.26027
0.194 2.31657 -2.18683
0.195 2.26432 -2.1062
0.196 2.20284 -2.01861
0.197 2.13219 -1.92432
0.198 2.0525 -1.82361
0.199 1.96391 -1.71679
0.2 1.86662 -1.60418
0.201 1.76086 -1.48614
0.202 1.64687 -1.36304
0.203 1.52497 -1.23529
0.204 1.39549 -1.10329
0.205 1.25878 -0.967476
0.206 1.11525 -0.828308
0.207 0.965318 -0.686248
0.208 0.80945 -0.541779
0.209 0.64813 -0.395393
0.21 0.48187 -0.247596
0.211 0.311207 -0.0989023
0.212 0.136701 0.0501657
0.213 -0.0410664 0.19908
0.214 -0.221496 0.34731
0.215 -0.403972 0.494319
0.216 -0.587863 0.639575
0.217 -0.772528 0.782544
0.218 -0.957314 0.922696
0.219 -1.14156 1.05951
0.22 -1.32461 1.19246
0.221 -1.5058 1.32106
0.222 -1.68445 1.44479
0.223 -1.85992 1.56317
0.224 -2.03154 1.67575
0.225 -2.19867 1.78206
0.226 -2.36068 1.88167
0.227 -2.51694 1.97418
0.228 -2.66686 2.05918
0.229 -2.80984 2.13631
0.23 -2.94533 2.20523
0.231 -3.07278 2.26562
0.232 -3.19169 2.31718
0.233 -3.30156 2.35967
0.234 -3.40195 2.39285
0.235 -3.49244 2.41651
0.236 -3.57263 2.4305
0.237 -3.64218 2.43467
0.238 -3.70078 2.42893
0.239 -3.74815 2.41321
0.24 -3.78408 2.38747
0.241 -3.80836 2.35172
0.242 -3.82085 2.306
0.243 -3.82145 2.25038
0.244 -3.81011 2.18497
0.245 -3.78682 2.10992
0.246 -3.75161 2.02539
0.247 -3.70456 1.93161
0.248 -3.6458 1.82882
0.249 -3.57551 1.71731
0.25 -3.4939 1.59738
0.251 -3.40125 1.46937
0.252 -3.29785 1.33368
0.253 -3.18405 1.19069
0.254 -3.06027 1.04084
0.255 -2.92691 0.884591
0.256 -2.78447 0.722424
0.257 -2.63346 0.554848
0.258 -2.47441 0.382391
0.259 -2.30792 0.205602
0.26 -2.1346 0.0250477
0.261 -1.95509 -0.158688
0.262 -1.77006 -0.345008
0.263 -1.58021 -0.533303
0.264 -1.38626 -0.722955
0.265 -1.18894 -0.913335
0.266 -0.989007 -1.10381
0.267 -0.787234 -1.29375
0.268 -0.584398 -1.48251
0.269 -0.381284 -1.66946
0.27 -0.178686 -1.85398
0.271 0.0226045 -2.03542
0.272 0.221796 -2.21318
0.273 0.4181 -2.38665
0.274 0.61074 -2.55524
0.275 0.798947 -2.71837
0.276 0.981967 -2.87547
0.277 1.15906 -3.02602
0.278 1.32952 -3.16947
0.279 1.49265 -3.30535
0.28 1.64778 -3.43317
0.281 1.79427 -3.55249
0.282 1.93152 -3.6629
0.283 2.05895 -3.76401
0.284 2.17603 -3.85547
0.285 2.28227 -3.93695
0.286 2.37721 -4.00817
0.287 2.46043 -4.06888
0.288 2.53158 -4.11887
0.289 2.59032 -4.15795
0.29 2.6364 -4.186
0.291 2.66958 -4.2029
0.292 2.68969 -4.20861
0.293 2.69663 -4.2031
0.294 2.69031 -4.18638
0.295 2.67072 -4.15853
0.296 2.63791 -4.11963
0.297 2.59197 -4.06982
0.298 2.53303 -4.00929
0.299 2.46131 -3.93824
0.3 2.37704 -3.85693
0.301 2.28054 -3.76565
0.302 2.17215 -3.66472
0.303 2.05228 -3.55449
0.304 1.92137 -3.43537
0.305 1.77992 -3.30777
0.306 1.62848 -3.17215
0.307 1.46763 -3.02898
0.308 1.29798 -2.87879
0.309 1.12021 -2.72209
0.31 0.935002 -2.55945
0.311 0.743097 -2.39144
0.312 0.545253 -2.21866
0.313 0.342257 -2.04171
0.314 0.134921 -1.86123
0.315 -0.0759225 -1.67785
0.316 -0.289423 -1.49221
0.317 -0.504716 -1.30496
0.318 -0.720925 -1.11677
0.319 -0.937168 -0.92829
0.32 -1.15256 -0.740179
0.321 -1.36621 -0.553089
0.322 -1.57723 -0.36767
0.323 -1.78475 -0.184562
0.324 -1.98791 -0.00439265
0.325 -2.18584 0.172221
0.326 -2.37772 0.344678
0.327 -2.56273 0.512396
0.328 -2.74008 0.674812
0.329 -2.909 0.831386
0.33 -3.06877 0.981602
0.331 -3.21869 1.12497
0.332 -3.35809 1.26103
0.333 -3.48636 1.38934
0.334 -3.60292 1.50951
0.335 -3.70723 1.62117
0.336 -3.7988 1.72399
0.337 -3.8772 1.81766
0.338 -3.94204 1.90194
0.339 -3.99298 1.97659
0.34 -4.02975 2.04143
0.341 -4.05213 2.09632
0.342 -4.05994 2.14116
0.343 -4.05308 2.17587
0.344 -4.0315 2.20043
0.345 -3.99521 2.21487
0.346 -3.94427 2.21923
0.347 -3.87881 2.21361
0.348 -3.79902 2.19815
0.349 -3.70514 2.17303
0.35 -3.59747 2.13845
0.351 -3.47637 2.09467
0.352 -3.34225 2.04198
0.353 -3.19558 1.98069
0.354 -3.03687 1.91116
0.355 -2.86669 1.83378
0.356 -2.68567 1.74897
0.357 -2.49445 1.65717
0.358 -2.29374 1.55886
0.359 -2.08429 1.45454
0.36 -1.86687 1.34473
0.361 -1.64231 1.22996
0.362 -1.41146 1.11081
0.363 -1.17517 0.987845
0.364 -0.934361 0.861661
0.365 -0.689943 0.73286
0.366 -0.442853 0.602051
0.367 -0.194042 0.469853
0.368 0.0555311 0.336887
0.369 0.304903 0.203776
0.37 0.553107 0.0711385
0.371 0.79918 -0.0604067
0.372 1.04216 -0.19025
0.373 1.28111 -0.31779
0.374 1.51509 -0.442436
0.375 1.74318 -0.563614
0.376 1.9645 -0.680764
0.377 2.17817 -0.793345
0.378 2.38335 -0.900839
0.379 2.57924 -1.00275
0.38 2.76507 -1.0986
0.381 2.9401 -1.18796
0.382 3.10365 -1.2704
0.383 3.25507 -1.34554
0.384 3.39377 -1.41303
0.385 3.5192 -1.47255
0.386 3.63086 -1.52383
0.387 3.72833 -1.5666
0.388 3.81121 -1.60067
0.389 3.8792 -1.62587
0.39 3.93202 -1.64205
0.391 3.96947 -1.64914
0.392 3.99143 -1.64707
0.393 3.99781 -1.63583
0.394 3.9886 -1.61546
0.395 3.96386 -1.58602
0.396 3.9237 -1.54763
0.397 3.8683 -1.50041
0.398 3.79792 -1.44458
0.399 3.71284 -1.38033
0.4 3.61344 -1.30795
0.401 3.50015 -1.22773
0.402 3.37345 -1.13999
0.403 3.23387 -1.0451
0.404 3.08202 -0.943462
0.405 2.91855 -0.835501
0.406 2.74413 -0.721671
0.407 2.55953 -0.602453
0.408 2.36553 -0.478354
0.409 2.16294 -0.349901
0.41 1.95265 -0.217641
0.411 1.73553 -0.0821407
0.412 1.51253 0.0560211
0.413 1.2846 0.196251
0.414 1.05271 0.337946
0.415 0.817855 0.480496
0.416 0.581053 0.623285
0.417 0.343321 0.765696
0.418 0.105684 0.907112
0.419 -0.130827 1.04692
0.42 -0.365188 1.18451
0.421 -0.596378 1.31928
0.422 -0.823388 1.45065
0.423 -1.04522 1.57803
0.424 -1.26091 1.70088
0.425 -1.4695 1.81865
0.426 -1.67007 1.93082
0.427 -1.86172 2.03689
0.428 -2.04359 2.13639
0.429 -2.21487 2.22889
0.43 -2.37478 2.31396
0.431 -2.52258 2.39124
0.432 -2.6576 2.46035
0.433 -2.7792 2.521
0.434 -2.88681 2.57291
0.435 -2.9799 2.61583
0.436 -3.05801 2.64957
0.437 -3.12076 2.67396
0.438 -3.16779 2.68888
0.439 -3.19884 2.69425
0.44 -3.2137 2.69003
0.441 -3.21224 2.67624
0.442 -3.19439 2.6529
0.443 -3.16014 2.62012
0.444 -3.10956 2.57802
0.445 -3.0428 2.52677
0.446 -2.96005 2.46659
0.447 -2.86159 2.39772
0.448 -2.74775 2.32046
0.449 -2.61895 2.23514
0.45 -2.47564 2.14213
0.451 -2.31837 2.04182
0.452 -2.14773 1.93464
0.453 -1.96436 1.82108
0.454 -1.76898 1.70162
0.455 -1.56234 1.57679
0.456 -1.34525 1.44714
0.457 -1.11857 1.31324
0.458 -0.883194 1.1757
0.459 -0.640069 1.03512
0.46 -0.390168 0.892142
0.461 -0.134499 0.747402
0.462 0.125901 0.601559
0.463 0.389971 0.455276
0.464 0.656632 0.30922
0.465 0.924787 0.164065
0.466 1.19333 0.0204791
0.467 1.46115 -0.12087
0.468 1.72712 -0.259321
0.469 1.99015 -0.394222
0.47 2.24912 -0.524935
0.471 2.50294 -0.650833
0.472 2.75053 -0.771311
0.473 2.99085 -0.88578
0.474 3.22285 -0.993677
0.475 3.44555 -1.09446
0.476 3.65797 -1.18763
0.477 3.85918 -1.27269
0.478 4.04831 -1.3492
0.479 4.2245 -1.41675
0.48 4.38697 -1.47496
0.481 4.53499 -1.52349
0.482 4.66787 -1.56204
0.483 4.78498 -1.59036
0.484 4.88577 -1.60823
0.485 4.96973 -1.61548
0.486 5.03645 -1.61198
0.487 5.08556 -1.59767
0.488 5.11676 -1.57249
0.489 5.12984 -1.53648
0.49 5.12465 -1.48969
0.491 5.10112 -1.43222
0.492 5.05926 -1.36424
0.493 4.99912 -1.28594
0.494 4.92088 -1.19757
0.495 4.82475 -1.09944
0.496 4.71103 -0.991867
0.497 4.58009 -0.875242
0.498 4.43237 -0.749986
0.499 4.26839 -0.616564
0.5 4.08873 -0.475477
0.501 3.89403 -0.327264
0.502 3.685 -0.172501
0.503 3.4624 -0.0117933
0.504 3.22707 0.154221
0.505 2.97989 0.324876
0.506 2.72179 0.499481
0.507 2.45375 0.677323
0.508 2.17679 0.857668
0.509 1.89198 1.03976
0.51 1.60041 1.22285
0.511 1.30321 1.40615
0.512 1.00155 1.58887
0.513 0.696591 1.77024
0.514 0.389535 1.94945
0.515 0.0815886 2.12573
0.516 -0.226034 2.29829
0.517 -0.532116 2.46635
0.518 -0.835442 2.62915
0.519 -1.13481 2.78595
0.52 -1.42901 2.93601
0.521 -1.71688 3.07863
0.522 -1.99726 3.21311
0.523 -2.26902 3.33879
0.524 -2.53106 3.45506
0.525 -2.78232 3.56131
0.526 -3.02179 3.65697
0.527 -3.24848 3.74154
0.528 -3.46146 3.81451
0.529 -3.65987 3.87546
0.53 -3.84289 3.92397
0.531 -4.00975 3.95971
0.532 -4.15977 3.98237
0.533 -4.29232 3.99169
0.534 -4.40683 3.98746
0.535 -4.50282 3.96955
0.536 -4.57988 3.93784
0.537 -4.63766 3.8923
0.538 -4.67591 3.83293
0.539 -4.69445 3.75979
0.54 -4.69316 3.673
0.541 -4.67204 3.57274
0.542 -4.63113 3.45922
0.543 -4.57058 3.33273
0.544 -4.49059 3.1936
0.545 -4.39148 3.04221
0.546 -4.27362 2.87899
0.547 -4.13746 2.70443
0.548 -3.98352 2.51905
0.549 -3.81242 2.32343
0.55 -3.62483 2.11819
0.551 -3.42148 1.90399
0.552 -3.20319 1.68152
0.553 -2.97084 1.45152
0.554 -2.72534 1.21475
0.555 -2.4677 0.972024
0.556 -2.19895 0.724158
0.557 -1.92018 0.472007
0.558 -1.63252 0.216443
0.559 -1.33714 -0.0416429
0.56 -1.03524 -0.301343
0.561 -0.728078 -0.561742
0.562 -0.416897 -0.821912
0.563 -0.102982 -1.08093
0.564 0.212371 -1.33785
0.565 0.527855 -1.59176
0.566 0.842162 -1.84174
0.567 1.15398 -2.08687
0.568 1.46201 -2.32625
0.569 1.76496 -2.55901
0.57 2.06155 -2.7843
0.571 2.35054 -3.00126
0.572 2.63069 -3.20911
0.573 2.90081 -3.40705
0.574 3.15975 -3.59436
0.575 3.40639 -3.77032
0.576 3.63966 -3.93428
0.577 3.85855 -4.0856
0.578 4.06209 -4.22371
0.579 4.24938 -4.34808
0.58 4.41958 -4.45824
0.581 4.57192 -4.55375
0.582 4.70569 -4.63424
0.583 4.82026 -4.69939
0.584 4.91507 -4.74894
0.585 4.98965 -4.78269
0.586 5.0436 -4.80049
0.587 5.07661 -4.80226
0.588 5.08843 -4.78797
0.589 5.07893 -4.75766
0.59 5.04805 -4.71143
0.591 4.9958 -4.64943
0.592 4.92229 -4.57187
0.593 4.82772 -4.47905
0.594 4.71238 -4.37129
0.595 4.57662 -4.24898
0.596 4.42089 -4.11258
0.597 4.24572 -3.96258
0.598 4.05173 -3.79955
0.599 3.83959 -3.62408
0.6 3.61007 -3.43684
0.601 3.36399 -3.23853
0.602 3.10227 -3.02989
0.603 2.82586 -2.8117
0.604 2.53579 -2.5848
0.605 2.23315 -2.35003
0.606 1.91908 -2.10829
0.607 1.59475 -1.86049
0.608 1.26141 -1.60758
0.609 0.920322 -1.35052
0.61 0.572788 -1.09029
0.611 0.220143 -0.827888
0.612 -0.136255 -0.564314
0.613 -0.495032 -0.30058
0.614 -0.854799 -0.0376976
0.615 -1.21416 0.223323
0.616 -1.57172 0.481476
0.617 -1.92608 0.735767
0.618 -2.27586 0.985215
0.619 -2.61968 1.22886
0.62 -2.95621 1.46574
0.621 -3.28412 1.69496
0.622 -3.60211 1.91563
0.623 -3.90893 2.12687
0.624 -4.20336 2.32787
0.625 -4.48425 2.51785
0.626 -4.75047 2.69606
0.627 -5.00096 2.8618
0.628 -5.23472 3.01443
0.629 -5.45082 3.15334
0.63 -5.6484 3.27798
0.631 -5.82664 3.38785
0.632 -5.98484 3.48253
0.633 -6.12236 3.56162
0.634 -6.23862 3.62481
0.635 -6.33315 3.67184
0.636 -6.40556 3.70252
0.637 -6.45555 3.7167
0.638 -6.48288 3.71431
0.639 -6.48745 3.69536
0.64 -6.4692 3.65989
0.641 -6.42818 3.60803
0.642 -6.36455 3.53996
0.643 -6.27853 3.45593
0.644 -6.17044 3.35625
0.645 -6.04069 3.24128
0.646 -5.88977 3.11146
0.647 -5.71827 2.96727
0.648 -5.52684 2.80926
0.649 -5.31623 2.63802
0.65 -5.08725 2.45419
0.651 -4.84079 2.25848
0.652 -4.57782 2.05163
0.653 -4.29937 1.83442
0.654 -4.00651 1.60768
0.655 -3.70041 1.37228
0.656 -3.38227 1.1291
0.657 -3.05332 0.879087
0.658 -2.71488 0.623186
0.659 -2.36826 0.362377
0.66 -2.01485 0.0976564
0.661 -1.65603 -0.169962
0.662 -1.29321 -0.439456
0.663 -0.927844 -0.709793
0.664 -0.56136 -0.979939
0.665 -0.195214 -1.24886
0.666 0.169148 -1.51552
0.667 0.530281 -1.77891
0.668 0.886756 -2.03802
0.669 1.23716 -2.29185
0.67 1.58011 -2.53943
0.671 1.91424 -2.77982
0.672 2.23823 -3.0121
0.673 2.55079 -3.23538
0.674 2.85069 -3.44881
0.675 3.13673 -3.65156
0.676 3.40779 -3.84289
0.677 3.66279 -4.02204
0.678 3.90072 -4.18835
0.679 4.12065 -4.34118
0.68 4.3217 -4.47995
0.681 4.50307 -4.60414
0.682 4.66407 -4.71328
0.683 4.80405 -4.80697
0.684 4.92247 -4.88486
0.685 5.01887 -4.94666
0.686 5.09287 -4.99214
0.687 5.14421 -5.02114
0.688 5.17267 -5.03357
0.689 5.17818 -5.0294
0.69 5.16072 -5.00865
0.691 5.12038 -4.97143
0.692 5.05735 -4.91788
0.693 4.9719 -4.84824
0.694 4.86439 -4.76278
0.695 4.73527 -4.66186
0.696 4.58509 -4.54587
0.697 4.41448 -4.41529
0.698 4.22414 -4.27063
0.699 4.01488 -4.11245
0.7 3.78754 -3.9414
0.701 3.54308 -3.75813
0.702 3.28252 -3.56337
0.703 3.00692 -3.35789
0.704 2.71743 -3.14247
0.705 2.41524 -2.91797
0.706 2.10161 -2.68526
0.707 1.77782 -2.44524
0.708 1.44523 -2.19884
0.709 1.10521 -1.94702
0.71 0.759153 -1.69074
0.711 0.408504 -1.431
0.712 0.0547113 -1.16879
0.713 -0.300758 -0.90511
0.714 -0.656431 -0.640977
0.715 -1.01083 -0.377395
0.716 -1.36249 -0.115366
0.717 -1.70994 0.144117
0.718 -2.05174 0.400074
0.719 -2.38646 0.651543
0.72 -2.71271 0.897582
0.721 -3.02912 1.13727
0.722 -3.33437 1.36972
0.723 -3.62719 1.59408
0.724 -3.90633 1.80952
0.725 -4.17062 2.01526
0.726 -4.41895 2.21055
0.727 -4.65026 2.39471
0.728 -4.86356 2.56706
0.729 -5.05795 2.72703
0.73 -5.23259 2.87404
0.731 -5.38672 3.00762
0.732 -5.51966 3.12733
0.733 -5.63082 3.23277
0.734 -5.71972 3.32363
0.735 -5.78592 3.39966
0.736 -5.82912 3.46064
0.737 -5.84908 3.50644
0.738 -5.84567 3.53699
0.739 -5.81887 3.55228
0.74 -5.76871 3.55235
0.741 -5.69535 3.53732
0.742 -5.59905 3.50737
0.743 -5.48013 3.46273
0.744 -5.33903 3.40369
0.745 -5.17628 3.33062
0.746 -4.99247 3.24393
0.747 -4.78831 3.14408
0.748 -4.56457 3.0316
0.749 -4.32212 2.90706
0.75 -4.06188 2.77107
0.751 -3.78487 2.62432
0.752 -3.49217 2.4675
0.753 -3.1849 2.30137
0.754 -2.86428 2.12672
0.755 -2.53156 1.94437
0.756 -2.18805 1.75517
0.757 -1.8351 1.56
0.758 -1.4741 1.35977
0.759 -1.10646 1.1554
0.76 -0.733658 0.947821
0.761 -0.357149 0.737986
0.762 0.0215714 0.526851
0.763 0.401003 0.315376
0.764 0.779643 0.104523
0.765 1.15599 -0.104753
0.766 1.52855 -0.311506
0.767 1.89584 -0.514799
0.768 2.2564 -0.713713
0.769 2.6088 -0.90735
0.77 2.95165 -1.09484
0.771 3.28357 -1.27532
0.772 3.60326 -1.44799
0.773 3.90943 -1.61205
0.774 4.20087 -1.76677
0.775 4.47642 -1.91145
0.776 4.735 -2.04541
0.777 4.97557 -2.16805
0.778 5.19718 -2.2788
0.779 5.39896 -2.37714
0.78 5.5801 -2.46263
0.781 5.7399 -2.53484
0.782 5.87772 -2.59343
0.783 5.99303 -2.63812
0.784 6.08538 -2.66868
0.785 6.15442 -2.68493
0.786 6.19988 -2.68676
0.787 6.22161 -2.67414
0.788 6.21952 -2.64708
0.789 6.19366 -2.60566
0.79 6.14415 -2.55001
0.791 6.0712 -2.48035
0.792 5.97514 -2.39693
0.793 5.85637 -2.30008
0.794 5.71541 -2.19016
0.795 5.55283 -2.06763
0.796 5.36933 -1.93298
0.797 5.16568 -1.78673
0.798 4.94271 -1.6295
0.799 4.70137 -1.46192
0.8 4.44265 -1.28467
0.801 4.16764 -1.0985
0.802 3.87746 -0.904157
0.803 3.57334 -0.702462
0.804 3.25652 -0.494247
0.805 2.92833 -0.280382
0.806 2.59012 -0.0617592
0.807 2.2433 0.160705
0.808 1.88931 0.386078
0.809 1.52961 0.61341
0.81 1.1657 0.841742
0.811 0.799088 1.07011
0.812 0.431295 1.29755
0.813 0.0638497 1.52309
0.814 -0.301721 1.74577
0.815 -0.663896 1.96464
0.816 -1.02117 2.17876
0.817 -1.37205 2.38723
0.818 -1.71508 2.58913
0.819 -2.04883 2.78359
0.82 -2.3719 2.96978
0.821 -2.68294 3.14689
0.822 -2.98066 3.31413
0.823 -3.26379 3.47077
0.824 -3.53115 3.61613
0.825 -3.78162 3.74955
0.826 -4.01414 3.87043
0.827 -4.22772 3.97823
0.828 -4.42145 4.07245
0.829 -4.59452 4.15266
0.83 -4.74618 4.21847
0.831 -4.87577 4.26956
0.832 -4.98272 4.30566
0.833 -5.06657 4.32657
0.834 -5.12694 4.33217
0.835 -5.16355 4.32236
0.836 -5.17621 4.29715
0.837 -5.16484 4.25658
0.838 -5.12944 4.20077
0.839 -5.07014 4.12991
0.84 -4.98714 4.04423
0.841 -4.88075 3.94405
0.842 -4.75137 3.82972
0.843 -4.5995 3.70168
0.844 -4.42574 3.5604
0.845 -4.23077 3.40644
0.846 -4.01535 3.24038
0.847 -3.78035 3.06287
0.848 -3.52671 2.8746
0.849 -3.25543 2.67632
0.85 -2.9676 2.46882
0.851 -2.6644 2.2529
0.852 -2.34703 2.02945
0.853 -2.01679 1.79935
0.854 -1.67501 1.56353
0.855 -1.32309 1.32294
0.856 -0.962441 1.07856
0.857 -0.594547 0.831368
0.858 -0.220908 0.582381
0.859 0.15695 0.332612
0.86 0.537478 0.0830846
0.861 0.919114 -0.165178
0.862 1.30029 -0.411155
0.863 1.67944 -0.653829
0.864 2.05499 -0.892198
0.865 2.4254 -1.12527
0.866 2.78913 -1.35208
0.867 3.14466 -1.57168
0.868 3.49053 -1.78314
0.869 3.82529 -1.98558
0.87 4.14753 -2.17815
0.871 4.45592 -2.36003
0.872 4.74914 -2.53043
0.873 5.02596 -2.68865
0.874 5.28521 -2.83398
0.875 5.52578 -2.9658
0.876 5.74664 -3.08354
0.877 5.94683 -3.18667
0.878 6.12548 -3.27473
0.879 6.28181 -3.34732
0.88 6.41512 -3.4041
0.881 6.5248 -3.4448
0.882 6.61034 -3.4692
0.883 6.67133 -3.47715
0.884 6.70745 -3.46859
0.885 6.71847 -3.4435
0.886 6.7043 -3.40194
0.887 6.6649 -3.34403
0.888 6.60037 -3.26997
0.889 6.51089 -3.18002
0.89 6.39676 -3.0745
0.891 6.25835 -2.9538
0.892 6.09616 -2.81838
0.893 5.91077 -2.66875
0.894 5.70286 -2.50549
0.895 5.47318 -2.32923
0.896 5.22261 -2.14065
0.897 4.95207 -1.9405
0.898 4.6626 -1.72957
0.899 4.35529 -1.5087
0.9 4.03132 -1.27875
0.901 3.69192 -1.04067
0.902 3.3384 -0.795388
0.903 2.97213 -0.543911
0.904 2.59453 -0.287253
0.905 2.20704 -0.0264562
0.906 1.81119 0.237416
0.907 1.4085 0.503284
0.908 1.00055 0.770056
0.909 0.588932 1.03663
0.91 0.175252 1.30191
0.911 -0.238872 1.56478
0.912 -0.651817 1.82416
0.913 -1.06196 2.07896
0.914 -1.46771 2.32809
0.915 -1.86745 2.57052
0.916 -2.25961 2.80521
0.917 -2.64267 3.03115
0.918 -3.0151 3.24737
0.919 -3.37545 3.45294
0.92 -3.72229 3.64696
0.921 -4.05426 3.82856
0.922 -4.37005 3.99695
0.923 -4.66841 4.15135
0.924 -4.94817 4.29107
0.925 -5.20823 4.41544
0.926 -5.44756 4.52389
0.927 -5.66522 4.61586
0.928 -5.86036 4.6909
0.929 -6.0322 4.7486
0.93 -6.18008 4.78862
0.931 -6.30342 4.81069
0.932 -6.40173 4.81461
0.933 -6.47463 4.80026
0.934 -6.52186 4.76756
0.935 -6.54322 4.71655
0.936 -6.53865 4.64731
0.937 -6.50817 4.55998
0.938 -6.45193 4.45481
0.939 -6.37016 4.33208
0.94 -6.2632 4.19218
0.941 -6.1315 4.03553
0.942 -5.97559 3.86263
0.943 -5.79611 3.67407
0.944 -5.5938 3.47045
0.945 -5.36949 3.25249
0.946 -5.12408 3.02093
0.947 -4.85858 2.77656
0.948 -4.57406 2.52025
0.949 -4.27169 2.2529
0.95 -3.9527 1.97545
0.951 -3.61838 1.68891
0.952 -3.27009 1.39429
0.953 -2.90926 1.09266
0.954 -2.53734 0.785109
0.955 -2.15585 0.472757
0.956 -1.76634 0.156741
0.957 -1.3704 -0.161785
0.958 -0.96964 -0.481654
0.959 -0.565693 -0.80169
0.96 -0.160205 -1.12072
0.961 0.245171 -1.43756
0.962 0.648781 -1.75105
0.963 1.04898 -2.06002
0.964 1.44413 -2.36333
0.965 1.83261 -2.65986
0.966 2.21284 -2.94851
0.967 2.58326 -3.2282
0.968 2.94236 -3.4979
0.969 3.28864 -3.7566
0.97 3.6207 -4.00334
0.971 3.93717 -4.23722
0.972 4.23673 -4.45734
0.973 4.51816 -4.66291
0.974 4.78028 -4.85316
0.975 5.02201 -5.02738
0.976 5.24233 -5.18493
0.977 5.44033 -5.32523
0.978 5.61517 -5.44776
0.979 5.76611 -5.55208
0.98 5.89251 -5.63781
0.981 5.99381 -5.70463
0.982 6.06957 -5.75232
0.983 6.11945 -5.78072
0.984 6.14321 -5.78973
0.985 6.1407 -5.77934
0.986 6.1119 -5.74961
0.987 6.05688 -5.70068
0.988 5.97582 -5.63275
0.989 5.86901 -5.5461
0.99 5.73684 -5.44109
0.991 5.57979 -5.31813
0.992 5.39845 -5.17772
0.993 5.19352 -5.02042
0.994 4.96577 -4.84685
0.995 4.71608 -4.65769
0.996 4.44542 -4.45368
0.997 4.15483 -4.23564
0.998 3.84544 -4.00441
0.999 3.51846 -3.7609
1 3.17516 -3.50607
