0.001 3.40421e-008 2.53083e-009
0.002 3.10071e-007 2.03274e-008
0.003 1.46224e-006 8.43671e-008
0.004 4.84501e-006 2.47636e-007
0.005 1.28239e-005 5.87599e-007
0.006 2.90566e-005 1.21034e-006
0.007 5.87608e-005 2.25681e-006
0.008 0.000108968 3.91165e-006
0.009 0.000188759 6.41487e-006
0.01 0.000309479 1.00769e-005
0.011 0.000484937 1.5297e-005
0.012 0.000731568 2.25859e-005
0.013 0.00106859 3.25924e-005
0.014 0.0015181 4.61336e-005
0.015 0.0021052 6.42309e-005
0.016 0.00285801 8.81488e-005
0.017 0.00380774 0.00011944
0.018 0.00498867 0.000159992
0.019 0.00643808 0.000212082
0.02 0.00819624 0.000278434
0.021 0.0103063 0.000362278
0.022 0.0128141 0.000467414
0.023 0.0157679 0.000598284
0.024 0.0192187 0.000760037
0.025 0.0232193 0.000958609
0.026 0.0278244 0.00120079
0.027 0.0330903 0.00149431
0.028 0.0390746 0.00184791
0.029 0.0458358 0.00227141
0.03 0.0534329 0.00277581
0.031 0.061925 0.00337335
0.032 0.0713711 0.00407759
0.033 0.0818292 0.00490345
0.034 0.0933564 0.00586734
0.035 0.106008 0.00698715
0.036 0.119838 0.00828236
0.037 0.134896 0.00977408
0.038 0.15123 0.0114851
0.039 0.168885 0.0134398
0.04 0.187901 0.0156644
0.041 0.208312 0.018187
0.042 0.230151 0.021037
0.043 0.253443 0.0242461
0.044 0.278206 0.0278474
0.045 0.304455 0.0318757
0.046 0.332195 0.0363675
0.047 0.361427 0.0413611
0.048 0.392142 0.0468961
0.049 0.424326 0.0530136
0.05 0.457953 0.0597562
0.051 0.492994 0.0671675
0.052 0.529406 0.0752924
0.053 0.567142 0.0841767
0.054 0.606145 0.093867
0.055 0.646346 0.10441
0.056 0.687672 0.115855
0.057 0.730039 0.128248
0.058 0.773352 0.141638
0.059 0.817511 0.156073
0.06 0.862406 0.171599
0.061 0.907918 0.188264
0.062 0.95392 0.206112
0.063 1.00028 0.225189
0.064 1.04685 0.245536
0.065 1.0935 0.267195
0.066 1.14005 0.290204
0.067 1.18635 0.314599
0.068 1.23224 0.340414
0.069 1.27754 0.367678
0.07 1.32209 0.396419
0.071 1.36569 0.42666
0.072 1.40817 0.458419
0.073 1.44935 0.491711
0.074 1.48904 0.526545
0.075 1.52706 0.562926
0.076 1.56322 0.600853
0.077 1.59734 0.64032
0.078 1.62924 0.681315
0.079 1.65874 0.723818
0.08 1.68568 0.767806
0.081 1.70987 0.813246
0.082 1.73117 0.8601
0.083 1.74941 0.908322
0.084 1.76444 0.957861
0.085 1.77614 1.00865
0.086 1.78436 1.06064
0.087 1.78899 1.11373
0.088 1.78993 1.16786
0.089 1.78707 1.22292
0.09 1.78033 1.27883
0.091 1.76964 1.33547
0.092 1.75494 1.39274
0.093 1.73621 1.45051
0.094 1.71339 1.50865
0.095 1.6865 1.56703
0.096 1.65553 1.62552
0.097 1.6205 1.68395
0.098 1.58146 1.74218
0.099 1.53846 1.80004
0.1 1.49157 1.85737
0.101 1.44088 1.914
0.102 1.3865 1.96975
0.103 1.32856 2.02444
0.104 1.2672 2.07789
0.105 1.20257 2.12991
0.106 1.13485 2.18031
0.107 1.06423 2.22889
0.108 0.990927 2.27547
0.109 0.915153 2.31986
0.11 0.837146 2.36185
0.111 0.757157 2.40125
0.112 0.675449 2.43787
0.113 0.592298 2.47152
0.114 0.50799 2.50202
0.115 0.422822 2.52918
0.116 0.337098 2.55282
0.117 0.251134 2.57277
0.118 0.16525 2.58886
0.119 0.0797706 2.60093
0.12 -0.00497245 2.60883
0.121 -0.0886462 2.61241
0.122 -0.170916 2.61154
0.123 -0.251446 2.60608
0.124 -0.329903 2.59593
0.125 -0.405955 2.58099
0.126 -0.479275 2.56115
0.127 -0.549542 2.53634
0.128 -0.616441 2.5065
0.129 -0.679665 2.47157
0.13 -0.738918 2.43152
0.131 -0.793916 2.38633
0.132 -0.844387 2.33598
0.133 -0.890071 2.28048
0.134 -0.930727 2.21987
0.135 -0.966129 2.15419
0.136 -0.996068 2.08348
0.137 -1.02036 2.00784
0.138 -1.03882 1.92735
0.139 -1.05132 1.84212
0.14 -1.05773 1.75228
0.141 -1.05795 1.65798
0.142 -1.05189 1.55937
0.143 -1.03951 1.45665
0.144 -1.02077 1.35
0.145 -0.995684 1.23964
0.146 -0.964263 1.12579
0.147 -0.926562 1.0087
0.148 -0.882658 0.888635
0.149 -0.832656 0.765863
0.15 -0.776686 0.640674
0.151 -0.714907 0.513369
0.152 -0.647503 0.384261
0.153 -0.574684 0.253676
0.154 -0.496687 0.12195
0.155 -0.413772 -0.0105711
0.156 -0.326224 -0.143534
0.157 -0.234353 -0.276576
0.158 -0.13849 -0.409329
0.159 -0.0389883 -0.541419
0.16 0.0637797 -0.672467
0.161 0.169421 -0.802094
0.162 0.277526 -0.929916
0.163 0.387667 -1.05555
0.164 0.499404 -1.17862
0.165 0.612282 -1.29873
0.166 0.725835 -1.41553
0.167 0.839587 -1.52862
0.168 0.953055 -1.63766
0.169 1.06575 -1.74228
0.17 1.17717 -1.84213
0.171 1.28683 -1.93689
0.172 1.39423 -2.02622
0.173 1.49888 -2.10981
0.174 1.60028 -2.18737
0.175 1.69795 -2.25861
0.176 1.79141 -2.32327
0.177 1.8802 -2.38111
0.178 1.96387 -2.43189
0.179 2.04197 -2.47541
0.18 2.11407 -2.51148
0.181 2.17979 -2.53994
0.182 2.23871 -2.56066
0.183 2.2905 -2.57351
0.184 2.33479 -2.5784
0.185 2.37128 -2.57528
0.186 2.39969 -2.56409
0.187 2.41974 -2.54483
0.188 2.4312 -2.51751
0.189 2.43389 -2.48217
0.19 2.42762 -2.43888
0.191 2.41227 -2.38774
0.192 2.38773 -2.32887
0.193 2.35395 -2.26241
0.194 2.31088 -2.18855
0.195 2.25854 -2.1075
0.196 2.19697 -2.01948
0.197 2.12625 -1.92476
0.198 2.04649 -1.8236
0.199 1.95786 -1.71633
0.2 1.86053 -1.60328
0.201 1.75474 -1.48479
0.202 1.64075 -1.36125
0.203 1.51885 -1.23306
0.204 1.38938 -1.10062
0.205 1.2527 -0.964378
0.206 1.10921 -0.824786
0.207 0.959344 -0.682312
0.208 0.80355 -0.537439
0.209 0.642318 -0.390662
0.21 0.47616 -0.242488
0.211 0.305614 -0.0934324
0.212 0.131238 0.0559806
0.213 -0.0463846 0.205222
0.214 -0.226656 0.353758
0.215 -0.40896 0.501054
0.216 -0.592667 0.646573
0.217 -0.777134 0.789782
0.218 -0.961711 0.930149
0.219 -1.14574 1.06715
0.22 -1.32855 1.20027
0.221 -1.5095 1.32899
0.222 -1.6879 1.45283
0.223 -1.8631 1.57129
0.224 -2.03445 1.68392
0.225 -2.2013 1.79024
0.226 -2.36302 1.88984
0.227 -2.51899 1.9823
0.228 -2.66861 2.06722
0.229 -2.81129 2.14424
0.23 -2.94646 2.21302
0.231 -3.07361 2.27323
0.232 -3.1922 2.32459
0.233 -3.30176 2.36684
0.234 -3.40183 2.39974
0.235 -3.492 2.42311
0.236 -3.57188 2.43676
0.237 -3.64112 2.44058
0.238 -3.69942 2.43445
0.239 -3.74649 2.41831
0.24 -3.78212 2.39213
0.241 -3.80611 2.35592
0.242 -3.81833 2.30971
0.243 -3.81866 2.25358
0.244 -3.80706 2.18764
0.245 -3.78352 2.11203
0.246 -3.74807 2.02693
0.247 -3.7008 1.93256
0.248 -3.64183 1.82917
0.249 -3.57135 1.71704
0.25 -3.48956 1.59649
0.251 -3.39674 1.46786
0.252 -3.29319 1.33152
0.253 -3.17927 1.18789
0.254 -3.05536 1.0374
0.255 -2.92192 0.880508
0.256 -2.7794 0.7177
0.257 -2.62833 0.549487
0.258 -2.46925 0.3764
0.259 -2.30275 0.19899
0.26 -2.12943 0.0178267
0.261 -1.94994 -0.166505
0.262 -1.76496 -0.353406
0.263 -1.57517 -0.542265
0.264 -1.3813 -0.732459
0.265 -1.18409 -0.92336
0.266 -0.984288 -1.11433
0.267 -0.782662 -1.30474
0.268 -0.579991 -1.49395
0.269 -0.377063 -1.68132
0.27 -0.174667 -1.86622
0.271 0.0264026 -2.04801
0.272 0.225356 -2.22609
0.273 0.421406 -2.39984
0.274 0.613776 -2.56868
0.275 0.801698 -2.73201
0.276 0.98442 -2.88929
0.277 1.16121 -3.03996
0.278 1.33134 -3.1835
0.279 1.49413 -3.31943
0.28 1.64892 -3.44725
0.281 1.79505 -3.56654
0.282 1.93194 -3.67687
0.283 2.05901 -3.77786
0.284 2.17573 -3.86915
0.285 2.28159 -3.95043
0.286 2.37615 -4.0214
0.287 2.459 -4.08182
0.288 2.52977 -4.13148
0.289 2.58814 -4.17019
0.29 2.63385 -4.19783
0.291 2.66667 -4.21429
0.292 2.68643 -4.21951
0.293 2.69301 -4.21348
0.294 2.68635 -4.19621
0.295 2.66644 -4.16777
0.296 2.63331 -4.12825
0.297 2.58706 -4.0778
0.298 2.52784 -4.0166
0.299 2.45584 -3.94485
0.3 2.37132 -3.86282
0.301 2.27458 -3.77079
0.302 2.16597 -3.6691
0.303 2.0459 -3.5581
0.304 1.91482 -3.43819
0.305 1.77322 -3.30979
0.306 1.62164 -3.17335
0.307 1.46068 -3.02937
0.308 1.29095 -2.87836
0.309 1.11311 -2.72084
0.31 0.927874 -2.55737
0.311 0.735961 -2.38855
0.312 0.538134 -2.21496
0.313 0.335181 -2.03721
0.314 0.127914 -1.85594
0.315 -0.0828342 -1.67178
0.316 -0.296213 -1.48538
0.317 -0.511359 -1.29739
0.318 -0.727395 -1.10848
0.319 -0.94344 -0.919305
0.32 -1.15861 -0.730522
0.321 -1.37201 -0.54279
0.322 -1.58276 -0.356757
0.323 -1.78999 -0.173067
0.324 -1.99283 0.00765096
0.325 -2.19043 0.184778
0.326 -2.38195 0.357712
0.327 -2.56659 0.52587
0.328 -2.74354 0.688687
0.329 -2.91206 0.845621
0.33 -3.07141 0.996155
0.331 -3.22089 1.1398
0.332 -3.35984 1.27609
0.333 -3.48765 1.40459
0.334 -3.60374 1.52491
0.335 -3.70757 1.63667
0.336 -3.79867 1.73955
0.337 -3.87658 1.83324
0.338 -3.94093 1.91749
0.339 -3.99139 1.99207
0.34 -4.02767 2.05679
0.341 -4.04956 2.11153
0.342 -4.0569 2.15616
0.343 -4.04956 2.19063
0.344 -4.02752 2.21492
0.345 -3.99077 2.22904
0.346 -3.93938 2.23305
0.347 -3.87349 2.22704
0.348 -3.79328 2.21117
0.349 -3.699 2.18559
0.35 -3.59095 2.15053
0.351 -3.46948 2.10624
0.352 -3.33501 2.05301
0.353 -3.18802 1.99116
0.354 -3.02901 1.92105
0.355 -2.85855 1.84307
0.356 -2.67727 1.75764
0.357 -2.48582 1.6652
0.358 -2.28491 1.56625
0.359 -2.07529 1.46127
0.36 -1.85773 1.35079
0.361 -1.63305 1.23535
0.362 -1.4021 1.11553
0.363 -1.16575 0.991895
0.364 -0.924911 0.865041
0.365 -0.68049 0.735574
0.366 -0.433427 0.604107
0.367 -0.184672 0.47126
0.368 0.0648177 0.337656
0.369 0.314077 0.20392
0.37 0.562142 0.0706743
0.371 0.808047 -0.0614616
0.372 1.05084 -0.191875
0.373 1.28957 -0.319964
0.374 1.5233 -0.445137
0.375 1.75113 -0.566815
0.376 1.97215 -0.684439
0.377 2.18551 -0.797467
0.378 2.39037 -0.905377
0.379 2.58591 -1.00767
0.38 2.77137 -1.10388
0.381 2.94603 -1.19356
0.382 3.10918 -1.27629
0.383 3.2602 -1.35168
0.384 3.39848 -1.4194
0.385 3.52348 -1.47911
0.386 3.63472 -1.53053
0.387 3.73175 -1.57342
0.388 3.8142 -1.60757
0.389 3.88174 -1.63281
0.39 3.93412 -1.64901
0.391 3.97115 -1.65607
0.392 3.99267 -1.65395
0.393 3.99863 -1.64263
0.394 3.98901 -1.62214
0.395 3.96386 -1.59255
0.396 3.92331 -1.55398
0.397 3.86754 -1.50656
0.398 3.79679 -1.45049
0.399 3.71137 -1.38599
0.4 3.61165 -1.31332
0.401 3.49805 -1.23279
0.402 3.37106 -1.14472
0.403 3.23123 -1.04949
0.404 3.07915 -0.947494
0.405 2.91546 -0.839156
0.406 2.74087 -0.724935
0.407 2.55611 -0.605317
0.408 2.36197 -0.480807
0.409 2.15929 -0.351935
0.41 1.94892 -0.219252
0.411 1.73177 -0.0833239
0.412 1.50876 0.0552666
0.413 1.28084 0.195925
0.414 1.049 0.338046
0.415 0.814228 0.481017
0.416 0.577534 0.624222
0.417 0.339939 0.767041
0.418 0.102468 0.908855
0.419 -0.13385 1.04905
0.42 -0.36799 1.18701
0.421 -0.598933 1.32214
0.422 -0.825671 1.45386
0.423 -1.04721 1.58157
0.424 -1.26258 1.70472
0.425 -1.47083 1.82278
0.426 -1.67104 1.93521
0.427 -1.86231 2.04153
0.428 -2.04379 2.14126
0.429 -2.21466 2.23396
0.43 -2.37415 2.31922
0.431 -2.52152 2.39664
0.432 -2.6561 2.46589
0.433 -2.77726 2.52665
0.434 -2.88442 2.57864
0.435 -2.97705 2.62162
0.436 -3.05472 2.65539
0.437 -3.11701 2.67979
0.438 -3.1636 2.69469
0.439 -3.19421 2.70003
0.44 -3.20864 2.69576
0.441 -3.20676 2.68188
0.442 -3.1885 2.65845
0.443 -3.15386 2.62555
0.444 -3.10291 2.58331
0.445 -3.0358 2.53191
0.446 -2.95271 2.47156
0.447 -2.85394 2.40251
0.448 -2.73982 2.32505
0.449 -2.61076 2.23952
0.45 -2.46723 2.14628
0.451 -2.30976 2.04574
0.452 -2.13895 1.93834
0.453 -1.95545 1.82453
0.454 -1.75996 1.70483
0.455 -1.55325 1.57975
0.456 -1.33613 1.44986
0.457 -1.10946 1.31571
0.458 -0.874127 1.17793
0.459 -0.631082 1.03711
0.46 -0.381298 0.893896
0.461 -0.125784 0.748931
0.462 0.134424 0.602871
0.463 0.398265 0.45638
0.464 0.664659 0.31013
0.465 0.93251 0.164793
0.466 1.20071 0.0210387
0.467 1.46816 -0.120463
0.468 1.73373 -0.259051
0.469 1.99631 -0.394072
0.47 2.25481 -0.524886
0.471 2.50813 -0.650867
0.472 2.7552 -0.771408
0.473 2.99496 -0.885921
0.474 3.22638 -0.993842
0.475 3.44847 -1.09463
0.476 3.66027 -1.18778
0.477 3.86085 -1.2728
0.478 4.04931 -1.34926
0.479 4.22484 -1.41673
0.48 4.38663 -1.47484
0.481 4.53396 -1.52325
0.482 4.66614 -1.56167
0.483 4.78256 -1.58984
0.484 4.88265 -1.60754
0.485 4.96593 -1.6146
0.486 5.03196 -1.61091
0.487 5.08039 -1.59638
0.488 5.11092 -1.57098
0.489 5.12335 -1.53473
0.49 5.11752 -1.48769
0.491 5.09338 -1.42998
0.492 5.05091 -1.36173
0.493 4.99021 -1.28318
0.494 4.91142 -1.19455
0.495 4.81478 -1.09615
0.496 4.70057 -0.988316
0.497 4.56919 -0.871433
0.498 4.42106 -0.745924
0.499 4.25671 -0.612257
0.5 4.07671 -0.470934
0.501 3.88171 -0.322498
0.502 3.67243 -0.167524
0.503 3.44964 -0.00662206
0.504 3.21415 0.159569
0.505 2.96686 0.330382
0.506 2.70869 0.505124
0.507 2.44063 0.683079
0.508 2.16371 0.863512
0.509 1.87898 1.04567
0.51 1.58754 1.22879
0.511 1.29053 1.41209
0.512 0.98909 1.59479
0.513 0.684409 1.7761
0.514 0.377678 1.95523
0.515 0.0701014 2.13138
0.516 -0.237106 2.30378
0.517 -0.542729 2.47165
0.518 -0.845553 2.63422
0.519 -1.14437 2.79076
0.52 -1.438 2.94051
0.521 -1.72525 3.08279
0.522 -2.00498 3.21689
0.523 -2.27606 3.34217
0.524 -2.53739 3.45799
0.525 -2.78791 3.56376
0.526 -3.02661 3.65891
0.527 -3.25252 3.74292
0.528 -3.4647 3.81532
0.529 -3.6623 3.87565
0.53 -3.84449 3.92353
0.531 -4.01052 3.9586
0.532 -4.1597 3.98056
0.533 -4.2914 3.98916
0.534 -4.40508 3.9842
0.535 -4.50024 3.96553
0.536 -4.57647 3.93305
0.537 -4.63345 3.88671
0.538 -4.67091 3.82654
0.539 -4.68867 3.75259
0.54 -4.68664 3.66498
0.541 -4.66479 3.5639
0.542 -4.6232 3.44956
0.543 -4.56198 3.32225
0.544 -4.48138 3.1823
0.545 -4.38169 3.0301
0.546 -4.26328 2.86608
0.547 -4.12662 2.69074
0.548 -3.97224 2.5046
0.549 -3.80074 2.30823
0.55 -3.6128 2.10227
0.551 -3.40916 1.88737
0.552 -3.19064 1.66423
0.553 -2.9581 1.4336
0.554 -2.71249 1.19624
0.555 -2.45478 0.952951
0.556 -2.18603 0.704567
0.557 -1.90732 0.451941
0.558 -1.61977 0.195948
0.559 -1.32458 -0.0625189
0.56 -1.02293 -0.32255
0.561 -0.716071 -0.583227
0.562 -0.405257 -0.843622
0.563 -0.0917693 -1.1028
0.564 0.223097 -1.35984
0.565 0.538037 -1.61381
0.566 0.851744 -1.86377
0.567 1.16291 -2.10884
0.568 1.47023 -2.34809
0.569 1.77242 -2.58067
0.57 2.06821 -2.8057
0.571 2.35635 -3.02235
0.572 2.6356 -3.22983
0.573 2.90479 -3.42734
0.574 3.16277 -3.61415
0.575 3.40841 -3.78956
0.576 3.64065 -3.9529
0.577 3.85848 -4.10355
0.578 4.06095 -4.24094
0.579 4.24715 -4.36453
0.58 4.41624 -4.47386
0.581 4.56746 -4.56849
0.582 4.70011 -4.64806
0.583 4.81356 -4.71224
0.584 4.90725 -4.76079
0.585 4.98072 -4.79349
0.586 5.03358 -4.81021
0.587 5.0655 -4.81086
0.588 5.07626 -4.79543
0.589 5.06573 -4.76395
0.59 5.03383 -4.71653
0.591 4.98061 -4.65332
0.592 4.90616 -4.57455
0.593 4.8107 -4.4805
0.594 4.6945 -4.37151
0.595 4.55794 -4.24797
0.596 4.40146 -4.11034
0.597 4.22559 -3.95912
0.598 4.03096 -3.79488
0.599 3.81824 -3.61822
0.6 3.5882 -3.42981
0.601 3.34168 -3.23035
0.602 3.07958 -3.02059
0.603 2.80285 -2.80132
0.604 2.51255 -2.57336
0.605 2.20974 -2.33758
0.606 1.89558 -2.09487
0.607 1.57123 -1.84615
0.608 1.23795 -1.59238
0.609 0.896996 -1.3345
0.61 0.549672 -1.07351
0.611 0.197313 -0.810412
0.612 -0.158724 -0.546203
0.613 -0.517065 -0.281898
0.614 -0.876324 -0.0185125
0.615 -1.23511 0.242941
0.616 -1.59201 0.501457
0.617 -1.94566 0.756038
0.618 -2.29465 1.0057
0.619 -2.63763 1.24948
0.62 -2.97326 1.48644
0.621 -3.3002 1.71565
0.622 -3.61717 1.93622
0.623 -3.92292 2.1473
0.624 -4.21624 2.34806
0.625 -4.49597 2.53773
0.626 -4.76099 2.71555
0.627 -5.01025 2.88083
0.628 -5.24276 3.03292
0.629 -5.45757 3.17122
0.63 -5.65383 3.29518
0.631 -5.83076 3.40432
0.632 -5.98762 3.49819
0.633 -6.12379 3.57642
0.634 -6.23871 3.63869
0.635 -6.3319 3.68474
0.636 -6.40298 3.71439
0.637 -6.45164 3.72749
0.638 -6.47767 3.72398
0.639 -6.48096 3.70387
0.64 -6.46145 3.6672
0.641 -6.41922 3.61411
0.642 -6.3544 3.54478
0.643 -6.26724 3.45947
0.644 -6.15805 3.35849
0.645 -6.02725 3.24221
0.646 -5.87534 3.11107
0.647 -5.7029 2.96555
0.648 -5.51059 2.80621
0.649 -5.29917 2.63364
0.65 -5.06944 2.4485
0.651 -4.82231 2.25149
0.652 -4.55873 2.04336
0.653 -4.27974 1.82489
0.654 -3.98643 1.59692
0.655 -3.67995 1.36032
0.656 -3.36151 1.11599
0.657 -3.03235 0.864853
0.658 -2.69377 0.607878
0.659 -2.3471 0.346044
0.66 -1.99371 0.0803522
0.661 -1.635 -0.188182
0.662 -1.27237 -0.458531
0.663 -0.907272 -0.729661
0.664 -0.541137 -1.00053
0.665 -0.175415 -1.27011
0.666 0.188446 -1.53736
0.667 0.549006 -1.80127
0.668 0.904837 -2.06081
0.669 1.25453 -2.315
0.67 1.5967 -2.56287
0.671 1.92999 -2.80347
0.672 2.25308 -3.03587
0.673 2.56469 -3.25919
0.674 2.86358 -3.47258
0.675 3.14857 -3.67522
0.676 3.41854 -3.86634
0.677 3.67241 -4.04522
0.678 3.90918 -4.21117
0.679 4.12791 -4.36356
0.68 4.32774 -4.50182
0.681 4.50789 -4.62543
0.682 4.66764 -4.73391
0.683 4.80637 -4.82688
0.684 4.92353 -4.90396
0.685 5.01867 -4.9649
0.686 5.09143 -5.00946
0.687 5.14152 -5.03748
0.688 5.16877 -5.04887
0.689 5.17309 -5.04361
0.69 5.15446 -5.02172
0.691 5.11299 -4.98331
0.692 5.04887 -4.92855
0.693 4.96236 -4.85764
0.694 4.85384 -4.7709
0.695 4.72377 -4.66866
0.696 4.5727 -4.55134
0.697 4.40125 -4.41939
0.698 4.21013 -4.27336
0.699 4.00015 -4.11381
0.7 3.77218 -3.94137
0.701 3.52715 -3.75672
0.702 3.26609 -3.56058
0.703 2.99007 -3.35372
0.704 2.70024 -3.13695
0.705 2.39779 -2.91112
0.706 2.08398 -2.67709
0.707 1.76011 -2.43579
0.708 1.4275 -2.18813
0.709 1.08755 -1.93509
0.71 0.741646 -1.67763
0.711 0.391234 -1.41675
0.712 0.0377607 -1.15344
0.713 -0.317309 -0.888722
0.714 -0.672502 -0.623599
0.715 -1.02635 -0.359082
0.716 -1.37737 -0.0961763
0.717 -1.72411 0.164123
0.718 -2.06514 0.420834
0.719 -2.39901 0.672993
0.72 -2.72436 0.919654
0.721 -3.0398 1.1599
0.722 -3.34403 1.39284
0.723 -3.63576 1.61761
0.724 -3.91377 1.8334
0.725 -4.1769 2.03942
0.726 -4.42401 2.23492
0.727 -4.65408 2.4192
0.728 -4.86611 2.59163
0.729 -5.0592 2.75158
0.73 -5.23252 2.89853
0.731 -5.38532 3.03197
0.732 -5.51692 3.15147
0.733 -5.62675 3.25665
0.734 -5.7143 3.34718
0.735 -5.77917 3.42281
0.736 -5.82105 3.48335
0.737 -5.83972 3.52865
0.738 -5.83504 3.55865
0.739 -5.80699 3.57333
0.74 -5.75562 3.57276
0.741 -5.6811 3.55704
0.742 -5.58367 3.52636
0.743 -5.46367 3.48095
0.744 -5.32155 3.42112
0.745 -5.15783 3.34723
0.746 -4.97312 3.25968
0.747 -4.76812 3.15896
0.748 -4.54362 3.04559
0.749 -4.30047 2.92015
0.75 -4.03961 2.78325
0.751 -3.76206 2.63558
0.752 -3.46889 2.47784
0.753 -3.16125 2.31079
0.754 -2.84033 2.13523
0.755 -2.5074 1.95198
0.756 -2.16377 1.76189
0.757 -1.81078 1.56585
0.758 -1.44982 1.36476
0.759 -1.08233 1.15956
0.76 -0.709741 0.951174
0.761 -0.33354 0.740561
0.762 0.0447895 0.52868
0.763 0.423748 0.316493
0.764 0.801833 0.104964
0.765 1.17755 -0.104951
0.766 1.54939 -0.312301
0.767 1.9159 -0.51615
0.768 2.27562 -0.715577
0.769 2.62711 -0.909682
0.77 2.96897 -1.09759
0.771 3.29986 -1.27845
0.772 3.61845 -1.45144
0.773 3.92348 -1.61579
0.774 4.21374 -1.77074
0.775 4.48807 -1.9156
0.776 4.74539 -2.0497
0.777 4.98467 -2.17243
0.778 5.20497 -2.28323
0.779 5.40542 -2.38157
0.78 5.58522 -2.46701
0.781 5.74367 -2.53914
0.782 5.88014 -2.5976
0.783 5.99411 -2.64213
0.784 6.08512 -2.67248
0.785 6.15284 -2.68849
0.786 6.19701 -2.69005
0.787 6.21747 -2.67713
0.788 6.21415 -2.64974
0.789 6.18709 -2.60796
0.79 6.13642 -2.55194
0.791 6.06237 -2.48188
0.792 5.96525 -2.39805
0.793 5.84549 -2.30076
0.794 5.70359 -2.19042
0.795 5.54015 -2.06744
0.796 5.35585 -1.93233
0.797 5.15147 -1.78564
0.798 4.92786 -1.62796
0.799 4.68595 -1.45993
0.8 4.42675 -1.28225
0.801 4.15133 -1.09565
0.802 3.86085 -0.900903
0.803 3.55649 -0.698813
0.804 3.23954 -0.490223
0.805 2.9113 -0.276004
0.806 2.57314 -0.0570524
0.807 2.22645 0.165715
0.808 1.87268 0.391361
0.809 1.51329 0.618936
0.81 1.14978 0.84748
0.811 0.783649 1.07602
0.812 0.416424 1.3036
0.813 0.0496288 1.52924
0.814 -0.315213 1.75199
0.815 -0.676583 1.97089
0.816 -1.03298 2.185
0.817 -1.38292 2.39341
0.818 -1.72494 2.59522
0.819 -2.05761 2.78955
0.82 -2.37956 2.97557
0.821 -2.68942 3.15246
0.822 -2.98591 3.31945
0.823 -3.26778 3.47581
0.824 -3.53384 3.62083
0.825 -3.78298 3.75389
0.826 -4.01414 3.87438
0.827 -4.22635 3.98175
0.828 -4.41871 4.07552
0.829 -4.59039 4.15524
0.83 -4.74066 4.22053
0.831 -4.86886 4.27108
0.832 -4.97446 4.30662
0.833 -5.05696 4.32696
0.834 -5.11601 4.33196
0.835 -5.15133 4.32155
0.836 -5.16274 4.29572
0.837 -5.15016 4.25452
0.838 -5.11362 4.19809
0.839 -5.05321 4.12659
0.84 -4.96917 4.04029
0.841 -4.8618 3.93948
0.842 -4.73152 3.82454
0.843 -4.57883 3.6959
0.844 -4.40432 3.55404
0.845 -4.20868 3.39951
0.846 -3.99268 3.23291
0.847 -3.75719 3.05488
0.848 -3.50315 2.86612
0.849 -3.23157 2.66738
0.85 -2.94355 2.45945
0.851 -2.64025 2.24314
0.852 -2.32288 2.01934
0.853 -1.99274 1.78893
0.854 -1.65117 1.55284
0.855 -1.29955 1.31203
0.856 -0.93932 1.06747
0.857 -0.571941 0.820154
0.858 -0.198917 0.57109
0.859 0.178226 0.321296
0.86 0.557941 0.0717943
0.861 0.93867 -0.17639
0.862 1.31885 -0.422234
0.863 1.69691 -0.664723
0.864 2.07128 -0.902853
0.865 2.44044 -1.13564
0.866 2.80283 -1.3621
0.867 3.15696 -1.5813
0.868 3.50136 -1.79232
0.869 3.83458 -1.99426
0.87 4.15524 -2.18629
0.871 4.46198 -2.36757
0.872 4.75352 -2.53735
0.873 5.02862 -2.69488
0.874 5.28611 -2.8395
0.875 5.5249 -2.97057
0.876 5.74396 -3.08752
0.877 5.94234 -3.18984
0.878 6.11918 -3.27706
0.879 6.2737 -3.34878
0.88 6.40521 -3.40467
0.881 6.5131 -3.44446
0.882 6.59689 -3.46794
0.883 6.65615 -3.47497
0.884 6.69057 -3.46548
0.885 6.69995 -3.43945
0.886 6.68418 -3.39697
0.887 6.64325 -3.33814
0.888 6.57725 -3.26317
0.889 6.48637 -3.17233
0.89 6.37091 -3.06594
0.891 6.23126 -2.9444
0.892 6.06791 -2.80816
0.893 5.88146 -2.65775
0.894 5.67258 -2.49375
0.895 5.44203 -2.31678
0.896 5.1907 -2.12755
0.897 4.91951 -1.92679
0.898 4.62949 -1.7153
0.899 4.32175 -1.49392
0.9 3.99746 -1.26354
0.901 3.65786 -1.02507
0.902 3.30427 -0.779481
0.903 2.93804 -0.527758
0.904 2.56059 -0.270923
0.905 2.17338 -0.010022
0.906 1.77792 0.253881
0.907 1.37575 0.519704
0.908 0.96843 0.786355
0.909 0.557555 1.05273
0.91 0.14473 1.31773
0.911 -0.268431 1.58025
0.912 -0.680309 1.8392
0.913 -1.08929 2.09348
0.914 -1.49376 2.34202
0.915 -1.89215 2.58379
0.916 -2.28287 2.81773
0.917 -2.6644 3.04286
0.918 -3.03524 3.25819
0.919 -3.39391 3.4628
0.92 -3.73902 3.65579
0.921 -4.0692 3.8363
0.922 -4.38315 4.00354
0.923 -4.67963 4.15673
0.924 -4.95748 4.29518
0.925 -5.2156 4.41824
0.926 -5.45297 4.52532
0.927 -5.66866 4.61589
0.928 -5.86182 4.68948
0.929 -6.03169 4.7457
0.93 -6.1776 4.78421
0.931 -6.299 4.80475
0.932 -6.39539 4.80712
0.933 -6.46642 4.7912
0.934 -6.51181 4.75694
0.935 -6.53138 4.70436
0.936 -6.52508 4.63354
0.937 -6.49294 4.54465
0.938 -6.43511 4.43793
0.939 -6.35182 4.31368
0.94 -6.24343 4.17227
0.941 -6.11039 4.01415
0.942 -5.95323 3.83982
0.943 -5.77261 3.64986
0.944 -5.56926 3.4449
0.945 -5.34402 3.22565
0.946 -5.0978 2.99284
0.947 -4.8316 2.7473
0.948 -4.54651 2.48989
0.949 -4.24369 2.2215
0.95 -3.92438 1.9431
0.951 -3.58986 1.65567
0.952 -3.2415 1.36026
0.953 -2.88073 1.05792
0.954 -2.509 0.749747
0.955 -2.12783 0.436868
0.956 -1.73877 0.12042
0.957 -1.3434 -0.19844
0.958 -0.943343 -0.518543
0.959 -0.540218 -0.838713
0.96 -0.135672 -1.15777
0.961 0.268647 -1.47454
0.962 0.671088 -1.78785
0.963 1.07001 -2.09655
0.964 1.46378 -2.39948
0.965 1.85078 -2.69552
0.966 2.22944 -2.98358
0.967 2.59821 -3.26259
0.968 2.95556 -3.5315
0.969 3.30004 -3.78932
0.97 3.63023 -4.03509
0.971 3.94476 -4.2679
0.972 4.24234 -4.48687
0.973 4.52174 -4.6912
0.974 4.78179 -4.88012
0.975 5.02143 -5.05295
0.976 5.23964 -5.20903
0.977 5.43552 -5.34779
0.978 5.60824 -5.46872
0.979 5.75706 -5.57138
0.98 5.88136 -5.65539
0.981 5.98058 -5.72046
0.982 6.0543 -5.76636
0.983 6.10217 -5.79292
0.984 6.12396 -5.80006
0.985 6.11955 -5.78778
0.986 6.08891 -5.75615
0.987 6.03212 -5.7053
0.988 5.94937 -5.63545
0.989 5.84096 -5.54688
0.99 5.70727 -5.43996
0.991 5.5488 -5.31511
0.992 5.36616 -5.17282
0.993 5.16002 -5.01367
0.994 4.93119 -4.83828
0.995 4.68053 -4.64735
0.996 4.40902 -4.44162
0.997 4.11772 -4.22189
0.998 3.80774 -3.98904
0.999 3.4803 -3.74397
1 3.13668 -3.48764
