0.001 2.56734e-008 5.79045e-010
0.002 2.43295e-007 4.7096e-009
0.003 1.18778e-006 1.99332e-008
0.004 4.05028e-006 6.0199e-008
0.005 1.09721e-005 1.48458e-007
0.006 2.53294e-005 3.2113e-007
0.007 5.20069e-005 6.34969e-007
0.008 9.76569e-005 1.17684e-006
0.009 0.000170942 2.07689e-006
0.01 0.00028276 3.5255e-006
0.011 0.000446446 5.79446e-006
0.012 0.000677952 9.2627e-006
0.013 0.000996002 1.44468e-005
0.014 0.00142222 2.20367e-005
0.015 0.00198124 3.29363e-005
0.016 0.00270075 4.83097e-005
0.017 0.00361156 6.9633e-005
0.018 0.0047476 9.87506e-005
0.019 0.00614589 0.000137938
0.02 0.00784648 0.000189967
0.021 0.00989238 0.000258181
0.022 0.0123294 0.000346568
0.023 0.015206 0.000459842
0.024 0.0185733 0.000603529
0.025 0.0224843 0.00078405
0.026 0.0269942 0.00100882
0.027 0.0321601 0.00128631
0.028 0.0380403 0.0016262
0.029 0.044694 0.0020394
0.03 0.0521814 0.00253819
0.031 0.0605628 0.00313628
0.032 0.0698986 0.00384895
0.033 0.0802484 0.00469306
0.034 0.091671 0.0056872
0.035 0.104224 0.00685171
0.036 0.117962 0.00820878
0.037 0.132939 0.00978254
0.038 0.149204 0.011599
0.039 0.166804 0.0136863
0.04 0.185783 0.0160745
0.041 0.206178 0.0187957
0.042 0.228023 0.0218842
0.043 0.251348 0.0253763
0.044 0.276173 0.0293103
0.045 0.302517 0.0337265
0.046 0.330388 0.0386672
0.047 0.35979 0.0441767
0.048 0.390718 0.050301
0.049 0.42316 0.0570877
0.05 0.457096 0.0645863
0.051 0.492498 0.0728474
0.052 0.529328 0.0819232
0.053 0.567542 0.0918669
0.054 0.607086 0.102733
0.055 0.647895 0.114575
0.056 0.689897 0.12745
0.057 0.733013 0.141413
0.058 0.77715 0.156519
0.059 0.822212 0.172824
0.06 0.868089 0.190383
0.061 0.914667 0.209249
0.062 0.96182 0.229475
0.063 1.00942 0.251111
0.064 1.05732 0.274208
0.065 1.10537 0.298811
0.066 1.15343 0.324964
0.067 1.20134 0.35271
0.068 1.24892 0.382085
0.069 1.296 0.413123
0.07 1.34242 0.445853
0.071 1.38799 0.480301
0.072 1.43253 0.516487
0.073 1.47586 0.554425
0.074 1.51779 0.594124
0.075 1.55813 0.635587
0.076 1.5967 0.678809
0.077 1.63332 0.723781
0.078 1.66779 0.770485
0.079 1.69995 0.818894
0.08 1.7296 0.868977
0.081 1.75659 0.920693
0.082 1.78075 0.973991
0.083 1.80191 1.02881
0.084 1.81993 1.0851
0.085 1.83465 1.14276
0.086 1.84595 1.20172
0.087 1.85371 1.26189
0.088 1.8578 1.32317
0.089 1.85812 1.38543
0.09 1.85459 1.44857
0.091 1.84713 1.51244
0.092 1.83568 1.57692
0.093 1.82018 1.64186
0.094 1.80062 1.70709
0.095 1.77696 1.77246
0.096 1.7492 1.83779
0.097 1.71737 1.9029
0.098 1.6815 1.96761
0.099 1.64162 2.03173
0.1 1.59782 2.09504
0.101 1.55017 2.15735
0.102 1.49877 2.21844
0.103 1.44373 2.2781
0.104 1.38521 2.33611
0.105 1.32333 2.39224
0.106 1.25828 2.44627
0.107 1.19024 2.49796
0.108 1.11941 2.5471
0.109 1.046 2.59344
0.11 0.97024 2.63677
0.111 0.892377 2.67684
0.112 0.812666 2.71345
0.113 0.731376 2.74636
0.114 0.648787 2.77537
0.115 0.565189 2.80024
0.116 0.480881 2.82079
0.117 0.396172 2.83682
0.118 0.311375 2.84812
0.119 0.226811 2.85452
0.12 0.142804 2.85585
0.121 0.0596827 2.85195
0.122 -0.0222241 2.84266
0.123 -0.102586 2.82786
0.124 -0.181075 2.80742
0.125 -0.257364 2.78123
0.126 -0.331132 2.7492
0.127 -0.402061 2.71126
0.128 -0.46984 2.66734
0.129 -0.53417 2.61741
0.13 -0.594757 2.56144
0.131 -0.65132 2.49942
0.132 -0.703593 2.43138
0.133 -0.751319 2.35734
0.134 -0.794262 2.27737
0.135 -0.832197 2.19153
0.136 -0.864921 2.09993
0.137 -0.892247 2.00268
0.138 -0.914011 1.89992
0.139 -0.930068 1.79181
0.14 -0.940295 1.67854
0.141 -0.944592 1.5603
0.142 -0.942885 1.43732
0.143 -0.935121 1.30985
0.144 -0.921274 1.17813
0.145 -0.901343 1.04247
0.146 -0.875353 0.903162
0.147 -0.843356 0.760525
0.148 -0.80543 0.614899
0.149 -0.761677 0.46664
0.15 -0.712229 0.31612
0.151 -0.657242 0.163724
0.152 -0.596899 0.00985444
0.153 -0.531409 -0.145076
0.154 -0.461004 -0.300644
0.155 -0.385943 -0.456412
0.156 -0.306507 -0.611936
0.157 -0.223 -0.766766
0.158 -0.135749 -0.920443
0.159 -0.0451 -1.0725
0.16 0.0485793 -1.22248
0.161 0.144904 -1.36991
0.162 0.243473 -1.51433
0.163 0.343867 -1.65526
0.164 0.445656 -1.79226
0.165 0.548396 -1.92485
0.166 0.651632 -2.0526
0.167 0.7549 -2.17506
0.168 0.857731 -2.29181
0.169 0.959648 -2.40241
0.17 1.06017 -2.50648
0.171 1.15883 -2.60362
0.172 1.25513 -2.69347
0.173 1.34861 -2.77566
0.174 1.43878 -2.84987
0.175 1.5252 -2.91578
0.176 1.60739 -2.97312
0.177 1.68493 -3.02161
0.178 1.75737 -3.06103
0.179 1.82429 -3.09117
0.18 1.88531 -3.11184
0.181 1.94003 -3.1229
0.182 1.98811 -3.12423
0.183 2.02919 -3.11574
0.184 2.06298 -3.09738
0.185 2.08917 -3.06912
0.186 2.10751 -3.03097
0.187 2.11777 -2.98299
0.188 2.11974 -2.92525
0.189 2.11326 -2.85787
0.19 2.09819 -2.78099
0.191 2.07442 -2.6948
0.192 2.04188 -2.59952
0.193 2.00054 -2.49541
0.194 1.95039 -2.38274
0.195 1.89148 -2.26184
0.196 1.82386 -2.13306
0.197 1.74766 -1.99679
0.198 1.66301 -1.85343
0.199 1.5701 -1.70343
0.2 1.46913 -1.54727
0.201 1.36037 -1.38544
0.202 1.24409 -1.21847
0.203 1.12062 -1.04691
0.204 0.990306 -0.871316
0.205 0.853538 -0.692293
0.206 0.710727 -0.510446
0.207 0.562319 -0.326401
0.208 0.408784 -0.1408
0.209 0.250621 0.0457064
0.21 0.088353 0.232454
0.211 -0.0774766 0.418772
0.212 -0.246302 0.603985
0.213 -0.41754 0.787413
0.214 -0.590591 0.968377
0.215 -0.764841 1.1462
0.216 -0.939665 1.3202
0.217 -1.11443 1.48972
0.218 -1.28849 1.6541
0.219 -1.46121 1.8127
0.22 -1.63194 1.96487
0.221 -1.80002 2.11001
0.222 -1.96483 2.24752
0.223 -2.12573 2.37682
0.224 -2.28209 2.49737
0.225 -2.43329 2.60864
0.226 -2.57874 2.71013
0.227 -2.71786 2.80138
0.228 -2.85007 2.88195
0.229 -2.97485 2.95145
0.23 -3.09166 3.0095
0.231 -3.20003 3.05578
0.232 -3.29949 3.09001
0.233 -3.3896 3.11193
0.234 -3.46998 3.12134
0.235 -3.54025 3.11808
0.236 -3.60009 3.10204
0.237 -3.64922 3.07313
0.238 -3.68737 3.03133
0.239 -3.71436 2.97665
0.24 -3.73 2.90916
0.241 -3.73419 2.82898
0.242 -3.72683 2.73624
0.243 -3.70791 2.63117
0.244 -3.67742 2.514
0.245 -3.63543 2.38503
0.246 -3.58205 2.24459
0.247 -3.51741 2.09307
0.248 -3.44173 1.9309
0.249 -3.35522 1.75853
0.25 -3.25819 1.57648
0.251 -3.15095 1.38528
0.252 -3.03387 1.18552
0.253 -2.90737 0.977807
0.254 -2.7719 0.762796
0.255 -2.62794 0.541165
0.256 -2.47603 0.31362
0.257 -2.31671 0.0808943
0.258 -2.15059 -0.156255
0.259 -1.97829 -0.39705
0.26 -1.80045 -0.640695
0.261 -1.61777 -0.886379
0.262 -1.43093 -1.13328
0.263 -1.24066 -1.38055
0.264 -1.04769 -1.62737
0.265 -0.852792 -1.87289
0.266 -0.656715 -2.11625
0.267 -0.460238 -2.35663
0.268 -0.264141 -2.59318
0.269 -0.0692049 -2.82508
0.27 0.123788 -3.0515
0.271 0.314059 -3.27166
0.272 0.500839 -3.48476
0.273 0.683367 -3.69005
0.274 0.860897 -3.88678
0.275 1.0327 -4.07425
0.276 1.19806 -4.25177
0.277 1.35629 -4.4187
0.278 1.50672 -4.57441
0.279 1.64874 -4.71833
0.28 1.78172 -4.84992
0.281 1.9051 -4.96868
0.282 2.01836 -5.07415
0.283 2.12098 -5.16594
0.284 2.21253 -5.24367
0.285 2.29259 -5.30703
0.286 2.36079 -5.35575
0.287 2.41682 -5.38963
0.288 2.4604 -5.40851
0.289 2.49132 -5.41227
0.29 2.50941 -5.40086
0.291 2.51454 -5.37429
0.292 2.50665 -5.33259
0.293 2.48573 -5.27589
0.294 2.45182 -5.20434
0.295 2.40502 -5.11816
0.296 2.34547 -5.01761
0.297 2.27338 -4.90301
0.298 2.18899 -4.77473
0.299 2.09262 -4.63319
0.3 1.98462 -4.47886
0.301 1.8654 -4.31225
0.302 1.73541 -4.13391
0.303 1.59515 -3.94446
0.304 1.44517 -3.74452
0.305 1.28606 -3.53479
0.306 1.11845 -3.31597
0.307 0.943007 -3.08881
0.308 0.760432 -2.8541
0.309 0.571464 -2.61263
0.31 0.376868 -2.36524
0.311 0.177438 -2.11279
0.312 -0.0260073 -1.85614
0.313 -0.23263 -1.59617
0.314 -0.441574 -1.33379
0.315 -0.651969 -1.06991
0.316 -0.862935 -0.805424
0.317 -1.07358 -0.541254
0.318 -1.28303 -0.278309
0.319 -1.49037 -0.0174926
0.32 -1.69474 0.240298
0.321 -1.89524 0.49418
0.322 -2.09101 0.743285
0.323 -2.2812 0.986765
0.324 -2.46497 1.22379
0.325 -2.64152 1.45356
0.326 -2.81005 1.67531
0.327 -2.96981 1.88828
0.328 -3.12008 2.09178
0.329 -3.26016 2.28514
0.33 -3.3894 2.46771
0.331 -3.50719 2.63892
0.332 -3.61296 2.79822
0.333 -3.70619 2.94511
0.334 -3.78642 3.07914
0.335 -3.85321 3.19992
0.336 -3.9062 3.30708
0.337 -3.94507 3.40034
0.338 -3.96957 3.47946
0.339 -3.9795 3.54424
0.34 -3.9747 3.59456
0.341 -3.95511 3.63035
0.342 -3.92069 3.65158
0.343 -3.87147 3.65829
0.344 -3.80757 3.65057
0.345 -3.72913 3.62858
0.346 -3.63637 3.59251
0.347 -3.52956 3.54264
0.348 -3.40905 3.47926
0.349 -3.27521 3.40275
0.35 -3.1285 3.31352
0.351 -2.96942 3.21203
0.352 -2.79852 3.09878
0.353 -2.61639 2.97435
0.354 -2.4237 2.83932
0.355 -2.22114 2.69432
0.356 -2.00945 2.54005
0.357 -1.7894 2.37719
0.358 -1.56181 2.20651
0.359 -1.32754 2.02876
0.36 -1.08744 1.84474
0.361 -0.842447 1.65527
0.362 -0.593471 1.46118
0.363 -0.341464 1.26334
0.364 -0.0873902 1.0626
0.365 0.167777 0.859846
0.366 0.423054 0.655949
0.367 0.677456 0.451792
0.368 0.929997 0.248255
0.369 1.1797 0.046211
0.37 1.42558 -0.153476
0.371 1.6667 -0.349953
0.372 1.90209 -0.542385
0.373 2.13085 -0.729955
0.374 2.35207 -0.91187
0.375 2.56489 -1.08736
0.376 2.76847 -1.25569
0.377 2.96199 -1.41616
0.378 3.14471 -1.56808
0.379 3.3159 -1.71083
0.38 3.47489 -1.84381
0.381 3.62104 -1.96648
0.382 3.75378 -2.07833
0.383 3.87259 -2.17889
0.384 3.977 -2.26775
0.385 4.0666 -2.34457
0.386 4.14104 -2.40902
0.387 4.20003 -2.46086
0.388 4.24335 -2.49989
0.389 4.27084 -2.52594
0.39 4.28239 -2.53895
0.391 4.27798 -2.53886
0.392 4.25765 -2.52571
0.393 4.22148 -2.49956
0.394 4.16965 -2.46056
0.395 4.10239 -2.40887
0.396 4.01999 -2.34475
0.397 3.92281 -2.26849
0.398 3.81127 -2.18042
0.399 3.68584 -2.08095
0.4 3.54708 -1.97051
0.401 3.39556 -1.8496
0.402 3.23194 -1.71873
0.403 3.05692 -1.5785
0.404 2.87125 -1.4295
0.405 2.67572 -1.2724
0.406 2.47117 -1.10787
0.407 2.25847 -0.936625
0.408 2.03854 -0.759411
0.409 1.81232 -0.576993
0.41 1.58078 -0.39016
0.411 1.34491 -0.199718
0.412 1.10574 -0.00648766
0.413 0.86428 0.1887
0.414 0.621589 0.385006
0.415 0.378711 0.581587
0.416 0.136698 0.777601
0.417 -0.1034 0.972209
0.418 -0.340537 1.16458
0.419 -0.57368 1.35389
0.42 -0.801809 1.53933
0.421 -1.02393 1.72012
0.422 -1.23905 1.89548
0.423 -1.44624 2.06467
0.424 -1.64457 2.22698
0.425 -1.83316 2.38172
0.426 -2.01117 2.52824
0.427 -2.17781 2.66593
0.428 -2.3323 2.79421
0.429 -2.47396 2.91254
0.43 -2.60214 3.02044
0.431 -2.71623 3.11747
0.432 -2.8157 3.20322
0.433 -2.90008 3.27736
0.434 -2.96896 3.33959
0.435 -3.02198 3.38968
0.436 -3.05886 3.42743
0.437 -3.0794 3.45271
0.438 -3.08345 3.46545
0.439 -3.07093 3.46563
0.44 -3.04184 3.45329
0.441 -2.99626 3.4285
0.442 -2.9343 3.39143
0.443 -2.8562 3.34227
0.444 -2.76221 3.28127
0.445 -2.65269 3.20875
0.446 -2.52804 3.12507
0.447 -2.38876 3.03063
0.448 -2.23538 2.9259
0.449 -2.0685 2.81138
0.45 -1.88879 2.68761
0.451 -1.69697 2.55519
0.452 -1.49382 2.41475
0.453 -1.28016 2.26695
0.454 -1.05687 2.1125
0.455 -0.824856 1.95212
0.456 -0.585085 1.78658
0.457 -0.338551 1.61665
0.458 -0.0862799 1.44314
0.459 0.170673 1.26687
0.46 0.431229 1.08867
0.461 0.694288 0.909385
0.462 0.958738 0.729864
0.463 1.22346 0.55096
0.464 1.48731 0.373521
0.465 1.74917 0.198394
0.466 2.00792 0.0264139
0.467 2.26243 -0.141596
0.468 2.5116 -0.30483
0.469 2.75434 -0.4625
0.47 2.9896 -0.613845
0.471 3.21633 -0.758128
0.472 3.43353 -0.894645
0.473 3.64024 -1.02273
0.474 3.83552 -1.14174
0.475 4.01849 -1.25108
0.476 4.18832 -1.35021
0.477 4.34421 -1.43861
0.478 4.48545 -1.51584
0.479 4.61135 -1.58147
0.48 4.72132 -1.63516
0.481 4.8148 -1.6766
0.482 4.89132 -1.70555
0.483 4.95046 -1.72181
0.484 4.99189 -1.72526
0.485 5.01534 -1.71581
0.486 5.02062 -1.69346
0.487 5.0076 -1.65825
0.488 4.97625 -1.61028
0.489 4.9266 -1.54973
0.49 4.85875 -1.4768
0.491 4.7729 -1.3918
0.492 4.6693 -1.29504
0.493 4.54828 -1.18694
0.494 4.41027 -1.06794
0.495 4.25572 -0.93855
0.496 4.0852 -0.799317
0.497 3.89932 -0.65085
0.498 3.69877 -0.493799
0.499 3.48429 -0.328858
0.5 3.25668 -0.156764
0.501 3.01682 0.0217095
0.502 2.76561 0.205753
0.503 2.50403 0.394525
0.504 2.23309 0.587157
0.505 1.95383 0.782755
0.506 1.66736 0.980404
0.507 1.37479 1.17917
0.508 1.07728 1.37812
0.509 0.776014 1.57628
0.51 0.472176 1.77271
0.511 0.166981 1.96645
0.512 -0.138353 2.15653
0.513 -0.442601 2.34201
0.514 -0.744542 2.52196
0.515 -1.04296 2.69546
0.516 -1.33665 2.8616
0.517 -1.62442 3.0195
0.518 -1.90511 3.16833
0.519 -2.17758 3.30726
0.52 -2.44071 3.43551
0.521 -2.69343 3.55235
0.522 -2.93471 3.65706
0.523 -3.16356 3.74901
0.524 -3.37904 3.82758
0.525 -3.58026 3.89222
0.526 -3.76639 3.94243
0.527 -3.93666 3.97778
0.528 -4.09036 3.99788
0.529 -4.22686 4.00241
0.53 -4.34559 3.99112
0.531 -4.44605 3.96381
0.532 -4.52781 3.92036
0.533 -4.59053 3.86071
0.534 -4.63395 3.78486
0.535 -4.65787 3.6929
0.536 -4.6622 3.58497
0.537 -4.64689 3.46128
0.538 -4.61201 3.32211
0.539 -4.5577 3.16782
0.54 -4.48417 2.99881
0.541 -4.39172 2.81557
0.542 -4.28073 2.61863
0.543 -4.15166 2.4086
0.544 -4.00503 2.18615
0.545 -3.84147 1.95199
0.546 -3.66163 1.7069
0.547 -3.46629 1.45171
0.548 -3.25624 1.18728
0.549 -3.03237 0.914531
0.55 -2.79562 0.634434
0.551 -2.54699 0.347984
0.552 -2.28751 0.0562137
0.553 -2.01829 -0.239814
0.554 -1.74046 -0.53901
0.555 -1.4552 -0.840264
0.556 -1.16373 -1.14245
0.557 -0.867277 -1.44442
0.558 -0.567114 -1.74503
0.559 -0.264523 -2.04313
0.56 0.0391993 -2.33756
0.561 0.342746 -2.62719
0.562 0.64481 -2.91087
0.563 0.944083 -3.18749
0.564 1.23927 -3.45594
0.565 1.52908 -3.71516
0.566 1.81226 -3.96409
0.567 2.08755 -4.20173
0.568 2.35375 -4.42709
0.569 2.60969 -4.63925
0.57 2.85421 -4.83732
0.571 3.08622 -5.02045
0.572 3.30469 -5.18788
0.573 3.50861 -5.33886
0.574 3.69706 -5.47273
0.575 3.86916 -5.58889
0.576 4.02409 -5.6868
0.577 4.16113 -5.76599
0.578 4.27961 -5.82606
0.579 4.37893 -5.86668
0.58 4.45858 -5.88761
0.581 4.51813 -5.88866
0.582 4.55722 -5.86973
0.583 4.57559 -5.83082
0.584 4.57306 -5.77196
0.585 4.54952 -5.6933
0.586 4.50497 -5.59505
0.587 4.43949 -5.4775
0.588 4.35324 -5.34101
0.589 4.24648 -5.18604
0.59 4.11953 -5.0131
0.591 3.97281 -4.82278
0.592 3.80685 -4.61574
0.593 3.62221 -4.39271
0.594 3.41956 -4.15449
0.595 3.19964 -3.90194
0.596 2.96327 -3.63598
0.597 2.71134 -3.35757
0.598 2.44479 -3.06776
0.599 2.16463 -2.76761
0.6 1.87195 -2.45826
0.601 1.56787 -2.14086
0.602 1.25357 -1.81661
0.603 0.930269 -1.48674
0.604 0.599244 -1.15252
0.605 0.261791 -0.815216
0.606 -0.0807572 -0.476135
0.607 -0.427044 -0.136584
0.608 -0.775693 0.202122
0.609 -1.12531 0.538663
0.61 -1.47451 0.871725
0.611 -1.82188 1.2
0.612 -2.16602 1.5222
0.613 -2.50554 1.83705
0.614 -2.83908 2.1433
0.615 -3.16527 2.43972
0.616 -3.4828 2.72514
0.617 -3.79035 2.9984
0.618 -4.08668 3.25841
0.619 -4.37056 3.5041
0.62 -4.64083 3.73447
0.621 -4.89637 3.94857
0.622 -5.1361 4.14552
0.623 -5.35905 4.3245
0.624 -5.56426 4.48474
0.625 -5.75087 4.62556
0.626 -5.91809 4.74635
0.627 -6.06521 4.84657
0.628 -6.19158 4.92578
0.629 -6.29666 4.98358
0.63 -6.37996 5.01969
0.631 -6.44112 5.03389
0.632 -6.47983 5.02607
0.633 -6.49589 4.99617
0.634 -6.48918 4.94425
0.635 -6.4597 4.87044
0.636 -6.40749 4.77494
0.637 -6.33273 4.65807
0.638 -6.23567 4.52022
0.639 -6.11664 4.36184
0.64 -5.97609 4.18349
0.641 -5.81454 3.98579
0.642 -5.63257 3.76946
0.643 -5.4309 3.53527
0.644 -5.21027 3.28408
0.645 -4.97155 3.0168
0.646 -4.71564 2.73442
0.647 -4.44355 2.43798
0.648 -4.15632 2.12859
0.649 -3.85508 1.8074
0.65 -3.541 1.47562
0.651 -3.21532 1.13449
0.652 -2.87931 0.785305
0.653 -2.53429 0.429382
0.654 -2.18163 0.0680732
0.655 -1.82272 -0.297248
0.656 -1.45897 -0.665189
0.657 -1.09183 -1.03434
0.658 -0.722742 -1.4033
0.659 -0.353179 -1.77063
0.66 0.0153954 -2.13494
0.661 0.381518 -2.49482
0.662 0.743733 -2.84888
0.663 1.1006 -3.19574
0.664 1.45071 -3.53408
0.665 1.79265 -3.86256
0.666 2.12508 -4.17992
0.667 2.44666 -4.48492
0.668 2.75613 -4.77637
0.669 3.05224 -5.05311
0.67 3.33382 -5.31408
0.671 3.59976 -5.55824
0.672 3.849 -5.78462
0.673 4.08055 -5.99233
0.674 4.29349 -6.18055
0.675 4.48698 -6.34851
0.676 4.66027 -6.49555
0.677 4.81267 -6.62106
0.678 4.94358 -6.72453
0.679 5.05251 -6.80553
0.68 5.13903 -6.86371
0.681 5.20282 -6.89882
0.682 5.24364 -6.91068
0.683 5.26136 -6.89922
0.684 5.25593 -6.86444
0.685 5.2274 -6.80643
0.686 5.17592 -6.72539
0.687 5.10172 -6.62159
0.688 5.00515 -6.49538
0.689 4.88661 -6.34721
0.69 4.74664 -6.17762
0.691 4.58582 -5.9872
0.692 4.40486 -5.77667
0.693 4.20452 -5.54677
0.694 3.98566 -5.29836
0.695 3.7492 -5.03235
0.696 3.49615 -4.74971
0.697 3.22757 -4.45148
0.698 2.94461 -4.13877
0.699 2.64845 -3.81272
0.7 2.34036 -3.47455
0.701 2.02161 -3.1255
0.702 1.69357 -2.76686
0.703 1.35762 -2.39996
0.704 1.01516 -2.02615
0.705 0.667652 -1.64681
0.706 0.316555 -1.26334
0.707 -0.036648 -0.877145
0.708 -0.390465 -0.489653
0.709 -0.743402 -0.102283
0.71 -1.09396 0.283545
0.711 -1.44067 0.666422
0.712 -1.78205 1.04495
0.713 -2.11666 1.41775
0.714 -2.44307 1.78348
0.715 -2.7599 2.14081
0.716 -3.06579 2.48846
0.717 -3.35945 2.82518
0.718 -3.63961 3.14978
0.719 -3.90507 3.4611
0.72 -4.15469 3.75805
0.721 -4.38739 4.03959
0.722 -4.60217 4.30476
0.723 -4.79809 4.55264
0.724 -4.97428 4.78241
0.725 -5.12997 4.99329
0.726 -5.26446 5.1846
0.727 -5.37715 5.35573
0.728 -5.46752 5.50616
0.729 -5.53514 5.63544
0.73 -5.57966 5.74322
0.731 -5.60087 5.82921
0.732 -5.5986 5.89324
0.733 -5.57281 5.93519
0.734 -5.52355 5.95507
0.735 -5.45097 5.95295
0.736 -5.3553 5.92898
0.737 -5.23688 5.88341
0.738 -5.09614 5.81659
0.739 -4.9336 5.72892
0.74 -4.74988 5.6209
0.741 -4.54566 5.49311
0.742 -4.32174 5.3462
0.743 -4.07898 5.1809
0.744 -3.81831 4.99801
0.745 -3.54076 4.79839
0.746 -3.24741 4.58298
0.747 -2.93941 4.35275
0.748 -2.61797 4.10876
0.749 -2.28436 3.85209
0.75 -1.9399 3.5839
0.751 -1.58596 3.30537
0.752 -1.22393 3.01771
0.753 -0.855249 2.72219
0.754 -0.481386 2.42007
0.755 -0.103826 2.11266
0.756 0.275929 1.80129
0.757 0.656367 1.48727
0.758 1.03597 1.17194
0.759 1.41323 0.856631
0.76 1.78664 0.542673
0.761 2.15472 0.231382
0.762 2.51599 -0.0759441
0.763 2.86901 -0.378027
0.764 3.21238 -0.673616
0.765 3.54474 -0.961492
0.766 3.86475 -1.24047
0.767 4.17115 -1.50942
0.768 4.46271 -1.76724
0.769 4.73829 -2.01289
0.77 4.99679 -2.24538
0.771 5.23718 -2.46378
0.772 5.45853 -2.66722
0.773 5.65995 -2.85491
0.774 5.84066 -3.02611
0.775 5.99996 -3.18017
0.776 6.13722 -3.31649
0.777 6.25193 -3.43458
0.778 6.34364 -3.53399
0.779 6.41202 -3.61438
0.78 6.45683 -3.67549
0.781 6.4779 -3.71712
0.782 6.4752 -3.73917
0.783 6.44876 -3.74163
0.784 6.39873 -3.72456
0.785 6.32535 -3.6881
0.786 6.22896 -3.63249
0.787 6.10998 -3.55803
0.788 5.96893 -3.4651
0.789 5.80643 -3.35418
0.79 5.62318 -3.2258
0.791 5.41995 -3.08059
0.792 5.19763 -2.91921
0.793 4.95714 -2.74242
0.794 4.69951 -2.55104
0.795 4.42582 -2.34593
0.796 4.13723 -2.12804
0.797 3.83495 -1.89833
0.798 3.52026 -1.65785
0.799 3.19446 -1.40767
0.8 2.85892 -1.14889
0.801 2.51505 -0.882666
0.802 2.16429 -0.610176
0.803 1.8081 -0.332619
0.804 1.44795 -0.0512127
0.805 1.08537 0.232808
0.806 0.721843 0.518202
0.807 0.358897 0.803723
0.808 -0.00196249 1.08813
0.809 -0.359237 1.37018
0.81 -0.711443 1.64866
0.811 -1.05712 1.92236
0.812 -1.39483 2.1901
0.813 -1.72318 2.45071
0.814 -2.04081 2.70309
0.815 -2.34641 2.94613
0.816 -2.63871 3.17881
0.817 -2.9165 3.40012
0.818 -3.17865 3.60912
0.819 -3.42407 3.80491
0.82 -3.65176 3.98666
0.821 -3.86078 4.1536
0.822 -4.05027 4.30502
0.823 -4.21947 4.44028
0.824 -4.36768 4.55882
0.825 -4.4943 4.66013
0.826 -4.59883 4.7438
0.827 -4.68085 4.80948
0.828 -4.74004 4.8569
0.829 -4.77616 4.88588
0.83 -4.7891 4.8963
0.831 -4.77882 4.88815
0.832 -4.74538 4.86147
0.833 -4.68895 4.8164
0.834 -4.60979 4.75314
0.835 -4.50825 4.67199
0.836 -4.38477 4.57331
0.837 -4.23991 4.45754
0.838 -4.07428 4.32521
0.839 -3.88862 4.17689
0.84 -3.68371 4.01324
0.841 -3.46045 3.83499
0.842 -3.21979 3.64291
0.843 -2.96277 3.43785
0.844 -2.69049 3.2207
0.845 -2.40411 2.99242
0.846 -2.10487 2.754
0.847 -1.79404 2.50649
0.848 -1.47295 2.25095
0.849 -1.14299 1.98851
0.85 -0.805549 1.72031
0.851 -0.462088 1.44751
0.852 -0.114072 1.17129
0.853 0.237009 0.892868
0.854 0.589651 0.613441
0.855 0.942342 0.334225
0.856 1.29357 0.0564311
0.857 1.64183 -0.218736
0.858 1.98562 -0.490084
0.859 2.32346 -0.756435
0.86 2.6539 -1.01664
0.861 2.97551 -1.26956
0.862 3.28691 -1.51412
0.863 3.58674 -1.74924
0.864 3.8737 -1.97392
0.865 4.14655 -2.18718
0.866 4.40409 -2.3881
0.867 4.6452 -2.57581
0.868 4.86881 -2.7495
0.869 5.07393 -2.90843
0.87 5.25966 -3.0519
0.871 5.42515 -3.17931
0.872 5.56967 -3.29011
0.873 5.69253 -3.38381
0.874 5.79318 -3.46003
0.875 5.87113 -3.51843
0.876 5.92598 -3.55878
0.877 5.95745 -3.58091
0.878 5.96534 -3.58473
0.879 5.94954 -3.57023
0.88 5.91006 -3.5375
0.881 5.847 -3.48669
0.882 5.76054 -3.41803
0.883 5.65098 -3.33183
0.884 5.5187 -3.22849
0.885 5.36419 -3.10848
0.886 5.18801 -2.97234
0.887 4.99084 -2.82069
0.888 4.77341 -2.65419
0.889 4.53657 -2.47362
0.89 4.28123 -2.27977
0.891 4.00838 -2.07353
0.892 3.71909 -1.85583
0.893 3.41449 -1.62764
0.894 3.09577 -1.39
0.895 2.76419 -1.14399
0.896 2.42107 -0.890726
0.897 2.06776 -0.631351
0.898 1.70565 -0.36705
0.899 1.3362 -0.09903
0.9 0.960867 0.171483
0.901 0.581145 0.443248
0.902 0.19855 0.715013
0.903 -0.185394 0.985523
0.904 -0.569154 1.25352
0.905 -0.951197 1.51776
0.906 -1.33 1.77701
0.907 -1.70404 2.03004
0.908 -2.07183 2.27567
0.909 -2.43191 2.5127
0.91 -2.78282 2.74002
0.911 -3.12317 2.95652
0.912 -3.4516 3.16114
0.913 -3.7668 3.35287
0.914 -4.06751 3.53074
0.915 -4.35254 3.69386
0.916 -4.62074 3.84137
0.917 -4.87106 3.9725
0.918 -5.1025 4.08652
0.919 -5.31415 4.18278
0.92 -5.50517 4.26072
0.921 -5.67481 4.31984
0.922 -5.82242 4.3597
0.923 -5.94741 4.37997
0.924 -6.04931 4.38039
0.925 -6.12773 4.36078
0.926 -6.18238 4.32105
0.927 -6.21308 4.26117
0.928 -6.21973 4.18124
0.929 -6.20234 4.0814
0.93 -6.161 3.96191
0.931 -6.09592 3.82307
0.932 -6.00741 3.66532
0.933 -5.89585 3.48913
0.934 -5.76174 3.29507
0.935 -5.60566 3.08379
0.936 -5.42828 2.856
0.937 -5.23037 2.61251
0.938 -5.01276 2.35418
0.939 -4.77639 2.08192
0.94 -4.52225 1.79673
0.941 -4.25142 1.49965
0.942 -3.96506 1.19179
0.943 -3.66435 0.874291
0.944 -3.35057 0.548354
0.945 -3.02505 0.215211
0.946 -2.68914 -0.123867
0.947 -2.34427 -0.467578
0.948 -1.99187 -0.814598
0.949 -1.63342 -1.16358
0.95 -1.27044 -1.51317
0.951 -0.904434 -1.86199
0.952 -0.536945 -2.20868
0.953 -0.169512 -2.55186
0.954 0.196327 -2.89018
0.955 0.559039 -3.22229
0.956 0.917102 -3.54685
0.957 1.26902 -3.86257
0.958 1.61331 -4.16818
0.959 1.94853 -4.46243
0.96 2.27328 -4.74413
0.961 2.58619 -5.01211
0.962 2.88596 -5.26529
0.963 3.1713 -5.50262
0.964 3.44104 -5.72309
0.965 3.69403 -5.92579
0.966 3.9292 -6.10986
0.967 4.14557 -6.27451
0.968 4.34221 -6.41902
0.969 4.51828 -6.54276
0.97 4.67305 -6.64517
0.971 4.80585 -6.72577
0.972 4.9161 -6.78418
0.973 5.00332 -6.82008
0.974 5.06714 -6.83327
0.975 5.10726 -6.82361
0.976 5.1235 -6.79107
0.977 5.11577 -6.73569
0.978 5.08406 -6.65762
0.979 5.0285 -6.55708
0.98 4.94928 -6.4344
0.981 4.8467 -6.28998
0.982 4.72117 -6.12431
0.983 4.57318 -5.93797
0.984 4.40331 -5.73163
0.985 4.21224 -5.50601
0.986 4.00074 -5.26193
0.987 3.76966 -5.00029
0.988 3.51991 -4.72204
0.989 3.25252 -4.42821
0.99 2.96856 -4.11989
0.991 2.66918 -3.79824
0.992 2.35559 -3.46444
0.993 2.02906 -3.11976
0.994 1.69092 -2.76549
0.995 1.34254 -2.40296
0.996 0.985343 -2.03356
0.997 0.620776 -1.65867
0.998 0.250326 -1.27972
0.999 -0.124499 -0.898152
1 -0.50217 -0.515421
