0.001 3.40549e-008 2.53461e-009
0.002 3.10173e-007 2.03577e-008
0.003 1.46266e-006 8.44917e-008
0.004 4.84623e-006 2.47999e-007
0.005 1.28268e-005 5.88447e-007
0.006 2.90623e-005 1.21205e-006
0.007 5.87711e-005 2.25993e-006
0.008 0.000108985 3.91691e-006
0.009 0.000188786 6.4232e-006
0.01 0.00030952 1.00894e-005
0.011 0.000484996 1.53152e-005
0.012 0.00073165 2.26114e-005
0.013 0.0010687 3.2627e-005
0.014 0.00151825 4.61795e-005
0.015 0.00210539 6.42904e-005
0.016 0.00285825 8.82244e-005
0.017 0.00380804 0.000119534
0.018 0.00498903 0.000160108
0.019 0.00643852 0.000212222
0.02 0.00819677 0.000278601
0.021 0.0103069 0.000362474
0.022 0.0128148 0.000467642
0.023 0.0157688 0.000598544
0.024 0.0192197 0.000760332
0.025 0.0232204 0.000958938
0.026 0.0278256 0.00120115
0.027 0.0330917 0.0014947
0.028 0.0390761 0.00184833
0.029 0.0458375 0.00227185
0.03 0.0534347 0.00277627
0.031 0.061927 0.00337381
0.032 0.0713732 0.00407803
0.033 0.0818315 0.00490387
0.034 0.0933589 0.00586771
0.035 0.106011 0.00698745
0.036 0.11984 0.00828256
0.037 0.134899 0.00977414
0.038 0.151233 0.0114849
0.039 0.168888 0.0134394
0.04 0.187903 0.0156638
0.041 0.208315 0.018186
0.042 0.230154 0.0210357
0.043 0.253446 0.0242443
0.044 0.278209 0.027845
0.045 0.304457 0.0318726
0.046 0.332197 0.0363637
0.047 0.361429 0.0413564
0.048 0.392144 0.0468904
0.049 0.424327 0.0530068
0.05 0.457954 0.0597481
0.051 0.492993 0.0671579
0.052 0.529405 0.0752812
0.053 0.567141 0.0841637
0.054 0.606142 0.093852
0.055 0.646342 0.104393
0.056 0.687667 0.115835
0.057 0.730032 0.128226
0.058 0.773344 0.141613
0.059 0.817502 0.156045
0.06 0.862395 0.171567
0.061 0.907905 0.188228
0.062 0.953906 0.206073
0.063 1.00026 0.225145
0.064 1.04683 0.245487
0.065 1.09347 0.267141
0.066 1.14002 0.290145
0.067 1.18633 0.314534
0.068 1.23221 0.340343
0.069 1.27751 0.367601
0.07 1.32205 0.396336
0.071 1.36565 0.426569
0.072 1.40813 0.458321
0.073 1.4493 0.491604
0.074 1.48899 0.52643
0.075 1.527 0.562803
0.076 1.56316 0.600721
0.077 1.59728 0.640179
0.078 1.62917 0.681163
0.079 1.65867 0.723657
0.08 1.6856 0.767634
0.081 1.70979 0.813064
0.082 1.73108 0.859907
0.083 1.74932 0.908118
0.084 1.76435 0.957645
0.085 1.77604 1.00843
0.086 1.78426 1.0604
0.087 1.78889 1.11348
0.088 1.78981 1.16759
0.089 1.78695 1.22265
0.09 1.7802 1.27854
0.091 1.76951 1.33517
0.092 1.75481 1.39242
0.093 1.73607 1.45018
0.094 1.71325 1.50831
0.095 1.68635 1.56668
0.096 1.65537 1.62515
0.097 1.62034 1.68357
0.098 1.58129 1.74179
0.099 1.53829 1.79964
0.1 1.49139 1.85696
0.101 1.4407 1.91358
0.102 1.38631 1.96932
0.103 1.32837 2.024
0.104 1.267 2.07744
0.105 1.20237 2.12946
0.106 1.13464 2.17985
0.107 1.06402 2.22843
0.108 0.990713 2.275
0.109 0.914934 2.31938
0.11 0.836923 2.36137
0.111 0.756931 2.40077
0.112 0.67522 2.43739
0.113 0.592065 2.47104
0.114 0.507754 2.50154
0.115 0.422582 2.52871
0.116 0.336857 2.55235
0.117 0.25089 2.57231
0.118 0.165003 2.5884
0.119 0.0795222 2.60048
0.12 -0.00522254 2.60839
0.121 -0.0888977 2.61198
0.122 -0.171168 2.61112
0.123 -0.251699 2.60568
0.124 -0.330157 2.59554
0.125 -0.406209 2.58061
0.126 -0.479529 2.5608
0.127 -0.549796 2.53601
0.128 -0.616694 2.50619
0.129 -0.679917 2.47129
0.13 -0.739169 2.43126
0.131 -0.794165 2.38609
0.132 -0.844633 2.33577
0.133 -0.890315 2.28031
0.134 -0.930968 2.21973
0.135 -0.966366 2.15407
0.136 -0.996302 2.0834
0.137 -1.02059 2.00779
0.138 -1.03905 1.92734
0.139 -1.05155 1.84215
0.14 -1.05795 1.75235
0.141 -1.05816 1.65808
0.142 -1.05209 1.55952
0.143 -1.03971 1.45684
0.144 -1.02096 1.35023
0.145 -0.995867 1.23991
0.146 -0.964438 1.1261
0.147 -0.926729 1.00906
0.148 -0.882816 0.889033
0.149 -0.832804 0.766304
0.15 -0.776825 0.641158
0.151 -0.715036 0.513895
0.152 -0.647621 0.384829
0.153 -0.574791 0.254286
0.154 -0.496782 0.122601
0.155 -0.413855 -0.00988014
0.156 -0.326295 -0.142804
0.157 -0.234411 -0.275807
0.158 -0.138535 -0.408523
0.159 -0.0390191 -0.540577
0.16 0.0637631 -0.671592
0.161 0.169419 -0.801186
0.162 0.277539 -0.928978
0.163 0.387696 -1.05458
0.164 0.499449 -1.17762
0.165 0.612343 -1.29772
0.166 0.725913 -1.41449
0.167 0.839682 -1.52756
0.168 0.953166 -1.63658
0.169 1.06588 -1.74119
0.17 1.17732 -1.84103
0.171 1.287 -1.93578
0.172 1.39442 -2.0251
0.173 1.49908 -2.10869
0.174 1.6005 -2.18625
0.175 1.69819 -2.25749
0.176 1.79167 -2.32216
0.177 1.88048 -2.38001
0.178 1.96417 -2.4308
0.179 2.04228 -2.47433
0.18 2.11441 -2.51043
0.181 2.18014 -2.53891
0.182 2.23909 -2.55965
0.183 2.29089 -2.57253
0.184 2.33521 -2.57746
0.185 2.37172 -2.57437
0.186 2.40014 -2.56322
0.187 2.4202 -2.544
0.188 2.43169 -2.51673
0.189 2.43439 -2.48144
0.19 2.42814 -2.4382
0.191 2.41281 -2.38711
0.192 2.38829 -2.32829
0.193 2.35452 -2.26189
0.194 2.31147 -2.18809
0.195 2.25914 -2.1071
0.196 2.19758 -2.01915
0.197 2.12687 -1.92448
0.198 2.04713 -1.8234
0.199 1.9585 -1.7162
0.2 1.86119 -1.60321
0.201 1.75541 -1.48479
0.202 1.64142 -1.36132
0.203 1.51953 -1.2332
0.204 1.39007 -1.10083
0.205 1.25339 -0.964657
0.206 1.10991 -0.825135
0.207 0.960041 -0.68273
0.208 0.804248 -0.537924
0.209 0.643015 -0.391214
0.21 0.476855 -0.243105
0.211 0.306305 -0.0941137
0.212 0.131926 0.0552375
0.213 -0.0457034 0.204419
0.214 -0.225982 0.352898
0.215 -0.408295 0.500139
0.216 -0.592012 0.645606
0.217 -0.776491 0.788766
0.218 -0.96108 0.929088
0.219 -1.14512 1.06605
0.22 -1.32795 1.19913
0.221 -1.50891 1.32782
0.222 -1.68733 1.45162
0.223 -1.86255 1.57006
0.224 -2.03393 1.68266
0.225 -2.2008 1.78897
0.226 -2.36254 1.88856
0.227 -2.51854 1.981
0.228 -2.66818 2.06592
0.229 -2.81089 2.14295
0.23 -2.94609 2.21173
0.231 -3.07326 2.27195
0.232 -3.19188 2.32333
0.233 -3.30147 2.3656
0.234 -3.40158 2.39853
0.235 -3.49178 2.42193
0.236 -3.57169 2.43562
0.237 -3.64097 2.43948
0.238 -3.6993 2.43339
0.239 -3.74641 2.41731
0.24 -3.78207 2.39118
0.241 -3.80609 2.35503
0.242 -3.81834 2.30889
0.243 -3.81871 2.25282
0.244 -3.80714 2.18695
0.245 -3.78363 2.11142
0.246 -3.74822 2.0264
0.247 -3.70098 1.93212
0.248 -3.64204 1.82882
0.249 -3.57159 1.71678
0.25 -3.48983 1.59632
0.251 -3.39704 1.46778
0.252 -3.29352 1.33154
0.253 -3.17962 1.18801
0.254 -3.05574 1.03761
0.255 -2.92232 0.880821
0.256 -2.77983 0.718115
0.257 -2.62878 0.550003
0.258 -2.46972 0.377018
0.259 -2.30323 0.199709
0.26 -2.12992 0.0186457
0.261 -1.95045 -0.165587
0.262 -1.76548 -0.352389
0.263 -1.5757 -0.541151
0.264 -1.38184 -0.731251
0.265 -1.18463 -0.922061
0.266 -0.984834 -1.11295
0.267 -0.783208 -1.30327
0.268 -0.580536 -1.49239
0.269 -0.377603 -1.67968
0.27 -0.175201 -1.8645
0.271 0.0258774 -2.04623
0.272 0.224842 -2.22424
0.273 0.420905 -2.39793
0.274 0.613291 -2.56671
0.275 0.801231 -2.72999
0.276 0.983972 -2.88722
0.277 1.16078 -3.03785
0.278 1.33094 -3.18136
0.279 1.49376 -3.31726
0.28 1.64857 -3.44506
0.281 1.79474 -3.56434
0.282 1.93166 -3.67466
0.283 2.05876 -3.77564
0.284 2.17551 -3.86694
0.285 2.28141 -3.94823
0.286 2.37601 -4.01922
0.287 2.4589 -4.07966
0.288 2.52971 -4.12935
0.289 2.58812 -4.1681
0.29 2.63387 -4.19578
0.291 2.66673 -4.21229
0.292 2.68654 -4.21757
0.293 2.69316 -4.2116
0.294 2.68655 -4.1944
0.295 2.66668 -4.16604
0.296 2.6336 -4.1266
0.297 2.58739 -4.07624
0.298 2.52821 -4.01512
0.299 2.45626 -3.94347
0.3 2.37178 -3.86154
0.301 2.27507 -3.76962
0.302 2.16651 -3.66804
0.303 2.04647 -3.55715
0.304 1.91542 -3.43735
0.305 1.77386 -3.30907
0.306 1.62232 -3.17275
0.307 1.46139 -3.0289
0.308 1.29168 -2.878
0.309 1.11388 -2.72061
0.31 0.928664 -2.55728
0.311 0.736773 -2.38858
0.312 0.538966 -2.21511
0.313 0.33603 -2.03749
0.314 0.128778 -1.85635
0.315 -0.0819594 -1.67232
0.316 -0.29533 -1.48604
0.317 -0.51047 -1.29818
0.318 -0.726505 -1.10939
0.319 -0.942551 -0.920331
0.32 -1.15772 -0.731663
0.321 -1.37113 -0.544043
0.322 -1.5819 -0.358118
0.323 -1.78914 -0.174531
0.324 -1.992 0.0060867
0.325 -2.18962 0.183119
0.326 -2.38116 0.355964
0.327 -2.56582 0.524037
0.328 -2.74281 0.686774
0.329 -2.91136 0.843635
0.33 -3.07074 0.994102
0.331 -3.22026 1.13769
0.332 -3.35926 1.27392
0.333 -3.48711 1.40238
0.334 -3.60325 1.52265
0.335 -3.70713 1.63438
0.336 -3.79827 1.73723
0.337 -3.87624 1.8309
0.338 -3.94064 1.91513
0.339 -3.99116 1.9897
0.34 -4.0275 2.05443
0.341 -4.04945 2.10917
0.342 -4.05684 2.15382
0.343 -4.04957 2.18831
0.344 -4.02759 2.21263
0.345 -3.9909 2.22678
0.346 -3.93958 2.23083
0.347 -3.87376 2.22487
0.348 -3.79361 2.20904
0.349 -3.69939 2.18353
0.35 -3.5914 2.14853
0.351 -3.46999 2.10431
0.352 -3.33559 2.05115
0.353 -3.18865 1.98938
0.354 -3.0297 1.91935
0.355 -2.8593 1.84146
0.356 -2.67807 1.75612
0.357 -2.48668 1.66378
0.358 -2.28582 1.56492
0.359 -2.07624 1.46003
0.36 -1.85873 1.34966
0.361 -1.63409 1.23433
0.362 -1.40319 1.11461
0.363 -1.16688 0.991074
0.364 -0.926068 0.864326
0.365 -0.681678 0.734965
0.366 -0.434642 0.603604
0.367 -0.18591 0.470862
0.368 0.0635595 0.337362
0.369 0.312803 0.203729
0.37 0.560855 0.0705846
0.371 0.806752 -0.0614523
0.372 1.04954 -0.19177
0.373 1.28826 -0.319765
0.374 1.522 -0.444846
0.375 1.74984 -0.566438
0.376 1.97087 -0.683978
0.377 2.18425 -0.796926
0.378 2.38912 -0.904761
0.379 2.58468 -1.00699
0.38 2.77017 -1.10313
0.381 2.94485 -1.19274
0.382 3.10804 -1.27542
0.383 3.25909 -1.35076
0.384 3.39741 -1.41843
0.385 3.52245 -1.4781
0.386 3.63373 -1.52949
0.387 3.73081 -1.57235
0.388 3.8133 -1.60648
0.389 3.8809 -1.6317
0.39 3.93333 -1.64789
0.391 3.97041 -1.65495
0.392 3.99199 -1.65282
0.393 3.998 -1.64151
0.394 3.98844 -1.62103
0.395 3.96335 -1.59146
0.396 3.92286 -1.55291
0.397 3.86715 -1.50551
0.398 3.79646 -1.44947
0.399 3.71109 -1.38501
0.4 3.61143 -1.31238
0.401 3.49789 -1.2319
0.402 3.37096 -1.14388
0.403 3.23118 -1.0487
0.404 3.07915 -0.946761
0.405 2.91552 -0.838482
0.406 2.74097 -0.724324
0.407 2.55626 -0.60477
0.408 2.36217 -0.480327
0.409 2.15953 -0.351525
0.41 1.9492 -0.218912
0.411 1.73209 -0.0830555
0.412 1.50911 0.0554625
0.413 1.28122 0.196048
0.414 1.04941 0.338095
0.415 0.814659 0.480994
0.416 0.577984 0.624126
0.417 0.340405 0.766872
0.418 0.102946 0.908616
0.419 -0.133364 1.04874
0.42 -0.3675 1.18664
0.421 -0.598443 1.3217
0.422 -0.825185 1.45335
0.423 -1.04673 1.581
0.424 -1.26212 1.7041
0.425 -1.47038 1.8221
0.426 -1.67061 1.93448
0.427 -1.8619 2.04075
0.428 -2.04341 2.14044
0.429 -2.21431 2.2331
0.43 -2.37384 2.31831
0.431 -2.52125 2.39571
0.432 -2.65587 2.46493
0.433 -2.77707 2.52566
0.434 -2.88427 2.57763
0.435 -2.97696 2.62059
0.436 -3.05467 2.65435
0.437 -3.11702 2.67875
0.438 -3.16366 2.69365
0.439 -3.19432 2.69899
0.44 -3.20882 2.69472
0.441 -3.20699 2.68086
0.442 -3.18879 2.65744
0.443 -3.15422 2.62456
0.444 -3.10333 2.58234
0.445 -3.03627 2.53097
0.446 -2.95325 2.47064
0.447 -2.85453 2.40162
0.448 -2.74047 2.3242
0.449 -2.61147 2.23871
0.45 -2.46799 2.14552
0.451 -2.31057 2.04502
0.452 -2.13981 1.93766
0.453 -1.95636 1.8239
0.454 -1.76092 1.70425
0.455 -1.55426 1.57922
0.456 -1.33718 1.44937
0.457 -1.11054 1.31528
0.458 -0.875237 1.17755
0.459 -0.63222 1.03678
0.46 -0.38246 0.893617
0.461 -0.126966 0.748701
0.462 0.133225 0.60269
0.463 0.397055 0.456248
0.464 0.663442 0.310044
0.465 0.931293 0.164751
0.466 1.1995 0.021039
0.467 1.46695 -0.120423
0.468 1.73254 -0.258973
0.469 1.99514 -0.393959
0.47 2.25366 -0.524742
0.471 2.50701 -0.650695
0.472 2.75411 -0.771211
0.473 2.99391 -0.885703
0.474 3.22537 -0.993606
0.475 3.44751 -1.09438
0.476 3.65936 -1.18752
0.477 3.85999 -1.27254
0.478 4.04852 -1.34899
0.479 4.22411 -1.41647
0.48 4.38598 -1.47458
0.481 4.53338 -1.52301
0.482 4.66563 -1.56144
0.483 4.78213 -1.58962
0.484 4.8823 -1.60734
0.485 4.96566 -1.61444
0.486 5.03178 -1.61077
0.487 5.0803 -1.59628
0.488 5.11092 -1.57092
0.489 5.12344 -1.53471
0.49 5.11771 -1.48771
0.491 5.09365 -1.43004
0.492 5.05128 -1.36185
0.493 4.99067 -1.28334
0.494 4.91197 -1.19477
0.495 4.81542 -1.09642
0.496 4.7013 -0.988643
0.497 4.57 -0.871817
0.498 4.42196 -0.746366
0.499 4.25769 -0.612756
0.5 4.07778 -0.471491
0.501 3.88286 -0.323113
0.502 3.67365 -0.168196
0.503 3.45092 -0.00734906
0.504 3.2155 0.158788
0.505 2.96827 0.329549
0.506 2.71016 0.50424
0.507 2.44216 0.682148
0.508 2.16528 0.862537
0.509 1.88059 1.04466
0.51 1.58918 1.22774
0.511 1.2922 1.41101
0.512 0.990784 1.59368
0.513 0.686119 1.77496
0.514 0.379398 1.95406
0.515 0.0718249 2.1302
0.516 -0.235385 2.3026
0.517 -0.541017 2.47046
0.518 -0.843858 2.63304
0.519 -1.1427 2.78958
0.52 -1.43636 2.93935
0.521 -1.72364 3.08165
0.522 -2.00341 3.21578
0.523 -2.27454 3.34109
0.524 -2.53592 3.45695
0.525 -2.78651 3.56276
0.526 -3.02527 3.65797
0.527 -3.25125 3.74205
0.528 -3.46351 3.81451
0.529 -3.66119 3.87492
0.53 -3.84346 3.92287
0.531 -4.00958 3.95803
0.532 -4.15886 3.98008
0.533 -4.29066 3.98878
0.534 -4.40443 3.98392
0.535 -4.4997 3.96536
0.536 -4.57604 3.93299
0.537 -4.63312 3.88677
0.538 -4.67069 3.82672
0.539 -4.68857 3.7529
0.54 -4.68664 3.66542
0.541 -4.66491 3.56447
0.542 -4.62342 3.45027
0.543 -4.56232 3.32309
0.544 -4.48182 3.18328
0.545 -4.38224 3.03123
0.546 -4.26394 2.86735
0.547 -4.12738 2.69215
0.548 -3.9731 2.50615
0.549 -3.80169 2.30993
0.55 -3.61384 2.1041
0.551 -3.41029 1.88934
0.552 -3.19184 1.66634
0.553 -2.95938 1.43584
0.554 -2.71384 1.1986
0.555 -2.4562 0.955441
0.556 -2.1875 0.707177
0.557 -1.90884 0.454665
0.558 -1.62134 0.198782
0.559 -1.32618 -0.0595817
0.56 -1.02457 -0.319516
0.561 -0.717728 -0.580104
0.562 -0.406928 -0.840417
0.563 -0.0934453 -1.09952
0.564 0.221424 -1.3565
0.565 0.536375 -1.6104
0.566 0.850101 -1.86032
0.567 1.16129 -2.10535
0.568 1.46865 -2.34457
0.569 1.77089 -2.57713
0.57 2.06673 -2.80215
0.571 2.35492 -3.0188
0.572 2.63425 -3.22629
0.573 2.90352 -3.42382
0.574 3.16157 -3.61066
0.575 3.40731 -3.78611
0.576 3.63965 -3.9495
0.577 3.85759 -4.10022
0.578 4.06017 -4.23768
0.579 4.24648 -4.36136
0.58 4.4157 -4.47078
0.581 4.56705 -4.56551
0.582 4.69983 -4.64519
0.583 4.81341 -4.7095
0.584 4.90725 -4.75817
0.585 4.98086 -4.79101
0.586 5.03386 -4.80788
0.587 5.06593 -4.80869
0.588 5.07685 -4.79342
0.589 5.06647 -4.76211
0.59 5.03472 -4.71486
0.591 4.98165 -4.65184
0.592 4.90736 -4.57325
0.593 4.81204 -4.47939
0.594 4.69599 -4.37059
0.595 4.55958 -4.24725
0.596 4.40324 -4.10982
0.597 4.22751 -3.9588
0.598 4.03302 -3.79477
0.599 3.82043 -3.61831
0.6 3.59052 -3.4301
0.601 3.34411 -3.23085
0.602 3.08212 -3.02128
0.603 2.80551 -2.80221
0.604 2.5153 -2.57445
0.605 2.21258 -2.33886
0.606 1.8985 -2.09634
0.607 1.57423 -1.8478
0.608 1.24101 -1.5942
0.609 0.900115 -1.33649
0.61 0.552838 -1.07567
0.611 0.200516 -0.812722
0.612 -0.155495 -0.548659
0.613 -0.513819 -0.284492
0.614 -0.873072 -0.0212343
0.615 -1.23186 0.240101
0.616 -1.58878 0.498509
0.617 -1.94245 0.752993
0.618 -2.29148 1.00257
0.619 -2.63451 1.24628
0.62 -2.97018 1.48317
0.621 -3.29719 1.71233
0.622 -3.61424 1.93286
0.623 -3.92008 2.14392
0.624 -4.2135 2.34467
0.625 -4.49333 2.53433
0.626 -4.75847 2.71216
0.627 -5.00785 2.87747
0.628 -5.24048 3.0296
0.629 -5.45543 3.16795
0.63 -5.65184 3.29198
0.631 -5.82892 3.40119
0.632 -5.98594 3.49515
0.633 -6.12227 3.57348
0.634 -6.23736 3.63586
0.635 -6.33073 3.68203
0.636 -6.40198 3.71181
0.637 -6.45083 3.72506
0.638 -6.47705 3.7217
0.639 -6.48051 3.70175
0.64 -6.4612 3.66525
0.641 -6.41915 3.61234
0.642 -6.35452 3.5432
0.643 -6.26754 3.45809
0.644 -6.15854 3.3573
0.645 -6.02792 3.24123
0.646 -5.87619 3.11029
0.647 -5.70393 2.96499
0.648 -5.5118 2.80587
0.649 -5.30054 2.63352
0.65 -5.07097 2.4486
0.651 -4.82399 2.25181
0.652 -4.56057 2.0439
0.653 -4.28172 1.82566
0.654 -3.98855 1.59791
0.655 -3.68219 1.36152
0.656 -3.36387 1.1174
0.657 -3.03481 0.866477
0.658 -2.69633 0.609707
0.659 -2.34975 0.348073
0.66 -1.99644 0.0825746
0.661 -1.63779 -0.185773
0.662 -1.27523 -0.455943
0.663 -0.91017 -0.726902
0.664 -0.544068 -0.997613
0.665 -0.178369 -1.26704
0.666 0.185481 -1.53415
0.667 0.546042 -1.79792
0.668 0.901884 -2.05735
0.669 1.2516 -2.31143
0.67 1.5938 -2.5592
0.671 1.92714 -2.79971
0.672 2.25029 -3.03204
0.673 2.56196 -3.2553
0.674 2.86093 -3.46865
0.675 3.14602 -3.67126
0.676 3.41608 -3.86236
0.677 3.67006 -4.04123
0.678 3.90694 -4.20719
0.679 4.1258 -4.35961
0.68 4.32577 -4.4979
0.681 4.50605 -4.62156
0.682 4.66595 -4.73011
0.683 4.80483 -4.82315
0.684 4.92215 -4.90032
0.685 5.01746 -4.96136
0.686 5.09038 -5.00603
0.687 5.14065 -5.03418
0.688 5.16808 -5.04571
0.689 5.17257 -5.04059
0.69 5.15412 -5.01886
0.691 5.11283 -4.98062
0.692 5.04888 -4.92603
0.693 4.96256 -4.85531
0.694 4.85422 -4.76876
0.695 4.72432 -4.66672
0.696 4.57342 -4.5496
0.697 4.40213 -4.41788
0.698 4.21118 -4.27206
0.699 4.00136 -4.11273
0.7 3.77354 -3.94051
0.701 3.52866 -3.75609
0.702 3.26773 -3.56018
0.703 2.99185 -3.35356
0.704 2.70214 -3.13702
0.705 2.39981 -2.91142
0.706 2.0861 -2.67762
0.707 1.76232 -2.43654
0.708 1.4298 -2.18911
0.709 1.08992 -1.93629
0.71 0.744083 -1.67905
0.711 0.393724 -1.41838
0.712 0.0402916 -1.15528
0.713 -0.314749 -0.890762
0.714 -0.669925 -0.625832
0.715 -1.02376 -0.3615
0.716 -1.37479 -0.0987715
0.717 -1.72155 0.16136
0.718 -2.06261 0.417912
0.719 -2.39653 0.669922
0.72 -2.72192 0.916444
0.721 -3.03743 1.15656
0.722 -3.34174 1.38938
0.723 -3.63356 1.61405
0.724 -3.91167 1.82975
0.725 -4.1749 2.03568
0.726 -4.42214 2.23111
0.727 -4.65233 2.41534
0.728 -4.8645 2.58771
0.729 -5.05774 2.74764
0.73 -5.23121 2.89457
0.731 -5.38417 3.028
0.732 -5.51594 3.1475
0.733 -5.62594 3.25269
0.734 -5.71367 3.34325
0.735 -5.77872 3.41892
0.736 -5.82079 3.47951
0.737 -5.83964 3.52487
0.738 -5.83516 3.55494
0.739 -5.8073 3.5697
0.74 -5.75613 3.56922
0.741 -5.6818 3.5536
0.742 -5.58456 3.52303
0.743 -5.46476 3.47774
0.744 -5.32283 3.41803
0.745 -5.1593 3.34427
0.746 -4.97477 3.25686
0.747 -4.76995 3.15628
0.748 -4.54562 3.04306
0.749 -4.30264 2.91776
0.75 -4.04194 2.78102
0.751 -3.76454 2.63351
0.752 -3.47152 2.47593
0.753 -3.16401 2.30905
0.754 -2.84322 2.13365
0.755 -2.51041 1.95056
0.756 -2.16688 1.76064
0.757 -1.81399 1.56476
0.758 -1.45312 1.36384
0.759 -1.08569 1.15879
0.76 -0.713169 0.950561
0.761 -0.337017 0.7401
0.762 0.0412745 0.528366
0.763 0.420208 0.316323
0.764 0.798281 0.10493
0.765 1.17399 -0.104853
0.766 1.54585 -0.312078
0.767 1.91239 -0.515808
0.768 2.27214 -0.715124
0.769 2.62368 -0.909125
0.77 2.96561 -1.09694
0.771 3.29657 -1.27771
0.772 3.61524 -1.45062
0.773 3.92037 -1.6149
0.774 4.21074 -1.76979
0.775 4.48519 -1.9146
0.776 4.74263 -2.04866
0.777 4.98205 -2.17135
0.778 5.2025 -2.28212
0.779 5.4031 -2.38045
0.78 5.58306 -2.46588
0.781 5.74168 -2.53801
0.782 5.87833 -2.59649
0.783 5.99247 -2.64103
0.784 6.08367 -2.67141
0.785 6.15158 -2.68746
0.786 6.19594 -2.68907
0.787 6.21659 -2.67619
0.788 6.21346 -2.64886
0.789 6.1866 -2.60715
0.79 6.13613 -2.5512
0.791 6.06227 -2.48121
0.792 5.96535 -2.39746
0.793 5.84578 -2.30027
0.794 5.70406 -2.19001
0.795 5.54081 -2.06713
0.796 5.35669 -1.93212
0.797 5.15248 -1.78552
0.798 4.92903 -1.62794
0.799 4.68728 -1.46002
0.8 4.42823 -1.28244
0.801 4.15295 -1.09595
0.802 3.8626 -0.9013
0.803 3.55837 -0.699311
0.804 3.24153 -0.490822
0.805 2.91339 -0.276701
0.806 2.57531 -0.0578434
0.807 2.2287 0.164832
0.808 1.875 0.390391
0.809 1.51566 0.617883
0.81 1.15219 0.846349
0.811 0.78609 1.07482
0.812 0.418881 1.30233
0.813 0.0520879 1.52791
0.814 -0.312764 1.7506
0.815 -0.674159 1.96946
0.816 -1.03059 2.18353
0.817 -1.38058 2.39191
0.818 -1.72266 2.59369
0.819 -2.05541 2.78801
0.82 -2.37744 2.97401
0.821 -2.6874 3.1509
0.822 -2.984 3.3179
0.823 -3.26599 3.47427
0.824 -3.53218 3.61933
0.825 -3.78146 3.75242
0.826 -4.01277 3.87294
0.827 -4.22514 3.98036
0.828 -4.41766 4.07419
0.829 -4.58951 4.15397
0.83 -4.73996 4.21933
0.831 -4.86835 4.26996
0.832 -4.97413 4.30559
0.833 -5.05683 4.32602
0.834 -5.11608 4.33111
0.835 -5.1516 4.3208
0.836 -5.16321 4.29508
0.837 -5.15083 4.254
0.838 -5.11448 4.19768
0.839 -5.05427 4.12631
0.84 -4.97043 4.04012
0.841 -4.86325 3.93944
0.842 -4.73316 3.82463
0.843 -4.58064 3.69611
0.844 -4.40631 3.55438
0.845 -4.21084 3.39998
0.846 -3.99501 3.23351
0.847 -3.75968 3.0556
0.848 -3.50578 2.86697
0.849 -3.23434 2.66835
0.85 -2.94644 2.46054
0.851 -2.64325 2.24435
0.852 -2.32599 2.02066
0.853 -1.99594 1.79035
0.854 -1.65445 1.55437
0.855 -1.30289 1.31365
0.856 -0.942711 1.06917
0.857 -0.575369 0.821939
0.858 -0.202368 0.572947
0.859 0.174767 0.323218
0.86 0.554489 0.0737726
0.861 0.935239 -0.174364
0.862 1.31545 -0.420169
0.863 1.69356 -0.662629
0.864 2.06801 -0.90074
0.865 2.43724 -1.13351
0.866 2.79973 -1.35998
0.867 3.15397 -1.57919
0.868 3.49849 -1.79022
0.869 3.83185 -1.9922
0.87 4.15265 -2.18427
0.871 4.45956 -2.3656
0.872 4.75127 -2.53543
0.873 5.02655 -2.69304
0.874 5.28424 -2.83774
0.875 5.52324 -2.9689
0.876 5.74251 -3.08595
0.877 5.94112 -3.18837
0.878 6.11819 -3.2757
0.879 6.27295 -3.34755
0.88 6.4047 -3.40357
0.881 6.51284 -3.4435
0.882 6.59688 -3.46712
0.883 6.65639 -3.4743
0.884 6.69108 -3.46496
0.885 6.70072 -3.4391
0.886 6.68521 -3.39677
0.887 6.64453 -3.33811
0.888 6.57878 -3.26331
0.889 6.48816 -3.17264
0.89 6.37295 -3.06642
0.891 6.23354 -2.94505
0.892 6.07044 -2.80899
0.893 5.88421 -2.65875
0.894 5.67555 -2.49491
0.895 5.44522 -2.3181
0.896 5.19409 -2.12903
0.897 4.92309 -1.92843
0.898 4.63326 -1.71709
0.899 4.32569 -1.49586
0.9 4.00155 -1.26561
0.901 3.6621 -1.02728
0.902 3.30864 -0.781807
0.903 2.94252 -0.530198
0.904 2.56517 -0.273467
0.905 2.17805 -0.0126601
0.906 1.78266 0.251159
0.907 1.38053 0.51691
0.908 0.97325 0.7835
0.909 0.562392 1.04983
0.91 0.149566 1.31479
0.911 -0.263612 1.57729
0.912 -0.675524 1.83622
0.913 -1.08455 2.09051
0.914 -1.4891 2.33907
0.915 -1.88757 2.58086
0.916 -2.27839 2.81485
0.917 -2.66004 3.04004
0.918 -3.03101 3.25544
0.919 -3.38984 3.46014
0.92 -3.73511 3.65323
0.921 -4.06546 3.83386
0.922 -4.3796 4.00121
0.923 -4.67629 4.15455
0.924 -4.95435 4.29315
0.925 -5.21269 4.41637
0.926 -5.4503 4.52363
0.927 -5.66623 4.61439
0.928 -5.85965 4.68818
0.929 -6.02978 4.7446
0.93 -6.17597 4.78333
0.931 -6.29763 4.8041
0.932 -6.39431 4.8067
0.933 -6.46561 4.79103
0.934 -6.51128 4.75701
0.935 -6.53114 4.70468
0.936 -6.52512 4.63412
0.937 -6.49326 4.5455
0.938 -6.43571 4.43904
0.939 -6.3527 4.31505
0.94 -6.24458 4.17391
0.941 -6.1118 4.01606
0.942 -5.9549 3.842
0.943 -5.77453 3.65231
0.944 -5.57142 3.44761
0.945 -5.34641 3.22862
0.946 -5.1004 2.99607
0.947 -4.83441 2.75078
0.948 -4.54952 2.4936
0.949 -4.24688 2.22545
0.95 -3.92773 1.94727
0.951 -3.59336 1.66006
0.952 -3.24514 1.36485
0.953 -2.88449 1.06271
0.954 -2.51286 0.754724
0.955 -2.13177 0.442016
0.956 -1.74278 0.125725
0.957 -1.34746 -0.192992
0.958 -0.947431 -0.512967
0.959 -0.544317 -0.833024
0.96 -0.139763 -1.15199
0.961 0.264582 -1.46867
0.962 0.667068 -1.78192
0.963 1.06605 -2.09057
0.964 1.4599 -2.39347
0.965 1.84701 -2.6895
0.966 2.22579 -2.97756
0.967 2.59469 -3.25659
0.968 2.9522 -3.52554
0.969 3.29684 -3.78342
0.97 3.62721 -4.02927
0.971 3.94194 -4.26217
0.972 4.23974 -4.48125
0.973 4.51936 -4.68571
0.974 4.77966 -4.87478
0.975 5.01954 -5.04776
0.976 5.23802 -5.20401
0.977 5.43417 -5.34296
0.978 5.60717 -5.4641
0.979 5.75628 -5.56698
0.98 5.88087 -5.65123
0.981 5.98039 -5.71654
0.982 6.05441 -5.76269
0.983 6.10259 -5.78952
0.984 6.12469 -5.79694
0.985 6.12059 -5.78495
0.986 6.09025 -5.75361
0.987 6.03377 -5.70306
0.988 5.95132 -5.63352
0.989 5.84321 -5.54526
0.99 5.70981 -5.43866
0.991 5.55163 -5.31412
0.992 5.36926 -5.17216
0.993 5.16339 -5.01333
0.994 4.93481 -4.83827
0.995 4.6844 -4.64765
0.996 4.41313 -4.44224
0.997 4.12204 -4.22283
0.998 3.81227 -3.99028
0.999 3.48503 -3.74551
1 3.14158 -3.48948
