0.001 3.39193e-008 2.5162e-009
0.002 3.09091e-007 2.02099e-008
0.003 1.45822e-006 8.38795e-008
0.004 4.83335e-006 2.46208e-007
0.005 1.27968e-005 5.84219e-007
0.006 2.90019e-005 1.20341e-006
0.007 5.86617e-005 2.24398e-006
0.008 0.000108802 3.88963e-006
0.009 0.000188497 6.37922e-006
0.01 0.000309087 1.00217e-005
0.011 0.000484372 1.52148e-005
0.012 0.000730781 2.24673e-005
0.013 0.00106752 3.24253e-005
0.014 0.00151669 4.59034e-005
0.015 0.00210337 6.39195e-005
0.016 0.0028557 8.77345e-005
0.017 0.00380485 0.000118896
0.018 0.00498511 0.000159288
0.019 0.00643377 0.000211181
0.02 0.00819108 0.000277293
0.021 0.0103002 0.000360845
0.022 0.0128069 0.00046563
0.023 0.0157596 0.000596081
0.024 0.0192091 0.000757337
0.025 0.0232083 0.00095532
0.026 0.027812 0.00119681
0.027 0.0330764 0.00148952
0.028 0.0390591 0.00184218
0.029 0.0458186 0.0022646
0.03 0.053414 0.00276775
0.031 0.0619044 0.00336385
0.032 0.0713487 0.00406645
0.033 0.081805 0.00489044
0.034 0.0933305 0.00585221
0.035 0.10598 0.00696964
0.036 0.119808 0.00826217
0.037 0.134865 0.00975087
0.038 0.151198 0.0114585
0.039 0.168851 0.0134095
0.04 0.187866 0.01563
0.041 0.208277 0.0181479
0.042 0.230115 0.0209929
0.043 0.253406 0.0241964
0.044 0.278169 0.0277915
0.045 0.304418 0.0318131
0.046 0.332159 0.0362977
0.047 0.361392 0.0412834
0.048 0.392109 0.0468098
0.049 0.424294 0.0529181
0.05 0.457924 0.0596506
0.051 0.492967 0.0670512
0.052 0.529383 0.0751645
0.053 0.567123 0.0840365
0.054 0.606129 0.0937136
0.055 0.646336 0.104243
0.056 0.687668 0.115673
0.057 0.73004 0.12805
0.058 0.77336 0.141424
0.059 0.817527 0.155841
0.06 0.862429 0.171348
0.061 0.90795 0.187994
0.062 0.953961 0.205822
0.063 1.00033 0.224877
0.064 1.04691 0.245202
0.065 1.09357 0.266838
0.066 1.14013 0.289823
0.067 1.18645 0.314194
0.068 1.23235 0.339983
0.069 1.27766 0.367222
0.07 1.32222 0.395936
0.071 1.36583 0.42615
0.072 1.40832 0.457881
0.073 1.44951 0.491144
0.074 1.48922 0.525949
0.075 1.52724 0.562301
0.076 1.56342 0.600199
0.077 1.59755 0.639637
0.078 1.62946 0.680602
0.079 1.65897 0.723076
0.08 1.68592 0.767034
0.081 1.71012 0.812445
0.082 1.73142 0.859271
0.083 1.74967 0.907466
0.084 1.76471 0.956977
0.085 1.77641 1.00774
0.086 1.78463 1.0597
0.087 1.78926 1.11277
0.088 1.79019 1.16688
0.089 1.78733 1.22192
0.09 1.78058 1.27781
0.091 1.76989 1.33443
0.092 1.75518 1.39168
0.093 1.73643 1.44944
0.094 1.71361 1.50757
0.095 1.68669 1.56594
0.096 1.6557 1.62442
0.097 1.62065 1.68285
0.098 1.58158 1.74108
0.099 1.53855 1.79894
0.1 1.49163 1.85628
0.101 1.44091 1.91292
0.102 1.3865 1.96868
0.103 1.32852 2.02339
0.104 1.26711 2.07686
0.105 1.20243 2.1289
0.106 1.13467 2.17933
0.107 1.064 2.22795
0.108 0.990644 2.27456
0.109 0.914813 2.31899
0.11 0.836749 2.36102
0.111 0.7567 2.40047
0.112 0.67493 2.43715
0.113 0.591715 2.47086
0.114 0.507341 2.50142
0.115 0.422105 2.52864
0.116 0.336313 2.55236
0.117 0.250279 2.57238
0.118 0.164324 2.58855
0.119 0.0787741 2.6007
0.12 -0.00604037 2.60868
0.121 -0.0897855 2.61235
0.122 -0.172126 2.61157
0.123 -0.252727 2.60621
0.124 -0.331253 2.59616
0.125 -0.407373 2.58132
0.126 -0.48076 2.56159
0.127 -0.551092 2.53689
0.128 -0.618053 2.50716
0.129 -0.681336 2.47234
0.13 -0.740646 2.43241
0.131 -0.795697 2.38732
0.132 -0.846217 2.33709
0.133 -0.891946 2.28171
0.134 -0.932643 2.22122
0.135 -0.96808 2.15565
0.136 -0.998049 2.08506
0.137 -1.02236 2.00953
0.138 -1.04085 1.92915
0.139 -1.05336 1.84403
0.14 -1.05978 1.7543
0.141 -1.05999 1.66011
0.142 -1.05393 1.56161
0.143 -1.04153 1.45899
0.144 -1.02277 1.35243
0.145 -0.997649 1.24216
0.146 -0.96619 1.1284
0.147 -0.928441 1.0114
0.148 -0.884482 0.891411
0.149 -0.834416 0.768711
0.15 -0.778374 0.643588
0.151 -0.716515 0.516342
0.152 -0.649021 0.387287
0.153 -0.576105 0.256747
0.154 -0.498001 0.125059
0.155 -0.414971 -0.00743273
0.156 -0.327301 -0.140374
0.157 -0.235299 -0.273402
0.158 -0.139298 -0.40615
0.159 -0.0396492 -0.538243
0.16 0.0632725 -0.669305
0.161 0.169075 -0.798953
0.162 0.277347 -0.926806
0.163 0.387662 -1.05248
0.164 0.499579 -1.1756
0.165 0.612642 -1.29577
0.166 0.726384 -1.41263
0.167 0.840331 -1.52581
0.168 0.953997 -1.63493
0.169 1.06689 -1.73964
0.17 1.17852 -1.83961
0.171 1.28839 -1.93447
0.172 1.396 -2.02393
0.173 1.50085 -2.10765
0.174 1.60246 -2.18534
0.175 1.70034 -2.25673
0.176 1.79401 -2.32154
0.177 1.883 -2.37954
0.178 1.96687 -2.43048
0.179 2.04516 -2.47418
0.18 2.11746 -2.51043
0.181 2.18336 -2.53907
0.182 2.24248 -2.55997
0.183 2.29443 -2.57302
0.184 2.3389 -2.5781
0.185 2.37555 -2.57518
0.186 2.4041 -2.56419
0.187 2.42429 -2.54513
0.188 2.43589 -2.51801
0.189 2.43869 -2.48287
0.19 2.43253 -2.43978
0.191 2.41728 -2.38884
0.192 2.39283 -2.33016
0.193 2.35911 -2.2639
0.194 2.3161 -2.19023
0.195 2.2638 -2.10936
0.196 2.20226 -2.02152
0.197 2.13155 -1.92697
0.198 2.05179 -1.82599
0.199 1.96313 -1.71888
0.2 1.86577 -1.60598
0.201 1.75993 -1.48764
0.202 1.64587 -1.36423
0.203 1.52389 -1.23616
0.204 1.39432 -1.10384
0.205 1.25752 -0.967699
0.206 1.1139 -0.8282
0.207 0.963884 -0.685807
0.208 0.807926 -0.541003
0.209 0.646515 -0.394281
0.21 0.480164 -0.24615
0.211 0.309409 -0.0971231
0.212 0.134812 0.0522747
0.213 -0.0430458 0.201515
0.214 -0.223565 0.350064
0.215 -0.406129 0.497388
0.216 -0.590107 0.642949
0.217 -0.774855 0.786214
0.218 -0.959723 0.926653
0.219 -1.14405 1.06374
0.22 -1.32717 1.19696
0.221 -1.50843 1.3258
0.222 -1.68715 1.44976
0.223 -1.86268 1.56837
0.224 -2.03436 1.68115
0.225 -2.20154 1.78764
0.226 -2.36359 1.88742
0.227 -2.5199 1.98007
0.228 -2.66984 2.0652
0.229 -2.81285 2.14244
0.23 -2.94836 2.21144
0.231 -3.07582 2.27189
0.232 -3.19473 2.32349
0.233 -3.3046 2.366
0.234 -3.40497 2.39916
0.235 -3.49543 2.4228
0.236 -3.57559 2.43673
0.237 -3.64511 2.44082
0.238 -3.70366 2.43498
0.239 -3.75098 2.41912
0.24 -3.78683 2.39323
0.241 -3.81104 2.35731
0.242 -3.82345 2.31139
0.243 -3.82396 2.25555
0.244 -3.81252 2.18989
0.245 -3.78912 2.11457
0.246 -3.7538 2.02975
0.247 -3.70663 1.93566
0.248 -3.64774 1.83254
0.249 -3.57731 1.72067
0.25 -3.49556 1.60037
0.251 -3.40276 1.47199
0.252 -3.2992 1.33589
0.253 -3.18525 1.19248
0.254 -3.0613 1.0422
0.255 -2.92778 0.885512
0.256 -2.78516 0.722893
0.257 -2.63397 0.554853
0.258 -2.47475 0.381925
0.259 -2.30808 0.204659
0.26 -2.13458 0.0236227
0.261 -1.95489 -0.160599
0.262 -1.76968 -0.347406
0.263 -1.57965 -0.536189
0.264 -1.38552 -0.726326
0.265 -1.18803 -0.917188
0.266 -0.987927 -1.10814
0.267 -0.785988 -1.29855
0.268 -0.58299 -1.48778
0.269 -0.379721 -1.67518
0.27 -0.176972 -1.86013
0.271 0.0244615 -2.04201
0.272 0.223788 -2.22018
0.273 0.420221 -2.39405
0.274 0.612979 -2.56302
0.275 0.801295 -2.72651
0.276 0.984415 -2.88395
0.277 1.1616 -3.03481
0.278 1.33214 -3.17856
0.279 1.49533 -3.3147
0.28 1.65051 -3.44277
0.281 1.79704 -3.56231
0.282 1.93432 -3.67291
0.283 2.06177 -3.77418
0.284 2.17886 -3.86577
0.285 2.28509 -3.94736
0.286 2.38 -4.01865
0.287 2.46318 -4.0794
0.288 2.53428 -4.1294
0.289 2.59296 -4.16846
0.29 2.63896 -4.19645
0.291 2.67204 -4.21327
0.292 2.69206 -4.21886
0.293 2.69887 -4.2132
0.294 2.69242 -4.1963
0.295 2.6727 -4.16824
0.296 2.63973 -4.1291
0.297 2.59362 -4.07902
0.298 2.53451 -4.01819
0.299 2.4626 -3.94681
0.3 2.37814 -3.86515
0.301 2.28143 -3.77348
0.302 2.17282 -3.67214
0.303 2.05273 -3.56149
0.304 1.9216 -3.44191
0.305 1.77992 -3.31384
0.306 1.62824 -3.17773
0.307 1.46714 -3.03405
0.308 1.29725 -2.88333
0.309 1.11923 -2.72609
0.31 0.93378 -2.56289
0.311 0.741629 -2.39432
0.312 0.54354 -2.22096
0.313 0.340301 -2.04343
0.314 0.132725 -1.86236
0.315 -0.0783533 -1.67838
0.316 -0.292084 -1.49214
0.317 -0.5076 -1.30431
0.318 -0.724025 -1.11552
0.319 -0.940475 -0.926455
0.32 -1.15606 -0.737761
0.321 -1.3699 -0.550098
0.322 -1.5811 -0.364115
0.323 -1.78879 -0.180455
0.324 -1.99209 0.000252255
0.325 -2.19016 0.177388
0.326 -2.38216 0.350351
0.327 -2.56727 0.518556
0.328 -2.74471 0.681439
0.329 -2.91371 0.838457
0.33 -3.07353 0.989094
0.331 -3.22349 1.13286
0.332 -3.36291 1.26928
0.333 -3.49118 1.39794
0.334 -3.60772 1.51843
0.335 -3.71199 1.63037
0.336 -3.8035 1.73344
0.337 -3.88183 1.82734
0.338 -3.94657 1.91181
0.339 -3.9974 1.98662
0.34 -4.03404 2.05159
0.341 -4.05627 2.10658
0.342 -4.06391 2.15148
0.343 -4.05686 2.18622
0.344 -4.03508 2.21078
0.345 -3.99856 2.22518
0.346 -3.94738 2.22947
0.347 -3.88167 2.22376
0.348 -3.80161 2.20817
0.349 -3.70745 2.18288
0.35 -3.59948 2.14811
0.351 -3.47807 2.10411
0.352 -3.34363 2.05117
0.353 -3.19663 1.98961
0.354 -3.03759 1.91978
0.355 -2.86706 1.84207
0.356 -2.68568 1.75691
0.357 -2.49411 1.66474
0.358 -2.29304 1.56604
0.359 -2.08323 1.46131
0.36 -1.86545 1.35107
0.361 -1.64053 1.23587
0.362 -1.40931 1.11626
0.363 -1.17267 0.992837
0.364 -0.931503 0.866181
0.365 -0.686737 0.736899
0.366 -0.439307 0.605604
0.367 -0.190164 0.472917
0.368 0.059732 0.33946
0.369 0.309415 0.205857
0.37 0.557918 0.0727314
0.371 0.804275 -0.0592984
0.372 1.04753 -0.18962
0.373 1.28673 -0.31763
0.374 1.52095 -0.442738
0.375 1.74926 -0.564365
0.376 1.97078 -0.681952
0.377 2.18463 -0.794955
0.378 2.38997 -0.902853
0.379 2.586 -1.00515
0.38 2.77194 -1.10137
0.381 2.94707 -1.19107
0.382 3.11069 -1.27384
0.383 3.26216 -1.34928
0.384 3.40089 -1.41705
0.385 3.52632 -1.47683
0.386 3.63796 -1.52833
0.387 3.73538 -1.57131
0.388 3.8182 -1.60555
0.389 3.88609 -1.63089
0.39 3.93879 -1.6472
0.391 3.97611 -1.65437
0.392 3.9979 -1.65237
0.393 4.0041 -1.64117
0.394 3.99469 -1.6208
0.395 3.96973 -1.59134
0.396 3.92933 -1.55289
0.397 3.87367 -1.5056
0.398 3.80301 -1.44966
0.399 3.71764 -1.38529
0.4 3.61793 -1.31275
0.401 3.50432 -1.23235
0.402 3.37728 -1.14441
0.403 3.23736 -1.0493
0.404 3.08516 -0.947413
0.405 2.92132 -0.839188
0.406 2.74654 -0.725076
0.407 2.56157 -0.60556
0.408 2.36719 -0.481147
0.409 2.16422 -0.352367
0.41 1.95355 -0.219768
0.411 1.73606 -0.0839175
0.412 1.51269 0.0546026
0.413 1.28439 0.195198
0.414 1.05213 0.337263
0.415 0.816931 0.480186
0.416 0.579786 0.623351
0.417 0.341722 0.766137
0.418 0.103767 0.907925
0.419 -0.133049 1.0481
0.42 -0.367698 1.18605
0.421 -0.599159 1.32118
0.422 -0.826423 1.4529
0.423 -1.04849 1.58062
0.424 -1.2644 1.70379
0.425 -1.47318 1.82187
0.426 -1.67391 1.93434
0.427 -1.8657 2.04069
0.428 -2.0477 2.14046
0.429 -2.21907 2.2332
0.43 -2.37905 2.3185
0.431 -2.5269 2.39597
0.432 -2.66194 2.46527
0.433 -2.78353 2.52608
0.434 -2.89111 2.57813
0.435 -2.98414 2.62116
0.436 -3.06217 2.65499
0.437 -3.1248 2.67944
0.438 -3.17169 2.6944
0.439 -3.20258 2.69979
0.44 -3.21725 2.69557
0.441 -3.21558 2.68174
0.442 -3.19749 2.65835
0.443 -3.16298 2.62548
0.444 -3.11213 2.58328
0.445 -3.04507 2.5319
0.446 -2.962 2.47157
0.447 -2.8632 2.40253
0.448 -2.74901 2.32509
0.449 -2.61985 2.23956
0.45 -2.47616 2.14632
0.451 -2.31851 2.04576
0.452 -2.14746 1.93833
0.453 -1.96369 1.8245
0.454 -1.76789 1.70475
0.455 -1.56084 1.57963
0.456 -1.34333 1.44967
0.457 -1.11623 1.31547
0.458 -0.880437 1.17761
0.459 -0.636898 1.03671
0.46 -0.386588 0.893403
0.461 -0.130519 0.748339
0.462 0.130272 0.602173
0.463 0.394722 0.45557
0.464 0.66175 0.309201
0.465 0.930256 0.163737
0.466 1.19913 0.0198517
0.467 1.46727 -0.121786
0.468 1.73354 -0.260515
0.469 1.99684 -0.395681
0.47 2.25606 -0.526643
0.471 2.51011 -0.652774
0.472 2.7579 -0.773467
0.473 2.99839 -0.888132
0.474 3.23054 -0.996204
0.475 3.45335 -1.09714
0.476 3.66586 -1.19044
0.477 3.86713 -1.27561
0.478 4.05627 -1.35221
0.479 4.23246 -1.41981
0.48 4.39489 -1.47805
0.481 4.54284 -1.52659
0.482 4.6756 -1.56512
0.483 4.79258 -1.59339
0.484 4.8932 -1.61119
0.485 4.97696 -1.61833
0.486 5.04344 -1.61471
0.487 5.09228 -1.60024
0.488 5.12319 -1.57489
0.489 5.13594 -1.53867
0.49 5.1304 -1.49165
0.491 5.10649 -1.43393
0.492 5.06422 -1.36567
0.493 5.00366 -1.28708
0.494 4.92496 -1.1984
0.495 4.82835 -1.09993
0.496 4.71414 -0.992003
0.497 4.58268 -0.87501
0.498 4.43444 -0.749372
0.499 4.26992 -0.615555
0.5 4.08971 -0.474063
0.501 3.89444 -0.325437
0.502 3.68484 -0.170253
0.503 3.46167 -0.00912166
0.504 3.22577 0.157319
0.505 2.97801 0.328401
0.506 2.71933 0.50343
0.507 2.45072 0.681692
0.508 2.1732 0.86245
0.509 1.88783 1.04495
0.51 1.59572 1.22843
0.511 1.298 1.41211
0.512 0.995823 1.59519
0.513 0.690372 1.77691
0.514 0.382844 1.95645
0.515 0.074448 2.13303
0.516 -0.233599 2.30587
0.517 -0.540079 2.47418
0.518 -0.843774 2.63722
0.519 -1.14348 2.79421
0.52 -1.43799 2.94444
0.521 -1.72613 3.08718
0.522 -2.00675 3.22176
0.523 -2.27871 3.34751
0.524 -2.54091 3.4638
0.525 -2.7923 3.57004
0.526 -3.03186 3.66566
0.527 -3.25859 3.75013
0.528 -3.47159 3.82298
0.529 -3.66996 3.88375
0.53 -3.85291 3.93206
0.531 -4.01966 3.96755
0.532 -4.16952 3.98991
0.533 -4.30187 3.9989
0.534 -4.41615 3.99431
0.535 -4.51187 3.97598
0.536 -4.58862 3.94383
0.537 -4.64606 3.8978
0.538 -4.68392 3.83791
0.539 -4.70204 3.76421
0.54 -4.70031 3.67684
0.541 -4.67871 3.57595
0.542 -4.63729 3.46179
0.543 -4.5762 3.33462
0.544 -4.49566 3.19478
0.545 -4.39596 3.04267
0.546 -4.27749 2.8787
0.547 -4.14071 2.70337
0.548 -3.98614 2.51721
0.549 -3.81439 2.32079
0.55 -3.62613 2.11475
0.551 -3.42212 1.89972
0.552 -3.20316 1.67643
0.553 -2.97013 1.44561
0.554 -2.72396 1.20803
0.555 -2.46565 0.964481
0.556 -2.19624 0.715806
0.557 -1.91681 0.462856
0.558 -1.62851 0.206507
0.559 -1.33251 -0.0523462
0.56 -1.03001 -0.312795
0.561 -0.722259 -0.573918
0.562 -0.410518 -0.834788
0.563 -0.0960693 -1.09447
0.564 0.219788 -1.35204
0.565 0.535745 -1.60655
0.566 0.850491 -1.85709
0.567 1.16271 -2.10275
0.568 1.47111 -2.34262
0.569 1.77438 -2.57583
0.57 2.07126 -2.8015
0.571 2.36048 -3.01882
0.572 2.64083 -3.22696
0.573 2.9111 -3.42515
0.574 3.17014 -3.61264
0.575 3.41683 -3.78874
0.576 3.65011 -3.95277
0.577 3.86895 -4.10412
0.578 4.0724 -4.2422
0.579 4.25954 -4.36648
0.58 4.42955 -4.47648
0.581 4.58164 -4.57178
0.582 4.71512 -4.65201
0.583 4.82935 -4.71684
0.584 4.92377 -4.76601
0.585 4.99792 -4.79932
0.586 5.05139 -4.81663
0.587 5.08387 -4.81785
0.588 5.09514 -4.80296
0.589 5.08504 -4.772
0.59 5.05351 -4.72507
0.591 5.00058 -4.66232
0.592 4.92636 -4.58398
0.593 4.83106 -4.49032
0.594 4.71494 -4.38169
0.595 4.57839 -4.25848
0.596 4.42185 -4.12113
0.597 4.24585 -3.97017
0.598 4.051 -3.80614
0.599 3.838 -3.62965
0.6 3.60761 -3.44137
0.601 3.36066 -3.242
0.602 3.09806 -3.03229
0.603 2.82077 -2.81303
0.604 2.52983 -2.58504
0.605 2.22633 -2.34919
0.606 1.9114 -2.10636
0.607 1.58624 -1.85749
0.608 1.25208 -1.60351
0.609 0.910198 -1.3454
0.61 0.561894 -1.08414
0.611 0.208507 -0.820728
0.612 -0.148601 -0.55617
0.613 -0.508052 -0.29148
0.614 -0.868456 -0.0276762
0.615 -1.22841 0.234229
0.616 -1.58652 0.493227
0.617 -1.94139 0.74832
0.618 -2.29163 0.998523
0.619 -2.63587 1.24287
0.62 -2.97275 1.48041
0.621 -3.30096 1.71023
0.622 -3.61919 1.93143
0.623 -3.9262 2.14316
0.624 -4.22077 2.34458
0.625 -4.50173 2.53492
0.626 -4.76796 2.71342
0.627 -5.0184 2.87939
0.628 -5.25205 3.03218
0.629 -5.46799 3.17118
0.63 -5.66533 3.29584
0.631 -5.84329 3.40567
0.632 -6.00114 3.50023
0.633 -6.13824 3.57914
0.634 -6.25404 3.64208
0.635 -6.34806 3.68879
0.636 -6.4199 3.71908
0.637 -6.46926 3.73281
0.638 -6.49592 3.72991
0.639 -6.49976 3.71038
0.64 -6.48075 3.67427
0.641 -6.43893 3.62171
0.642 -6.37445 3.55289
0.643 -6.28754 3.46806
0.644 -6.17854 3.36752
0.645 -6.04784 3.25166
0.646 -5.89595 3.12089
0.647 -5.72346 2.97572
0.648 -5.53102 2.81668
0.649 -5.31938 2.64438
0.65 -5.08936 2.45947
0.651 -4.84186 2.26265
0.652 -4.57784 2.05466
0.653 -4.29834 1.8363
0.654 -4.00444 1.6084
0.655 -3.69731 1.37182
0.656 -3.37814 1.12746
0.657 -3.04819 0.876272
0.658 -2.70877 0.619197
0.659 -2.3612 0.357222
0.66 -2.00685 0.0913492
0.661 -1.64714 -0.177405
0.662 -1.28346 -0.448013
0.663 -0.917271 -0.719438
0.664 -0.55001 -0.990643
0.665 -0.183131 -1.26059
0.666 0.181914 -1.52824
0.667 0.54368 -1.79258
0.668 0.900734 -2.05259
0.669 1.25166 -2.30727
0.67 1.59507 -2.55566
0.671 1.9296 -2.79679
0.672 2.25393 -3.02976
0.673 2.56677 -3.25367
0.674 2.86688 -3.46767
0.675 3.15308 -3.67093
0.676 3.42422 -3.86269
0.677 3.67923 -4.04222
0.678 3.91711 -4.20882
0.679 4.13692 -4.36188
0.68 4.33778 -4.50081
0.681 4.51891 -4.62509
0.682 4.67959 -4.73425
0.683 4.8192 -4.82788
0.684 4.93718 -4.90564
0.685 5.03308 -4.96723
0.686 5.10653 -5.01244
0.687 5.15724 -5.0411
0.688 5.18504 -5.05311
0.689 5.18983 -5.04846
0.69 5.17161 -5.02716
0.691 5.13046 -4.98933
0.692 5.06658 -4.93511
0.693 4.98024 -4.86473
0.694 4.8718 -4.77849
0.695 4.74173 -4.67673
0.696 4.59057 -4.55985
0.697 4.41896 -4.42833
0.698 4.2276 -4.28268
0.699 4.0173 -4.12349
0.7 3.78892 -3.95137
0.701 3.54341 -3.76702
0.702 3.28179 -3.57114
0.703 3.00514 -3.36451
0.704 2.71461 -3.14793
0.705 2.4114 -2.92226
0.706 2.09675 -2.68836
0.707 1.77198 -2.44714
0.708 1.43842 -2.19954
0.709 1.09746 -1.94652
0.71 0.750498 -1.68905
0.711 0.398982 -1.42813
0.712 0.0443627 -1.16475
0.713 -0.311889 -0.899923
0.714 -0.668297 -0.634665
0.715 -1.02338 -0.369985
0.716 -1.37567 -0.106888
0.717 -1.72369 0.153628
0.718 -2.066 0.410581
0.719 -2.40117 0.663004
0.72 -2.72781 0.909951
0.721 -3.04455 1.1505
0.722 -3.35006 1.38377
0.723 -3.64305 1.60888
0.724 -3.92231 1.82502
0.725 -4.18665 2.03141
0.726 -4.43495 2.22728
0.727 -4.66616 2.41196
0.728 -4.8793 2.58478
0.729 -5.07346 2.74513
0.73 -5.24779 2.89248
0.731 -5.40154 3.02633
0.732 -5.53404 3.14623
0.733 -5.6447 3.2518
0.734 -5.73301 3.34273
0.735 -5.79858 3.41875
0.736 -5.84109 3.47967
0.737 -5.8603 3.52534
0.738 -5.85609 3.5557
0.739 -5.82842 3.57073
0.74 -5.77736 3.57049
0.741 -5.70306 3.55509
0.742 -5.60577 3.5247
0.743 -5.48583 3.47958
0.744 -5.34368 3.42001
0.745 -5.17984 3.34636
0.746 -4.99492 3.25904
0.747 -4.78964 3.15852
0.748 -4.56476 3.04532
0.749 -4.32115 2.92003
0.75 -4.05976 2.78327
0.751 -3.78159 2.6357
0.752 -3.48773 2.47805
0.753 -3.17932 2.31107
0.754 -2.85757 2.13555
0.755 -2.52374 1.95231
0.756 -2.17914 1.76222
0.757 -1.82512 1.56615
0.758 -1.46309 1.36502
0.759 -1.09446 1.15975
0.76 -0.720694 0.951275
0.761 -0.343273 0.740556
0.762 0.0363117 0.528553
0.763 0.416557 0.316228
0.764 0.795955 0.104545
0.765 1.173 -0.105536
0.766 1.5462 -0.313065
0.767 1.91406 -0.517102
0.768 2.27514 -0.716727
0.769 2.62798 -0.911037
0.77 2.9712 -1.09915
0.771 3.30342 -1.28023
0.772 3.62333 -1.45344
0.773 3.92965 -1.618
0.774 4.22117 -1.77317
0.775 4.49672 -1.91824
0.776 4.75522 -2.05255
0.777 4.99564 -2.17548
0.778 5.21703 -2.28647
0.779 5.4185 -2.385
0.78 5.59927 -2.47061
0.781 5.75863 -2.54289
0.782 5.89594 -2.60151
0.783 6.01067 -2.64616
0.784 6.10237 -2.67662
0.785 6.1707 -2.69272
0.786 6.21539 -2.69436
0.787 6.23629 -2.68149
0.788 6.23333 -2.65413
0.789 6.20654 -2.61236
0.79 6.15605 -2.55632
0.791 6.08209 -2.48622
0.792 5.98497 -2.40232
0.793 5.86512 -2.30494
0.794 5.72304 -2.19448
0.795 5.55933 -2.07136
0.796 5.37467 -1.93609
0.797 5.16984 -1.7892
0.798 4.94569 -1.6313
0.799 4.70316 -1.46303
0.8 4.44326 -1.28509
0.801 4.16706 -1.09819
0.802 3.87572 -0.903132
0.803 3.57044 -0.700706
0.804 3.25249 -0.491761
0.805 2.92319 -0.277166
0.806 2.58391 -0.05782
0.807 2.23605 0.165358
0.808 1.88105 0.391431
0.809 1.52039 0.619446
0.81 1.15557 0.848442
0.811 0.788096 1.07745
0.812 0.419498 1.3055
0.813 0.051308 1.53162
0.814 -0.314945 1.75484
0.815 -0.677738 1.97423
0.816 -1.03556 2.18882
0.817 -1.38692 2.39772
0.818 -1.73036 2.6
0.819 -2.06444 2.79481
0.82 -2.38776 2.98129
0.821 -2.69898 3.15863
0.822 -2.99679 3.32606
0.823 -3.27994 3.48284
0.824 -3.54725 3.62828
0.825 -3.79757 3.76172
0.826 -4.02987 3.88258
0.827 -4.24316 3.9903
0.828 -4.43652 4.08438
0.829 -4.60914 4.16439
0.83 -4.76027 4.22995
0.831 -4.88926 4.28073
0.832 -4.99555 4.31647
0.833 -5.07867 4.33698
0.834 -5.13825 4.34211
0.835 -5.174 4.33179
0.836 -5.18575 4.30603
0.837 -5.17341 4.26486
0.838 -5.137 4.20841
0.839 -5.07664 4.13686
0.84 -4.99254 4.05046
0.841 -4.88501 3.94952
0.842 -4.75447 3.83441
0.843 -4.60141 3.70555
0.844 -4.42644 3.56345
0.845 -4.23024 3.40863
0.846 -4.01359 3.2417
0.847 -3.77734 3.0633
0.848 -3.52245 2.87415
0.849 -3.24994 2.67497
0.85 -2.96089 2.46657
0.851 -2.65648 2.24977
0.852 -2.33793 2.02543
0.853 -2.00654 1.79446
0.854 -1.66364 1.55778
0.855 -1.31062 1.31636
0.856 -0.948935 1.07116
0.857 -0.580047 0.823183
0.858 -0.205466 0.573443
0.859 0.173276 0.322956
0.86 0.554628 0.0727492
0.861 0.937023 -0.176151
0.862 1.31889 -0.422719
0.863 1.69865 -0.665937
0.864 2.07475 -0.904798
0.865 2.44562 -1.13831
0.866 2.80973 -1.3655
0.867 3.16557 -1.58542
0.868 3.51165 -1.79715
0.869 3.84654 -1.99979
0.87 4.16883 -2.19249
0.871 4.47716 -2.37444
0.872 4.77025 -2.54485
0.873 5.04685 -2.703
0.874 5.30578 -2.84821
0.875 5.54595 -2.97984
0.876 5.76632 -3.09732
0.877 5.96593 -3.20012
0.878 6.14393 -3.28779
0.879 6.29952 -3.35993
0.88 6.43201 -3.41619
0.881 6.5408 -3.4563
0.882 6.62538 -3.48006
0.883 6.68533 -3.48732
0.884 6.72034 -3.47801
0.885 6.7302 -3.45212
0.886 6.7148 -3.40971
0.887 6.67413 -3.3509
0.888 6.60828 -3.27591
0.889 6.51743 -3.18498
0.89 6.40189 -3.07845
0.891 6.26205 -2.95672
0.892 6.0984 -2.82024
0.893 5.91153 -2.66952
0.894 5.70211 -2.50516
0.895 5.47093 -2.32778
0.896 5.21884 -2.13808
0.897 4.9468 -1.93681
0.898 4.65582 -1.72475
0.899 4.34703 -1.50276
0.9 4.02159 -1.27171
0.901 3.68076 -1.03253
0.902 3.32584 -0.786191
0.903 2.9582 -0.533673
0.904 2.57927 -0.276005
0.905 2.19051 -0.0142343
0.906 1.79344 0.250572
0.907 1.3896 0.517329
0.908 0.980557 0.784941
0.909 0.567916 1.0523
0.91 0.153287 1.31831
0.911 -0.261708 1.58185
0.912 -0.675442 1.84184
0.913 -1.08629 2.09717
0.914 -1.49265 2.34677
0.915 -1.89291 2.58959
0.916 -2.28551 2.8246
0.917 -2.6689 3.05078
0.918 -3.04158 3.26716
0.919 -3.40206 3.47281
0.92 -3.74894 3.66682
0.921 -4.08085 3.84833
0.922 -4.39648 4.01655
0.923 -4.69458 4.17069
0.924 -4.97399 4.31006
0.925 -5.23359 4.43401
0.926 -5.47237 4.54194
0.927 -5.68938 4.63333
0.928 -5.88378 4.70769
0.929 -6.0548 4.76463
0.93 -6.20177 4.80382
0.931 -6.32411 4.82498
0.932 -6.42134 4.82792
0.933 -6.4931 4.81251
0.934 -6.5391 4.7787
0.935 -6.55918 4.72651
0.936 -6.55326 4.65602
0.937 -6.52139 4.5674
0.938 -6.4637 4.46088
0.939 -6.38043 4.33677
0.94 -6.27194 4.19543
0.941 -6.13867 4.03731
0.942 -5.98118 3.86292
0.943 -5.80009 3.67283
0.944 -5.59616 3.46767
0.945 -5.37022 3.24815
0.946 -5.12318 3.01502
0.947 -4.85606 2.76908
0.948 -4.56995 2.5112
0.949 -4.26599 2.24229
0.95 -3.94544 1.9633
0.951 -3.6096 1.67523
0.952 -3.25983 1.37911
0.953 -2.89756 1.07601
0.954 -2.52425 0.767027
0.955 -2.14143 0.453286
0.956 -1.75066 0.135929
0.957 -1.35352 -0.183885
0.958 -0.951644 -0.504983
0.959 -0.546654 -0.826186
0.96 -0.140206 -1.14631
0.961 0.266042 -1.46418
0.962 0.670433 -1.77862
0.963 1.07132 -2.08846
0.964 1.46705 -2.39256
0.965 1.85603 -2.68979
0.966 2.23664 -2.97904
0.967 2.60734 -3.25925
0.968 2.96661 -3.52937
0.969 3.31296 -3.7884
0.97 3.64498 -4.03537
0.971 3.96129 -4.26936
0.972 4.2606 -4.48951
0.973 4.54166 -4.69501
0.974 4.80331 -4.88507
0.975 5.04446 -5.05901
0.976 5.26411 -5.21618
0.977 5.46133 -5.356
0.978 5.6353 -5.47795
0.979 5.78527 -5.58159
0.98 5.9106 -5.66655
0.981 6.01076 -5.73251
0.982 6.08529 -5.77925
0.983 6.13387 -5.80661
0.984 6.15624 -5.8145
0.985 6.15229 -5.80291
0.986 6.12198 -5.77191
0.987 6.0654 -5.72163
0.988 5.98273 -5.65229
0.989 5.87427 -5.56417
0.99 5.7404 -5.45763
0.991 5.58163 -5.3331
0.992 5.39855 -5.19107
0.993 5.19186 -5.03211
0.994 4.96234 -4.85684
0.995 4.71088 -4.66597
0.996 4.43846 -4.46022
0.997 4.14612 -4.24043
0.998 3.83499 -4.00744
0.999 3.50631 -3.76216
1 3.16133 -3.50557
