0.001 3.3845e-008 2.49907e-009
0.002 3.08499e-007 2.00728e-008
0.003 1.45578e-006 8.33138e-008
0.004 4.82631e-006 2.44561e-007
0.005 1.27804e-005 5.80357e-007
0.006 2.89689e-005 1.19558e-006
0.007 5.86019e-005 2.22968e-006
0.008 0.000108702 3.86545e-006
0.009 0.00018834 6.34076e-006
0.01 0.000308851 9.96345e-006
0.011 0.000484032 1.51299e-005
0.012 0.000730307 2.23476e-005
0.013 0.00106688 3.22613e-005
0.014 0.00151584 4.56841e-005
0.015 0.00210228 6.36324e-005
0.016 0.00285431 8.73656e-005
0.017 0.00380313 0.00011843
0.018 0.00498299 0.000158708
0.019 0.0064312 0.000210469
0.02 0.008188 0.000276428
0.021 0.0102965 0.000359809
0.022 0.0128026 0.000464402
0.023 0.0157547 0.00059464
0.024 0.0192035 0.000755662
0.025 0.0232019 0.000953391
0.026 0.0278047 0.00119461
0.027 0.0330682 0.00148703
0.028 0.03905 0.00183939
0.029 0.0458086 0.00226149
0.03 0.0534031 0.00276432
0.031 0.0618925 0.0033601
0.032 0.0713358 0.00406238
0.033 0.0817912 0.00488608
0.034 0.0933158 0.00584757
0.035 0.105965 0.00696474
0.036 0.119792 0.00825707
0.037 0.134848 0.00974563
0.038 0.15118 0.0114532
0.039 0.168833 0.0134042
0.04 0.187847 0.0156248
0.041 0.208258 0.018143
0.042 0.230096 0.0209884
0.043 0.253388 0.0241924
0.044 0.278152 0.0277883
0.045 0.304401 0.0318109
0.046 0.332143 0.0362968
0.047 0.361378 0.041284
0.048 0.392096 0.0468122
0.049 0.424283 0.0529227
0.05 0.457916 0.0596578
0.051 0.492962 0.0670614
0.052 0.529381 0.0751782
0.053 0.567125 0.0840541
0.054 0.606136 0.0937358
0.055 0.646348 0.10427
0.056 0.687685 0.115706
0.057 0.730064 0.12809
0.058 0.773391 0.14147
0.059 0.817564 0.155895
0.06 0.862475 0.171412
0.061 0.908004 0.188067
0.062 0.954024 0.205905
0.063 1.0004 0.224972
0.064 1.047 0.245309
0.065 1.09366 0.266959
0.066 1.14024 0.289958
0.067 1.18656 0.314345
0.068 1.23248 0.340151
0.069 1.27781 0.367408
0.07 1.32237 0.396141
0.071 1.366 0.426375
0.072 1.40851 0.458128
0.073 1.44972 0.491414
0.074 1.48944 0.526244
0.075 1.52748 0.562621
0.076 1.56367 0.600546
0.077 1.59782 0.640012
0.078 1.62975 0.681006
0.079 1.65928 0.723511
0.08 1.68624 0.767501
0.081 1.71046 0.812946
0.082 1.73179 0.859806
0.083 1.75005 0.908036
0.084 1.76511 0.957584
0.085 1.77683 1.00839
0.086 1.78507 1.06038
0.087 1.78972 1.1135
0.088 1.79067 1.16764
0.089 1.78783 1.22272
0.09 1.7811 1.27865
0.091 1.77042 1.33532
0.092 1.75573 1.39261
0.093 1.737 1.45041
0.094 1.71419 1.50859
0.095 1.68729 1.567
0.096 1.65632 1.62552
0.097 1.62128 1.68399
0.098 1.58223 1.74226
0.099 1.53921 1.80017
0.1 1.4923 1.85755
0.101 1.44159 1.91423
0.102 1.38719 1.97003
0.103 1.32922 2.02477
0.104 1.26782 2.07828
0.105 1.20315 2.13035
0.106 1.13539 2.18081
0.107 1.06473 2.22946
0.108 0.991376 2.27611
0.109 0.915549 2.32055
0.11 0.837486 2.36261
0.111 0.757438 2.40208
0.112 0.675668 2.43877
0.113 0.592451 2.47249
0.114 0.508075 2.50306
0.115 0.422835 2.53029
0.116 0.337038 2.554
0.117 0.250998 2.57402
0.118 0.165036 2.59019
0.119 0.0794776 2.60233
0.12 -0.00534611 2.61029
0.121 -0.0891016 2.61394
0.122 -0.171453 2.61313
0.123 -0.252066 2.60774
0.124 -0.330606 2.59766
0.125 -0.40674 2.58277
0.126 -0.480142 2.56299
0.127 -0.550489 2.53824
0.128 -0.617466 2.50845
0.129 -0.680767 2.47357
0.13 -0.740094 2.43357
0.131 -0.795163 2.38841
0.132 -0.845701 2.3381
0.133 -0.89145 2.28264
0.134 -0.932166 2.22205
0.135 -0.967623 2.15639
0.136 -0.997612 2.0857
0.137 -1.02195 2.01007
0.138 -1.04045 1.92958
0.139 -1.05299 1.84435
0.14 -1.05942 1.7545
0.141 -1.05966 1.66018
0.142 -1.05361 1.56156
0.143 -1.04124 1.4588
0.144 -1.0225 1.35212
0.145 -0.9974 1.24171
0.146 -0.965961 1.12782
0.147 -0.928233 1.01067
0.148 -0.884294 0.890543
0.149 -0.834249 0.7677
0.15 -0.778227 0.642433
0.151 -0.716387 0.515042
0.152 -0.648914 0.385842
0.153 -0.576017 0.255158
0.154 -0.497933 0.123326
0.155 -0.414922 -0.0093084
0.156 -0.327272 -0.14239
0.157 -0.235289 -0.275557
0.158 -0.139307 -0.408441
0.159 -0.0396774 -0.540668
0.16 0.0632251 -0.671858
0.161 0.169008 -0.801632
0.162 0.277261 -0.929605
0.163 0.387556 -1.0554
0.164 0.499453 -1.17862
0.165 0.612496 -1.2989
0.166 0.726219 -1.41586
0.167 0.840145 -1.52912
0.168 0.95379 -1.63833
0.169 1.06666 -1.74312
0.17 1.17827 -1.84314
0.171 1.28811 -1.93807
0.172 1.3957 -2.02757
0.173 1.50053 -2.11133
0.174 1.60211 -2.18906
0.175 1.69997 -2.26047
0.176 1.79361 -2.32529
0.177 1.88258 -2.38328
0.178 1.96642 -2.43422
0.179 2.04468 -2.47788
0.18 2.11695 -2.5141
0.181 2.18282 -2.5427
0.182 2.2419 -2.56355
0.183 2.29383 -2.57652
0.184 2.33826 -2.58154
0.185 2.37487 -2.57852
0.186 2.40339 -2.56743
0.187 2.42354 -2.54826
0.188 2.4351 -2.52102
0.189 2.43787 -2.48575
0.19 2.43167 -2.44252
0.191 2.41637 -2.39142
0.192 2.39188 -2.33258
0.193 2.35812 -2.26615
0.194 2.31507 -2.19231
0.195 2.26272 -2.11125
0.196 2.20114 -2.02322
0.197 2.13038 -1.92846
0.198 2.05058 -1.82727
0.199 1.96188 -1.71995
0.2 1.86447 -1.60683
0.201 1.75859 -1.48826
0.202 1.64448 -1.36463
0.203 1.52246 -1.23632
0.204 1.39284 -1.10376
0.205 1.25601 -0.967392
0.206 1.11235 -0.827656
0.207 0.962289 -0.685025
0.208 0.806293 -0.539983
0.209 0.644844 -0.393026
0.21 0.478457 -0.244661
0.211 0.307669 -0.095405
0.212 0.133041 0.0542189
0.213 -0.0448464 0.20368
0.214 -0.225392 0.352445
0.215 -0.407981 0.499978
0.216 -0.59198 0.645741
0.217 -0.776747 0.7892
0.218 -0.96163 0.929824
0.219 -1.14597 1.06709
0.22 -1.3291 1.20047
0.221 -1.51036 1.32946
0.222 -1.68908 1.45357
0.223 -1.86461 1.5723
0.224 -2.03628 1.6852
0.225 -2.20345 1.79179
0.226 -2.36549 1.89166
0.227 -2.52177 1.98438
0.228 -2.6717 2.06957
0.229 -2.81468 2.14685
0.23 -2.95015 2.21587
0.231 -3.07757 2.27633
0.232 -3.19644 2.32793
0.233 -3.30626 2.37041
0.234 -3.40659 2.40354
0.235 -3.49699 2.42711
0.236 -3.5771 2.44096
0.237 -3.64654 2.44496
0.238 -3.70503 2.43901
0.239 -3.75228 2.42303
0.24 -3.78806 2.397
0.241 -3.81218 2.36091
0.242 -3.82451 2.31482
0.243 -3.82494 2.25878
0.244 -3.81341 2.19292
0.245 -3.78991 2.11737
0.246 -3.75449 2.03232
0.247 -3.70723 1.93798
0.248 -3.64824 1.8346
0.249 -3.57771 1.72246
0.25 -3.49586 1.60187
0.251 -3.40295 1.47319
0.252 -3.29929 1.33679
0.253 -3.18524 1.19307
0.254 -3.06118 1.04247
0.255 -2.92755 0.885448
0.256 -2.78484 0.722495
0.257 -2.63355 0.554117
0.258 -2.47422 0.380847
0.259 -2.30746 0.203237
0.26 -2.13386 0.0218555
0.261 -1.95407 -0.162711
0.262 -1.76877 -0.349862
0.263 -1.57865 -0.538987
0.264 -1.38444 -0.729461
0.265 -1.18687 -0.920657
0.266 -0.986693 -1.11194
0.267 -0.784684 -1.30267
0.268 -0.581621 -1.49221
0.269 -0.378292 -1.67991
0.27 -0.175491 -1.86516
0.271 0.0259903 -2.04731
0.272 0.225358 -2.22575
0.273 0.421824 -2.39987
0.274 0.61461 -2.56908
0.275 0.802946 -2.73279
0.276 0.986078 -2.89044
0.277 1.16327 -3.04149
0.278 1.3338 -3.18541
0.279 1.49698 -3.32171
0.28 1.65215 -3.44991
0.281 1.79866 -3.56956
0.282 1.9359 -3.68026
0.283 2.06331 -3.7816
0.284 2.18035 -3.87324
0.285 2.28652 -3.95485
0.286 2.38136 -4.02614
0.287 2.46448 -4.08688
0.288 2.53549 -4.13683
0.289 2.59409 -4.17583
0.29 2.63999 -4.20374
0.291 2.67298 -4.22045
0.292 2.69289 -4.22591
0.293 2.69959 -4.22009
0.294 2.69302 -4.20303
0.295 2.67317 -4.17477
0.296 2.64008 -4.13541
0.297 2.59384 -4.0851
0.298 2.53459 -4.02401
0.299 2.46254 -3.95236
0.3 2.37794 -3.87041
0.301 2.28109 -3.77843
0.302 2.17234 -3.67677
0.303 2.0521 -3.56577
0.304 1.92081 -3.44584
0.305 1.77899 -3.3174
0.306 1.62716 -3.18091
0.307 1.46592 -3.03684
0.308 1.29589 -2.88572
0.309 1.11773 -2.72808
0.31 0.932136 -2.56446
0.311 0.73985 -2.39547
0.312 0.541631 -2.22169
0.313 0.338266 -2.04373
0.314 0.13057 -1.86223
0.315 -0.0806231 -1.67783
0.316 -0.294461 -1.49116
0.317 -0.510078 -1.3029
0.318 -0.726596 -1.1137
0.319 -0.943131 -0.924217
0.32 -1.15879 -0.735116
0.321 -1.3727 -0.547054
0.322 -1.58396 -0.360681
0.323 -1.79169 -0.176642
0.324 -1.99503 0.00443264
0.325 -2.19313 0.181923
0.326 -2.38515 0.355225
0.327 -2.57027 0.523754
0.328 -2.7477 0.686944
0.329 -2.91668 0.844253
0.33 -3.07647 0.995162
0.331 -3.22639 1.13918
0.332 -3.36576 1.27584
0.333 -3.49397 1.40471
0.334 -3.61043 1.52538
0.335 -3.71462 1.6375
0.336 -3.80603 1.74071
0.337 -3.88425 1.83474
0.338 -3.94888 1.91931
0.339 -3.99958 1.99419
0.34 -4.03608 2.05922
0.341 -4.05815 2.11424
0.342 -4.06564 2.15914
0.343 -4.05842 2.19386
0.344 -4.03646 2.21838
0.345 -3.99976 2.23272
0.346 -3.94839 2.23693
0.347 -3.88248 2.2311
0.348 -3.80222 2.21538
0.349 -3.70785 2.18995
0.35 -3.59967 2.15501
0.351 -3.47804 2.11082
0.352 -3.34338 2.05767
0.353 -3.19616 1.99588
0.354 -3.03689 1.9258
0.355 -2.86614 1.84784
0.356 -2.68453 1.7624
0.357 -2.49273 1.66995
0.358 -2.29144 1.57095
0.359 -2.08141 1.46591
0.36 -1.86342 1.35534
0.361 -1.63828 1.23981
0.362 -1.40685 1.11987
0.363 -1.17001 0.996095
0.364 -0.928649 0.869089
0.365 -0.683694 0.739455
0.366 -0.436084 0.607806
0.367 -0.186768 0.474764
0.368 0.0632904 0.340952
0.369 0.313126 0.206997
0.37 0.561772 0.0735229
0.371 0.808261 -0.058851
0.372 1.05163 -0.189511
0.373 1.29094 -0.317852
0.374 1.52525 -0.443282
0.375 1.75365 -0.565222
0.376 1.97523 -0.68311
0.377 2.18914 -0.796403
0.378 2.39452 -0.904579
0.379 2.59058 -1.00714
0.38 2.77654 -1.10361
0.381 2.95167 -1.19354
0.382 3.11527 -1.27653
0.383 3.26671 -1.35217
0.384 3.40539 -1.42012
0.385 3.53076 -1.48006
0.386 3.64234 -1.53171
0.387 3.73967 -1.57481
0.388 3.82239 -1.60916
0.389 3.89017 -1.63458
0.39 3.94275 -1.65095
0.391 3.97993 -1.65817
0.392 4.00158 -1.65619
0.393 4.00762 -1.645
0.394 3.99804 -1.62462
0.395 3.9729 -1.59513
0.396 3.93232 -1.55663
0.397 3.87647 -1.50927
0.398 3.8056 -1.45324
0.399 3.72003 -1.38876
0.4 3.62011 -1.3161
0.401 3.50628 -1.23556
0.402 3.37902 -1.14746
0.403 3.23888 -1.05218
0.404 3.08646 -0.950116
0.405 2.92239 -0.841696
0.406 2.74739 -0.727377
0.407 2.56219 -0.607644
0.408 2.36759 -0.483004
0.409 2.16441 -0.353988
0.41 1.95352 -0.221146
0.411 1.73582 -0.0850473
0.412 1.51224 0.0537261
0.413 1.28375 0.194578
0.414 1.05131 0.336903
0.415 0.815921 0.480087
0.416 0.578605 0.623512
0.417 0.340381 0.766558
0.418 0.102276 0.908604
0.419 -0.134678 1.04903
0.42 -0.369453 1.18724
0.421 -0.601028 1.32261
0.422 -0.828391 1.45456
0.423 -1.05055 1.58251
0.424 -1.26652 1.7059
0.425 -1.47536 1.82419
0.426 -1.67614 1.93685
0.427 -1.86796 2.04339
0.428 -2.04996 2.14333
0.429 -2.22133 2.23623
0.43 -2.38129 2.32168
0.431 -2.52911 2.39928
0.432 -2.66409 2.4687
0.433 -2.78562 2.52961
0.434 -2.89311 2.58174
0.435 -2.98605 2.62485
0.436 -3.06397 2.65873
0.437 -3.12648 2.68322
0.438 -3.17323 2.6982
0.439 -3.20397 2.70359
0.44 -3.21848 2.69935
0.441 -3.21664 2.68549
0.442 -3.19836 2.66206
0.443 -3.16366 2.62913
0.444 -3.11261 2.58685
0.445 -3.04533 2.53539
0.446 -2.96205 2.47495
0.447 -2.86303 2.4058
0.448 -2.74861 2.32822
0.449 -2.61921 2.24255
0.45 -2.47529 2.14916
0.451 -2.31739 2.04844
0.452 -2.14611 1.94084
0.453 -1.9621 1.82682
0.454 -1.76606 1.70689
0.455 -1.55877 1.58157
0.456 -1.34103 1.45142
0.457 -1.1137 1.31701
0.458 -0.877692 1.17894
0.459 -0.633939 1.03784
0.46 -0.383424 0.894327
0.461 -0.127159 0.749057
0.462 0.133818 0.602687
0.463 0.398443 0.455882
0.464 0.665632 0.309315
0.465 0.934288 0.16366
0.466 1.2033 0.0195892
0.467 1.47155 -0.122227
0.468 1.73793 -0.261125
0.469 2.00132 -0.39645
0.47 2.26061 -0.527561
0.471 2.51471 -0.65383
0.472 2.76254 -0.774647
0.473 3.00305 -0.889425
0.474 3.2352 -0.997595
0.475 3.45799 -1.09862
0.476 3.67045 -1.19198
0.477 3.87166 -1.27721
0.478 4.06073 -1.35384
0.479 4.23682 -1.42147
0.48 4.39914 -1.47971
0.481 4.54695 -1.52823
0.482 4.67956 -1.56674
0.483 4.79637 -1.59496
0.484 4.89679 -1.61269
0.485 4.98035 -1.61976
0.486 5.04661 -1.61604
0.487 5.09521 -1.60146
0.488 5.12587 -1.57598
0.489 5.13836 -1.53962
0.49 5.13254 -1.49244
0.491 5.10833 -1.43455
0.492 5.06576 -1.3661
0.493 5.00488 -1.28731
0.494 4.92586 -1.19842
0.495 4.82893 -1.09973
0.496 4.71438 -0.991584
0.497 4.58259 -0.874355
0.498 4.434 -0.748475
0.499 4.26914 -0.61441
0.5 4.08857 -0.472666
0.501 3.89296 -0.323785
0.502 3.68302 -0.168346
0.503 3.45951 -0.00695715
0.504 3.22327 0.159739
0.505 2.97519 0.331073
0.506 2.71619 0.506351
0.507 2.44727 0.684856
0.508 2.16944 0.86585
0.509 1.88379 1.04858
0.51 1.5914 1.23227
0.511 1.29342 1.41616
0.512 0.990997 1.59944
0.513 0.685317 1.78133
0.514 0.377578 1.96104
0.515 0.0689895 2.13777
0.516 -0.23923 2.31073
0.517 -0.545862 2.47916
0.518 -0.849688 2.64228
0.519 -1.1495 2.79935
0.52 -1.4441 2.94962
0.521 -1.7323 3.09239
0.522 -2.01296 3.22697
0.523 -2.28493 3.3527
0.524 -2.54713 3.46894
0.525 -2.79849 3.5751
0.526 -3.03798 3.67062
0.527 -3.26463 3.75497
0.528 -3.47752 3.82767
0.529 -3.67577 3.88827
0.53 -3.85856 3.93637
0.531 -4.02513 3.97163
0.532 -4.1748 3.99374
0.533 -4.30693 4.00245
0.534 -4.42096 3.99756
0.535 -4.51642 3.9789
0.536 -4.59288 3.9464
0.537 -4.65002 3.9
0.538 -4.68757 3.83971
0.539 -4.70536 3.76561
0.54 -4.70328 3.6778
0.541 -4.68132 3.57646
0.542 -4.63953 3.46183
0.543 -4.57806 3.33418
0.544 -4.49712 3.19385
0.545 -4.39703 3.04123
0.546 -4.27816 2.87675
0.547 -4.14097 2.70089
0.548 -3.98599 2.5142
0.549 -3.81383 2.31725
0.55 -3.62517 2.11066
0.551 -3.42075 1.89511
0.552 -3.2014 1.67128
0.553 -2.96798 1.43992
0.554 -2.72143 1.20181
0.555 -2.46275 0.957747
0.556 -2.19297 0.708563
0.557 -1.9132 0.455115
0.558 -1.62457 0.198282
0.559 -1.32826 -0.0610397
0.56 -1.02546 -0.321939
0.561 -0.71744 -0.583493
0.562 -0.405446 -0.844773
0.563 -0.0907671 -1.10484
0.564 0.225296 -1.36277
0.565 0.541434 -1.61762
0.566 0.856335 -1.86846
0.567 1.16869 -2.1144
0.568 1.47718 -2.35451
0.569 1.78052 -2.58793
0.57 2.07744 -2.81378
0.571 2.36668 -3.03124
0.572 2.64701 -3.23949
0.573 2.91723 -3.43775
0.574 3.17619 -3.62528
0.575 3.42277 -3.80137
0.576 3.65591 -3.96536
0.577 3.87458 -4.11663
0.578 4.07783 -4.25459
0.579 4.26475 -4.37871
0.58 4.43449 -4.48852
0.581 4.5863 -4.58358
0.582 4.71946 -4.66353
0.583 4.83335 -4.72805
0.584 4.92741 -4.77687
0.585 5.00117 -4.8098
0.586 5.05423 -4.82669
0.587 5.08628 -4.82746
0.588 5.09709 -4.81209
0.589 5.08652 -4.78062
0.59 5.0545 -4.73314
0.591 5.00107 -4.66982
0.592 4.92634 -4.59088
0.593 4.83051 -4.49661
0.594 4.71386 -4.38733
0.595 4.57677 -4.26346
0.596 4.41968 -4.12543
0.597 4.24313 -3.97377
0.598 4.04774 -3.80903
0.599 3.83419 -3.63183
0.6 3.60326 -3.44282
0.601 3.35577 -3.24272
0.602 3.09264 -3.03228
0.603 2.81483 -2.81228
0.604 2.52339 -2.58355
0.605 2.21939 -2.34697
0.606 1.90399 -2.10343
0.607 1.57838 -1.85385
0.608 1.24378 -1.59917
0.609 0.901483 -1.34038
0.61 0.55279 -1.07846
0.611 0.199041 -0.8144
0.612 -0.158401 -0.54922
0.613 -0.518159 -0.283935
0.614 -0.878837 -0.019563
0.615 -1.23904 0.242881
0.616 -1.59736 0.502386
0.617 -1.9524 0.757953
0.618 -2.30278 1.00859
0.619 -2.64712 1.25334
0.62 -2.98407 1.49125
0.621 -3.31231 1.72139
0.622 -3.63054 1.94287
0.623 -3.9375 2.15483
0.624 -4.23198 2.35645
0.625 -4.51282 2.54693
0.626 -4.77889 2.72554
0.627 -5.02913 2.89157
0.628 -5.26255 3.04436
0.629 -5.47822 3.18333
0.63 -5.67525 3.30791
0.631 -5.85287 3.41761
0.632 -6.01035 3.512
0.633 -6.14705 3.59068
0.634 -6.26241 3.65336
0.635 -6.35595 3.69976
0.636 -6.4273 3.72969
0.637 -6.47614 3.74303
0.638 -6.50225 3.73969
0.639 -6.50553 3.71969
0.64 -6.48592 3.68307
0.641 -6.4435 3.62996
0.642 -6.37839 3.56056
0.643 -6.29085 3.47511
0.644 -6.1812 3.37393
0.645 -6.04984 3.25739
0.646 -5.89729 3.12593
0.647 -5.72413 2.98003
0.648 -5.53102 2.82026
0.649 -5.31871 2.6472
0.65 -5.08802 2.46152
0.651 -4.83986 2.26391
0.652 -4.57519 2.05513
0.653 -4.29504 1.83597
0.654 -4.00052 1.60727
0.655 -3.69277 1.36989
0.656 -3.37301 1.12473
0.657 -3.04249 0.872747
0.658 -2.70251 0.614887
0.659 -2.35442 0.352138
0.66 -1.99958 0.0855064
0.661 -1.63939 -0.18399
0.662 -1.27528 -0.45532
0.663 -0.908677 -0.727445
0.664 -0.541043 -0.999324
0.665 -0.173826 -1.26992
0.666 0.19152 -1.53819
0.667 0.553549 -1.80311
0.668 0.910826 -2.06366
0.669 1.26194 -2.31886
0.67 1.60549 -2.56772
0.671 1.94013 -2.80929
0.672 2.26451 -3.04265
0.673 2.57737 -3.26691
0.674 2.87746 -3.4812
0.675 3.16358 -3.68472
0.676 3.43462 -3.87669
0.677 3.68948 -4.05638
0.678 3.92717 -4.2231
0.679 4.14675 -4.37622
0.68 4.34734 -4.51516
0.681 4.52817 -4.6394
0.682 4.6885 -4.74848
0.683 4.82773 -4.84197
0.684 4.9453 -4.91955
0.685 5.04075 -4.98091
0.686 5.11372 -5.02584
0.687 5.16393 -5.05417
0.688 5.1912 -5.06582
0.689 5.19544 -5.06075
0.69 5.17663 -5.039
0.691 5.13489 -5.00067
0.692 5.07039 -4.94591
0.693 4.98342 -4.87496
0.694 4.87435 -4.78811
0.695 4.74363 -4.68571
0.696 4.59181 -4.56816
0.697 4.41954 -4.43594
0.698 4.22752 -4.28957
0.699 4.01656 -4.12963
0.7 3.78752 -3.95675
0.701 3.54136 -3.77161
0.702 3.27911 -3.57494
0.703 3.00183 -3.3675
0.704 2.71069 -3.1501
0.705 2.40688 -2.9236
0.706 2.09166 -2.68887
0.707 1.76633 -2.44683
0.708 1.43225 -2.19841
0.709 1.09079 -1.94457
0.71 0.743362 -1.68629
0.711 0.391408 -1.42457
0.712 0.0363852 -1.1604
0.713 -0.320235 -0.894812
0.714 -0.676974 -0.628807
0.715 -1.03235 -0.363402
0.716 -1.38489 -0.0996057
0.717 -1.73313 0.161583
0.718 -2.07561 0.41918
0.719 -2.41091 0.672214
0.72 -2.73763 0.91974
0.721 -3.0544 1.16084
0.722 -3.35991 1.39461
0.723 -3.65286 1.62019
0.724 -3.93202 1.83676
0.725 -4.19622 2.04353
0.726 -4.44434 2.23975
0.727 -4.67533 2.42472
0.728 -4.8882 2.5978
0.729 -5.08204 2.75837
0.73 -5.25602 2.90588
0.731 -5.40939 3.03985
0.732 -5.54146 3.15983
0.733 -5.65166 3.26544
0.734 -5.73948 3.35636
0.735 -5.80452 3.43232
0.736 -5.84646 3.49314
0.737 -5.86508 3.53867
0.738 -5.86026 3.56884
0.739 -5.83196 3.58365
0.74 -5.78024 3.58315
0.741 -5.70526 3.56745
0.742 -5.60728 3.53673
0.743 -5.48663 3.49123
0.744 -5.34377 3.43126
0.745 -5.1792 3.35718
0.746 -4.99356 3.26939
0.747 -4.78755 3.16839
0.748 -4.56195 3.05468
0.749 -4.31762 2.92886
0.75 -4.05551 2.79155
0.751 -3.77664 2.64342
0.752 -3.48209 2.48519
0.753 -3.17301 2.31761
0.754 -2.8506 2.14149
0.755 -2.51614 1.95765
0.756 -2.17093 1.76694
0.757 -1.81633 1.57027
0.758 -1.45374 1.36853
0.759 -1.08459 1.16265
0.76 -0.710338 0.953584
0.761 -0.332465 0.74228
0.762 0.0475342 0.529701
0.763 0.428154 0.316816
0.764 0.807886 0.10459
0.765 1.18522 -0.106016
0.766 1.55867 -0.314048
0.767 1.92674 -0.518567
0.768 2.28797 -0.718648
0.769 2.64092 -0.913387
0.77 2.9842 -1.10191
0.771 3.31644 -1.28335
0.772 3.63632 -1.4569
0.773 3.94256 -1.62177
0.774 4.23396 -1.77722
0.775 4.50934 -1.92253
0.776 4.76763 -2.05704
0.777 5.00779 -2.18015
0.778 5.22887 -2.29127
0.779 5.42999 -2.3899
0.78 5.61038 -2.47557
0.781 5.7693 -2.54788
0.782 5.90614 -2.60648
0.783 6.02037 -2.65109
0.784 6.11154 -2.68147
0.785 6.1793 -2.69746
0.786 6.22339 -2.69895
0.787 6.24367 -2.6859
0.788 6.24006 -2.65833
0.789 6.2126 -2.61632
0.79 6.16142 -2.56002
0.791 6.08675 -2.48962
0.792 5.98892 -2.4054
0.793 5.86834 -2.30769
0.794 5.72552 -2.19686
0.795 5.56107 -2.07337
0.796 5.37567 -1.93769
0.797 5.17011 -1.7904
0.798 4.94523 -1.63207
0.799 4.70198 -1.46337
0.8 4.44136 -1.28498
0.801 4.16447 -1.09764
0.802 3.87245 -0.902129
0.803 3.56651 -0.699253
0.804 3.24793 -0.489858
0.805 2.91802 -0.274819
0.806 2.57816 -0.0550348
0.807 2.22975 0.168572
0.808 1.87424 0.395063
0.809 1.5131 0.623482
0.81 1.14784 0.852866
0.811 0.77997 1.08224
0.812 0.411016 1.31064
0.813 0.0425119 1.53709
0.814 -0.32401 1.76063
0.815 -0.687025 1.98029
0.816 -1.04502 2.19514
0.817 -1.39651 2.40426
0.818 -1.74003 2.60674
0.819 -2.07414 2.80171
0.82 -2.39744 2.98832
0.821 -2.70859 3.16577
0.822 -3.00629 3.33326
0.823 -3.28927 3.49008
0.824 -3.55636 3.63551
0.825 -3.80643 3.76892
0.826 -4.03842 3.8897
0.827 -4.25135 3.99731
0.828 -4.44432 4.09126
0.829 -4.6165 4.17109
0.83 -4.76715 4.23644
0.831 -4.89563 4.28698
0.832 -5.00137 4.32245
0.833 -5.08391 4.34265
0.834 -5.14287 4.34745
0.835 -5.17798 4.33678
0.836 -5.18905 4.31062
0.837 -5.17602 4.26904
0.838 -5.1389 4.21215
0.839 -5.07781 4.14015
0.84 -4.99297 4.05327
0.841 -4.88469 3.95184
0.842 -4.75339 3.83621
0.843 -4.59957 3.70684
0.844 -4.42384 3.5642
0.845 -4.22688 3.40884
0.846 -4.00947 3.24136
0.847 -3.77249 3.06241
0.848 -3.51687 2.87271
0.849 -3.24365 2.67298
0.85 -2.95391 2.46403
0.851 -2.64883 2.24669
0.852 -2.32964 2.02183
0.853 -1.99763 1.79034
0.854 -1.65415 1.55317
0.855 -1.30059 1.31126
0.856 -0.938392 1.06559
0.857 -0.569036 0.817178
0.858 -0.19403 0.56702
0.859 0.185092 0.316141
0.86 0.566777 0.0655711
0.861 0.949457 -0.183662
0.862 1.33156 -0.430531
0.863 1.71151 -0.674016
0.864 2.08773 -0.913109
0.865 2.45868 -1.14682
0.866 2.82281 -1.37416
0.867 3.17862 -1.5942
0.868 3.52461 -1.80601
0.869 3.85935 -2.00869
0.87 4.18144 -2.20139
0.871 4.48952 -2.38329
0.872 4.7823 -2.55362
0.873 5.05854 -2.71164
0.874 5.31706 -2.85667
0.875 5.55676 -2.98809
0.876 5.77661 -3.10532
0.877 5.97567 -3.20783
0.878 6.15306 -3.29517
0.879 6.30799 -3.36693
0.88 6.43979 -3.42279
0.881 6.54784 -3.46246
0.882 6.63165 -3.48575
0.883 6.6908 -3.4925
0.884 6.72497 -3.48265
0.885 6.73398 -3.45619
0.886 6.71769 -3.41319
0.887 6.67611 -3.35378
0.888 6.60934 -3.27815
0.889 6.51756 -3.18657
0.89 6.40107 -3.07937
0.891 6.26028 -2.95696
0.892 6.09567 -2.81978
0.893 5.90785 -2.66837
0.894 5.69748 -2.50331
0.895 5.46536 -2.32523
0.896 5.21235 -2.13483
0.897 4.9394 -1.93286
0.898 4.64753 -1.72012
0.899 4.33787 -1.49745
0.9 4.0116 -1.26574
0.901 3.66996 -1.02592
0.902 3.31426 -0.778959
0.903 2.94589 -0.525844
0.904 2.56627 -0.267605
0.905 2.17686 -0.00529328
0.906 1.77919 0.260022
0.907 1.37479 0.527253
0.908 0.965242 0.795301
0.909 0.55215 1.06306
0.91 0.137127 1.32942
0.911 -0.278205 1.59328
0.912 -0.692218 1.85353
0.913 -1.10329 2.10908
0.914 -1.5098 2.35885
0.915 -1.91016 2.60179
0.916 -2.30279 2.83686
0.917 -2.68615 3.06305
0.918 -3.05873 3.2794
0.919 -3.41905 3.48495
0.92 -3.76571 3.67881
0.921 -4.09734 3.86012
0.922 -4.41262 4.02808
0.923 -4.71032 4.18191
0.924 -4.98927 4.32092
0.925 -5.24835 4.44445
0.926 -5.48656 4.55191
0.927 -5.70295 4.64277
0.928 -5.89667 4.71657
0.929 -6.06696 4.77289
0.93 -6.21316 4.81141
0.931 -6.33469 4.83186
0.932 -6.43107 4.83405
0.933 -6.50194 4.81786
0.934 -6.54703 4.78322
0.935 -6.56616 4.73017
0.936 -6.55927 4.65879
0.937 -6.52641 4.56925
0.938 -6.46771 4.46179
0.939 -6.38342 4.3367
0.94 -6.2739 4.19438
0.941 -6.1396 4.03526
0.942 -5.98106 3.85986
0.943 -5.79895 3.66874
0.944 -5.59399 3.46256
0.945 -5.36704 3.24202
0.946 -5.11901 3.00786
0.947 -4.85091 2.76091
0.948 -4.56385 2.50202
0.949 -4.25897 2.23212
0.95 -3.93753 1.95216
0.951 -3.60084 1.66314
0.952 -3.25025 1.3661
0.953 -2.88721 1.0621
0.954 -2.51318 0.752263
0.955 -2.12968 0.437697
0.956 -1.73829 0.119555
0.957 -1.34059 -0.201002
0.958 -0.938198 -0.522797
0.959 -0.532758 -0.844649
0.96 -0.125922 -1.16537
0.961 0.28065 -1.48378
0.962 0.685301 -1.79871
0.963 1.08638 -2.10898
0.964 1.48224 -2.41345
0.965 1.87127 -2.71099
0.966 2.25187 -3.00049
0.967 2.62249 -3.28087
0.968 2.98161 -3.55111
0.969 3.32775 -3.81018
0.97 3.65948 -4.05714
0.971 3.97544 -4.29105
0.972 4.27433 -4.51105
0.973 4.55491 -4.71632
0.974 4.81601 -4.90611
0.975 5.05656 -5.0797
0.976 5.27554 -5.23645
0.977 5.47205 -5.37579
0.978 5.64524 -5.4972
0.979 5.79439 -5.60024
0.98 5.91885 -5.68454
0.981 6.0181 -5.74978
0.982 6.09168 -5.79575
0.983 6.13926 -5.82229
0.984 6.16061 -5.82931
0.985 6.15561 -5.8168
0.986 6.12423 -5.78484
0.987 6.06655 -5.73357
0.988 5.98277 -5.66319
0.989 5.87319 -5.57401
0.99 5.73819 -5.46637
0.991 5.57829 -5.34072
0.992 5.39408 -5.19755
0.993 5.18627 -5.03743
0.994 4.95564 -4.86099
0.995 4.70309 -4.66893
0.996 4.42959 -4.462
0.997 4.1362 -4.24102
0.998 3.82406 -4.00685
0.999 3.49438 -3.7604
1 3.14845 -3.50264
