0.001 3.34883e-008 2.44312e-009
0.002 3.05653e-007 1.96242e-008
0.003 1.44409e-006 8.14573e-008
0.004 4.79244e-006 2.39138e-007
0.005 1.27015e-005 5.67583e-007
0.006 2.88101e-005 1.16953e-006
0.007 5.83142e-005 2.18177e-006
0.008 0.00010822 3.78384e-006
0.009 0.000187581 6.20973e-006
0.01 0.000307713 9.76275e-006
0.011 0.000482392 1.4834e-005
0.012 0.000728023 2.1925e-005
0.013 0.00106379 3.16735e-005
0.014 0.00151176 4.48849e-005
0.015 0.002097 6.25669e-005
0.016 0.0028476 8.59691e-005
0.017 0.00379476 0.000116627
0.018 0.0049727 0.000156411
0.019 0.00641872 0.000207577
0.02 0.00817307 0.000272827
0.021 0.0102788 0.000355366
0.022 0.0127819 0.000458971
0.023 0.0157306 0.000588054
0.024 0.0191758 0.000747736
0.025 0.0231704 0.000943919
0.026 0.0277691 0.00118336
0.027 0.0330282 0.00147376
0.028 0.0390055 0.0018238
0.029 0.0457594 0.0022433
0.03 0.0533489 0.00274319
0.031 0.0618334 0.00333568
0.032 0.0712718 0.00403427
0.033 0.0817222 0.00485387
0.034 0.0932419 0.00581081
0.035 0.105886 0.00692297
0.036 0.119709 0.00820976
0.037 0.134761 0.00969226
0.038 0.151089 0.0113932
0.039 0.168739 0.0133369
0.04 0.18775 0.0155497
0.041 0.208159 0.0180594
0.042 0.229996 0.0208956
0.043 0.253287 0.0240898
0.044 0.278052 0.0276751
0.045 0.304303 0.0316863
0.046 0.332048 0.0361601
0.047 0.361286 0.0411344
0.048 0.39201 0.046649
0.049 0.424205 0.052745
0.05 0.457846 0.059465
0.051 0.492902 0.0668525
0.052 0.529334 0.0749526
0.053 0.567091 0.083811
0.054 0.606118 0.0934745
0.055 0.646348 0.10399
0.056 0.687704 0.115406
0.057 0.730105 0.12777
0.058 0.773455 0.141129
0.059 0.817655 0.155533
0.06 0.862593 0.171028
0.061 0.908152 0.187661
0.062 0.954205 0.205477
0.063 1.00062 0.224521
0.064 1.04725 0.244836
0.065 1.09395 0.266462
0.066 1.14057 0.289439
0.067 1.18693 0.313803
0.068 1.23289 0.339587
0.069 1.27826 0.366822
0.07 1.32288 0.395535
0.071 1.36655 0.425749
0.072 1.40911 0.457483
0.073 1.45037 0.490751
0.074 1.49013 0.525564
0.075 1.52823 0.561926
0.076 1.56447 0.599837
0.077 1.59866 0.639291
0.078 1.63064 0.680276
0.079 1.66022 0.722773
0.08 1.68723 0.766758
0.081 1.7115 0.8122
0.082 1.73286 0.85906
0.083 1.75117 0.907294
0.084 1.76627 0.956848
0.085 1.77802 1.00766
0.086 1.7863 1.05967
0.087 1.79098 1.1128
0.088 1.79196 1.16696
0.089 1.78913 1.22207
0.09 1.78242 1.27803
0.091 1.77176 1.33473
0.092 1.75708 1.39206
0.093 1.73835 1.4499
0.094 1.71554 1.50813
0.095 1.68863 1.5666
0.096 1.65764 1.62517
0.097 1.62259 1.6837
0.098 1.58351 1.74204
0.099 1.54045 1.80002
0.1 1.4935 1.85747
0.101 1.44275 1.91423
0.102 1.38829 1.97012
0.103 1.33026 2.02496
0.104 1.26879 2.07856
0.105 1.20405 2.13074
0.106 1.13621 2.1813
0.107 1.06546 2.23006
0.108 0.992005 2.27682
0.109 0.916075 2.32138
0.11 0.837903 2.36356
0.111 0.75774 2.40315
0.112 0.675849 2.43997
0.113 0.592505 2.47383
0.114 0.507997 2.50453
0.115 0.422621 2.5319
0.116 0.336683 2.55575
0.117 0.250498 2.57591
0.118 0.164387 2.59221
0.119 0.0786779 2.60449
0.12 -0.00629919 2.61259
0.121 -0.0902096 2.61638
0.122 -0.172718 2.61571
0.123 -0.253487 2.61046
0.124 -0.332182 2.6005
0.125 -0.408471 2.58575
0.126 -0.482026 2.5661
0.127 -0.552523 2.54147
0.128 -0.619647 2.5118
0.129 -0.683091 2.47704
0.13 -0.742556 2.43714
0.131 -0.797757 2.39209
0.132 -0.848421 2.34187
0.133 -0.894287 2.2865
0.134 -0.935113 2.226
0.135 -0.970671 2.16041
0.136 -1.00075 2.08978
0.137 -1.02517 2.0142
0.138 -1.04374 1.93376
0.139 -1.05633 1.84856
0.14 -1.06282 1.75874
0.141 -1.06308 1.66443
0.142 -1.05706 1.56581
0.143 -1.04468 1.46304
0.144 -1.02594 1.35633
0.145 -1.00081 1.24589
0.146 -0.969329 1.13194
0.147 -0.931544 1.01474
0.148 -0.887531 0.894528
0.149 -0.837395 0.771595
0.15 -0.781266 0.646224
0.151 -0.719302 0.518715
0.152 -0.651687 0.389384
0.153 -0.578633 0.258556
0.154 -0.500374 0.126566
0.155 -0.417173 -0.00623971
0.156 -0.329316 -0.139506
0.157 -0.237111 -0.272869
0.158 -0.14089 -0.405962
0.159 -0.0410082 -0.538409
0.16 0.0621612 -0.669832
0.161 0.168225 -0.799849
0.162 0.276771 -0.928076
0.163 0.387372 -1.05413
0.164 0.499586 -1.17763
0.165 0.612955 -1.29819
0.166 0.727014 -1.41543
0.167 0.841284 -1.52899
0.168 0.95528 -1.6385
0.169 1.06851 -1.74359
0.17 1.18048 -1.84393
0.171 1.29069 -1.93917
0.172 1.39864 -2.02898
0.173 1.50383 -2.11306
0.174 1.60578 -2.1911
0.175 1.704 -2.26282
0.176 1.798 -2.32796
0.177 1.88732 -2.38626
0.178 1.97151 -2.4375
0.179 2.05011 -2.48146
0.18 2.12271 -2.51797
0.181 2.18889 -2.54685
0.182 2.24827 -2.56797
0.183 2.30049 -2.58121
0.184 2.34519 -2.58647
0.185 2.38206 -2.58369
0.186 2.41081 -2.57283
0.187 2.43118 -2.55387
0.188 2.44293 -2.52682
0.189 2.44586 -2.49173
0.19 2.43981 -2.44866
0.191 2.42464 -2.39771
0.192 2.40024 -2.33899
0.193 2.36654 -2.27266
0.194 2.32353 -2.19889
0.195 2.2712 -2.1179
0.196 2.20959 -2.0299
0.197 2.13879 -1.93516
0.198 2.05891 -1.83396
0.199 1.9701 -1.7266
0.2 1.87255 -1.61342
0.201 1.76649 -1.49478
0.202 1.65219 -1.37104
0.203 1.52993 -1.2426
0.204 1.40006 -1.10989
0.205 1.26293 -0.973342
0.206 1.11894 -0.833404
0.207 0.968535 -0.690548
0.208 0.812159 -0.545258
0.209 0.650305 -0.398031
0.21 0.483486 -0.249374
0.211 0.31224 -0.0998039
0.212 0.137131 0.0501541
0.213 -0.0412594 0.199969
0.214 -0.222329 0.349106
0.215 -0.40546 0.497028
0.216 -0.590019 0.643197
0.217 -0.775362 0.787078
0.218 -0.960834 0.928137
0.219 -1.14577 1.06585
0.22 -1.32952 1.19969
0.221 -1.5114 1.32915
0.222 -1.69074 1.45373
0.223 -1.86689 1.57295
0.224 -2.03919 1.68633
0.225 -2.20699 1.79342
0.226 -2.36965 1.89378
0.227 -2.52654 1.987
0.228 -2.67707 2.07267
0.229 -2.82065 2.15044
0.23 -2.9567 2.21995
0.231 -3.08469 2.28088
0.232 -3.2041 2.33294
0.233 -3.31445 2.37587
0.234 -3.41528 2.40944
0.235 -3.50616 2.43344
0.236 -3.58672 2.44771
0.237 -3.65659 2.4521
0.238 -3.71546 2.44652
0.239 -3.76307 2.43089
0.24 -3.79917 2.40519
0.241 -3.82358 2.36941
0.242 -3.83616 2.32359
0.243 -3.83679 2.26781
0.244 -3.82543 2.20217
0.245 -3.80207 2.12682
0.246 -3.76673 2.04193
0.247 -3.71951 1.94772
0.248 -3.66052 1.84444
0.249 -3.58994 1.73237
0.25 -3.508 1.61182
0.251 -3.41496 1.48314
0.252 -3.31112 1.3467
0.253 -3.19684 1.20292
0.254 -3.07251 1.05222
0.255 -2.93857 0.895058
0.256 -2.7955 0.731933
0.257 -2.64381 0.563349
0.258 -2.48406 0.389838
0.259 -2.31681 0.211953
0.26 -2.1427 0.0302643
0.261 -1.96237 -0.154642
0.262 -1.77648 -0.342165
0.263 -1.58575 -0.531692
0.264 -1.3909 -0.722598
0.265 -1.19265 -0.914254
0.266 -0.991778 -1.10602
0.267 -0.789049 -1.29726
0.268 -0.585247 -1.48734
0.269 -0.381161 -1.67561
0.27 -0.177588 -1.86143
0.271 0.0246759 -2.04418
0.272 0.224835 -2.22324
0.273 0.422097 -2.39799
0.274 0.615682 -2.56784
0.275 0.804815 -2.73221
0.276 0.988741 -2.89053
0.277 1.16672 -3.04224
0.278 1.33803 -3.18684
0.279 1.50197 -3.32381
0.28 1.65788 -3.45269
0.281 1.80511 -3.57302
0.282 1.94305 -3.68438
0.283 2.07114 -3.78638
0.284 2.18882 -3.87868
0.285 2.2956 -3.96093
0.286 2.39103 -4.03286
0.287 2.47469 -4.0942
0.288 2.5462 -4.14475
0.289 2.60526 -4.18432
0.29 2.65157 -4.21278
0.291 2.68493 -4.23002
0.292 2.70516 -4.23598
0.293 2.71213 -4.23064
0.294 2.70578 -4.21402
0.295 2.6861 -4.18618
0.296 2.65311 -4.1472
0.297 2.60693 -4.09724
0.298 2.54768 -4.03647
0.299 2.47558 -3.9651
0.3 2.39086 -3.88338
0.301 2.29384 -3.79161
0.302 2.18487 -3.69011
0.303 2.06435 -3.57924
0.304 1.93273 -3.4594
0.305 1.79052 -3.331
0.306 1.63825 -3.19452
0.307 1.47652 -3.05042
0.308 1.30594 -2.89922
0.309 1.12719 -2.74146
0.31 0.94097 -2.5777
0.311 0.748006 -2.40852
0.312 0.549067 -2.23451
0.313 0.344944 -2.05629
0.314 0.136455 -1.87449
0.315 -0.0755641 -1.68975
0.316 -0.290258 -1.50273
0.317 -0.506756 -1.31407
0.318 -0.724179 -1.12444
0.319 -0.941638 -0.934499
0.32 -1.15824 -0.744915
0.321 -1.3731 -0.556345
0.322 -1.58531 -0.369442
0.323 -1.79401 -0.184851
0.324 -1.99832 -0.00320635
0.325 -2.19738 0.174871
0.326 -2.39035 0.348774
0.327 -2.57641 0.517916
0.328 -2.75476 0.68173
0.329 -2.92465 0.839669
0.33 -3.08533 0.991213
0.331 -3.2361 1.13587
0.332 -3.3763 1.27317
0.333 -3.5053 1.40267
0.334 -3.62252 1.52398
0.335 -3.72742 1.63672
0.336 -3.81951 1.74055
0.337 -3.89834 1.83518
0.338 -3.96354 1.92034
0.339 -4.01476 1.99581
0.34 -4.05172 2.06139
0.341 -4.07421 2.11695
0.342 -4.08204 2.16236
0.343 -4.07511 2.19758
0.344 -4.05337 2.22257
0.345 -4.01683 2.23735
0.346 -3.96556 2.24197
0.347 -3.89967 2.23653
0.348 -3.81937 2.22117
0.349 -3.7249 2.19606
0.35 -3.61655 2.16141
0.351 -3.49469 2.11748
0.352 -3.35972 2.06455
0.353 -3.21213 2.00295
0.354 -3.05243 1.93303
0.355 -2.88119 1.85518
0.356 -2.69904 1.76983
0.357 -2.50663 1.67743
0.358 -2.30467 1.57844
0.359 -2.09392 1.47338
0.36 -1.87515 1.36277
0.361 -1.6492 1.24715
0.362 -1.41691 1.12709
0.363 -1.17916 1.00316
0.364 -0.936862 0.87598
0.365 -0.690932 0.746139
0.366 -0.442317 0.614255
0.367 -0.191971 0.480952
0.368 0.0591394 0.346855
0.369 0.310045 0.212593
0.37 0.559772 0.0787895
0.371 0.807351 -0.053932
0.372 1.05182 -0.184956
0.373 1.29222 -0.313677
0.374 1.52762 -0.4395
0.375 1.75709 -0.561844
0.376 1.97974 -0.680144
0.377 2.19469 -0.793857
0.378 2.40109 -0.902456
0.379 2.59814 -1.00544
0.38 2.78506 -1.10234
0.381 2.96111 -1.19269
0.382 3.12559 -1.2761
0.383 3.27787 -1.35215
0.384 3.41733 -1.42051
0.385 3.54344 -1.48084
0.386 3.65569 -1.53287
0.387 3.75365 -1.57633
0.388 3.83692 -1.61103
0.389 3.9052 -1.63679
0.39 3.95821 -1.65347
0.391 3.99575 -1.66098
0.392 4.01768 -1.65927
0.393 4.02394 -1.64832
0.394 4.0145 -1.62816
0.395 3.98943 -1.59886
0.396 3.94883 -1.56052
0.397 3.8929 -1.5133
0.398 3.82188 -1.45738
0.399 3.73607 -1.39298
0.4 3.63584 -1.32037
0.401 3.52163 -1.23985
0.402 3.39392 -1.15175
0.403 3.25326 -1.05643
0.404 3.10024 -0.954299
0.405 2.93552 -0.845783
0.406 2.75979 -0.73134
0.407 2.57381 -0.611456
0.408 2.37837 -0.486639
0.409 2.1743 -0.35742
0.41 1.96246 -0.224352
0.411 1.74378 -0.0880025
0.412 1.51917 0.0510426
0.413 1.2896 0.192186
0.414 1.05606 0.334821
0.415 0.819546 0.478332
0.416 0.581077 0.622099
0.417 0.341681 0.765499
0.418 0.102392 0.90791
0.419 -0.135754 1.04871
0.42 -0.371723 1.1873
0.421 -0.604489 1.32305
0.422 -0.833035 1.45539
0.423 -1.05636 1.58373
0.424 -1.27348 1.70751
0.425 -1.48345 1.82617
0.426 -1.68532 1.93921
0.427 -1.8782 2.04611
0.428 -2.06122 2.14641
0.429 -2.23357 2.23965
0.43 -2.39445 2.32542
0.431 -2.54314 2.40334
0.432 -2.67893 2.47304
0.433 -2.80121 2.53422
0.434 -2.90938 2.58659
0.435 -3.00292 2.62991
0.436 -3.08138 2.66399
0.437 -3.14434 2.68864
0.438 -3.19148 2.70376
0.439 -3.22251 2.70925
0.44 -3.23723 2.70509
0.441 -3.23551 2.69127
0.442 -3.21727 2.66784
0.443 -3.18252 2.63489
0.444 -3.13132 2.59255
0.445 -3.06381 2.541
0.446 -2.9802 2.48043
0.447 -2.88077 2.41112
0.448 -2.76585 2.33334
0.449 -2.63586 2.24744
0.45 -2.49127 2.15379
0.451 -2.33262 2.05278
0.452 -2.1605 1.94485
0.453 -1.97557 1.83048
0.454 -1.77855 1.71017
0.455 -1.5702 1.58444
0.456 -1.35133 1.45386
0.457 -1.12281 1.319
0.458 -0.885545 1.18045
0.459 -0.640487 1.03885
0.46 -0.388618 0.894832
0.461 -0.130955 0.749036
0.462 0.131458 0.602129
0.463 0.397551 0.454779
0.464 0.666235 0.307661
0.465 0.936406 0.16145
0.466 1.20695 0.0168236
0.467 1.47674 -0.125546
0.468 1.74466 -0.264992
0.469 2.00958 -0.400857
0.47 2.27039 -0.532497
0.471 2.52599 -0.65928
0.472 2.7753 -0.780595
0.473 3.01726 -0.89585
0.474 3.25081 -1.00447
0.475 3.47497 -1.10593
0.476 3.68875 -1.19969
0.477 3.89122 -1.28528
0.478 4.08149 -1.36225
0.479 4.25871 -1.43017
0.48 4.42208 -1.48868
0.481 4.57086 -1.53742
0.482 4.70438 -1.57609
0.483 4.82199 -1.60445
0.484 4.92313 -1.62226
0.485 5.00731 -1.62936
0.486 5.07409 -1.62563
0.487 5.12312 -1.61098
0.488 5.15408 -1.58538
0.489 5.16678 -1.54885
0.49 5.16106 -1.50144
0.491 5.13685 -1.44327
0.492 5.09415 -1.37449
0.493 5.03304 -1.29532
0.494 4.95368 -1.20599
0.495 4.85629 -1.10681
0.496 4.74118 -0.998111
0.497 4.60872 -0.880288
0.498 4.45935 -0.753763
0.499 4.2936 -0.619007
0.5 4.11205 -0.476525
0.501 3.91536 -0.326862
0.502 3.70424 -0.170598
0.503 3.47946 -0.00834729
0.504 3.24186 0.159248
0.505 2.99234 0.331515
0.506 2.73183 0.507757
0.507 2.46133 0.687252
0.508 2.18186 0.86926
0.509 1.8945 1.05302
0.51 1.60035 1.23777
0.511 1.30057 1.42272
0.512 0.996305 1.60707
0.513 0.688755 1.79004
0.514 0.379123 1.97082
0.515 0.068627 2.14862
0.516 -0.241509 2.32266
0.517 -0.550056 2.49214
0.518 -0.855789 2.65629
0.519 -1.15749 2.81437
0.52 -1.45396 2.96563
0.521 -1.744 3.10936
0.522 -2.02645 3.24487
0.523 -2.30017 3.37148
0.524 -2.56406 3.48857
0.525 -2.81705 3.59553
0.526 -3.05811 3.6918
0.527 -3.28625 3.77684
0.528 -3.50054 3.85017
0.529 -3.7001 3.91135
0.53 -3.88411 3.95997
0.531 -4.0518 3.99567
0.532 -4.20248 4.01816
0.533 -4.33551 4.02717
0.534 -4.45033 4.0225
0.535 -4.54645 4.004
0.536 -4.62346 3.97157
0.537 -4.68101 3.92517
0.538 -4.71885 3.86479
0.539 -4.7368 3.79052
0.54 -4.73474 3.70246
0.541 -4.71266 3.60079
0.542 -4.67063 3.48574
0.543 -4.60878 3.3576
0.544 -4.52734 3.21669
0.545 -4.4266 3.0634
0.546 -4.30696 2.89818
0.547 -4.16886 2.72151
0.548 -4.01286 2.53393
0.549 -3.83955 2.33602
0.55 -3.64962 2.12839
0.551 -3.44382 1.91173
0.552 -3.22297 1.68674
0.553 -2.98795 1.45415
0.554 -2.73971 1.21475
0.555 -2.47925 0.969347
0.556 -2.20761 0.718773
0.557 -1.92589 0.46389
0.558 -1.63524 0.205581
0.559 -1.33685 -0.0552521
0.56 -1.03193 -0.317693
0.561 -0.721721 -0.580815
0.562 -0.40751 -0.843682
0.563 -0.0905864 -1.10535
0.564 0.227742 -1.36489
0.565 0.546156 -1.62135
0.566 0.863333 -1.87381
0.567 1.17795 -2.12135
0.568 1.4887 -2.36306
0.569 1.79427 -2.59805
0.57 2.09338 -2.82545
0.571 2.38476 -3.04442
0.572 2.66717 -3.25415
0.573 2.93943 -3.45385
0.574 3.20034 -3.64277
0.575 3.4488 -3.8202
0.576 3.68373 -3.98547
0.577 3.90409 -4.13795
0.578 4.10893 -4.27706
0.579 4.29733 -4.40226
0.58 4.46844 -4.51308
0.581 4.62148 -4.60907
0.582 4.75575 -4.68986
0.583 4.87061 -4.75513
0.584 4.96551 -4.80461
0.585 5.03996 -4.83811
0.586 5.09356 -4.85548
0.587 5.12601 -4.85663
0.588 5.13706 -4.84153
0.589 5.12657 -4.81024
0.59 5.09448 -4.76284
0.591 5.04082 -4.69949
0.592 4.96571 -4.62043
0.593 4.86933 -4.52592
0.594 4.75199 -4.41631
0.595 4.61404 -4.292
0.596 4.45595 -4.15344
0.597 4.27825 -4.00114
0.598 4.08157 -3.83567
0.599 3.86658 -3.65765
0.6 3.63408 -3.46772
0.601 3.38489 -3.26662
0.602 3.11993 -3.05508
0.603 2.84019 -2.83391
0.604 2.54669 -2.60394
0.605 2.24054 -2.36604
0.606 1.92289 -2.12111
0.607 1.59494 -1.87007
0.608 1.25793 -1.61389
0.609 0.913151 -1.35354
0.61 0.561917 -1.09
0.611 0.205578 -0.824296
0.612 -0.154494 -0.557432
0.613 -0.51691 -0.290434
0.614 -0.880267 -0.0243262
0.615 -1.24315 0.239869
0.616 -1.60416 0.501135
0.617 -1.96187 0.758465
0.618 -2.3149 1.01087
0.619 -2.66186 1.25736
0.62 -3.00138 1.497
0.621 -3.33213 1.72885
0.622 -3.65281 1.95201
0.623 -3.96216 2.16562
0.624 -4.25893 2.36884
0.625 -4.54197 2.56088
0.626 -4.81014 2.74098
0.627 -5.06238 2.90845
0.628 -5.29767 3.06262
0.629 -5.51507 3.20289
0.63 -5.71372 3.3287
0.631 -5.8928 3.43954
0.632 -6.0516 3.53499
0.633 -6.18947 3.61465
0.634 -6.30584 3.67821
0.635 -6.40024 3.72539
0.636 -6.47227 3.75601
0.637 -6.52163 3.76993
0.638 -6.54809 3.76707
0.639 -6.55154 3.74744
0.64 -6.53193 3.71108
0.641 -6.48932 3.65814
0.642 -6.42387 3.58878
0.643 -6.33581 3.50327
0.644 -6.22546 3.40191
0.645 -6.09324 3.28509
0.646 -5.93966 3.15324
0.647 -5.76531 3.00685
0.648 -5.57085 2.84647
0.649 -5.35704 2.67272
0.65 -5.12471 2.48623
0.651 -4.87476 2.28772
0.652 -4.60817 2.07795
0.653 -4.32598 1.85771
0.654 -4.0293 1.62784
0.655 -3.71928 1.3892
0.656 -3.39715 1.14273
0.657 -3.06417 0.889342
0.658 -2.72165 0.630018
0.659 -2.37094 0.365745
0.66 -2.01343 0.097533
0.661 -1.65052 -0.173592
0.662 -1.28365 -0.446593
0.663 -0.914265 -0.720426
0.664 -0.54383 -0.994043
0.665 -0.173808 -1.2664
0.666 0.194336 -1.53644
0.667 0.559143 -1.80315
0.668 0.919169 -2.0655
0.669 1.27299 -2.32248
0.67 1.6192 -2.57312
0.671 1.95642 -2.81645
0.672 2.28333 -3.05155
0.673 2.59861 -3.27751
0.674 2.90104 -3.49348
0.675 3.18939 -3.69863
0.676 3.46254 -3.89217
0.677 3.7194 -4.07338
0.678 3.95896 -4.24157
0.679 4.18026 -4.39609
0.68 4.38243 -4.53636
0.681 4.56467 -4.66186
0.682 4.72627 -4.7721
0.683 4.8666 -4.86669
0.684 4.98509 -4.94526
0.685 5.0813 -5.00754
0.686 5.15485 -5.05328
0.687 5.20546 -5.08233
0.688 5.23294 -5.0946
0.689 5.23721 -5.09005
0.69 5.21825 -5.06871
0.691 5.17617 -5.03069
0.692 5.11116 -4.97614
0.693 5.02349 -4.9053
0.694 4.91353 -4.81845
0.695 4.78176 -4.71594
0.696 4.62873 -4.59818
0.697 4.45506 -4.46565
0.698 4.26149 -4.31887
0.699 4.04883 -4.15842
0.7 3.81794 -3.98494
0.701 3.56979 -3.7991
0.702 3.30541 -3.60165
0.703 3.02589 -3.39334
0.704 2.73239 -3.175
0.705 2.42612 -2.94747
0.706 2.10834 -2.71165
0.707 1.78038 -2.46844
0.708 1.44358 -2.2188
0.709 1.09934 -1.96368
0.71 0.749087 -1.70407
0.711 0.394268 -1.44097
0.712 0.0363549 -1.1754
0.713 -0.323171 -0.908362
0.714 -0.682817 -0.640887
0.715 -1.04109 -0.373992
0.716 -1.39651 -0.108693
0.717 -1.74758 0.154006
0.718 -2.09286 0.413113
0.719 -2.43089 0.667653
0.72 -2.76028 0.916672
0.721 -3.07964 1.15924
0.722 -3.38763 1.39446
0.723 -3.68297 1.62146
0.724 -3.96441 1.83941
0.725 -4.23076 2.04752
0.726 -4.4809 2.24504
0.727 -4.71377 2.43125
0.728 -4.92837 2.60551
0.729 -5.12378 2.7672
0.73 -5.29917 2.91577
0.731 -5.45377 3.05072
0.732 -5.5869 3.17161
0.733 -5.69797 3.27805
0.734 -5.78648 3.36971
0.735 -5.85202 3.44635
0.736 -5.89428 3.50774
0.737 -5.91302 3.55377
0.738 -5.90811 3.58434
0.739 -5.87954 3.59946
0.74 -5.82735 3.59918
0.741 -5.75171 3.58361
0.742 -5.65288 3.55293
0.743 -5.53119 3.50738
0.744 -5.3871 3.44727
0.745 -5.22113 3.37296
0.746 -5.03392 3.28486
0.747 -4.82616 3.18345
0.748 -4.59865 3.06927
0.749 -4.35226 2.94289
0.75 -4.08795 2.80494
0.751 -3.80673 2.6561
0.752 -3.50971 2.4971
0.753 -3.19804 2.32869
0.754 -2.87294 2.15167
0.755 -2.53569 1.96688
0.756 -2.1876 1.77518
0.757 -1.83006 1.57747
0.758 -1.46446 1.37465
0.759 -1.09226 1.16766
0.76 -0.714914 0.957458
0.761 -0.333926 0.744998
0.762 0.0491973 0.53125
0.763 0.432938 0.317187
0.764 0.815775 0.103782
0.765 1.19619 -0.107998
0.766 1.57267 -0.317194
0.767 1.94371 -0.522859
0.768 2.30786 -0.724063
0.769 2.66364 -0.919897
0.77 3.00966 -1.10947
0.771 3.34454 -1.29194
0.772 3.66694 -1.46646
0.773 3.97558 -1.63226
0.774 4.26923 -1.78857
0.775 4.54673 -1.93468
0.776 4.80697 -2.06993
0.777 5.04893 -2.1937
0.778 5.27163 -2.30542
0.779 5.47421 -2.40456
0.78 5.65585 -2.49066
0.781 5.81584 -2.56332
0.782 5.95356 -2.62219
0.783 6.06846 -2.66697
0.784 6.1601 -2.69744
0.785 6.22813 -2.71342
0.786 6.27228 -2.71481
0.787 6.29241 -2.70157
0.788 6.28844 -2.67372
0.789 6.26042 -2.63133
0.79 6.20847 -2.57456
0.791 6.13283 -2.5036
0.792 6.03383 -2.41874
0.793 5.91189 -2.32029
0.794 5.76752 -2.20865
0.795 5.60134 -2.08425
0.796 5.41403 -1.94761
0.797 5.20639 -1.79926
0.798 4.97928 -1.63982
0.799 4.73364 -1.46994
0.8 4.4705 -1.29031
0.801 4.19096 -1.10167
0.802 3.89616 -0.904814
0.803 3.58734 -0.70055
0.804 3.26578 -0.48973
0.805 2.93282 -0.273233
0.806 2.58982 -0.0519673
0.807 2.23823 0.17314
0.808 1.87949 0.401143
0.809 1.5151 0.631079
0.81 1.14656 0.861978
0.811 0.775412 1.09286
0.812 0.403194 1.32275
0.813 0.0314529 1.55067
0.814 -0.338265 1.77564
0.815 -0.704423 1.9967
0.816 -1.06549 2.21291
0.817 -1.41998 2.42334
0.818 -1.76639 2.62707
0.819 -2.10329 2.82323
0.82 -2.42926 3.01096
0.821 -2.74295 3.18945
0.822 -3.04304 3.35792
0.823 -3.32826 3.51561
0.824 -3.59743 3.66184
0.825 -3.8494 3.79594
0.826 -4.0831 3.91733
0.827 -4.29756 4.02544
0.828 -4.49186 4.11977
0.829 -4.66516 4.19989
0.83 -4.81672 4.26542
0.831 -4.9459 4.31602
0.832 -5.05211 4.35143
0.833 -5.1349 4.37147
0.834 -5.19388 4.37598
0.835 -5.22879 4.36491
0.836 -5.23944 4.33824
0.837 -5.22576 4.29603
0.838 -5.18776 4.2384
0.839 -5.12556 4.16554
0.84 -5.0394 4.07771
0.841 -4.92959 3.97521
0.842 -4.79654 3.85842
0.843 -4.64077 3.72778
0.844 -4.46289 3.58378
0.845 -4.2636 3.42697
0.846 -4.04368 3.25796
0.847 -3.80402 3.07741
0.848 -3.54556 2.88602
0.849 -3.26935 2.68455
0.85 -2.97648 2.4738
0.851 -2.66815 2.2546
0.852 -2.3456 2.02783
0.853 -2.01013 1.79441
0.854 -1.6631 1.55526
0.855 -1.30593 1.31137
0.856 -0.940061 1.0637
0.857 -0.566994 0.813277
0.858 -0.188251 0.561115
0.859 0.19462 0.308245
0.86 0.580048 0.0557026
0.861 0.96645 -0.195474
0.862 1.35224 -0.444249
0.863 1.73582 -0.689596
0.864 2.11562 -0.930496
0.865 2.49005 -1.16595
0.866 2.85758 -1.39497
0.867 3.21666 -1.61661
0.868 3.56582 -1.82993
0.869 3.90358 -2.03404
0.87 4.22853 -2.22807
0.871 4.53932 -2.41119
0.872 4.83463 -2.58263
0.873 5.11321 -2.74165
0.874 5.37388 -2.88755
0.875 5.61552 -3.01972
0.876 5.8371 -3.13756
0.877 6.03766 -3.24056
0.878 6.21632 -3.32824
0.879 6.37229 -3.40021
0.88 6.50488 -3.45613
0.881 6.61348 -3.49572
0.882 6.69758 -3.51878
0.883 6.75678 -3.52516
0.884 6.79075 -3.51479
0.885 6.79929 -3.48767
0.886 6.7823 -3.44386
0.887 6.73976 -3.3835
0.888 6.67177 -3.30678
0.889 6.57853 -3.21398
0.89 6.46036 -3.10542
0.891 6.31764 -2.98152
0.892 6.15088 -2.84274
0.893 5.96068 -2.6896
0.894 5.74773 -2.52269
0.895 5.51283 -2.34266
0.896 5.25685 -2.15021
0.897 4.98074 -1.9461
0.898 4.68556 -1.73114
0.899 4.37243 -1.50616
0.9 4.04255 -1.27208
0.901 3.69717 -1.02983
0.902 3.33763 -0.780379
0.903 2.96531 -0.524737
0.904 2.58166 -0.263937
0.905 2.18816 0.000958504
0.906 1.78634 0.268871
0.907 1.37777 0.538703
0.908 0.964032 0.809345
0.909 0.546751 1.07968
0.91 0.127555 1.3486
0.911 -0.291915 1.61497
0.912 -0.710015 1.87768
0.913 -1.1251 2.13564
0.914 -1.53555 2.38776
0.915 -1.93975 2.63297
0.916 -2.3361 2.87022
0.917 -2.72305 3.09851
0.918 -3.09907 3.31684
0.919 -3.46268 3.52427
0.92 -3.81245 3.71989
0.921 -4.147 3.90284
0.922 -4.46501 4.07229
0.923 -4.76522 4.22749
0.924 -5.04646 4.36771
0.925 -5.30761 4.4923
0.926 -5.54764 4.60067
0.927 -5.76561 4.69228
0.928 -5.96066 4.76665
0.929 -6.13201 4.82339
0.93 -6.27901 4.86215
0.931 -6.40107 4.88267
0.932 -6.49772 4.88476
0.933 -6.56858 4.86829
0.934 -6.61338 4.8332
0.935 -6.63195 4.77952
0.936 -6.62423 4.70734
0.937 -6.59027 4.61683
0.938 -6.5302 4.50823
0.939 -6.4443 4.38184
0.94 -6.3329 4.23805
0.941 -6.19648 4.07731
0.942 -6.03558 3.90014
0.943 -5.85088 3.70711
0.944 -5.64312 3.49888
0.945 -5.41315 3.27614
0.946 -5.16191 3.03967
0.947 -4.89042 2.79029
0.948 -4.59979 2.52887
0.949 -4.29119 2.25633
0.95 -3.96589 1.97365
0.951 -3.62521 1.68182
0.952 -3.27053 1.3819
0.953 -2.90329 1.07497
0.954 -2.525 0.762139
0.955 -2.13718 0.444545
0.956 -1.74142 0.123346
0.957 -1.33933 -0.200285
0.958 -0.932539 -0.525161
0.959 -0.522714 -0.85009
0.96 -0.111524 -1.17387
0.961 0.299357 -1.49532
0.962 0.708249 -1.81324
0.963 1.11348 -2.12646
0.964 1.51341 -2.43382
0.965 1.90638 -2.73417
0.966 2.29079 -3.02641
0.967 2.66508 -3.30945
0.968 3.02769 -3.58223
0.969 3.37714 -3.84375
0.97 3.712 -4.09303
0.971 4.03089 -4.32913
0.972 4.33248 -4.5512
0.973 4.61553 -4.75839
0.974 4.87887 -4.94995
0.975 5.12139 -5.12515
0.976 5.3421 -5.28336
0.977 5.54006 -5.42399
0.978 5.71444 -5.54653
0.979 5.8645 -5.65052
0.98 5.98959 -5.73558
0.981 6.08917 -5.80142
0.982 6.1628 -5.8478
0.983 6.21015 -5.87456
0.984 6.23098 -5.88162
0.985 6.22516 -5.86897
0.986 6.19268 -5.83669
0.987 6.13363 -5.78491
0.988 6.0482 -5.71385
0.989 5.93669 -5.62381
0.99 5.79951 -5.51515
0.991 5.63717 -5.3883
0.992 5.45028 -5.24377
0.993 5.23954 -5.08214
0.994 5.00578 -4.90404
0.995 4.74987 -4.71017
0.996 4.47282 -4.50131
0.997 4.17569 -4.27825
0.998 3.85964 -4.04189
0.999 3.5259 -3.79314
1 3.17578 -3.53298
