0.001 2.78623e-008 1.38486e-009
0.002 2.60762e-007 1.11477e-008
0.003 1.25958e-006 4.64345e-008
0.004 4.25819e-006 1.37044e-007
0.005 1.14565e-005 3.27721e-007
0.006 2.63044e-005 6.82087e-007
0.007 5.37736e-005 1.28869e-006
0.008 0.000100615 2.26956e-006
0.009 0.000175602 3.79182e-006
0.01 0.000289747 6.0825e-006
0.011 0.000456509 9.44712e-006
0.012 0.000691965 1.42922e-005
0.013 0.00101497 2.1152e-005
0.014 0.00144726 3.07198e-005
0.015 0.0020136 4.38834e-005
0.016 0.00274177 6.17657e-005
0.017 0.00366271 8.57697e-005
0.018 0.0048104 0.000117628
0.019 0.00622194 0.000159458
0.02 0.00793742 0.00021382
0.021 0.00999987 0.000283778
0.022 0.0124551 0.000372973
0.023 0.0153516 0.000485685
0.024 0.0187401 0.000626914
0.025 0.0226739 0.000802451
0.026 0.0272079 0.00101896
0.027 0.0323989 0.00128406
0.028 0.038305 0.0016064
0.029 0.0449852 0.00199575
0.03 0.0524993 0.00246306
0.031 0.0609072 0.00302059
0.032 0.0702688 0.00368191
0.033 0.0806433 0.00446207
0.034 0.0920889 0.00537759
0.035 0.104662 0.00644657
0.036 0.118418 0.00768873
0.037 0.133409 0.00912552
0.038 0.149683 0.0107801
0.039 0.167287 0.0126773
0.04 0.186263 0.014844
0.041 0.206649 0.0173088
0.042 0.228476 0.020102
0.043 0.251772 0.0232559
0.044 0.276559 0.0268047
0.045 0.302852 0.0307841
0.046 0.33066 0.035232
0.047 0.359983 0.0401876
0.048 0.390817 0.0456921
0.049 0.423147 0.051788
0.05 0.456952 0.0585193
0.051 0.492203 0.0659316
0.052 0.528859 0.0740713
0.053 0.566876 0.0829864
0.054 0.606196 0.0927253
0.055 0.646754 0.103337
0.056 0.688478 0.114873
0.057 0.731283 0.127381
0.058 0.775077 0.140914
0.059 0.819761 0.15552
0.06 0.865224 0.17125
0.061 0.911349 0.188152
0.062 0.958009 0.206276
0.063 1.00507 0.225668
0.064 1.05239 0.246372
0.065 1.09982 0.268434
0.066 1.14721 0.291894
0.067 1.19439 0.31679
0.068 1.24119 0.34316
0.069 1.28745 0.371035
0.07 1.33299 0.400446
0.071 1.37762 0.431416
0.072 1.42116 0.463968
0.073 1.46342 0.498118
0.074 1.50423 0.533878
0.075 1.54338 0.571254
0.076 1.5807 0.610247
0.077 1.616 0.650853
0.078 1.64909 0.693059
0.079 1.67979 0.736849
0.08 1.70792 0.782198
0.081 1.73331 0.829075
0.082 1.7558 0.877441
0.083 1.77522 0.927252
0.084 1.79142 0.978453
0.085 1.80426 1.03098
0.086 1.81361 1.08477
0.087 1.81933 1.13975
0.088 1.82131 1.19582
0.089 1.81946 1.2529
0.09 1.81368 1.31088
0.091 1.8039 1.36965
0.092 1.79006 1.42911
0.093 1.77211 1.48911
0.094 1.75002 1.54954
0.095 1.72378 1.61025
0.096 1.69338 1.67108
0.097 1.65885 1.7319
0.098 1.62021 1.79253
0.099 1.57753 1.85281
0.1 1.53087 1.91256
0.101 1.48031 1.97161
0.102 1.42597 2.02977
0.103 1.36797 2.08685
0.104 1.30644 2.14265
0.105 1.24154 2.19698
0.106 1.17345 2.24965
0.107 1.10236 2.30044
0.108 1.02847 2.34916
0.109 0.952015 2.39559
0.11 0.873221 2.43954
0.111 0.792343 2.48079
0.112 0.709647 2.51915
0.113 0.625411 2.55441
0.114 0.539924 2.58638
0.115 0.453486 2.61486
0.116 0.366407 2.63966
0.117 0.279004 2.66059
0.118 0.191605 2.67748
0.119 0.10454 2.69015
0.12 0.0181446 2.69844
0.121 -0.0672403 2.7022
0.122 -0.151273 2.70128
0.123 -0.233613 2.69554
0.124 -0.313917 2.68486
0.125 -0.391846 2.66913
0.126 -0.467066 2.64825
0.127 -0.539246 2.62213
0.128 -0.608064 2.5907
0.129 -0.673204 2.5539
0.13 -0.734361 2.5117
0.131 -0.791242 2.46405
0.132 -0.843566 2.41097
0.133 -0.891065 2.35244
0.134 -0.933489 2.2885
0.135 -0.970602 2.21919
0.136 -1.00219 2.14456
0.137 -1.02805 2.06471
0.138 -1.04801 1.97971
0.139 -1.06192 1.88969
0.14 -1.06964 1.79479
0.141 -1.07106 1.69514
0.142 -1.06609 1.59094
0.143 -1.05469 1.48235
0.144 -1.03682 1.3696
0.145 -1.01246 1.25289
0.146 -0.981636 1.13249
0.147 -0.944401 1.00864
0.148 -0.900825 0.881615
0.149 -0.85101 0.751713
0.15 -0.795086 0.619238
0.151 -0.73321 0.484508
0.152 -0.665565 0.347858
0.153 -0.592364 0.209633
0.154 -0.513842 0.0701917
0.155 -0.430264 -0.0700987
0.156 -0.341918 -0.21086
0.157 -0.249117 -0.351706
0.158 -0.152197 -0.492244
0.159 -0.0515158 -0.632073
0.16 0.0525464 -0.770791
0.161 0.15959 -0.907989
0.162 0.269197 -1.04326
0.163 0.380933 -1.17619
0.164 0.494347 -1.30637
0.165 0.608974 -1.4334
0.166 0.724337 -1.55687
0.167 0.83995 -1.67638
0.168 0.955317 -1.79155
0.169 1.06994 -1.90198
0.17 1.1833 -2.00732
0.171 1.2949 -2.10718
0.172 1.40423 -2.20123
0.173 1.51077 -2.28913
0.174 1.61403 -2.37055
0.175 1.71351 -2.4452
0.176 1.8087 -2.51278
0.177 1.89915 -2.57304
0.178 1.98437 -2.62573
0.179 2.06391 -2.67061
0.18 2.13734 -2.70751
0.181 2.20423 -2.73622
0.182 2.26418 -2.75661
0.183 2.31683 -2.76855
0.184 2.36181 -2.77193
0.185 2.39881 -2.76669
0.186 2.42751 -2.75279
0.187 2.44765 -2.7302
0.188 2.45899 -2.69894
0.189 2.46132 -2.65905
0.19 2.45447 -2.61061
0.191 2.43829 -2.55372
0.192 2.41268 -2.48851
0.193 2.37757 -2.41514
0.194 2.33293 -2.3338
0.195 2.27875 -2.24472
0.196 2.21509 -2.14814
0.197 2.14202 -2.04434
0.198 2.05967 -1.93363
0.199 1.96818 -1.81633
0.2 1.86775 -1.69282
0.201 1.75861 -1.56346
0.202 1.64104 -1.42866
0.203 1.51534 -1.28887
0.204 1.38185 -1.14452
0.205 1.24094 -0.996096
0.206 1.09303 -0.84408
0.207 0.938556 -0.688984
0.208 0.777991 -0.53133
0.209 0.611836 -0.371656
0.21 0.440622 -0.210513
0.211 0.264904 -0.0484594
0.212 0.0852587 0.113935
0.213 -0.0977116 0.276097
0.214 -0.283387 0.437444
0.215 -0.471131 0.597397
0.216 -0.660291 0.755371
0.217 -0.850203 0.910786
0.218 -1.04019 1.06306
0.219 -1.22957 1.21164
0.22 -1.41767 1.35593
0.221 -1.60378 1.49541
0.222 -1.78722 1.62952
0.223 -1.96732 1.75773
0.224 -2.14338 1.87953
0.225 -2.31474 1.99444
0.226 -2.48075 2.10198
0.227 -2.64077 2.20169
0.228 -2.79415 2.29315
0.229 -2.94031 2.37596
0.23 -3.07866 2.44974
0.231 -3.20864 2.51414
0.232 -3.32972 2.56886
0.233 -3.44139 2.6136
0.234 -3.5432 2.64811
0.235 -3.63469 2.67218
0.236 -3.71549 2.68562
0.237 -3.78521 2.6883
0.238 -3.84355 2.68008
0.239 -3.89023 2.66092
0.24 -3.925 2.63076
0.241 -3.94767 2.58962
0.242 -3.9581 2.53755
0.243 -3.95619 2.47461
0.244 -3.94187 2.40093
0.245 -3.91515 2.31668
0.246 -3.87606 2.22205
0.247 -3.8247 2.11728
0.248 -3.76119 2.00263
0.249 -3.68573 1.87843
0.25 -3.59855 1.74502
0.251 -3.49993 1.60277
0.252 -3.39018 1.4521
0.253 -3.26969 1.29346
0.254 -3.13887 1.12733
0.255 -2.99817 0.954211
0.256 -2.84809 0.77464
0.257 -2.68917 0.589178
0.258 -2.522 0.398409
0.259 -2.34716 0.202941
0.26 -2.16533 0.00340022
0.261 -1.97715 -0.199568
0.262 -1.78335 -0.405303
0.263 -1.58466 -0.613132
0.264 -1.38181 -0.822368
0.265 -1.17559 -1.03232
0.266 -0.966794 -1.24229
0.267 -0.756216 -1.45156
0.268 -0.544676 -1.65945
0.269 -0.332998 -1.86524
0.27 -0.12201 -2.06824
0.271 0.0874579 -2.26776
0.272 0.294578 -2.46311
0.273 0.498528 -2.65361
0.274 0.698494 -2.83863
0.275 0.893672 -3.01751
0.276 1.08328 -3.18963
0.277 1.26654 -3.35439
0.278 1.44271 -3.51123
0.279 1.61107 -3.65958
0.28 1.77093 -3.79892
0.281 1.92162 -3.92877
0.282 2.0625 -4.04867
0.283 2.19299 -4.15818
0.284 2.31253 -4.25691
0.285 2.42061 -4.34452
0.286 2.51675 -4.42068
0.287 2.60053 -4.48512
0.288 2.67158 -4.5376
0.289 2.72956 -4.57793
0.29 2.7742 -4.60596
0.291 2.80528 -4.62158
0.292 2.82262 -4.62472
0.293 2.82611 -4.61536
0.294 2.81568 -4.59353
0.295 2.79134 -4.5593
0.296 2.75313 -4.51278
0.297 2.70116 -4.45412
0.298 2.6356 -4.38352
0.299 2.55666 -4.30122
0.3 2.46461 -4.20751
0.301 2.35979 -4.10272
0.302 2.24257 -3.98719
0.303 2.11339 -3.86135
0.304 1.97273 -3.72562
0.305 1.82113 -3.58049
0.306 1.65916 -3.42645
0.307 1.48745 -3.26406
0.308 1.30666 -3.09387
0.309 1.1175 -2.91649
0.31 0.920712 -2.73253
0.311 0.717072 -2.54265
0.312 0.507391 -2.34752
0.313 0.292504 -2.1478
0.314 0.073274 -1.94422
0.315 -0.149416 -1.73747
0.316 -0.374664 -1.52828
0.317 -0.601553 -1.31739
0.318 -0.829158 -1.10553
0.319 -1.05654 -0.893427
0.32 -1.28277 -0.681833
0.321 -1.5069 -0.471475
0.322 -1.72801 -0.263081
0.323 -1.94516 -0.0573681
0.324 -2.15745 0.144958
0.325 -2.36397 0.343207
0.326 -2.56384 0.536705
0.327 -2.75622 0.724798
0.328 -2.94027 0.906854
0.329 -3.11518 1.08227
0.33 -3.2802 1.25046
0.331 -3.4346 1.41088
0.332 -3.57768 1.56301
0.333 -3.7088 1.70636
0.334 -3.82735 1.84049
0.335 -3.93278 1.96498
0.336 -4.02459 2.07946
0.337 -4.10232 2.18359
0.338 -4.16558 2.27708
0.339 -4.21403 2.35969
0.34 -4.24739 2.4312
0.341 -4.26544 2.49146
0.342 -4.26801 2.54033
0.343 -4.25502 2.57776
0.344 -4.22641 2.60372
0.345 -4.18221 2.61822
0.346 -4.12253 2.62132
0.347 -4.04749 2.61314
0.348 -3.95733 2.59383
0.349 -3.85231 2.56358
0.35 -3.73278 2.52264
0.351 -3.59912 2.47128
0.352 -3.4518 2.40983
0.353 -3.29131 2.33865
0.354 -3.11824 2.25814
0.355 -2.93319 2.16874
0.356 -2.73684 2.07092
0.357 -2.5299 1.96518
0.358 -2.31314 1.85205
0.359 -2.08735 1.7321
0.36 -1.85339 1.60591
0.361 -1.61212 1.4741
0.362 -1.36447 1.33729
0.363 -1.11136 1.19614
0.364 -0.853768 1.05132
0.365 -0.592675 0.903492
0.366 -0.329084 0.753359
0.367 -0.0640104 0.601612
0.368 0.201522 0.448953
0.369 0.466483 0.296083
0.37 0.729843 0.143702
0.371 0.990575 -0.00749243
0.372 1.24766 -0.156813
0.373 1.5001 -0.303581
0.374 1.74689 -0.447129
0.375 1.98707 -0.586809
0.376 2.21969 -0.721989
0.377 2.44383 -0.852057
0.378 2.65861 -0.976427
0.379 2.86318 -1.09454
0.38 3.05673 -1.20586
0.381 3.2385 -1.30988
0.382 3.40775 -1.40614
0.383 3.56382 -1.4942
0.384 3.70609 -1.57366
0.385 3.83399 -1.64416
0.386 3.94702 -1.70538
0.387 4.04473 -1.75704
0.388 4.12673 -1.79891
0.389 4.1927 -1.83078
0.39 4.24239 -1.8525
0.391 4.27559 -1.86397
0.392 4.29219 -1.86513
0.393 4.29213 -1.85596
0.394 4.27543 -1.83649
0.395 4.24215 -1.80679
0.396 4.19246 -1.76699
0.397 4.12657 -1.71723
0.398 4.04476 -1.65774
0.399 3.94738 -1.58876
0.4 3.83485 -1.51058
0.401 3.70765 -1.42354
0.402 3.56631 -1.32799
0.403 3.41145 -1.22436
0.404 3.24371 -1.11309
0.405 3.0638 -0.99465
0.406 2.87251 -0.869553
0.407 2.67062 -0.738338
0.408 2.45902 -0.601572
0.409 2.23859 -0.459846
0.41 2.01029 -0.313774
0.411 1.77507 -0.163989
0.412 1.53396 -0.0111423
0.413 1.28799 0.144102
0.414 1.0382 0.301068
0.415 0.785681 0.459071
0.416 0.531516 0.617421
0.417 0.276805 0.775426
0.418 0.0226504 0.932395
0.419 -0.229844 1.08764
0.42 -0.479578 1.24047
0.421 -0.725462 1.39023
0.422 -0.966417 1.53625
0.423 -1.20138 1.67789
0.424 -1.42932 1.81452
0.425 -1.64923 1.94553
0.426 -1.86012 2.07035
0.427 -2.06104 2.18842
0.428 -2.25111 2.29921
0.429 -2.42944 2.40223
0.43 -2.59523 2.49701
0.431 -2.74771 2.58314
0.432 -2.88616 2.66021
0.433 -3.00995 2.72789
0.434 -3.11846 2.78585
0.435 -3.21118 2.83385
0.436 -3.28762 2.87164
0.437 -3.34739 2.89906
0.438 -3.39017 2.91596
0.439 -3.41568 2.92227
0.44 -3.42375 2.91795
0.441 -3.41424 2.90299
0.442 -3.38714 2.87747
0.443 -3.34245 2.84147
0.444 -3.2803 2.79515
0.445 -3.20086 2.7387
0.446 -3.10439 2.67236
0.447 -2.99121 2.59643
0.448 -2.86172 2.51122
0.449 -2.71639 2.41712
0.45 -2.55575 2.31453
0.451 -2.38042 2.20391
0.452 -2.19106 2.08574
0.453 -1.9884 1.96056
0.454 -1.77323 1.82893
0.455 -1.54639 1.69142
0.456 -1.30878 1.54867
0.457 -1.06135 1.40132
0.458 -0.805089 1.25003
0.459 -0.541031 1.0955
0.46 -0.270247 0.938428
0.461 0.00616097 0.779541
0.462 0.287061 0.619569
0.463 0.571297 0.459255
0.464 0.857694 0.299344
0.465 1.14506 0.140586
0.466 1.43221 -0.0162731
0.467 1.71793 -0.170489
0.468 2.00101 -0.321328
0.469 2.28027 -0.468066
0.47 2.55451 -0.609992
0.471 2.82257 -0.746416
0.472 3.08329 -0.876664
0.473 3.33555 -1.00009
0.474 3.57825 -1.11607
0.475 3.81034 -1.22401
0.476 4.03078 -1.32335
0.477 4.23861 -1.41357
0.478 4.43288 -1.49418
0.479 4.61273 -1.56473
0.48 4.77732 -1.62481
0.481 4.9259 -1.67405
0.482 5.05776 -1.71215
0.483 5.17227 -1.73882
0.484 5.26885 -1.75386
0.485 5.34701 -1.75707
0.486 5.40634 -1.74835
0.487 5.44647 -1.72763
0.488 5.46715 -1.69488
0.489 5.46817 -1.65014
0.49 5.44943 -1.5935
0.491 5.4109 -1.52511
0.492 5.35263 -1.44515
0.493 5.27474 -1.35388
0.494 5.17745 -1.2516
0.495 5.06105 -1.13865
0.496 4.92592 -1.01543
0.497 4.77249 -0.88239
0.498 4.60129 -0.740024
0.499 4.41293 -0.58887
0.5 4.20808 -0.42951
0.501 3.98748 -0.262567
0.502 3.75194 -0.0887
0.503 3.50234 0.0913931
0.504 3.2396 0.276983
0.505 2.96472 0.467309
0.506 2.67875 0.661583
0.507 2.38277 0.858995
0.508 2.07794 1.05871
0.509 1.76541 1.25988
0.51 1.44642 1.46164
0.511 1.12221 1.6631
0.512 0.794039 1.8634
0.513 0.463209 2.06165
0.514 0.131024 2.25694
0.515 -0.201197 2.44842
0.516 -0.532134 2.63519
0.517 -0.860466 2.81639
0.518 -1.18488 2.99119
0.519 -1.50406 3.15873
0.52 -1.81674 3.31823
0.521 -2.12163 3.46888
0.522 -2.41752 3.60994
0.523 -2.70319 3.74069
0.524 -2.97747 3.86044
0.525 -3.23924 3.96853
0.526 -3.48744 4.06437
0.527 -3.72102 4.14739
0.528 -3.93902 4.21707
0.529 -4.14053 4.27295
0.53 -4.32471 4.31461
0.531 -4.49079 4.34168
0.532 -4.63806 4.35387
0.533 -4.76588 4.35092
0.534 -4.87371 4.33264
0.535 -4.96108 4.29889
0.536 -5.02758 4.24962
0.537 -5.07293 4.1848
0.538 -5.09688 4.10448
0.539 -5.09932 4.00879
0.54 -5.08019 3.89789
0.541 -5.03954 3.77203
0.542 -4.97749 3.6315
0.543 -4.89426 3.47665
0.544 -4.79015 3.30791
0.545 -4.66556 3.12575
0.546 -4.52095 2.9307
0.547 -4.35689 2.72335
0.548 -4.17403 2.50434
0.549 -3.97307 2.27434
0.55 -3.75481 2.03411
0.551 -3.52012 1.78443
0.552 -3.26994 1.52611
0.553 -3.00527 1.26002
0.554 -2.72718 0.987068
0.555 -2.4368 0.708182
0.556 -2.1353 0.424325
0.557 -1.82391 0.136487
0.558 -1.50391 -0.154321
0.559 -1.17661 -0.447071
0.56 -0.843351 -0.740717
0.561 -0.505512 -1.03421
0.562 -0.164489 -1.32648
0.563 0.1783 -1.61648
0.564 0.521429 -1.90314
0.565 0.863464 -2.1854
0.566 1.20297 -2.46223
0.567 1.53852 -2.7326
0.568 1.8687 -2.99549
0.569 2.1921 -3.24992
0.57 2.50736 -3.49494
0.571 2.81311 -3.7296
0.572 3.10806 -3.95301
0.573 3.39092 -4.16433
0.574 3.66046 -4.36272
0.575 3.91551 -4.54743
0.576 4.15494 -4.71772
0.577 4.37768 -4.87293
0.578 4.58275 -5.01245
0.579 4.7692 -5.1357
0.58 4.93617 -5.2422
0.581 5.08289 -5.33149
0.582 5.20865 -5.40321
0.583 5.31283 -5.45704
0.584 5.3949 -5.49274
0.585 5.45441 -5.51013
0.586 5.491 -5.5091
0.587 5.5044 -5.48962
0.588 5.49445 -5.45172
0.589 5.46107 -5.3955
0.59 5.40428 -5.32113
0.591 5.32417 -5.22885
0.592 5.22097 -5.11897
0.593 5.09497 -4.99188
0.594 4.94657 -4.84801
0.595 4.77624 -4.68787
0.596 4.58457 -4.51205
0.597 4.37221 -4.32117
0.598 4.13993 -4.11592
0.599 3.88854 -3.89707
0.6 3.61896 -3.66541
0.601 3.33217 -3.4218
0.602 3.02924 -3.16714
0.603 2.7113 -2.90238
0.604 2.37953 -2.62852
0.605 2.03519 -2.34658
0.606 1.67958 -2.05762
0.607 1.31405 -1.76272
0.608 0.940015 -1.46301
0.609 0.558902 -1.15962
0.61 0.172181 -0.853699
0.611 -0.218651 -0.546419
0.612 -0.612076 -0.23895
0.613 -1.00656 0.0675328
0.614 -1.40057 0.371853
0.615 -1.79255 0.672842
0.616 -2.18097 0.969342
0.617 -2.5643 1.26021
0.618 -2.94102 1.54431
0.619 -3.30964 1.82056
0.62 -3.66871 2.08788
0.621 -4.01679 2.34522
0.622 -4.35249 2.59159
0.623 -4.67447 2.82602
0.624 -4.98144 3.04759
0.625 -5.27217 3.25543
0.626 -5.54548 3.44872
0.627 -5.80026 3.62669
0.628 -6.03549 3.78863
0.629 -6.2502 3.93391
0.63 -6.44352 4.06192
0.631 -6.61464 4.17216
0.632 -6.76286 4.26418
0.633 -6.88755 4.33758
0.634 -6.98819 4.39207
0.635 -7.06435 4.4274
0.636 -7.11568 4.44341
0.637 -7.14196 4.44001
0.638 -7.14303 4.41718
0.639 -7.11887 4.37499
0.64 -7.06952 4.31356
0.641 -6.99516 4.2331
0.642 -6.89605 4.13391
0.643 -6.77254 4.01632
0.644 -6.62509 3.88077
0.645 -6.45425 3.72776
0.646 -6.26068 3.55785
0.647 -6.04511 3.37166
0.648 -5.80837 3.16989
0.649 -5.55137 2.9533
0.65 -5.27512 2.72269
0.651 -4.98067 2.47893
0.652 -4.66918 2.22295
0.653 -4.34186 1.95571
0.654 -4 1.67821
0.655 -3.64494 1.39151
0.656 -3.27806 1.0967
0.657 -2.90082 0.794892
0.658 -2.5147 0.487239
0.659 -2.12121 0.17491
0.66 -1.72193 -0.140905
0.661 -1.31842 -0.459004
0.662 -0.912276 -0.778173
0.663 -0.505113 -1.09719
0.664 -0.098544 -1.41485
0.665 0.30582 -1.72993
0.666 0.706372 -2.04122
0.667 1.10152 -2.34754
0.668 1.4897 -2.64772
0.669 1.86936 -2.94061
0.67 2.239 -3.22509
0.671 2.59713 -3.50008
0.672 2.94235 -3.76451
0.673 3.27326 -4.01739
0.674 3.58856 -4.25774
0.675 3.88699 -4.48466
0.676 4.16736 -4.69727
0.677 4.42855 -4.89476
0.678 4.66953 -5.07638
0.679 4.88934 -5.24145
0.68 5.0871 -5.38933
0.681 5.26202 -5.51948
0.682 5.41343 -5.63138
0.683 5.54071 -5.72464
0.684 5.64337 -5.79889
0.685 5.72101 -5.85386
0.686 5.77333 -5.88936
0.687 5.80014 -5.90526
0.688 5.80133 -5.90151
0.689 5.77692 -5.87813
0.69 5.72702 -5.83524
0.691 5.65186 -5.77301
0.692 5.55175 -5.69169
0.693 5.42712 -5.59161
0.694 5.27849 -5.47317
0.695 5.10648 -5.33683
0.696 4.91181 -5.18315
0.697 4.69529 -5.01271
0.698 4.45782 -4.82619
0.699 4.20038 -4.62431
0.7 3.92404 -4.40788
0.701 3.62994 -4.17772
0.702 3.31931 -3.93474
0.703 2.99343 -3.67987
0.704 2.65366 -3.41411
0.705 2.30139 -3.13849
0.706 1.9381 -2.85406
0.707 1.56528 -2.56192
0.708 1.18449 -2.2632
0.709 0.797308 -1.95905
0.71 0.405336 -1.65062
0.711 0.0102073 -1.33911
0.712 -0.386434 -1.02569
0.713 -0.782938 -0.711556
0.714 -1.17765 -0.397906
0.715 -1.56893 -0.0859227
0.716 -1.95513 0.223216
0.717 -2.33465 0.528349
0.718 -2.70589 0.828332
0.719 -3.06729 1.12205
0.72 -3.41735 1.40841
0.721 -3.75458 1.68635
0.722 -4.07756 1.95485
0.723 -4.38493 2.21294
0.724 -4.67537 2.45968
0.725 -4.94767 2.69417
0.726 -5.20065 2.9156
0.727 -5.43322 3.12317
0.728 -5.64439 3.31617
0.729 -5.83323 3.49393
0.73 -5.99892 3.65587
0.731 -6.14073 3.80144
0.732 -6.25802 3.9302
0.733 -6.35026 4.04175
0.734 -6.41699 4.13576
0.735 -6.45791 4.21199
0.736 -6.47277 4.27026
0.737 -6.46146 4.31048
0.738 -6.42396 4.33261
0.739 -6.36036 4.33671
0.74 -6.27087 4.3229
0.741 -6.15578 4.29136
0.742 -6.01551 4.24238
0.743 -5.85058 4.17629
0.744 -5.66158 4.09349
0.745 -5.44924 3.99446
0.746 -5.21436 3.87975
0.747 -4.95785 3.74995
0.748 -4.68069 3.60575
0.749 -4.38396 3.44785
0.75 -4.06881 3.27704
0.751 -3.73647 3.09414
0.752 -3.38826 2.90005
0.753 -3.02553 2.69567
0.754 -2.64971 2.48198
0.755 -2.2623 2.25997
0.756 -1.86481 2.03067
0.757 -1.45884 1.79515
0.758 -1.04598 1.55448
0.759 -0.627882 1.30978
0.76 -0.206203 1.06214
0.761 0.217375 0.812712
0.762 0.641165 0.56261
0.763 1.06348 0.312968
0.764 1.48262 0.0649127
0.765 1.89693 -0.18044
0.766 2.30474 -0.421988
0.767 2.70443 -0.658648
0.768 3.09439 -0.889358
0.769 3.47306 -1.11309
0.77 3.83894 -1.32883
0.771 4.19055 -1.53563
0.772 4.52648 -1.73255
0.773 4.8454 -1.91873
0.774 5.14602 -2.09331
0.775 5.42715 -2.25553
0.776 5.68765 -2.40465
0.777 5.9265 -2.54
0.778 6.14273 -2.66098
0.779 6.33548 -2.76704
0.78 6.50399 -2.85769
0.781 6.6476 -2.93252
0.782 6.76573 -2.99118
0.783 6.85792 -3.0334
0.784 6.92382 -3.05898
0.785 6.96317 -3.06777
0.786 6.97584 -3.05973
0.787 6.96179 -3.03487
0.788 6.9211 -2.99326
0.789 6.85396 -2.93508
0.79 6.76065 -2.86055
0.791 6.64159 -2.76998
0.792 6.49727 -2.66373
0.793 6.32831 -2.54225
0.794 6.13542 -2.40605
0.795 5.91942 -2.25568
0.796 5.68119 -2.0918
0.797 5.42175 -1.91509
0.798 5.14218 -1.72629
0.799 4.84363 -1.52621
0.8 4.52737 -1.3157
0.801 4.19471 -1.09565
0.802 3.84703 -0.867007
0.803 3.48578 -0.630747
0.804 3.11248 -0.387881
0.805 2.72867 -0.139451
0.806 2.33596 0.113475
0.807 1.93598 0.369808
0.808 1.53041 0.628443
0.809 1.12093 0.888263
0.81 0.709253 1.14814
0.811 0.2971 1.40696
0.812 -0.113807 1.66358
0.813 -0.521752 1.9169
0.814 -0.925026 2.1658
0.815 -1.32194 2.4092
0.816 -1.71084 2.64603
0.817 -2.09008 2.87526
0.818 -2.45808 3.09586
0.819 -2.81328 3.30686
0.82 -3.1542 3.50732
0.821 -3.47939 3.69636
0.822 -3.78749 3.87311
0.823 -4.07718 4.03679
0.824 -4.34724 4.18664
0.825 -4.59653 4.32199
0.826 -4.82397 4.4422
0.827 -5.0286 4.54671
0.828 -5.20953 4.63501
0.829 -5.36598 4.70669
0.83 -5.49728 4.76137
0.831 -5.60283 4.79877
0.832 -5.68218 4.81867
0.833 -5.73495 4.82092
0.834 -5.76089 4.80546
0.835 -5.75985 4.77228
0.836 -5.73181 4.72147
0.837 -5.67684 4.65317
0.838 -5.59514 4.56763
0.839 -5.48701 4.46515
0.84 -5.35285 4.34608
0.841 -5.1932 4.21089
0.842 -5.00868 4.06009
0.843 -4.80002 3.89426
0.844 -4.56805 3.71404
0.845 -4.31371 3.52015
0.846 -4.03801 3.31335
0.847 -3.74207 3.09448
0.848 -3.42709 2.8644
0.849 -3.09436 2.62405
0.85 -2.74522 2.37441
0.851 -2.3811 2.11648
0.852 -2.0035 1.85133
0.853 -1.61396 1.58003
0.854 -1.21408 1.30372
0.855 -0.805515 1.02352
0.856 -0.38994 0.740596
0.857 0.0309231 0.456129
0.858 0.455334 0.1713
0.859 0.881532 -0.112698
0.86 1.30775 -0.394676
0.861 1.73221 -0.673448
0.862 2.15314 -0.947838
0.863 2.56878 -1.21668
0.864 2.9774 -1.47885
0.865 3.37728 -1.7332
0.866 3.76673 -1.97867
0.867 4.14411 -2.21419
0.868 4.50784 -2.43876
0.869 4.85635 -2.65138
0.87 5.18817 -2.85115
0.871 5.50187 -3.03717
0.872 5.79612 -3.20864
0.873 6.06963 -3.36479
0.874 6.32122 -3.50491
0.875 6.54979 -3.62837
0.876 6.75432 -3.7346
0.877 6.93391 -3.82309
0.878 7.08773 -3.89343
0.879 7.21509 -3.94525
0.88 7.31536 -3.97828
0.881 7.38807 -3.99232
0.882 7.43282 -3.98724
0.883 7.44935 -3.96301
0.884 7.4375 -3.91966
0.885 7.39722 -3.8573
0.886 7.32859 -3.77614
0.887 7.2318 -3.67644
0.888 7.10716 -3.55856
0.889 6.95508 -3.42293
0.89 6.77608 -3.27006
0.891 6.57082 -3.10052
0.892 6.34003 -2.91496
0.893 6.08457 -2.7141
0.894 5.8054 -2.49872
0.895 5.50355 -2.26968
0.896 5.18018 -2.02788
0.897 4.83652 -1.77429
0.898 4.47388 -1.50992
0.899 4.09367 -1.23583
0.9 3.69735 -0.953148
0.901 3.28645 -0.663012
0.902 2.86258 -0.366612
0.903 2.42739 -0.0651624
0.904 1.98258 0.240093
0.905 1.52989 0.54789
0.906 1.07109 0.856949
0.907 0.608 1.16598
0.908 0.14243 1.47369
0.909 -0.32378 1.77877
0.91 -0.78879 2.07995
0.911 -1.25076 2.37593
0.912 -1.70786 2.66545
0.913 -2.15829 2.94727
0.914 -2.60024 3.22016
0.915 -3.03198 3.48293
0.916 -3.45179 3.73444
0.917 -3.85798 3.97357
0.918 -4.24896 4.19925
0.919 -4.62316 4.41047
0.92 -4.97909 4.60624
0.921 -5.31533 4.78568
0.922 -5.63054 4.94794
0.923 -5.92346 5.09222
0.924 -6.19293 5.21782
0.925 -6.43787 5.32411
0.926 -6.65729 5.41051
0.927 -6.85034 5.47653
0.928 -7.01622 5.52177
0.929 -7.15429 5.54589
0.93 -7.26399 5.54864
0.931 -7.34488 5.52988
0.932 -7.39666 5.4895
0.933 -7.4191 5.42753
0.934 -7.41214 5.34406
0.935 -7.3758 5.23925
0.936 -7.31023 5.11338
0.937 -7.21572 4.9668
0.938 -7.09263 4.79992
0.939 -6.94148 4.61326
0.94 -6.76289 4.40742
0.941 -6.55758 4.18305
0.942 -6.3264 3.94091
0.943 -6.07027 3.6818
0.944 -5.79026 3.40662
0.945 -5.48749 3.11631
0.946 -5.16321 2.8119
0.947 -4.81873 2.49444
0.948 -4.45546 2.16506
0.949 -4.07489 1.82495
0.95 -3.67855 1.47533
0.951 -3.26809 1.11745
0.952 -2.84516 0.752616
0.953 -2.4115 0.382163
0.954 -1.96888 0.00744261
0.955 -1.51911 -0.370167
0.956 -1.06403 -0.749275
0.957 -0.605505 -1.12848
0.958 -0.145416 -1.50637
0.959 0.314352 -1.88155
0.96 0.771912 -2.25262
0.961 1.22538 -2.61819
0.962 1.67291 -2.97689
0.963 2.11263 -3.32738
0.964 2.54275 -3.66835
0.965 2.9615 -3.9985
0.966 3.36713 -4.3166
0.967 3.75797 -4.62145
0.968 4.13241 -4.91189
0.969 4.48889 -5.18682
0.97 4.82592 -5.44521
0.971 5.14211 -5.68608
0.972 5.43612 -5.9085
0.973 5.70673 -6.11164
0.974 5.95279 -6.29472
0.975 6.17327 -6.45705
0.976 6.36722 -6.59801
0.977 6.53381 -6.71706
0.978 6.67232 -6.81375
0.979 6.78215 -6.8877
0.98 6.86279 -6.93865
0.981 6.91387 -6.96639
0.982 6.93513 -6.97082
0.983 6.92644 -6.95192
0.984 6.88778 -6.90976
0.985 6.81925 -6.84452
0.986 6.72109 -6.75644
0.987 6.59363 -6.64585
0.988 6.43734 -6.51319
0.989 6.25281 -6.35897
0.99 6.04072 -6.18378
0.991 5.80189 -5.98829
0.992 5.53724 -5.77325
0.993 5.24777 -5.5395
0.994 4.93462 -5.28793
0.995 4.59901 -5.01951
0.996 4.24224 -4.73527
0.997 3.86571 -4.43631
0.998 3.4709 -4.12378
0.999 3.05936 -3.79888
1 2.63272 -3.46285
