0.001 3.5166e-008 2.72804e-009
0.002 3.19037e-007 2.19079e-008
0.003 1.49909e-006 9.09014e-008
0.004 4.95167e-006 2.66702e-007
0.005 1.30724e-005 6.32444e-007
0.006 2.95566e-005 1.3016e-006
0.007 5.96666e-005 2.42433e-006
0.008 0.000110485 4.1963e-006
0.009 0.000191147 6.87053e-006
0.01 0.000313061 1.07724e-005
0.011 0.000490096 1.63185e-005
0.012 0.000738754 2.40389e-005
0.013 0.00107831 3.46038e-005
0.014 0.00153095 4.88545e-005
0.015 0.0021218 6.78385e-005
0.016 0.00287908 9.28492e-005
0.017 0.00383403 0.00012547
0.018 0.00502097 0.000167623
0.019 0.00647723 0.00022162
0.02 0.00824312 0.000290225
0.021 0.0103618 0.000376705
0.022 0.012879 0.000484906
0.023 0.0158433 0.000619311
0.024 0.0193054 0.000785117
0.025 0.023318 0.000988304
0.026 0.0279359 0.00123571
0.027 0.0332154 0.00153512
0.028 0.0392139 0.00189531
0.029 0.0459897 0.00232616
0.03 0.0536018 0.00283871
0.031 0.0621092 0.00344525
0.032 0.0715706 0.00415938
0.033 0.0820439 0.00499606
0.034 0.0935859 0.00597173
0.035 0.106252 0.00710433
0.036 0.120095 0.00841335
0.037 0.135165 0.00991993
0.038 0.151511 0.0116468
0.039 0.169175 0.0136185
0.04 0.188198 0.0158612
0.041 0.208615 0.0184029
0.042 0.230457 0.0212731
0.043 0.253748 0.0245033
0.044 0.278508 0.0281266
0.045 0.304749 0.0321779
0.046 0.332479 0.0366935
0.047 0.361695 0.0417116
0.048 0.392391 0.0472717
0.049 0.424549 0.0534149
0.05 0.458146 0.0601835
0.051 0.493151 0.067621
0.052 0.529522 0.0757721
0.053 0.567211 0.0846825
0.054 0.606159 0.0943985
0.055 0.6463 0.104967
0.056 0.687559 0.116436
0.057 0.72985 0.128852
0.058 0.773082 0.142264
0.059 0.817153 0.156719
0.06 0.861952 0.172263
0.061 0.90736 0.188943
0.062 0.953253 0.206805
0.063 0.999495 0.225891
0.064 1.04594 0.246244
0.065 1.09245 0.267905
0.066 1.13887 0.290912
0.067 1.18503 0.3153
0.068 1.23077 0.341103
0.069 1.27592 0.36835
0.07 1.3203 0.397068
0.071 1.36373 0.427278
0.072 1.40604 0.459
0.073 1.44705 0.492247
0.074 1.48656 0.527028
0.075 1.5244 0.563348
0.076 1.56038 0.601205
0.077 1.59431 0.640593
0.078 1.62603 0.681499
0.079 1.65536 0.723903
0.08 1.68211 0.767782
0.081 1.70613 0.813102
0.082 1.72725 0.859825
0.083 1.74532 0.907905
0.084 1.76019 0.957289
0.085 1.77173 1.00792
0.086 1.7798 1.05972
0.087 1.78429 1.11263
0.088 1.7851 1.16655
0.089 1.78211 1.2214
0.09 1.77526 1.27708
0.091 1.76447 1.33348
0.092 1.74969 1.3905
0.093 1.73088 1.448
0.094 1.70802 1.50587
0.095 1.68108 1.56397
0.096 1.65009 1.62216
0.097 1.61505 1.68028
0.098 1.57602 1.73819
0.099 1.53305 1.79573
0.1 1.48621 1.85273
0.101 1.43559 1.90901
0.102 1.3813 1.96442
0.103 1.32347 2.01875
0.104 1.26223 2.07184
0.105 1.19775 2.12349
0.106 1.1302 2.17353
0.107 1.05978 2.22174
0.108 0.986681 2.26795
0.109 0.911136 2.31197
0.11 0.833378 2.35359
0.111 0.753657 2.39262
0.112 0.672236 2.42889
0.113 0.589388 2.46219
0.114 0.5054 2.49234
0.115 0.420567 2.51917
0.116 0.335194 2.54248
0.117 0.249593 2.56212
0.118 0.164084 2.57791
0.119 0.0789908 2.5897
0.12 -0.00535704 2.59734
0.121 -0.088628 2.60067
0.122 -0.170489 2.59957
0.123 -0.250606 2.59392
0.124 -0.328647 2.58359
0.125 -0.404283 2.5685
0.126 -0.477189 2.54854
0.127 -0.547044 2.52364
0.128 -0.613537 2.49373
0.129 -0.676362 2.45878
0.13 -0.735226 2.41873
0.131 -0.789846 2.37357
0.132 -0.839952 2.3233
0.133 -0.885288 2.26791
0.134 -0.925613 2.20745
0.135 -0.960703 2.14196
0.136 -0.990352 2.07148
0.137 -1.01437 1.9961
0.138 -1.0326 1.91592
0.139 -1.04489 1.83104
0.14 -1.05111 1.7416
0.141 -1.05118 1.64773
0.142 -1.045 1.5496
0.143 -1.03253 1.4474
0.144 -1.01374 1.34131
0.145 -0.988633 1.23154
0.146 -0.957233 1.11833
0.147 -0.91959 1.00193
0.148 -0.875784 0.882578
0.149 -0.825918 0.760561
0.15 -0.770125 0.636161
0.151 -0.708562 0.509679
0.152 -0.641414 0.381428
0.153 -0.568892 0.251729
0.154 -0.491229 0.120918
0.155 -0.408689 -0.0106626
0.156 -0.321554 -0.142661
0.157 -0.230133 -0.274717
0.158 -0.134756 -0.406465
0.159 -0.0357741 -0.537534
0.16 0.0664399 -0.66755
0.161 0.171496 -0.796134
0.162 0.278986 -0.922907
0.163 0.388484 -1.04749
0.164 0.499554 -1.1695
0.165 0.611741 -1.28857
0.166 0.724583 -1.40432
0.167 0.837606 -1.51639
0.168 0.950331 -1.62441
0.169 1.06227 -1.72803
0.17 1.17293 -1.82691
0.171 1.28182 -1.92071
0.172 1.38845 -2.00912
0.173 1.49233 -2.09183
0.174 1.59297 -2.16854
0.175 1.68989 -2.23897
0.176 1.78261 -2.30287
0.177 1.87068 -2.35998
0.178 1.95364 -2.4101
0.179 2.03106 -2.453
0.18 2.10251 -2.48852
0.181 2.1676 -2.5165
0.182 2.22595 -2.53678
0.183 2.27718 -2.54927
0.184 2.32097 -2.55387
0.185 2.357 -2.55052
0.186 2.38499 -2.53919
0.187 2.40468 -2.51986
0.188 2.41584 -2.49254
0.189 2.41828 -2.45729
0.19 2.41182 -2.41416
0.191 2.39634 -2.36326
0.192 2.37174 -2.30471
0.193 2.33796 -2.23867
0.194 2.29496 -2.1653
0.195 2.24276 -2.08482
0.196 2.1814 -1.99745
0.197 2.11096 -1.90346
0.198 2.03156 -1.80312
0.199 1.94335 -1.69674
0.2 1.84652 -1.58465
0.201 1.7413 -1.4672
0.202 1.62795 -1.34477
0.203 1.50676 -1.21776
0.204 1.37807 -1.08657
0.205 1.24224 -0.951637
0.206 1.09966 -0.813414
0.207 0.950763 -0.672365
0.208 0.796004 -0.528967
0.209 0.635863 -0.383713
0.21 0.470852 -0.237104
0.211 0.301503 -0.0896513
0.212 0.128372 0.0581264
0.213 -0.0479627 0.205705
0.214 -0.226907 0.352557
0.215 -0.40785 0.498152
0.216 -0.590165 0.64196
0.217 -0.773216 0.783453
0.218 -0.956356 0.922106
0.219 -1.13893 1.0574
0.22 -1.32029 1.18883
0.221 -1.49977 1.31588
0.222 -1.67671 1.43807
0.223 -1.85046 1.55492
0.224 -2.02037 1.66596
0.225 -2.1858 1.77076
0.226 -2.34612 1.86887
0.227 -2.50073 1.95991
0.228 -2.64902 2.04347
0.229 -2.79042 2.11919
0.23 -2.92436 2.18675
0.231 -3.05033 2.24582
0.232 -3.1678 2.29613
0.233 -3.2763 2.33741
0.234 -3.37539 2.36945
0.235 -3.46466 2.39204
0.236 -3.54371 2.40503
0.237 -3.61221 2.40828
0.238 -3.66984 2.40169
0.239 -3.71636 2.38522
0.24 -3.75152 2.35882
0.241 -3.77514 2.3225
0.242 -3.78709 2.2763
0.243 -3.78726 2.22031
0.244 -3.7756 2.15462
0.245 -3.75211 2.0794
0.246 -3.71682 1.99481
0.247 -3.66982 1.90107
0.248 -3.61124 1.79844
0.249 -3.54124 1.68718
0.25 -3.46005 1.56763
0.251 -3.36794 1.44011
0.252 -3.2652 1.30501
0.253 -3.1522 1.16272
0.254 -3.02932 1.01369
0.255 -2.897 0.858354
0.256 -2.7557 0.697211
0.257 -2.60594 0.530759
0.258 -2.44826 0.359526
0.259 -2.28324 0.184057
0.26 -2.11148 0.00491546
0.261 -1.93363 -0.177319
0.262 -1.75035 -0.362053
0.263 -1.56233 -0.548682
0.264 -1.37028 -0.736593
0.265 -1.17494 -0.925162
0.266 -0.977047 -1.11376
0.267 -0.777365 -1.30177
0.268 -0.576665 -1.48855
0.269 -0.375727 -1.67347
0.27 -0.175333 -1.85591
0.271 0.0237327 -2.03525
0.272 0.220686 -2.21088
0.273 0.41475 -2.38221
0.274 0.605154 -2.54864
0.275 0.79114 -2.7096
0.276 0.971964 -2.86455
0.277 1.1469 -3.01294
0.278 1.31523 -3.15427
0.279 1.47629 -3.28803
0.28 1.6294 -3.41378
0.281 1.77395 -3.53107
0.282 1.90933 -3.6395
0.283 2.03498 -3.73868
0.284 2.15038 -3.82826
0.285 2.25503 -3.90794
0.286 2.34848 -3.97743
0.287 2.43034 -4.0365
0.288 2.50024 -4.08492
0.289 2.55787 -4.12253
0.29 2.60296 -4.14921
0.291 2.6353 -4.16484
0.292 2.65471 -4.16939
0.293 2.66109 -4.16283
0.294 2.65437 -4.14518
0.295 2.63453 -4.11651
0.296 2.60163 -4.07692
0.297 2.55574 -4.02655
0.298 2.49703 -3.96557
0.299 2.42568 -3.89422
0.3 2.34196 -3.81273
0.301 2.24615 -3.7214
0.302 2.13861 -3.62055
0.303 2.01974 -3.51054
0.304 1.88999 -3.39176
0.305 1.74985 -3.26464
0.306 1.59986 -3.12962
0.307 1.44058 -2.98719
0.308 1.27266 -2.83785
0.309 1.09673 -2.68213
0.31 0.91349 -2.52058
0.311 0.723665 -2.35378
0.312 0.528005 -2.18231
0.313 0.327291 -2.00679
0.314 0.122325 -1.82782
0.315 -0.0860687 -1.64606
0.316 -0.297049 -1.46212
0.317 -0.509762 -1.27666
0.318 -0.723341 -1.09033
0.319 -0.936915 -0.903778
0.32 -1.14961 -0.717658
0.321 -1.36054 -0.532614
0.322 -1.56884 -0.349287
0.323 -1.77364 -0.168311
0.324 -1.9741 0.00969455
0.325 -2.16935 0.184121
0.326 -2.3586 0.354375
0.327 -2.54101 0.519882
0.328 -2.71583 0.680088
0.329 -2.8823 0.83446
0.33 -3.0397 0.982489
0.331 -3.18734 1.12369
0.332 -3.32456 1.25762
0.333 -3.45077 1.38385
0.334 -3.56538 1.50197
0.335 -3.66787 1.61165
0.336 -3.75777 1.71254
0.337 -3.83464 1.80435
0.338 -3.89811 1.88685
0.339 -3.94785 1.95979
0.34 -3.98358 2.02302
0.341 -4.00508 2.07639
0.342 -4.0122 2.1198
0.343 -4.00483 2.15318
0.344 -3.98293 2.17653
0.345 -3.9465 2.18986
0.346 -3.89561 2.19323
0.347 -3.8304 2.18673
0.348 -3.75104 2.17052
0.349 -3.65779 2.14476
0.35 -3.55093 2.10967
0.351 -3.43083 2.06549
0.352 -3.2979 2.01253
0.353 -3.15259 1.9511
0.354 -2.99542 1.88155
0.355 -2.82696 1.80427
0.356 -2.64781 1.71967
0.357 -2.45862 1.62821
0.358 -2.2601 1.53035
0.359 -2.05297 1.42659
0.36 -1.83802 1.31745
0.361 -1.61605 1.20346
0.362 -1.38788 1.08518
0.363 -1.1544 0.963192
0.364 -0.916483 0.838069
0.365 -0.675039 0.710412
0.366 -0.430992 0.580826
0.367 -0.185279 0.449924
0.368 0.0611518 0.318318
0.369 0.30735 0.186624
0.37 0.552363 0.0554576
0.371 0.79524 -0.0745733
0.372 1.03504 -0.202865
0.373 1.27082 -0.328824
0.374 1.50167 -0.451869
0.375 1.72668 -0.571431
0.376 1.94498 -0.686959
0.377 2.1557 -0.797919
0.378 2.35803 -0.903801
0.379 2.55117 -1.00412
0.38 2.73435 -1.0984
0.381 2.90687 -1.18622
0.382 3.06803 -1.26716
0.383 3.21721 -1.34084
0.384 3.35383 -1.40693
0.385 3.47734 -1.46512
0.386 3.58726 -1.51511
0.387 3.68317 -1.55668
0.388 3.76469 -1.58962
0.389 3.8315 -1.61377
0.39 3.88334 -1.62899
0.391 3.92004 -1.63521
0.392 3.94144 -1.63236
0.393 3.94748 -1.62045
0.394 3.93816 -1.5995
0.395 3.91351 -1.56959
0.396 3.87368 -1.53083
0.397 3.81882 -1.48335
0.398 3.74918 -1.42736
0.399 3.66508 -1.36307
0.4 3.56686 -1.29075
0.401 3.45496 -1.21069
0.402 3.32985 -1.12323
0.403 3.19206 -1.02872
0.404 3.04219 -0.927564
0.405 2.88087 -0.820182
0.406 2.70879 -0.707027
0.407 2.52669 -0.588577
0.408 2.33533 -0.465334
0.409 2.13553 -0.337819
0.41 1.92816 -0.206577
0.411 1.71408 -0.0721657
0.412 1.49422 0.0648392
0.413 1.26952 0.203851
0.414 1.04094 0.344274
0.415 0.809465 0.485505
0.416 0.576085 0.626933
0.417 0.341809 0.767951
0.418 0.107646 0.907947
0.419 -0.125389 1.04632
0.42 -0.356287 1.18246
0.421 -0.584043 1.31578
0.422 -0.807664 1.4457
0.423 -1.02617 1.57165
0.424 -1.23861 1.69308
0.425 -1.44403 1.80947
0.426 -1.64154 1.92029
0.427 -1.83026 2.02505
0.428 -2.00933 2.1233
0.429 -2.17795 2.2146
0.43 -2.33537 2.29855
0.431 -2.48086 2.37476
0.432 -2.61374 2.44289
0.433 -2.73341 2.50264
0.434 -2.83929 2.55374
0.435 -2.93087 2.59594
0.436 -3.0077 2.62906
0.437 -3.06939 2.65293
0.438 -3.11561 2.66745
0.439 -3.14609 2.67252
0.44 -3.16064 2.66812
0.441 -3.15912 2.65425
0.442 -3.14146 2.63095
0.443 -3.10767 2.59833
0.444 -3.0578 2.55651
0.445 -2.99201 2.50565
0.446 -2.91049 2.44598
0.447 -2.8135 2.37774
0.448 -2.7014 2.30122
0.449 -2.57457 2.21674
0.45 -2.43347 2.12468
0.451 -2.27865 2.02542
0.452 -2.11067 1.91941
0.453 -1.93018 1.80709
0.454 -1.73787 1.68897
0.455 -1.5345 1.56556
0.456 -1.32085 1.4374
0.457 -1.09778 1.30507
0.458 -0.866169 1.16915
0.459 -0.626942 1.03026
0.46 -0.381059 0.889002
0.461 -0.129512 0.746026
0.462 0.126678 0.601975
0.463 0.386468 0.457503
0.464 0.648796 0.313271
0.465 0.912584 0.169939
0.466 1.17674 0.0281684
0.467 1.44018 -0.111383
0.468 1.7018 -0.248065
0.469 1.96051 -0.381235
0.47 2.21522 -0.510263
0.471 2.46485 -0.634533
0.472 2.70836 -0.753449
0.473 2.94471 -0.866433
0.474 3.17287 -0.972929
0.475 3.39188 -1.07241
0.476 3.60078 -1.16437
0.477 3.79865 -1.24833
0.478 3.98464 -1.32387
0.479 4.15791 -1.39057
0.48 4.31769 -1.44806
0.481 4.46326 -1.49601
0.482 4.59394 -1.53412
0.483 4.70912 -1.56215
0.484 4.80825 -1.57989
0.485 4.89086 -1.58717
0.486 4.9565 -1.58386
0.487 5.00484 -1.5699
0.488 5.03559 -1.54525
0.489 5.04852 -1.50992
0.49 5.0435 -1.46399
0.491 5.02046 -1.40754
0.492 4.9794 -1.34075
0.493 4.92039 -1.26381
0.494 4.84359 -1.17697
0.495 4.74922 -1.08052
0.496 4.63756 -0.974782
0.497 4.50899 -0.860145
0.498 4.36395 -0.737022
0.499 4.20292 -0.605871
0.5 4.02649 -0.467188
0.501 3.83528 -0.321503
0.502 3.63 -0.169384
0.503 3.4114 -0.0114274
0.504 3.18029 0.151738
0.505 2.93754 0.319457
0.506 2.68406 0.49105
0.507 2.42082 0.665814
0.508 2.14882 0.843028
0.509 1.8691 1.02195
0.51 1.58275 1.20183
0.511 1.29088 1.38191
0.512 0.994606 1.56142
0.513 0.695099 1.73957
0.514 0.393528 1.9156
0.515 0.091078 2.08872
0.516 -0.211059 2.25818
0.517 -0.511688 2.4232
0.518 -0.809618 2.58305
0.519 -1.10366 2.73698
0.52 -1.39265 2.88427
0.521 -1.67543 3.02424
0.522 -1.95086 3.1562
0.523 -2.21784 3.27952
0.524 -2.47528 3.39356
0.525 -2.72216 3.49776
0.526 -2.95746 3.59155
0.527 -3.18024 3.67442
0.528 -3.38957 3.7459
0.529 -3.58461 3.80556
0.53 -3.76455 3.85301
0.531 -3.92866 3.8879
0.532 -4.07623 3.90994
0.533 -4.20668 3.91887
0.534 -4.31943 3.91451
0.535 -4.41403 3.8967
0.536 -4.49005 3.86535
0.537 -4.54717 3.82041
0.538 -4.58514 3.76189
0.539 -4.60377 3.68987
0.54 -4.60297 3.60445
0.541 -4.58271 3.50581
0.542 -4.54305 3.39416
0.543 -4.48412 3.26979
0.544 -4.40614 3.13301
0.545 -4.3094 2.98422
0.546 -4.19427 2.82383
0.547 -4.0612 2.65232
0.548 -3.9107 2.4702
0.549 -3.74336 2.27806
0.55 -3.55985 2.07648
0.551 -3.36089 1.86613
0.552 -3.14727 1.64769
0.553 -2.91986 1.42187
0.554 -2.67956 1.18944
0.555 -2.42735 0.951179
0.556 -2.16423 0.707899
0.557 -1.89129 0.460438
0.558 -1.60962 0.209652
0.559 -1.32038 -0.0435842
0.56 -1.02474 -0.298381
0.561 -0.723919 -0.553837
0.562 -0.419153 -0.809045
0.563 -0.111695 -1.06309
0.564 0.197184 -1.31507
0.565 0.506207 -1.56406
0.566 0.814089 -1.80917
0.567 1.11955 -2.0495
0.568 1.42131 -2.28418
0.569 1.7181 -2.51234
0.57 2.00869 -2.73313
0.571 2.29183 -2.94575
0.572 2.56634 -3.14941
0.573 2.83103 -3.34334
0.574 3.08478 -3.52681
0.575 3.3265 -3.69915
0.576 3.55514 -3.85969
0.577 3.7697 -4.00783
0.578 3.96925 -4.143
0.579 4.15289 -4.26469
0.58 4.3198 -4.37243
0.581 4.46923 -4.46581
0.582 4.60048 -4.54445
0.583 4.71294 -4.60804
0.584 4.80606 -4.65634
0.585 4.87938 -4.68915
0.586 4.9325 -4.70632
0.587 4.96512 -4.70778
0.588 4.97701 -4.6935
0.589 4.96802 -4.66352
0.59 4.93809 -4.61794
0.591 4.88725 -4.55691
0.592 4.81559 -4.48065
0.593 4.72333 -4.38944
0.594 4.61071 -4.2836
0.595 4.47811 -4.16353
0.596 4.32596 -4.02965
0.597 4.15478 -3.88248
0.598 3.96516 -3.72255
0.599 3.75777 -3.55046
0.6 3.53336 -3.36685
0.601 3.29275 -3.17243
0.602 3.0368 -2.9679
0.603 2.76647 -2.75406
0.604 2.48276 -2.5317
0.605 2.18674 -2.30166
0.606 1.87951 -2.06483
0.607 1.56224 -1.82209
0.608 1.23612 -1.57438
0.609 0.902411 -1.32264
0.61 0.562378 -1.06782
0.611 0.217327 -0.810911
0.612 -0.131415 -0.552888
0.613 -0.482501 -0.294743
0.614 -0.834574 -0.0374677
0.615 -1.18627 0.217949
0.616 -1.53622 0.470524
0.617 -1.88306 0.719282
0.618 -2.22543 0.963263
0.619 -2.562 1.20152
0.62 -2.89145 1.43314
0.621 -3.21249 1.65721
0.622 -3.52384 1.87287
0.623 -3.82428 2.07928
0.624 -4.11262 2.27564
0.625 -4.38773 2.46117
0.626 -4.6485 2.63515
0.627 -4.89391 2.7969
0.628 -5.12297 2.94578
0.629 -5.33477 3.08121
0.63 -5.52845 3.20266
0.631 -5.70325 3.30963
0.632 -5.85845 3.4017
0.633 -5.99342 3.4785
0.634 -6.10762 3.53973
0.635 -6.20058 3.58512
0.636 -6.27191 3.6145
0.637 -6.3213 3.62772
0.638 -6.34856 3.62473
0.639 -6.35354 3.60552
0.64 -6.33621 3.57014
0.641 -6.29662 3.51873
0.642 -6.23491 3.45145
0.643 -6.1513 3.36857
0.644 -6.0461 3.27037
0.645 -5.91972 3.15723
0.646 -5.77263 3.02957
0.647 -5.60539 2.88787
0.648 -5.41866 2.73265
0.649 -5.21315 2.56451
0.65 -4.98967 2.38409
0.651 -4.74908 2.19206
0.652 -4.49233 1.98915
0.653 -4.22041 1.77614
0.654 -3.93439 1.55384
0.655 -3.6354 1.32309
0.656 -3.3246 1.08478
0.657 -3.00322 0.839807
0.658 -2.67252 0.589117
0.659 -2.3338 0.333666
0.66 -1.9884 0.0744296
0.661 -1.63768 -0.1876
0.662 -1.28303 -0.45142
0.663 -0.925841 -0.71602
0.664 -0.567528 -0.980388
0.665 -0.209508 -1.24351
0.666 0.146804 -1.50438
0.667 0.499998 -1.762
0.668 0.848677 -2.01538
0.669 1.19146 -2.26355
0.67 1.52699 -2.50557
0.671 1.85394 -2.7405
0.672 2.17102 -2.96745
0.673 2.47696 -3.18555
0.674 2.77057 -3.39397
0.675 3.05066 -3.59191
0.676 3.31615 -3.77862
0.677 3.56598 -3.95339
0.678 3.79916 -4.11554
0.679 4.01477 -4.26448
0.68 4.21196 -4.39963
0.681 4.38995 -4.52048
0.682 4.54805 -4.62657
0.683 4.68564 -4.71752
0.684 4.80219 -4.79298
0.685 4.89723 -4.85267
0.686 4.9704 -4.89638
0.687 5.02143 -4.92395
0.688 5.05014 -4.93528
0.689 5.05641 -4.93036
0.69 5.04025 -4.9092
0.691 5.00175 -4.87191
0.692 4.94106 -4.81865
0.693 4.85847 -4.74963
0.694 4.75432 -4.66514
0.695 4.62905 -4.56552
0.696 4.48319 -4.45116
0.697 4.31736 -4.32252
0.698 4.13223 -4.18011
0.699 3.92859 -4.02449
0.7 3.70727 -3.85628
0.701 3.4692 -3.67613
0.702 3.21536 -3.48476
0.703 2.9468 -3.2829
0.704 2.66464 -3.07135
0.705 2.37003 -2.85093
0.706 2.0642 -2.6225
0.707 1.74842 -2.38694
0.708 1.42398 -2.14516
0.709 1.09224 -1.8981
0.71 0.754552 -1.64671
0.711 0.412328 -1.39195
0.712 0.0669803 -1.13481
0.713 -0.28006 -0.876261
0.714 -0.627355 -0.617299
0.715 -0.973464 -0.358907
0.716 -1.31695 -0.102066
0.717 -1.65639 0.152253
0.718 -1.99036 0.403091
0.719 -2.31748 0.649506
0.72 -2.63639 0.890575
0.721 -2.94575 1.1254
0.722 -3.24426 1.35311
0.723 -3.53069 1.57287
0.724 -3.80381 1.78388
0.725 -4.06249 1.98536
0.726 -4.30563 2.17659
0.727 -4.53221 2.35689
0.728 -4.74124 2.52562
0.729 -4.93186 2.68219
0.73 -5.10323 2.82607
0.731 -5.25461 2.95678
0.732 -5.38534 3.07388
0.733 -5.49484 3.177
0.734 -5.58262 3.26583
0.735 -5.64828 3.34012
0.736 -5.69149 3.39967
0.737 -5.71204 3.44434
0.738 -5.70978 3.47407
0.739 -5.68469 3.48884
0.74 -5.6368 3.48871
0.741 -5.56627 3.47378
0.742 -5.47333 3.44423
0.743 -5.3583 3.40029
0.744 -5.22161 3.34226
0.745 -5.06375 3.27047
0.746 -4.88532 3.18534
0.747 -4.68699 3.08732
0.748 -4.46952 2.97693
0.749 -4.23374 2.85472
0.75 -3.98056 2.7213
0.751 -3.71096 2.57734
0.752 -3.42598 2.42351
0.753 -3.12674 2.26057
0.754 -2.81441 2.08927
0.755 -2.4902 1.91044
0.756 -2.1554 1.72489
0.757 -1.81131 1.5335
0.758 -1.45928 1.33714
0.759 -1.10071 1.13671
0.76 -0.737012 0.933147
0.761 -0.369619 0.727364
0.762 1.73201e-005 0.520302
0.763 0.370433 0.312901
0.764 0.740162 0.106101
0.765 1.10774 -0.0991635
0.766 1.47171 -0.301964
0.767 1.83063 -0.501386
0.768 2.18308 -0.69653
0.769 2.52765 -0.886515
0.77 2.86298 -1.07048
0.771 3.18774 -1.24761
0.772 3.50064 -1.41709
0.773 3.80044 -1.57816
0.774 4.08595 -1.73008
0.775 4.35604 -1.87218
0.776 4.60964 -2.0038
0.777 4.84574 -2.12434
0.778 5.06341 -2.23324
0.779 5.26179 -2.33001
0.78 5.44011 -2.41419
0.781 5.59765 -2.48538
0.782 5.7338 -2.54325
0.783 5.84804 -2.5875
0.784 5.93992 -2.61792
0.785 6.00908 -2.63433
0.786 6.05528 -2.63663
0.787 6.07834 -2.62477
0.788 6.07819 -2.59878
0.789 6.05485 -2.55872
0.79 6.00845 -2.50472
0.791 5.93917 -2.437
0.792 5.84734 -2.35579
0.793 5.73335 -2.26142
0.794 5.59767 -2.15425
0.795 5.44088 -2.03472
0.796 5.26364 -1.90328
0.797 5.0667 -1.76049
0.798 4.85087 -1.60692
0.799 4.61705 -1.44318
0.8 4.36622 -1.26996
0.801 4.09941 -1.08797
0.802 3.81775 -0.897953
0.803 3.52239 -0.700699
0.804 3.21456 -0.497026
0.805 2.89555 -0.287782
0.806 2.56666 -0.0738401
0.807 2.22927 0.143906
0.808 1.88477 0.364544
0.809 1.53459 0.587148
0.81 1.18018 0.810779
0.811 0.823013 1.0345
0.812 0.464571 1.25735
0.813 0.106341 1.4784
0.814 -0.250191 1.69671
0.815 -0.603544 1.91135
0.816 -0.952249 2.12139
0.817 -1.29486 2.32595
0.818 -1.62994 2.52414
0.819 -1.9561 2.71512
0.82 -2.27199 2.89805
0.821 -2.57627 3.07214
0.822 -2.86769 3.23663
0.823 -3.14501 3.39081
0.824 -3.40709 3.534
0.825 -3.6528 3.66555
0.826 -3.88113 3.78489
0.827 -4.09111 3.89147
0.828 -4.28184 3.98481
0.829 -4.45252 4.06447
0.83 -4.60242 4.13009
0.831 -4.73089 4.18134
0.832 -4.83738 4.21796
0.833 -4.92141 4.23976
0.834 -4.98262 4.24659
0.835 -5.02072 4.23837
0.836 -5.03552 4.2151
0.837 -5.02694 4.17683
0.838 -4.99497 4.12365
0.839 -4.93971 4.05575
0.84 -4.86137 3.97335
0.841 -4.76023 3.87676
0.842 -4.63668 3.76633
0.843 -4.49119 3.64247
0.844 -4.32434 3.50565
0.845 -4.13677 3.35639
0.846 -3.92924 3.19526
0.847 -3.70257 3.02291
0.848 -3.45765 2.84
0.849 -3.19549 2.64725
0.85 -2.91711 2.44542
0.851 -2.62366 2.23532
0.852 -2.31631 2.01779
0.853 -1.9963 1.79369
0.854 -1.66494 1.56394
0.855 -1.32356 1.32944
0.856 -0.973565 1.09116
0.857 -0.616368 0.850055
0.858 -0.253432 0.607109
0.859 0.113761 0.363312
0.86 0.483707 0.11966
0.861 0.854889 -0.122848
0.862 1.22578 -0.363216
0.863 1.59486 -0.600453
0.864 1.9606 -0.833581
0.865 2.32149 -1.06163
0.866 2.67605 -1.28366
0.867 3.02279 -1.49874
0.868 3.36028 -1.70598
0.869 3.68711 -1.9045
0.87 4.00193 -2.09347
0.871 4.30339 -2.27209
0.872 4.59026 -2.43961
0.873 4.8613 -2.5953
0.874 5.11537 -2.7385
0.875 5.3514 -2.8686
0.876 5.56837 -2.98502
0.877 5.76535 -3.08726
0.878 5.94148 -3.17486
0.879 6.09598 -3.24742
0.88 6.22818 -3.30461
0.881 6.33747 -3.34616
0.882 6.42335 -3.37185
0.883 6.4854 -3.38154
0.884 6.5233 -3.37515
0.885 6.53684 -3.35266
0.886 6.52589 -3.31413
0.887 6.49042 -3.25967
0.888 6.43052 -3.18947
0.889 6.34634 -3.10377
0.89 6.23817 -3.00288
0.891 6.10636 -2.88718
0.892 5.95138 -2.75711
0.893 5.77378 -2.61316
0.894 5.57422 -2.45589
0.895 5.35343 -2.28591
0.896 5.11222 -2.10388
0.897 4.85151 -1.91052
0.898 4.57229 -1.70659
0.899 4.2756 -1.49292
0.9 3.96259 -1.27034
0.901 3.63445 -1.03975
0.902 3.29244 -0.802086
0.903 2.93788 -0.558299
0.904 2.57215 -0.309379
0.905 2.19665 -0.0563405
0.906 1.81284 0.199785
0.907 1.42221 0.457948
0.908 1.0263 0.717088
0.909 0.626626 0.976134
0.91 0.224766 1.23402
0.911 -0.177715 1.48966
0.912 -0.579242 1.742
0.913 -0.978241 1.98998
0.914 -1.37315 2.23255
0.915 -1.76242 2.46869
0.916 -2.14452 2.6974
0.917 -2.51795 2.91769
0.918 -2.88125 3.12861
0.919 -3.23298 3.32927
0.92 -3.57176 3.51876
0.921 -3.89627 3.69627
0.922 -4.20522 3.861
0.923 -4.49739 4.01221
0.924 -4.77165 4.1492
0.925 -5.0269 4.27133
0.926 -5.26215 4.37803
0.927 -5.47648 4.46878
0.928 -5.66904 4.5431
0.929 -5.83907 4.60061
0.93 -5.98592 4.64096
0.931 -6.109 4.6639
0.932 -6.20785 4.66922
0.933 -6.28209 4.65679
0.934 -6.33141 4.62655
0.935 -6.35566 4.57851
0.936 -6.35474 4.51275
0.937 -6.32866 4.42941
0.938 -6.27756 4.32871
0.939 -6.20164 4.21094
0.94 -6.10123 4.07644
0.941 -5.97674 3.92565
0.942 -5.82869 3.75903
0.943 -5.65768 3.57715
0.944 -5.46441 3.3806
0.945 -5.24968 3.17006
0.946 -5.01436 2.94624
0.947 -4.75942 2.70993
0.948 -4.48588 2.46195
0.949 -4.19486 2.20317
0.95 -3.88755 1.93452
0.951 -3.5652 1.65695
0.952 -3.22912 1.37146
0.953 -2.88067 1.07908
0.954 -2.52128 0.780871
0.955 -2.15241 0.477908
0.956 -1.77556 0.171299
0.957 -1.39225 -0.137836
0.958 -1.00406 -0.448363
0.959 -0.612562 -0.759142
0.96 -0.219352 -1.06903
0.961 0.173967 -1.37688
0.962 0.565792 -1.68157
0.963 0.954522 -1.98195
0.964 1.33857 -2.27693
0.965 1.71637 -2.5654
0.966 2.08637 -2.8463
0.967 2.44707 -3.11858
0.968 2.79697 -3.38124
0.969 3.13465 -3.63329
0.97 3.45872 -3.8738
0.971 3.76785 -4.10187
0.972 4.06075 -4.31667
0.973 4.33623 -4.51738
0.974 4.59315 -4.70327
0.975 4.83042 -4.87365
0.976 5.04708 -5.02789
0.977 5.2422 -5.16542
0.978 5.41498 -5.28573
0.979 5.56468 -5.38839
0.98 5.69066 -5.47302
0.981 5.79238 -5.53932
0.982 5.86939 -5.58706
0.983 5.92135 -5.61607
0.984 5.948 -5.62626
0.985 5.9492 -5.61761
0.986 5.92491 -5.59017
0.987 5.87519 -5.54408
0.988 5.80019 -5.47952
0.989 5.70018 -5.39677
0.99 5.57552 -5.29615
0.991 5.42667 -5.17809
0.992 5.25419 -5.04303
0.993 5.05873 -4.89153
0.994 4.84104 -4.72419
0.995 4.60196 -4.54165
0.996 4.34241 -4.34465
0.997 4.06339 -4.13396
0.998 3.76598 -3.9104
0.999 3.45134 -3.67484
1 3.12071 -3.42822
