0.001 3.34375e-008 2.44965e-009
0.002 3.05248e-007 1.96759e-008
0.003 1.44242e-006 8.16674e-008
0.004 4.78761e-006 2.39736e-007
0.005 1.26902e-005 5.68946e-007
0.006 2.87874e-005 1.1722e-006
0.007 5.8273e-005 2.18641e-006
0.008 0.000108151 3.79122e-006
0.009 0.000187472 6.22061e-006
0.01 0.000307549 9.77774e-006
0.011 0.000482156 1.48534e-005
0.012 0.000727694 2.19482e-005
0.013 0.00106334 3.16992e-005
0.014 0.00151117 4.491e-005
0.015 0.00209623 6.25862e-005
0.016 0.00284663 8.59745e-005
0.017 0.00379354 0.000116607
0.018 0.0049712 0.000156348
0.019 0.00641689 0.000207449
0.02 0.00817086 0.000272604
0.021 0.0102762 0.000355011
0.022 0.0127788 0.000458433
0.023 0.015727 0.000587271
0.024 0.0191717 0.000746633
0.025 0.0231656 0.000942402
0.026 0.0277636 0.00118132
0.027 0.0330221 0.00147105
0.028 0.0389986 0.00182028
0.029 0.0457516 0.00223876
0.03 0.0533404 0.00273743
0.031 0.061824 0.00332844
0.032 0.0712614 0.00402526
0.033 0.0817109 0.00484275
0.034 0.0932296 0.00579721
0.035 0.105873 0.00690645
0.036 0.119695 0.00818985
0.037 0.134745 0.00966841
0.038 0.151073 0.0113648
0.039 0.168722 0.0133033
0.04 0.187732 0.0155101
0.041 0.20814 0.0180131
0.042 0.229976 0.0208416
0.043 0.253266 0.0240272
0.044 0.278029 0.0276028
0.045 0.304279 0.0316033
0.046 0.332023 0.0360649
0.047 0.361261 0.0410259
0.048 0.391984 0.0465257
0.049 0.424177 0.0526054
0.05 0.457818 0.0593074
0.051 0.492873 0.0666753
0.052 0.529304 0.0747539
0.053 0.567061 0.0835889
0.054 0.606086 0.0932269
0.055 0.646315 0.103715
0.056 0.687671 0.115101
0.057 0.73007 0.127433
0.058 0.773419 0.140758
0.059 0.817617 0.155125
0.06 0.862554 0.17058
0.061 0.908111 0.187171
0.062 0.954162 0.204942
0.063 1.00057 0.223939
0.064 1.0472 0.244203
0.065 1.0939 0.265776
0.066 1.14051 0.288697
0.067 1.18688 0.313002
0.068 1.23283 0.338725
0.069 1.2782 0.365895
0.07 1.3228 0.39454
0.071 1.36647 0.424683
0.072 1.40902 0.456344
0.073 1.45027 0.489536
0.074 1.49003 0.52427
0.075 1.52811 0.560552
0.076 1.56434 0.598379
0.077 1.59852 0.637747
0.078 1.63049 0.678644
0.079 1.66005 0.721052
0.08 1.68704 0.764946
0.081 1.71129 0.810294
0.082 1.73263 0.85706
0.083 1.75092 0.905199
0.084 1.76599 0.954657
0.085 1.77772 1.00538
0.086 1.78597 1.05729
0.087 1.79062 1.11032
0.088 1.79156 1.16439
0.089 1.7887 1.2194
0.09 1.78196 1.27527
0.091 1.77125 1.33187
0.092 1.75653 1.38912
0.093 1.73776 1.44687
0.094 1.7149 1.50501
0.095 1.68794 1.5634
0.096 1.6569 1.62189
0.097 1.62179 1.68035
0.098 1.58265 1.73862
0.099 1.53954 1.79654
0.1 1.49253 1.85394
0.101 1.4417 1.91064
0.102 1.38718 1.96649
0.103 1.32908 2.02129
0.104 1.26754 2.07486
0.105 1.20272 2.12702
0.106 1.1348 2.17757
0.107 1.06397 2.22632
0.108 0.990443 2.27309
0.109 0.914431 2.31767
0.11 0.836176 2.35987
0.111 0.755928 2.39951
0.112 0.673951 2.43637
0.113 0.590521 2.47029
0.114 0.505926 2.50106
0.115 0.420462 2.52851
0.116 0.334437 2.55246
0.117 0.248165 2.57272
0.118 0.161968 2.58914
0.119 0.0761725 2.60156
0.12 -0.00888901 2.60981
0.121 -0.0928822 2.61375
0.122 -0.175471 2.61325
0.123 -0.256318 2.60818
0.124 -0.335089 2.59843
0.125 -0.411451 2.58388
0.126 -0.485075 2.56445
0.127 -0.555637 2.54006
0.128 -0.622822 2.51063
0.129 -0.686321 2.47612
0.13 -0.745837 2.43649
0.131 -0.801083 2.39171
0.132 -0.851786 2.34178
0.133 -0.897685 2.28671
0.134 -0.938536 2.22651
0.135 -0.974112 2.16123
0.136 -1.0042 2.09092
0.137 -1.02862 2.01567
0.138 -1.04719 1.93556
0.139 -1.05977 1.8507
0.14 -1.06622 1.76121
0.141 -1.06646 1.66725
0.142 -1.06039 1.56897
0.143 -1.04796 1.46655
0.144 -1.02915 1.36019
0.145 -1.00394 1.25009
0.146 -0.972377 1.13649
0.147 -0.934494 1.01962
0.148 -0.890373 0.899746
0.149 -0.840116 0.777142
0.15 -0.783855 0.652092
0.151 -0.721748 0.524899
0.152 -0.653979 0.395873
0.153 -0.580758 0.265339
0.154 -0.502321 0.133632
0.155 -0.418931 0.00109723
0.156 -0.330872 -0.131912
0.157 -0.238455 -0.265034
0.158 -0.142012 -0.397901
0.159 -0.0418973 -0.530139
0.16 0.0615157 -0.661372
0.161 0.167832 -0.791217
0.162 0.276642 -0.919293
0.163 0.387515 -1.04522
0.164 0.500009 -1.1686
0.165 0.613667 -1.28908
0.166 0.728021 -1.40626
0.167 0.842594 -1.51978
0.168 0.956898 -1.62927
0.169 1.07044 -1.73438
0.17 1.18273 -1.83475
0.171 1.29326 -1.93006
0.172 1.40154 -2.01996
0.173 1.50706 -2.10415
0.174 1.60934 -2.18234
0.175 1.70788 -2.25422
0.176 1.80221 -2.31955
0.177 1.89186 -2.37808
0.178 1.97637 -2.42956
0.179 2.0553 -2.4738
0.18 2.12821 -2.51061
0.181 2.19471 -2.53981
0.182 2.25439 -2.56128
0.183 2.3069 -2.57489
0.184 2.35189 -2.58054
0.185 2.38904 -2.57818
0.186 2.41806 -2.56775
0.187 2.43868 -2.54924
0.188 2.45068 -2.52266
0.189 2.45384 -2.48806
0.19 2.44801 -2.44549
0.191 2.43303 -2.39505
0.192 2.40882 -2.33686
0.193 2.37529 -2.27107
0.194 2.33242 -2.19786
0.195 2.28022 -2.11742
0.196 2.21872 -2.02998
0.197 2.14801 -1.93581
0.198 2.0682 -1.83517
0.199 1.97943 -1.72838
0.2 1.88191 -1.61577
0.201 1.77585 -1.49768
0.202 1.66152 -1.37449
0.203 1.53922 -1.24661
0.204 1.40928 -1.11443
0.205 1.27206 -0.978406
0.206 1.12796 -0.838978
0.207 0.977408 -0.696617
0.208 0.820869 -0.551803
0.209 0.658828 -0.405031
0.21 0.491798 -0.256808
0.211 0.320319 -0.107648
0.212 0.144954 0.0419253
0.213 -0.0337146 0.191383
0.214 -0.215084 0.340191
0.215 -0.398536 0.487814
0.216 -0.583435 0.633716
0.217 -0.769138 0.777363
0.218 -0.954989 0.918222
0.219 -1.14033 1.05577
0.22 -1.32448 1.18948
0.221 -1.50679 1.31886
0.222 -1.68657 1.44339
0.223 -1.86318 1.56259
0.224 -2.03595 1.676
0.225 -2.20422 1.78316
0.226 -2.36736 1.88363
0.227 -2.52475 1.97699
0.228 -2.67578 2.06286
0.229 -2.81986 2.14085
0.23 -2.95642 2.21063
0.231 -3.08492 2.27188
0.232 -3.20484 2.32429
0.233 -3.31569 2.36761
0.234 -3.41702 2.4016
0.235 -3.50839 2.42607
0.236 -3.58943 2.44083
0.237 -3.65978 2.44576
0.238 -3.71912 2.44074
0.239 -3.76718 2.42571
0.24 -3.80373 2.40064
0.241 -3.82856 2.36551
0.242 -3.84155 2.32038
0.243 -3.84257 2.2653
0.244 -3.83158 2.20039
0.245 -3.80856 2.12579
0.246 -3.77355 2.04167
0.247 -3.72662 1.94824
0.248 -3.66791 1.84575
0.249 -3.59758 1.73448
0.25 -3.51585 1.61474
0.251 -3.423 1.48688
0.252 -3.31932 1.35126
0.253 -3.20517 1.20829
0.254 -3.08094 1.0584
0.255 -2.94707 0.902044
0.256 -2.80403 0.739715
0.257 -2.65234 0.571915
0.258 -2.49255 0.399174
0.259 -2.32524 0.222041
0.26 -2.15103 0.0410831
0.261 -1.97057 -0.143115
0.262 -1.78452 -0.329955
0.263 -1.5936 -0.518827
0.264 -1.39851 -0.70911
0.265 -1.20001 -0.900175
0.266 -0.998843 -1.09139
0.267 -0.795795 -1.28211
0.268 -0.591643 -1.47171
0.269 -0.387181 -1.65954
0.27 -0.183205 -1.84497
0.271 0.0194871 -2.02738
0.272 0.220098 -2.20613
0.273 0.417835 -2.38064
0.274 0.611915 -2.55029
0.275 0.801563 -2.7145
0.276 0.98602 -2.87272
0.277 1.16454 -3.02439
0.278 1.33641 -3.16899
0.279 1.50093 -3.30602
0.28 1.65742 -3.43501
0.281 1.80524 -3.55551
0.282 1.94378 -3.66709
0.283 2.07246 -3.76937
0.284 2.19074 -3.86199
0.285 2.29812 -3.94462
0.286 2.39414 -4.01698
0.287 2.47838 -4.07881
0.288 2.55047 -4.12989
0.289 2.61009 -4.17004
0.29 2.65696 -4.19913
0.291 2.69086 -4.21704
0.292 2.71161 -4.22371
0.293 2.71908 -4.21913
0.294 2.71321 -4.2033
0.295 2.69399 -4.17628
0.296 2.66144 -4.13818
0.297 2.61566 -4.08911
0.298 2.55679 -4.02926
0.299 2.48502 -3.95884
0.3 2.40062 -3.87809
0.301 2.30388 -3.78732
0.302 2.19515 -3.68683
0.303 2.07484 -3.57698
0.304 1.9434 -3.45817
0.305 1.80131 -3.33082
0.306 1.64914 -3.19538
0.307 1.48746 -3.05233
0.308 1.3169 -2.90218
0.309 1.13812 -2.74547
0.31 0.951824 -2.58274
0.311 0.75875 -2.41457
0.312 0.559659 -2.24157
0.313 0.355345 -2.06434
0.314 0.146622 -1.88351
0.315 -0.0656697 -1.69971
0.316 -0.280675 -1.5136
0.317 -0.497524 -1.32583
0.318 -0.715335 -1.13705
0.319 -0.933218 -0.947928
0.32 -1.15028 -0.759124
0.321 -1.36563 -0.571294
0.322 -1.57837 -0.385089
0.323 -1.78762 -0.201151
0.324 -1.99251 -0.0201134
0.325 -2.19218 0.157404
0.326 -2.38578 0.330798
0.327 -2.5725 0.499482
0.328 -2.75153 0.662889
0.329 -2.92211 0.820475
0.33 -3.0835 0.97172
0.331 -3.23499 1.11613
0.332 -3.37592 1.25324
0.333 -3.50566 1.38261
0.334 -3.62362 1.50384
0.335 -3.72927 1.61656
0.336 -3.8221 1.72042
0.337 -3.90168 1.81514
0.338 -3.96762 1.90044
0.339 -4.01956 1.9761
0.34 -4.05725 2.04193
0.341 -4.08043 2.09778
0.342 -4.08895 2.14355
0.343 -4.08268 2.17916
0.344 -4.06159 2.20459
0.345 -4.02567 2.21986
0.346 -3.97499 2.22501
0.347 -3.90968 2.22014
0.348 -3.82991 2.20538
0.349 -3.73594 2.18091
0.35 -3.62806 2.14693
0.351 -3.50663 2.1037
0.352 -3.37206 2.05151
0.353 -3.22482 1.99066
0.354 -3.06544 1.92152
0.355 -2.89447 1.84447
0.356 -2.71254 1.75994
0.357 -2.52032 1.66836
0.358 -2.3185 1.57021
0.359 -2.10785 1.46599
0.36 -1.88913 1.35622
0.361 -1.66319 1.24145
0.362 -1.43085 1.12223
0.363 -1.19302 0.999152
0.364 -0.95059 0.8728
0.365 -0.704487 0.743779
0.366 -0.455655 0.612703
0.367 -0.205051 0.480192
0.368 0.0463603 0.346867
0.369 0.297605 0.213355
0.37 0.547711 0.0802789
0.371 0.795705 -0.0517422
0.372 1.04062 -0.182095
0.373 1.28151 -0.310174
0.374 1.51742 -0.435388
0.375 1.74743 -0.557156
0.376 1.97065 -0.674918
0.377 2.18619 -0.788128
0.378 2.39321 -0.896264
0.379 2.59089 -0.998825
0.38 2.77845 -1.09534
0.381 2.95516 -1.18535
0.382 3.12032 -1.26845
0.383 3.27327 -1.34425
0.384 3.41342 -1.41239
0.385 3.54021 -1.47256
0.386 3.65315 -1.52445
0.387 3.75178 -1.56783
0.388 3.83572 -1.60249
0.389 3.90466 -1.62824
0.39 3.95831 -1.64496
0.391 3.99648 -1.65255
0.392 4.01903 -1.65095
0.393 4.02587 -1.64015
0.394 4.01699 -1.62018
0.395 3.99245 -1.5911
0.396 3.95237 -1.55303
0.397 3.89691 -1.50609
0.398 3.82632 -1.45049
0.399 3.74092 -1.38644
0.4 3.64106 -1.3142
0.401 3.52717 -1.23407
0.402 3.39974 -1.14638
0.403 3.25932 -1.0515
0.404 3.1065 -0.949816
0.405 2.94193 -0.841766
0.406 2.76631 -0.727802
0.407 2.58038 -0.608405
0.408 2.38495 -0.484083
0.409 2.18085 -0.355364
0.41 1.96893 -0.222798
0.411 1.75012 -0.0869525
0.412 1.52534 0.0515913
0.413 1.29555 0.192238
0.414 1.06174 0.334382
0.415 0.824918 0.47741
0.416 0.586097 0.620704
0.417 0.346308 0.763644
0.418 0.106587 0.90561
0.419 -0.132029 1.04598
0.42 -0.368503 1.18415
0.421 -0.601808 1.31952
0.422 -0.830923 1.45148
0.423 -1.05485 1.57947
0.424 -1.27259 1.70292
0.425 -1.4832 1.82129
0.426 -1.68574 1.93405
0.427 -1.8793 2.0407
0.428 -2.06303 2.14077
0.429 -2.23608 2.23381
0.43 -2.39768 2.31941
0.431 -2.54708 2.39718
0.432 -2.6836 2.46677
0.433 -2.80659 2.52786
0.434 -2.91547 2.58017
0.435 -3.00971 2.62345
0.436 -3.08885 2.65751
0.437 -3.15248 2.68218
0.438 -3.20027 2.69734
0.439 -3.23192 2.7029
0.44 -3.24724 2.69882
0.441 -3.24609 2.68511
0.442 -3.22839 2.66181
0.443 -3.19413 2.629
0.444 -3.14339 2.58683
0.445 -3.0763 2.53545
0.446 -2.99307 2.47508
0.447 -2.89396 2.40597
0.448 -2.77932 2.32841
0.449 -2.64956 2.24274
0.45 -2.50514 2.14931
0.451 -2.34661 2.04854
0.452 -2.17455 1.94085
0.453 -1.98963 1.82673
0.454 -1.79256 1.70666
0.455 -1.5841 1.58117
0.456 -1.36506 1.45082
0.457 -1.13631 1.31619
0.458 -0.898768 1.17787
0.459 -0.653367 1.03648
0.46 -0.401098 0.892664
0.461 -0.142977 0.74706
0.462 0.11995 0.60033
0.463 0.386611 0.453143
0.464 0.655916 0.306171
0.465 0.926759 0.160089
0.466 1.19802 0.0155733
0.467 1.46858 -0.126705
0.468 1.73731 -0.266079
0.469 2.00309 -0.401894
0.47 2.26479 -0.533504
0.471 2.52132 -0.660279
0.472 2.77159 -0.781608
0.473 3.01453 -0.896897
0.474 3.2491 -1.00558
0.475 3.47429 -1.10711
0.476 3.68912 -1.20097
0.477 3.89265 -1.28668
0.478 4.08399 -1.36379
0.479 4.26229 -1.43188
0.48 4.42674 -1.49056
0.481 4.5766 -1.53949
0.482 4.71118 -1.57838
0.483 4.82985 -1.60696
0.484 4.93203 -1.62501
0.485 5.01722 -1.63236
0.486 5.085 -1.62888
0.487 5.13498 -1.6145
0.488 5.16688 -1.58917
0.489 5.18046 -1.55291
0.49 5.17559 -1.50578
0.491 5.15218 -1.44789
0.492 5.11024 -1.37939
0.493 5.04983 -1.30048
0.494 4.97111 -1.21142
0.495 4.87431 -1.11249
0.496 4.75972 -1.00403
0.497 4.62771 -0.886435
0.498 4.47874 -0.760121
0.499 4.31332 -0.625555
0.5 4.13202 -0.483242
0.501 3.93551 -0.333726
0.502 3.72449 -0.177584
0.503 3.49975 -0.015426
0.504 3.26211 0.152105
0.505 3.01247 0.32434
0.506 2.75176 0.500583
0.507 2.48099 0.680115
0.508 2.20117 0.862196
0.509 1.91339 1.04607
0.51 1.61875 1.23097
0.511 1.3184 1.4161
0.512 1.0135 1.60069
0.513 0.705248 1.78393
0.514 0.394846 1.96503
0.515 0.083516 2.1432
0.516 -0.227513 2.31763
0.517 -0.537011 2.48756
0.518 -0.843749 2.65221
0.519 -1.1465 2.81082
0.52 -1.44407 2.96266
0.521 -1.73525 3.10701
0.522 -2.01889 3.24317
0.523 -2.29382 3.37049
0.524 -2.55895 3.48831
0.525 -2.81321 3.59605
0.526 -3.05554 3.69313
0.527 -3.28498 3.77901
0.528 -3.50057 3.85322
0.529 -3.70144 3.9153
0.53 -3.88675 3.96485
0.531 -4.05574 4.0015
0.532 -4.2077 4.02496
0.533 -4.34199 4.03497
0.534 -4.45805 4.0313
0.535 -4.55538 4.01382
0.536 -4.63355 3.98242
0.537 -4.69224 3.93704
0.538 -4.73117 3.8777
0.539 -4.75015 3.80445
0.54 -4.74907 3.71741
0.541 -4.72792 3.61676
0.542 -4.68674 3.50271
0.543 -4.62568 3.37554
0.544 -4.54496 3.23559
0.545 -4.44487 3.08324
0.546 -4.32579 2.91892
0.547 -4.18818 2.74312
0.548 -4.03257 2.55637
0.549 -3.85957 2.35925
0.55 -3.66986 2.15238
0.551 -3.46419 1.93642
0.552 -3.24338 1.71208
0.553 -3.00831 1.48009
0.554 -2.75992 1.24123
0.555 -2.49921 0.996312
0.556 -2.22723 0.746157
0.557 -1.94508 0.49163
0.558 -1.6539 0.23361
0.559 -1.35489 -0.0270037
0.56 -1.04926 -0.289297
0.561 -0.738254 -0.552343
0.562 -0.423159 -0.815208
0.563 -0.105267 -1.07695
0.564 0.21411 -1.33664
0.565 0.533651 -1.59333
0.566 0.852029 -1.84609
0.567 1.16792 -2.09401
0.568 1.48 -2.33618
0.569 1.78697 -2.5717
0.57 2.08753 -2.79971
0.571 2.38041 -3.01937
0.572 2.66437 -3.22985
0.573 2.93821 -3.43038
0.574 3.20075 -3.6202
0.575 3.45086 -3.7986
0.576 3.68746 -3.9649
0.577 3.90951 -4.11848
0.578 4.11605 -4.25874
0.579 4.30614 -4.38516
0.58 4.47895 -4.49723
0.581 4.63368 -4.59453
0.582 4.76962 -4.67668
0.583 4.88612 -4.74335
0.584 4.98263 -4.79427
0.585 5.05866 -4.82924
0.586 5.1138 -4.84811
0.587 5.14773 -4.85077
0.588 5.16021 -4.83722
0.589 5.1511 -4.80748
0.59 5.12032 -4.76164
0.591 5.06789 -4.69986
0.592 4.99393 -4.62235
0.593 4.89863 -4.5294
0.594 4.78227 -4.42133
0.595 4.64522 -4.29855
0.596 4.48794 -4.16149
0.597 4.31094 -4.01067
0.598 4.11485 -3.84664
0.599 3.90037 -3.67002
0.6 3.66825 -3.48145
0.601 3.41934 -3.28166
0.602 3.15455 -3.07138
0.603 2.87486 -2.85142
0.604 2.5813 -2.62259
0.605 2.27498 -2.38576
0.606 1.95704 -2.14184
0.607 1.62868 -1.89174
0.608 1.29116 -1.63641
0.609 0.945751 -1.37684
0.61 0.59378 -1.114
0.611 0.236596 -0.848898
0.612 -0.124427 -0.582555
0.613 -0.487896 -0.315988
0.614 -0.852405 -0.0502192
0.615 -1.21654 0.21373
0.616 -1.57888 0.474845
0.617 -1.93802 0.732118
0.618 -2.29255 0.984559
0.619 -2.64109 1.23119
0.62 -2.98227 1.47106
0.621 -3.31474 1.70323
0.622 -3.6372 1.92682
0.623 -3.94837 2.14094
0.624 -4.24702 2.34476
0.625 -4.53198 2.53749
0.626 -4.80209 2.71838
0.627 -5.0563 2.88671
0.628 -5.29358 3.04183
0.629 -5.51298 3.18312
0.63 -5.71363 3.31003
0.631 -5.89472 3.42205
0.632 -6.05551 3.51873
0.633 -6.19534 3.5997
0.634 -6.31366 3.66462
0.635 -6.40997 3.71322
0.636 -6.48386 3.7453
0.637 -6.53504 3.76072
0.638 -6.56327 3.75941
0.639 -6.56842 3.74136
0.64 -6.55045 3.70661
0.641 -6.50941 3.6553
0.642 -6.44544 3.58759
0.643 -6.35878 3.50373
0.644 -6.24974 3.40404
0.645 -6.11874 3.28888
0.646 -5.96627 3.15868
0.647 -5.79292 3.01393
0.648 -5.59937 2.85518
0.649 -5.38635 2.68301
0.65 -5.15469 2.49809
0.651 -4.90531 2.30112
0.652 -4.63916 2.09283
0.653 -4.35729 1.87403
0.654 -4.0608 1.64555
0.655 -3.75087 1.40825
0.656 -3.42869 1.16304
0.657 -3.09554 0.910861
0.658 -2.75274 0.652669
0.659 -2.40163 0.389455
0.66 -2.04359 0.122222
0.661 -1.68004 -0.148006
0.662 -1.31242 -0.420195
0.663 -0.942176 -0.693305
0.664 -0.570774 -0.966289
0.665 -0.199684 -1.2381
0.666 0.169625 -1.50771
0.667 0.535691 -1.77407
0.668 0.897062 -2.03617
0.669 1.25231 -2.293
0.67 1.60002 -2.54359
0.671 1.93881 -2.78698
0.672 2.26735 -3.02222
0.673 2.58433 -3.24844
0.674 2.8885 -3.46475
0.675 3.17864 -3.67035
0.676 3.4536 -3.86444
0.677 3.71231 -4.04628
0.678 3.95372 -4.2152
0.679 4.1769 -4.37053
0.68 4.38095 -4.51171
0.681 4.56507 -4.63819
0.682 4.72853 -4.74951
0.683 4.87069 -4.84524
0.684 4.99101 -4.92502
0.685 5.08899 -4.98858
0.686 5.16428 -5.03567
0.687 5.21658 -5.06613
0.688 5.24569 -5.07986
0.689 5.25152 -5.07681
0.69 5.23407 -5.05703
0.691 5.19341 -5.0206
0.692 5.12973 -4.96767
0.693 5.04331 -4.89848
0.694 4.93451 -4.8133
0.695 4.8038 -4.71248
0.696 4.65171 -4.59643
0.697 4.47889 -4.46561
0.698 4.28606 -4.32053
0.699 4.07401 -4.16178
0.7 3.84362 -3.98999
0.701 3.59586 -3.80583
0.702 3.33174 -3.61002
0.703 3.05236 -3.40333
0.704 2.75887 -3.18658
0.705 2.45248 -2.9606
0.706 2.13447 -2.72629
0.707 1.80615 -2.48454
0.708 1.46887 -2.23631
0.709 1.12403 -1.98254
0.71 0.773061 -1.72423
0.711 0.41741 -1.46236
0.712 0.0585502 -1.19795
0.713 -0.30203 -0.932006
0.714 -0.662835 -0.665551
0.715 -1.02237 -0.399601
0.716 -1.37914 -0.135168
0.717 -1.73165 0.126744
0.718 -2.07846 0.385144
0.719 -2.4181 0.639061
0.72 -2.74916 0.887539
0.721 -3.07026 1.12965
0.722 -3.38005 1.3645
0.723 -3.67724 1.59122
0.724 -3.96056 1.80897
0.725 -4.22884 2.01696
0.726 -4.48093 2.21444
0.727 -4.71577 2.4007
0.728 -4.93235 2.57508
0.729 -5.12975 2.73698
0.73 -5.30712 2.88583
0.731 -5.46368 3.02114
0.732 -5.59875 3.14245
0.733 -5.71174 3.24938
0.734 -5.80213 3.34161
0.735 -5.86951 3.41886
0.736 -5.91354 3.48094
0.737 -5.934 3.5277
0.738 -5.93074 3.55906
0.739 -5.90375 3.57501
0.74 -5.85305 3.57561
0.741 -5.77882 3.56095
0.742 -5.6813 3.53122
0.743 -5.56083 3.48665
0.744 -5.41786 3.42754
0.745 -5.25289 3.35426
0.746 -5.06657 3.2672
0.747 -4.85958 3.16685
0.748 -4.63272 3.05372
0.749 -4.38687 2.92841
0.75 -4.12296 2.79152
0.751 -3.84202 2.64374
0.752 -3.54515 2.48578
0.753 -3.2335 2.3184
0.754 -2.9083 2.1424
0.755 -2.5708 1.9586
0.756 -2.22235 1.76787
0.757 -1.86432 1.5711
0.758 -1.4981 1.36918
0.759 -1.12516 1.16307
0.76 -0.746956 0.953699
0.761 -0.364993 0.742031
0.762 0.019217 0.529033
0.763 0.404152 0.315674
0.764 0.788286 0.102926
0.765 1.17009 -0.108246
0.766 1.54806 -0.316884
0.767 1.92067 -0.522042
0.768 2.28647 -0.722791
0.769 2.64397 -0.918222
0.77 2.99178 -1.10745
0.771 3.3285 -1.28962
0.772 3.65279 -1.4639
0.773 3.96336 -1.6295
0.774 4.25898 -1.78567
0.775 4.53847 -1.9317
0.776 4.80072 -2.06691
0.777 5.04469 -2.19068
0.778 5.26941 -2.30245
0.779 5.47399 -2.40169
0.78 5.65762 -2.48793
0.781 5.81958 -2.56077
0.782 5.95922 -2.61985
0.783 6.07601 -2.66488
0.784 6.16948 -2.69563
0.785 6.23928 -2.71192
0.786 6.28514 -2.71364
0.787 6.3069 -2.70076
0.788 6.30448 -2.67327
0.789 6.27792 -2.63128
0.79 6.22734 -2.5749
0.791 6.15297 -2.50436
0.792 6.05513 -2.41991
0.793 5.93424 -2.32188
0.794 5.79081 -2.21065
0.795 5.62544 -2.08666
0.796 5.43882 -1.95041
0.797 5.23174 -1.80245
0.798 5.00506 -1.64338
0.799 4.75973 -1.47384
0.8 4.49676 -1.29454
0.801 4.21724 -1.10622
0.802 3.92234 -0.909635
0.803 3.61329 -0.705618
0.804 3.29135 -0.495013
0.805 2.95788 -0.278697
0.806 2.61425 -0.0575756
0.807 2.26189 0.167426
0.808 1.90227 0.395362
0.809 1.53686 0.625273
0.81 1.16719 0.856189
0.811 0.794805 1.08713
0.812 0.421236 1.31713
0.813 0.0480429 1.54519
0.814 -0.323224 1.77035
0.815 -0.69102 1.99165
0.816 -1.05381 2.20814
0.817 -1.41009 2.41889
0.818 -1.75837 2.62299
0.819 -2.09719 2.81955
0.82 -2.42514 3.00773
0.821 -2.74084 3.1867
0.822 -3.04298 3.35568
0.823 -3.33028 3.51393
0.824 -3.60154 3.66074
0.825 -3.8556 3.79546
0.826 -4.09141 3.91748
0.827 -4.30795 4.02625
0.828 -4.5043 4.12127
0.829 -4.67963 4.20208
0.83 -4.83319 4.26832
0.831 -4.9643 4.31964
0.832 -5.0724 4.35579
0.833 -5.157 4.37655
0.834 -5.21772 4.3818
0.835 -5.25428 4.37144
0.836 -5.2665 4.34549
0.837 -5.25427 4.30398
0.838 -5.21763 4.24704
0.839 -5.15668 4.17485
0.84 -5.07164 4.08766
0.841 -4.96282 3.98577
0.842 -4.83064 3.86957
0.843 -4.6756 3.73947
0.844 -4.49831 3.59598
0.845 -4.29947 3.43964
0.846 -4.07985 3.27106
0.847 -3.84033 3.09088
0.848 -3.58186 2.89982
0.849 -3.30549 2.69862
0.85 -3.01231 2.48809
0.851 -2.70351 2.26905
0.852 -2.38034 2.04238
0.853 -2.04409 1.80899
0.854 -1.69614 1.56982
0.855 -1.33789 1.32584
0.856 -0.970804 1.07802
0.857 -0.596375 0.827378
0.858 -0.216131 0.574933
0.859 0.168371 0.321714
0.86 0.555558 0.0687588
0.861 0.943841 -0.182895
0.862 1.33162 -0.432211
0.863 1.71731 -0.678159
0.864 2.09931 -0.919723
0.865 2.47604 -1.1559
0.866 2.84594 -1.3857
0.867 3.20748 -1.60817
0.868 3.55915 -1.82237
0.869 3.89949 -2.02741
0.87 4.22706 -2.22241
0.871 4.54051 -2.40655
0.872 4.8385 -2.57904
0.873 5.11978 -2.73914
0.874 5.38315 -2.88616
0.875 5.62749 -3.01947
0.876 5.85176 -3.13847
0.877 6.05497 -3.24264
0.878 6.23625 -3.33151
0.879 6.3948 -3.40467
0.88 6.5299 -3.46177
0.881 6.64095 -3.50255
0.882 6.72742 -3.52678
0.883 6.7889 -3.53432
0.884 6.82506 -3.52509
0.885 6.83568 -3.49908
0.886 6.82065 -3.45635
0.887 6.77995 -3.39702
0.888 6.71367 -3.3213
0.889 6.62201 -3.22945
0.89 6.50527 -3.1218
0.891 6.36383 -2.99874
0.892 6.19819 -2.86073
0.893 6.00895 -2.7083
0.894 5.79681 -2.54204
0.895 5.56253 -2.36257
0.896 5.307 -2.17061
0.897 5.03118 -1.96691
0.898 4.7361 -1.75226
0.899 4.4229 -1.52752
0.9 4.09276 -1.29358
0.901 3.74695 -1.05138
0.902 3.3868 -0.801876
0.903 3.0137 -0.546088
0.904 2.6291 -0.285044
0.905 2.23448 -0.0198049
0.906 1.83137 0.248551
0.907 1.42135 0.518926
0.908 1.00601 0.790212
0.909 0.586977 1.06129
0.91 0.165884 1.33105
0.911 -0.255618 1.59835
0.912 -0.675878 1.8621
0.913 -1.09325 2.12119
0.914 -1.50609 2.37452
0.915 -1.91278 2.62103
0.916 -2.31172 2.85968
0.917 -2.70134 3.08943
0.918 -3.0801 3.3093
0.919 -3.44652 3.51835
0.92 -3.79914 3.71565
0.921 -4.13659 3.90034
0.922 -4.45752 4.0716
0.923 -4.76068 4.22865
0.924 -5.04486 4.37077
0.925 -5.30895 4.4973
0.926 -5.5519 4.60763
0.927 -5.77276 4.70124
0.928 -5.97066 4.77763
0.929 -6.14481 4.83639
0.93 -6.29454 4.87719
0.931 -6.41926 4.89975
0.932 -6.51848 4.90386
0.933 -6.59181 4.8894
0.934 -6.63898 4.8563
0.935 -6.6598 4.80459
0.936 -6.65421 4.73433
0.937 -6.62223 4.64571
0.938 -6.56402 4.53894
0.939 -6.47981 4.41432
0.94 -6.36996 4.27225
0.941 -6.23491 4.11315
0.942 -6.07522 3.93754
0.943 -5.89155 3.746
0.944 -5.68464 3.53916
0.945 -5.45533 3.31773
0.946 -5.20457 3.08246
0.947 -4.93337 2.83418
0.948 -4.64284 2.57375
0.949 -4.33415 2.30209
0.95 -4.00857 2.02017
0.951 -3.66741 1.72898
0.952 -3.31206 1.42958
0.953 -2.94397 1.12304
0.954 -2.56464 0.81048
0.955 -2.1756 0.493023
0.956 -1.77845 0.171829
0.957 -1.37478 -0.151928
0.958 -0.966264 -0.477063
0.959 -0.554547 -0.802382
0.96 -0.141312 -1.12669
0.961 0.271756 -1.44879
0.962 0.682973 -1.76749
0.963 1.09066 -2.08162
0.964 1.49315 -2.39001
0.965 1.8888 -2.69153
0.966 2.27599 -2.98504
0.967 2.65313 -3.26947
0.968 3.01868 -3.54376
0.969 3.37113 -3.80688
0.97 3.70904 -4.05787
0.971 4.03101 -4.29579
0.972 4.33571 -4.51975
0.973 4.6219 -4.72893
0.974 4.88837 -4.92255
0.975 5.13402 -5.0999
0.976 5.35783 -5.26031
0.977 5.55885 -5.4032
0.978 5.73625 -5.52805
0.979 5.88926 -5.63439
0.98 6.01724 -5.72185
0.981 6.11963 -5.79011
0.982 6.19597 -5.83893
0.983 6.24592 -5.86815
0.984 6.26924 -5.87767
0.985 6.26578 -5.86748
0.986 6.23553 -5.83764
0.987 6.17856 -5.78829
0.988 6.09505 -5.71963
0.989 5.98531 -5.63196
0.99 5.84972 -5.52562
0.991 5.6888 -5.40104
0.992 5.50315 -5.25873
0.993 5.29346 -5.09925
0.994 5.06055 -4.92323
0.995 4.80531 -4.73136
0.996 4.52871 -4.52441
0.997 4.23185 -4.30319
0.998 3.91585 -4.06855
0.999 3.58197 -3.82143
1 3.23149 -3.56279
