0.001 3.42722e-008 2.58203e-009
0.002 3.11906e-007 2.07374e-008
0.003 1.46979e-006 8.60593e-008
0.004 4.86684e-006 2.52564e-007
0.005 1.28748e-005 5.99158e-007
0.006 2.91589e-005 1.23378e-006
0.007 5.89461e-005 2.29967e-006
0.008 0.000109278 3.98414e-006
0.009 0.000189247 6.53027e-006
0.01 0.000310212 1.02519e-005
0.011 0.000485992 1.55522e-005
0.012 0.000733037 2.29461e-005
0.013 0.00107057 3.30865e-005
0.014 0.00152072 4.67955e-005
0.015 0.00210859 6.50989e-005
0.016 0.00286231 8.92664e-005
0.017 0.0038131 0.000120855
0.018 0.00499525 0.000161758
0.019 0.00644606 0.000214256
0.02 0.00820579 0.000281078
0.021 0.0103176 0.000365456
0.022 0.0128273 0.000471195
0.023 0.0157833 0.000602738
0.024 0.0192363 0.000765235
0.025 0.0232393 0.000964622
0.026 0.0278469 0.00120769
0.027 0.0331156 0.00150216
0.028 0.0391027 0.00185676
0.029 0.0458668 0.00228133
0.03 0.0534669 0.00278684
0.031 0.061962 0.00338552
0.032 0.071411 0.0040909
0.033 0.0818721 0.00491792
0.034 0.0934021 0.00588293
0.035 0.106057 0.00700381
0.036 0.119889 0.00830002
0.037 0.134949 0.00979262
0.038 0.151285 0.0115043
0.039 0.168941 0.0134596
0.04 0.187958 0.0156845
0.041 0.20837 0.018207
0.042 0.230209 0.0210568
0.043 0.2535 0.0242651
0.044 0.278262 0.0278651
0.045 0.304508 0.0318916
0.046 0.332245 0.036381
0.047 0.361473 0.0413715
0.048 0.392183 0.0469026
0.049 0.42436 0.0530152
0.05 0.45798 0.059752
0.051 0.493011 0.0671564
0.052 0.529413 0.0752731
0.053 0.567138 0.084148
0.054 0.606126 0.0938274
0.055 0.646313 0.104358
0.056 0.687623 0.115789
0.057 0.729971 0.128166
0.058 0.773264 0.141539
0.059 0.817401 0.155953
0.06 0.862272 0.171458
0.061 0.907759 0.188098
0.062 0.953734 0.205919
0.063 1.00006 0.224967
0.064 1.04661 0.245282
0.065 1.09322 0.266906
0.066 1.13973 0.289877
0.067 1.186 0.314231
0.068 1.23185 0.340002
0.069 1.27711 0.367219
0.07 1.32161 0.39591
0.071 1.36517 0.426097
0.072 1.40761 0.457798
0.073 1.44874 0.491029
0.074 1.48838 0.525798
0.075 1.52635 0.562111
0.076 1.56246 0.599966
0.077 1.59653 0.639358
0.078 1.62838 0.680273
0.079 1.65783 0.722694
0.08 1.68471 0.766595
0.081 1.70885 0.811945
0.082 1.73009 0.858705
0.083 1.74828 0.906831
0.084 1.76326 0.956269
0.085 1.7749 1.00696
0.086 1.78307 1.05884
0.087 1.78765 1.11182
0.088 1.78853 1.16584
0.089 1.78561 1.22079
0.09 1.77882 1.27658
0.091 1.76808 1.3331
0.092 1.75334 1.39025
0.093 1.73456 1.4479
0.094 1.7117 1.50592
0.095 1.68476 1.56419
0.096 1.65375 1.62255
0.097 1.61869 1.68086
0.098 1.57961 1.73897
0.099 1.53657 1.79671
0.1 1.48965 1.85393
0.101 1.43894 1.91044
0.102 1.38454 1.96608
0.103 1.32657 2.02066
0.104 1.26519 2.07401
0.105 1.20055 2.12593
0.106 1.13282 2.17623
0.107 1.0622 2.22473
0.108 0.988888 2.27123
0.109 0.913113 2.31554
0.11 0.83511 2.35746
0.111 0.755128 2.3968
0.112 0.673431 2.43337
0.113 0.590294 2.46698
0.114 0.506004 2.49744
0.115 0.420856 2.52458
0.116 0.335158 2.54821
0.117 0.249222 2.56816
0.118 0.163368 2.58426
0.119 0.0779237 2.59635
0.12 -0.00678192 2.60428
0.121 -0.0904154 2.60791
0.122 -0.172642 2.60709
0.123 -0.253126 2.60171
0.124 -0.331535 2.59165
0.125 -0.407537 2.57681
0.126 -0.480805 2.55709
0.127 -0.551018 2.53242
0.128 -0.61786 2.50272
0.129 -0.681027 2.46796
0.13 -0.740222 2.42809
0.131 -0.795161 2.38308
0.132 -0.84557 2.33294
0.133 -0.891194 2.27767
0.134 -0.931788 2.21729
0.135 -0.967127 2.15186
0.136 -0.997005 2.08142
0.137 -1.02123 2.00606
0.138 -1.03964 1.92586
0.139 -1.05208 1.84093
0.14 -1.05843 1.75141
0.141 -1.05858 1.65744
0.142 -1.05247 1.55918
0.143 -1.04003 1.45681
0.144 -1.02124 1.35052
0.145 -0.996092 1.24052
0.146 -0.964618 1.12705
0.147 -0.926865 1.01035
0.148 -0.882912 0.890675
0.149 -0.832862 0.768299
0.15 -0.776846 0.643509
0.151 -0.715022 0.516606
0.152 -0.647575 0.387902
0.153 -0.574715 0.257721
0.154 -0.496679 0.126398
0.155 -0.413726 -0.00572323
0.156 -0.326142 -0.138289
0.157 -0.234237 -0.270939
0.158 -0.13834 -0.403306
0.159 -0.0388063 -0.535018
0.16 0.0639926 -0.665697
0.161 0.169664 -0.794966
0.162 0.277798 -0.922441
0.163 0.387968 -1.04774
0.164 0.499734 -1.17049
0.165 0.61264 -1.2903
0.166 0.726221 -1.40681
0.167 0.840002 -1.51964
0.168 0.953498 -1.62843
0.169 1.06622 -1.73282
0.17 1.17768 -1.83247
0.171 1.28737 -1.92704
0.172 1.3948 -2.01622
0.173 1.49948 -2.09968
0.174 1.60092 -2.17713
0.175 1.69863 -2.24829
0.176 1.79214 -2.3129
0.177 1.88098 -2.37072
0.178 1.96469 -2.4215
0.179 2.04284 -2.46506
0.18 2.115 -2.5012
0.181 2.18077 -2.52976
0.182 2.23976 -2.55061
0.183 2.29161 -2.56362
0.184 2.33598 -2.5687
0.185 2.37255 -2.5658
0.186 2.40103 -2.55486
0.187 2.42116 -2.53589
0.188 2.43272 -2.50888
0.189 2.43549 -2.47388
0.19 2.42932 -2.43097
0.191 2.41407 -2.38022
0.192 2.38964 -2.32178
0.193 2.35596 -2.25578
0.194 2.31301 -2.1824
0.195 2.26079 -2.10185
0.196 2.19934 -2.01436
0.197 2.12874 -1.92018
0.198 2.04911 -1.81959
0.199 1.9606 -1.71291
0.2 1.86341 -1.60045
0.201 1.75775 -1.48258
0.202 1.64389 -1.35967
0.203 1.52213 -1.23211
0.204 1.3928 -1.10032
0.205 1.25626 -0.964737
0.206 1.11291 -0.825805
0.207 0.963177 -0.683993
0.208 0.807518 -0.539782
0.209 0.646418 -0.393665
0.21 0.480391 -0.246146
0.211 0.309971 -0.0977392
0.212 0.13572 0.0510345
0.213 -0.041784 0.199648
0.214 -0.221941 0.34757
0.215 -0.404137 0.494268
0.216 -0.587741 0.639208
0.217 -0.772113 0.781859
0.218 -0.956601 0.921692
0.219 -1.14055 1.05818
0.22 -1.32329 1.19082
0.221 -1.50417 1.31909
0.222 -1.68252 1.44251
0.223 -1.85768 1.56058
0.224 -2.029 1.67285
0.225 -2.19583 1.77887
0.226 -2.35755 1.87819
0.227 -2.51352 1.97041
0.228 -2.66315 2.05514
0.229 -2.80586 2.13201
0.23 -2.94108 2.20067
0.231 -3.06828 2.26082
0.232 -3.18694 2.31217
0.233 -3.29658 2.35445
0.234 -3.39676 2.38743
0.235 -3.48704 2.41092
0.236 -3.56704 2.42475
0.237 -3.63642 2.42878
0.238 -3.69487 2.42292
0.239 -3.74211 2.4071
0.24 -3.77792 2.38129
0.241 -3.8021 2.34549
0.242 -3.81452 2.29973
0.243 -3.81507 2.2441
0.244 -3.8037 2.1787
0.245 -3.7804 2.10367
0.246 -3.7452 2.0192
0.247 -3.69819 1.9255
0.248 -3.63949 1.82281
0.249 -3.56928 1.71142
0.25 -3.48778 1.59164
0.251 -3.39525 1.46381
0.252 -3.29199 1.3283
0.253 -3.17837 1.18553
0.254 -3.05478 1.03592
0.255 -2.92164 0.879925
0.256 -2.77943 0.718035
0.257 -2.62867 0.550756
0.258 -2.4699 0.378614
0.259 -2.30369 0.202158
0.26 -2.13068 0.0219538
0.261 -1.95149 -0.161416
0.262 -1.7668 -0.347356
0.263 -1.5773 -0.535257
0.264 -1.38371 -0.724501
0.265 -1.18677 -0.914464
0.266 -0.987222 -1.10451
0.267 -0.785842 -1.29402
0.268 -0.583405 -1.48233
0.269 -0.380697 -1.66884
0.27 -0.178508 -1.8529
0.271 0.0223722 -2.03389
0.272 0.221152 -2.21119
0.273 0.417047 -2.38421
0.274 0.60928 -2.55234
0.275 0.797085 -2.71502
0.276 0.979709 -2.87168
0.277 1.15642 -3.02179
0.278 1.3265 -3.16481
0.279 1.48926 -3.30027
0.28 1.64403 -3.42768
0.281 1.79018 -3.54661
0.282 1.92711 -3.65664
0.283 2.05423 -3.75739
0.284 2.17103 -3.8485
0.285 2.277 -3.92965
0.286 2.37169 -4.00056
0.287 2.45469 -4.06098
0.288 2.52563 -4.1107
0.289 2.5842 -4.14954
0.29 2.63013 -4.17736
0.291 2.66319 -4.19407
0.292 2.68321 -4.19961
0.293 2.69007 -4.19395
0.294 2.68372 -4.17712
0.295 2.66412 -4.14917
0.296 2.63133 -4.11021
0.297 2.58543 -4.06037
0.298 2.52658 -3.99983
0.299 2.45496 -3.92881
0.3 2.37083 -3.84755
0.301 2.27449 -3.75634
0.302 2.16629 -3.65552
0.303 2.04664 -3.54543
0.304 1.91598 -3.42647
0.305 1.77481 -3.29906
0.306 1.62367 -3.16365
0.307 1.46314 -3.02073
0.308 1.29384 -2.8708
0.309 1.11644 -2.71439
0.31 0.931622 -2.55206
0.311 0.740127 -2.38439
0.312 0.54271 -2.21196
0.313 0.340157 -2.03539
0.314 0.133279 -1.8553
0.315 -0.0770947 -1.67232
0.316 -0.290115 -1.48711
0.317 -0.504918 -1.3003
0.318 -0.720631 -1.11256
0.319 -0.936373 -0.924546
0.32 -1.15126 -0.736906
0.321 -1.3644 -0.550295
0.322 -1.57493 -0.36536
0.323 -1.78195 -0.18274
0.324 -1.98461 -0.00306119
0.325 -2.18206 0.173061
0.326 -2.37346 0.345028
0.327 -2.558 0.51226
0.328 -2.7349 0.674194
0.329 -2.90339 0.830292
0.33 -3.06274 0.98004
0.331 -3.21226 1.12295
0.332 -3.35129 1.25856
0.333 -3.47921 1.38644
0.334 -3.59544 1.50619
0.335 -3.69945 1.61745
0.336 -3.79075 1.71988
0.337 -3.86891 1.81319
0.338 -3.93353 1.89712
0.339 -3.9843 1.97144
0.34 -4.02093 2.03598
0.341 -4.04319 2.09059
0.342 -4.05092 2.13517
0.343 -4.04402 2.16965
0.344 -4.02243 2.194
0.345 -3.98616 2.20826
0.346 -3.93529 2.21247
0.347 -3.86993 2.20672
0.348 -3.79027 2.19117
0.349 -3.69656 2.16597
0.35 -3.5891 2.13135
0.351 -3.46824 2.08756
0.352 -3.3344 2.03487
0.353 -3.18803 1.97362
0.354 -3.02966 1.90416
0.355 -2.85985 1.82687
0.356 -2.67922 1.74218
0.357 -2.48843 1.65052
0.358 -2.28818 1.55238
0.359 -2.07921 1.44824
0.36 -1.86229 1.33864
0.361 -1.63826 1.22411
0.362 -1.40794 1.1052
0.363 -1.17221 0.982512
0.364 -0.931976 0.856617
0.365 -0.688143 0.72812
0.366 -0.441649 0.59763
0.367 -0.193442 0.465764
0.368 0.0555237 0.333142
0.369 0.304285 0.200383
0.37 0.551878 0.0681074
0.371 0.797341 -0.0630698
0.372 1.03972 -0.19254
0.373 1.27807 -0.319704
0.374 1.51146 -0.443973
0.375 1.73898 -0.564773
0.376 1.95974 -0.681548
0.377 2.17287 -0.793757
0.378 2.37753 -0.900885
0.379 2.57292 -1.00243
0.38 2.75827 -1.09794
0.381 2.93285 -1.18695
0.382 3.09598 -1.26906
0.383 3.24701 -1.34389
0.384 3.38534 -1.41108
0.385 3.51045 -1.47032
0.386 3.62182 -1.52132
0.387 3.71903 -1.56384
0.388 3.8017 -1.59768
0.389 3.8695 -1.62266
0.39 3.92218 -1.63866
0.391 3.95954 -1.64558
0.392 3.98144 -1.64336
0.393 3.9878 -1.632
0.394 3.97862 -1.61154
0.395 3.95395 -1.58202
0.396 3.9139 -1.54357
0.397 3.85865 -1.49633
0.398 3.78846 -1.44049
0.399 3.70361 -1.37627
0.4 3.60449 -1.30394
0.401 3.49151 -1.22378
0.402 3.36515 -1.13613
0.403 3.22596 -1.04136
0.404 3.07453 -0.939864
0.405 2.9115 -0.832061
0.406 2.73757 -0.718411
0.407 2.55348 -0.599393
0.408 2.36001 -0.475511
0.409 2.15799 -0.347292
0.41 1.94827 -0.215284
0.411 1.73176 -0.0800482
0.412 1.50938 0.0578348
0.413 1.28208 0.197774
0.414 1.05084 0.339168
0.415 0.816644 0.481408
0.416 0.580503 0.62388
0.417 0.343435 0.765969
0.418 0.106463 0.907058
0.419 -0.129387 1.04654
0.42 -0.363092 1.1838
0.421 -0.593634 1.31824
0.422 -0.820009 1.44928
0.423 -1.04123 1.57635
0.424 -1.25631 1.69888
0.425 -1.46432 1.81634
0.426 -1.66432 1.92821
0.427 -1.85544 2.034
0.428 -2.03681 2.13323
0.429 -2.20761 2.22547
0.43 -2.36708 2.3103
0.431 -2.51448 2.38734
0.432 -2.64913 2.45625
0.433 -2.7704 2.51671
0.434 -2.87772 2.56845
0.435 -2.97057 2.61123
0.436 -3.04849 2.64484
0.437 -3.11108 2.66912
0.438 -3.158 2.68397
0.439 -3.18899 2.68928
0.44 -3.20384 2.68504
0.441 -3.20242 2.67124
0.442 -3.18466 2.64793
0.443 -3.15054 2.61519
0.444 -3.10015 2.57316
0.445 -3.03362 2.52201
0.446 -2.95115 2.46195
0.447 -2.85302 2.39323
0.448 -2.73956 2.31614
0.449 -2.61118 2.23101
0.45 -2.46834 2.13821
0.451 -2.31157 2.03814
0.452 -2.14147 1.93122
0.453 -1.95869 1.81793
0.454 -1.76393 1.69877
0.455 -1.55794 1.57424
0.456 -1.34153 1.44492
0.457 -1.11556 1.31136
0.458 -0.880924 1.17417
0.459 -0.638558 1.03395
0.46 -0.389436 0.89134
0.461 -0.134561 0.746975
0.462 0.125031 0.601512
0.463 0.388285 0.45561
0.464 0.654123 0.309938
0.465 0.921453 0.165164
0.466 1.18917 0.0219566
0.467 1.45617 -0.119019
0.468 1.72134 -0.257105
0.469 1.98356 -0.391651
0.47 2.24175 -0.522019
0.471 2.4948 -0.647587
0.472 2.74166 -0.767749
0.473 2.98125 -0.88192
0.474 3.21257 -0.989538
0.475 3.43461 -1.09007
0.476 3.64641 -1.183
0.477 3.84704 -1.26785
0.478 4.03562 -1.34417
0.479 4.21132 -1.41156
0.48 4.37335 -1.46964
0.481 4.52096 -1.51807
0.482 4.65349 -1.55656
0.483 4.7703 -1.58483
0.484 4.87085 -1.6027
0.485 4.95463 -1.60998
0.486 5.02122 -1.60654
0.487 5.07026 -1.59232
0.488 5.10145 -1.56728
0.489 5.11458 -1.53143
0.49 5.1095 -1.48484
0.491 5.08614 -1.4276
0.492 5.0445 -1.35989
0.493 4.98466 -1.28189
0.494 4.90677 -1.19386
0.495 4.81105 -1.09609
0.496 4.69779 -0.988911
0.497 4.56737 -0.87271
0.498 4.42023 -0.747906
0.499 4.25688 -0.614962
0.5 4.0779 -0.474379
0.501 3.88392 -0.326693
0.502 3.67566 -0.172477
0.503 3.45388 -0.012337
0.504 3.2194 0.153093
0.505 2.97311 0.323149
0.506 2.71593 0.497142
0.507 2.44884 0.674362
0.508 2.17285 0.854077
0.509 1.88904 1.03554
0.51 1.59848 1.21799
0.511 1.30232 1.40065
0.512 1.00169 1.58274
0.513 0.697774 1.76347
0.514 0.391762 1.94207
0.515 0.0848567 2.11774
0.516 -0.221732 2.28971
0.517 -0.526793 2.45719
0.518 -0.829113 2.61944
0.519 -1.12749 2.7757
0.52 -1.42074 2.92525
0.521 -1.70767 3.06738
0.522 -1.98715 3.20141
0.523 -2.25805 3.32667
0.524 -2.51927 3.44256
0.525 -2.76976 3.54845
0.526 -3.00849 3.64381
0.527 -3.2345 3.72811
0.528 -3.44686 3.80086
0.529 -3.6447 3.86162
0.53 -3.82721 3.91
0.531 -3.99363 3.94565
0.532 -4.14327 3.96827
0.533 -4.2755 3.9776
0.534 -4.38976 3.97344
0.535 -4.48558 3.95563
0.536 -4.56253 3.92409
0.537 -4.62028 3.87876
0.538 -4.65857 3.81965
0.539 -4.67722 3.74683
0.54 -4.67612 3.66041
0.541 -4.65525 3.56057
0.542 -4.61467 3.44752
0.543 -4.55452 3.32155
0.544 -4.47501 3.18298
0.545 -4.37644 3.0322
0.546 -4.25918 2.86963
0.547 -4.12369 2.69577
0.548 -3.97048 2.51113
0.549 -3.80017 2.31629
0.55 -3.61343 2.11186
0.551 -3.41098 1.8985
0.552 -3.19365 1.6769
0.553 -2.96229 1.4478
0.554 -2.71784 1.21197
0.555 -2.46128 0.970187
0.556 -2.19364 0.72329
0.557 -1.91602 0.472123
0.558 -1.62952 0.217555
0.559 -1.33534 -0.0395265
0.56 -1.03465 -0.298218
0.561 -0.728703 -0.557606
0.562 -0.418746 -0.816768
0.563 -0.106057 -1.07478
0.564 0.208074 -1.33071
0.565 0.522346 -1.58365
0.566 0.835454 -1.83266
0.567 1.14609 -2.07685
0.568 1.45297 -2.31532
0.569 1.75479 -2.54719
0.57 2.05029 -2.77162
0.571 2.33822 -2.98776
0.572 2.61737 -3.19482
0.573 2.88653 -3.39203
0.574 3.14456 -3.57864
0.575 3.39034 -3.75395
0.576 3.62282 -3.9173
0.577 3.84098 -4.06807
0.578 4.04386 -4.20569
0.579 4.23056 -4.32962
0.58 4.40024 -4.4394
0.581 4.55214 -4.53459
0.582 4.68554 -4.61483
0.583 4.79983 -4.67979
0.584 4.89444 -4.72921
0.585 4.96891 -4.7629
0.586 5.02283 -4.78071
0.587 5.05588 -4.78255
0.588 5.06785 -4.7684
0.589 5.05858 -4.73829
0.59 5.028 -4.69233
0.591 4.97614 -4.63066
0.592 4.90312 -4.55351
0.593 4.80911 -4.46115
0.594 4.69441 -4.35392
0.595 4.55937 -4.2322
0.596 4.40444 -4.09644
0.597 4.23014 -3.94715
0.598 4.03709 -3.78487
0.599 3.82596 -3.61022
0.6 3.59751 -3.42384
0.601 3.35257 -3.22643
0.602 3.09204 -3.01874
0.603 2.81687 -2.80154
0.604 2.52809 -2.57566
0.605 2.22678 -2.34195
0.606 1.91407 -2.1013
0.607 1.59114 -1.85461
0.608 1.25922 -1.60283
0.609 0.919575 -1.34692
0.61 0.5735 -1.08785
0.611 0.222324 -0.826621
0.612 -0.132603 -0.564222
0.613 -0.48991 -0.301661
0.614 -0.848216 -0.0399485
0.615 -1.20613 0.219911
0.616 -1.56226 0.476917
0.617 -1.91522 0.730079
0.618 -2.26363 0.978419
0.619 -2.60612 1.22098
0.62 -2.94136 1.45682
0.621 -3.26802 1.68502
0.622 -3.58482 1.9047
0.623 -3.8905 2.11501
0.624 -4.18387 2.31512
0.625 -4.46375 2.50425
0.626 -4.72903 2.68167
0.627 -4.97866 2.84668
0.628 -5.21165 2.99863
0.629 -5.42705 3.13692
0.63 -5.62401 3.26101
0.631 -5.80173 3.3704
0.632 -5.9595 3.46465
0.633 -6.09667 3.5434
0.634 -6.21269 3.60631
0.635 -6.30707 3.65313
0.636 -6.37943 3.68367
0.637 -6.42946 3.69779
0.638 -6.45693 3.69542
0.639 -6.46173 3.67655
0.64 -6.44382 3.64124
0.641 -6.40323 3.58962
0.642 -6.34012 3.52186
0.643 -6.25472 3.43821
0.644 -6.14733 3.33897
0.645 -6.01837 3.22452
0.646 -5.86833 3.09529
0.647 -5.69779 2.95175
0.648 -5.5074 2.79445
0.649 -5.29789 2.62398
0.65 -5.07009 2.44098
0.651 -4.82488 2.24616
0.652 -4.56321 2.04024
0.653 -4.28611 1.82401
0.654 -3.99467 1.59829
0.655 -3.69002 1.36395
0.656 -3.37336 1.12188
0.657 -3.04594 0.872995
0.658 -2.70905 0.618253
0.659 -2.36401 0.358626
0.66 -2.01217 0.0951071
0.661 -1.65494 -0.171297
0.662 -1.29372 -0.439565
0.663 -0.929942 -0.708673
0.664 -0.565035 -0.977588
0.665 -0.200446 -1.24528
0.666 0.162381 -1.51073
0.667 0.522011 -1.77292
0.668 0.87702 -2.03084
0.669 1.226 -2.28351
0.67 1.56757 -2.52995
0.671 1.90038 -2.76924
0.672 2.22311 -3.00045
0.673 2.53448 -3.2227
0.674 2.83325 -3.43514
0.675 3.11824 -3.63696
0.676 3.38833 -3.82739
0.677 3.64244 -4.00571
0.678 3.87957 -4.17124
0.679 4.09878 -4.32335
0.68 4.29922 -4.46146
0.681 4.48007 -4.58506
0.682 4.64065 -4.69368
0.683 4.78031 -4.78692
0.684 4.8985 -4.86442
0.685 4.99479 -4.9259
0.686 5.06878 -4.97114
0.687 5.1202 -4.99998
0.688 5.14886 -5.01232
0.689 5.15466 -5.00813
0.69 5.1376 -4.98743
0.691 5.09776 -4.95034
0.692 5.03533 -4.89699
0.693 4.95057 -4.82762
0.694 4.84384 -4.74251
0.695 4.71561 -4.642
0.696 4.56639 -4.5265
0.697 4.39683 -4.39646
0.698 4.20762 -4.25241
0.699 3.99955 -4.09491
0.7 3.77349 -3.92458
0.701 3.53037 -3.7421
0.702 3.27119 -3.54817
0.703 2.99704 -3.34357
0.704 2.70904 -3.12908
0.705 2.40839 -2.90555
0.706 2.09632 -2.67384
0.707 1.77414 -2.43486
0.708 1.44316 -2.18952
0.709 1.10477 -1.93879
0.71 0.760356 -1.68362
0.711 0.411349 -1.42499
0.712 0.059192 -1.16392
0.713 -0.294655 -0.901378
0.714 -0.648725 -0.638387
0.715 -1.00155 -0.375943
0.716 -1.35166 -0.115045
0.717 -1.69761 0.143319
0.718 -2.03795 0.398174
0.719 -2.37127 0.648561
0.72 -2.69617 0.893542
0.721 -3.0113 1.1322
0.722 -3.31534 1.36366
0.723 -3.60702 1.58706
0.724 -3.8851 1.80158
0.725 -4.14842 2.00645
0.726 -4.39587 2.20091
0.727 -4.62639 2.38429
0.728 -4.839 2.55592
0.729 -5.0328 2.71521
0.73 -5.20695 2.86162
0.731 -5.36069 2.99465
0.732 -5.49336 3.11386
0.733 -5.60436 3.21888
0.734 -5.69319 3.30938
0.735 -5.75945 3.38511
0.736 -5.80281 3.44586
0.737 -5.82304 3.4915
0.738 -5.82002 3.52196
0.739 -5.7937 3.53722
0.74 -5.74414 3.53733
0.741 -5.67149 3.5224
0.742 -5.57599 3.49262
0.743 -5.45797 3.44821
0.744 -5.31787 3.38947
0.745 -5.1562 3.31676
0.746 -4.97357 3.23048
0.747 -4.77067 3.1311
0.748 -4.54827 3.01913
0.749 -4.30722 2.89516
0.75 -4.04846 2.7598
0.751 -3.77299 2.6137
0.752 -3.48187 2.45759
0.753 -3.17624 2.2922
0.754 -2.8573 2.11833
0.755 -2.5263 1.93678
0.756 -2.18453 1.74841
0.757 -1.83334 1.5541
0.758 -1.47411 1.35474
0.759 -1.10826 1.15125
0.76 -0.737234 0.944559
0.761 -0.362497 0.735619
0.762 0.014469 0.52538
0.763 0.39217 0.314797
0.764 0.769109 0.104827
0.765 1.14379 -0.103579
0.766 1.51473 -0.309477
0.767 1.88046 -0.511938
0.768 2.23951 -0.710045
0.769 2.59048 -0.902904
0.77 2.93195 -1.08964
0.771 3.26258 -1.26942
0.772 3.58105 -1.44142
0.773 3.88609 -1.60486
0.774 4.1765 -1.759
0.775 4.45112 -1.90314
0.776 4.70886 -2.03663
0.777 4.9487 -2.15884
0.778 5.16969 -2.26922
0.779 5.37096 -2.36726
0.78 5.5517 -2.45249
0.781 5.71122 -2.52451
0.782 5.84887 -2.58298
0.783 5.96414 -2.62761
0.784 6.05656 -2.65816
0.785 6.12578 -2.67447
0.786 6.17155 -2.67644
0.787 6.19369 -2.66401
0.788 6.19215 -2.6372
0.789 6.16693 -2.59609
0.79 6.11818 -2.54082
0.791 6.04609 -2.47159
0.792 5.951 -2.38867
0.793 5.83331 -2.29236
0.794 5.6935 -2.18305
0.795 5.53218 -2.06116
0.796 5.35003 -1.9272
0.797 5.14779 -1.7817
0.798 4.92632 -1.62525
0.799 4.68655 -1.45848
0.8 4.42945 -1.28209
0.801 4.15612 -1.0968
0.802 3.86767 -0.903368
0.803 3.56532 -0.702602
0.804 3.2503 -0.495335
0.805 2.92394 -0.28243
0.806 2.58758 -0.0647756
0.807 2.24262 0.156716
0.808 1.89048 0.381116
0.809 1.53264 0.60748
0.81 1.17057 0.834855
0.811 0.805773 1.06228
0.812 0.439769 1.28879
0.813 0.074076 1.51343
0.814 -0.289787 1.73523
0.815 -0.650308 1.95326
0.816 -1.00599 2.16658
0.817 -1.35534 2.37428
0.818 -1.69692 2.57545
0.819 -2.02929 2.76924
0.82 -2.35107 2.95481
0.821 -2.66091 3.13134
0.822 -2.95752 3.29807
0.823 -3.23965 3.45426
0.824 -3.50613 3.59923
0.825 -3.75581 3.73233
0.826 -3.98766 3.85295
0.827 -4.20069 3.96057
0.828 -4.394 4.05467
0.829 -4.56677 4.13484
0.83 -4.71824 4.20067
0.831 -4.84778 4.25186
0.832 -4.95481 4.28813
0.833 -5.03886 4.3093
0.834 -5.09956 4.31521
0.835 -5.13662 4.3058
0.836 -5.14986 4.28105
0.837 -5.13919 4.24102
0.838 -5.10462 4.18581
0.839 -5.04626 4.11562
0.84 -4.96431 4.03067
0.841 -4.85908 3.93128
0.842 -4.73098 3.8178
0.843 -4.58048 3.69066
0.844 -4.40819 3.55035
0.845 -4.21477 3.39739
0.846 -4.00099 3.23238
0.847 -3.76771 3.05596
0.848 -3.51585 2.86882
0.849 -3.24642 2.6717
0.85 -2.9605 2.46537
0.851 -2.65925 2.25067
0.852 -2.34387 2.02843
0.853 -2.01566 1.79957
0.854 -1.67593 1.56499
0.855 -1.32606 1.32564
0.856 -0.967482 1.08249
0.857 -0.601654 0.836524
0.858 -0.230069 0.588748
0.859 0.145754 0.340171
0.86 0.524275 0.0918085
0.861 0.903942 -0.15532
0.862 1.28319 -0.400197
0.863 1.66047 -0.641813
0.864 2.03421 -0.879169
0.865 2.40288 -1.11128
0.866 2.76495 -1.33718
0.867 3.11891 -1.55593
0.868 3.46329 -1.76661
0.869 3.79665 -1.96833
0.87 4.11762 -2.16025
0.871 4.42482 -2.34155
0.872 4.71699 -2.51146
0.873 4.99287 -2.66925
0.874 5.2513 -2.81425
0.875 5.49118 -2.94582
0.876 5.71149 -3.0634
0.877 5.91126 -3.16645
0.878 6.08963 -3.25453
0.879 6.24582 -3.32722
0.88 6.37913 -3.38419
0.881 6.48895 -3.42517
0.882 6.57478 -3.44993
0.883 6.63619 -3.45835
0.884 6.67286 -3.45033
0.885 6.68459 -3.42587
0.886 6.67125 -3.38503
0.887 6.63283 -3.32792
0.888 6.5694 -3.25474
0.889 6.48115 -3.16575
0.89 6.36836 -3.06126
0.891 6.23142 -2.94166
0.892 6.07081 -2.80741
0.893 5.8871 -2.65901
0.894 5.68097 -2.49703
0.895 5.45317 -2.3221
0.896 5.20455 -2.13491
0.897 4.93605 -1.93619
0.898 4.64869 -1.72672
0.899 4.34355 -1.50734
0.9 4.02179 -1.27892
0.901 3.68466 -1.04237
0.902 3.33345 -0.79865
0.903 2.96951 -0.548736
0.904 2.59424 -0.293641
0.905 2.20911 -0.0344027
0.906 1.8156 0.227922
0.907 1.41526 0.49226
0.908 1.00963 0.757526
0.909 0.600297 1.02263
0.91 0.188866 1.28646
0.911 -0.223057 1.54794
0.912 -0.633859 1.80597
0.913 -1.04193 2.05947
0.914 -1.44567 2.30737
0.915 -1.84349 2.54862
0.916 -2.23383 2.78221
0.917 -2.61515 3.00712
0.918 -2.98596 3.2224
0.919 -3.3448 3.4271
0.92 -3.69025 3.62034
0.921 -4.02095 3.80126
0.922 -4.3356 3.96906
0.923 -4.63296 4.12297
0.924 -4.91186 4.2623
0.925 -5.1712 4.38639
0.926 -5.40996 4.49465
0.927 -5.6272 4.58655
0.928 -5.82206 4.66162
0.929 -5.99379 4.71946
0.93 -6.14171 4.75973
0.931 -6.26523 4.78216
0.932 -6.36388 4.78654
0.933 -6.43728 4.77276
0.934 -6.48515 4.74075
0.935 -6.50731 4.69052
0.936 -6.50368 4.62215
0.937 -6.47428 4.53581
0.938 -6.41926 4.43172
0.939 -6.33885 4.31016
0.94 -6.23337 4.17152
0.941 -6.10327 4.01621
0.942 -5.94907 3.84474
0.943 -5.77143 3.65767
0.944 -5.57105 3.45563
0.945 -5.34876 3.2393
0.946 -5.10546 3.00943
0.947 -4.84215 2.76681
0.948 -4.55989 2.51229
0.949 -4.25984 2.24677
0.95 -3.94322 1.97119
0.951 -3.61131 1.68654
0.952 -3.26546 1.39384
0.953 -2.90709 1.09413
0.954 -2.53764 0.78852
0.955 -2.15863 0.478101
0.956 -1.77159 0.164011
0.957 -1.3781 -0.152605
0.958 -0.979757 -0.470585
0.959 -0.578191 -0.788762
0.96 -0.175035 -1.10597
0.961 0.228067 -1.42103
0.962 0.62947 -1.73278
0.963 1.02754 -2.04008
0.964 1.42064 -2.34177
0.965 1.80718 -2.63676
0.966 2.18556 -2.92393
0.967 2.55425 -3.20223
0.968 2.91172 -3.47062
0.969 3.25651 -3.72811
0.97 3.58721 -3.97373
0.971 3.90245 -4.20658
0.972 4.20093 -4.42578
0.973 4.48142 -4.63054
0.974 4.74275 -4.82008
0.975 4.98385 -4.9937
0.976 5.2037 -5.15077
0.977 5.40139 -5.2907
0.978 5.57608 -5.41299
0.979 5.72703 -5.51717
0.98 5.8536 -5.60289
0.981 5.95524 -5.66982
0.982 6.03151 -5.71774
0.983 6.08204 -5.74648
0.984 6.10662 -5.75595
0.985 6.10508 -5.74614
0.986 6.07741 -5.7171
0.987 6.02366 -5.66896
0.988 5.94402 -5.60194
0.989 5.83876 -5.5163
0.99 5.70827 -5.41239
0.991 5.55303 -5.29063
0.992 5.37362 -5.15152
0.993 5.17072 -4.9956
0.994 4.94512 -4.82348
0.995 4.69766 -4.63586
0.996 4.42932 -4.43346
0.997 4.14112 -4.21709
0.998 3.8342 -3.98758
0.999 3.50973 -3.74584
1 3.169 -3.49282
