0.001 3.40164e-008 2.56722e-009
0.002 3.09865e-007 2.06174e-008
0.003 1.4614e-006 8.55562e-008
0.004 4.84255e-006 2.51067e-007
0.005 1.28182e-005 5.95552e-007
0.006 2.90449e-005 1.22623e-006
0.007 5.87395e-005 2.28533e-006
0.008 0.000108932 3.9588e-006
0.009 0.000188702 6.48792e-006
0.01 0.000309394 1.01842e-005
0.011 0.000484812 1.54476e-005
0.012 0.000731392 2.27891e-005
0.013 0.00106835 3.28566e-005
0.014 0.00151778 4.6466e-005
0.015 0.00210477 6.46352e-005
0.016 0.00285747 8.86245e-005
0.017 0.00380705 0.000119979
0.018 0.0049878 0.000160579
0.019 0.00643701 0.000212689
0.02 0.00819494 0.000279017
0.021 0.0103047 0.000362775
0.022 0.0128122 0.00046774
0.023 0.0157657 0.000598326
0.024 0.0192161 0.00075965
0.025 0.0232162 0.000957607
0.026 0.0278208 0.00119894
0.027 0.0330861 0.00149134
0.028 0.0390698 0.00184346
0.029 0.0458303 0.00226509
0.03 0.0534266 0.00276713
0.031 0.0619179 0.00336175
0.032 0.071363 0.00406239
0.033 0.08182 0.00488389
0.034 0.0933461 0.00584254
0.035 0.105997 0.0069561
0.036 0.119825 0.00824393
0.037 0.134881 0.00972698
0.038 0.151214 0.0114279
0.039 0.168867 0.0133709
0.04 0.18788 0.015582
0.041 0.20829 0.018089
0.042 0.230127 0.0209214
0.043 0.253415 0.0241104
0.044 0.278176 0.027689
0.045 0.304421 0.0316918
0.046 0.332158 0.036155
0.047 0.361386 0.0411167
0.048 0.392097 0.0466161
0.049 0.424275 0.0526943
0.05 0.457898 0.0593934
0.051 0.492932 0.0667568
0.052 0.529339 0.0748292
0.053 0.567068 0.083656
0.054 0.606063 0.0932836
0.055 0.646256 0.103759
0.056 0.687573 0.11513
0.057 0.729929 0.127443
0.058 0.773232 0.140747
0.059 0.817379 0.155089
0.06 0.86226 0.170516
0.061 0.907758 0.187074
0.062 0.953745 0.204809
0.063 1.00009 0.223765
0.064 1.04664 0.243984
0.065 1.09326 0.265507
0.066 1.13979 0.288372
0.067 1.18607 0.312616
0.068 1.23194 0.338271
0.069 1.27721 0.365369
0.07 1.32173 0.393935
0.071 1.36529 0.423992
0.072 1.40774 0.45556
0.073 1.44888 0.488654
0.074 1.48853 0.523282
0.075 1.5265 0.55945
0.076 1.56262 0.597157
0.077 1.59669 0.636397
0.078 1.62853 0.677159
0.079 1.65798 0.719424
0.08 1.68485 0.763167
0.081 1.70898 0.808358
0.082 1.73021 0.854959
0.083 1.74838 0.902924
0.084 1.76334 0.952202
0.085 1.77495 1.00273
0.086 1.78309 1.05445
0.087 1.78763 1.10728
0.088 1.78846 1.16114
0.089 1.7855 1.21595
0.09 1.77866 1.27159
0.091 1.76786 1.32798
0.092 1.75305 1.38499
0.093 1.73419 1.44251
0.094 1.71125 1.50041
0.095 1.68422 1.55856
0.096 1.65312 1.61682
0.097 1.61795 1.67503
0.098 1.57876 1.73306
0.099 1.53561 1.79073
0.1 1.48856 1.84788
0.101 1.43771 1.90435
0.102 1.38317 1.95996
0.103 1.32506 2.01452
0.104 1.26352 2.06786
0.105 1.19872 2.11979
0.106 1.13082 2.17013
0.107 1.06002 2.21867
0.108 0.986533 2.26523
0.109 0.910571 2.30962
0.11 0.832374 2.35164
0.111 0.752194 2.39111
0.112 0.670295 2.42782
0.113 0.586952 2.46159
0.114 0.502452 2.49224
0.115 0.417092 2.51958
0.116 0.331179 2.54344
0.117 0.245026 2.56363
0.118 0.158956 2.58
0.119 0.0732954 2.59238
0.12 -0.0116255 2.60063
0.121 -0.0954723 2.60459
0.122 -0.177909 2.60413
0.123 -0.2586 2.59912
0.124 -0.337211 2.58946
0.125 -0.413409 2.57503
0.126 -0.486866 2.55574
0.127 -0.557259 2.53152
0.128 -0.624274 2.50229
0.129 -0.687603 2.46802
0.13 -0.746948 2.42864
0.131 -0.802025 2.38416
0.132 -0.85256 2.33454
0.133 -0.898293 2.27981
0.134 -0.938983 2.21999
0.135 -0.9744 2.15512
0.136 -1.00434 2.08525
0.137 -1.02861 2.01047
0.138 -1.04703 1.93085
0.139 -1.05948 1.84651
0.14 -1.0658 1.75758
0.141 -1.06592 1.66419
0.142 -1.05974 1.56651
0.143 -1.04721 1.46472
0.144 -1.0283 1.35901
0.145 -1.00302 1.24958
0.146 -0.971377 1.13667
0.147 -0.933433 1.02051
0.148 -0.88926 0.901365
0.149 -0.838963 0.779504
0.15 -0.782674 0.655212
0.151 -0.720549 0.528786
0.152 -0.652773 0.400537
0.153 -0.579557 0.270788
0.154 -0.501137 0.139871
0.155 -0.417774 0.00812842
0.156 -0.329753 -0.124088
0.157 -0.237384 -0.256421
0.158 -0.140999 -0.388503
0.159 -0.0409514 -0.519964
0.16 0.0623853 -0.650429
0.161 0.168618 -0.77952
0.162 0.277335 -0.906857
0.163 0.388109 -1.03206
0.164 0.500498 -1.15475
0.165 0.614046 -1.27455
0.166 0.728286 -1.39108
0.167 0.842741 -1.50398
0.168 0.956925 -1.61289
0.169 1.07035 -1.71744
0.17 1.18251 -1.8173
0.171 1.29292 -1.91212
0.172 1.40108 -2.00159
0.173 1.50649 -2.0854
0.174 1.60865 -2.16323
0.175 1.70709 -2.23483
0.176 1.80133 -2.29991
0.177 1.89088 -2.35824
0.178 1.97531 -2.40959
0.179 2.05416 -2.45374
0.18 2.12702 -2.49052
0.181 2.19346 -2.51976
0.182 2.25311 -2.54132
0.183 2.3056 -2.55507
0.184 2.35058 -2.56094
0.185 2.38774 -2.55884
0.186 2.41678 -2.54875
0.187 2.43745 -2.53063
0.188 2.44951 -2.50451
0.189 2.45276 -2.47042
0.19 2.44702 -2.42843
0.191 2.43217 -2.37862
0.192 2.40809 -2.32113
0.193 2.37473 -2.25609
0.194 2.33204 -2.18367
0.195 2.28004 -2.10409
0.196 2.21877 -2.01756
0.197 2.1483 -1.92434
0.198 2.06875 -1.82471
0.199 1.98027 -1.71897
0.2 1.88305 -1.60744
0.201 1.77731 -1.49048
0.202 1.66333 -1.36845
0.203 1.54138 -1.24176
0.204 1.41181 -1.1108
0.205 1.27498 -0.976019
0.206 1.13128 -0.837854
0.207 0.981147 -0.696771
0.208 0.825035 -0.553249
0.209 0.66343 -0.407776
0.21 0.496845 -0.260854
0.211 0.325817 -0.112994
0.212 0.150908 0.0352842
0.213 -0.0273006 0.183457
0.214 -0.208209 0.330997
0.215 -0.3912 0.477371
0.216 -0.575642 0.622049
0.217 -0.760892 0.7645
0.218 -0.946296 0.904197
0.219 -1.13119 1.04062
0.22 -1.31492 1.17325
0.221 -1.49681 1.30159
0.222 -1.6762 1.42514
0.223 -1.85242 1.54342
0.224 -2.02482 1.65596
0.225 -2.19276 1.76232
0.226 -2.35558 1.86205
0.227 -2.51268 1.95475
0.228 -2.66343 2.04003
0.229 -2.80727 2.11751
0.23 -2.94362 2.18686
0.231 -3.07194 2.24775
0.232 -3.19171 2.2999
0.233 -3.30245 2.34305
0.234 -3.40371 2.37695
0.235 -3.49505 2.40142
0.236 -3.57609 2.41628
0.237 -3.64647 2.4214
0.238 -3.70589 2.41667
0.239 -3.75407 2.40201
0.24 -3.79077 2.37741
0.241 -3.81581 2.34285
0.242 -3.82903 2.29838
0.243 -3.83034 2.24405
0.244 -3.81967 2.17998
0.245 -3.79702 2.10631
0.246 -3.7624 2.02321
0.247 -3.71592 1.93088
0.248 -3.65768 1.82958
0.249 -3.58787 1.71957
0.25 -3.50669 1.60117
0.251 -3.41442 1.47471
0.252 -3.31135 1.34057
0.253 -3.19785 1.19914
0.254 -3.07429 1.05085
0.255 -2.94112 0.896151
0.256 -2.79881 0.735524
0.257 -2.64786 0.569471
0.258 -2.48883 0.398514
0.259 -2.3223 0.223198
0.26 -2.14888 0.0440848
0.261 -1.96922 -0.138248
0.262 -1.78398 -0.323209
0.263 -1.59386 -0.510193
0.264 -1.39959 -0.698586
0.265 -1.20189 -0.887766
0.266 -1.00153 -1.0771
0.267 -0.79928 -1.26597
0.268 -0.595911 -1.45373
0.269 -0.392215 -1.63976
0.27 -0.188987 -1.82343
0.271 0.0129803 -2.00411
0.272 0.212892 -2.18119
0.273 0.409958 -2.35408
0.274 0.603399 -2.52217
0.275 0.792442 -2.6849
0.276 0.976333 -2.8417
0.277 1.15433 -2.99203
0.278 1.32572 -3.13538
0.279 1.4898 -3.27125
0.28 1.6459 -3.39917
0.281 1.79338 -3.51869
0.282 1.93163 -3.6294
0.283 2.06008 -3.73091
0.284 2.17818 -3.82288
0.285 2.28545 -3.90496
0.286 2.38141 -3.97689
0.287 2.46565 -4.03841
0.288 2.5378 -4.0893
0.289 2.59754 -4.12938
0.29 2.64459 -4.15851
0.291 2.67873 -4.17659
0.292 2.69978 -4.18356
0.293 2.70762 -4.17939
0.294 2.70218 -4.1641
0.295 2.68343 -4.13775
0.296 2.65142 -4.10042
0.297 2.60623 -4.05225
0.298 2.54801 -3.99341
0.299 2.47695 -3.92411
0.3 2.39329 -3.8446
0.301 2.29735 -3.75516
0.302 2.18946 -3.65611
0.303 2.07003 -3.5478
0.304 1.9395 -3.43062
0.305 1.79837 -3.30499
0.306 1.64718 -3.17135
0.307 1.48651 -3.03018
0.308 1.31698 -2.88197
0.309 1.13926 -2.72727
0.31 0.954032 -2.56661
0.311 0.762036 -2.40057
0.312 0.564029 -2.22973
0.313 0.3608 -2.0547
0.314 0.15316 -1.8761
0.315 -0.0580573 -1.69456
0.316 -0.272001 -1.51071
0.317 -0.487804 -1.32522
0.318 -0.704591 -1.13872
0.319 -0.921477 -0.951865
0.32 -1.13757 -0.765315
0.321 -1.35199 -0.579717
0.322 -1.56384 -0.395713
0.323 -1.77225 -0.213939
0.324 -1.97634 -0.0350205
0.325 -2.17526 0.14043
0.326 -2.36817 0.311815
0.327 -2.55426 0.478556
0.328 -2.73272 0.640092
0.329 -2.9028 0.795885
0.33 -3.06376 0.94542
0.331 -3.2149 1.08821
0.332 -3.35554 1.22379
0.333 -3.48508 1.35174
0.334 -3.60291 1.47165
0.335 -3.70851 1.58316
0.336 -3.80137 1.68592
0.337 -3.88107 1.77965
0.338 -3.9472 1.86409
0.339 -3.99944 1.939
0.34 -4.03748 2.00421
0.341 -4.06112 2.05957
0.342 -4.07017 2.10496
0.343 -4.06452 2.14033
0.344 -4.04413 2.16564
0.345 -4.00898 2.18092
0.346 -3.95915 2.1862
0.347 -3.89476 2.18159
0.348 -3.81599 2.16721
0.349 -3.72308 2.14324
0.35 -3.61632 2.10988
0.351 -3.49608 2.06738
0.352 -3.36276 2.01603
0.353 -3.21682 1.95613
0.354 -3.05878 1.88805
0.355 -2.8892 1.81215
0.356 -2.7087 1.72886
0.357 -2.51794 1.63861
0.358 -2.31761 1.54188
0.359 -2.10847 1.43915
0.36 -1.89128 1.33094
0.361 -1.66687 1.21779
0.362 -1.43609 1.10025
0.363 -1.1998 0.978901
0.364 -0.958907 0.85432
0.365 -0.71433 0.727105
0.366 -0.467005 0.597863
0.367 -0.217883 0.467205
0.368 0.0320758 0.335747
0.369 0.281905 0.204106
0.37 0.530636 0.0728985
0.371 0.777304 -0.0572633
0.372 1.02095 -0.185774
0.373 1.26062 -0.312036
0.374 1.49538 -0.435463
0.375 1.72431 -0.555485
0.376 1.94651 -0.671544
0.377 2.16112 -0.783105
0.378 2.36729 -0.889649
0.379 2.5642 -0.990683
0.38 2.75108 -1.08574
0.381 2.92721 -1.17437
0.382 3.09187 -1.25617
0.383 3.24443 -1.33076
0.384 3.38428 -1.39777
0.385 3.51087 -1.4569
0.386 3.6237 -1.50786
0.387 3.72234 -1.55041
0.388 3.80639 -1.58433
0.389 3.87553 -1.60946
0.39 3.92949 -1.62566
0.391 3.96807 -1.63283
0.392 3.99113 -1.63094
0.393 3.99857 -1.61995
0.394 3.9904 -1.59989
0.395 3.96666 -1.57084
0.396 3.92745 -1.5329
0.397 3.87296 -1.4862
0.398 3.80343 -1.43094
0.399 3.71915 -1.36734
0.4 3.6205 -1.29565
0.401 3.50788 -1.21616
0.402 3.38179 -1.1292
0.403 3.24276 -1.03514
0.404 3.09138 -0.934364
0.405 2.9283 -0.827297
0.406 2.75421 -0.714389
0.407 2.56985 -0.596116
0.408 2.37601 -0.47298
0.409 2.17351 -0.345505
0.41 1.96322 -0.214232
0.411 1.74603 -0.079723
0.412 1.52288 0.057447
0.413 1.29471 0.196689
0.414 1.06251 0.337405
0.415 0.827263 0.478989
0.416 0.589994 0.62083
0.417 0.35172 0.762313
0.418 0.11347 0.902827
0.419 -0.123725 1.04176
0.42 -0.358835 1.17851
0.421 -0.590838 1.31247
0.422 -0.818721 1.44307
0.423 -1.04149 1.56973
0.424 -1.25815 1.6919
0.425 -1.46777 1.80903
0.426 -1.66941 1.92061
0.427 -1.86216 2.02614
0.428 -2.04518 2.12516
0.429 -2.21762 2.21723
0.43 -2.37872 2.30192
0.431 -2.52773 2.37887
0.432 -2.66397 2.44772
0.433 -2.78679 2.50816
0.434 -2.89562 2.5599
0.435 -2.98992 2.60272
0.436 -3.06924 2.63641
0.437 -3.13316 2.6608
0.438 -3.18135 2.67577
0.439 -3.21353 2.68125
0.44 -3.22948 2.67718
0.441 -3.22907 2.66358
0.442 -3.21222 2.64049
0.443 -3.17892 2.60799
0.444 -3.12923 2.56621
0.445 -3.06329 2.51532
0.446 -2.9813 2.45553
0.447 -2.88352 2.38708
0.448 -2.77029 2.31026
0.449 -2.64201 2.22541
0.45 -2.49915 2.13288
0.451 -2.34223 2.03307
0.452 -2.17185 1.92641
0.453 -1.98865 1.81337
0.454 -1.79334 1.69443
0.455 -1.58668 1.57013
0.456 -1.36946 1.441
0.457 -1.14256 1.30762
0.458 -0.906858 1.17059
0.459 -0.663307 1.0305
0.46 -0.412879 0.887996
0.461 -0.156584 0.743711
0.462 0.104542 0.598299
0.463 0.369435 0.45242
0.464 0.637014 0.306739
0.465 0.90618 0.161926
0.466 1.17582 0.0186486
0.467 1.44483 -0.122429
0.468 1.71208 -0.260647
0.469 1.97645 -0.395357
0.47 2.23685 -0.525919
0.471 2.49216 -0.651711
0.472 2.74132 -0.772126
0.473 2.98325 -0.886577
0.474 3.21692 -0.994502
0.475 3.44134 -1.09536
0.476 3.65551 -1.18864
0.477 3.85852 -1.27387
0.478 4.04947 -1.35058
0.479 4.22751 -1.41838
0.48 4.39184 -1.47688
0.481 4.54171 -1.52574
0.482 4.67645 -1.56466
0.483 4.79541 -1.59338
0.484 4.89804 -1.61168
0.485 4.98382 -1.61939
0.486 5.05232 -1.61639
0.487 5.10317 -1.60259
0.488 5.13607 -1.57795
0.489 5.15079 -1.54249
0.49 5.14719 -1.49626
0.491 5.12518 -1.43937
0.492 5.08475 -1.37196
0.493 5.02598 -1.29424
0.494 4.94902 -1.20645
0.495 4.85407 -1.10888
0.496 4.74144 -1.00186
0.497 4.61148 -0.885775
0.498 4.46464 -0.761032
0.499 4.30143 -0.628095
0.5 4.12242 -0.487462
0.501 3.92824 -0.339667
0.502 3.71962 -0.185281
0.503 3.4973 -0.0249054
0.504 3.26213 0.140826
0.505 3.01497 0.311252
0.506 2.75676 0.485685
0.507 2.48848 0.663416
0.508 2.21116 0.843715
0.509 1.92585 1.02583
0.51 1.63365 1.20901
0.511 1.3357 1.39248
0.512 1.03315 1.57544
0.513 0.727186 1.75713
0.514 0.419004 1.93675
0.515 0.109815 2.11352
0.516 -0.199163 2.28664
0.517 -0.506707 2.45536
0.518 -0.811598 2.6189
0.519 -1.11262 2.77653
0.52 -1.40858 2.9275
0.521 -1.69829 3.0711
0.522 -1.98058 3.20666
0.523 -2.25433 3.3335
0.524 -2.51842 3.45101
0.525 -2.77178 3.55857
0.526 -3.01339 3.65563
0.527 -3.24227 3.74166
0.528 -3.45747 3.81617
0.529 -3.65812 3.87871
0.53 -3.84338 3.92889
0.531 -4.01249 3.96634
0.532 -4.16475 3.99076
0.533 -4.29952 4.00189
0.534 -4.41623 3.99953
0.535 -4.51439 3.9835
0.536 -4.59356 3.95371
0.537 -4.65341 3.91011
0.538 -4.69366 3.8527
0.539 -4.71413 3.78153
0.54 -4.71469 3.69671
0.541 -4.69533 3.59842
0.542 -4.65608 3.48686
0.543 -4.59708 3.36231
0.544 -4.51855 3.22509
0.545 -4.42076 3.07558
0.546 -4.3041 2.9142
0.547 -4.169 2.74143
0.548 -4.016 2.55779
0.549 -3.84568 2.36384
0.55 -3.65873 2.16021
0.551 -3.45587 1.94753
0.552 -3.23791 1.7265
0.553 -3.00573 1.49786
0.554 -2.76025 1.26235
0.555 -2.50246 1.02078
0.556 -2.23339 0.773963
0.557 -1.95414 0.522746
0.558 -1.66584 0.267998
0.559 -1.36966 0.0106057
0.56 -1.0668 -0.24853
0.561 -0.758506 -0.508496
0.562 -0.446043 -0.76837
0.563 -0.130694 -1.02722
0.564 0.186242 -1.28413
0.565 0.503454 -1.53817
0.566 0.819626 -1.78842
0.567 1.13344 -2.03397
0.568 1.4436 -2.27392
0.569 1.74879 -2.50739
0.57 2.04774 -2.73354
0.571 2.33918 -2.95151
0.572 2.62189 -3.16051
0.573 2.89465 -3.35975
0.574 3.15631 -3.54849
0.575 3.40573 -3.72602
0.576 3.64184 -3.89167
0.577 3.86362 -4.04483
0.578 4.07008 -4.18489
0.579 4.26032 -4.31134
0.58 4.43348 -4.42369
0.581 4.58877 -4.52149
0.582 4.7255 -4.60438
0.583 4.843 -4.67202
0.584 4.94071 -4.72415
0.585 5.01815 -4.76056
0.586 5.0749 -4.78108
0.587 5.11064 -4.78564
0.588 5.12513 -4.77419
0.589 5.1182 -4.74676
0.59 5.08979 -4.70345
0.591 5.0399 -4.64439
0.592 4.96864 -4.5698
0.593 4.8762 -4.47994
0.594 4.76284 -4.37514
0.595 4.62892 -4.25578
0.596 4.47488 -4.1223
0.597 4.30124 -3.97519
0.598 4.10861 -3.815
0.599 3.89766 -3.64232
0.6 3.66914 -3.45781
0.601 3.42389 -3.26215
0.602 3.16281 -3.05608
0.603 2.88684 -2.84037
0.604 2.59702 -2.61584
0.605 2.29444 -2.38334
0.606 1.98021 -2.14375
0.607 1.65554 -1.89798
0.608 1.32166 -1.64696
0.609 0.979822 -1.39165
0.61 0.631347 -1.13303
0.611 0.277567 -0.872074
0.612 -0.0801585 -0.609794
0.613 -0.44045 -0.34719
0.614 -0.801914 -0.0852694
0.615 -1.16315 0.17496
0.616 -1.52276 0.432498
0.617 -1.87933 0.686352
0.618 -2.23148 0.935542
0.619 -2.57782 1.17911
0.62 -2.91701 1.4161
0.621 -3.24771 1.64561
0.622 -3.56861 1.86674
0.623 -3.87846 2.07864
0.624 -4.17602 2.28047
0.625 -4.46013 2.47145
0.626 -4.72964 2.65085
0.627 -4.9835 2.81794
0.628 -5.22068 2.97208
0.629 -5.44024 3.11266
0.63 -5.6413 3.23913
0.631 -5.82305 3.35099
0.632 -5.98476 3.44778
0.633 -6.12578 3.52913
0.634 -6.24552 3.59471
0.635 -6.3435 3.64424
0.636 -6.4193 3.67753
0.637 -6.47263 3.69442
0.638 -6.50323 3.69484
0.639 -6.51097 3.67878
0.64 -6.49581 3.64627
0.641 -6.45777 3.59743
0.642 -6.39699 3.53243
0.643 -6.3137 3.45151
0.644 -6.2082 3.35497
0.645 -6.08088 3.24317
0.646 -5.93225 3.11651
0.647 -5.76286 2.97548
0.648 -5.57337 2.82062
0.649 -5.36451 2.65249
0.65 -5.13709 2.47175
0.651 -4.89201 2.27906
0.652 -4.63021 2.07518
0.653 -4.35272 1.86087
0.654 -4.06063 1.63695
0.655 -3.75508 1.40427
0.656 -3.43727 1.16371
0.657 -3.10845 0.916211
0.658 -2.76992 0.662702
0.659 -2.42301 0.404156
0.66 -2.06908 0.141562
0.661 -1.70954 -0.124076
0.662 -1.34581 -0.39174
0.663 -0.979315 -0.660406
0.664 -0.611512 -0.929046
0.665 -0.243855 -1.19663
0.666 0.122201 -1.46214
0.667 0.485206 -1.72455
0.668 0.843722 -1.98285
0.669 1.19633 -2.23607
0.67 1.54163 -2.48323
0.671 1.87825 -2.72339
0.672 2.20487 -2.95563
0.673 2.52017 -3.17906
0.674 2.82293 -3.39282
0.675 3.11192 -3.59612
0.676 3.38602 -3.78816
0.677 3.64413 -3.96822
0.678 3.88523 -4.13561
0.679 4.10837 -4.28971
0.68 4.31267 -4.42992
0.681 4.49732 -4.55572
0.682 4.66159 -4.66664
0.683 4.80483 -4.76227
0.684 4.9265 -4.84224
0.685 5.02611 -4.90626
0.686 5.10327 -4.95411
0.687 5.1577 -4.98561
0.688 5.18919 -5.00065
0.689 5.19763 -4.9992
0.69 5.18301 -4.98128
0.691 5.1454 -4.94696
0.692 5.08497 -4.89642
0.693 5.00198 -4.82984
0.694 4.89679 -4.74752
0.695 4.76984 -4.64977
0.696 4.62167 -4.53701
0.697 4.45288 -4.40967
0.698 4.2642 -4.26827
0.699 4.05639 -4.11337
0.7 3.83032 -3.94559
0.701 3.58693 -3.76557
0.702 3.32722 -3.57404
0.703 3.05227 -3.37175
0.704 2.76322 -3.15948
0.705 2.46126 -2.93807
0.706 2.14763 -2.70838
0.707 1.82364 -2.47131
0.708 1.49062 -2.22777
0.709 1.14996 -1.97872
0.71 0.803052 -1.72511
0.711 0.45134 -1.46792
0.712 0.0962801 -1.20815
0.713 -0.260659 -0.946784
0.714 -0.617996 -0.684834
0.715 -0.974251 -0.423299
0.716 -1.32794 -0.163173
0.717 -1.6776 0.0945533
0.718 -2.02178 0.348906
0.719 -2.35903 0.598926
0.72 -2.68795 0.843673
0.721 -3.00718 1.08223
0.722 -3.31537 1.31372
0.723 -3.61123 1.53727
0.724 -3.89352 1.75207
0.725 -4.16104 1.95733
0.726 -4.41268 2.15231
0.727 -4.64736 2.33631
0.728 -4.86408 2.50868
0.729 -5.06192 2.66881
0.73 -5.24002 2.81615
0.731 -5.39762 2.9502
0.732 -5.53403 3.07052
0.733 -5.64863 3.17672
0.734 -5.74092 3.26848
0.735 -5.81048 3.34554
0.736 -5.85696 3.40767
0.737 -5.88012 3.45475
0.738 -5.87983 3.48668
0.739 -5.85603 3.50345
0.74 -5.80876 3.50511
0.741 -5.73816 3.49176
0.742 -5.64448 3.46356
0.743 -5.52803 3.42074
0.744 -5.38923 3.3636
0.745 -5.2286 3.29248
0.746 -5.04674 3.20778
0.747 -4.84434 3.10996
0.748 -4.62217 2.99954
0.749 -4.38107 2.87707
0.75 -4.12198 2.74318
0.751 -3.84591 2.59852
0.752 -3.55391 2.44379
0.753 -3.24714 2.27973
0.754 -2.92679 2.10713
0.755 -2.59412 1.92681
0.756 -2.25043 1.73959
0.757 -1.89707 1.54636
0.758 -1.53544 1.34802
0.759 -1.16696 1.14547
0.76 -0.793081 0.939648
0.761 -0.415291 0.7315
0.762 -0.035081 0.521975
0.763 0.346042 0.312028
0.764 0.726568 0.102614
0.765 1.10499 -0.105313
0.766 1.4798 -0.310812
0.767 1.84951 -0.51295
0.768 2.21266 -0.71081
0.769 2.56779 -0.903496
0.77 2.9135 -1.09013
0.771 3.24842 -1.26988
0.772 3.57121 -1.44191
0.773 3.88058 -1.60545
0.774 4.17531 -1.75975
0.775 4.45423 -1.9041
0.776 4.71623 -2.03785
0.777 4.96027 -2.16038
0.778 5.18537 -2.27111
0.779 5.39065 -2.36954
0.78 5.5753 -2.4552
0.781 5.73859 -2.52767
0.782 5.87988 -2.58662
0.783 5.9986 -2.63173
0.784 6.09431 -2.66279
0.785 6.16662 -2.67961
0.786 6.21528 -2.68208
0.787 6.24009 -2.67015
0.788 6.24098 -2.64383
0.789 6.21796 -2.6032
0.79 6.17115 -2.54838
0.791 6.10075 -2.47957
0.792 6.00707 -2.39704
0.793 5.89052 -2.30108
0.794 5.75158 -2.19208
0.795 5.59084 -2.07047
0.796 5.40897 -1.93672
0.797 5.20673 -1.79138
0.798 4.98497 -1.63504
0.799 4.74461 -1.46832
0.8 4.48665 -1.29191
0.801 4.21216 -1.10653
0.802 3.92229 -0.912945
0.803 3.61822 -0.711957
0.804 3.30123 -0.504397
0.805 2.97263 -0.291127
0.806 2.63378 -0.0730362
0.807 2.28609 0.148965
0.808 1.931 0.373945
0.809 1.56998 0.600962
0.81 1.20453 0.829058
0.811 0.836165 1.05727
0.812 0.466416 1.28464
0.813 0.0968174 1.51019
0.814 -0.271093 1.73298
0.815 -0.635787 1.95204
0.816 -0.995745 2.16645
0.817 -1.34947 2.37528
0.818 -1.69548 2.57764
0.819 -2.03235 2.77266
0.82 -2.35865 2.95948
0.821 -2.67303 3.1373
0.822 -2.97416 3.30534
0.823 -3.26079 3.46286
0.824 -3.53171 3.60917
0.825 -3.78578 3.74361
0.826 -4.02192 3.86558
0.827 -4.23914 3.97453
0.828 -4.43651 4.06997
0.829 -4.61318 4.15143
0.83 -4.76841 4.21854
0.831 -4.90151 4.27097
0.832 -5.01191 4.30845
0.833 -5.09912 4.33077
0.834 -5.16275 4.33779
0.835 -5.2025 4.32942
0.836 -5.21817 4.30564
0.837 -5.20965 4.26651
0.838 -5.17696 4.21213
0.839 -5.12019 4.14267
0.84 -5.03953 4.05838
0.841 -4.93528 3.95954
0.842 -4.80783 3.84653
0.843 -4.65768 3.71975
0.844 -4.4854 3.57968
0.845 -4.29168 3.42687
0.846 -4.07726 3.26189
0.847 -3.84301 3.08538
0.848 -3.58986 2.89804
0.849 -3.31881 2.7006
0.85 -3.03096 2.49384
0.851 -2.72745 2.27857
0.852 -2.40951 2.05566
0.853 -2.07843 1.826
0.854 -1.73555 1.59051
0.855 -1.38225 1.35013
0.856 -1.01996 1.10583
0.857 -0.650175 0.858614
0.858 -0.274387 0.609475
0.859 0.105867 0.359431
0.86 0.48903 0.109502
0.861 0.873532 -0.139286
0.862 1.2578 -0.385913
0.863 1.64024 -0.629362
0.864 2.01929 -0.868628
0.865 2.39338 -1.10272
0.866 2.76097 -1.33066
0.867 3.12053 -1.55151
0.868 3.47056 -1.76434
0.869 3.80961 -1.96825
0.87 4.13626 -2.16238
0.871 4.44915 -2.34592
0.872 4.74696 -2.51808
0.873 5.02843 -2.67813
0.874 5.29238 -2.82538
0.875 5.53767 -2.95919
0.876 5.76325 -3.07898
0.877 5.96817 -3.18421
0.878 6.15151 -3.27441
0.879 6.31249 -3.34918
0.88 6.45038 -3.40817
0.881 6.56456 -3.45109
0.882 6.6545 -3.47772
0.883 6.71976 -3.4879
0.884 6.76002 -3.48156
0.885 6.77504 -3.45866
0.886 6.76468 -3.41926
0.887 6.72892 -3.36348
0.888 6.66782 -3.29148
0.889 6.58157 -3.20354
0.89 6.47043 -3.09995
0.891 6.33478 -2.9811
0.892 6.17509 -2.84744
0.893 5.99194 -2.69946
0.894 5.78599 -2.53775
0.895 5.558 -2.36291
0.896 5.30882 -2.17563
0.897 5.03938 -1.97664
0.898 4.7507 -1.76673
0.899 4.44389 -1.54672
0.9 4.1201 -1.31749
0.901 3.78057 -1.07995
0.902 3.42662 -0.835054
0.903 3.0596 -0.583784
0.904 2.68094 -0.327156
0.905 2.29209 -0.0662079
0.906 1.89457 0.197999
0.907 1.48993 0.464387
0.908 1.07973 0.731866
0.909 0.665588 0.999337
0.91 0.249109 1.2657
0.911 -0.168074 1.52984
0.912 -0.584329 1.79068
0.913 -0.998024 2.04711
0.914 -1.40754 2.29807
0.915 -1.81126 2.54249
0.916 -2.2076 2.77935
0.917 -2.59502 3.00763
0.918 -2.97197 3.22635
0.919 -3.33698 3.43457
0.92 -3.68861 3.63138
0.921 -4.02547 3.81593
0.922 -4.34625 3.98738
0.923 -4.64967 4.14498
0.924 -4.93454 4.288
0.925 -5.19973 4.41578
0.926 -5.44421 4.52772
0.927 -5.667 4.62328
0.928 -5.86724 4.70196
0.929 -6.04413 4.76336
0.93 -6.19699 4.80713
0.931 -6.32521 4.83297
0.932 -6.42829 4.84069
0.933 -6.50584 4.83014
0.934 -6.55755 4.80124
0.935 -6.58324 4.754
0.936 -6.5828 4.6885
0.937 -6.55626 4.60486
0.938 -6.50374 4.50332
0.939 -6.42544 4.38415
0.94 -6.32171 4.24771
0.941 -6.19298 4.09443
0.942 -6.03976 3.92479
0.943 -5.86268 3.73935
0.944 -5.66248 3.53874
0.945 -5.43997 3.32362
0.946 -5.19604 3.09473
0.947 -4.93171 2.85288
0.948 -4.64803 2.5989
0.949 -4.34617 2.33369
0.95 -4.02735 2.05819
0.951 -3.69287 1.77338
0.952 -3.34408 1.48029
0.953 -2.98241 1.17996
0.954 -2.60933 0.87348
0.955 -2.22634 0.561966
0.956 -1.83502 0.24655
0.957 -1.43695 -0.0716166
0.958 -1.03374 -0.391371
0.959 -0.627055 -0.71154
0.96 -0.218534 -1.03095
0.961 0.190153 -1.34842
0.962 0.59734 -1.66278
0.963 1.00137 -1.97287
0.964 1.40058 -2.27755
0.965 1.79336 -2.57569
0.966 2.17809 -2.86617
0.967 2.55319 -3.14794
0.968 2.91714 -3.41994
0.969 3.26843 -3.68116
0.97 3.60563 -3.93064
0.971 3.92734 -4.16745
0.972 4.23225 -4.39071
0.973 4.51908 -4.59959
0.974 4.78666 -4.79333
0.975 5.03387 -4.97121
0.976 5.25968 -5.13257
0.977 5.46316 -5.27682
0.978 5.64343 -5.40343
0.979 5.79974 -5.51194
0.98 5.93143 -5.60196
0.981 6.03792 -5.67317
0.982 6.11875 -5.72532
0.983 6.17354 -5.75823
0.984 6.20205 -5.7718
0.985 6.20411 -5.76601
0.986 6.17967 -5.74088
0.987 6.1288 -5.69655
0.988 6.05165 -5.63321
0.989 5.94849 -5.55112
0.99 5.8197 -5.45062
0.991 5.66575 -5.33212
0.992 5.48722 -5.19608
0.993 5.28479 -5.04307
0.994 5.05922 -4.87368
0.995 4.81138 -4.68859
0.996 4.54223 -4.48853
0.997 4.25281 -4.27428
0.998 3.94424 -4.0467
0.999 3.61772 -3.80666
1 3.27453 -3.55512
