0.001 3.59503e-008 1.7017e-009
0.002 3.25302e-007 1.3727e-008
0.003 1.52488e-006 5.73323e-008
0.004 5.02651e-006 1.6975e-007
0.005 1.32473e-005 4.07367e-007
0.006 2.99096e-005 8.50945e-007
0.007 6.03087e-005 1.61338e-006
0.008 0.000111565 2.85049e-006
0.009 0.000192857 4.77524e-006
0.01 0.000315639 7.67585e-006
0.011 0.000493833 1.1938e-005
0.012 0.000743995 1.80718e-005
0.013 0.00108546 2.6743e-005
0.014 0.00154047 3.88097e-005
0.015 0.00213423 5.53637e-005
0.016 0.002895 7.77772e-005
0.017 0.00385411 0.000107754
0.018 0.00504593 0.000147388
0.019 0.00650788 0.000199222
0.02 0.00828032 0.000266315
0.021 0.0104065 0.000352314
0.022 0.0129322 0.000461529
0.023 0.0159061 0.000599008
0.024 0.0193788 0.000770622
0.025 0.0234034 0.000983146
0.026 0.0280346 0.00124435
0.027 0.0333286 0.00156307
0.028 0.0393432 0.00194933
0.029 0.0461366 0.00241439
0.03 0.0537679 0.00297084
0.031 0.0622962 0.00363273
0.032 0.0717803 0.00441559
0.033 0.0822782 0.00533652
0.034 0.093847 0.00641431
0.035 0.106542 0.00766946
0.036 0.120416 0.00912423
0.037 0.13552 0.0108028
0.038 0.151902 0.012731
0.039 0.169606 0.014937
0.04 0.188671 0.0174504
0.041 0.209134 0.0203032
0.042 0.231026 0.0235291
0.043 0.254371 0.0271638
0.044 0.279189 0.0312448
0.045 0.305494 0.0358118
0.046 0.333293 0.0409059
0.047 0.362585 0.0465703
0.048 0.393362 0.0528496
0.049 0.42561 0.0597901
0.05 0.459305 0.0674394
0.051 0.494417 0.0758465
0.052 0.530905 0.0850615
0.053 0.568722 0.0951352
0.054 0.60781 0.10612
0.055 0.648105 0.118067
0.056 0.689533 0.13103
0.057 0.73201 0.145061
0.058 0.775444 0.160213
0.059 0.819737 0.176538
0.06 0.864779 0.194086
0.061 0.910454 0.212909
0.062 0.956638 0.233056
0.063 1.0032 0.254572
0.064 1.05 0.277504
0.065 1.09689 0.301893
0.066 1.14371 0.327781
0.067 1.19032 0.355203
0.068 1.23655 0.384194
0.069 1.28223 0.414782
0.07 1.32719 0.446993
0.071 1.37125 0.480848
0.072 1.41423 0.516362
0.073 1.45596 0.553546
0.074 1.49626 0.592405
0.075 1.53494 0.632938
0.076 1.57182 0.675137
0.077 1.60673 0.718989
0.078 1.63949 0.764471
0.079 1.66993 0.811557
0.08 1.69787 0.86021
0.081 1.72315 0.910388
0.082 1.74562 0.962038
0.083 1.76512 1.0151
0.084 1.78151 1.06951
0.085 1.79465 1.12519
0.086 1.80442 1.18206
0.087 1.8107 1.24002
0.088 1.81339 1.29897
0.089 1.81239 1.3588
0.09 1.80762 1.41939
0.091 1.79901 1.48062
0.092 1.78651 1.54236
0.093 1.77008 1.60445
0.094 1.7497 1.66674
0.095 1.72534 1.72909
0.096 1.69703 1.79132
0.097 1.66477 1.85325
0.098 1.62862 1.91472
0.099 1.58861 1.97553
0.1 1.54483 2.0355
0.101 1.49736 2.09442
0.102 1.4463 2.1521
0.103 1.39178 2.20832
0.104 1.33392 2.2629
0.105 1.2729 2.3156
0.106 1.20886 2.36622
0.107 1.14201 2.41454
0.108 1.07252 2.46035
0.109 1.00063 2.50344
0.11 0.926557 2.54359
0.111 0.850539 2.58058
0.112 0.772828 2.61422
0.113 0.69369 2.64429
0.114 0.613397 2.67059
0.115 0.532233 2.69294
0.116 0.45049 2.71113
0.117 0.368467 2.72498
0.118 0.286468 2.73434
0.119 0.204804 2.73901
0.12 0.123788 2.73887
0.121 0.0437362 2.73375
0.122 -0.035034 2.72353
0.123 -0.112206 2.70808
0.124 -0.187464 2.6873
0.125 -0.260497 2.6611
0.126 -0.330996 2.6294
0.127 -0.39866 2.59213
0.128 -0.463193 2.54925
0.129 -0.524309 2.50073
0.13 -0.581732 2.44655
0.131 -0.635197 2.38672
0.132 -0.684452 2.32127
0.133 -0.729258 2.25022
0.134 -0.769391 2.17366
0.135 -0.804645 2.09164
0.136 -0.83483 2.00428
0.137 -0.859774 1.9117
0.138 -0.879327 1.81402
0.139 -0.893357 1.71141
0.14 -0.901755 1.60405
0.141 -0.904434 1.49213
0.142 -0.901329 1.37587
0.143 -0.892399 1.2555
0.144 -0.877628 1.13128
0.145 -0.857023 1.00347
0.146 -0.830616 0.872368
0.147 -0.798466 0.738273
0.148 -0.760655 0.601506
0.149 -0.717291 0.462403
0.15 -0.668507 0.321314
0.151 -0.61446 0.178602
0.152 -0.555335 0.0346422
0.153 -0.491336 -0.11018
0.154 -0.422695 -0.255466
0.155 -0.349666 -0.400813
0.156 -0.272522 -0.545807
0.157 -0.191562 -0.690028
0.158 -0.107103 -0.833053
0.159 -0.0194814 -0.974455
0.16 0.0709475 -1.1138
0.161 0.163812 -1.25067
0.162 0.258724 -1.38462
0.163 0.355282 -1.51523
0.164 0.453072 -1.64208
0.165 0.551668 -1.76476
0.166 0.650635 -1.88284
0.167 0.74953 -1.99594
0.168 0.847903 -2.10366
0.169 0.945303 -2.20562
0.17 1.04127 -2.30146
0.171 1.13536 -2.39082
0.172 1.2271 -2.47338
0.173 1.31606 -2.54882
0.174 1.40178 -2.61684
0.175 1.48382 -2.67717
0.176 1.56175 -2.72956
0.177 1.63517 -2.77376
0.178 1.70365 -2.80959
0.179 1.76681 -2.83685
0.18 1.82428 -2.8554
0.181 1.8757 -2.86511
0.182 1.92073 -2.86588
0.183 1.95906 -2.85765
0.184 1.9904 -2.84037
0.185 2.01449 -2.81403
0.186 2.03107 -2.77866
0.187 2.03995 -2.73432
0.188 2.04093 -2.68108
0.189 2.03387 -2.61907
0.19 2.01864 -2.54843
0.191 1.99514 -2.46934
0.192 1.96332 -2.38201
0.193 1.92315 -2.28668
0.194 1.87465 -2.18362
0.195 1.81784 -2.07315
0.196 1.75281 -1.95557
0.197 1.67966 -1.83127
0.198 1.59855 -1.70061
0.199 1.50963 -1.56401
0.2 1.41313 -1.42192
0.201 1.30929 -1.27478
0.202 1.19839 -1.12309
0.203 1.08072 -0.967342
0.204 0.956638 -0.808066
0.205 0.8265 -0.645802
0.206 0.690705 -0.481106
0.207 0.549676 -0.31455
0.208 0.403861 -0.146716
0.209 0.253733 0.0218015
0.21 0.0997865 0.190401
0.211 -0.0574625 0.358476
0.212 -0.21748 0.525413
0.213 -0.379715 0.6906
0.214 -0.543602 0.853423
0.215 -0.708563 1.01327
0.216 -0.874011 1.16954
0.217 -1.03935 1.32163
0.218 -1.20397 1.46896
0.219 -1.36728 1.61094
0.22 -1.52866 1.74701
0.221 -1.68752 1.87662
0.222 -1.84325 1.99925
0.223 -1.99526 2.11438
0.224 -2.14296 2.22153
0.225 -2.28579 2.32023
0.226 -2.42317 2.41005
0.227 -2.55458 2.49057
0.228 -2.67948 2.56142
0.229 -2.79737 2.62225
0.23 -2.90777 2.67274
0.231 -3.01022 2.71261
0.232 -3.1043 2.74162
0.233 -3.18961 2.75955
0.234 -3.26578 2.76624
0.235 -3.33247 2.76155
0.236 -3.38939 2.74538
0.237 -3.43626 2.7177
0.238 -3.47286 2.67847
0.239 -3.49901 2.62774
0.24 -3.51454 2.56557
0.241 -3.51935 2.49207
0.242 -3.51338 2.4074
0.243 -3.49659 2.31175
0.244 -3.469 2.20535
0.245 -3.43067 2.08848
0.246 -3.38169 1.96146
0.247 -3.32221 1.82463
0.248 -3.25242 1.67838
0.249 -3.17253 1.52315
0.25 -3.08281 1.35938
0.251 -2.98358 1.18758
0.252 -2.87517 1.00827
0.253 -2.75797 0.822016
0.254 -2.6324 0.629392
0.255 -2.49891 0.431014
0.256 -2.358 0.227519
0.257 -2.21018 0.0195649
0.258 -2.05601 -0.19217
0.259 -1.89606 -0.40699
0.26 -1.73095 -0.624183
0.261 -1.56129 -0.843026
0.262 -1.38774 -1.06278
0.263 -1.21097 -1.28272
0.264 -1.03165 -1.50208
0.265 -0.850493 -1.72011
0.266 -0.6682 -1.93608
0.267 -0.485488 -2.14924
0.268 -0.303077 -2.35884
0.269 -0.12169 -2.56416
0.27 0.0579509 -2.76448
0.271 0.235127 -2.95909
0.272 0.409127 -3.14731
0.273 0.57925 -3.32848
0.274 0.744805 -3.50193
0.275 0.905119 -3.66706
0.276 1.05954 -3.82327
0.277 1.20742 -3.96999
0.278 1.34816 -4.10669
0.279 1.48117 -4.23286
0.28 1.6059 -4.34805
0.281 1.72182 -4.45182
0.282 1.82844 -4.54379
0.283 1.92529 -4.6236
0.284 2.01198 -4.69095
0.285 2.0881 -4.74557
0.286 2.15334 -4.78725
0.287 2.20738 -4.81581
0.288 2.24999 -4.83112
0.289 2.28096 -4.8331
0.29 2.30012 -4.82171
0.291 2.30737 -4.79698
0.292 2.30264 -4.75895
0.293 2.28593 -4.70774
0.294 2.25726 -4.6435
0.295 2.21671 -4.56643
0.296 2.16443 -4.47678
0.297 2.10058 -4.37484
0.298 2.02541 -4.26095
0.299 1.93918 -4.13549
0.3 1.84223 -3.99887
0.301 1.73491 -3.85157
0.302 1.61764 -3.69407
0.303 1.49087 -3.52692
0.304 1.3551 -3.35069
0.305 1.21087 -3.16597
0.306 1.05874 -2.97342
0.307 0.89933 -2.77368
0.308 0.733268 -2.56745
0.309 0.561229 -2.35544
0.31 0.383907 -2.13838
0.311 0.202026 -1.91702
0.312 0.0163279 -1.69214
0.313 -0.172424 -1.46449
0.314 -0.36345 -1.23488
0.315 -0.55596 -1.00408
0.316 -0.749153 -0.772914
0.317 -0.94222 -0.54216
0.318 -1.13435 -0.312616
0.319 -1.32474 -0.0850699
0.32 -1.51257 0.139698
0.321 -1.69704 0.360922
0.322 -1.87737 0.577847
0.323 -2.05278 0.789739
0.324 -2.2225 0.995882
0.325 -2.3858 1.19558
0.326 -2.54196 1.38818
0.327 -2.69028 1.57302
0.328 -2.8301 1.74952
0.329 -2.96078 1.91708
0.33 -3.08174 2.07518
0.331 -3.19241 2.2233
0.332 -3.29227 2.36099
0.333 -3.38083 2.48782
0.334 -3.45767 2.60342
0.335 -3.52238 2.70743
0.336 -3.57463 2.79959
0.337 -3.61412 2.87963
0.338 -3.64062 2.94737
0.339 -3.65391 3.00264
0.34 -3.65388 3.04536
0.341 -3.64042 3.07547
0.342 -3.6135 3.09296
0.343 -3.57316 3.09788
0.344 -3.51946 3.09032
0.345 -3.45253 3.07043
0.346 -3.37256 3.03839
0.347 -3.27979 2.99445
0.348 -3.17449 2.93888
0.349 -3.05703 2.87201
0.35 -2.92777 2.79421
0.351 -2.78718 2.7059
0.352 -2.63573 2.60752
0.353 -2.47395 2.49957
0.354 -2.30243 2.38257
0.355 -2.12178 2.25708
0.356 -1.93265 2.1237
0.357 -1.73575 1.98304
0.358 -1.53178 1.83576
0.359 -1.32152 1.68253
0.36 -1.10575 1.52404
0.361 -0.885265 1.36101
0.362 -0.660906 1.19416
0.363 -0.43352 1.02424
0.364 -0.203968 0.851989
0.365 0.0268759 0.678175
0.366 0.25813 0.503558
0.367 0.48891 0.328898
0.368 0.71833 0.154956
0.369 0.945508 -0.0175145
0.37 1.16957 -0.187768
0.371 1.38964 -0.355072
0.372 1.60489 -0.518706
0.373 1.81446 -0.677969
0.374 2.01756 -0.832181
0.375 2.21339 -0.980683
0.376 2.40119 -1.12284
0.377 2.58024 -1.25806
0.378 2.74983 -1.38576
0.379 2.90932 -1.5054
0.38 3.05807 -1.61648
0.381 3.19552 -1.71853
0.382 3.32113 -1.81112
0.383 3.43442 -1.89387
0.384 3.53495 -1.96644
0.385 3.62234 -2.02851
0.386 3.69625 -2.07984
0.387 3.75642 -2.12022
0.388 3.80262 -2.14947
0.389 3.83467 -2.1675
0.39 3.85249 -2.17422
0.391 3.856 -2.16963
0.392 3.84524 -2.15375
0.393 3.82025 -2.12664
0.394 3.78117 -2.08845
0.395 3.72819 -2.03934
0.396 3.66153 -1.97953
0.397 3.5815 -1.90927
0.398 3.48845 -1.82888
0.399 3.38279 -1.7387
0.4 3.26497 -1.63912
0.401 3.1355 -1.53058
0.402 2.99495 -1.41354
0.403 2.84391 -1.28851
0.404 2.68304 -1.15601
0.405 2.51303 -1.01662
0.406 2.33459 -0.870939
0.407 2.1485 -0.719581
0.408 1.95556 -0.563196
0.409 1.75659 -0.402449
0.41 1.55244 -0.238027
0.411 1.34398 -0.0706283
0.412 1.13212 0.0990347
0.413 0.917761 0.270241
0.414 0.701821 0.442265
0.415 0.485231 0.614377
0.416 0.268924 0.785847
0.417 0.0538322 0.955949
0.418 -0.159116 1.12397
0.419 -0.368998 1.28919
0.42 -0.574905 1.45092
0.421 -0.775943 1.60847
0.422 -0.971236 1.76119
0.423 -1.15993 1.90843
0.424 -1.34121 2.04958
0.425 -1.51426 2.18404
0.426 -1.67833 2.31125
0.427 -1.83269 2.43069
0.428 -1.97666 2.54187
0.429 -2.10959 2.64431
0.43 -2.23087 2.7376
0.431 -2.33997 2.82137
0.432 -2.43638 2.89526
0.433 -2.51964 2.95899
0.434 -2.58938 3.0123
0.435 -2.64525 3.05499
0.436 -2.68697 3.0869
0.437 -2.71432 3.10791
0.438 -2.72714 3.11796
0.439 -2.72533 3.11704
0.44 -2.70886 3.10517
0.441 -2.67776 3.08244
0.442 -2.63209 3.04896
0.443 -2.57203 3.00493
0.444 -2.49777 2.95055
0.445 -2.40959 2.88609
0.446 -2.30781 2.81186
0.447 -2.19283 2.72822
0.448 -2.06509 2.63557
0.449 -1.92509 2.53433
0.45 -1.77338 2.42497
0.451 -1.61057 2.30802
0.452 -1.43732 2.18401
0.453 -1.25431 2.05352
0.454 -1.06231 1.91715
0.455 -0.862076 1.77553
0.456 -0.654444 1.62931
0.457 -0.440264 1.47917
0.458 -0.220421 1.32581
0.459 0.00417337 1.16993
0.46 0.232586 1.01225
0.461 0.463863 0.853502
0.462 0.697036 0.694417
0.463 0.931126 0.535734
0.464 1.16514 0.378189
0.465 1.3981 0.222514
0.466 1.62901 0.0694342
0.467 1.85688 -0.0803367
0.468 2.08074 -0.226098
0.469 2.29963 -0.367164
0.47 2.51261 -0.502873
0.471 2.71874 -0.632582
0.472 2.91714 -0.755675
0.473 3.10694 -0.871566
0.474 3.28729 -0.979697
0.475 3.45741 -1.07955
0.476 3.61652 -1.17063
0.477 3.76391 -1.25249
0.478 3.89892 -1.32473
0.479 4.02091 -1.38698
0.48 4.12933 -1.43892
0.481 4.22364 -1.48027
0.482 4.30339 -1.5108
0.483 4.36819 -1.53034
0.484 4.41768 -1.53875
0.485 4.4516 -1.53594
0.486 4.46972 -1.5219
0.487 4.47189 -1.49664
0.488 4.45803 -1.46023
0.489 4.42811 -1.41279
0.49 4.38219 -1.3545
0.491 4.32036 -1.28557
0.492 4.24282 -1.20629
0.493 4.14979 -1.11696
0.494 4.04159 -1.01796
0.495 3.91859 -0.909702
0.496 3.78121 -0.792643
0.497 3.62995 -0.667282
0.498 3.46535 -0.53416
0.499 3.28803 -0.393857
0.5 3.09863 -0.246986
0.501 2.89788 -0.0941971
0.502 2.68653 0.0638307
0.503 2.46538 0.22639
0.504 2.23529 0.392747
0.505 1.99713 0.562147
0.506 1.75182 0.733816
0.507 1.50033 0.906964
0.508 1.24363 1.08079
0.509 0.982714 1.25447
0.51 0.718618 1.42721
0.511 0.452376 1.59817
0.512 0.185039 1.76654
0.513 -0.082337 1.9315
0.514 -0.348692 2.09225
0.515 -0.612968 2.248
0.516 -0.874115 2.39796
0.517 -1.13109 2.54138
0.518 -1.38287 2.67751
0.519 -1.62844 2.80565
0.52 -1.86683 2.92511
0.521 -2.09706 3.03523
0.522 -2.31823 3.13541
0.523 -2.52944 3.22504
0.524 -2.72984 3.30361
0.525 -2.91862 3.3706
0.526 -3.09502 3.42555
0.527 -3.25832 3.46808
0.528 -3.40787 3.4978
0.529 -3.54305 3.51443
0.53 -3.66333 3.51769
0.531 -3.76822 3.50739
0.532 -3.85728 3.48339
0.533 -3.93016 3.44559
0.534 -3.98656 3.39396
0.535 -4.02626 3.32851
0.536 -4.0491 3.24934
0.537 -4.05498 3.15658
0.538 -4.04389 3.05041
0.539 -4.01587 2.93111
0.54 -3.97104 2.79896
0.541 -3.90959 2.65434
0.542 -3.83178 2.49765
0.543 -3.73794 2.32938
0.544 -3.62845 2.15003
0.545 -3.50378 1.96019
0.546 -3.36444 1.76045
0.547 -3.21101 1.55149
0.548 -3.04414 1.334
0.549 -2.86453 1.10873
0.55 -2.67293 0.876461
0.551 -2.47014 0.638002
0.552 -2.25702 0.394199
0.553 -2.03446 0.145923
0.554 -1.80339 -0.105929
0.555 -1.5648 -0.360442
0.556 -1.31968 -0.61668
0.557 -1.06908 -0.873697
0.558 -0.81405 -1.13054
0.559 -0.555679 -1.38624
0.56 -0.295064 -1.63983
0.561 -0.0333121 -1.89035
0.562 0.228458 -2.13686
0.563 0.489129 -2.37838
0.564 0.747581 -2.61401
0.565 1.00271 -2.84281
0.566 1.2534 -3.06389
0.567 1.49859 -3.27639
0.568 1.7372 -3.47945
0.569 1.9682 -3.67228
0.57 2.19057 -3.85409
0.571 2.40335 -4.02416
0.572 2.60558 -4.18177
0.573 2.79638 -4.3263
0.574 2.97488 -4.45713
0.575 3.14029 -4.57371
0.576 3.29185 -4.67555
0.577 3.42887 -4.7622
0.578 3.5507 -4.83327
0.579 3.65677 -4.88843
0.58 3.74656 -4.92742
0.581 3.81962 -4.95003
0.582 3.87558 -4.95612
0.583 3.91411 -4.9456
0.584 3.93498 -4.91846
0.585 3.93802 -4.87474
0.586 3.92313 -4.81457
0.587 3.89029 -4.73811
0.588 3.83955 -4.64561
0.589 3.77103 -4.53737
0.59 3.68494 -4.41376
0.591 3.58153 -4.2752
0.592 3.46116 -4.12219
0.593 3.32423 -3.95527
0.594 3.17123 -3.77503
0.595 3.00269 -3.58214
0.596 2.81925 -3.37731
0.597 2.62157 -3.16128
0.598 2.41038 -2.93486
0.599 2.18648 -2.6989
0.6 1.95072 -2.45427
0.601 1.70399 -2.20191
0.602 1.44724 -1.94276
0.603 1.18145 -1.67781
0.604 0.907659 -1.40807
0.605 0.62692 -1.13457
0.606 0.340328 -0.858366
0.607 0.0490053 -0.58051
0.608 -0.245907 -0.302081
0.609 -0.543249 -0.0241569
0.61 -0.841847 0.252184
0.611 -1.14052 0.525864
0.612 -1.43809 0.795814
0.613 -1.73336 1.06098
0.614 -2.02516 1.32031
0.615 -2.31233 1.57279
0.616 -2.59372 1.81742
0.617 -2.86819 2.05323
0.618 -3.13465 2.27927
0.619 -3.39201 2.49466
0.62 -3.63924 2.69851
0.621 -3.87533 2.89001
0.622 -4.09932 3.06839
0.623 -4.31031 3.23291
0.624 -4.50742 3.38291
0.625 -4.68985 3.51775
0.626 -4.85684 3.63688
0.627 -5.00771 3.7398
0.628 -5.14182 3.82607
0.629 -5.2586 3.8953
0.63 -5.35757 3.94718
0.631 -5.4383 3.98148
0.632 -5.50044 3.99801
0.633 -5.5437 3.99666
0.634 -5.56789 3.97739
0.635 -5.57287 3.94024
0.636 -5.55859 3.88531
0.637 -5.52508 3.81275
0.638 -5.47243 3.72282
0.639 -5.40084 3.61581
0.64 -5.31054 3.49211
0.641 -5.20187 3.35214
0.642 -5.07523 3.19641
0.643 -4.9311 3.02548
0.644 -4.77002 2.83999
0.645 -4.5926 2.64061
0.646 -4.39953 2.42807
0.647 -4.19154 2.20318
0.648 -3.96943 1.96677
0.649 -3.73407 1.71973
0.65 -3.48637 1.46299
0.651 -3.2273 1.1975
0.652 -2.95785 0.92429
0.653 -2.67908 0.644382
0.654 -2.39209 0.358842
0.655 -2.09799 0.0687569
0.656 -1.79793 -0.224765
0.657 -1.4931 -0.520603
0.658 -1.18469 -0.817624
0.659 -0.873898 -1.11469
0.66 -0.561959 -1.41065
0.661 -0.250096 -1.70438
0.662 0.0604671 -1.99474
0.663 0.368508 -2.28061
0.664 0.672815 -2.56088
0.665 0.972192 -2.83447
0.666 1.26546 -3.10032
0.667 1.55147 -3.3574
0.668 1.8291 -3.6047
0.669 2.09725 -3.84126
0.67 2.35487 -4.06615
0.671 2.60096 -4.2785
0.672 2.83455 -4.47747
0.673 3.05472 -4.66228
0.674 3.26062 -4.8322
0.675 3.45144 -4.98656
0.676 3.62645 -5.12474
0.677 3.78496 -5.24619
0.678 3.92637 -5.35041
0.679 4.05013 -5.43699
0.68 4.15577 -5.50558
0.681 4.24291 -5.55587
0.682 4.31121 -5.58765
0.683 4.36043 -5.60078
0.684 4.3904 -5.59518
0.685 4.40104 -5.57084
0.686 4.39232 -5.52783
0.687 4.36433 -5.46628
0.688 4.3172 -5.38641
0.689 4.25115 -5.28849
0.69 4.16649 -5.17287
0.691 4.06359 -5.03996
0.692 3.94291 -4.89024
0.693 3.80496 -4.72426
0.694 3.65033 -4.54261
0.695 3.4797 -4.34598
0.696 3.29378 -4.13506
0.697 3.09336 -3.91065
0.698 2.87929 -3.67357
0.699 2.65247 -3.42469
0.7 2.41386 -3.16492
0.701 2.16446 -2.89523
0.702 1.90533 -2.61662
0.703 1.63754 -2.3301
0.704 1.36222 -2.03673
0.705 1.08053 -1.73761
0.706 0.793648 -1.43382
0.707 0.502774 -1.12649
0.708 0.209128 -0.81674
0.709 -0.0860578 -0.505714
0.71 -0.381547 -0.194548
0.711 -0.6761 0.115618
0.712 -0.96848 0.423655
0.713 -1.25746 0.728441
0.714 -1.54183 1.02887
0.715 -1.82039 1.32386
0.716 -2.09196 1.61233
0.717 -2.35541 1.89327
0.718 -2.60962 2.16566
0.719 -2.85351 2.42853
0.72 -3.08606 2.68096
0.721 -3.30627 2.92206
0.722 -3.51321 3.15099
0.723 -3.70599 3.36696
0.724 -3.88378 3.56924
0.725 -4.04583 3.75713
0.726 -4.19142 3.93001
0.727 -4.31991 4.08733
0.728 -4.43076 4.22858
0.729 -4.52345 4.35332
0.73 -4.59756 4.46119
0.731 -4.65276 4.55187
0.732 -4.68876 4.62513
0.733 -4.70539 4.68081
0.734 -4.70252 4.71881
0.735 -4.68012 4.73911
0.736 -4.63823 4.74173
0.737 -4.57699 4.72681
0.738 -4.49659 4.69452
0.739 -4.39731 4.6451
0.74 -4.27952 4.57888
0.741 -4.14365 4.49624
0.742 -3.9902 4.39762
0.743 -3.81975 4.28354
0.744 -3.63294 4.15455
0.745 -3.43051 4.01129
0.746 -3.21321 3.85443
0.747 -2.98189 3.6847
0.748 -2.73744 3.50289
0.749 -2.48082 3.30982
0.75 -2.21302 3.10636
0.751 -1.93509 2.89341
0.752 -1.64811 2.67191
0.753 -1.35321 2.44285
0.754 -1.05153 2.2072
0.755 -0.744274 1.966
0.756 -0.432632 1.72029
0.757 -0.117834 1.47112
0.758 0.198883 1.21955
0.759 0.516275 0.966658
0.76 0.833093 0.713511
0.761 1.14809 0.461177
0.762 1.46003 0.210718
0.763 1.76768 -0.0368165
0.764 2.06984 -0.280394
0.765 2.36531 -0.519001
0.766 2.65294 -0.751648
0.767 2.93159 -0.977374
0.768 3.20018 -1.19525
0.769 3.45765 -1.40438
0.77 3.70298 -1.60392
0.771 3.93524 -1.79305
0.772 4.1535 -1.971
0.773 4.35692 -2.13706
0.774 4.5447 -2.29056
0.775 4.71613 -2.4309
0.776 4.87055 -2.55752
0.777 5.00735 -2.66992
0.778 5.12603 -2.76767
0.779 5.22612 -2.85041
0.78 5.30728 -2.91781
0.781 5.36918 -2.96964
0.782 5.41163 -3.00572
0.783 5.43448 -3.02594
0.784 5.43767 -3.03026
0.785 5.42122 -3.01869
0.786 5.38523 -2.99133
0.787 5.32988 -2.94834
0.788 5.25542 -2.88993
0.789 5.16219 -2.81639
0.79 5.0506 -2.72806
0.791 4.92113 -2.62536
0.792 4.77433 -2.50876
0.793 4.61083 -2.37877
0.794 4.43132 -2.23599
0.795 4.23656 -2.08104
0.796 4.02736 -1.91461
0.797 3.80461 -1.73742
0.798 3.56923 -1.55027
0.799 3.32219 -1.35395
0.8 3.06454 -1.14933
0.801 2.79733 -0.937279
0.802 2.52167 -0.718727
0.803 2.23871 -0.494611
0.804 1.94962 -0.265894
0.805 1.65558 -0.0335586
0.806 1.3578 0.2014
0.807 1.05753 0.437978
0.808 0.755979 0.675163
0.809 0.4544 0.911944
0.81 0.154029 1.14731
0.811 -0.143902 1.38027
0.812 -0.438173 1.60982
0.813 -0.727577 1.83499
0.814 -1.01093 2.05483
0.815 -1.28708 2.26841
0.816 -1.55489 2.47482
0.817 -1.81328 2.67319
0.818 -2.06118 2.86268
0.819 -2.2976 3.04249
0.82 -2.52156 3.21186
0.821 -2.73217 3.37008
0.822 -2.92857 3.51649
0.823 -3.10997 3.65047
0.824 -3.27562 3.77145
0.825 -3.42488 3.87893
0.826 -3.55714 3.97245
0.827 -3.67187 4.05164
0.828 -3.76862 4.11615
0.829 -3.84701 4.16572
0.83 -3.90674 4.20014
0.831 -3.94757 4.21927
0.832 -3.96936 4.22304
0.833 -3.97205 4.21143
0.834 -3.95563 4.18449
0.835 -3.92021 4.14235
0.836 -3.86594 4.08517
0.837 -3.79307 4.01321
0.838 -3.70192 3.92678
0.839 -3.5929 3.82623
0.84 -3.46646 3.71199
0.841 -3.32317 3.58455
0.842 -3.16362 3.44445
0.843 -2.98851 3.29227
0.844 -2.79857 3.12867
0.845 -2.59462 2.95432
0.846 -2.37751 2.76996
0.847 -2.14817 2.57637
0.848 -1.90757 2.37437
0.849 -1.65673 2.1648
0.85 -1.3967 1.94854
0.851 -1.12859 1.72651
0.852 -0.853515 1.49964
0.853 -0.57265 1.26887
0.854 -0.287177 1.03518
0.855 0.00169938 0.799553
0.856 0.292759 0.56297
0.857 0.584774 0.326425
0.858 0.876509 0.0909102
0.859 1.16673 -0.142588
0.86 1.45421 -0.373091
0.861 1.73774 -0.599636
0.862 2.0161 -0.821274
0.863 2.28813 -1.03708
0.864 2.55266 -1.24615
0.865 2.80856 -1.44761
0.866 3.05475 -1.64063
0.867 3.29018 -1.82439
0.868 3.51384 -1.99814
0.869 3.72475 -2.16115
0.87 3.92203 -2.31275
0.871 4.1048 -2.4523
0.872 4.27229 -2.57923
0.873 4.42374 -2.69302
0.874 4.5585 -2.7932
0.875 4.67597 -2.87937
0.876 4.7756 -2.95117
0.877 4.85696 -3.00831
0.878 4.91965 -3.05057
0.879 4.96336 -3.07779
0.88 4.98787 -3.08987
0.881 4.99302 -3.08678
0.882 4.97874 -3.06855
0.883 4.94504 -3.03527
0.884 4.892 -2.98711
0.885 4.81978 -2.92429
0.886 4.72863 -2.8471
0.887 4.61887 -2.75589
0.888 4.49089 -2.65107
0.889 4.34516 -2.53311
0.89 4.18222 -2.40253
0.891 4.00268 -2.25991
0.892 3.80723 -2.1059
0.893 3.5966 -1.94117
0.894 3.37162 -1.76644
0.895 3.13313 -1.58251
0.896 2.88207 -1.39017
0.897 2.61939 -1.19028
0.898 2.34614 -0.983735
0.899 2.06336 -0.771443
0.9 1.77216 -0.55435
0.901 1.47367 -0.33342
0.902 1.16907 -0.109639
0.903 0.859543 0.115994
0.904 0.546304 0.34247
0.905 0.230581 0.568774
0.906 -0.086388 0.793887
0.907 -0.403359 1.01679
0.908 -0.719087 1.23649
0.909 -1.03233 1.45197
0.91 -1.34186 1.66225
0.911 -1.64647 1.86637
0.912 -1.94495 2.06339
0.913 -2.23613 2.25239
0.914 -2.51887 2.4325
0.915 -2.79207 2.60285
0.916 -3.05465 2.76265
0.917 -3.30559 2.91111
0.918 -3.5439 3.04753
0.919 -3.76866 3.17121
0.92 -3.97899 3.28154
0.921 -4.17407 3.37795
0.922 -4.35314 3.45991
0.923 -4.51553 3.52698
0.924 -4.6606 3.57875
0.925 -4.78779 3.61489
0.926 -4.89664 3.63512
0.927 -4.98673 3.63926
0.928 -5.05772 3.62714
0.929 -5.10937 3.5987
0.93 -5.1415 3.55394
0.931 -5.15401 3.49291
0.932 -5.14688 3.41575
0.933 -5.12017 3.32264
0.934 -5.07402 3.21385
0.935 -5.00866 3.08971
0.936 -4.92437 2.95061
0.937 -4.82154 2.79699
0.938 -4.7006 2.62939
0.939 -4.56208 2.44836
0.94 -4.40656 2.25455
0.941 -4.23472 2.04863
0.942 -4.04727 1.83135
0.943 -3.845 1.60348
0.944 -3.62877 1.36588
0.945 -3.39947 1.11939
0.946 -3.15807 0.864953
0.947 -2.90557 0.603505
0.948 -2.64301 0.33603
0.949 -2.3715 0.0635371
0.95 -2.09216 -0.212939
0.951 -1.80615 -0.492345
0.952 -1.51465 -0.773612
0.953 -1.21887 -1.05566
0.954 -0.920036 -1.3374
0.955 -0.619382 -1.61774
0.956 -0.318152 -1.8956
0.957 -0.0175909 -2.16989
0.958 0.281059 -2.43954
0.959 0.576563 -2.70348
0.96 0.867701 -2.9607
0.961 1.15327 -3.21015
0.962 1.43209 -3.45087
0.963 1.70301 -3.68189
0.964 1.9649 -3.9023
0.965 2.21669 -4.1112
0.966 2.45734 -4.30776
0.967 2.68584 -4.49118
0.968 2.90125 -4.66072
0.969 3.10267 -4.81569
0.97 3.28928 -4.95544
0.971 3.46029 -5.07941
0.972 3.61499 -5.18707
0.973 3.75274 -5.27796
0.974 3.87296 -5.35169
0.975 3.97513 -5.40793
0.976 4.05884 -5.44643
0.977 4.12371 -5.46699
0.978 4.16948 -5.4695
0.979 4.19594 -5.45389
0.98 4.20295 -5.4202
0.981 4.19049 -5.36851
0.982 4.15858 -5.29898
0.983 4.10733 -5.21184
0.984 4.03693 -5.10739
0.985 3.94766 -4.98599
0.986 3.83986 -4.84808
0.987 3.71395 -4.69415
0.988 3.57043 -4.52477
0.989 3.40986 -4.34055
0.99 3.23288 -4.14218
0.991 3.04019 -3.9304
0.992 2.83256 -3.70598
0.993 2.61082 -3.46977
0.994 2.37585 -3.22265
0.995 2.1286 -2.96556
0.996 1.87004 -2.69946
0.997 1.60122 -2.42536
0.998 1.32322 -2.14429
0.999 1.03714 -1.85732
1 0.744145 -1.56553
