0.001 3.41507e-008 2.40561e-009
0.002 3.10939e-007 1.93297e-008
0.003 1.46582e-006 8.02758e-008
0.004 4.85538e-006 2.35832e-007
0.005 1.28482e-005 5.60236e-007
0.006 2.91056e-005 1.15566e-006
0.007 5.885e-005 2.15869e-006
0.008 0.000109118 3.74939e-006
0.009 0.000188997 6.1634e-006
0.01 0.000309839 9.70739e-006
0.011 0.000485458 1.47781e-005
0.012 0.000732301 2.18857e-005
0.013 0.00106959 3.16806e-005
0.014 0.00151943 4.49855e-005
0.015 0.00210694 6.28316e-005
0.016 0.00286025 8.64987e-005
0.017 0.00381057 0.000117561
0.018 0.00499219 0.000157938
0.019 0.00644241 0.000209945
0.02 0.00820152 0.000276356
0.021 0.0103126 0.000360465
0.022 0.0128216 0.000466149
0.023 0.0157769 0.000597941
0.024 0.0192293 0.000761104
0.025 0.0232316 0.000961699
0.026 0.0278386 0.00120667
0.027 0.0331067 0.00150392
0.028 0.0390934 0.00186238
0.029 0.0458572 0.00229211
0.03 0.0534572 0.00280436
0.031 0.0619525 0.00341165
0.032 0.071402 0.00412783
0.033 0.0818639 0.0049682
0.034 0.0933952 0.00594953
0.035 0.106051 0.00709014
0.036 0.119886 0.00840994
0.037 0.134949 0.00993054
0.038 0.151289 0.0116752
0.039 0.168951 0.013669
0.04 0.187973 0.0159386
0.041 0.208392 0.0185127
0.042 0.230239 0.0214217
0.043 0.25354 0.0246976
0.044 0.278313 0.0283743
0.045 0.304572 0.0324875
0.046 0.332324 0.0370746
0.047 0.361568 0.0421745
0.048 0.392297 0.0478276
0.049 0.424495 0.0540761
0.05 0.458139 0.0609633
0.051 0.493198 0.0685337
0.052 0.52963 0.0768332
0.053 0.567388 0.0859083
0.054 0.606414 0.0958068
0.055 0.646642 0.106577
0.056 0.687997 0.118266
0.057 0.730394 0.130925
0.058 0.773742 0.144601
0.059 0.817939 0.159342
0.06 0.862875 0.175198
0.061 0.908432 0.192215
0.062 0.954484 0.21044
0.063 1.0009 0.229916
0.064 1.04753 0.250688
0.065 1.09424 0.272797
0.066 1.14086 0.296282
0.067 1.18724 0.321178
0.068 1.23321 0.34752
0.069 1.2786 0.375338
0.07 1.32324 0.404658
0.071 1.36695 0.435503
0.072 1.40955 0.467892
0.073 1.45085 0.501839
0.074 1.49067 0.537352
0.075 1.52882 0.574435
0.076 1.56514 0.613088
0.077 1.59942 0.653302
0.078 1.6315 0.695063
0.079 1.66119 0.738352
0.08 1.68832 0.783143
0.081 1.71273 0.829402
0.082 1.73425 0.877088
0.083 1.75273 0.926154
0.084 1.76802 0.976546
0.085 1.77998 1.0282
0.086 1.78849 1.08105
0.087 1.79342 1.13501
0.088 1.79467 1.18999
0.089 1.79213 1.24592
0.09 1.78574 1.30268
0.091 1.77542 1.36016
0.092 1.76111 1.41825
0.093 1.74277 1.47682
0.094 1.72037 1.53575
0.095 1.69391 1.59489
0.096 1.66339 1.6541
0.097 1.62882 1.71322
0.098 1.59026 1.7721
0.099 1.54776 1.83057
0.1 1.50138 1.88846
0.101 1.45122 1.9456
0.102 1.39739 2.00181
0.103 1.34001 2.05689
0.104 1.27921 2.11067
0.105 1.21517 2.16295
0.106 1.14804 2.21354
0.107 1.07803 2.26224
0.108 1.00534 2.30885
0.109 0.930188 2.35318
0.11 0.852809 2.39502
0.111 0.773452 2.43419
0.112 0.69238 2.47048
0.113 0.609866 2.50371
0.114 0.526194 2.53368
0.115 0.441659 2.56021
0.116 0.356565 2.58311
0.117 0.271222 2.60221
0.118 0.185951 2.61734
0.119 0.101073 2.62835
0.12 0.0169181 2.63506
0.121 -0.0661845 2.63735
0.122 -0.147902 2.63507
0.123 -0.227902 2.6281
0.124 -0.305853 2.61632
0.125 -0.381427 2.59963
0.126 -0.454299 2.57794
0.127 -0.524151 2.55117
0.128 -0.590671 2.51926
0.129 -0.653555 2.48217
0.13 -0.712512 2.43985
0.131 -0.767257 2.39228
0.132 -0.817523 2.33948
0.133 -0.863055 2.28144
0.134 -0.903611 2.2182
0.135 -0.93897 2.14981
0.136 -0.968927 2.07633
0.137 -0.993294 1.99785
0.138 -1.01191 1.91446
0.139 -1.02462 1.82629
0.14 -1.03131 1.73346
0.141 -1.03188 1.63613
0.142 -1.02625 1.53448
0.143 -1.01438 1.42869
0.144 -0.996228 1.31896
0.145 -0.971803 1.20553
0.146 -0.941128 1.08862
0.147 -0.904256 0.968487
0.148 -0.861266 0.845408
0.149 -0.812261 0.719665
0.15 -0.757375 0.591555
0.151 -0.696765 0.46139
0.152 -0.630616 0.329494
0.153 -0.559137 0.196204
0.154 -0.482565 0.0618653
0.155 -0.40116 -0.0731658
0.156 -0.315205 -0.208525
0.157 -0.225008 -0.343839
0.158 -0.1309 -0.478731
0.159 -0.03323 -0.612816
0.16 0.0676301 -0.745707
0.161 0.171291 -0.877014
0.162 0.277345 -1.00635
0.163 0.385369 -1.13331
0.164 0.494926 -1.25752
0.165 0.605565 -1.37858
0.166 0.716824 -1.49612
0.167 0.828232 -1.60976
0.168 0.939311 -1.71912
0.169 1.04958 -1.82384
0.17 1.15854 -1.92358
0.171 1.26571 -2.01798
0.172 1.37059 -2.10673
0.173 1.47271 -2.18951
0.174 1.57156 -2.26602
0.175 1.66669 -2.33598
0.176 1.75761 -2.39912
0.177 1.84388 -2.4552
0.178 1.92503 -2.50399
0.179 2.00064 -2.54529
0.18 2.0703 -2.57892
0.181 2.1336 -2.60471
0.182 2.19016 -2.62253
0.183 2.23964 -2.63228
0.184 2.28169 -2.63386
0.185 2.31601 -2.62723
0.186 2.34232 -2.61234
0.187 2.36036 -2.58921
0.188 2.36992 -2.55784
0.189 2.37079 -2.51829
0.19 2.36283 -2.47065
0.191 2.34589 -2.41501
0.192 2.31989 -2.35153
0.193 2.28478 -2.28035
0.194 2.24051 -2.20168
0.195 2.18712 -2.11573
0.196 2.12465 -2.02276
0.197 2.05317 -1.92303
0.198 1.97282 -1.81684
0.199 1.88375 -1.70452
0.2 1.78616 -1.58642
0.201 1.68028 -1.46291
0.202 1.56637 -1.33438
0.203 1.44473 -1.20125
0.204 1.31569 -1.06396
0.205 1.17963 -0.922954
0.206 1.03694 -0.778708
0.207 0.888047 -0.631707
0.208 0.733413 -0.482452
0.209 0.573523 -0.331455
0.21 0.408886 -0.179242
0.211 0.240039 -0.0263433
0.212 0.0675389 0.1267
0.213 -0.108037 0.279344
0.214 -0.286094 0.431038
0.215 -0.466018 0.581234
0.216 -0.647187 0.729382
0.217 -0.828963 0.874935
0.218 -1.0107 1.01735
0.219 -1.19175 1.15609
0.22 -1.37146 1.29063
0.221 -1.54916 1.42044
0.222 -1.72421 1.54503
0.223 -1.89596 1.66391
0.224 -2.06375 1.77659
0.225 -2.22696 1.88262
0.226 -2.38496 1.98156
0.227 -2.53714 2.073
0.228 -2.68292 2.15654
0.229 -2.82171 2.23182
0.23 -2.95298 2.29849
0.231 -3.07619 2.35623
0.232 -3.19084 2.40477
0.233 -3.29647 2.44385
0.234 -3.39263 2.47324
0.235 -3.47892 2.49274
0.236 -3.55497 2.50222
0.237 -3.62044 2.50153
0.238 -3.67503 2.49059
0.239 -3.71848 2.46936
0.24 -3.75059 2.4378
0.241 -3.77117 2.39594
0.242 -3.7801 2.34383
0.243 -3.77728 2.28158
0.244 -3.76267 2.20929
0.245 -3.73628 2.12715
0.246 -3.69815 2.03535
0.247 -3.64838 1.93412
0.248 -3.5871 1.82374
0.249 -3.5145 1.70451
0.25 -3.43081 1.57677
0.251 -3.3363 1.44089
0.252 -3.23129 1.29726
0.253 -3.11614 1.14633
0.254 -2.99124 0.988549
0.255 -2.85704 0.824402
0.256 -2.71403 0.654401
0.257 -2.5627 0.479081
0.258 -2.40362 0.298997
0.259 -2.23737 0.114728
0.26 -2.06457 -0.073135
0.261 -1.88585 -0.26398
0.262 -1.7019 -0.457185
0.263 -1.51339 -0.652114
0.264 -1.32106 -0.848123
0.265 -1.12563 -1.04456
0.266 -0.927858 -1.24077
0.267 -0.728499 -1.4361
0.268 -0.528328 -1.62988
0.269 -0.328125 -1.82147
0.27 -0.128671 -2.0102
0.271 0.0692487 -2.19544
0.272 0.264854 -2.37656
0.273 0.457369 -2.55293
0.274 0.646028 -2.72395
0.275 0.830076 -2.88901
0.276 1.00877 -3.04757
0.277 1.1814 -3.19905
0.278 1.34725 -3.34293
0.279 1.50565 -3.47872
0.28 1.65595 -3.60593
0.281 1.79753 -3.72412
0.282 1.9298 -3.83287
0.283 2.05221 -3.93179
0.284 2.16423 -4.02054
0.285 2.2654 -4.0988
0.286 2.35528 -4.16628
0.287 2.43347 -4.22276
0.288 2.49963 -4.26801
0.289 2.55345 -4.30189
0.29 2.59469 -4.32426
0.291 2.62314 -4.33503
0.292 2.63864 -4.33418
0.293 2.6411 -4.32169
0.294 2.63047 -4.2976
0.295 2.60675 -4.26199
0.296 2.57 -4.21499
0.297 2.52032 -4.15675
0.298 2.45788 -4.08748
0.299 2.38289 -4.00741
0.3 2.29562 -3.91684
0.301 2.19638 -3.81607
0.302 2.08554 -3.70545
0.303 1.96351 -3.58538
0.304 1.83075 -3.45628
0.305 1.68776 -3.3186
0.306 1.53511 -3.17282
0.307 1.37337 -3.01947
0.308 1.20318 -2.85907
0.309 1.02521 -2.6922
0.31 0.840157 -2.51945
0.311 0.648752 -2.34141
0.312 0.45176 -2.15872
0.313 0.249967 -1.97201
0.314 0.0441857 -1.78196
0.315 -0.164755 -1.58921
0.316 -0.376009 -1.39445
0.317 -0.588716 -1.19835
0.318 -0.802007 -1.0016
0.319 -1.01501 -0.80489
0.32 -1.22684 -0.608897
0.321 -1.43662 -0.414299
0.322 -1.64349 -0.221768
0.323 -1.84657 -0.0319663
0.324 -2.04502 0.154457
0.325 -2.23799 0.336868
0.326 -2.42467 0.514649
0.327 -2.60426 0.687202
0.328 -2.77599 0.853949
0.329 -2.93911 1.01434
0.33 -3.09292 1.16785
0.331 -3.23673 1.31397
0.332 -3.3699 1.45225
0.333 -3.49184 1.58224
0.334 -3.60199 1.70354
0.335 -3.69984 1.81578
0.336 -3.78491 1.91863
0.337 -3.8568 2.0118
0.338 -3.91515 2.09503
0.339 -3.95963 2.16811
0.34 -3.99001 2.23086
0.341 -4.00607 2.28314
0.342 -4.00767 2.32487
0.343 -3.99473 2.356
0.344 -3.96722 2.3765
0.345 -3.92516 2.38643
0.346 -3.86866 2.38585
0.347 -3.79785 2.37488
0.348 -3.71294 2.35368
0.349 -3.61419 2.32245
0.35 -3.50192 2.28142
0.351 -3.37651 2.23087
0.352 -3.23838 2.17112
0.353 -3.08802 2.1025
0.354 -2.92595 2.02541
0.355 -2.75276 1.94026
0.356 -2.56908 1.8475
0.357 -2.37556 1.74761
0.358 -2.17293 1.64108
0.359 -1.96194 1.52845
0.36 -1.74337 1.41027
0.361 -1.51805 1.28711
0.362 -1.28681 1.15957
0.363 -1.05054 1.02824
0.364 -0.81014 0.893759
0.365 -0.566518 0.756748
0.366 -0.32061 0.61785
0.367 -0.0733604 0.477708
0.368 0.17428 0.336972
0.369 0.421354 0.19629
0.37 0.666907 0.0563067
0.371 0.909987 -0.0823358
0.372 1.14965 -0.219005
0.373 1.38496 -0.353077
0.374 1.615 -0.483943
0.375 1.83887 -0.611007
0.376 2.0557 -0.733694
0.377 2.26464 -0.851447
0.378 2.46487 -0.963733
0.379 2.6556 -1.07004
0.38 2.83609 -1.16989
0.381 3.00563 -1.26283
0.382 3.16354 -1.34843
0.383 3.30922 -1.42631
0.384 3.44209 -1.49611
0.385 3.56162 -1.55751
0.386 3.66736 -1.61022
0.387 3.75889 -1.65401
0.388 3.83586 -1.68866
0.389 3.89796 -1.71401
0.39 3.94497 -1.72993
0.391 3.97671 -1.73634
0.392 3.99307 -1.7332
0.393 3.99399 -1.72051
0.394 3.97949 -1.6983
0.395 3.94965 -1.66666
0.396 3.90461 -1.62571
0.397 3.84456 -1.57562
0.398 3.76978 -1.51659
0.399 3.68059 -1.44886
0.4 3.57737 -1.37271
0.401 3.46056 -1.28847
0.402 3.33067 -1.19648
0.403 3.18826 -1.09713
0.404 3.03393 -0.99084
0.405 2.86833 -0.878065
0.406 2.69218 -0.759281
0.407 2.50623 -0.634992
0.408 2.31127 -0.505729
0.409 2.10813 -0.372043
0.41 1.89767 -0.234507
0.411 1.68081 -0.0937104
0.412 1.45846 0.049744
0.413 1.23158 0.195239
0.414 1.00114 0.342149
0.415 0.768133 0.489841
0.416 0.53356 0.637678
0.417 0.298433 0.785021
0.418 0.0637663 0.931233
0.419 -0.169423 1.07568
0.42 -0.400123 1.21774
0.421 -0.627331 1.35679
0.422 -0.850054 1.49222
0.423 -1.06732 1.62346
0.424 -1.27817 1.74992
0.425 -1.48168 1.87105
0.426 -1.67694 1.98633
0.427 -1.86309 2.09524
0.428 -2.03929 2.19731
0.429 -2.20475 2.29209
0.43 -2.35873 2.37916
0.431 -2.50051 2.45814
0.432 -2.62944 2.52867
0.433 -2.74493 2.59044
0.434 -2.84641 2.64317
0.435 -2.93341 2.68663
0.436 -3.00548 2.72062
0.437 -3.06227 2.74498
0.438 -3.10346 2.7596
0.439 -3.12882 2.76441
0.44 -3.13816 2.75937
0.441 -3.13139 2.74451
0.442 -3.10845 2.71987
0.443 -3.06937 2.68557
0.444 -3.01425 2.64175
0.445 -2.94325 2.58858
0.446 -2.8566 2.5263
0.447 -2.75459 2.45519
0.448 -2.63758 2.37554
0.449 -2.50601 2.2877
0.45 -2.36036 2.19206
0.451 -2.20117 2.08905
0.452 -2.02906 1.9791
0.453 -1.84468 1.86272
0.454 -1.64877 1.74041
0.455 -1.44208 1.61272
0.456 -1.22543 1.48022
0.457 -0.999695 1.34351
0.458 -0.765764 1.2032
0.459 -0.524583 1.05992
0.46 -0.277127 0.914327
0.461 -0.0244029 0.767075
0.462 0.232559 0.618838
0.463 0.492706 0.470296
0.464 0.754966 0.322131
0.465 1.01826 0.17503
0.466 1.28148 0.0296749
0.467 1.54355 -0.113255
0.468 1.80336 -0.253089
0.469 2.05981 -0.389166
0.47 2.31184 -0.520838
0.471 2.55836 -0.647474
0.472 2.79833 -0.768462
0.473 3.03072 -0.883211
0.474 3.25453 -0.991154
0.475 3.46879 -1.09175
0.476 3.67256 -1.1845
0.477 3.86494 -1.26891
0.478 4.04509 -1.34454
0.479 4.21221 -1.41099
0.48 4.36552 -1.46789
0.481 4.50434 -1.5149
0.482 4.62801 -1.55174
0.483 4.73596 -1.57815
0.484 4.82765 -1.59395
0.485 4.90263 -1.59897
0.486 4.96051 -1.5931
0.487 5.00095 -1.57629
0.488 5.02371 -1.54851
0.489 5.02861 -1.50979
0.49 5.01552 -1.46023
0.491 4.98442 -1.39994
0.492 4.93534 -1.32911
0.493 4.86838 -1.24795
0.494 4.78373 -1.15675
0.495 4.68165 -1.0558
0.496 4.56245 -0.945489
0.497 4.42654 -0.826204
0.498 4.27438 -0.698397
0.499 4.1065 -0.562555
0.5 3.92352 -0.419202
0.501 3.72608 -0.268903
0.502 3.51492 -0.112254
0.503 3.29081 0.0501164
0.504 3.0546 0.217548
0.505 2.80717 0.389354
0.506 2.54947 0.564824
0.507 2.28247 0.743225
0.508 2.00721 0.923805
0.509 1.72473 1.1058
0.51 1.43615 1.28842
0.511 1.14256 1.47088
0.512 0.845138 1.65239
0.513 0.54503 1.83214
0.514 0.24342 2.00934
0.515 -0.0585022 2.18319
0.516 -0.359543 2.35289
0.517 -0.658507 2.51768
0.518 -0.954206 2.67679
0.519 -1.24546 2.82945
0.52 -1.5311 2.97496
0.521 -1.80999 3.1126
0.522 -2.081 3.24168
0.523 -2.34304 3.36157
0.524 -2.59504 3.47163
0.525 -2.836 3.57128
0.526 -3.06492 3.65998
0.527 -3.28088 3.73722
0.528 -3.48298 3.80252
0.529 -3.67041 3.85547
0.53 -3.84238 3.89569
0.531 -3.99819 3.92285
0.532 -4.13718 3.93667
0.533 -4.25878 3.93693
0.534 -4.36246 3.92345
0.535 -4.44781 3.8961
0.536 -4.51443 3.85481
0.537 -4.56204 3.79959
0.538 -4.59043 3.73045
0.539 -4.59946 3.64751
0.54 -4.58906 3.55092
0.541 -4.55925 3.44087
0.542 -4.51014 3.31764
0.543 -4.4419 3.18153
0.544 -4.35479 3.03292
0.545 -4.24913 2.87223
0.546 -4.12535 2.69992
0.547 -3.98391 2.51652
0.548 -3.82538 2.32259
0.549 -3.65039 2.11875
0.55 -3.45964 1.90564
0.551 -3.25389 1.68396
0.552 -3.03396 1.45444
0.553 -2.80074 1.21786
0.554 -2.55519 0.975002
0.555 -2.29828 0.726708
0.556 -2.03107 0.473831
0.557 -1.75466 0.217249
0.558 -1.47016 -0.0421388
0.559 -1.17875 -0.303417
0.56 -0.881625 -0.565657
0.561 -0.580012 -0.827923
0.562 -0.275157 -1.08927
0.563 0.0316757 -1.34876
0.564 0.339211 -1.60544
0.565 0.646167 -1.85837
0.566 0.95126 -2.10664
0.567 1.25321 -2.34931
0.568 1.55075 -2.5855
0.569 1.84261 -2.81432
0.57 2.12757 -3.03492
0.571 2.40442 -3.24647
0.572 2.67196 -3.44818
0.573 2.92905 -3.63927
0.574 3.17457 -3.81901
0.575 3.40748 -3.98673
0.576 3.62673 -4.14177
0.577 3.83138 -4.28354
0.578 4.02051 -4.41148
0.579 4.19327 -4.5251
0.58 4.34887 -4.62393
0.581 4.48661 -4.70759
0.582 4.60582 -4.77573
0.583 4.70594 -4.82808
0.584 4.78647 -4.86441
0.585 4.84698 -4.88455
0.586 4.88713 -4.88841
0.587 4.90667 -4.87594
0.588 4.90542 -4.84717
0.589 4.88327 -4.80217
0.59 4.84022 -4.7411
0.591 4.77635 -4.66416
0.592 4.69181 -4.57161
0.593 4.58685 -4.46378
0.594 4.46178 -4.34106
0.595 4.31703 -4.20389
0.596 4.15306 -4.05278
0.597 3.97045 -3.88827
0.598 3.76985 -3.71097
0.599 3.55197 -3.52154
0.6 3.31759 -3.32068
0.601 3.06758 -3.10915
0.602 2.80285 -2.88774
0.603 2.5244 -2.65727
0.604 2.23325 -2.41861
0.605 1.93052 -2.17268
0.606 1.61733 -1.92039
0.607 1.29489 -1.6627
0.608 0.964422 -1.4006
0.609 0.62719 -1.13508
0.61 0.284491 -0.86716
0.611 -0.062354 -0.597856
0.612 -0.412003 -0.328204
0.613 -0.763099 -0.0592383
0.614 -1.11428 0.208008
0.615 -1.46417 0.472504
0.616 -1.81141 0.733232
0.617 -2.15464 0.989182
0.618 -2.4925 1.23937
0.619 -2.82368 1.48281
0.62 -3.14686 1.71857
0.621 -3.46076 1.94573
0.622 -3.76415 2.16341
0.623 -4.05582 2.37074
0.624 -4.3346 2.56693
0.625 -4.5994 2.7512
0.626 -4.84914 2.92282
0.627 -5.08283 3.08111
0.628 -5.29953 3.22546
0.629 -5.49836 3.35528
0.63 -5.67853 3.47005
0.631 -5.83929 3.56932
0.632 -5.98 3.65268
0.633 -6.10007 3.71979
0.634 -6.19901 3.77036
0.635 -6.2764 3.80419
0.636 -6.33192 3.82112
0.637 -6.36531 3.82107
0.638 -6.37643 3.80401
0.639 -6.3652 3.76998
0.64 -6.33165 3.71911
0.641 -6.27588 3.65155
0.642 -6.1981 3.56756
0.643 -6.09858 3.46744
0.644 -5.9777 3.35155
0.645 -5.83591 3.22031
0.646 -5.67375 3.07423
0.647 -5.49185 2.91383
0.648 -5.29091 2.73972
0.649 -5.07169 2.55256
0.65 -4.83506 2.35305
0.651 -4.58193 2.14194
0.652 -4.31328 1.92003
0.653 -4.03017 1.68817
0.654 -3.7337 1.44722
0.655 -3.42504 1.19812
0.656 -3.10538 0.941795
0.657 -2.776 0.679233
0.658 -2.43818 0.411432
0.659 -2.09326 0.139415
0.66 -1.74258 -0.135782
0.661 -1.38754 -0.413107
0.662 -1.02954 -0.691499
0.663 -0.669976 -0.969896
0.664 -0.310281 -1.24723
0.665 0.0481256 -1.52244
0.666 0.403829 -1.79448
0.667 0.755421 -2.0623
0.668 1.10151 -2.32488
0.669 1.44073 -2.58121
0.67 1.77174 -2.83032
0.671 2.09323 -3.07124
0.672 2.40393 -3.30306
0.673 2.7026 -3.52488
0.674 2.98806 -3.73587
0.675 3.2592 -3.93521
0.676 3.51492 -4.12214
0.677 3.75424 -4.29595
0.678 3.9762 -4.45598
0.679 4.17992 -4.60161
0.68 4.36461 -4.7323
0.681 4.52954 -4.84754
0.682 4.67407 -4.9469
0.683 4.79763 -5.03001
0.684 4.89974 -5.09655
0.685 4.98002 -5.14628
0.686 5.03815 -5.179
0.687 5.07393 -5.19461
0.688 5.08722 -5.19306
0.689 5.07801 -5.17435
0.69 5.04633 -5.13857
0.691 4.99234 -5.08587
0.692 4.91629 -5.01646
0.693 4.81849 -4.93062
0.694 4.69937 -4.82867
0.695 4.55943 -4.71104
0.696 4.39926 -4.57817
0.697 4.21953 -4.43059
0.698 4.02098 -4.26887
0.699 3.80445 -4.09364
0.7 3.57084 -3.90558
0.701 3.32111 -3.70542
0.702 3.05631 -3.49395
0.703 2.77752 -3.27196
0.704 2.48592 -3.04032
0.705 2.18269 -2.79993
0.706 1.86911 -2.5517
0.707 1.54647 -2.29659
0.708 1.2161 -2.03558
0.709 0.879385 -1.76966
0.71 0.537708 -1.49984
0.711 0.192489 -1.22717
0.712 -0.15484 -0.952663
0.713 -0.502836 -0.67737
0.714 -0.850054 -0.402331
0.715 -1.19505 -0.12858
0.716 -1.53639 0.142851
0.717 -1.87265 0.410948
0.718 -2.20243 0.674709
0.719 -2.52435 0.933154
0.72 -2.83707 1.18533
0.721 -3.13928 1.4303
0.722 -3.42971 1.66717
0.723 -3.70713 1.89508
0.724 -3.97039 2.11321
0.725 -4.21836 2.32077
0.726 -4.45 2.51703
0.727 -4.66432 2.70129
0.728 -4.8604 2.87292
0.729 -5.0374 3.03133
0.73 -5.19456 3.17599
0.731 -5.33118 3.30643
0.732 -5.44667 3.42222
0.733 -5.54051 3.52301
0.734 -5.61227 3.60852
0.735 -5.6616 3.67851
0.736 -5.68826 3.73281
0.737 -5.69208 3.77132
0.738 -5.673 3.79401
0.739 -5.63106 3.8009
0.74 -5.56635 3.79208
0.741 -5.47911 3.76772
0.742 -5.36963 3.72802
0.743 -5.2383 3.67326
0.744 -5.08561 3.6038
0.745 -4.91213 3.52003
0.746 -4.71851 3.42241
0.747 -4.50549 3.31146
0.748 -4.27389 3.18774
0.749 -4.0246 3.05187
0.75 -3.75857 2.90453
0.751 -3.47685 2.74642
0.752 -3.18053 2.57829
0.753 -2.87077 2.40096
0.754 -2.54878 2.21524
0.755 -2.21582 2.022
0.756 -1.87321 1.82214
0.757 -1.52228 1.61657
0.758 -1.16442 1.40623
0.759 -0.801049 1.19208
0.76 -0.433595 0.975098
0.761 -0.0635105 0.756253
0.762 0.307739 0.536536
0.763 0.678685 0.316933
0.764 1.04786 0.0984278
0.765 1.41379 -0.118001
0.766 1.77505 -0.331387
0.767 2.13018 -0.540779
0.768 2.47778 -0.745244
0.769 2.81648 -0.943873
0.77 3.14492 -1.13578
0.771 3.46182 -1.32012
0.772 3.76591 -1.49606
0.773 4.05598 -1.66283
0.774 4.33089 -1.81968
0.775 4.58954 -1.96592
0.776 4.83093 -2.10089
0.777 5.05409 -2.22399
0.778 5.25814 -2.33466
0.779 5.44228 -2.43242
0.78 5.60579 -2.51681
0.781 5.74803 -2.58746
0.782 5.86845 -2.64403
0.783 5.96658 -2.68627
0.784 6.04205 -2.71397
0.785 6.09457 -2.72698
0.786 6.12396 -2.72524
0.787 6.13012 -2.70873
0.788 6.11306 -2.6775
0.789 6.07285 -2.63165
0.79 6.0097 -2.57138
0.791 5.92388 -2.4969
0.792 5.81576 -2.40853
0.793 5.68581 -2.30662
0.794 5.53458 -2.19158
0.795 5.36271 -2.06389
0.796 5.17091 -1.92408
0.797 4.96001 -1.77273
0.798 4.73087 -1.61046
0.799 4.48446 -1.43795
0.8 4.2218 -1.25593
0.801 3.94399 -1.06516
0.802 3.65218 -0.866437
0.803 3.34758 -0.660599
0.804 3.03147 -0.448513
0.805 2.70514 -0.231075
0.806 2.36997 -0.00920504
0.807 2.02734 0.216158
0.808 1.67867 0.444059
0.809 1.32541 0.673529
0.81 0.969023 0.903591
0.811 0.610991 1.13327
0.812 0.252799 1.36157
0.813 -0.104065 1.58754
0.814 -0.458119 1.81019
0.815 -0.807891 2.02857
0.816 -1.15193 2.24174
0.817 -1.4888 2.44879
0.818 -1.8171 2.64881
0.819 -2.13547 2.84095
0.82 -2.44257 3.02436
0.821 -2.73713 3.19824
0.822 -3.01792 3.36184
0.823 -3.28376 3.51443
0.824 -3.53353 3.65534
0.825 -3.7662 3.78394
0.826 -3.98078 3.89966
0.827 -4.17637 4.00196
0.828 -4.35214 4.09038
0.829 -4.50735 4.16452
0.83 -4.64133 4.22401
0.831 -4.75351 4.26856
0.832 -4.84342 4.29796
0.833 -4.91064 4.31201
0.834 -4.95489 4.31064
0.835 -4.97596 4.29379
0.836 -4.97373 4.2615
0.837 -4.9482 4.21384
0.838 -4.89944 4.15099
0.839 -4.82764 4.07315
0.84 -4.73306 3.98061
0.841 -4.61606 3.87372
0.842 -4.47712 3.75287
0.843 -4.31678 3.61853
0.844 -4.13568 3.47123
0.845 -3.93454 3.31153
0.846 -3.71417 3.14006
0.847 -3.47547 2.95752
0.848 -3.21939 2.76461
0.849 -2.94697 2.56212
0.85 -2.65932 2.35086
0.851 -2.35762 2.13168
0.852 -2.04308 1.90546
0.853 -1.71701 1.67313
0.854 -1.38071 1.43562
0.855 -1.03559 1.19392
0.856 -0.683043 0.949004
0.857 -0.324528 0.701881
0.858 0.0384826 0.453565
0.859 0.404493 0.205082
0.86 0.771994 -0.0425429
0.861 1.13947 -0.288284
0.862 1.50539 -0.531122
0.863 1.86824 -0.770045
0.864 2.22652 -1.00406
0.865 2.57874 -1.23218
0.866 2.92342 -1.45346
0.867 3.25913 -1.66696
0.868 3.58446 -1.87178
0.869 3.89804 -2.06706
0.87 4.19856 -2.25196
0.871 4.48474 -2.4257
0.872 4.75537 -2.58754
0.873 5.0093 -2.73677
0.874 5.24545 -2.87275
0.875 5.46279 -2.99489
0.876 5.66038 -3.10265
0.877 5.83737 -3.19554
0.878 5.99297 -3.27316
0.879 6.12649 -3.33514
0.88 6.23732 -3.38118
0.881 6.32495 -3.41107
0.882 6.38895 -3.42464
0.883 6.42899 -3.4218
0.884 6.44484 -3.40251
0.885 6.43638 -3.36682
0.886 6.40355 -3.31484
0.887 6.34643 -3.24674
0.888 6.26518 -3.16277
0.889 6.16004 -3.06323
0.89 6.03139 -2.94851
0.891 5.87966 -2.81903
0.892 5.7054 -2.67531
0.893 5.50925 -2.51789
0.894 5.29193 -2.34741
0.895 5.05424 -2.16454
0.896 4.79709 -1.97
0.897 4.52145 -1.76458
0.898 4.22836 -1.54911
0.899 3.91894 -1.32444
0.9 3.59439 -1.0915
0.901 3.25595 -0.851239
0.902 2.90492 -0.604631
0.903 2.54268 -0.352691
0.904 2.17061 -0.0964581
0.905 1.79017 0.16301
0.906 1.40284 0.424637
0.907 1.01014 0.687335
0.908 0.613584 0.950005
0.909 0.21474 1.21155
0.91 -0.184835 1.47086
0.911 -0.583574 1.72684
0.912 -0.979911 1.97841
0.913 -1.37229 2.2245
0.914 -1.75917 2.46404
0.915 -2.13903 2.696
0.916 -2.51037 2.91939
0.917 -2.87173 3.13321
0.918 -3.22168 3.33654
0.919 -3.55886 3.52847
0.92 -3.88192 3.70813
0.921 -4.1896 3.87471
0.922 -4.48068 4.02745
0.923 -4.75401 4.16564
0.924 -5.00853 4.28862
0.925 -5.24322 4.39578
0.926 -5.45716 4.48659
0.927 -5.64952 4.56057
0.928 -5.81953 4.61732
0.929 -5.96654 4.65649
0.93 -6.08996 4.67781
0.931 -6.18933 4.68106
0.932 -6.26424 4.66612
0.933 -6.31443 4.63292
0.934 -6.33971 4.58148
0.935 -6.33998 4.51187
0.936 -6.31526 4.42425
0.937 -6.26566 4.31883
0.938 -6.19141 4.19593
0.939 -6.09281 4.0559
0.94 -5.97028 3.89917
0.941 -5.82432 3.72625
0.942 -5.65553 3.5377
0.943 -5.46461 3.33416
0.944 -5.25235 3.1163
0.945 -5.01961 2.88489
0.946 -4.76734 2.64072
0.947 -4.49658 2.38464
0.948 -4.20843 2.11757
0.949 -3.90407 1.84045
0.95 -3.58474 1.55427
0.951 -3.25175 1.26007
0.952 -2.90645 0.958904
0.953 -2.55026 0.651871
0.954 -2.18463 0.34009
0.955 -1.81104 0.0247021
0.956 -1.43103 -0.293135
0.957 -1.04614 -0.61225
0.958 -0.657959 -0.931465
0.959 -0.268059 -1.2496
0.96 0.121962 -1.56547
0.961 0.510509 -1.8779
0.962 0.895991 -2.18573
0.963 1.27683 -2.48782
0.964 1.65147 -2.78302
0.965 2.01836 -3.07024
0.966 2.37601 -3.3484
0.967 2.72294 -3.61646
0.968 3.05773 -3.87341
0.969 3.379 -4.11828
0.97 3.68542 -4.35016
0.971 3.97573 -4.56817
0.972 4.24871 -4.77149
0.973 4.50325 -4.95935
0.974 4.73828 -5.13105
0.975 4.95283 -5.28593
0.976 5.14598 -5.42343
0.977 5.31692 -5.54301
0.978 5.46494 -5.64424
0.979 5.5894 -5.72673
0.98 5.68975 -5.79017
0.981 5.76556 -5.83433
0.982 5.81649 -5.85905
0.983 5.84228 -5.86423
0.984 5.84281 -5.84988
0.985 5.81802 -5.81604
0.986 5.76798 -5.76286
0.987 5.69284 -5.69055
0.988 5.59288 -5.5994
0.989 5.46846 -5.48975
0.99 5.32003 -5.36204
0.991 5.14817 -5.21676
0.992 4.95351 -5.05448
0.993 4.73681 -4.87583
0.994 4.4989 -4.68151
0.995 4.2407 -4.47226
0.996 3.96321 -4.24889
0.997 3.66751 -4.01227
0.998 3.35476 -3.76332
0.999 3.02618 -3.50299
1 2.68306 -3.23229
