0.001 3.40426e-008 2.52093e-009
0.002 3.10075e-007 2.02486e-008
0.003 1.46226e-006 8.40433e-008
0.004 4.84506e-006 2.46701e-007
0.005 1.28241e-005 5.85427e-007
0.006 2.90569e-005 1.20599e-006
0.007 5.87613e-005 2.24899e-006
0.008 0.000108969 3.89867e-006
0.009 0.00018876 6.39468e-006
0.01 0.000309482 1.00471e-005
0.011 0.000484941 1.52549e-005
0.012 0.000731574 2.25288e-005
0.013 0.0010686 3.25173e-005
0.014 0.00151811 4.60382e-005
0.015 0.00210521 6.41131e-005
0.016 0.00285803 8.80076e-005
0.017 0.00380778 0.000119275
0.018 0.00498871 0.000159807
0.019 0.00643814 0.000211882
0.02 0.00819632 0.000278227
0.021 0.0103064 0.000362076
0.022 0.0128142 0.000467236
0.023 0.0157681 0.000598154
0.024 0.0192189 0.000759989
0.025 0.0232195 0.000958682
0.026 0.0278247 0.00120104
0.027 0.0330906 0.00149479
0.028 0.039075 0.00184871
0.029 0.0458363 0.00227262
0.03 0.0534336 0.00277754
0.031 0.0619258 0.00337574
0.032 0.071372 0.00408078
0.033 0.0818303 0.00490763
0.034 0.0933577 0.00587271
0.035 0.10601 0.00699395
0.036 0.119839 0.00829087
0.037 0.134898 0.00978459
0.038 0.151233 0.0114979
0.039 0.168888 0.0134554
0.04 0.187904 0.0156832
0.041 0.208316 0.0182093
0.042 0.230156 0.0210635
0.043 0.253448 0.0242773
0.044 0.278212 0.0278839
0.045 0.304461 0.0319181
0.046 0.332203 0.0364168
0.047 0.361436 0.0414179
0.048 0.392152 0.0469613
0.049 0.424337 0.0530881
0.05 0.457966 0.059841
0.051 0.493007 0.0672636
0.052 0.529422 0.0754009
0.053 0.56716 0.0842989
0.054 0.606164 0.094004
0.055 0.646368 0.104564
0.056 0.687697 0.116026
0.057 0.730066 0.128438
0.058 0.773382 0.141849
0.059 0.817544 0.156305
0.06 0.862443 0.171856
0.061 0.907959 0.188546
0.062 0.953966 0.206421
0.063 1.00033 0.225526
0.064 1.04691 0.245904
0.065 1.09356 0.267596
0.066 1.14011 0.290639
0.067 1.18643 0.31507
0.068 1.23232 0.340924
0.069 1.27763 0.368228
0.07 1.32218 0.397012
0.071 1.36579 0.427296
0.072 1.40828 0.459101
0.073 1.44947 0.492441
0.074 1.48917 0.527324
0.075 1.5272 0.563757
0.076 1.56337 0.601737
0.077 1.59751 0.641259
0.078 1.62942 0.682309
0.079 1.65894 0.724871
0.08 1.68589 0.768917
0.081 1.7101 0.814418
0.082 1.73142 0.861333
0.083 1.74967 0.909618
0.084 1.76473 0.959219
0.085 1.77645 1.01008
0.086 1.78469 1.06212
0.087 1.78935 1.11528
0.088 1.7903 1.16947
0.089 1.78747 1.2246
0.09 1.78075 1.28057
0.091 1.77009 1.33728
0.092 1.75543 1.3946
0.093 1.73672 1.45243
0.094 1.71394 1.51064
0.095 1.68707 1.56908
0.096 1.65613 1.62761
0.097 1.62114 1.6861
0.098 1.58213 1.74438
0.099 1.53917 1.80229
0.1 1.49231 1.85966
0.101 1.44166 1.91633
0.102 1.38733 1.97212
0.103 1.32942 2.02684
0.104 1.2681 2.08032
0.105 1.20351 2.13236
0.106 1.13584 2.18277
0.107 1.06526 2.23137
0.108 0.992001 2.27796
0.109 0.91627 2.32234
0.11 0.838307 2.36432
0.111 0.758363 2.40371
0.112 0.6767 2.44032
0.113 0.593593 2.47394
0.114 0.509329 2.50441
0.115 0.424205 2.53152
0.116 0.338525 2.55511
0.117 0.252604 2.57501
0.118 0.166762 2.59103
0.119 0.0813243 2.60303
0.12 -0.00337827 2.61084
0.121 -0.0870128 2.61433
0.122 -0.169244 2.61336
0.123 -0.249738 2.6078
0.124 -0.328161 2.59753
0.125 -0.40418 2.58246
0.126 -0.47747 2.56249
0.127 -0.547709 2.53754
0.128 -0.614582 2.50756
0.129 -0.677784 2.47247
0.13 -0.737017 2.43226
0.131 -0.791999 2.38689
0.132 -0.842456 2.33636
0.133 -0.888131 2.28069
0.134 -0.928781 2.21989
0.135 -0.96418 2.154
0.136 -0.994121 2.0831
0.137 -1.01842 2.00725
0.138 -1.03689 1.92654
0.139 -1.04941 1.8411
0.14 -1.05584 1.75104
0.141 -1.05608 1.65652
0.142 -1.05006 1.55769
0.143 -1.03771 1.45474
0.144 -1.01902 1.34786
0.145 -0.993974 1.23727
0.146 -0.962605 1.1232
0.147 -0.924963 1.00588
0.148 -0.881123 0.885594
0.149 -0.831191 0.762601
0.15 -0.775298 0.637193
0.151 -0.713601 0.509674
0.152 -0.646285 0.380356
0.153 -0.57356 0.249568
0.154 -0.495663 0.117644
0.155 -0.412854 -0.015068
0.156 -0.325418 -0.148213
0.157 -0.233664 -0.281429
0.158 -0.137924 -0.414347
0.159 -0.0385508 -0.546591
0.16 0.0640833 -0.677784
0.161 0.169586 -0.807543
0.162 0.277547 -0.935485
0.163 0.38754 -1.06123
0.164 0.499123 -1.18439
0.165 0.611844 -1.30458
0.166 0.725236 -1.42144
0.167 0.838823 -1.53459
0.168 0.952122 -1.64366
0.169 1.06464 -1.7483
0.17 1.1759 -1.84816
0.171 1.28538 -1.9429
0.172 1.3926 -2.0322
0.173 1.49707 -2.11574
0.174 1.59829 -2.19323
0.175 1.69578 -2.26439
0.176 1.78906 -2.32895
0.177 1.87768 -2.38667
0.178 1.96116 -2.43732
0.179 2.03908 -2.48068
0.18 2.11102 -2.51659
0.181 2.17655 -2.54487
0.182 2.23531 -2.56538
0.183 2.28693 -2.57801
0.184 2.33107 -2.58268
0.185 2.3674 -2.5793
0.186 2.39565 -2.56785
0.187 2.41556 -2.54832
0.188 2.42688 -2.52071
0.189 2.42943 -2.48507
0.19 2.42304 -2.44147
0.191 2.40758 -2.39
0.192 2.38293 -2.33079
0.193 2.34905 -2.264
0.194 2.30589 -2.18979
0.195 2.25347 -2.10838
0.196 2.19183 -2.02
0.197 2.12104 -1.92491
0.198 2.04124 -1.82339
0.199 1.95257 -1.71575
0.2 1.85521 -1.60232
0.201 1.74941 -1.48346
0.202 1.63541 -1.35955
0.203 1.51352 -1.23099
0.204 1.38408 -1.09819
0.205 1.24743 -0.961597
0.206 1.10399 -0.821657
0.207 0.954183 -0.678843
0.208 0.798462 -0.53364
0.209 0.637315 -0.386544
0.21 0.471255 -0.238063
0.211 0.30082 -0.0887143
0.212 0.126568 0.0609771
0.213 -0.0509195 0.210481
0.214 -0.231043 0.359262
0.215 -0.413188 0.506785
0.216 -0.596724 0.652512
0.217 -0.781009 0.795909
0.218 -0.965393 0.936443
0.219 -1.14922 1.07359
0.22 -1.33182 1.20683
0.221 -1.51254 1.33565
0.222 -1.69071 1.45956
0.223 -1.86568 1.57808
0.224 -2.03678 1.69072
0.225 -2.20338 1.79704
0.226 -2.36484 1.89661
0.227 -2.52055 1.98902
0.228 -2.6699 2.07386
0.229 -2.8123 2.15077
0.23 -2.94721 2.21941
0.231 -3.07407 2.27946
0.232 -3.19239 2.33063
0.233 -3.30167 2.37267
0.234 -3.40146 2.40533
0.235 -3.49136 2.42843
0.236 -3.57096 2.4418
0.237 -3.63994 2.4453
0.238 -3.69797 2.43884
0.239 -3.74478 2.42234
0.24 -3.78015 2.39578
0.241 -3.8039 2.35917
0.242 -3.81587 2.31254
0.243 -3.81598 2.25597
0.244 -3.80415 2.18958
0.245 -3.7804 2.1135
0.246 -3.74475 2.02792
0.247 -3.69729 1.93306
0.248 -3.63815 1.82916
0.249 -3.5675 1.71652
0.25 -3.48557 1.59544
0.251 -3.39261 1.46628
0.252 -3.28895 1.32941
0.253 -3.17493 1.18525
0.254 -3.05094 1.03422
0.255 -2.91742 0.87679
0.256 -2.77486 0.713451
0.257 -2.62375 0.544712
0.258 -2.46466 0.371105
0.259 -2.29815 0.193183
0.26 -2.12485 0.0115188
0.261 -1.9454 -0.173302
0.262 -1.76047 -0.360678
0.263 -1.57076 -0.549995
0.264 -1.37699 -0.740631
0.265 -1.17988 -0.931955
0.266 -0.980206 -1.12333
0.267 -0.778723 -1.31412
0.268 -0.576213 -1.50368
0.269 -0.373461 -1.69138
0.27 -0.171258 -1.87658
0.271 0.0296036 -2.05865
0.272 0.228334 -2.23698
0.273 0.424149 -2.41095
0.274 0.616269 -2.57997
0.275 0.803929 -2.74346
0.276 0.986378 -2.90085
0.277 1.16288 -3.05161
0.278 1.33272 -3.19521
0.279 1.49521 -3.33115
0.28 1.64969 -3.45896
0.281 1.79551 -3.57819
0.282 1.93208 -3.68844
0.283 2.05882 -3.7893
0.284 2.17521 -3.88044
0.285 2.28074 -3.96152
0.286 2.37497 -4.03226
0.287 2.45749 -4.09242
0.288 2.52793 -4.14178
0.289 2.58598 -4.18017
0.29 2.63137 -4.20745
0.291 2.66387 -4.22351
0.292 2.68333 -4.22831
0.293 2.68961 -4.22183
0.294 2.68266 -4.20409
0.295 2.66247 -4.17514
0.296 2.62908 -4.1351
0.297 2.58257 -4.0841
0.298 2.52311 -4.02232
0.299 2.45088 -3.94998
0.3 2.36615 -3.86734
0.301 2.26922 -3.77468
0.302 2.16043 -3.67235
0.303 2.04021 -3.56069
0.304 1.90898 -3.44011
0.305 1.76727 -3.31104
0.306 1.61559 -3.17393
0.307 1.45455 -3.02926
0.308 1.28477 -2.87756
0.309 1.10691 -2.71936
0.31 0.921657 -2.55521
0.311 0.729757 -2.38571
0.312 0.531966 -2.21144
0.313 0.329072 -2.03303
0.314 0.121887 -1.85111
0.315 -0.0887564 -1.66631
0.316 -0.302008 -1.47928
0.317 -0.517004 -1.29069
0.318 -0.732869 -1.10119
0.319 -0.94872 -0.911445
0.32 -1.16367 -0.722116
0.321 -1.37684 -0.533861
0.322 -1.58734 -0.347332
0.323 -1.7943 -0.163172
0.324 -1.99684 0.0179874
0.325 -2.19413 0.195526
0.326 -2.38533 0.368841
0.327 -2.56962 0.537347
0.328 -2.74622 0.700479
0.329 -2.91437 0.857694
0.33 -3.07334 1.00847
0.331 -3.22243 1.15233
0.332 -3.36098 1.2888
0.333 -3.48839 1.41744
0.334 -3.60406 1.53786
0.335 -3.70747 1.64969
0.336 -3.79814 1.75259
0.337 -3.87563 1.84628
0.338 -3.93956 1.93048
0.339 -3.98959 2.00498
0.34 -4.02546 2.06959
0.341 -4.04693 2.12417
0.342 -4.05385 2.16863
0.343 -4.04611 2.20288
0.344 -4.02367 2.22692
0.345 -3.98653 2.24076
0.346 -3.93478 2.24446
0.347 -3.86852 2.23812
0.348 -3.78796 2.22187
0.349 -3.69335 2.1959
0.35 -3.58498 2.16043
0.351 -3.46321 2.1157
0.352 -3.32847 2.06201
0.353 -3.18121 1.99968
0.354 -3.02196 1.92908
0.355 -2.85129 1.85059
0.356 -2.66981 1.76464
0.357 -2.47819 1.67167
0.358 -2.27713 1.57217
0.359 -2.06738 1.46664
0.36 -1.84972 1.3556
0.361 -1.62497 1.23961
0.362 -1.39397 1.11923
0.363 -1.1576 0.995032
0.364 -0.916758 0.867622
0.365 -0.672364 0.737602
0.366 -0.425353 0.60559
0.367 -0.176675 0.472206
0.368 0.0727131 0.338076
0.369 0.321847 0.203826
0.37 0.569762 0.0700804
0.371 0.815495 -0.06254
0.372 1.05809 -0.193421
0.373 1.2966 -0.321959
0.374 1.5301 -0.44756
0.375 1.75768 -0.569646
0.376 1.97843 -0.687654
0.377 2.1915 -0.801042
0.378 2.39604 -0.909289
0.379 2.59126 -1.01189
0.38 2.77639 -1.10839
0.381 2.9507 -1.19832
0.382 3.1135 -1.28128
0.383 3.26415 -1.35687
0.384 3.40206 -1.42476
0.385 3.52669 -1.48461
0.386 3.63754 -1.53615
0.387 3.73419 -1.57913
0.388 3.81626 -1.61333
0.389 3.88342 -1.6386
0.39 3.93542 -1.6548
0.391 3.97207 -1.66183
0.392 3.99323 -1.65966
0.393 3.99882 -1.64825
0.394 3.98885 -1.62766
0.395 3.96337 -1.59794
0.396 3.92249 -1.5592
0.397 3.8664 -1.51161
0.398 3.79536 -1.45533
0.399 3.70966 -1.39061
0.4 3.60967 -1.31771
0.401 3.49583 -1.23692
0.402 3.36862 -1.14858
0.403 3.22859 -1.05306
0.404 3.07632 -0.950754
0.405 2.91248 -0.842101
0.406 2.73775 -0.727556
0.407 2.55288 -0.607603
0.408 2.35867 -0.482753
0.409 2.15593 -0.353535
0.41 1.94553 -0.220502
0.411 1.72837 -0.0842216
0.412 1.50538 0.0547217
0.413 1.27751 0.195732
0.414 1.04574 0.338202
0.415 0.811065 0.481518
0.416 0.574495 0.625063
0.417 0.337049 0.768214
0.418 0.0997516 0.910352
0.419 -0.13637 1.05086
0.42 -0.37029 1.18913
0.421 -0.600992 1.32455
0.422 -0.827469 1.45654
0.423 -1.04873 1.58451
0.424 -1.2638 1.70792
0.425 -1.47173 1.8262
0.426 -1.67161 1.93885
0.427 -1.86253 2.04537
0.428 -2.04366 2.14528
0.429 -2.21416 2.23814
0.43 -2.37327 2.32353
0.431 -2.52026 2.40108
0.432 -2.65444 2.47043
0.433 -2.7752 2.53126
0.434 -2.88196 2.58332
0.435 -2.97421 2.62634
0.436 -3.05148 2.66013
0.437 -3.11338 2.68453
0.438 -3.15958 2.69943
0.439 -3.18981 2.70473
0.44 -3.20388 2.70041
0.441 -3.20165 2.68646
0.442 -3.18305 2.66295
0.443 -3.14808 2.62995
0.444 -3.09683 2.5876
0.445 -3.02942 2.53607
0.446 -2.94607 2.47558
0.447 -2.84705 2.40637
0.448 -2.7327 2.32876
0.449 -2.60344 2.24306
0.45 -2.45974 2.14965
0.451 -2.30213 2.04892
0.452 -2.1312 1.94133
0.453 -1.94761 1.82733
0.454 -1.75207 1.70743
0.455 -1.54534 1.58216
0.456 -1.32822 1.45207
0.457 -1.10158 1.31774
0.458 -0.866325 1.17976
0.459 -0.623383 1.03875
0.46 -0.373736 0.895358
0.461 -0.118391 0.750218
0.462 0.141614 0.603991
0.463 0.405221 0.457342
0.464 0.671349 0.310944
0.465 0.938904 0.165469
0.466 1.20678 0.0215894
0.467 1.47387 -0.120025
0.468 1.73905 -0.258712
0.469 2.00123 -0.393819
0.47 2.25929 -0.524703
0.471 2.51215 -0.65074
0.472 2.75873 -0.771321
0.473 2.99798 -0.885858
0.474 3.22888 -0.993786
0.475 3.45043 -1.09457
0.476 3.66167 -1.18769
0.477 3.86167 -1.27267
0.478 4.04956 -1.34907
0.479 4.22449 -1.41647
0.48 4.38569 -1.47449
0.481 4.53241 -1.5228
0.482 4.66399 -1.5611
0.483 4.7798 -1.58914
0.484 4.87929 -1.6067
0.485 4.96197 -1.61361
0.486 5.02741 -1.60975
0.487 5.07526 -1.59504
0.488 5.10523 -1.56946
0.489 5.1171 -1.53302
0.49 5.11074 -1.48579
0.491 5.08608 -1.42787
0.492 5.04312 -1.35942
0.493 4.98195 -1.28066
0.494 4.90272 -1.19182
0.495 4.80565 -1.09322
0.496 4.69106 -0.985181
0.497 4.55932 -0.8681
0.498 4.41087 -0.7424
0.499 4.24624 -0.608548
0.5 4.06599 -0.467051
0.501 3.87078 -0.318451
0.502 3.66133 -0.163326
0.503 3.4384 -0.00228754
0.504 3.20282 0.164025
0.505 2.95547 0.334941
0.506 2.6973 0.509768
0.507 2.42927 0.687789
0.508 2.15243 0.868266
0.509 1.86781 1.05045
0.51 1.57654 1.23356
0.511 1.27973 1.41684
0.512 0.978534 1.59948
0.513 0.674139 1.78071
0.514 0.367733 1.95973
0.515 0.0605214 2.13575
0.516 -0.246283 2.30798
0.517 -0.551466 2.47566
0.518 -0.853817 2.63801
0.519 -1.15213 2.79429
0.52 -1.44522 2.94377
0.521 -1.7319 3.08573
0.522 -2.01103 3.21949
0.523 -2.28149 3.3444
0.524 -2.54217 3.45982
0.525 -2.79203 3.56516
0.526 -3.03005 3.65986
0.527 -3.25526 3.7434
0.528 -3.46674 3.81529
0.529 -3.66361 3.8751
0.53 -3.84508 3.92242
0.531 -4.01038 3.95692
0.532 -4.15883 3.97829
0.533 -4.28981 3.98629
0.534 -4.40276 3.9807
0.535 -4.49721 3.96139
0.536 -4.57274 3.92826
0.537 -4.62903 3.88126
0.538 -4.66582 3.82042
0.539 -4.68294 3.7458
0.54 -4.68028 3.65752
0.541 -4.65783 3.55575
0.542 -4.61567 3.44074
0.543 -4.55392 3.31276
0.544 -4.47281 3.17214
0.545 -4.37265 3.01929
0.546 -4.25382 2.85463
0.547 -4.11677 2.67866
0.548 -3.96205 2.4919
0.549 -3.79025 2.29495
0.55 -3.60205 2.08841
0.551 -3.39821 1.87297
0.552 -3.17953 1.64931
0.553 -2.94689 1.41819
0.554 -2.70123 1.18036
0.555 -2.44353 0.936652
0.556 -2.17483 0.687878
0.557 -1.89622 0.4349
0.558 -1.60884 0.178594
0.559 -1.31386 -0.0801429
0.56 -1.01248 -0.340402
0.561 -0.705941 -0.601263
0.562 -0.395499 -0.861795
0.563 -0.0824346 -1.12107
0.564 0.231959 -1.37815
0.565 0.546378 -1.6321
0.566 0.859516 -1.88202
0.567 1.17007 -2.12697
0.568 1.47673 -2.36607
0.569 1.77823 -2.59844
0.57 2.07328 -2.82321
0.571 2.36064 -3.03956
0.572 2.63909 -3.24667
0.573 2.90744 -3.44377
0.574 3.16455 -3.63013
0.575 3.4093 -3.80503
0.576 3.64063 -3.96781
0.577 3.85754 -4.11787
0.578 4.05906 -4.25461
0.579 4.2443 -4.37752
0.58 4.41243 -4.48612
0.581 4.56268 -4.57999
0.582 4.69436 -4.65876
0.583 4.80685 -4.72211
0.584 4.89958 -4.76978
0.585 4.97211 -4.80159
0.586 5.02403 -4.81739
0.587 5.05503 -4.8171
0.588 5.06491 -4.8007
0.589 5.0535 -4.76824
0.59 5.02077 -4.71982
0.591 4.96674 -4.65561
0.592 4.89152 -4.57582
0.593 4.79533 -4.48075
0.594 4.67844 -4.37074
0.595 4.54123 -4.24618
0.596 4.38415 -4.10754
0.597 4.20774 -3.95532
0.598 4.01261 -3.79009
0.599 3.79946 -3.61246
0.6 3.56904 -3.4231
0.601 3.32219 -3.22271
0.602 3.05982 -3.01204
0.603 2.7829 -2.7919
0.604 2.49246 -2.5631
0.605 2.18958 -2.32651
0.606 1.8754 -2.08304
0.607 1.55112 -1.8336
0.608 1.21796 -1.57914
0.609 0.877189 -1.32064
0.61 0.530118 -1.05907
0.611 0.178076 -0.795433
0.612 -0.17758 -0.530746
0.613 -0.535478 -0.266019
0.614 -0.894231 -0.00226828
0.615 -1.25245 0.259492
0.616 -1.60873 0.518254
0.617 -1.96169 0.77302
0.618 -2.30996 1.02281
0.619 -2.65215 1.26665
0.62 -2.98694 1.5036
0.621 -3.313 1.73275
0.622 -3.62905 1.95319
0.623 -3.93384 2.16408
0.624 -4.22616 2.36459
0.625 -4.50485 2.55394
0.626 -4.76881 2.73138
0.627 -5.01699 2.89622
0.628 -5.24838 3.04782
0.629 -5.46207 3.18557
0.63 -5.65719 3.30893
0.631 -5.83296 3.41741
0.632 -5.98867 3.51057
0.633 -6.12368 3.58804
0.634 -6.23744 3.64951
0.635 -6.32949 3.69472
0.636 -6.39943 3.72347
0.637 -6.44698 3.73565
0.638 -6.47191 3.73119
0.639 -6.47412 3.71009
0.64 -6.45357 3.67241
0.641 -6.41032 3.61828
0.642 -6.34453 3.54789
0.643 -6.25642 3.46151
0.644 -6.14634 3.35944
0.645 -6.01469 3.24207
0.646 -5.86198 3.10983
0.647 -5.68879 2.96321
0.648 -5.49579 2.80277
0.649 -5.28373 2.62912
0.65 -5.05343 2.4429
0.651 -4.80579 2.24483
0.652 -4.54176 2.03565
0.653 -4.26239 1.81617
0.654 -3.96877 1.5872
0.655 -3.66205 1.34964
0.656 -3.34342 1.10437
0.657 -3.01416 0.852345
0.658 -2.67554 0.594517
0.659 -2.3289 0.331873
0.66 -1.97562 0.0654169
0.661 -1.61708 -0.203832
0.662 -1.2547 -0.474845
0.663 -0.889905 -0.746583
0.664 -0.524144 -1.01801
0.665 -0.158863 -1.28808
0.666 0.204495 -1.55577
0.667 0.564492 -1.82004
0.668 0.919701 -2.0799
0.669 1.26872 -2.33433
0.67 1.61015 -2.58238
0.671 1.94266 -2.82309
0.672 2.26493 -3.05554
0.673 2.57566 -3.27884
0.674 2.87365 -3.49214
0.675 3.1577 -3.69463
0.676 3.42668 -3.88553
0.677 3.67955 -4.06412
0.678 3.91529 -4.22972
0.679 4.13297 -4.38171
0.68 4.33174 -4.51949
0.681 4.51081 -4.64256
0.682 4.66948 -4.75046
0.683 4.80712 -4.84277
0.684 4.9232 -4.91916
0.685 5.01728 -4.97934
0.686 5.08897 -5.02309
0.687 5.13802 -5.05026
0.688 5.16425 -5.06076
0.689 5.16756 -5.05456
0.69 5.14797 -5.03171
0.691 5.10556 -4.99229
0.692 5.04054 -4.93649
0.693 4.95317 -4.86453
0.694 4.84384 -4.7767
0.695 4.713 -4.67335
0.696 4.56121 -4.55491
0.697 4.3891 -4.42184
0.698 4.19739 -4.27466
0.699 3.98686 -4.11396
0.7 3.75841 -3.94038
0.701 3.51296 -3.75459
0.702 3.25155 -3.55732
0.703 2.97525 -3.34934
0.704 2.6852 -3.13146
0.705 2.38261 -2.90453
0.706 2.06873 -2.66944
0.707 1.74485 -2.42709
0.708 1.41232 -2.17842
0.709 1.07251 -1.92439
0.71 0.726824 -1.66598
0.711 0.376696 -1.40419
0.712 0.023576 -1.14001
0.713 -0.331072 -0.874463
0.714 -0.685777 -0.608556
0.715 -1.03907 -0.343303
0.716 -1.38948 -0.0797104
0.717 -1.73554 0.181225
0.718 -2.07583 0.43852
0.719 -2.40892 0.691207
0.72 -2.73342 0.938342
0.721 -3.04798 1.17901
0.722 -3.35128 1.4123
0.723 -3.64204 1.63738
0.724 -3.91904 1.85341
0.725 -4.18112 2.05962
0.726 -4.42716 2.25524
0.727 -4.65613 2.4396
0.728 -4.86705 2.61204
0.729 -5.059 2.77196
0.73 -5.23118 2.91881
0.731 -5.38283 3.0521
0.732 -5.51328 3.17139
0.733 -5.62196 3.27631
0.734 -5.70837 3.36654
0.735 -5.77211 3.44182
0.736 -5.81288 3.50196
0.737 -5.83046 3.54682
0.738 -5.82471 3.57634
0.739 -5.79563 3.5905
0.74 -5.74326 3.58937
0.741 -5.66778 3.57306
0.742 -5.56943 3.54176
0.743 -5.44857 3.49571
0.744 -5.30563 3.43521
0.745 -5.14115 3.36062
0.746 -4.95573 3.27237
0.747 -4.75008 3.17093
0.748 -4.52499 3.05682
0.749 -4.28132 2.93063
0.75 -4.02001 2.79298
0.751 -3.74208 2.64455
0.752 -3.44859 2.48606
0.753 -3.14071 2.31827
0.754 -2.81963 2.14196
0.755 -2.4866 1.95798
0.756 -2.14295 1.76717
0.757 -1.79001 1.57043
0.758 -1.42919 1.36865
0.759 -1.0619 1.16278
0.76 -0.689589 0.95375
0.761 -0.313737 0.742517
0.762 0.0641721 0.530043
0.763 0.442641 0.317292
0.764 0.820171 0.105228
0.765 1.19526 -0.105188
0.766 1.56643 -0.313006
0.767 1.9322 -0.517288
0.768 2.29111 -0.717112
0.769 2.64175 -0.911578
0.77 2.98272 -1.09981
0.771 3.31266 -1.28095
0.772 3.63026 -1.45419
0.773 3.93427 -1.61875
0.774 4.22346 -1.77387
0.775 4.49671 -1.91886
0.776 4.75292 -2.05305
0.777 4.99107 -2.17583
0.778 5.21022 -2.28665
0.779 5.40952 -2.38498
0.78 5.58816 -2.47036
0.781 5.74545 -2.5424
0.782 5.88076 -2.60076
0.783 5.99359 -2.64513
0.784 6.08347 -2.67531
0.785 6.15008 -2.69111
0.786 6.19316 -2.69245
0.787 6.21256 -2.67928
0.788 6.20822 -2.65162
0.789 6.18017 -2.60955
0.79 6.12856 -2.55322
0.791 6.05361 -2.48285
0.792 5.95565 -2.39868
0.793 5.8351 -2.30106
0.794 5.69246 -2.19037
0.795 5.52835 -2.06704
0.796 5.34344 -1.93158
0.797 5.13852 -1.78454
0.798 4.91443 -1.62651
0.799 4.67211 -1.45815
0.8 4.41258 -1.28013
0.801 4.13691 -1.09321
0.802 3.84624 -0.898155
0.803 3.54178 -0.695772
0.804 3.2248 -0.486907
0.805 2.89661 -0.272431
0.806 2.55857 -0.0532433
0.807 2.21209 0.169737
0.808 1.8586 0.395572
0.809 1.49956 0.623309
0.81 1.13648 0.851988
0.811 0.770853 1.08064
0.812 0.404199 1.30829
0.813 0.0380412 1.53398
0.814 -0.326098 1.75675
0.815 -0.686704 1.97563
0.816 -1.04228 2.18969
0.817 -1.39134 2.39802
0.818 -1.73243 2.59972
0.819 -2.06413 2.79391
0.82 -2.38505 2.97975
0.821 -2.69385 3.15644
0.822 -2.98925 3.32319
0.823 -3.26999 3.47928
0.824 -3.53491 3.62402
0.825 -3.78288 3.75675
0.826 -4.01286 3.87689
0.827 -4.22389 3.9839
0.828 -4.41505 4.07727
0.829 -4.58554 4.15657
0.83 -4.73462 4.22143
0.831 -4.86166 4.27153
0.832 -4.96609 4.30661
0.833 -5.04747 4.32647
0.834 -5.10542 4.33098
0.835 -5.13967 4.32007
0.836 -5.15005 4.29374
0.837 -5.13648 4.25205
0.838 -5.09899 4.19511
0.839 -5.0377 4.12311
0.84 -4.95283 4.03631
0.841 -4.8447 3.93502
0.842 -4.71371 3.8196
0.843 -4.56038 3.6905
0.844 -4.38531 3.54819
0.845 -4.18918 3.39323
0.846 -3.97278 3.22622
0.847 -3.73696 3.0478
0.848 -3.48268 2.85868
0.849 -3.21094 2.65961
0.85 -2.92284 2.45138
0.851 -2.61955 2.2348
0.852 -2.30228 2.01076
0.853 -1.97234 1.78015
0.854 -1.63104 1.5439
0.855 -1.27979 1.30296
0.856 -0.920008 1.05831
0.857 -0.553169 0.810946
0.858 -0.180769 0.561877
0.859 0.195665 0.31212
0.86 0.574591 0.0626989
0.861 0.954453 -0.185362
0.862 1.33369 -0.431039
0.863 1.71073 -0.673319
0.864 2.08402 -0.911196
0.865 2.45202 -1.14368
0.866 2.8132 -1.36981
0.867 3.16607 -1.58863
0.868 3.50914 -1.79923
0.869 3.841 -2.00072
0.87 4.16024 -2.19225
0.871 4.46553 -2.37301
0.872 4.75559 -2.54222
0.873 5.02918 -2.69916
0.874 5.28514 -2.84316
0.875 5.52239 -2.97358
0.876 5.73989 -3.08986
0.877 5.93672 -3.19148
0.878 6.11201 -3.27798
0.879 6.26499 -3.34898
0.88 6.39497 -3.40413
0.881 6.50137 -3.44316
0.882 6.58367 -3.46589
0.883 6.64149 -3.47216
0.884 6.67451 -3.4619
0.885 6.68253 -3.43512
0.886 6.66545 -3.39188
0.887 6.62327 -3.33232
0.888 6.55607 -3.25663
0.889 6.46407 -3.16508
0.89 6.34756 -3.05801
0.891 6.20693 -2.93581
0.892 6.04269 -2.79894
0.893 5.85541 -2.64793
0.894 5.6458 -2.48336
0.895 5.41462 -2.30587
0.896 5.16274 -2.11615
0.897 4.89109 -1.91495
0.898 4.60072 -1.70307
0.899 4.29273 -1.48135
0.9 3.96828 -1.25067
0.901 3.62864 -1.01196
0.902 3.27509 -0.76619
0.903 2.90901 -0.514341
0.904 2.53182 -0.25744
0.905 2.14497 0.00346699
0.906 1.74997 0.267313
0.907 1.34835 0.533017
0.908 0.941683 0.799484
0.909 0.531556 1.06561
0.91 0.11957 1.3303
0.911 -0.292662 1.59244
0.912 -0.703525 1.85095
0.913 -1.11141 2.10473
0.914 -1.51471 2.35271
0.915 -1.91184 2.59384
0.916 -2.30125 2.82709
0.917 -2.6814 3.05147
0.918 -3.0508 3.266
0.919 -3.40798 3.46975
0.92 -3.75155 3.66182
0.921 -4.08015 3.84137
0.922 -4.39248 4.0076
0.923 -4.68732 4.15973
0.924 -4.9635 4.29709
0.925 -5.21993 4.41901
0.926 -5.45561 4.52492
0.927 -5.66961 4.61429
0.928 -5.86108 4.68666
0.929 -6.02927 4.74163
0.93 -6.17353 4.77887
0.931 -6.29328 4.79813
0.932 -6.38808 4.7992
0.933 -6.45753 4.78199
0.934 -6.5014 4.74643
0.935 -6.5195 4.69254
0.936 -6.51178 4.62044
0.937 -6.47829 4.53028
0.938 -6.41917 4.4223
0.939 -6.33467 4.29681
0.94 -6.22514 4.15419
0.941 -6.09104 3.99489
0.942 -5.93292 3.81942
0.943 -5.75142 3.62836
0.944 -5.5473 3.42235
0.945 -5.32137 3.20208
0.946 -5.07457 2.96832
0.947 -4.80789 2.72188
0.948 -4.52244 2.46362
0.949 -4.21936 2.19445
0.95 -3.89989 1.91534
0.951 -3.56533 1.62727
0.952 -3.21704 1.33128
0.953 -2.85644 1.02844
0.954 -2.485 0.719852
0.955 -2.10423 0.406632
0.956 -1.71568 0.0899242
0.957 -1.32093 -0.229114
0.958 -0.921588 -0.549312
0.959 -0.519283 -0.869492
0.96 -0.115655 -1.18848
0.961 0.287649 -1.50508
0.962 0.688984 -1.81815
0.963 1.08671 -2.12651
0.964 1.4792 -2.42903
0.965 1.86485 -2.72457
0.966 2.24209 -3.01205
0.967 2.60936 -3.29039
0.968 2.96516 -3.55856
0.969 3.30803 -3.81556
0.97 3.63655 -4.06044
0.971 3.94938 -4.29227
0.972 4.24522 -4.51021
0.973 4.52285 -4.71344
0.974 4.78111 -4.9012
0.975 5.01894 -5.07279
0.976 5.23534 -5.22759
0.977 5.42941 -5.36502
0.978 5.60032 -5.48457
0.979 5.74735 -5.58581
0.98 5.86987 -5.66836
0.981 5.96735 -5.73194
0.982 6.03936 -5.77631
0.983 6.08556 -5.80132
0.984 6.10573 -5.8069
0.985 6.09976 -5.79304
0.986 6.06761 -5.75982
0.987 6.00939 -5.70738
0.988 5.92529 -5.63594
0.989 5.81559 -5.54579
0.99 5.6807 -5.4373
0.991 5.52113 -5.3109
0.992 5.33747 -5.16709
0.993 5.13043 -5.00644
0.994 4.90078 -4.82958
0.995 4.64942 -4.63722
0.996 4.37732 -4.4301
0.997 4.08553 -4.20903
0.998 3.77518 -3.97489
0.999 3.44749 -3.72859
1 3.10373 -3.47108
