0.001 3.49045e-008 2.68376e-009
0.002 3.16951e-007 2.1553e-008
0.003 1.49052e-006 8.94336e-008
0.004 4.92686e-006 2.62417e-007
0.005 1.30146e-005 6.22362e-007
0.006 2.94403e-005 1.28107e-006
0.007 5.94559e-005 2.38662e-006
0.008 0.000110132 4.13217e-006
0.009 0.000190592 6.76778e-006
0.01 0.000312228 1.06154e-005
0.011 0.000488896 1.60877e-005
0.012 0.000737082 2.37101e-005
0.013 0.00107605 3.4148e-005
0.014 0.00152796 4.82369e-005
0.015 0.00211794 6.70182e-005
0.016 0.00287418 9.17784e-005
0.017 0.00382791 0.000124094
0.018 0.00501345 0.000165877
0.019 0.00646812 0.000219434
0.02 0.00823222 0.000287515
0.021 0.0103489 0.000373381
0.022 0.0128639 0.000480865
0.023 0.0158258 0.00061444
0.024 0.0192852 0.00077929
0.025 0.023295 0.000981385
0.026 0.0279099 0.00122755
0.027 0.0331863 0.00152555
0.028 0.0391814 0.00188415
0.029 0.0459539 0.00231323
0.03 0.0535625 0.0028238
0.031 0.0620663 0.00342815
0.032 0.0715241 0.00413984
0.033 0.0819938 0.00497385
0.034 0.0935324 0.00594658
0.035 0.106195 0.00707598
0.036 0.120035 0.00838152
0.037 0.135102 0.00988432
0.038 0.151445 0.0116071
0.039 0.169107 0.0135745
0.04 0.188128 0.0158125
0.041 0.208544 0.0183491
0.042 0.230385 0.0212139
0.043 0.253676 0.0244385
0.044 0.278437 0.0280558
0.045 0.30468 0.0321008
0.046 0.332412 0.0366098
0.047 0.361632 0.041621
0.048 0.392331 0.0471739
0.049 0.424495 0.0533096
0.05 0.4581 0.0600705
0.051 0.493112 0.0675001
0.052 0.529493 0.0756431
0.053 0.567192 0.0845452
0.054 0.606153 0.0942528
0.055 0.646307 0.104813
0.056 0.687581 0.116273
0.057 0.72989 0.128681
0.058 0.77314 0.142085
0.059 0.817231 0.156531
0.06 0.862051 0.172068
0.061 0.907483 0.18874
0.062 0.953401 0.206594
0.063 0.999669 0.225673
0.064 1.04615 0.24602
0.065 1.09269 0.267676
0.066 1.13913 0.290677
0.067 1.18533 0.315061
0.068 1.2311 0.340861
0.069 1.27628 0.368106
0.07 1.3207 0.396822
0.071 1.36417 0.427032
0.072 1.40652 0.458755
0.073 1.44756 0.492005
0.074 1.48711 0.52679
0.075 1.52499 0.563116
0.076 1.56101 0.600981
0.077 1.59499 0.640379
0.078 1.62675 0.681296
0.079 1.65611 0.723714
0.08 1.6829 0.767608
0.081 1.70696 0.812947
0.082 1.72812 0.85969
0.083 1.74623 0.907793
0.084 1.76113 0.957203
0.085 1.77271 1.00786
0.086 1.78081 1.05969
0.087 1.78533 1.11263
0.088 1.78616 1.16659
0.089 1.7832 1.22148
0.09 1.77637 1.27721
0.091 1.7656 1.33366
0.092 1.75084 1.39072
0.093 1.73204 1.44828
0.094 1.70918 1.5062
0.095 1.68225 1.56435
0.096 1.65125 1.6226
0.097 1.61622 1.68079
0.098 1.57718 1.73876
0.099 1.53419 1.79637
0.1 1.48733 1.85344
0.101 1.43669 1.9098
0.102 1.38237 1.96527
0.103 1.32451 2.01969
0.104 1.26324 2.07285
0.105 1.19872 2.12459
0.106 1.13112 2.1747
0.107 1.06065 2.223
0.108 0.987493 2.2693
0.109 0.911888 2.3134
0.11 0.834065 2.35511
0.111 0.754275 2.39423
0.112 0.67278 2.43058
0.113 0.589854 2.46397
0.114 0.505785 2.49421
0.115 0.420867 2.52111
0.116 0.335406 2.54451
0.117 0.249714 2.56423
0.118 0.16411 2.58011
0.119 0.0789211 2.59197
0.12 -0.00552493 2.59968
0.121 -0.0888956 2.60309
0.122 -0.170857 2.60206
0.123 -0.251076 2.59646
0.124 -0.329219 2.5862
0.125 -0.404957 2.57116
0.126 -0.477964 2.55125
0.127 -0.547919 2.52639
0.128 -0.61451 2.49653
0.129 -0.677431 2.4616
0.13 -0.736389 2.42158
0.131 -0.791099 2.37644
0.132 -0.841292 2.32618
0.133 -0.88671 2.2708
0.134 -0.927113 2.21033
0.135 -0.962275 2.14482
0.136 -0.991991 2.07433
0.137 -1.01607 1.99892
0.138 -1.03436 1.9187
0.139 -1.04669 1.83378
0.14 -1.05295 1.74427
0.141 -1.05305 1.65034
0.142 -1.04689 1.55214
0.143 -1.03444 1.44985
0.144 -1.01565 1.34366
0.145 -0.990544 1.2338
0.146 -0.95913 1.12048
0.147 -0.921464 1.00395
0.148 -0.877625 0.88447
0.149 -0.827716 0.762313
0.15 -0.77187 0.637765
0.151 -0.710243 0.511127
0.152 -0.643022 0.382711
0.153 -0.570415 0.252839
0.154 -0.492659 0.121848
0.155 -0.410014 -0.00992059
0.156 -0.322766 -0.142113
0.157 -0.231221 -0.27437
0.158 -0.135712 -0.406325
0.159 -0.036589 -0.537606
0.16 0.0657751 -0.667838
0.161 0.170989 -0.796642
0.162 0.278645 -0.923639
0.163 0.388316 -1.04845
0.164 0.499565 -1.17069
0.165 0.611938 -1.28999
0.166 0.72497 -1.40597
0.167 0.838189 -1.51827
0.168 0.951113 -1.62652
0.169 1.06325 -1.73037
0.17 1.17412 -1.82947
0.171 1.28322 -1.9235
0.172 1.39006 -2.01213
0.173 1.49414 -2.09505
0.174 1.59498 -2.17196
0.175 1.69211 -2.24259
0.176 1.78503 -2.30668
0.177 1.87329 -2.36399
0.178 1.95645 -2.41428
0.179 2.03405 -2.45735
0.18 2.10569 -2.49302
0.181 2.17095 -2.52114
0.182 2.22945 -2.54156
0.183 2.28084 -2.55416
0.184 2.32477 -2.55887
0.185 2.36094 -2.55561
0.186 2.38905 -2.54435
0.187 2.40884 -2.52508
0.188 2.4201 -2.49781
0.189 2.42261 -2.46259
0.19 2.41622 -2.41947
0.191 2.40079 -2.36857
0.192 2.37622 -2.31
0.193 2.34245 -2.24391
0.194 2.29945 -2.17049
0.195 2.24723 -2.08993
0.196 2.18584 -2.00247
0.197 2.11534 -1.90836
0.198 2.03586 -1.80789
0.199 1.94756 -1.70137
0.2 1.85062 -1.58912
0.201 1.74527 -1.47149
0.202 1.63177 -1.34886
0.203 1.51042 -1.22163
0.204 1.38154 -1.09021
0.205 1.24551 -0.95503
0.206 1.10271 -0.816546
0.207 0.95358 -0.675221
0.208 0.798569 -0.531535
0.209 0.638162 -0.385979
0.21 0.472869 -0.239056
0.211 0.303224 -0.0912795
0.212 0.129786 0.0568324
0.213 -0.0468695 0.204754
0.214 -0.226145 0.351957
0.215 -0.407429 0.497909
0.216 -0.590094 0.64208
0.217 -0.773502 0.78394
0.218 -0.957006 0.922963
0.219 -1.13995 1.05863
0.22 -1.32168 1.19043
0.221 -1.50153 1.31785
0.222 -1.67885 1.44041
0.223 -1.85297 1.55762
0.224 -2.02325 1.66903
0.225 -2.18906 1.77418
0.226 -2.34975 1.87265
0.227 -2.50471 1.96402
0.228 -2.65335 2.04791
0.229 -2.79509 2.12395
0.23 -2.92936 2.19181
0.231 -3.05564 2.25117
0.232 -3.17342 2.30175
0.233 -3.28221 2.34329
0.234 -3.38158 2.37557
0.235 -3.47109 2.39838
0.236 -3.55038 2.41157
0.237 -3.61909 2.415
0.238 -3.67693 2.40857
0.239 -3.72361 2.39223
0.24 -3.75892 2.36594
0.241 -3.78267 2.32971
0.242 -3.79471 2.28358
0.243 -3.79496 2.22762
0.244 -3.78335 2.16195
0.245 -3.75988 2.08671
0.246 -3.72459 2.00208
0.247 -3.67756 1.90828
0.248 -3.61891 1.80555
0.249 -3.54883 1.69417
0.25 -3.46752 1.57447
0.251 -3.37527 1.44678
0.252 -3.27236 1.31148
0.253 -3.15916 1.16897
0.254 -3.03606 1.01968
0.255 -2.90349 0.86407
0.256 -2.76192 0.702626
0.257 -2.61186 0.53585
0.258 -2.45386 0.364271
0.259 -2.28849 0.188435
0.26 -2.11637 0.00890515
0.261 -1.93814 -0.173737
0.262 -1.75445 -0.358896
0.263 -1.56601 -0.545968
0.264 -1.37353 -0.734336
0.265 -1.17774 -0.923378
0.266 -0.97938 -1.11246
0.267 -0.779225 -1.30097
0.268 -0.578044 -1.48825
0.269 -0.376617 -1.67368
0.27 -0.175729 -1.85664
0.271 0.0238337 -2.03651
0.272 0.221285 -2.21267
0.273 0.415847 -2.38452
0.274 0.606746 -2.55148
0.275 0.793222 -2.71296
0.276 0.974528 -2.86843
0.277 1.14993 -3.01733
0.278 1.31873 -3.15916
0.279 1.48024 -3.29343
0.28 1.63379 -3.41966
0.281 1.77875 -3.53742
0.282 1.91454 -3.6463
0.283 2.04057 -3.74592
0.284 2.15632 -3.83592
0.285 2.2613 -3.916
0.286 2.35507 -3.98587
0.287 2.43721 -4.04529
0.288 2.50736 -4.09405
0.289 2.56522 -4.13197
0.29 2.6105 -4.15892
0.291 2.643 -4.17481
0.292 2.66254 -4.17958
0.293 2.66901 -4.17321
0.294 2.66235 -4.15572
0.295 2.64254 -4.12719
0.296 2.60963 -4.0877
0.297 2.5637 -4.0374
0.298 2.50491 -3.97646
0.299 2.43345 -3.90511
0.3 2.34957 -3.82359
0.301 2.25358 -3.7322
0.302 2.14582 -3.63126
0.303 2.0267 -3.52112
0.304 1.89666 -3.40219
0.305 1.7562 -3.27488
0.306 1.60586 -3.13964
0.307 1.44621 -2.99696
0.308 1.27787 -2.84734
0.309 1.10151 -2.69131
0.31 0.91781 -2.52943
0.311 0.7275 -2.36227
0.312 0.531333 -2.19042
0.313 0.330092 -2.01449
0.314 0.124581 -1.83509
0.315 -0.0843735 -1.65287
0.316 -0.295929 -1.46847
0.317 -0.509228 -1.28252
0.318 -0.723403 -1.09569
0.319 -0.937578 -0.908621
0.32 -1.15088 -0.721972
0.321 -1.36242 -0.53639
0.322 -1.57133 -0.352517
0.323 -1.77674 -0.170988
0.324 -1.97779 0.00757378
0.325 -2.17363 0.182558
0.326 -2.36345 0.353371
0.327 -2.54644 0.519435
0.328 -2.72181 0.680194
0.329 -2.88881 0.835114
0.33 -3.04672 0.983683
0.331 -3.19484 1.12542
0.332 -3.33253 1.25986
0.333 -3.45917 1.38659
0.334 -3.57419 1.50521
0.335 -3.67706 1.61535
0.336 -3.76731 1.7167
0.337 -3.84449 1.80895
0.338 -3.90823 1.89185
0.339 -3.9582 1.96519
0.34 -3.99412 2.02878
0.341 -4.01578 2.08249
0.342 -4.02302 2.12621
0.343 -4.01572 2.15988
0.344 -3.99385 2.18349
0.345 -3.95741 2.19704
0.346 -3.90646 2.20061
0.347 -3.84115 2.19428
0.348 -3.76165 2.1782
0.349 -3.66822 2.15254
0.35 -3.56113 2.11753
0.351 -3.44077 2.0734
0.352 -3.30752 2.02044
0.353 -3.16187 1.95899
0.354 -3.00431 1.88939
0.355 -2.83542 1.81203
0.356 -2.65581 1.72732
0.357 -2.46613 1.63572
0.358 -2.26708 1.5377
0.359 -2.0594 1.43374
0.36 -1.84386 1.32438
0.361 -1.62127 1.21015
0.362 -1.39247 1.0916
0.363 -1.15833 0.969317
0.364 -0.919739 0.843883
0.365 -0.677603 0.715895
0.366 -0.432851 0.585962
0.367 -0.186424 0.454695
0.368 0.0607301 0.322712
0.369 0.307656 0.190628
0.37 0.553397 0.0590608
0.371 0.797001 -0.0713792
0.372 1.03752 -0.200087
0.373 1.27402 -0.326467
0.374 1.50557 -0.449935
0.375 1.73128 -0.569921
0.376 1.95025 -0.685871
0.377 2.16163 -0.797252
0.378 2.36459 -0.903549
0.379 2.55833 -1.00427
0.38 2.74209 -1.09895
0.381 2.91516 -1.18716
0.382 3.07684 -1.26848
0.383 3.2265 -1.34253
0.384 3.36356 -1.40897
0.385 3.48748 -1.46748
0.386 3.59777 -1.51778
0.387 3.69399 -1.55965
0.388 3.77579 -1.59286
0.389 3.84283 -1.61725
0.39 3.89486 -1.6327
0.391 3.93169 -1.63912
0.392 3.95318 -1.63645
0.393 3.95926 -1.62468
0.394 3.94992 -1.60386
0.395 3.92522 -1.57404
0.396 3.88527 -1.53535
0.397 3.83025 -1.48791
0.398 3.76041 -1.43194
0.399 3.67604 -1.36763
0.4 3.57752 -1.29527
0.401 3.46527 -1.21515
0.402 3.33976 -1.12759
0.403 3.20154 -1.03296
0.404 3.05118 -0.931653
0.405 2.88934 -0.8241
0.406 2.7167 -0.710751
0.407 2.534 -0.592085
0.408 2.34202 -0.468603
0.409 2.14156 -0.34083
0.41 1.9335 -0.20931
0.411 1.71872 -0.0746046
0.412 1.49813 0.0627105
0.413 1.27268 0.202047
0.414 1.04333 0.342807
0.415 0.811082 0.484384
0.416 0.576918 0.626169
0.417 0.341852 0.76755
0.418 0.106899 0.907915
0.419 -0.126925 1.04666
0.42 -0.358606 1.18317
0.421 -0.587136 1.31686
0.422 -0.811518 1.44715
0.423 -1.03077 1.57347
0.424 -1.24393 1.69526
0.425 -1.45006 1.81199
0.426 -1.64824 1.92315
0.427 -1.8376 2.02825
0.428 -2.01729 2.12681
0.429 -2.18649 2.21841
0.43 -2.34445 2.30263
0.431 -2.49043 2.37911
0.432 -2.62377 2.44748
0.433 -2.74384 2.50745
0.434 -2.85008 2.55875
0.435 -2.94197 2.60112
0.436 -3.01905 2.63439
0.437 -3.08095 2.65839
0.438 -3.12731 2.67299
0.439 -3.15789 2.67813
0.44 -3.17247 2.67377
0.441 -3.17092 2.65991
0.442 -3.15318 2.6366
0.443 -3.11924 2.60393
0.444 -3.06918 2.56203
0.445 -3.00313 2.51107
0.446 -2.92129 2.45126
0.447 -2.82393 2.38286
0.448 -2.7114 2.30615
0.449 -2.58408 2.22146
0.45 -2.44246 2.12915
0.451 -2.28704 2.02963
0.452 -2.11843 1.92332
0.453 -1.93726 1.8107
0.454 -1.74423 1.69224
0.455 -1.54009 1.56848
0.456 -1.32565 1.43995
0.457 -1.10174 1.30723
0.458 -0.869258 1.17092
0.459 -0.629134 1.03161
0.46 -0.38233 0.889928
0.461 -0.129842 0.746521
0.462 0.127306 0.602033
0.463 0.388067 0.457122
0.464 0.651375 0.312448
0.465 0.916147 0.168675
0.466 1.18129 0.026467
0.467 1.44571 -0.113516
0.468 1.7083 -0.250622
0.469 1.96797 -0.384205
0.47 2.22362 -0.513634
0.471 2.47418 -0.638291
0.472 2.71859 -0.757576
0.473 2.9558 -0.870909
0.474 3.1848 -0.977732
0.475 3.4046 -1.07752
0.476 3.61426 -1.16975
0.477 3.81285 -1.25397
0.478 3.9995 -1.32973
0.479 4.17339 -1.39662
0.48 4.33373 -1.45427
0.481 4.4798 -1.50234
0.482 4.61092 -1.54054
0.483 4.72648 -1.56863
0.484 4.82594 -1.58638
0.485 4.90879 -1.59364
0.486 4.97462 -1.59027
0.487 5.02307 -1.5762
0.488 5.05386 -1.55141
0.489 5.06677 -1.5159
0.49 5.06165 -1.46975
0.491 5.03844 -1.41304
0.492 4.99713 -1.34595
0.493 4.93781 -1.26868
0.494 4.86062 -1.18146
0.495 4.76579 -1.08459
0.496 4.65361 -0.978403
0.497 4.52445 -0.863281
0.498 4.37875 -0.73964
0.499 4.217 -0.60794
0.5 4.03979 -0.468678
0.501 3.84774 -0.322387
0.502 3.64157 -0.169636
0.503 3.42202 -0.0110235
0.504 3.18992 0.152818
0.505 2.94613 0.321233
0.506 2.69158 0.493536
0.507 2.42722 0.669024
0.508 2.15408 0.846971
0.509 1.87319 1.02664
0.51 1.58564 1.20726
0.511 1.29255 1.38809
0.512 0.995053 1.56833
0.513 0.694309 1.74723
0.514 0.391498 1.92398
0.515 0.0878092 2.09783
0.516 -0.215559 2.26799
0.517 -0.517409 2.4337
0.518 -0.816542 2.59421
0.519 -1.11177 2.74878
0.52 -1.40191 2.89669
0.521 -1.68581 3.03723
0.522 -1.96232 3.16974
0.523 -2.23034 3.29357
0.524 -2.48879 3.40809
0.525 -2.73661 3.51271
0.526 -2.97281 3.60689
0.527 -3.19641 3.6901
0.528 -3.40652 3.76187
0.529 -3.60226 3.82177
0.53 -3.78284 3.86941
0.531 -3.9475 3.90443
0.532 -4.09557 3.92654
0.533 -4.22642 3.9355
0.534 -4.3395 3.9311
0.535 -4.43434 3.91319
0.536 -4.51053 3.88169
0.537 -4.56773 3.83653
0.538 -4.60569 3.77774
0.539 -4.62422 3.70538
0.54 -4.62324 3.61957
0.541 -4.60271 3.52047
0.542 -4.5627 3.40832
0.543 -4.50333 3.28338
0.544 -4.42483 3.14598
0.545 -4.32749 2.99651
0.546 -4.21167 2.83539
0.547 -4.07784 2.66309
0.548 -3.9265 2.48015
0.549 -3.75825 2.28713
0.55 -3.57376 2.08464
0.551 -3.37376 1.87333
0.552 -3.15904 1.65389
0.553 -2.93047 1.42704
0.554 -2.68896 1.19355
0.555 -2.43548 0.954203
0.556 -2.17106 0.709812
0.557 -1.89677 0.461219
0.558 -1.61373 0.209286
0.559 -1.32308 -0.0451096
0.56 -1.02602 -0.301073
0.561 -0.723762 -0.557701
0.562 -0.417546 -0.814079
0.563 -0.108635 -1.06929
0.564 0.201697 -1.32243
0.565 0.512163 -1.57256
0.566 0.821476 -1.8188
0.567 1.12835 -2.06024
0.568 1.43149 -2.29599
0.569 1.72964 -2.5252
0.57 2.02154 -2.74701
0.571 2.30595 -2.96061
0.572 2.58168 -3.1652
0.573 2.84754 -3.36001
0.574 3.1024 -3.54433
0.575 3.34517 -3.71745
0.576 3.57478 -3.87873
0.577 3.79024 -4.02754
0.578 3.99061 -4.16332
0.579 4.17499 -4.28556
0.58 4.34256 -4.39379
0.581 4.49256 -4.48757
0.582 4.62429 -4.56655
0.583 4.73713 -4.63042
0.584 4.83054 -4.67891
0.585 4.90404 -4.71184
0.586 4.95725 -4.72905
0.587 4.98986 -4.73048
0.588 5.00163 -4.71609
0.589 4.99243 -4.68592
0.59 4.96218 -4.64008
0.591 4.91092 -4.57871
0.592 4.83875 -4.50204
0.593 4.74587 -4.41034
0.594 4.63254 -4.30394
0.595 4.49913 -4.18323
0.596 4.34608 -4.04865
0.597 4.17391 -3.90071
0.598 3.98322 -3.73995
0.599 3.77468 -3.56696
0.6 3.54904 -3.38241
0.601 3.30712 -3.18697
0.602 3.0498 -2.98139
0.603 2.77804 -2.76644
0.604 2.49284 -2.54292
0.605 2.19526 -2.3117
0.606 1.88644 -2.07364
0.607 1.56754 -1.82964
0.608 1.23976 -1.58065
0.609 0.904352 -1.32759
0.61 0.562604 -1.07146
0.611 0.215823 -0.813208
0.612 -0.134655 -0.55384
0.613 -0.487479 -0.294348
0.614 -0.841284 -0.0357267
0.615 -1.1947 0.221028
0.616 -1.54634 0.474928
0.617 -1.89486 0.724995
0.618 -2.23887 0.970261
0.619 -2.57704 1.20978
0.62 -2.90804 1.44262
0.621 -3.23057 1.66789
0.622 -3.54337 1.8847
0.623 -3.84518 2.09221
0.624 -4.13483 2.28962
0.625 -4.41116 2.47615
0.626 -4.67308 2.65107
0.627 -4.91955 2.8137
0.628 -5.14958 2.9634
0.629 -5.36225 3.09958
0.63 -5.55671 3.2217
0.631 -5.73218 3.32927
0.632 -5.88795 3.42187
0.633 -6.02339 3.49912
0.634 -6.13794 3.56071
0.635 -6.23113 3.6064
0.636 -6.30259 3.63597
0.637 -6.352 3.64932
0.638 -6.37915 3.64636
0.639 -6.38391 3.6271
0.64 -6.36626 3.59159
0.641 -6.32622 3.53995
0.642 -6.26396 3.47238
0.643 -6.17968 3.38911
0.644 -6.07371 3.29044
0.645 -5.94645 3.17676
0.646 -5.79838 3.04847
0.647 -5.63007 2.90607
0.648 -5.44217 2.75008
0.649 -5.23541 2.5811
0.65 -5.01059 2.39976
0.651 -4.76858 2.20676
0.652 -4.51033 2.00282
0.653 -4.23685 1.78872
0.654 -3.94921 1.56527
0.655 -3.64854 1.33333
0.656 -3.33601 1.09378
0.657 -3.01286 0.84754
0.658 -2.68036 0.595543
0.659 -2.33981 0.338755
0.66 -1.99256 0.0781583
0.661 -1.63998 -0.185251
0.662 -1.28346 -0.450464
0.663 -0.924407 -0.716467
0.664 -0.564239 -0.98224
0.665 -0.20438 -1.24677
0.666 0.153746 -1.50903
0.667 0.508722 -1.76804
0.668 0.859142 -2.02278
0.669 1.20362 -2.2723
0.67 1.54079 -2.51563
0.671 1.86933 -2.75185
0.672 2.18791 -2.98004
0.673 2.4953 -3.19934
0.674 2.79026 -3.40892
0.675 3.07164 -3.60796
0.676 3.33831 -3.79572
0.677 3.58923 -3.97148
0.678 3.8234 -4.13456
0.679 4.03989 -4.28435
0.68 4.23786 -4.42029
0.681 4.41653 -4.54186
0.682 4.57518 -4.6486
0.683 4.71321 -4.74012
0.684 4.83007 -4.81606
0.685 4.9253 -4.87616
0.686 4.99856 -4.92019
0.687 5.04954 -4.948
0.688 5.07808 -4.95949
0.689 5.08406 -4.95464
0.69 5.0675 -4.93347
0.691 5.02846 -4.89608
0.692 4.96714 -4.84264
0.693 4.88379 -4.77336
0.694 4.77877 -4.68852
0.695 4.65252 -4.58847
0.696 4.50558 -4.47361
0.697 4.33857 -4.3444
0.698 4.15217 -4.20134
0.699 3.94716 -4.045
0.7 3.72439 -3.876
0.701 3.48479 -3.695
0.702 3.22935 -3.50271
0.703 2.95913 -3.29988
0.704 2.67524 -3.08731
0.705 2.37886 -2.86582
0.706 2.07122 -2.63628
0.707 1.75358 -2.39956
0.708 1.42725 -2.1566
0.709 1.0936 -1.90832
0.71 0.754001 -1.65568
0.711 0.409854 -1.39967
0.712 0.0625864 -1.14125
0.713 -0.286363 -0.881416
0.714 -0.635548 -0.621164
0.715 -0.98352 -0.361482
0.716 -1.32883 -0.103357
0.717 -1.67005 0.152235
0.718 -2.00576 0.404329
0.719 -2.33456 0.651979
0.72 -2.65508 0.894258
0.721 -2.96598 1.13026
0.722 -3.26595 1.35912
0.723 -3.55375 1.57998
0.724 -3.82816 1.79205
0.725 -4.08803 1.99454
0.726 -4.33226 2.18673
0.727 -4.55981 2.36794
0.728 -4.76971 2.53752
0.729 -4.96108 2.69488
0.73 -5.13308 2.83948
0.731 -5.28497 2.97084
0.732 -5.41609 3.08852
0.733 -5.52585 3.19216
0.734 -5.61377 3.28143
0.735 -5.67942 3.35609
0.736 -5.72251 3.41593
0.737 -5.74281 3.46082
0.738 -5.74017 3.49069
0.739 -5.71456 3.50552
0.74 -5.66604 3.50538
0.741 -5.59475 3.49036
0.742 -5.50093 3.46065
0.743 -5.3849 3.41648
0.744 -5.2471 3.35814
0.745 -5.08802 3.28599
0.746 -4.90827 3.20042
0.747 -4.70852 3.1019
0.748 -4.48953 2.99094
0.749 -4.25214 2.86811
0.75 -3.99728 2.73401
0.751 -3.72592 2.58932
0.752 -3.43912 2.43471
0.753 -3.13799 2.27095
0.754 -2.82372 2.0988
0.755 -2.49753 1.91906
0.756 -2.1607 1.73259
0.757 -1.81456 1.54024
0.758 -1.46047 1.34291
0.759 -1.09982 1.14149
0.76 -0.734043 0.936922
0.761 -0.364574 0.730129
0.762 0.00712236 0.522055
0.763 0.379575 0.313646
0.764 0.751309 0.105844
0.765 1.12085 -0.100408
0.766 1.48674 -0.30418
0.767 1.84752 -0.50455
0.768 2.20176 -0.700615
0.769 2.54805 -0.891489
0.77 2.88503 -1.07631
0.771 3.21135 -1.25425
0.772 3.52571 -1.4245
0.773 3.82688 -1.58629
0.774 4.11365 -1.73889
0.775 4.38489 -1.8816
0.776 4.63952 -2.01377
0.777 4.87653 -2.13481
0.778 5.095 -2.24415
0.779 5.29404 -2.34129
0.78 5.47288 -2.42576
0.781 5.63082 -2.49719
0.782 5.76724 -2.55522
0.783 5.8816 -2.59956
0.784 5.97347 -2.62999
0.785 6.04249 -2.64635
0.786 6.0884 -2.64852
0.787 6.11103 -2.63646
0.788 6.11033 -2.61019
0.789 6.0863 -2.56979
0.79 6.03907 -2.51538
0.791 5.96885 -2.44717
0.792 5.87595 -2.36542
0.793 5.76077 -2.27044
0.794 5.62378 -2.1626
0.795 5.46558 -2.04233
0.796 5.28683 -1.91012
0.797 5.08827 -1.76649
0.798 4.87074 -1.61203
0.799 4.63514 -1.44737
0.8 4.38244 -1.27318
0.801 4.11371 -1.09018
0.802 3.83006 -0.899132
0.803 3.53266 -0.700817
0.804 3.22275 -0.496063
0.805 2.90161 -0.28572
0.806 2.57058 -0.0706671
0.807 2.23103 0.148196
0.808 1.88436 0.369952
0.809 1.53202 0.59367
0.81 1.17546 0.818407
0.811 0.816158 1.04321
0.812 0.455614 1.26714
0.813 0.0953194 1.48924
0.814 -0.263229 1.70856
0.815 -0.618541 1.92418
0.816 -0.969141 2.13517
0.817 -1.31357 2.34063
0.818 -1.65039 2.53967
0.819 -1.97821 2.73144
0.82 -2.29564 2.91511
0.821 -2.60138 3.08988
0.822 -2.89413 3.25498
0.823 -3.17268 3.40971
0.824 -3.43586 3.55337
0.825 -3.68255 3.68532
0.826 -3.91172 3.80498
0.827 -4.1224 3.91181
0.828 -4.3137 4.00531
0.829 -4.48481 4.08507
0.83 -4.63499 4.15068
0.831 -4.76359 4.20185
0.832 -4.87006 4.2383
0.833 -4.95394 4.25985
0.834 -5.01483 4.26634
0.835 -5.05247 4.25771
0.836 -5.06667 4.23394
0.837 -5.05733 4.19508
0.838 -5.02447 4.14124
0.839 -4.96819 4.0726
0.84 -4.88868 3.9894
0.841 -4.78624 3.89192
0.842 -4.66127 3.78054
0.843 -4.51424 3.65566
0.844 -4.34573 3.51776
0.845 -4.1564 3.36737
0.846 -3.947 3.20506
0.847 -3.71837 3.03147
0.848 -3.47141 2.84728
0.849 -3.20712 2.65322
0.85 -2.92655 2.45005
0.851 -2.63085 2.23857
0.852 -2.32119 2.01965
0.853 -1.99884 1.79414
0.854 -1.6651 1.56296
0.855 -1.32132 1.32704
0.856 -0.968911 1.08734
0.857 -0.6093 0.844818
0.858 -0.243956 0.600473
0.859 0.125625 0.355297
0.86 0.497932 0.110293
0.861 0.871437 -0.133534
0.862 1.24461 -0.375183
0.863 1.6159 -0.613658
0.864 1.98379 -0.847972
0.865 2.34676 -1.07716
0.866 2.70331 -1.30026
0.867 3.05194 -1.51634
0.868 3.39123 -1.72452
0.869 3.71975 -1.9239
0.87 4.03613 -2.11365
0.871 4.33904 -2.29297
0.872 4.62721 -2.46109
0.873 4.89942 -2.61731
0.874 5.15453 -2.76094
0.875 5.39144 -2.89137
0.876 5.60914 -3.00803
0.877 5.8067 -3.1104
0.878 5.98324 -3.19803
0.879 6.138 -3.27052
0.88 6.27029 -3.32754
0.881 6.37951 -3.36881
0.882 6.46515 -3.39412
0.883 6.5268 -3.40333
0.884 6.56414 -3.39636
0.885 6.57696 -3.37319
0.886 6.56512 -3.33388
0.887 6.52861 -3.27855
0.888 6.46751 -3.20738
0.889 6.38199 -3.12062
0.89 6.27232 -3.01859
0.891 6.13888 -2.90167
0.892 5.98214 -2.77029
0.893 5.80266 -2.62497
0.894 5.60108 -2.46625
0.895 5.37817 -2.29476
0.896 5.13474 -2.11117
0.897 4.87171 -1.91619
0.898 4.59008 -1.71061
0.899 4.29091 -1.49523
0.9 3.97535 -1.27092
0.901 3.6446 -1.03857
0.902 3.29994 -0.799126
0.903 2.9427 -0.553548
0.904 2.57424 -0.302832
0.905 2.19601 -0.0479995
0.906 1.80947 0.209911
0.907 1.41612 0.469842
0.908 1.01749 0.730726
0.909 0.615136 0.991487
0.91 0.210635 1.25104
0.911 -0.194437 1.50832
0.912 -0.598493 1.76224
0.913 -0.999951 2.01174
0.914 -1.39724 2.25577
0.915 -1.78879 2.4933
0.916 -2.17308 2.72331
0.917 -2.54859 2.94483
0.918 -2.91384 3.15689
0.919 -3.2674 3.35859
0.92 -3.60788 3.54903
0.921 -3.93394 3.72738
0.922 -4.2443 3.89285
0.923 -4.53773 4.04468
0.924 -4.81308 4.18218
0.925 -5.06926 4.30472
0.926 -5.30528 4.41169
0.927 -5.52019 4.50259
0.928 -5.71317 4.57695
0.929 -5.88344 4.63437
0.93 -6.03035 4.67451
0.931 -6.15332 4.69711
0.932 -6.25187 4.70196
0.933 -6.32563 4.68895
0.934 -6.37431 4.65801
0.935 -6.39773 4.60914
0.936 -6.39582 4.54243
0.937 -6.36859 4.45803
0.938 -6.31616 4.35616
0.939 -6.23876 4.23711
0.94 -6.13672 4.10124
0.941 -6.01045 3.94896
0.942 -5.86048 3.78077
0.943 -5.68742 3.59722
0.944 -5.49199 3.39893
0.945 -5.27497 3.18656
0.946 -5.03726 2.96085
0.947 -4.77983 2.72257
0.948 -4.50371 2.47257
0.949 -4.21005 2.21173
0.95 -3.90003 1.94097
0.951 -3.57491 1.66125
0.952 -3.23602 1.37359
0.953 -2.88473 1.07902
0.954 -2.52248 0.778597
0.955 -2.15074 0.473425
0.956 -1.77101 0.164611
0.957 -1.38486 -0.146715
0.958 -0.993842 -0.459414
0.959 -0.599558 -0.772336
0.96 -0.203611 -1.08433
0.961 0.192383 -1.39425
0.962 0.58681 -1.70094
0.963 0.97806 -2.00328
0.964 1.36454 -2.30014
0.965 1.74466 -2.59042
0.966 2.11687 -2.87305
0.967 2.47965 -3.14698
0.968 2.83151 -3.41118
0.969 3.171 -3.66469
0.97 3.49674 -3.90654
0.971 3.80738 -4.13586
0.972 4.10164 -4.35178
0.973 4.3783 -4.5535
0.974 4.63623 -4.74027
0.975 4.87434 -4.91141
0.976 5.09165 -5.06628
0.977 5.28724 -5.2043
0.978 5.4603 -5.32498
0.979 5.6101 -5.42787
0.98 5.73599 -5.5126
0.981 5.83743 -5.57886
0.982 5.91397 -5.62643
0.983 5.96527 -5.65513
0.984 5.99108 -5.66488
0.985 5.99126 -5.65566
0.986 5.96577 -5.62753
0.987 5.91467 -5.5806
0.988 5.83813 -5.5151
0.989 5.73641 -5.43127
0.99 5.60989 -5.32947
0.991 5.45903 -5.21011
0.992 5.2844 -5.07365
0.993 5.08666 -4.92065
0.994 4.86656 -4.7517
0.995 4.62496 -4.56749
0.996 4.36278 -4.36872
0.997 4.08104 -4.15618
0.998 3.78083 -3.93071
0.999 3.46331 -3.69318
1 3.12974 -3.44453
