0.001 2.48464e-008 1.28113e-008
0.002 2.36695e-007 1.02501e-007
0.003 1.16064e-006 4.2306e-007
0.004 3.9717e-006 1.23243e-006
0.005 1.07889e-005 2.89607e-006
0.006 2.49609e-005 5.89447e-006
0.007 5.13395e-005 1.08361e-005
0.008 9.65399e-005 1.84773e-005
0.009 0.000169185 2.97505e-005
0.01 0.000280128 4.5802e-005
0.011 0.000442662 6.804e-005
0.012 0.000672694 9.81944e-005
0.013 0.000988907 0.000138389
0.014 0.00141289 0.000191224
0.015 0.00196924 0.000259878
0.016 0.00268562 0.000348212
0.017 0.00359285 0.000460898
0.018 0.00472484 0.000603553
0.019 0.00611866 0.000782884
0.02 0.00781441 0.00100685
0.021 0.00985518 0.00128483
0.022 0.0122869 0.00162779
0.023 0.0151583 0.00204848
0.024 0.0185205 0.00256163
0.025 0.022427 0.0031841
0.026 0.0269335 0.00393512
0.027 0.0320973 0.00483645
0.028 0.0379773 0.0059126
0.029 0.0446337 0.00719095
0.03 0.0521274 0.008702
0.031 0.0605197 0.0104795
0.032 0.0698721 0.0125605
0.033 0.0802459 0.0149856
0.034 0.0917015 0.017799
0.035 0.104298 0.0210487
0.036 0.118093 0.0247864
0.037 0.133143 0.0290674
0.038 0.149499 0.0339511
0.039 0.167213 0.0395002
0.04 0.186331 0.0457815
0.041 0.206895 0.052865
0.042 0.228944 0.0608242
0.043 0.252513 0.069736
0.044 0.277628 0.0796798
0.045 0.304314 0.0907381
0.046 0.332587 0.102995
0.047 0.362458 0.116538
0.048 0.393932 0.131455
0.049 0.427005 0.147835
0.05 0.461667 0.165767
0.051 0.497902 0.185342
0.052 0.535684 0.20665
0.053 0.57498 0.229777
0.054 0.61575 0.25481
0.055 0.657945 0.281833
0.056 0.701508 0.310926
0.057 0.746374 0.342166
0.058 0.79247 0.375624
0.059 0.839715 0.411367
0.06 0.888021 0.449454
0.061 0.937291 0.489937
0.062 0.98742 0.532861
0.063 1.0383 0.578262
0.064 1.08981 0.626165
0.065 1.14182 0.676588
0.066 1.19421 0.729533
0.067 1.24683 0.784994
0.068 1.29955 0.842951
0.069 1.35222 0.903372
0.07 1.40469 0.966208
0.071 1.45679 1.0314
0.072 1.50837 1.09887
0.073 1.55928 1.16853
0.074 1.60934 1.24026
0.075 1.65839 1.31395
0.076 1.70626 1.38946
0.077 1.75279 1.46663
0.078 1.79781 1.54529
0.079 1.84115 1.62525
0.08 1.88266 1.70631
0.081 1.92217 1.78824
0.082 1.95953 1.87081
0.083 1.99458 1.95376
0.084 2.02717 2.03684
0.085 2.05716 2.11976
0.086 2.08441 2.20222
0.087 2.10879 2.28393
0.088 2.13018 2.36456
0.089 2.14846 2.4438
0.09 2.16352 2.52129
0.091 2.17526 2.59671
0.092 2.18359 2.66969
0.093 2.18843 2.73989
0.094 2.18971 2.80695
0.095 2.18737 2.87049
0.096 2.18136 2.93018
0.097 2.17164 2.98563
0.098 2.15818 3.03651
0.099 2.14097 3.08245
0.1 2.12 3.12312
0.101 2.09528 3.15817
0.102 2.06683 3.18729
0.103 2.03468 3.21016
0.104 1.99887 3.22648
0.105 1.95946 3.23598
0.106 1.91652 3.23838
0.107 1.87011 3.23345
0.108 1.82034 3.22096
0.109 1.76729 3.20072
0.11 1.71108 3.17255
0.111 1.65184 3.13631
0.112 1.58968 3.09187
0.113 1.52476 3.03916
0.114 1.45722 2.9781
0.115 1.38721 2.90867
0.116 1.31491 2.83088
0.117 1.24048 2.74477
0.118 1.16412 2.65041
0.119 1.08599 2.5479
0.12 1.00631 2.4374
0.121 0.925254 2.31908
0.122 0.843037 2.19316
0.123 0.759861 2.05988
0.124 0.675934 1.91953
0.125 0.591469 1.77243
0.126 0.506678 1.61893
0.127 0.421775 1.45942
0.128 0.336974 1.29433
0.129 0.25249 1.12409
0.13 0.168534 0.949193
0.131 0.0853183 0.770144
0.132 0.0030513 0.587477
0.133 -0.0780614 0.401753
0.134 -0.157818 0.213553
0.135 -0.23602 0.0234806
0.136 -0.312477 -0.167843
0.137 -0.386999 -0.359781
0.138 -0.459408 -0.551683
0.139 -0.529527 -0.742887
0.14 -0.597191 -0.932723
0.141 -0.66224 -1.12052
0.142 -0.724523 -1.30559
0.143 -0.783897 -1.48726
0.144 -0.840228 -1.66487
0.145 -0.893392 -1.83774
0.146 -0.943276 -2.0052
0.147 -0.989774 -2.16663
0.148 -1.03279 -2.32139
0.149 -1.07225 -2.46886
0.15 -1.10807 -2.60845
0.151 -1.14019 -2.73961
0.152 -1.16857 -2.86178
0.153 -1.19316 -2.97446
0.154 -1.21394 -3.07716
0.155 -1.23089 -3.16946
0.156 -1.244 -3.25093
0.157 -1.25329 -3.32121
0.158 -1.25877 -3.37998
0.159 -1.26047 -3.42695
0.16 -1.25844 -3.46188
0.161 -1.25272 -3.48459
0.162 -1.24337 -3.49491
0.163 -1.23048 -3.49276
0.164 -1.21413 -3.4781
0.165 -1.19441 -3.45092
0.166 -1.17143 -3.41128
0.167 -1.1453 -3.35928
0.168 -1.11615 -3.29508
0.169 -1.08412 -3.21888
0.17 -1.04933 -3.13095
0.171 -1.01196 -3.03158
0.172 -0.972147 -2.92114
0.173 -0.930068 -2.80003
0.174 -0.885896 -2.66869
0.175 -0.83981 -2.52762
0.176 -0.791998 -2.37735
0.177 -0.742651 -2.21846
0.178 -0.691969 -2.05157
0.179 -0.640152 -1.87733
0.18 -0.587408 -1.69643
0.181 -0.533947 -1.50958
0.182 -0.47998 -1.31752
0.183 -0.425724 -1.12104
0.184 -0.371396 -0.920913
0.185 -0.317213 -0.717961
0.186 -0.263395 -0.51301
0.187 -0.210159 -0.306898
0.188 -0.157724 -0.100476
0.189 -0.106306 0.105403
0.19 -0.0561197 0.309884
0.191 -0.00737689 0.512112
0.192 0.0397138 0.711239
0.193 0.0849478 0.906425
0.194 0.128125 1.09684
0.195 0.169051 1.28168
0.196 0.207536 1.46015
0.197 0.243397 1.63147
0.198 0.27646 1.79491
0.199 0.306557 1.94975
0.2 0.333527 2.09531
0.201 0.357221 2.23093
0.202 0.377497 2.35602
0.203 0.394224 2.46999
0.204 0.40728 2.57232
0.205 0.416558 2.66253
0.206 0.421957 2.74018
0.207 0.423392 2.80488
0.208 0.420789 2.8563
0.209 0.414087 2.89415
0.21 0.403239 2.91819
0.211 0.388208 2.92825
0.212 0.368976 2.92421
0.213 0.345536 2.90599
0.214 0.317894 2.87358
0.215 0.286074 2.82702
0.216 0.250112 2.76641
0.217 0.210061 2.6919
0.218 0.165985 2.60369
0.219 0.117967 2.50205
0.22 0.0661015 2.38728
0.221 0.0105001 2.25975
0.222 -0.0487127 2.11987
0.223 -0.111398 1.96811
0.224 -0.177401 1.80497
0.225 -0.246556 1.63099
0.226 -0.318682 1.44678
0.227 -0.393586 1.25297
0.228 -0.471061 1.05022
0.229 -0.550889 0.839248
0.23 -0.632841 0.620783
0.231 -0.716676 0.395592
0.232 -0.802143 0.164468
0.233 -0.888983 -0.071775
0.234 -0.976925 -0.312302
0.235 -1.06569 -0.55626
0.236 -1.155 -0.802785
0.237 -1.24456 -1.051
0.238 -1.33408 -1.30003
0.239 -1.42325 -1.54897
0.24 -1.51178 -1.79695
0.241 -1.59935 -2.04308
0.242 -1.68565 -2.28649
0.243 -1.77039 -2.52629
0.244 -1.85325 -2.76165
0.245 -1.93394 -2.9917
0.246 -2.01214 -3.21563
0.247 -2.08755 -3.43265
0.248 -2.1599 -3.64195
0.249 -2.22888 -3.84281
0.25 -2.29423 -4.03449
0.251 -2.35567 -4.21629
0.252 -2.41294 -4.38758
0.253 -2.46579 -4.54771
0.254 -2.51398 -4.69611
0.255 -2.55729 -4.83223
0.256 -2.5955 -4.95558
0.257 -2.62843 -5.06569
0.258 -2.65587 -5.16214
0.259 -2.67768 -5.24458
0.26 -2.6937 -5.31268
0.261 -2.7038 -5.36616
0.262 -2.70788 -5.4048
0.263 -2.70582 -5.42842
0.264 -2.69758 -5.4369
0.265 -2.68308 -5.43016
0.266 -2.66231 -5.40818
0.267 -2.63524 -5.37098
0.268 -2.6019 -5.31862
0.269 -2.5623 -5.25124
0.27 -2.5165 -5.16901
0.271 -2.46458 -5.07213
0.272 -2.40664 -4.96089
0.273 -2.34278 -4.83558
0.274 -2.27315 -4.69657
0.275 -2.1979 -4.54425
0.276 -2.11723 -4.37908
0.277 -2.03131 -4.20152
0.278 -1.94037 -4.01211
0.279 -1.84466 -3.8114
0.28 -1.74441 -3.59999
0.281 -1.63991 -3.37851
0.282 -1.53144 -3.14761
0.283 -1.4193 -2.908
0.284 -1.30381 -2.66037
0.285 -1.1853 -2.40549
0.286 -1.06411 -2.1441
0.287 -0.940594 -1.877
0.288 -0.815115 -1.60499
0.289 -0.688042 -1.32888
0.29 -0.559752 -1.04952
0.291 -0.430627 -0.767734
0.292 -0.301056 -0.484378
0.293 -0.171427 -0.200307
0.294 -0.0421304 0.0836225
0.295 0.0864421 0.366553
0.296 0.213902 0.647629
0.297 0.339863 0.926002
0.298 0.463944 1.20083
0.299 0.58577 1.47128
0.3 0.704972 1.73653
0.301 0.821192 1.99578
0.302 0.934079 2.24825
0.303 1.0433 2.49316
0.304 1.14852 2.72977
0.305 1.24944 2.95737
0.306 1.34576 3.17526
0.307 1.43719 3.38278
0.308 1.52349 3.5793
0.309 1.6044 3.76422
0.31 1.67969 3.93698
0.311 1.74918 4.09704
0.312 1.81267 4.24393
0.313 1.87 4.37719
0.314 1.92103 4.49642
0.315 1.96565 4.60126
0.316 2.00376 4.69139
0.317 2.03529 4.76654
0.318 2.0602 4.82648
0.319 2.07847 4.87104
0.32 2.0901 4.90009
0.321 2.09511 4.91355
0.322 2.09356 4.9114
0.323 2.08552 4.89364
0.324 2.07108 4.86036
0.325 2.05037 4.81168
0.326 2.02353 4.74776
0.327 1.99073 4.66884
0.328 1.95214 4.57518
0.329 1.90798 4.4671
0.33 1.85848 4.34498
0.331 1.80386 4.20924
0.332 1.74441 4.06033
0.333 1.6804 3.89878
0.334 1.61211 3.72512
0.335 1.53987 3.53997
0.336 1.46399 3.34396
0.337 1.38481 3.13776
0.338 1.30268 2.92209
0.339 1.21794 2.69771
0.34 1.13095 2.46539
0.341 1.0421 2.22595
0.342 0.951748 1.98023
0.343 0.860275 1.72909
0.344 0.768062 1.47344
0.345 0.67549 1.21417
0.346 0.582938 0.952218
0.347 0.490786 0.68852
0.348 0.399407 0.42403
0.349 0.309173 0.159707
0.35 0.220448 -0.103485
0.351 0.133587 -0.364582
0.352 0.0489392 -0.622621
0.353 -0.0331579 -0.876646
0.354 -0.112378 -1.12571
0.355 -0.188406 -1.36888
0.356 -0.260941 -1.60523
0.357 -0.329698 -1.83386
0.358 -0.394405 -2.05391
0.359 -0.454808 -2.26451
0.36 -0.51067 -2.46485
0.361 -0.561771 -2.65414
0.362 -0.607912 -2.83162
0.363 -0.648911 -2.99658
0.364 -0.684607 -3.14835
0.365 -0.714859 -3.2863
0.366 -0.739548 -3.40985
0.367 -0.758575 -3.51847
0.368 -0.771862 -3.61168
0.369 -0.779354 -3.68905
0.37 -0.781016 -3.75021
0.371 -0.776836 -3.79485
0.372 -0.766823 -3.82272
0.373 -0.751006 -3.83362
0.374 -0.729438 -3.82744
0.375 -0.702191 -3.80409
0.376 -0.669357 -3.76359
0.377 -0.631049 -3.70598
0.378 -0.5874 -3.6314
0.379 -0.53856 -3.54003
0.38 -0.484701 -3.43213
0.381 -0.426008 -3.30802
0.382 -0.362686 -3.16807
0.383 -0.294956 -3.01273
0.384 -0.223052 -2.84249
0.385 -0.147224 -2.65793
0.386 -0.0677364 -2.45965
0.387 0.0151363 -2.24833
0.388 0.101107 -2.0247
0.389 0.189877 -1.78953
0.39 0.281142 -1.54364
0.391 0.374585 -1.2879
0.392 0.469884 -1.02323
0.393 0.566711 -0.750567
0.394 0.664734 -0.470896
0.395 0.763615 -0.18523
0.396 0.863015 0.105388
0.397 0.962593 0.399893
0.398 1.06201 0.697203
0.399 1.16092 0.996217
0.4 1.25898 1.29582
0.401 1.35587 1.59491
0.402 1.45125 1.89235
0.403 1.54479 2.18703
0.404 1.63617 2.47783
0.405 1.72508 2.76367
0.406 1.81121 3.04344
0.407 1.89426 3.31608
0.408 1.97396 3.58056
0.409 2.05002 3.83585
0.41 2.12218 4.08096
0.411 2.19018 4.31497
0.412 2.25379 4.53694
0.413 2.31279 4.74602
0.414 2.36696 4.9414
0.415 2.4161 5.12229
0.416 2.46004 5.28799
0.417 2.49862 5.43784
0.418 2.53168 5.57124
0.419 2.55909 5.68764
0.42 2.58075 5.78657
0.421 2.59656 5.86762
0.422 2.60643 5.93045
0.423 2.61032 5.97479
0.424 2.60817 6.00042
0.425 2.59998 6.00721
0.426 2.58572 5.9951
0.427 2.56542 5.96409
0.428 2.53911 5.91427
0.429 2.50684 5.84578
0.43 2.46867 5.75885
0.431 2.42469 5.65376
0.432 2.37501 5.53086
0.433 2.31974 5.39059
0.434 2.25903 5.23343
0.435 2.19302 5.05994
0.436 2.12188 4.87072
0.437 2.04581 4.66644
0.438 1.96499 4.44784
0.439 1.87963 4.21569
0.44 1.78998 3.97082
0.441 1.69626 3.7141
0.442 1.59873 3.44644
0.443 1.49765 3.16881
0.444 1.39329 2.88219
0.445 1.28593 2.58759
0.446 1.17588 2.28607
0.447 1.06342 1.9787
0.448 0.948861 1.66656
0.449 0.832522 1.35074
0.45 0.714719 1.03237
0.451 0.595773 0.712557
0.452 0.47601 0.392412
0.453 0.355758 0.0730479
0.454 0.235347 -0.244431
0.455 0.115104 -0.558934
0.456 -0.00463973 -0.869387
0.457 -0.123559 -1.17474
0.458 -0.241329 -1.47396
0.459 -0.357629 -1.76604
0.46 -0.472145 -2.05003
0.461 -0.584566 -2.32499
0.462 -0.694589 -2.59002
0.463 -0.80192 -2.84429
0.464 -0.906272 -3.08698
0.465 -1.00737 -3.31733
0.466 -1.10494 -3.53466
0.467 -1.19874 -3.73829
0.468 -1.28851 -3.92765
0.469 -1.37404 -4.10219
0.47 -1.4551 -4.26143
0.471 -1.53149 -4.40495
0.472 -1.60303 -4.53241
0.473 -1.66955 -4.6435
0.474 -1.73089 -4.738
0.475 -1.78691 -4.81574
0.476 -1.8375 -4.87661
0.477 -1.88255 -4.92058
0.478 -1.92198 -4.94767
0.479 -1.95573 -4.95797
0.48 -1.98374 -4.95162
0.481 -2.006 -4.92883
0.482 -2.02249 -4.88987
0.483 -2.03322 -4.83507
0.484 -2.03823 -4.76479
0.485 -2.03756 -4.67949
0.486 -2.03128 -4.57963
0.487 -2.01948 -4.46577
0.488 -2.00227 -4.33847
0.489 -1.97977 -4.19836
0.49 -1.95212 -4.04611
0.491 -1.91947 -3.88242
0.492 -1.88201 -3.70804
0.493 -1.83993 -3.52372
0.494 -1.79343 -3.33028
0.495 -1.74273 -3.12853
0.496 -1.68808 -2.91933
0.497 -1.62972 -2.70354
0.498 -1.5679 -2.48203
0.499 -1.50292 -2.25571
0.5 -1.43504 -2.02546
0.501 -1.36457 -1.7922
0.502 -1.29179 -1.55683
0.503 -1.21703 -1.32026
0.504 -1.14059 -1.08339
0.505 -1.0628 -0.847096
0.506 -0.983972 -0.612268
0.507 -0.90444 -0.379768
0.508 -0.824529 -0.150441
0.509 -0.744566 0.0748871
0.51 -0.664878 0.295415
0.511 -0.585789 0.510365
0.512 -0.507618 0.718992
0.513 -0.430683 0.920579
0.514 -0.355294 1.11444
0.515 -0.281752 1.29993
0.516 -0.210353 1.47643
0.517 -0.141383 1.64338
0.518 -0.0751168 1.80024
0.519 -0.0118172 1.94651
0.52 0.0482642 2.08176
0.521 0.10489 2.20557
0.522 0.157836 2.31759
0.523 0.206896 2.4175
0.524 0.251875 2.50503
0.525 0.292601 2.57996
0.526 0.328913 2.64212
0.527 0.360672 2.69138
0.528 0.387757 2.72765
0.529 0.410064 2.7509
0.53 0.427512 2.76114
0.531 0.440035 2.75843
0.532 0.447591 2.74285
0.533 0.450155 2.71456
0.534 0.447724 2.67375
0.535 0.440314 2.62063
0.536 0.427961 2.55548
0.537 0.410722 2.47861
0.538 0.388673 2.39035
0.539 0.361907 2.29109
0.54 0.330538 2.18125
0.541 0.294699 2.06126
0.542 0.254538 1.93162
0.543 0.210222 1.79283
0.544 0.161933 1.64541
0.545 0.109871 1.48994
0.546 0.0542479 1.327
0.547 -0.00470913 1.15718
0.548 -0.0667603 0.981117
0.549 -0.131654 0.799444
0.55 -0.199127 0.612818
0.551 -0.268908 0.421904
0.552 -0.340715 0.22738
0.553 -0.414259 0.0299296
0.554 -0.489247 -0.169756
0.555 -0.565378 -0.370982
0.556 -0.642348 -0.573053
0.557 -0.719851 -0.775276
0.558 -0.797578 -0.976957
0.559 -0.875222 -1.17741
0.56 -0.952475 -1.37596
0.561 -1.02903 -1.57193
0.562 -1.10459 -1.76466
0.563 -1.17886 -1.95351
0.564 -1.25154 -2.13785
0.565 -1.32235 -2.31706
0.566 -1.39101 -2.49054
0.567 -1.45727 -2.65774
0.568 -1.52085 -2.81808
0.569 -1.58151 -2.97105
0.57 -1.63902 -3.11613
0.571 -1.69316 -3.25286
0.572 -1.74372 -3.38079
0.573 -1.79051 -3.49949
0.574 -1.83334 -3.60858
0.575 -1.87205 -3.7077
0.576 -1.90649 -3.79654
0.577 -1.93654 -3.87479
0.578 -1.96208 -3.94221
0.579 -1.98301 -3.99857
0.58 -1.99925 -4.04369
0.581 -2.01075 -4.07743
0.582 -2.01744 -4.09968
0.583 -2.01932 -4.11035
0.584 -2.01636 -4.10942
0.585 -2.00858 -4.09688
0.586 -1.996 -4.07278
0.587 -1.97867 -4.0372
0.588 -1.95663 -3.99024
0.589 -1.92998 -3.93206
0.59 -1.89879 -3.86284
0.591 -1.86317 -3.78281
0.592 -1.82324 -3.69223
0.593 -1.77915 -3.59139
0.594 -1.73102 -3.48061
0.595 -1.67903 -3.36025
0.596 -1.62335 -3.2307
0.597 -1.56415 -3.09238
0.598 -1.50164 -2.94573
0.599 -1.43601 -2.79124
0.6 -1.36747 -2.6294
0.601 -1.29624 -2.46074
0.602 -1.22254 -2.2858
0.603 -1.14661 -2.10515
0.604 -1.06868 -1.91938
0.605 -0.988981 -1.72909
0.606 -0.907759 -1.53489
0.607 -0.825253 -1.33742
0.608 -0.741708 -1.13731
0.609 -0.657365 -0.935216
0.61 -0.572465 -0.731788
0.611 -0.487248 -0.527683
0.612 -0.401949 -0.32356
0.613 -0.316802 -0.120077
0.614 -0.232034 0.0821129
0.615 -0.147869 0.282361
0.616 -0.0645224 0.480026
0.617 0.0177952 0.67448
0.618 0.0988812 0.865105
0.619 0.178541 1.0513
0.62 0.256589 1.23248
0.621 0.332848 1.40808
0.622 0.40715 1.57755
0.623 0.479338 1.74038
0.624 0.549265 1.89607
0.625 0.616794 2.04416
0.626 0.6818 2.1842
0.627 0.744169 2.31579
0.628 0.803798 2.43856
0.629 0.860594 2.55216
0.63 0.914477 2.6563
0.631 0.96538 2.75069
0.632 1.01324 2.83512
0.633 1.05803 2.9094
0.634 1.09969 2.97336
0.635 1.13821 3.02689
0.636 1.17358 3.06993
0.637 1.20579 3.10244
0.638 1.23486 3.12443
0.639 1.2608 3.13595
0.64 1.28364 3.13709
0.641 1.30342 3.12799
0.642 1.32019 3.10881
0.643 1.334 3.07976
0.644 1.34492 3.04109
0.645 1.35301 2.99308
0.646 1.35837 2.93606
0.647 1.36107 2.87037
0.648 1.3612 2.79641
0.649 1.35888 2.71459
0.65 1.35418 2.62536
0.651 1.34724 2.5292
0.652 1.33815 2.4266
0.653 1.32703 2.3181
0.654 1.31401 2.20423
0.655 1.2992 2.08556
0.656 1.28273 1.96267
0.657 1.26472 1.83615
0.658 1.2453 1.70661
0.659 1.2246 1.57466
0.66 1.20274 1.44091
0.661 1.17986 1.30599
0.662 1.15607 1.17052
0.663 1.13151 1.03511
0.664 1.10629 0.900385
0.665 1.08055 0.766946
0.666 1.0544 0.635388
0.667 1.02795 0.506291
0.668 1.00134 0.380222
0.669 0.974653 0.257727
0.67 0.948015 0.139335
0.671 0.921525 0.0255469
0.672 0.895286 -0.0831569
0.673 0.869393 -0.186326
0.674 0.843939 -0.283537
0.675 0.819013 -0.3744
0.676 0.794698 -0.458557
0.677 0.771072 -0.535681
0.678 0.74821 -0.605486
0.679 0.726181 -0.667717
0.68 0.705048 -0.72216
0.681 0.68487 -0.768639
0.682 0.665702 -0.807016
0.683 0.647591 -0.837193
0.684 0.630581 -0.859111
0.685 0.614711 -0.872752
0.686 0.600014 -0.878136
0.687 0.586517 -0.875323
0.688 0.574243 -0.864413
0.689 0.563211 -0.84554
0.69 0.553434 -0.81888
0.691 0.544918 -0.784642
0.692 0.537669 -0.74307
0.693 0.531684 -0.694443
0.694 0.526956 -0.639069
0.695 0.523477 -0.57729
0.696 0.521229 -0.509472
0.697 0.520195 -0.43601
0.698 0.520351 -0.357324
0.699 0.52167 -0.273852
0.7 0.524119 -0.186056
0.701 0.527665 -0.0944121
0.702 0.532269 0.000586769
0.703 0.537889 0.0984364
0.704 0.544479 0.198623
0.705 0.551991 0.300624
0.706 0.560376 0.403916
0.707 0.569577 0.50797
0.708 0.57954 0.61226
0.709 0.590206 0.716262
0.71 0.601513 0.819459
0.711 0.6134 0.921342
0.712 0.625801 1.02141
0.713 0.63865 1.11919
0.714 0.651881 1.2142
0.715 0.665425 1.306
0.716 0.679211 1.39415
0.717 0.693171 1.47824
0.718 0.707233 1.5579
0.719 0.721326 1.63275
0.72 0.73538 1.70247
0.721 0.749324 1.76676
0.722 0.763086 1.82533
0.723 0.776599 1.87795
0.724 0.789792 1.92441
0.725 0.802598 1.96452
0.726 0.81495 1.99814
0.727 0.826783 2.02517
0.728 0.838033 2.04551
0.729 0.848639 2.05913
0.73 0.858542 2.06601
0.731 0.867685 2.06619
0.732 0.876012 2.05971
0.733 0.883473 2.04666
0.734 0.890017 2.02717
0.735 0.8956 2.00138
0.736 0.900178 1.96948
0.737 0.903712 1.93167
0.738 0.906166 1.88818
0.739 0.907508 1.83928
0.74 0.907709 1.78526
0.741 0.906744 1.7264
0.742 0.904593 1.66306
0.743 0.901238 1.59555
0.744 0.896668 1.52425
0.745 0.890873 1.44953
0.746 0.883848 1.37178
0.747 0.875594 1.29139
0.748 0.866113 1.20875
0.749 0.855414 1.12429
0.75 0.843508 1.03841
0.751 0.830411 0.951529
0.752 0.816141 0.864046
0.753 0.800724 0.776374
0.754 0.784184 0.688913
0.755 0.766553 0.602057
0.756 0.747865 0.516189
0.757 0.728156 0.43168
0.758 0.707466 0.34889
0.759 0.685839 0.268161
0.76 0.663318 0.189818
0.761 0.639953 0.11417
0.762 0.615792 0.0415035
0.763 0.590887 -0.0279149
0.764 0.565292 -0.0938415
0.765 0.53906 -0.156056
0.766 0.512248 -0.214362
0.767 0.484911 -0.268589
0.768 0.457107 -0.318592
0.769 0.428892 -0.364251
0.77 0.400323 -0.405475
0.771 0.371456 -0.442197
0.772 0.342347 -0.474378
0.773 0.313051 -0.502006
0.774 0.283621 -0.525094
0.775 0.25411 -0.543684
0.776 0.224566 -0.557838
0.777 0.195039 -0.567648
0.778 0.165573 -0.573228
0.779 0.136213 -0.574714
0.78 0.106999 -0.572265
0.781 0.0779682 -0.566062
0.782 0.0491555 -0.556303
0.783 0.0205921 -0.543206
0.784 -0.00769388 -0.527007
0.785 -0.035678 -0.507956
0.786 -0.0633393 -0.486316
0.787 -0.0906604 -0.462364
0.788 -0.117628 -0.436387
0.789 -0.144231 -0.408683
0.79 -0.170464 -0.379553
0.791 -0.196325 -0.349307
0.792 -0.221813 -0.318258
0.793 -0.246934 -0.286721
0.794 -0.271694 -0.255011
0.795 -0.296105 -0.223443
0.796 -0.320182 -0.192326
0.797 -0.343939 -0.161967
0.798 -0.367398 -0.132665
0.799 -0.39058 -0.104714
0.8 -0.413509 -0.0783958
0.801 -0.43621 -0.0539819
0.802 -0.458713 -0.0317322
0.803 -0.481045 -0.0118932
0.804 -0.503237 0.00530347
0.805 -0.52532 0.0196417
0.806 -0.547323 0.0309222
0.807 -0.569279 0.0389634
0.808 -0.591218 0.043602
0.809 -0.61317 0.0446942
0.81 -0.635164 0.0421158
0.811 -0.657227 0.0357629
0.812 -0.679386 0.0255524
0.813 -0.701663 0.0114223
0.814 -0.724081 -0.00666832
0.815 -0.746657 -0.0287391
0.816 -0.769407 -0.0547882
0.817 -0.792343 -0.0847927
0.818 -0.815474 -0.118709
0.819 -0.838804 -0.156472
0.82 -0.862334 -0.197998
0.821 -0.88606 -0.243182
0.822 -0.909974 -0.2919
0.823 -0.934062 -0.34401
0.824 -0.958307 -0.399353
0.825 -0.982686 -0.457751
0.826 -1.00717 -0.519012
0.827 -1.03173 -0.582927
0.828 -1.05633 -0.649275
0.829 -1.08092 -0.71782
0.83 -1.10545 -0.788316
0.831 -1.12989 -0.860503
0.832 -1.15416 -0.934114
0.833 -1.1782 -1.00887
0.834 -1.20196 -1.08449
0.835 -1.22536 -1.16069
0.836 -1.24833 -1.23717
0.837 -1.27079 -1.31362
0.838 -1.29267 -1.38976
0.839 -1.31387 -1.46528
0.84 -1.33433 -1.53987
0.841 -1.35394 -1.61324
0.842 -1.37263 -1.68509
0.843 -1.3903 -1.75513
0.844 -1.40686 -1.82306
0.845 -1.42223 -1.8886
0.846 -1.43632 -1.95147
0.847 -1.44903 -2.01141
0.848 -1.46029 -2.06816
0.849 -1.47001 -2.12147
0.85 -1.4781 -2.17109
0.851 -1.4845 -2.21681
0.852 -1.48911 -2.2584
0.853 -1.49189 -2.29567
0.854 -1.49275 -2.32843
0.855 -1.49164 -2.35651
0.856 -1.4885 -2.37974
0.857 -1.48329 -2.398
0.858 -1.47597 -2.41115
0.859 -1.46649 -2.41909
0.86 -1.45483 -2.42172
0.861 -1.44098 -2.41898
0.862 -1.42491 -2.4108
0.863 -1.40663 -2.39715
0.864 -1.38614 -2.37801
0.865 -1.36346 -2.35339
0.866 -1.3386 -2.32328
0.867 -1.3116 -2.28774
0.868 -1.2825 -2.24682
0.869 -1.25135 -2.20058
0.87 -1.2182 -2.14913
0.871 -1.18314 -2.09255
0.872 -1.14622 -2.031
0.873 -1.10755 -1.96459
0.874 -1.0672 -1.8935
0.875 -1.02529 -1.8179
0.876 -0.981918 -1.73799
0.877 -0.937209 -1.65396
0.878 -0.891284 -1.56605
0.879 -0.844276 -1.4745
0.88 -0.796321 -1.37954
0.881 -0.747562 -1.28146
0.882 -0.698147 -1.18052
0.883 -0.64823 -1.07702
0.884 -0.597966 -0.971256
0.885 -0.547516 -0.863538
0.886 -0.497042 -0.754188
0.887 -0.446707 -0.643533
0.888 -0.396679 -0.53191
0.889 -0.347122 -0.419662
0.89 -0.298202 -0.307136
0.891 -0.250084 -0.194687
0.892 -0.20293 -0.0826696
0.893 -0.156901 0.0285562
0.894 -0.112154 0.13863
0.895 -0.0688416 0.247192
0.896 -0.0271116 0.353881
0.897 0.012893 0.45834
0.898 0.0510359 0.560215
0.899 0.0871875 0.659156
0.9 0.121226 0.754819
0.901 0.153036 0.846866
0.902 0.182514 0.934968
0.903 0.209564 1.0188
0.904 0.234098 1.09807
0.905 0.256042 1.17246
0.906 0.27533 1.2417
0.907 0.291907 1.3055
0.908 0.305731 1.36363
0.909 0.31677 1.41584
0.91 0.325006 1.46191
0.911 0.330431 1.50164
0.912 0.33305 1.53484
0.913 0.33288 1.56136
0.914 0.329951 1.58105
0.915 0.324305 1.5938
0.916 0.315995 1.59952
0.917 0.305088 1.59813
0.918 0.291661 1.58959
0.919 0.275803 1.57389
0.92 0.257615 1.55103
0.921 0.237208 1.52104
0.922 0.214703 1.484
0.923 0.190233 1.43997
0.924 0.163938 1.3891
0.925 0.135967 1.33151
0.926 0.10648 1.26738
0.927 0.0756414 1.1969
0.928 0.0436244 1.12032
0.929 0.0106078 1.03788
0.93 -0.0232239 0.949852
0.931 -0.0576815 0.856557
0.932 -0.0925718 0.758321
0.933 -0.127698 0.655501
0.934 -0.162863 0.548478
0.935 -0.197865 0.437653
0.936 -0.232503 0.323451
0.937 -0.266578 0.206318
0.938 -0.299888 0.0867143
0.939 -0.332238 -0.0348778
0.94 -0.36343 -0.157962
0.941 -0.393274 -0.282029
0.942 -0.421583 -0.406555
0.943 -0.448174 -0.531007
0.944 -0.47287 -0.654844
0.945 -0.495503 -0.777517
0.946 -0.515909 -0.898475
0.947 -0.533935 -1.01716
0.948 -0.549435 -1.13302
0.949 -0.562272 -1.24551
0.95 -0.57232 -1.35407
0.951 -0.579463 -1.45816
0.952 -0.583595 -1.55726
0.953 -0.584624 -1.65084
0.954 -0.582466 -1.73839
0.955 -0.577052 -1.81943
0.956 -0.568325 -1.89349
0.957 -0.556239 -1.96011
0.958 -0.540763 -2.01887
0.959 -0.521877 -2.06936
0.96 -0.499576 -2.11122
0.961 -0.473867 -2.14409
0.962 -0.444772 -2.16766
0.963 -0.412322 -2.18165
0.964 -0.376566 -2.18581
0.965 -0.337563 -2.17993
0.966 -0.295384 -2.16385
0.967 -0.250116 -2.13742
0.968 -0.201854 -2.10055
0.969 -0.150707 -2.0532
0.97 -0.0967953 -1.99535
0.971 -0.0402496 -1.92704
0.972 0.0187885 -1.84834
0.973 0.0801676 -1.75938
0.974 0.143727 -1.66031
0.975 0.209296 -1.55135
0.976 0.276698 -1.43274
0.977 0.345746 -1.30478
0.978 0.416247 -1.16781
0.979 0.488003 -1.0222
0.98 0.560808 -0.868378
0.981 0.634453 -0.706794
0.982 0.708724 -0.537946
0.983 0.783403 -0.362364
0.984 0.85827 -0.180617
0.985 0.933103 0.00669852
0.986 1.00768 0.198953
0.987 1.08177 0.395488
0.988 1.15516 0.595623
0.989 1.22762 0.798649
0.99 1.29893 1.00384
0.991 1.36888 1.21046
0.992 1.43724 1.41774
0.993 1.50381 1.62491
0.994 1.56839 1.83119
0.995 1.63076 2.03581
0.996 1.69073 2.23797
0.997 1.74812 2.43689
0.998 1.80274 2.63178
0.999 1.85442 2.82188
1 1.90299 3.00642
