0.001 3.4268e-008 2.50057e-009
0.002 3.11874e-007 2.00878e-008
0.003 1.46966e-006 8.33927e-008
0.004 4.86649e-006 2.44858e-007
0.005 1.2874e-005 5.8126e-007
0.006 2.91575e-005 1.19793e-006
0.007 5.89437e-005 2.23513e-006
0.008 0.000109275 3.87699e-006
0.009 0.000189242 6.36342e-006
0.01 0.000310206 1.00054e-005
0.011 0.000485986 1.52036e-005
0.012 0.000733032 2.24715e-005
0.013 0.00107057 3.24621e-005
0.014 0.00152073 4.5999e-005
0.015 0.00210861 6.41124e-005
0.016 0.00286235 8.8079e-005
0.017 0.00381317 0.000119467
0.018 0.00499536 0.000160184
0.019 0.00644623 0.000212532
0.02 0.00820604 0.000279266
0.021 0.0103179 0.000363653
0.022 0.0128278 0.000469537
0.023 0.0157839 0.000601412
0.024 0.0192372 0.00076449
0.025 0.0232405 0.000964775
0.026 0.0278485 0.00120914
0.027 0.0331176 0.00150541
0.028 0.0391053 0.00186242
0.029 0.04587 0.00229012
0.03 0.0534709 0.00279964
0.031 0.0619669 0.00340336
0.032 0.071417 0.00411499
0.033 0.0818793 0.00494965
0.034 0.0934109 0.00592392
0.035 0.106067 0.00705591
0.036 0.119901 0.00836533
0.037 0.134964 0.00987351
0.038 0.151303 0.0116035
0.039 0.168962 0.01358
0.04 0.187982 0.0158295
0.041 0.208398 0.0183803
0.042 0.230242 0.0212623
0.043 0.253538 0.0245074
0.044 0.278305 0.0281491
0.045 0.304558 0.0322226
0.046 0.332303 0.0367649
0.047 0.361538 0.0418143
0.048 0.392257 0.0474112
0.049 0.424444 0.0535969
0.05 0.458075 0.0604144
0.051 0.493119 0.0679077
0.052 0.529535 0.0761223
0.053 0.567275 0.0851042
0.054 0.60628 0.0949006
0.055 0.646486 0.105559
0.056 0.687816 0.117127
0.057 0.730186 0.129654
0.058 0.773504 0.143188
0.059 0.817668 0.157776
0.06 0.862568 0.173467
0.061 0.908087 0.190307
0.062 0.954097 0.208342
0.063 1.00046 0.227616
0.064 1.04705 0.248173
0.065 1.0937 0.270053
0.066 1.14027 0.293295
0.067 1.18659 0.317935
0.068 1.23249 0.344007
0.069 1.27782 0.37154
0.07 1.32238 0.400562
0.071 1.36601 0.431095
0.072 1.40852 0.463157
0.073 1.44973 0.496763
0.074 1.48946 0.531923
0.075 1.52752 0.56864
0.076 1.56373 0.606912
0.077 1.5979 0.646734
0.078 1.62986 0.688092
0.079 1.65943 0.730966
0.08 1.68643 0.775331
0.081 1.7107 0.821155
0.082 1.73208 0.868398
0.083 1.75041 0.917014
0.084 1.76555 0.966948
0.085 1.77735 1.01814
0.086 1.78569 1.07052
0.087 1.79045 1.12401
0.088 1.79152 1.17853
0.089 1.7888 1.23398
0.09 1.78221 1.29028
0.091 1.77169 1.3473
0.092 1.75717 1.40493
0.093 1.73861 1.46305
0.094 1.716 1.52154
0.095 1.68931 1.58026
0.096 1.65855 1.63905
0.097 1.62375 1.69778
0.098 1.58495 1.75628
0.099 1.5422 1.81439
0.1 1.49557 1.87195
0.101 1.44515 1.92878
0.102 1.39105 1.98471
0.103 1.3334 2.03954
0.104 1.27234 2.0931
0.105 1.20802 2.14519
0.106 1.14062 2.19563
0.107 1.07033 2.24422
0.108 0.997356 2.29077
0.109 0.921922 2.33507
0.11 0.844262 2.37694
0.111 0.764625 2.41617
0.112 0.683274 2.45258
0.113 0.600483 2.48598
0.114 0.516537 2.51617
0.115 0.431732 2.54297
0.116 0.346372 2.5662
0.117 0.26077 2.5857
0.118 0.175245 2.60128
0.119 0.0901215 2.61278
0.12 0.00572885 2.62007
0.121 -0.0776013 2.62298
0.122 -0.159536 2.62139
0.123 -0.23974 2.61516
0.124 -0.317883 2.60419
0.125 -0.393635 2.58837
0.126 -0.46667 2.56761
0.127 -0.536667 2.54183
0.128 -0.603316 2.51097
0.129 -0.66631 2.47498
0.13 -0.725355 2.43382
0.131 -0.780168 2.38748
0.132 -0.83048 2.33594
0.133 -0.876032 2.27922
0.134 -0.916586 2.21734
0.135 -0.951915 2.15036
0.136 -0.981815 2.07833
0.137 -1.0061 2.00134
0.138 -1.0246 1.91948
0.139 -1.03717 1.83286
0.14 -1.04368 1.74161
0.141 -1.04404 1.6459
0.142 -1.03817 1.54587
0.143 -1.02602 1.44172
0.144 -1.00756 1.33364
0.145 -0.982792 1.22186
0.146 -0.951736 1.10661
0.147 -0.914447 0.98813
0.148 -0.871001 0.866692
0.149 -0.821506 0.742573
0.15 -0.76609 0.616067
0.151 -0.704914 0.487479
0.152 -0.638161 0.357129
0.153 -0.566041 0.225345
0.154 -0.48879 0.0924701
0.155 -0.406669 -0.0411469
0.156 -0.319963 -0.175147
0.157 -0.228979 -0.309162
0.158 -0.134048 -0.442821
0.159 -0.035521 -0.575745
0.16 0.066229 -0.707551
0.161 0.170812 -0.837855
0.162 0.277819 -0.96627
0.163 0.386825 -1.09241
0.164 0.497392 -1.21589
0.165 0.609068 -1.33633
0.166 0.721388 -1.45334
0.167 0.83388 -1.56656
0.168 0.946062 -1.67562
0.169 1.05745 -1.78015
0.17 1.16755 -1.87982
0.171 1.27587 -1.97427
0.172 1.38192 -2.0632
0.173 1.4852 -2.14627
0.174 1.58523 -2.22321
0.175 1.68154 -2.29371
0.176 1.77364 -2.35753
0.177 1.86108 -2.41441
0.178 1.9434 -2.46414
0.179 2.02017 -2.50649
0.18 2.09097 -2.5413
0.181 2.1554 -2.5684
0.182 2.21307 -2.58765
0.183 2.26363 -2.59894
0.184 2.30674 -2.60218
0.185 2.34209 -2.59732
0.186 2.36939 -2.58431
0.187 2.38839 -2.56316
0.188 2.39887 -2.53387
0.189 2.40062 -2.49649
0.19 2.39348 -2.45111
0.191 2.37732 -2.39781
0.192 2.35204 -2.33674
0.193 2.31759 -2.26805
0.194 2.27394 -2.19191
0.195 2.22109 -2.10856
0.196 2.1591 -2.01822
0.197 2.08803 -1.92115
0.198 2.00803 -1.81766
0.199 1.91923 -1.70806
0.2 1.82184 -1.59268
0.201 1.71607 -1.47189
0.202 1.6022 -1.34608
0.203 1.48052 -1.21564
0.204 1.35137 -1.08101
0.205 1.21511 -0.94263
0.206 1.07213 -0.80096
0.207 0.922878 -0.656477
0.208 0.767795 -0.509672
0.209 0.607372 -0.361048
0.21 0.44212 -0.211121
0.211 0.272575 -0.0604129
0.212 0.0992938 0.0905452
0.213 -0.0771435 0.241217
0.214 -0.256141 0.391062
0.215 -0.437084 0.53954
0.216 -0.619347 0.686107
0.217 -0.802292 0.830225
0.218 -0.98527 0.971358
0.219 -1.16763 1.10898
0.22 -1.34871 1.24256
0.221 -1.52785 1.37159
0.222 -1.70439 1.49557
0.223 -1.87769 1.61402
0.224 -2.04708 1.72646
0.225 -2.21194 1.83244
0.226 -2.37163 1.93152
0.227 -2.52554 2.0233
0.228 -2.67308 2.10737
0.229 -2.81366 2.18337
0.23 -2.94674 2.25096
0.231 -3.07177 2.30983
0.232 -3.18826 2.35968
0.233 -3.29573 2.40026
0.234 -3.39374 2.43134
0.235 -3.48186 2.45273
0.236 -3.55974 2.46427
0.237 -3.62701 2.46583
0.238 -3.68338 2.45731
0.239 -3.72859 2.43865
0.24 -3.76241 2.40983
0.241 -3.78467 2.37087
0.242 -3.79521 2.3218
0.243 -3.79397 2.26272
0.244 -3.78087 2.19373
0.245 -3.75592 2.11501
0.246 -3.71917 2.02673
0.247 -3.6707 1.92912
0.248 -3.61064 1.82244
0.249 -3.53917 1.70698
0.25 -3.45653 1.58308
0.251 -3.36297 1.45108
0.252 -3.2588 1.31137
0.253 -3.1444 1.16438
0.254 -3.02014 1.01055
0.255 -2.88647 0.850345
0.256 -2.74387 0.68427
0.257 -2.59285 0.512846
0.258 -2.43396 0.336613
0.259 -2.26778 0.156134
0.26 -2.09493 -0.0280086
0.261 -1.91604 -0.21522
0.262 -1.7318 -0.40489
0.263 -1.54288 -0.596396
0.264 -1.35002 -0.789107
0.265 -1.15394 -0.982384
0.266 -0.955393 -1.17558
0.267 -0.755148 -1.36806
0.268 -0.553977 -1.55916
0.269 -0.352662 -1.74825
0.27 -0.151988 -1.93469
0.271 0.0472573 -2.11783
0.272 0.244289 -2.29706
0.273 0.438327 -2.47176
0.274 0.628601 -2.64134
0.275 0.814351 -2.8052
0.276 0.994832 -2.96279
0.277 1.16932 -3.11355
0.278 1.33709 -3.25697
0.279 1.49749 -3.39255
0.28 1.64984 -3.51981
0.281 1.79351 -3.6383
0.282 1.92792 -3.74762
0.283 2.0525 -3.84737
0.284 2.16673 -3.93721
0.285 2.27012 -4.01682
0.286 2.36222 -4.08591
0.287 2.44264 -4.14424
0.288 2.51102 -4.19161
0.289 2.56706 -4.22784
0.29 2.61048 -4.2528
0.291 2.64108 -4.26641
0.292 2.6587 -4.2686
0.293 2.66323 -4.25938
0.294 2.6546 -4.23876
0.295 2.63283 -4.20682
0.296 2.59795 -4.16368
0.297 2.55006 -4.10947
0.298 2.48933 -4.0444
0.299 2.41595 -3.96868
0.3 2.33018 -3.88259
0.301 2.23234 -3.78642
0.302 2.12278 -3.68052
0.303 2.00191 -3.56527
0.304 1.87018 -3.44106
0.305 1.7281 -3.30834
0.306 1.57621 -3.16757
0.307 1.4151 -3.01926
0.308 1.24539 -2.86392
0.309 1.06775 -2.70211
0.31 0.882872 -2.53441
0.311 0.691494 -2.36139
0.312 0.494373 -2.18367
0.313 0.292295 -2.00188
0.314 0.0860714 -1.81666
0.315 -0.123468 -1.62865
0.316 -0.335477 -1.43853
0.317 -0.549093 -1.24694
0.318 -0.763446 -1.05457
0.319 -0.97766 -0.862091
0.32 -1.19085 -0.670163
0.321 -1.40214 -0.479454
0.322 -1.61065 -0.290625
0.323 -1.81552 -0.104325
0.324 -2.01588 0.0788068
0.325 -2.21089 0.258146
0.326 -2.39973 0.433085
0.327 -2.58158 0.603033
0.328 -2.75569 0.767422
0.329 -2.92128 0.925706
0.33 -3.07765 1.07737
0.331 -3.2241 1.22191
0.332 -3.35998 1.35886
0.333 -3.4847 1.4878
0.334 -3.59768 1.60833
0.335 -3.6984 1.72007
0.336 -3.78638 1.82269
0.337 -3.8612 1.91591
0.338 -3.9225 1.99945
0.339 -3.96993 2.07311
0.34 -4.00325 2.13671
0.341 -4.02224 2.1901
0.342 -4.02674 2.2332
0.343 -4.01666 2.26593
0.344 -3.99197 2.28829
0.345 -3.95267 2.30031
0.346 -3.89885 2.30204
0.347 -3.83065 2.29359
0.348 -3.74826 2.27513
0.349 -3.65194 2.24682
0.35 -3.542 2.20889
0.351 -3.4188 2.16162
0.352 -3.28276 2.10529
0.353 -3.13435 2.04025
0.354 -2.97411 1.96687
0.355 -2.8026 1.88554
0.356 -2.62044 1.7967
0.357 -2.4283 1.70081
0.358 -2.22689 1.59836
0.359 -2.01694 1.48987
0.36 -1.79926 1.37586
0.361 -1.57464 1.25691
0.362 -1.34395 1.13358
0.363 -1.10804 1.00646
0.364 -0.867822 0.876165
0.365 -0.624209 0.743307
0.366 -0.378133 0.608512
0.367 -0.130539 0.47241
0.368 0.117619 0.335635
0.369 0.365384 0.198823
0.37 0.611795 0.062605
0.371 0.855897 -0.0723893
0.372 1.09674 -0.205539
0.373 1.33339 -0.336233
0.374 1.56492 -0.463873
0.375 1.79042 -0.587873
0.376 2.00902 -0.707667
0.377 2.21986 -0.822707
0.378 2.4221 -0.932467
0.379 2.61496 -1.03644
0.38 2.79768 -1.13417
0.381 2.96954 -1.22518
0.382 3.12987 -1.30907
0.383 3.27803 -1.38546
0.384 3.41344 -1.45398
0.385 3.53558 -1.51432
0.386 3.64395 -1.56619
0.387 3.73815 -1.60936
0.388 3.8178 -1.64361
0.389 3.8826 -1.66878
0.39 3.9323 -1.68475
0.391 3.96671 -1.69141
0.392 3.98571 -1.68872
0.393 3.98923 -1.67669
0.394 3.97729 -1.65534
0.395 3.94994 -1.62475
0.396 3.90731 -1.58504
0.397 3.8496 -1.53635
0.398 3.77705 -1.47889
0.399 3.68999 -1.4129
0.4 3.5888 -1.33863
0.401 3.47389 -1.25641
0.402 3.34577 -1.16656
0.403 3.20499 -1.06948
0.404 3.05214 -0.965559
0.405 2.88787 -0.855244
0.406 2.71289 -0.739
0.407 2.52794 -0.61732
0.408 2.33382 -0.490722
0.409 2.13134 -0.359745
0.41 1.92137 -0.224948
0.411 1.70481 -0.0869088
0.412 1.48258 0.0537818
0.413 1.25565 0.196519
0.414 1.02497 0.340691
0.415 0.791541 0.485674
0.416 0.556368 0.630844
0.417 0.320463 0.775574
0.418 0.0848443 0.919236
0.419 -0.149467 1.06121
0.42 -0.381456 1.20088
0.421 -0.610111 1.33763
0.422 -0.834436 1.47087
0.423 -1.05345 1.60002
0.424 -1.26619 1.72452
0.425 -1.47171 1.84382
0.426 -1.66912 1.95738
0.427 -1.85752 2.06473
0.428 -2.03607 2.16537
0.429 -2.20398 2.25887
0.43 -2.36048 2.34482
0.431 -2.50486 2.42282
0.432 -2.63644 2.49252
0.433 -2.75461 2.55363
0.434 -2.85882 2.60585
0.435 -2.94856 2.64895
0.436 -3.02338 2.68274
0.437 -3.08291 2.70705
0.438 -3.12682 2.72177
0.439 -3.15485 2.72682
0.44 -3.16683 2.72216
0.441 -3.16262 2.70782
0.442 -3.14217 2.68384
0.443 -3.1055 2.65031
0.444 -3.05268 2.60737
0.445 -2.98387 2.55521
0.446 -2.89929 2.49403
0.447 -2.79921 2.42411
0.448 -2.68398 2.34574
0.449 -2.55403 2.25926
0.45 -2.40983 2.16505
0.451 -2.25192 2.06351
0.452 -2.0809 1.95509
0.453 -1.89743 1.84027
0.454 -1.70221 1.71955
0.455 -1.49601 1.59347
0.456 -1.27964 1.46258
0.457 -1.05396 1.32748
0.458 -0.819874 1.18876
0.459 -0.57831 1.04704
0.46 -0.330246 0.902978
0.461 -0.0766868 0.757212
0.462 0.181336 0.610407
0.463 0.442767 0.463235
0.464 0.706535 0.31637
0.465 0.971552 0.170489
0.466 1.23672 0.0262666
0.467 1.50094 -0.115624
0.468 1.7631 -0.254519
0.469 2.02212 -0.389762
0.47 2.27689 -0.520712
0.471 2.52634 -0.646741
0.472 2.7694 -0.767242
0.473 3.00505 -0.881626
0.474 3.23227 -0.989329
0.475 3.45007 -1.08981
0.476 3.65751 -1.18257
0.477 3.85367 -1.26712
0.478 4.03771 -1.34303
0.479 4.20878 -1.40987
0.48 4.36613 -1.46728
0.481 4.50903 -1.51492
0.482 4.63682 -1.5525
0.483 4.74891 -1.57978
0.484 4.84474 -1.59654
0.485 4.92386 -1.60262
0.486 4.98584 -1.5979
0.487 5.03034 -1.58233
0.488 5.0571 -1.55586
0.489 5.06591 -1.51852
0.49 5.05665 -1.4704
0.491 5.02925 -1.41159
0.492 4.98375 -1.34228
0.493 4.92023 -1.26268
0.494 4.83886 -1.17303
0.495 4.73988 -1.07366
0.496 4.6236 -0.964903
0.497 4.49041 -0.847158
0.498 4.34075 -0.720858
0.499 4.17516 -0.586478
0.5 3.99422 -0.444532
0.501 3.79858 -0.295569
0.502 3.58895 -0.140176
0.503 3.36613 0.021032
0.504 3.13092 0.187406
0.505 2.88422 0.358272
0.506 2.62697 0.532929
0.507 2.36013 0.710656
0.508 2.08473 0.890711
0.509 1.80184 1.07234
0.51 1.51254 1.25476
0.511 1.21795 1.4372
0.512 0.91923 1.61887
0.513 0.617542 1.79898
0.514 0.314071 1.97673
0.515 0.0100107 2.15134
0.516 -0.293437 2.32201
0.517 -0.59507 2.48798
0.518 -0.89369 2.64848
0.519 -1.18811 2.80276
0.52 -1.47715 2.9501
0.521 -1.75965 3.08979
0.522 -2.03447 3.22114
0.523 -2.30052 3.34351
0.524 -2.55672 3.45627
0.525 -2.80202 3.55884
0.526 -3.03543 3.65065
0.527 -3.256 3.73119
0.528 -3.46282 3.8
0.529 -3.65506 3.85663
0.53 -3.83191 3.90071
0.531 -3.99264 3.93189
0.532 -4.13658 3.94989
0.533 -4.26314 3.95446
0.534 -4.37178 3.94541
0.535 -4.46204 3.92262
0.536 -4.53352 3.88599
0.537 -4.58592 3.8355
0.538 -4.61899 3.77118
0.539 -4.63258 3.69309
0.54 -4.62662 3.60139
0.541 -4.60109 3.49626
0.542 -4.55607 3.37794
0.543 -4.49173 3.24673
0.544 -4.4083 3.10298
0.545 -4.30609 2.94708
0.546 -4.18551 2.7795
0.547 -4.04701 2.60074
0.548 -3.89114 2.41133
0.549 -3.71851 2.21187
0.55 -3.52981 2.003
0.551 -3.3258 1.7854
0.552 -3.10727 1.55976
0.553 -2.87513 1.32686
0.554 -2.63029 1.08747
0.555 -2.37375 0.842395
0.556 -2.10655 0.592486
0.557 -1.82978 0.338603
0.558 -1.54456 0.0816315
0.559 -1.25206 -0.177528
0.56 -0.95348 -0.437959
0.561 -0.650046 -0.698738
0.562 -0.343009 -0.95893
0.563 -0.0336373 -1.2176
0.564 0.276787 -1.47382
0.565 0.586975 -1.72665
0.566 0.895633 -1.97517
0.567 1.20147 -2.21847
0.568 1.50321 -2.45566
0.569 1.79957 -2.68585
0.57 2.08931 -2.90819
0.571 2.3712 -3.12186
0.572 2.64404 -3.32605
0.573 2.90665 -3.52
0.574 3.15792 -3.70296
0.575 3.39675 -3.87426
0.576 3.62212 -4.03323
0.577 3.83301 -4.17926
0.578 4.02852 -4.31179
0.579 4.20776 -4.43032
0.58 4.36992 -4.53437
0.581 4.51426 -4.62353
0.582 4.64012 -4.69745
0.583 4.74688 -4.75583
0.584 4.83402 -4.79844
0.585 4.9011 -4.82508
0.586 4.94775 -4.83564
0.587 4.97369 -4.83005
0.588 4.9787 -4.80831
0.589 4.96267 -4.77049
0.59 4.92557 -4.7167
0.591 4.86744 -4.64712
0.592 4.78842 -4.56201
0.593 4.68873 -4.46166
0.594 4.56867 -4.34642
0.595 4.42862 -4.21673
0.596 4.26906 -4.07306
0.597 4.09053 -3.91592
0.598 3.89365 -3.74591
0.599 3.67912 -3.56366
0.6 3.44773 -3.36984
0.601 3.2003 -3.16517
0.602 2.93775 -2.95043
0.603 2.66105 -2.72643
0.604 2.37123 -2.494
0.605 2.06939 -2.25403
0.606 1.75665 -2.00742
0.607 1.4342 -1.75512
0.608 1.10328 -1.49807
0.609 0.765136 -1.23726
0.61 0.421074 -0.973688
0.611 0.0724155 -0.708354
0.612 -0.279495 -0.442278
0.613 -0.633296 -0.176479
0.614 -0.987615 0.0880223
0.615 -1.34107 0.350208
0.616 -1.69229 0.609067
0.617 -2.03991 0.863602
0.618 -2.38255 1.11283
0.619 -2.71887 1.35578
0.62 -3.04755 1.59152
0.621 -3.3673 1.81912
0.622 -3.67685 2.03771
0.623 -3.97498 2.24643
0.624 -4.26051 2.44446
0.625 -4.53229 2.63104
0.626 -4.78925 2.80542
0.627 -5.03036 2.96693
0.628 -5.25466 3.11492
0.629 -5.46124 3.2488
0.63 -5.64927 3.36806
0.631 -5.81799 3.4722
0.632 -5.96672 3.56082
0.633 -6.09485 3.63355
0.634 -6.20185 3.69009
0.635 -6.28727 3.7302
0.636 -6.35077 3.75372
0.637 -6.39206 3.76054
0.638 -6.41096 3.7506
0.639 -6.40738 3.72394
0.64 -6.3813 3.68062
0.641 -6.3328 3.62081
0.642 -6.26207 3.54471
0.643 -6.16934 3.4526
0.644 -6.05498 3.34482
0.645 -5.91941 3.22176
0.646 -5.76314 3.08388
0.647 -5.58678 2.9317
0.648 -5.39101 2.76579
0.649 -5.17658 2.58678
0.65 -4.94433 2.39533
0.651 -4.69515 2.19218
0.652 -4.43002 1.97808
0.653 -4.14998 1.75386
0.654 -3.85612 1.52037
0.655 -3.54959 1.27849
0.656 -3.2316 1.02915
0.657 -2.90339 0.773291
0.658 -2.56625 0.511895
0.659 -2.22152 0.245959
0.66 -1.87054 -0.0235026
0.661 -1.51471 -0.295459
0.662 -1.15542 -0.56887
0.663 -0.794102 -0.842691
0.664 -0.432176 -1.11587
0.665 -0.0710732 -1.38737
0.666 0.287778 -1.65615
0.667 0.642959 -1.92118
0.668 0.993063 -2.18144
0.669 1.33671 -2.43593
0.67 1.67252 -2.6837
0.671 1.99919 -2.92378
0.672 2.31542 -3.15525
0.673 2.61994 -3.37724
0.674 2.91156 -3.5889
0.675 3.18913 -3.78941
0.676 3.45154 -3.97802
0.677 3.69777 -4.15399
0.678 3.92682 -4.31667
0.679 4.13781 -4.46544
0.68 4.3299 -4.59973
0.681 4.50234 -4.71903
0.682 4.65444 -4.82289
0.683 4.78562 -4.91092
0.684 4.89537 -4.9828
0.685 4.98326 -5.03825
0.686 5.04895 -5.07708
0.687 5.0922 -5.09915
0.688 5.11285 -5.10438
0.689 5.11084 -5.09276
0.69 5.0862 -5.06436
0.691 5.03904 -5.01929
0.692 4.96958 -4.95774
0.693 4.87811 -4.87995
0.694 4.76504 -4.78625
0.695 4.63082 -4.67701
0.696 4.47604 -4.55265
0.697 4.30133 -4.41366
0.698 4.10743 -4.2606
0.699 3.89513 -4.09407
0.7 3.66533 -3.91471
0.701 3.41898 -3.72322
0.702 3.15709 -3.52036
0.703 2.88076 -3.30691
0.704 2.59113 -3.0837
0.705 2.28939 -2.85158
0.706 1.9768 -2.61147
0.707 1.65464 -2.36429
0.708 1.32426 -2.11098
0.709 0.98702 -1.85252
0.71 0.644316 -1.58991
0.711 0.297568 -1.32415
0.712 -0.051786 -1.05624
0.713 -0.402297 -0.787227
0.714 -0.752512 -0.518114
0.715 -1.10097 -0.249927
0.716 -1.44624 0.0163223
0.717 -1.78686 0.279631
0.718 -2.12143 0.53901
0.719 -2.44855 0.793492
0.72 -2.76686 1.04213
0.721 -3.07501 1.284
0.722 -3.37173 1.51821
0.723 -3.65576 1.74391
0.724 -3.92591 1.96027
0.725 -4.18104 2.16652
0.726 -4.42007 2.3619
0.727 -4.64199 2.54575
0.728 -4.84584 2.7174
0.729 -5.03076 2.87626
0.73 -5.19594 3.02181
0.731 -5.34067 3.15354
0.732 -5.46431 3.27105
0.733 -5.56631 3.37396
0.734 -5.64621 3.46196
0.735 -5.70363 3.53482
0.736 -5.73829 3.59234
0.737 -5.75 3.63441
0.738 -5.73866 3.66098
0.739 -5.70426 3.67205
0.74 -5.64689 3.66769
0.741 -5.56674 3.64803
0.742 -5.46407 3.61328
0.743 -5.33926 3.5637
0.744 -5.19276 3.49959
0.745 -5.02511 3.42135
0.746 -4.83695 3.3294
0.747 -4.62899 3.22423
0.748 -4.40202 3.10639
0.749 -4.15691 2.97647
0.75 -3.89462 2.83512
0.751 -3.61616 2.68303
0.752 -3.32261 2.52092
0.753 -3.01512 2.34957
0.754 -2.69489 2.16979
0.755 -2.36317 1.98242
0.756 -2.02127 1.78832
0.757 -1.67054 1.5884
0.758 -1.31235 1.38358
0.759 -0.948115 1.17479
0.76 -0.579278 0.96298
0.761 -0.207294 0.749119
0.762 0.166366 0.534174
0.763 0.540221 0.319115
0.764 0.912792 0.104914
0.765 1.2826 -0.107466
0.766 1.64818 -0.31707
0.767 2.00808 -0.522958
0.768 2.36088 -0.724206
0.769 2.70517 -0.919911
0.77 3.03958 -1.1092
0.771 3.3628 -1.29122
0.772 3.67353 -1.46515
0.773 3.97054 -1.63022
0.774 4.25266 -1.78569
0.775 4.51876 -1.93085
0.776 4.7678 -2.06505
0.777 4.99879 -2.18768
0.778 5.21081 -2.29819
0.779 5.40303 -2.39607
0.78 5.5747 -2.48087
0.781 5.72513 -2.5522
0.782 5.85375 -2.60972
0.783 5.96005 -2.65316
0.784 6.04362 -2.6823
0.785 6.10415 -2.69698
0.786 6.14142 -2.69712
0.787 6.15529 -2.68268
0.788 6.14574 -2.6537
0.789 6.11281 -2.61027
0.79 6.05667 -2.55255
0.791 5.97758 -2.48076
0.792 5.87586 -2.39518
0.793 5.75196 -2.29615
0.794 5.60641 -2.18407
0.795 5.43982 -2.05938
0.796 5.25288 -1.9226
0.797 5.04639 -1.77429
0.798 4.8212 -1.61505
0.799 4.57826 -1.44555
0.8 4.31857 -1.26649
0.801 4.04323 -1.07861
0.802 3.75336 -0.882687
0.803 3.45018 -0.679552
0.804 3.13495 -0.470049
0.805 2.80897 -0.25506
0.806 2.47359 -0.0354862
0.807 2.13022 0.187746
0.808 1.78027 0.413694
0.809 1.42519 0.641403
0.81 1.06646 0.869909
0.811 0.705572 1.09824
0.812 0.344017 1.32543
0.813 -0.0167014 1.5505
0.814 -0.375084 1.7725
0.815 -0.729642 1.99047
0.816 -1.0789 2.20349
0.817 -1.4214 2.41062
0.818 -1.75573 2.61099
0.819 -2.08048 2.80372
0.82 -2.39431 2.98797
0.821 -2.69589 3.16295
0.822 -2.98398 3.32788
0.823 -3.25736 3.48205
0.824 -3.51489 3.62476
0.825 -3.75549 3.75539
0.826 -3.97814 3.87335
0.827 -4.1819 3.97811
0.828 -4.36591 4.06917
0.829 -4.52939 4.14613
0.83 -4.67164 4.20861
0.831 -4.79205 4.25631
0.832 -4.89009 4.28898
0.833 -4.96533 4.30644
0.834 -5.01744 4.30857
0.835 -5.04618 4.29532
0.836 -5.0514 4.26668
0.837 -5.03304 4.22273
0.838 -4.99117 4.16361
0.839 -4.92591 4.08952
0.84 -4.83751 4.00072
0.841 -4.72631 3.89753
0.842 -4.59274 3.78033
0.843 -4.43732 3.64958
0.844 -4.26066 3.50577
0.845 -4.06347 3.34945
0.846 -3.84652 3.18125
0.847 -3.6107 3.00181
0.848 -3.35695 2.81185
0.849 -3.08628 2.61213
0.85 -2.79981 2.40343
0.851 -2.49867 2.18659
0.852 -2.1841 1.9625
0.853 -1.85738 1.73204
0.854 -1.51983 1.49615
0.855 -1.17283 1.25579
0.856 -0.817801 1.01195
0.857 -0.456196 0.765601
0.858 -0.0894953 0.517766
0.859 0.280795 0.269458
0.86 0.653153 0.0216996
0.861 1.02604 -0.224489
0.862 1.39793 -0.468091
0.863 1.76728 -0.708095
0.864 2.13255 -0.943505
0.865 2.49224 -1.17334
0.866 2.84486 -1.39664
0.867 3.18892 -1.61247
0.868 3.523 -1.81992
0.869 3.8457 -2.01812
0.87 4.15566 -2.20622
0.871 4.45157 -2.38344
0.872 4.7322 -2.549
0.873 4.99635 -2.7022
0.874 5.24289 -2.84238
0.875 5.47077 -2.96893
0.876 5.679 -3.0813
0.877 5.86668 -3.17897
0.878 6.033 -3.26153
0.879 6.1772 -3.32858
0.88 6.29865 -3.37981
0.881 6.39679 -3.41497
0.882 6.47114 -3.43388
0.883 6.52135 -3.43642
0.884 6.54713 -3.42253
0.885 6.54832 -3.39224
0.886 6.52483 -3.34561
0.887 6.4767 -3.28281
0.888 6.40404 -3.20406
0.889 6.30708 -3.10963
0.89 6.18613 -2.99987
0.891 6.04162 -2.8752
0.892 5.87405 -2.7361
0.893 5.68404 -2.5831
0.894 5.47228 -2.41679
0.895 5.23956 -2.23784
0.896 4.98675 -2.04694
0.897 4.71479 -1.84485
0.898 4.42473 -1.63238
0.899 4.11767 -1.41038
0.9 3.79478 -1.17975
0.901 3.4573 -0.941408
0.902 3.10653 -0.696328
0.903 2.74383 -0.445508
0.904 2.37061 -0.18997
0.905 1.98831 0.0692367
0.906 1.59841 0.331047
0.907 1.20245 0.594379
0.908 0.801949 0.858142
0.909 0.398489 1.12124
0.91 -0.0063559 1.38257
0.911 -0.411001 1.64105
0.912 -0.813859 1.89557
0.913 -1.21335 2.14507
0.914 -1.6079 2.38849
0.915 -1.99597 2.62478
0.916 -2.37603 2.85293
0.917 -2.74657 3.07196
0.918 -3.10615 3.28091
0.919 -3.45335 3.47886
0.92 -3.78679 3.66493
0.921 -4.10517 3.8383
0.922 -4.40723 3.99818
0.923 -4.69179 4.14384
0.924 -4.95771 4.27459
0.925 -5.20395 4.38981
0.926 -5.42955 4.48894
0.927 -5.63361 4.57148
0.928 -5.81534 4.63698
0.929 -5.97402 4.68508
0.93 -6.10903 4.71547
0.931 -6.21985 4.72792
0.932 -6.30604 4.72225
0.933 -6.36728 4.69837
0.934 -6.40333 4.65627
0.935 -6.41406 4.59598
0.936 -6.39945 4.51763
0.937 -6.35956 4.4214
0.938 -6.29458 4.30756
0.939 -6.20477 4.17645
0.94 -6.09051 4.02845
0.941 -5.95227 3.86404
0.942 -5.79063 3.68375
0.943 -5.60624 3.48818
0.944 -5.39987 3.27799
0.945 -5.17235 3.05389
0.946 -4.92461 2.81666
0.947 -4.65768 2.56712
0.948 -4.37262 2.30616
0.949 -4.07062 2.03469
0.95 -3.75289 1.75368
0.951 -3.42074 1.46415
0.952 -3.07552 1.16712
0.953 -2.71862 0.86369
0.954 -2.35152 0.554948
0.955 -1.9757 0.242022
0.956 -1.59269 -0.0739434
0.957 -1.20406 -0.391789
0.958 -0.811391 -0.710344
0.959 -0.416287 -1.02844
0.96 -0.0203589 -1.34489
0.961 0.374776 -1.65853
0.962 0.767503 -1.9682
0.963 1.15622 -2.27275
0.964 1.53933 -2.57104
0.965 1.91526 -2.86196
0.966 2.28249 -3.14443
0.967 2.63949 -3.4174
0.968 2.98481 -3.67983
0.969 3.31702 -3.93077
0.97 3.63476 -4.16926
0.971 3.93671 -4.39441
0.972 4.22163 -4.60538
0.973 4.48834 -4.80139
0.974 4.73573 -4.9817
0.975 4.96276 -5.14563
0.976 5.1685 -5.29259
0.977 5.35207 -5.42201
0.978 5.5127 -5.53342
0.979 5.64971 -5.62641
0.98 5.76251 -5.70064
0.981 5.8506 -5.75583
0.982 5.91359 -5.79179
0.983 5.95119 -5.80839
0.984 5.96321 -5.80559
0.985 5.94956 -5.7834
0.986 5.91026 -5.74193
0.987 5.84542 -5.68136
0.988 5.75527 -5.60191
0.989 5.64012 -5.50392
0.99 5.5004 -5.38777
0.991 5.33664 -5.25392
0.992 5.14945 -5.1029
0.993 4.93954 -4.9353
0.994 4.70772 -4.75177
0.995 4.45489 -4.55304
0.996 4.18202 -4.33987
0.997 3.89018 -4.11309
0.998 3.58049 -3.8736
0.999 3.25416 -3.62232
1 2.91248 -3.36022
