0.001 3.39458e-008 2.59158e-009
0.002 3.09302e-007 2.08111e-008
0.003 1.45908e-006 8.63481e-008
0.004 4.83583e-006 2.53343e-007
0.005 1.28025e-005 6.00799e-007
0.006 2.90134e-005 1.23664e-006
0.007 5.86822e-005 2.30384e-006
0.008 0.000108836 3.98906e-006
0.009 0.00018855 6.53415e-006
0.01 0.000309165 1.02509e-005
0.011 0.000484482 1.55392e-005
0.012 0.000730931 2.29092e-005
0.013 0.00106772 3.30073e-005
0.014 0.00151694 4.66468e-005
0.015 0.00210369 6.48417e-005
0.016 0.00285609 8.88466e-005
0.017 0.00380532 0.0001202
0.018 0.00498566 0.00016077
0.019 0.0064344 0.00021281
0.02 0.00819179 0.000279014
0.021 0.0103009 0.000362571
0.022 0.0128077 0.000467238
0.023 0.0157605 0.0005974
0.024 0.01921 0.000758141
0.025 0.0232092 0.000955319
0.026 0.0278128 0.00119564
0.027 0.033077 0.00148672
0.028 0.0390595 0.00183719
0.029 0.0458188 0.00225675
0.03 0.0534137 0.00275623
0.031 0.0619035 0.00334773
0.032 0.0713471 0.0040446
0.033 0.0818026 0.00486158
0.034 0.0933269 0.00581484
0.035 0.105976 0.00692204
0.036 0.119802 0.00820241
0.037 0.134856 0.00967676
0.038 0.151187 0.0113675
0.039 0.168838 0.0132989
0.04 0.187849 0.0154967
0.041 0.208257 0.0179885
0.042 0.230091 0.0208036
0.043 0.253377 0.0239731
0.044 0.278135 0.0275297
0.045 0.304378 0.0315077
0.046 0.332112 0.0359434
0.047 0.361336 0.0408743
0.048 0.392044 0.0463397
0.049 0.424219 0.0523802
0.05 0.457838 0.0590378
0.051 0.492869 0.0663557
0.052 0.529271 0.0743781
0.053 0.566996 0.0831505
0.054 0.605986 0.0927188
0.055 0.646174 0.10313
0.056 0.687485 0.114431
0.057 0.729835 0.126669
0.058 0.773131 0.139892
0.059 0.817271 0.154147
0.06 0.862144 0.169481
0.061 0.907632 0.18594
0.062 0.953609 0.203569
0.063 0.99994 0.222412
0.064 1.04648 0.242511
0.065 1.09309 0.263908
0.066 1.13961 0.286639
0.067 1.18587 0.310743
0.068 1.23172 0.33625
0.069 1.27697 0.363193
0.07 1.32146 0.391597
0.071 1.36501 0.421486
0.072 1.40743 0.452878
0.073 1.44854 0.485788
0.074 1.48816 0.520227
0.075 1.5261 0.5562
0.076 1.56218 0.593705
0.077 1.59621 0.632737
0.078 1.62801 0.673286
0.079 1.65741 0.715332
0.08 1.68424 0.758853
0.081 1.70831 0.803817
0.082 1.72948 0.850187
0.083 1.74759 0.897918
0.084 1.76248 0.94696
0.085 1.77403 0.997254
0.086 1.78209 1.04873
0.087 1.78655 1.10133
0.088 1.7873 1.15495
0.089 1.78425 1.20951
0.09 1.77731 1.26492
0.091 1.76641 1.32108
0.092 1.7515 1.37786
0.093 1.73253 1.43516
0.094 1.70948 1.49285
0.095 1.68233 1.55079
0.096 1.6511 1.60885
0.097 1.6158 1.66688
0.098 1.57648 1.72472
0.099 1.53318 1.78223
0.1 1.48599 1.83923
0.101 1.43499 1.89556
0.102 1.38029 1.95104
0.103 1.32202 2.0055
0.104 1.26031 2.05876
0.105 1.19534 2.11062
0.106 1.12727 2.1609
0.107 1.05629 2.20942
0.108 0.982618 2.25598
0.109 0.906471 2.30038
0.11 0.828088 2.34245
0.111 0.747719 2.38198
0.112 0.665628 2.41879
0.113 0.582093 2.45268
0.114 0.4974 2.48348
0.115 0.411847 2.511
0.116 0.325741 2.53506
0.117 0.239398 2.5555
0.118 0.153139 2.57213
0.119 0.0672913 2.58481
0.12 -0.0178128 2.59339
0.121 -0.101839 2.59771
0.122 -0.18445 2.59764
0.123 -0.265309 2.59306
0.124 -0.344082 2.58385
0.125 -0.420434 2.5699
0.126 -0.494037 2.55113
0.127 -0.564568 2.52745
0.128 -0.631709 2.4988
0.129 -0.695154 2.46512
0.13 -0.754603 2.42638
0.131 -0.809771 2.38255
0.132 -0.860383 2.33362
0.133 -0.906179 2.27959
0.134 -0.946915 2.2205
0.135 -0.982364 2.15637
0.136 -1.01231 2.08727
0.137 -1.03658 2.01327
0.138 -1.05498 1.93445
0.139 -1.06738 1.85092
0.14 -1.07364 1.76282
0.141 -1.07367 1.67027
0.142 -1.06738 1.57343
0.143 -1.05472 1.47248
0.144 -1.03566 1.36762
0.145 -1.0102 1.25904
0.146 -0.97836 1.14697
0.147 -0.940189 1.03165
0.148 -0.895765 0.913336
0.149 -0.845192 0.792294
0.15 -0.7886 0.668807
0.151 -0.726148 0.543169
0.152 -0.658018 0.415689
0.153 -0.584423 0.286685
0.154 -0.505598 0.156487
0.155 -0.421805 0.0254364
0.156 -0.333329 -0.10612
0.157 -0.24048 -0.237826
0.158 -0.143591 -0.369319
0.159 -0.0430159 -0.50023
0.16 0.0608713 -0.630187
0.161 0.167676 -0.758814
0.162 0.276987 -0.885735
0.163 0.388376 -1.01057
0.164 0.501398 -1.13294
0.165 0.615598 -1.25248
0.166 0.730506 -1.36881
0.167 0.845644 -1.48156
0.168 0.960526 -1.59037
0.169 1.07466 -1.69489
0.17 1.18755 -1.79478
0.171 1.29869 -1.8897
0.172 1.40758 -1.97932
0.173 1.51373 -2.06334
0.174 1.61665 -2.14147
0.175 1.71583 -2.21341
0.176 1.81081 -2.27891
0.177 1.90112 -2.33771
0.178 1.98628 -2.3896
0.179 2.06587 -2.43436
0.18 2.13945 -2.47181
0.181 2.20661 -2.50177
0.182 2.26696 -2.52412
0.183 2.32013 -2.53872
0.184 2.36578 -2.54549
0.185 2.40358 -2.54435
0.186 2.43325 -2.53527
0.187 2.45451 -2.51821
0.188 2.46714 -2.4932
0.189 2.47092 -2.46025
0.19 2.4657 -2.41945
0.191 2.45132 -2.37087
0.192 2.42768 -2.31464
0.193 2.39472 -2.25088
0.194 2.35239 -2.17979
0.195 2.30071 -2.10154
0.196 2.23972 -2.01636
0.197 2.16948 -1.92451
0.198 2.09011 -1.82626
0.199 2.00177 -1.7219
0.2 1.90464 -1.61175
0.201 1.79895 -1.49616
0.202 1.68495 -1.3755
0.203 1.56294 -1.25016
0.204 1.43325 -1.12053
0.205 1.29625 -0.987053
0.206 1.15233 -0.850163
0.207 1.00192 -0.710322
0.208 0.84548 -0.568
0.209 0.683493 -0.423685
0.21 0.516473 -0.277872
0.211 0.344959 -0.131068
0.212 0.169512 0.0162128
0.213 -0.00928591 0.16345
0.214 -0.190833 0.310119
0.215 -0.37451 0.455693
0.216 -0.559686 0.599645
0.217 -0.745713 0.741447
0.218 -0.931939 0.880576
0.219 -1.1177 1.01651
0.22 -1.30233 1.14875
0.221 -1.48516 1.27678
0.222 -1.66552 1.40011
0.223 -1.84274 1.51827
0.224 -2.01618 1.63078
0.225 -2.18517 1.7372
0.226 -2.34907 1.8371
0.227 -2.50727 1.93007
0.228 -2.65914 2.01571
0.229 -2.80411 2.09365
0.23 -2.94159 2.16356
0.231 -3.07106 2.22511
0.232 -3.19198 2.27801
0.233 -3.30386 2.32201
0.234 -3.40625 2.35686
0.235 -3.49872 2.38236
0.236 -3.58088 2.39835
0.237 -3.65236 2.40468
0.238 -3.71286 2.40124
0.239 -3.76209 2.38797
0.24 -3.79982 2.36482
0.241 -3.82586 2.33179
0.242 -3.84004 2.2889
0.243 -3.84226 2.23624
0.244 -3.83247 2.17388
0.245 -3.81065 2.10198
0.246 -3.77682 2.02069
0.247 -3.73106 1.93023
0.248 -3.6735 1.83082
0.249 -3.60431 1.72274
0.25 -3.52369 1.60629
0.251 -3.43191 1.4818
0.252 -3.32928 1.34963
0.253 -3.21613 1.21019
0.254 -3.09287 1.06388
0.255 -2.95993 0.911153
0.256 -2.81777 0.752485
0.257 -2.6669 0.588367
0.258 -2.50788 0.419317
0.259 -2.34128 0.245872
0.26 -2.16772 0.0685861
0.261 -1.98784 -0.111968
0.262 -1.80231 -0.295206
0.263 -1.61183 -0.480529
0.264 -1.41712 -0.667329
0.265 -1.21892 -0.854991
0.266 -1.01798 -1.04289
0.267 -0.815082 -1.23041
0.268 -0.610998 -1.41691
0.269 -0.406524 -1.60177
0.27 -0.202453 -1.78437
0.271 0.000415055 -1.9641
0.272 0.201285 -2.14033
0.273 0.399364 -2.31248
0.274 0.593867 -2.47996
0.275 0.784021 -2.64219
0.276 0.969064 -2.79861
0.277 1.14825 -2.9487
0.278 1.32087 -3.09193
0.279 1.48621 -3.2278
0.28 1.64359 -3.35586
0.281 1.79238 -3.47565
0.282 1.93195 -3.58676
0.283 2.06174 -3.6888
0.284 2.18119 -3.78142
0.285 2.28979 -3.8643
0.286 2.38709 -3.93714
0.287 2.47267 -3.9997
0.288 2.54614 -4.05175
0.289 2.60719 -4.09311
0.29 2.65552 -4.12364
0.291 2.69091 -4.14323
0.292 2.71318 -4.15182
0.293 2.7222 -4.14937
0.294 2.71789 -4.13591
0.295 2.70023 -4.11146
0.296 2.66926 -4.07614
0.297 2.62505 -4.03005
0.298 2.56775 -3.97338
0.299 2.49754 -3.90631
0.3 2.41468 -3.8291
0.301 2.31945 -3.74201
0.302 2.2122 -3.64536
0.303 2.09333 -3.5395
0.304 1.96328 -3.42479
0.305 1.82255 -3.30166
0.306 1.67167 -3.17055
0.307 1.51122 -3.03191
0.308 1.34183 -2.88624
0.309 1.16414 -2.73407
0.31 0.97887 -2.57593
0.311 0.786732 -2.41238
0.312 0.588491 -2.24401
0.313 0.384936 -2.07142
0.314 0.176877 -1.89521
0.315 -0.0348499 -1.71601
0.316 -0.249393 -1.53445
0.317 -0.465886 -1.35116
0.318 -0.683448 -1.16681
0.319 -0.901194 -0.982022
0.32 -1.11823 -0.797453
0.321 -1.33367 -0.613744
0.322 -1.54662 -0.431533
0.323 -1.7562 -0.25145
0.324 -1.96153 -0.0741151
0.325 -2.16175 0.0998633
0.326 -2.35603 0.269893
0.327 -2.54354 0.435397
0.328 -2.72348 0.59582
0.329 -2.89508 0.750625
0.33 -3.0576 0.899303
0.331 -3.21033 1.04136
0.332 -3.3526 1.17635
0.333 -3.48378 1.30384
0.334 -3.60329 1.42342
0.335 -3.71057 1.53473
0.336 -3.80512 1.63744
0.337 -3.88651 1.73125
0.338 -3.95433 1.81589
0.339 -4.00824 1.89114
0.34 -4.04794 1.95681
0.341 -4.07321 2.01276
0.342 -4.08386 2.05887
0.343 -4.07978 2.09507
0.344 -4.06091 2.12134
0.345 -4.02724 2.13767
0.346 -3.97884 2.14412
0.347 -3.91582 2.14078
0.348 -3.83835 2.12777
0.349 -3.74668 2.10525
0.35 -3.64109 2.07344
0.351 -3.52194 2.03257
0.352 -3.38963 1.98291
0.353 -3.24462 1.92478
0.354 -3.08742 1.85852
0.355 -2.91859 1.7845
0.356 -2.73874 1.70312
0.357 -2.54854 1.61484
0.358 -2.34867 1.52009
0.359 -2.13989 1.41938
0.36 -1.92297 1.3132
0.361 -1.69872 1.20209
0.362 -1.468 1.0866
0.363 -1.23167 0.96728
0.364 -0.990629 0.844722
0.365 -0.745808 0.71951
0.366 -0.498139 0.592245
0.367 -0.248576 0.46353
0.368 0.00191953 0.333974
0.369 0.252378 0.20419
0.37 0.50183 0.0747866
0.371 0.749305 -0.0536299
0.372 0.99384 -0.180459
0.373 1.23448 -0.305109
0.374 1.47029 -0.426999
0.375 1.70033 -0.545562
0.376 1.92372 -0.660246
0.377 2.13957 -0.770517
0.378 2.34704 -0.875864
0.379 2.5453 -0.975794
0.38 2.73357 -1.06984
0.381 2.91113 -1.15757
0.382 3.07725 -1.23856
0.383 3.2313 -1.31243
0.384 3.37265 -1.37885
0.385 3.50076 -1.43748
0.386 3.61512 -1.48804
0.387 3.71527 -1.5303
0.388 3.80084 -1.56403
0.389 3.87148 -1.58907
0.39 3.92692 -1.60528
0.391 3.96695 -1.61257
0.392 3.99141 -1.61088
0.393 4.00024 -1.60019
0.394 3.99339 -1.58053
0.395 3.97092 -1.55196
0.396 3.93293 -1.51458
0.397 3.87959 -1.46853
0.398 3.81113 -1.41399
0.399 3.72786 -1.35117
0.4 3.63013 -1.28033
0.401 3.51835 -1.20176
0.402 3.39302 -1.11578
0.403 3.25465 -1.02275
0.404 3.10384 -0.923043
0.405 2.94123 -0.817086
0.406 2.76751 -0.705324
0.407 2.58342 -0.588225
0.408 2.38975 -0.466287
0.409 2.18731 -0.340025
0.41 1.97698 -0.209978
0.411 1.75964 -0.0766999
0.412 1.53623 0.0592393
0.413 1.30771 0.197257
0.414 1.07505 0.336759
0.415 0.839244 0.477146
0.416 0.601316 0.61781
0.417 0.362288 0.758145
0.418 0.123191 0.897541
0.419 -0.11494 1.03539
0.42 -0.351071 1.1711
0.421 -0.584176 1.30407
0.422 -0.813236 1.43372
0.423 -1.03725 1.55949
0.424 -1.25523 1.68081
0.425 -1.46622 1.79716
0.426 -1.66928 1.90802
0.427 -1.86351 2.01289
0.428 -2.04803 2.11132
0.429 -2.22203 2.20285
0.43 -2.38469 2.28709
0.431 -2.53529 2.36364
0.432 -2.67313 2.43216
0.433 -2.79755 2.49234
0.434 -2.90797 2.5439
0.435 -3.00386 2.58659
0.436 -3.08474 2.62022
0.437 -3.1502 2.64462
0.438 -3.19989 2.65967
0.439 -3.23352 2.66528
0.44 -3.25088 2.66141
0.441 -3.25181 2.64805
0.442 -3.23623 2.62526
0.443 -3.20414 2.59311
0.444 -3.15558 2.55173
0.445 -3.09068 2.50128
0.446 -3.00964 2.44197
0.447 -2.91271 2.37404
0.448 -2.80023 2.29777
0.449 -2.67259 2.21349
0.45 -2.53025 2.12156
0.451 -2.37374 2.02236
0.452 -2.20365 1.91633
0.453 -2.02062 1.80392
0.454 -1.82534 1.68563
0.455 -1.61859 1.56196
0.456 -1.40115 1.43347
0.457 -1.17389 1.30071
0.458 -0.937705 1.16428
0.459 -0.693535 1.02479
0.46 -0.442357 0.882848
0.461 -0.185181 0.739103
0.462 0.0769541 0.5942
0.463 0.342983 0.448795
0.464 0.611822 0.303551
0.465 0.882368 0.159133
0.466 1.15351 0.016206
0.467 1.42412 -0.124568
0.468 1.69308 -0.262531
0.469 1.95927 -0.397038
0.47 2.22158 -0.52745
0.471 2.47889 -0.653145
0.472 2.73013 -0.773519
0.473 2.97422 -0.887986
0.474 3.21011 -0.995982
0.475 3.43681 -1.09697
0.476 3.65332 -1.19044
0.477 3.8587 -1.2759
0.478 4.05205 -1.35291
0.479 4.23251 -1.42105
0.48 4.39928 -1.47995
0.481 4.5516 -1.52925
0.482 4.68878 -1.56866
0.483 4.81017 -1.59791
0.484 4.91519 -1.61679
0.485 5.00334 -1.62511
0.486 5.07415 -1.62275
0.487 5.12727 -1.60961
0.488 5.16237 -1.58567
0.489 5.17922 -1.55092
0.49 5.17766 -1.50541
0.491 5.1576 -1.44925
0.492 5.11903 -1.38258
0.493 5.062 -1.30559
0.494 4.98666 -1.21853
0.495 4.89322 -1.12167
0.496 4.78196 -1.01534
0.497 4.65324 -0.899917
0.498 4.5075 -0.775809
0.499 4.34522 -0.64347
0.5 4.167 -0.503392
0.501 3.97345 -0.356104
0.502 3.76529 -0.20217
0.503 3.54328 -0.0421879
0.504 3.30824 0.123215
0.505 3.06104 0.293384
0.506 2.80262 0.467634
0.507 2.53396 0.645263
0.508 2.25608 0.825543
0.509 1.97004 1.00773
0.51 1.67695 1.19107
0.511 1.37794 1.37479
0.512 1.07417 1.55812
0.513 0.766818 1.74026
0.514 0.457094 1.92045
0.515 0.146213 2.09788
0.516 -0.164603 2.27178
0.517 -0.474124 2.44138
0.518 -0.781124 2.60591
0.519 -1.08438 2.76464
0.52 -1.38269 2.91681
0.521 -1.67485 3.06173
0.522 -1.9597 3.19871
0.523 -2.23609 3.32708
0.524 -2.5029 3.44621
0.525 -2.75905 3.5555
0.526 -3.00351 3.65438
0.527 -3.23528 3.74231
0.528 -3.4534 3.81882
0.529 -3.657 3.88344
0.53 -3.84522 3.93576
0.531 -4.01729 3.97544
0.532 -4.17249 4.00215
0.533 -4.31017 4.01563
0.534 -4.42976 4.01565
0.535 -4.53074 4.00206
0.536 -4.61267 3.97475
0.537 -4.67521 3.93365
0.538 -4.71806 3.87875
0.539 -4.74102 3.81011
0.54 -4.74398 3.72782
0.541 -4.72689 3.63205
0.542 -4.68978 3.52299
0.543 -4.63279 3.40092
0.544 -4.5561 3.26615
0.545 -4.46 3.11903
0.546 -4.34486 2.96
0.547 -4.21111 2.78951
0.548 -4.05926 2.60808
0.549 -3.88992 2.41626
0.55 -3.70374 2.21466
0.551 -3.50146 2.00392
0.552 -3.28387 1.78472
0.553 -3.05185 1.55779
0.554 -2.80632 1.32387
0.555 -2.54826 1.08375
0.556 -2.27872 0.838248
0.557 -1.99877 0.588199
0.558 -1.70956 0.334467
0.559 -1.41225 0.0779302
0.56 -1.10806 -0.180514
0.561 -0.798231 -0.439958
0.562 -0.484024 -0.699484
0.563 -0.166732 -0.958169
0.564 0.152339 -1.21509
0.565 0.471873 -1.46932
0.566 0.790547 -1.71995
0.567 1.10704 -1.96607
0.568 1.42003 -2.20677
0.569 1.72821 -2.44119
0.57 2.03029 -2.66847
0.571 2.325 -2.88776
0.572 2.61108 -3.09825
0.573 2.88734 -3.29917
0.574 3.15258 -3.48977
0.575 3.40568 -3.66934
0.576 3.64553 -3.8372
0.577 3.8711 -3.99271
0.578 4.08141 -4.1353
0.579 4.27551 -4.26443
0.58 4.45255 -4.37959
0.581 4.61172 -4.48035
0.582 4.75231 -4.56631
0.583 4.87364 -4.63715
0.584 4.97513 -4.69258
0.585 5.05629 -4.73239
0.586 5.11669 -4.75641
0.587 5.15599 -4.76453
0.588 5.17393 -4.75672
0.589 5.17033 -4.73298
0.59 5.14512 -4.69339
0.591 5.09829 -4.6381
0.592 5.02993 -4.56728
0.593 4.94021 -4.48121
0.594 4.8294 -4.38018
0.595 4.69783 -4.26458
0.596 4.54595 -4.13482
0.597 4.37425 -3.99139
0.598 4.18333 -3.83482
0.599 3.97387 -3.6657
0.6 3.74661 -3.48465
0.601 3.50237 -3.29236
0.602 3.24205 -3.08956
0.603 2.96659 -2.87699
0.604 2.67703 -2.65548
0.605 2.37444 -2.42586
0.606 2.05996 -2.18899
0.607 1.73476 -1.94579
0.608 1.40009 -1.69716
0.609 1.05722 -1.44407
0.61 0.707443 -1.18747
0.611 0.352112 -0.928357
0.612 -0.00741328 -0.667708
0.613 -0.369748 -0.406527
0.614 -0.733492 -0.145816
0.615 -1.09724 0.113423
0.616 -1.45957 0.370193
0.617 -1.81909 0.623506
0.618 -2.17438 0.872383
0.619 -2.52407 1.11587
0.62 -2.86678 1.35301
0.621 -3.20116 1.5829
0.622 -3.52591 1.80464
0.623 -3.83974 2.01738
0.624 -4.14141 2.22028
0.625 -4.42974 2.41255
0.626 -4.70357 2.59346
0.627 -4.96183 2.76227
0.628 -5.20349 2.91835
0.629 -5.42757 3.06107
0.63 -5.63318 3.18987
0.631 -5.81951 3.30425
0.632 -5.98579 3.40375
0.633 -6.13136 3.48797
0.634 -6.25562 3.55657
0.635 -6.35807 3.60929
0.636 -6.43828 3.64589
0.637 -6.49592 3.66623
0.638 -6.53075 3.67022
0.639 -6.5426 3.65781
0.64 -6.53141 3.62906
0.641 -6.4972 3.58405
0.642 -6.4401 3.52295
0.643 -6.36031 3.44598
0.644 -6.25812 3.35342
0.645 -6.13392 3.24561
0.646 -5.98819 3.12297
0.647 -5.82148 2.98594
0.648 -5.63444 2.83505
0.649 -5.42779 2.67087
0.65 -5.20234 2.49402
0.651 -4.95896 2.30517
0.652 -4.69861 2.10504
0.653 -4.4223 1.89439
0.654 -4.13112 1.67403
0.655 -3.8262 1.44479
0.656 -3.50875 1.20755
0.657 -3.18002 0.96322
0.658 -2.84129 0.71273
0.659 -2.49391 0.457039
0.66 -2.13924 0.197126
0.661 -1.77869 -0.0660136
0.662 -1.41367 -0.331373
0.663 -1.04564 -0.597935
0.664 -0.676049 -0.86468
0.665 -0.306355 -1.13058
0.666 0.0619737 -1.39463
0.667 0.427479 -1.65581
0.668 0.788712 -1.91312
0.669 1.14424 -2.16557
0.67 1.49266 -2.41221
0.671 1.83258 -2.65208
0.672 2.16265 -2.88427
0.673 2.48157 -3.1079
0.674 2.78808 -3.3221
0.675 3.08095 -3.52607
0.676 3.35902 -3.71902
0.677 3.6212 -3.90023
0.678 3.86644 -4.069
0.679 4.09377 -4.2247
0.68 4.30229 -4.36674
0.681 4.49119 -4.49458
0.682 4.65971 -4.60774
0.683 4.80719 -4.70581
0.684 4.93305 -4.78841
0.685 5.03681 -4.85524
0.686 5.11806 -4.90607
0.687 5.17648 -4.94071
0.688 5.21186 -4.95905
0.689 5.22407 -4.96103
0.69 5.21309 -4.94667
0.691 5.17896 -4.91603
0.692 5.12185 -4.86926
0.693 5.04201 -4.80655
0.694 4.93977 -4.72816
0.695 4.81556 -4.63442
0.696 4.66991 -4.52571
0.697 4.50343 -4.40246
0.698 4.3168 -4.26517
0.699 4.1108 -4.11438
0.7 3.88629 -3.9507
0.701 3.64419 -3.77478
0.702 3.38551 -3.58731
0.703 3.11131 -3.38903
0.704 2.82273 -3.18072
0.705 2.52097 -2.96319
0.706 2.20726 -2.7373
0.707 1.8829 -2.50393
0.708 1.54924 -2.26399
0.709 1.20765 -2.01841
0.71 0.859538 -1.76815
0.711 0.506356 -1.51418
0.712 0.149559 -1.25747
0.713 -0.209375 -0.999013
0.714 -0.56896 -0.739806
0.715 -0.927703 -0.480841
0.716 -1.28412 -0.223108
0.717 -1.63672 0.0324105
0.718 -1.98405 0.284745
0.719 -2.32465 0.532941
0.72 -2.65711 0.776062
0.721 -2.98005 1.0132
0.722 -3.2921 1.24346
0.723 -3.59196 1.46599
0.724 -3.87837 1.67998
0.725 -4.15013 1.88464
0.726 -4.40609 2.07921
0.727 -4.64516 2.26301
0.728 -4.86633 2.43537
0.729 -5.06866 2.5957
0.73 -5.25127 2.74342
0.731 -5.41337 2.87805
0.732 -5.55425 2.99913
0.733 -5.67331 3.10626
0.734 -5.76999 3.19913
0.735 -5.84386 3.27744
0.736 -5.89456 3.341
0.737 -5.92184 3.38964
0.738 -5.92554 3.42328
0.739 -5.90558 3.44189
0.74 -5.86199 3.4455
0.741 -5.79491 3.43421
0.742 -5.70454 3.40818
0.743 -5.59121 3.36761
0.744 -5.45532 3.3128
0.745 -5.29736 3.24408
0.746 -5.11794 3.16184
0.747 -4.91772 3.06652
0.748 -4.69747 2.95863
0.749 -4.45803 2.83873
0.75 -4.20032 2.70741
0.751 -3.92535 2.56532
0.752 -3.63417 2.41316
0.753 -3.32793 2.25165
0.754 -3.00781 2.08157
0.755 -2.67508 1.90373
0.756 -2.33103 1.71894
0.757 -1.97703 1.52809
0.758 -1.61447 1.33205
0.759 -1.24477 1.13174
0.76 -0.869391 0.928071
0.761 -0.489826 0.721985
0.762 -0.107575 0.514425
0.763 0.27585 0.306341
0.764 0.658927 0.0986822
0.765 1.04014 -0.107605
0.766 1.41796 -0.31158
0.767 1.79091 -0.512317
0.768 2.15749 -0.7089
0.769 2.51625 -0.900437
0.77 2.86576 -1.08606
0.771 3.20462 -1.26491
0.772 3.5315 -1.43618
0.773 3.84509 -1.59909
0.774 4.14414 -1.75289
0.775 4.42747 -1.89688
0.776 4.69394 -2.03038
0.777 4.94249 -2.15279
0.778 5.17215 -2.26352
0.779 5.382 -2.36207
0.78 5.5712 -2.44795
0.781 5.73901 -2.52076
0.782 5.88477 -2.58014
0.783 6.00791 -2.62578
0.784 6.10794 -2.65746
0.785 6.18448 -2.67498
0.786 6.23723 -2.67823
0.787 6.266 -2.66715
0.788 6.27068 -2.64173
0.789 6.25129 -2.60205
0.79 6.20791 -2.54823
0.791 6.14074 -2.48046
0.792 6.05007 -2.39899
0.793 5.93629 -2.30411
0.794 5.79988 -2.1962
0.795 5.64141 -2.07568
0.796 5.46154 -1.94301
0.797 5.26104 -1.79874
0.798 5.04072 -1.64343
0.799 4.80151 -1.47772
0.8 4.54441 -1.30227
0.801 4.27048 -1.11781
0.802 3.98085 -0.925084
0.803 3.67673 -0.724892
0.804 3.35938 -0.518058
0.805 3.03012 -0.305437
0.806 2.6903 -0.0879132
0.807 2.34134 0.133608
0.808 1.98468 0.358203
0.809 1.62181 0.584929
0.81 1.25423 0.812837
0.811 0.883456 1.04097
0.812 0.511037 1.26836
0.813 0.138517 1.49404
0.814 -0.232555 1.71707
0.815 -0.600636 1.93649
0.816 -0.964194 2.15136
0.817 -1.32171 2.36077
0.818 -1.67171 2.56382
0.819 -2.01271 2.75962
0.82 -2.3433 2.94735
0.821 -2.66209 3.12617
0.822 -2.96775 3.29531
0.823 -3.259 3.45404
0.824 -3.5346 3.60163
0.825 -3.79339 3.73745
0.826 -4.03429 3.86088
0.827 -4.25627 3.97136
0.828 -4.45838 4.06839
0.829 -4.63977 4.15151
0.83 -4.79964 4.22033
0.831 -4.93732 4.27452
0.832 -5.05219 4.31379
0.833 -5.14376 4.33792
0.834 -5.21159 4.34677
0.835 -5.25539 4.34025
0.836 -5.27493 4.31832
0.837 -5.27009 4.28102
0.838 -5.24085 4.22846
0.839 -5.1873 4.16079
0.84 -5.10961 4.07825
0.841 -5.00807 3.98112
0.842 -4.88305 3.86975
0.843 -4.73504 3.74455
0.844 -4.5646 3.606
0.845 -4.37239 3.4546
0.846 -4.15917 3.29096
0.847 -3.92579 3.11568
0.848 -3.67316 2.92946
0.849 -3.4023 2.73303
0.85 -3.11427 2.52715
0.851 -2.81025 2.31264
0.852 -2.49144 2.09035
0.853 -2.15914 1.86117
0.854 -1.81468 1.62601
0.855 -1.45946 1.38581
0.856 -1.09492 1.14155
0.857 -0.722535 0.894207
0.858 -0.343821 0.644786
0.859 0.0396778 0.394299
0.86 0.426396 0.143768
0.861 0.814752 -0.105784
0.862 1.20315 -0.353334
0.863 1.59001 -0.597865
0.864 1.97372 -0.83837
0.865 2.35272 -1.07385
0.866 2.72543 -1.30334
0.867 3.09032 -1.52587
0.868 3.44586 -1.74052
0.869 3.79059 -1.9464
0.87 4.12306 -2.14262
0.871 4.44189 -2.32837
0.872 4.74574 -2.50285
0.873 5.03332 -2.66533
0.874 5.30343 -2.8151
0.875 5.55491 -2.95152
0.876 5.78669 -3.07398
0.877 5.99778 -3.18196
0.878 6.18726 -3.27497
0.879 6.3543 -3.35258
0.88 6.49816 -3.41444
0.881 6.61819 -3.46025
0.882 6.71384 -3.48978
0.883 6.78466 -3.50285
0.884 6.83029 -3.49937
0.885 6.85047 -3.47931
0.886 6.84504 -3.4427
0.887 6.81397 -3.38964
0.888 6.75729 -3.32031
0.889 6.67517 -3.23493
0.89 6.56786 -3.13382
0.891 6.43572 -3.01734
0.892 6.2792 -2.88592
0.893 6.09888 -2.74005
0.894 5.8954 -2.5803
0.895 5.66951 -2.40727
0.896 5.42204 -2.22163
0.897 5.15393 -2.0241
0.898 4.86619 -1.81547
0.899 4.5599 -1.59654
0.9 4.23624 -1.36818
0.901 3.89643 -1.13131
0.902 3.54179 -0.886856
0.903 3.17368 -0.635809
0.904 2.79352 -0.379174
0.905 2.40279 -0.117986
0.906 2.00299 0.146697
0.907 1.59568 0.413801
0.908 1.18244 0.682237
0.909 0.764892 0.950907
0.91 0.344658 1.21871
0.911 -0.0766184 1.48453
0.912 -0.497289 1.74729
0.913 -0.915705 2.00587
0.914 -1.33023 2.25922
0.915 -1.73923 2.50625
0.916 -2.1411 2.74594
0.917 -2.53427 2.97726
0.918 -2.91718 3.19923
0.919 -3.28834 3.4109
0.92 -3.64627 3.61135
0.921 -3.98958 3.7997
0.922 -4.3169 3.97513
0.923 -4.62695 4.13686
0.924 -4.91851 4.28416
0.925 -5.19042 4.41634
0.926 -5.44162 4.5328
0.927 -5.67112 4.63297
0.928 -5.87802 4.71636
0.929 -6.06149 4.78253
0.93 -6.22082 4.83113
0.931 -6.3554 4.86184
0.932 -6.46468 4.87444
0.933 -6.54824 4.86878
0.934 -6.60577 4.84477
0.935 -6.63705 4.80238
0.936 -6.64195 4.74167
0.937 -6.62048 4.66278
0.938 -6.57273 4.5659
0.939 -6.49891 4.45129
0.94 -6.39931 4.3193
0.941 -6.27436 4.17034
0.942 -6.12457 4.00487
0.943 -5.95054 3.82344
0.944 -5.753 3.62666
0.945 -5.53273 3.41518
0.946 -5.29065 3.18973
0.947 -5.02773 2.9511
0.948 -4.74504 2.7001
0.949 -4.44374 2.43763
0.95 -4.12504 2.16461
0.951 -3.79024 1.88202
0.952 -3.4407 1.59087
0.953 -3.07784 1.29219
0.954 -2.70313 0.987083
0.955 -2.31809 0.676636
0.956 -1.9243 0.361983
0.957 -1.52335 0.0442699
0.958 -1.11686 -0.275343
0.959 -0.706503 -0.595686
0.96 -0.293937 -0.915583
0.961 0.119155 -1.23386
0.962 0.531091 -1.54934
0.963 0.94019 -1.86087
0.964 1.34478 -2.1673
0.965 1.74322 -2.46749
0.966 2.13388 -2.76033
0.967 2.51515 -3.04475
0.968 2.88547 -3.31969
0.969 3.24334 -3.58413
0.97 3.58728 -3.83709
0.971 3.91587 -4.07764
0.972 4.22776 -4.3049
0.973 4.52167 -4.51801
0.974 4.79637 -4.71621
0.975 5.05074 -4.89874
0.976 5.28371 -5.06496
0.977 5.49431 -5.21424
0.978 5.68166 -5.34605
0.979 5.84495 -5.4599
0.98 5.98351 -5.5554
0.981 6.09673 -5.63219
0.982 6.18411 -5.69001
0.983 6.24528 -5.72868
0.984 6.27993 -5.74805
0.985 6.28789 -5.7481
0.986 6.26908 -5.72883
0.987 6.22354 -5.69036
0.988 6.15142 -5.63286
0.989 6.05295 -5.55657
0.99 5.92848 -5.46181
0.991 5.77849 -5.34896
0.992 5.60353 -5.2185
0.993 5.40426 -5.07094
0.994 5.18143 -4.90688
0.995 4.93591 -4.72696
0.996 4.66863 -4.53191
0.997 4.38063 -4.32249
0.998 4.07303 -4.09953
0.999 3.74703 -3.86392
1 3.40388 -3.61657
