0.001 3.40913e-008 2.54364e-009
0.002 3.10464e-007 2.043e-008
0.003 1.46386e-006 8.47899e-008
0.004 4.84968e-006 2.48866e-007
0.005 1.28348e-005 5.9048e-007
0.006 2.90785e-005 1.21617e-006
0.007 5.88004e-005 2.26745e-006
0.008 0.000109034 3.9296e-006
0.009 0.000188863 6.44336e-006
0.01 0.000309636 1.01199e-005
0.011 0.000485162 1.53595e-005
0.012 0.000731882 2.26737e-005
0.013 0.00106901 3.27122e-005
0.014 0.00151866 4.62932e-005
0.015 0.00210592 6.44388e-005
0.016 0.00285893 8.84145e-005
0.017 0.00380889 0.000119773
0.018 0.00499007 0.000160404
0.019 0.00643978 0.000212585
0.02 0.00819828 0.000279039
0.021 0.0103087 0.000362995
0.022 0.0128169 0.000468256
0.023 0.0157712 0.000599261
0.024 0.0192225 0.000761158
0.025 0.0232235 0.000959881
0.026 0.0278291 0.00120222
0.027 0.0330956 0.0014959
0.028 0.0390805 0.00184965
0.029 0.0458424 0.0022733
0.03 0.0534401 0.00277784
0.031 0.0619328 0.00337551
0.032 0.0713795 0.00407983
0.033 0.0818382 0.00490576
0.034 0.093366 0.00586966
0.035 0.106018 0.00698943
0.036 0.119848 0.00828454
0.037 0.134907 0.00977607
0.038 0.151241 0.0114868
0.039 0.168897 0.0134411
0.04 0.187912 0.0156652
0.041 0.208324 0.018187
0.042 0.230163 0.0210363
0.043 0.253454 0.0242443
0.044 0.278217 0.0278443
0.045 0.304465 0.031871
0.046 0.332205 0.0363611
0.047 0.361435 0.0413526
0.048 0.392149 0.0468852
0.049 0.424331 0.0529999
0.05 0.457957 0.0597393
0.051 0.492995 0.067147
0.052 0.529405 0.0752678
0.053 0.567138 0.0841475
0.054 0.606137 0.0938326
0.055 0.646335 0.10437
0.056 0.687657 0.115809
0.057 0.730019 0.128195
0.058 0.773327 0.141577
0.059 0.817481 0.156003
0.06 0.86237 0.171521
0.061 0.907876 0.188175
0.062 0.953872 0.206013
0.063 1.00022 0.225077
0.064 1.04679 0.245412
0.065 1.09342 0.267057
0.066 1.13997 0.290051
0.067 1.18626 0.314431
0.068 1.23214 0.340229
0.069 1.27744 0.367476
0.07 1.32197 0.396198
0.071 1.36556 0.426419
0.072 1.40803 0.458157
0.073 1.4492 0.491427
0.074 1.48887 0.526238
0.075 1.52688 0.562594
0.076 1.56302 0.600496
0.077 1.59713 0.639937
0.078 1.62902 0.680904
0.079 1.65851 0.723379
0.08 1.68543 0.767336
0.081 1.70961 0.812746
0.082 1.73089 0.859568
0.083 1.74911 0.907758
0.084 1.76414 0.957263
0.085 1.77582 1.00802
0.086 1.78402 1.05997
0.087 1.78864 1.11303
0.088 1.78956 1.16712
0.089 1.78668 1.22215
0.09 1.77992 1.27802
0.091 1.76922 1.33462
0.092 1.75451 1.39185
0.093 1.73576 1.44958
0.094 1.71293 1.50769
0.095 1.68602 1.56604
0.096 1.65503 1.62448
0.097 1.61999 1.68288
0.098 1.58094 1.74107
0.099 1.53792 1.7989
0.1 1.49102 1.8562
0.101 1.44031 1.9128
0.102 1.38593 1.96852
0.103 1.32797 2.02318
0.104 1.2666 2.0766
0.105 1.20196 2.12859
0.106 1.13423 2.17897
0.107 1.0636 2.22753
0.108 0.990288 2.2741
0.109 0.914505 2.31846
0.11 0.83649 2.36044
0.111 0.756494 2.39983
0.112 0.674781 2.43644
0.113 0.591624 2.47009
0.114 0.507312 2.50059
0.115 0.422139 2.52775
0.116 0.336413 2.5514
0.117 0.250447 2.57136
0.118 0.164561 2.58747
0.119 0.0790815 2.59956
0.12 -0.00566123 2.60748
0.121 -0.0893338 2.61108
0.122 -0.171601 2.61024
0.123 -0.252128 2.60482
0.124 -0.330582 2.59471
0.125 -0.406629 2.57981
0.126 -0.479944 2.56003
0.127 -0.550204 2.53527
0.128 -0.617096 2.50549
0.129 -0.680312 2.47063
0.13 -0.739557 2.43065
0.131 -0.794545 2.38552
0.132 -0.845005 2.33525
0.133 -0.890678 2.27984
0.134 -0.931322 2.21932
0.135 -0.966711 2.15372
0.136 -0.996636 2.08311
0.137 -1.02091 2.00757
0.138 -1.03936 1.92718
0.139 -1.05185 1.84206
0.14 -1.05824 1.75233
0.141 -1.05844 1.65814
0.142 -1.05236 1.55965
0.143 -1.03996 1.45704
0.144 -1.02121 1.35051
0.145 -0.996095 1.24027
0.146 -0.964653 1.12655
0.147 -0.92693 1.00959
0.148 -0.883003 0.889646
0.149 -0.832977 0.767001
0.15 -0.776983 0.641939
0.151 -0.715179 0.51476
0.152 -0.647749 0.385778
0.153 -0.574904 0.255319
0.154 -0.496879 0.123716
0.155 -0.413936 -0.0086834
0.156 -0.326359 -0.141527
0.157 -0.234459 -0.274452
0.158 -0.138565 -0.407091
0.159 -0.0390323 -0.53907
0.16 0.0637676 -0.670013
0.161 0.169442 -0.799538
0.162 0.27758 -0.927263
0.163 0.387756 -1.05281
0.164 0.499528 -1.17579
0.165 0.612441 -1.29582
0.166 0.726031 -1.41254
0.167 0.83982 -1.52557
0.168 0.953325 -1.63455
0.169 1.06606 -1.73911
0.17 1.17752 -1.83893
0.171 1.28722 -1.93365
0.172 1.39466 -2.02295
0.173 1.49935 -2.10652
0.174 1.60079 -2.18407
0.175 1.6985 -2.25531
0.176 1.79201 -2.31998
0.177 1.88085 -2.37783
0.178 1.96455 -2.42863
0.179 2.0427 -2.47219
0.18 2.11485 -2.50831
0.181 2.18061 -2.53683
0.182 2.23958 -2.55761
0.183 2.29141 -2.57054
0.184 2.33575 -2.57552
0.185 2.37229 -2.57248
0.186 2.40074 -2.5614
0.187 2.42083 -2.54225
0.188 2.43234 -2.51506
0.189 2.43507 -2.47985
0.19 2.42885 -2.4367
0.191 2.41354 -2.3857
0.192 2.38905 -2.32698
0.193 2.3553 -2.26069
0.194 2.31228 -2.187
0.195 2.25998 -2.10612
0.196 2.19845 -2.01828
0.197 2.12777 -1.92374
0.198 2.04805 -1.82278
0.199 1.95944 -1.71571
0.2 1.86215 -1.60285
0.201 1.75639 -1.48457
0.202 1.64243 -1.36123
0.203 1.52056 -1.23324
0.204 1.39111 -1.10101
0.205 1.25446 -0.964979
0.206 1.11099 -0.825595
0.207 0.961141 -0.683327
0.208 0.805362 -0.538658
0.209 0.644142 -0.392083
0.21 0.477994 -0.244107
0.211 0.307454 -0.095246
0.212 0.133082 0.0539773
0.213 -0.0445414 0.203034
0.214 -0.224816 0.351393
0.215 -0.407127 0.498517
0.216 -0.590844 0.643873
0.217 -0.775325 0.786926
0.218 -0.959919 0.927148
0.219 -1.14397 1.06401
0.22 -1.32681 1.197
0.221 -1.50778 1.32561
0.222 -1.68621 1.44935
0.223 -1.86145 1.56772
0.224 -2.03284 1.68026
0.225 -2.19973 1.78652
0.226 -2.3615 1.88606
0.227 -2.51752 1.97848
0.228 -2.66719 2.06338
0.229 -2.80993 2.14038
0.23 -2.94517 2.20916
0.231 -3.07237 2.26939
0.232 -3.19103 2.32078
0.233 -3.30066 2.36308
0.234 -3.40081 2.39605
0.235 -3.49106 2.41949
0.236 -3.57102 2.43324
0.237 -3.64034 2.43716
0.238 -3.69872 2.43115
0.239 -3.74588 2.41515
0.24 -3.78159 2.38912
0.241 -3.80567 2.35307
0.242 -3.81797 2.30703
0.243 -3.8184 2.25109
0.244 -3.80689 2.18535
0.245 -3.78344 2.10995
0.246 -3.74808 2.02508
0.247 -3.7009 1.93095
0.248 -3.64202 1.82781
0.249 -3.57163 1.71594
0.25 -3.48993 1.59565
0.251 -3.3972 1.46728
0.252 -3.29373 1.33123
0.253 -3.17989 1.18788
0.254 -3.05607 1.03768
0.255 -2.92271 0.881082
0.256 -2.78027 0.718572
0.257 -2.62927 0.550659
0.258 -2.47026 0.377873
0.259 -2.30382 0.200764
0.26 -2.13056 0.0199008
0.261 -1.95113 -0.164133
0.262 -1.7662 -0.350738
0.263 -1.57646 -0.539304
0.264 -1.38264 -0.729211
0.265 -1.18546 -0.919831
0.266 -0.98569 -1.11053
0.267 -0.784089 -1.30068
0.268 -0.581438 -1.48962
0.269 -0.378524 -1.67674
0.27 -0.176136 -1.8614
0.271 0.0249323 -2.04297
0.272 0.22389 -2.22084
0.273 0.419952 -2.3944
0.274 0.612339 -2.56304
0.275 0.800286 -2.72621
0.276 0.983038 -2.88333
0.277 1.15986 -3.03386
0.278 1.33004 -3.17729
0.279 1.49288 -3.3131
0.28 1.64772 -3.44085
0.281 1.79392 -3.56007
0.282 1.93088 -3.67035
0.283 2.05802 -3.77131
0.284 2.17481 -3.86259
0.285 2.28076 -3.94388
0.286 2.37542 -4.01488
0.287 2.45836 -4.07535
0.288 2.52923 -4.12507
0.289 2.58771 -4.16388
0.29 2.63352 -4.19162
0.291 2.66645 -4.20821
0.292 2.68632 -4.21358
0.293 2.69302 -4.20771
0.294 2.68648 -4.19062
0.295 2.66669 -4.16238
0.296 2.63369 -4.12309
0.297 2.58756 -4.07287
0.298 2.52846 -4.01192
0.299 2.45659 -3.94044
0.3 2.37219 -3.85869
0.301 2.27557 -3.76696
0.302 2.16709 -3.66557
0.303 2.04713 -3.55489
0.304 1.91617 -3.43531
0.305 1.77468 -3.30725
0.306 1.62322 -3.17116
0.307 1.46236 -3.02754
0.308 1.29273 -2.87688
0.309 1.115 -2.71973
0.31 0.929852 -2.55664
0.311 0.738026 -2.38819
0.312 0.540281 -2.21497
0.313 0.337403 -2.0376
0.314 0.130204 -1.85671
0.315 -0.0804838 -1.67292
0.316 -0.29381 -1.4869
0.317 -0.50891 -1.29928
0.318 -0.72491 -1.11073
0.319 -0.940926 -0.92191
0.32 -1.15607 -0.733476
0.321 -1.36946 -0.546083
0.322 -1.58022 -0.36038
0.323 -1.78745 -0.177008
0.324 -1.99031 0.00340338
0.325 -2.18793 0.180237
0.326 -2.37949 0.352892
0.327 -2.56417 0.520785
0.328 -2.74118 0.683353
0.329 -2.90976 0.840054
0.33 -3.06918 0.990373
0.331 -3.21874 1.13382
0.332 -3.35779 1.26993
0.333 -3.4857 1.39827
0.334 -3.6019 1.51845
0.335 -3.70585 1.63009
0.336 -3.79706 1.73287
0.337 -3.87511 1.82648
0.338 -3.9396 1.91066
0.339 -3.9902 1.9852
0.34 -4.02664 2.04991
0.341 -4.04869 2.10465
0.342 -4.05619 2.1493
0.343 -4.04902 2.18382
0.344 -4.02715 2.20817
0.345 -3.99058 2.22237
0.346 -3.93937 2.22648
0.347 -3.87366 2.22059
0.348 -3.79364 2.20485
0.349 -3.69954 2.17943
0.35 -3.59168 2.14454
0.351 -3.4704 2.10044
0.352 -3.33612 2.04742
0.353 -3.1893 1.98578
0.354 -3.03048 1.91591
0.355 -2.8602 1.83817
0.356 -2.6791 1.753
0.357 -2.48782 1.66083
0.358 -2.28708 1.56215
0.359 -2.07762 1.45746
0.36 -1.86022 1.34727
0.361 -1.63569 1.23214
0.362 -1.40489 1.11261
0.363 -1.16868 0.989287
0.364 -0.927967 0.862744
0.365 -0.683667 0.733589
0.366 -0.436716 0.602435
0.367 -0.188064 0.4699
0.368 0.0613323 0.336606
0.369 0.310509 0.203176
0.37 0.5585 0.0702332
0.371 0.804343 -0.0616054
0.372 1.04708 -0.191729
0.373 1.28577 -0.319534
0.374 1.51948 -0.444432
0.375 1.74729 -0.565845
0.376 1.96831 -0.683214
0.377 2.18167 -0.795998
0.378 2.38654 -0.903677
0.379 2.58211 -1.00575
0.38 2.76761 -1.10176
0.381 2.94231 -1.19124
0.382 3.10553 -1.2738
0.383 3.25662 -1.34903
0.384 3.39498 -1.4166
0.385 3.52008 -1.47618
0.386 3.63142 -1.52749
0.387 3.72856 -1.57029
0.388 3.81112 -1.60436
0.389 3.8788 -1.62954
0.39 3.93132 -1.6457
0.391 3.96848 -1.65273
0.392 3.99016 -1.6506
0.393 3.99627 -1.63929
0.394 3.98681 -1.61882
0.395 3.96183 -1.58928
0.396 3.92145 -1.55076
0.397 3.86585 -1.50341
0.398 3.79527 -1.44743
0.399 3.71003 -1.38303
0.4 3.61048 -1.31048
0.401 3.49707 -1.23008
0.402 3.37026 -1.14215
0.403 3.2306 -1.04707
0.404 3.07869 -0.945239
0.405 2.91517 -0.837076
0.406 2.74075 -0.723039
0.407 2.55615 -0.603612
0.408 2.36218 -0.479301
0.409 2.15965 -0.350635
0.41 1.94943 -0.218162
0.411 1.73241 -0.0824493
0.412 1.50953 0.0559229
0.413 1.28174 0.196361
0.414 1.05001 0.33826
0.415 0.815345 0.481009
0.416 0.578746 0.623993
0.417 0.341236 0.766592
0.418 0.10384 0.90819
0.419 -0.132415 1.04817
0.42 -0.366503 1.18593
0.421 -0.597405 1.32086
0.422 -0.824115 1.45237
0.423 -1.04564 1.57989
0.424 -1.26101 1.70287
0.425 -1.46926 1.82075
0.426 -1.66949 1.93303
0.427 -1.86079 2.03919
0.428 -2.04232 2.13878
0.429 -2.21324 2.23135
0.43 -2.3728 2.31649
0.431 -2.52025 2.39381
0.432 -2.65492 2.46297
0.433 -2.77617 2.52365
0.434 -2.88344 2.57557
0.435 -2.9762 2.6185
0.436 -3.05399 2.65223
0.437 -3.11642 2.6766
0.438 -3.16315 2.6915
0.439 -3.19392 2.69684
0.44 -3.20851 2.69258
0.441 -3.20679 2.67874
0.442 -3.18871 2.65534
0.443 -3.15424 2.6225
0.444 -3.10347 2.58033
0.445 -3.03653 2.529
0.446 -2.95363 2.46874
0.447 -2.85505 2.39979
0.448 -2.74111 2.32244
0.449 -2.61223 2.23703
0.45 -2.46888 2.14392
0.451 -2.31159 2.04351
0.452 -2.14096 1.93625
0.453 -1.95762 1.82259
0.454 -1.7623 1.70304
0.455 -1.55576 1.57812
0.456 -1.33879 1.44838
0.457 -1.11226 1.3144
0.458 -0.877061 1.17678
0.459 -0.634141 1.03612
0.46 -0.384473 0.893073
0.461 -0.129065 0.748269
0.462 0.131049 0.602369
0.463 0.394808 0.456035
0.464 0.661132 0.309936
0.465 0.928928 0.164745
0.466 1.19709 0.0211324
0.467 1.46451 -0.120235
0.468 1.73006 -0.258697
0.469 1.99265 -0.3936
0.47 2.25116 -0.524305
0.471 2.50451 -0.650187
0.472 2.75162 -0.770639
0.473 2.99144 -0.885075
0.474 3.22294 -0.992929
0.475 3.44513 -1.09366
0.476 3.65703 -1.18677
0.477 3.85772 -1.27177
0.478 4.04633 -1.3482
0.479 4.222 -1.41567
0.48 4.38396 -1.47379
0.481 4.53146 -1.52223
0.482 4.66383 -1.56068
0.483 4.78045 -1.5889
0.484 4.88075 -1.60666
0.485 4.96425 -1.6138
0.486 5.03051 -1.61019
0.487 5.07918 -1.59576
0.488 5.10996 -1.57048
0.489 5.12264 -1.53435
0.49 5.11708 -1.48744
0.491 5.0932 -1.42987
0.492 5.05101 -1.36178
0.493 4.99058 -1.28338
0.494 4.91207 -1.19492
0.495 4.8157 -1.09669
0.496 4.70177 -0.989039
0.497 4.57066 -0.87234
0.498 4.42281 -0.747019
0.499 4.25872 -0.613542
0.5 4.07899 -0.472411
0.501 3.88425 -0.324167
0.502 3.67522 -0.169385
0.503 3.45267 -0.00867181
0.504 3.21742 0.157333
0.505 2.97035 0.327964
0.506 2.7124 0.502529
0.507 2.44454 0.680314
0.508 2.16781 0.860585
0.509 1.88325 1.04259
0.51 1.59197 1.22557
0.511 1.2951 1.40873
0.512 0.993792 1.59131
0.513 0.689221 1.77251
0.514 0.382583 1.95155
0.515 0.0750814 2.12762
0.516 -0.232069 2.29996
0.517 -0.537654 2.46778
0.518 -0.84046 2.63033
0.519 -1.13928 2.78685
0.52 -1.43293 2.93662
0.521 -1.72022 3.07892
0.522 -2.00001 3.21307
0.523 -2.27116 3.33842
0.524 -2.53259 3.45433
0.525 -2.78323 3.5602
0.526 -3.02207 3.65548
0.527 -3.24813 3.73965
0.528 -3.46049 3.81222
0.529 -3.65827 3.87274
0.53 -3.84067 3.92083
0.531 -4.00692 3.95614
0.532 -4.15633 3.97835
0.533 -4.28829 3.98722
0.534 -4.40223 3.98255
0.535 -4.49766 3.96419
0.536 -4.57419 3.93203
0.537 -4.63146 3.88603
0.538 -4.66922 3.82621
0.539 -4.6873 3.75263
0.54 -4.68559 3.66541
0.541 -4.66406 3.56472
0.542 -4.62279 3.45079
0.543 -4.56191 3.32389
0.544 -4.48163 3.18436
0.545 -4.38227 3.03259
0.546 -4.26419 2.86901
0.547 -4.12786 2.6941
0.548 -3.97379 2.5084
0.549 -3.80261 2.31247
0.55 -3.61497 2.10695
0.551 -3.41162 1.89248
0.552 -3.19339 1.66978
0.553 -2.96112 1.43956
0.554 -2.71577 1.20262
0.555 -2.45831 0.959733
0.556 -2.18978 0.711742
0.557 -1.91128 0.459496
0.558 -1.62394 0.203868
0.559 -1.32892 -0.0542497
0.56 -1.02743 -0.31395
0.561 -0.720703 -0.574315
0.562 -0.410003 -0.83442
0.563 -0.0966069 -1.09333
0.564 0.218191 -1.35013
0.565 0.533086 -1.60387
0.566 0.846772 -1.85364
0.567 1.15794 -2.09854
0.568 1.46529 -2.33766
0.569 1.76753 -2.57012
0.57 2.0634 -2.79507
0.571 2.35164 -3.01167
0.572 2.63102 -3.21912
0.573 2.90037 -3.41665
0.574 3.15851 -3.6035
0.575 3.40435 -3.77899
0.576 3.63682 -3.94243
0.577 3.8549 -4.09322
0.578 4.05763 -4.23078
0.579 4.24412 -4.35458
0.58 4.41352 -4.46414
0.581 4.56507 -4.55904
0.582 4.69806 -4.6389
0.583 4.81187 -4.70341
0.584 4.90595 -4.7523
0.585 4.97981 -4.78539
0.586 5.03307 -4.80251
0.587 5.06541 -4.8036
0.588 5.0766 -4.78863
0.589 5.0665 -4.75763
0.59 5.03505 -4.71071
0.591 4.98227 -4.64803
0.592 4.90827 -4.5698
0.593 4.81326 -4.4763
0.594 4.69751 -4.36788
0.595 4.5614 -4.24492
0.596 4.40537 -4.10789
0.597 4.22994 -3.95727
0.598 4.03574 -3.79364
0.599 3.82345 -3.6176
0.6 3.59383 -3.4298
0.601 3.3477 -3.23096
0.602 3.08599 -3.02181
0.603 2.80964 -2.80315
0.604 2.51968 -2.5758
0.605 2.21721 -2.34061
0.606 1.90336 -2.09849
0.607 1.57931 -1.85035
0.608 1.2463 -1.59712
0.609 0.905591 -1.33979
0.61 0.558488 -1.07933
0.611 0.206324 -0.816727
0.612 -0.149547 -0.552997
0.613 -0.50775 -0.289147
0.614 -0.866899 -0.0261898
0.615 -1.2256 0.234864
0.616 -1.58246 0.493009
0.617 -1.93608 0.74725
0.618 -2.28509 0.996606
0.619 -2.62812 1.24011
0.62 -2.96381 1.47683
0.621 -3.29086 1.70583
0.622 -3.60797 1.92624
0.623 -3.91389 2.13719
0.624 -4.20741 2.33786
0.625 -4.48737 2.52747
0.626 -4.75265 2.70527
0.627 -5.00219 2.87058
0.628 -5.23501 3.02273
0.629 -5.45016 3.16114
0.63 -5.64679 3.28524
0.631 -5.8241 3.39456
0.632 -5.98138 3.48864
0.633 -6.11798 3.56713
0.634 -6.23335 3.62969
0.635 -6.32702 3.67606
0.636 -6.39859 3.70607
0.637 -6.44775 3.71956
0.638 -6.47431 3.71648
0.639 -6.47812 3.69682
0.64 -6.45915 3.66064
0.641 -6.41747 3.60806
0.642 -6.3532 3.53927
0.643 -6.26659 3.45452
0.644 -6.15796 3.35411
0.645 -6.02772 3.23843
0.646 -5.87636 3.10791
0.647 -5.70447 2.96303
0.648 -5.5127 2.80433
0.649 -5.30181 2.63242
0.65 -5.07261 2.44794
0.651 -4.82598 2.2516
0.652 -4.5629 2.04414
0.653 -4.28439 1.82635
0.654 -3.99154 1.59905
0.655 -3.6855 1.36312
0.656 -3.36748 1.11945
0.657 -3.03871 0.868964
0.658 -2.7005 0.61263
0.659 -2.35417 0.351423
0.66 -2.0011 0.0863427
0.661 -1.64267 -0.181598
0.662 -1.28031 -0.451375
0.663 -0.91543 -0.721955
0.664 -0.549487 -0.992302
0.665 -0.183926 -1.26138
0.666 0.179808 -1.52816
0.667 0.540275 -1.79163
0.668 0.896047 -2.05077
0.669 1.24571 -2.30458
0.67 1.58789 -2.55211
0.671 1.92123 -2.7924
0.672 2.2444 -3.02454
0.673 2.55612 -3.24764
0.674 2.85516 -3.46084
0.675 3.14033 -3.66333
0.676 3.41051 -3.85435
0.677 3.66462 -4.03316
0.678 3.90166 -4.19908
0.679 4.12069 -4.35149
0.68 4.32086 -4.48981
0.681 4.50136 -4.61352
0.682 4.66149 -4.72214
0.683 4.80062 -4.81529
0.684 4.91821 -4.8926
0.685 5.0138 -4.95379
0.686 5.08702 -4.99865
0.687 5.1376 -5.027
0.688 5.16535 -5.03877
0.689 5.17017 -5.03391
0.69 5.15206 -5.01247
0.691 5.11112 -4.97453
0.692 5.04753 -4.92026
0.693 4.96156 -4.84989
0.694 4.85359 -4.7637
0.695 4.72406 -4.66204
0.696 4.57352 -4.54532
0.697 4.40259 -4.414
0.698 4.212 -4.26861
0.699 4.00254 -4.10971
0.7 3.77506 -3.93794
0.701 3.53053 -3.75397
0.702 3.26994 -3.55852
0.703 2.99437 -3.35236
0.704 2.70498 -3.1363
0.705 2.40294 -2.91116
0.706 2.08952 -2.67784
0.707 1.76601 -2.43722
0.708 1.43374 -2.19026
0.709 1.09409 -1.9379
0.71 0.748473 -1.68111
0.711 0.398309 -1.42089
0.712 0.045052 -1.15822
0.713 -0.309834 -0.894131
0.714 -0.664879 -0.629614
0.715 -1.01861 -0.365681
0.716 -1.36955 -0.103337
0.717 -1.71625 0.156427
0.718 -2.05727 0.412629
0.719 -2.39117 0.664306
0.72 -2.71658 0.910517
0.721 -3.03212 1.15034
0.722 -3.33649 1.3829
0.723 -3.62839 1.60732
0.724 -3.90661 1.82279
0.725 -4.16998 2.02852
0.726 -4.41737 2.22377
0.727 -4.64774 2.40785
0.728 -4.86011 2.5801
0.729 -5.05356 2.73992
0.73 -5.22728 2.88677
0.731 -5.38049 3.02016
0.732 -5.51254 3.13963
0.733 -5.62284 3.24482
0.734 -5.71088 3.33541
0.735 -5.77627 3.41113
0.736 -5.81867 3.47178
0.737 -5.83788 3.51724
0.738 -5.83376 3.54743
0.739 -5.80628 3.56233
0.74 -5.75549 3.56201
0.741 -5.68155 3.54657
0.742 -5.5847 3.5162
0.743 -5.4653 3.47113
0.744 -5.32377 3.41166
0.745 -5.16063 3.33815
0.746 -4.97651 3.25101
0.747 -4.77208 3.15072
0.748 -4.54814 3.03779
0.749 -4.30554 2.9128
0.75 -4.04522 2.77637
0.751 -3.76819 2.62918
0.752 -3.47552 2.47194
0.753 -3.16835 2.30539
0.754 -2.84789 2.13033
0.755 -2.5154 1.94758
0.756 -2.17217 1.758
0.757 -1.81955 1.56246
0.758 -1.45894 1.36188
0.759 -1.09176 1.15717
0.76 -0.71946 0.949266
0.761 -0.343507 0.73913
0.762 0.0346082 0.527713
0.763 0.413389 0.315977
0.764 0.791333 0.104884
0.765 1.16694 -0.104612
0.766 1.53872 -0.311562
0.767 1.9052 -0.515031
0.768 2.26493 -0.7141
0.769 2.61646 -0.907869
0.77 2.95842 -1.09546
0.771 3.28943 -1.27604
0.772 3.60818 -1.44877
0.773 3.91341 -1.61289
0.774 4.2039 -1.76763
0.775 4.4785 -1.91231
0.776 4.73611 -2.04626
0.777 4.97573 -2.16887
0.778 5.1964 -2.27957
0.779 5.39724 -2.37786
0.78 5.57746 -2.46326
0.781 5.73636 -2.53538
0.782 5.87331 -2.59387
0.783 5.98777 -2.63844
0.784 6.0793 -2.66887
0.785 6.14755 -2.68498
0.786 6.19227 -2.68668
0.787 6.21329 -2.67391
0.788 6.21054 -2.6467
0.789 6.18407 -2.60512
0.79 6.13399 -2.54931
0.791 6.06053 -2.47949
0.792 5.96401 -2.39592
0.793 5.84484 -2.29891
0.794 5.70353 -2.18885
0.795 5.54068 -2.06617
0.796 5.35695 -1.93138
0.797 5.15314 -1.78501
0.798 4.93008 -1.62765
0.799 4.6887 -1.45996
0.8 4.43002 -1.28262
0.801 4.1551 -1.09636
0.802 3.86508 -0.901956
0.803 3.56118 -0.700206
0.804 3.24465 -0.491952
0.805 2.9168 -0.278064
0.806 2.579 -0.0594351
0.807 2.23265 0.163018
0.808 1.87917 0.388362
0.809 1.52005 0.615646
0.81 1.15677 0.843913
0.811 0.790831 1.0722
0.812 0.42376 1.29953
0.813 0.0570811 1.52495
0.814 -0.307683 1.74749
0.815 -0.669016 1.96621
0.816 -1.02541 2.18016
0.817 -1.37539 2.38843
0.818 -1.71749 2.59012
0.819 -2.05029 2.78437
0.82 -2.37239 2.97032
0.821 -2.68245 3.14717
0.822 -2.97917 3.31415
0.823 -3.26131 3.47052
0.824 -3.52768 3.6156
0.825 -3.77715 3.74872
0.826 -4.00869 3.86931
0.827 -4.2213 3.9768
0.828 -4.41409 4.07072
0.829 -4.58623 4.15061
0.83 -4.73698 4.2161
0.831 -4.8657 4.26687
0.832 -4.97181 4.30266
0.833 -5.05487 4.32327
0.834 -5.11448 4.32856
0.835 -5.15038 4.31845
0.836 -5.16238 4.29295
0.837 -5.1504 4.2521
0.838 -5.11445 4.19602
0.839 -5.05465 4.1249
0.84 -4.97122 4.03899
0.841 -4.86446 3.93857
0.842 -4.73478 3.82404
0.843 -4.58268 3.69581
0.844 -4.40875 3.55437
0.845 -4.21368 3.40025
0.846 -3.99824 3.23407
0.847 -3.76329 3.05646
0.848 -3.50976 2.86812
0.849 -3.23867 2.66979
0.85 -2.95112 2.46226
0.851 -2.64825 2.24635
0.852 -2.3313 2.02293
0.853 -2.00154 1.79289
0.854 -1.66031 1.55716
0.855 -1.309 1.31668
0.856 -0.949035 1.07244
0.857 -0.581887 0.825425
0.858 -0.209055 0.576638
0.859 0.167938 0.327097
0.86 0.547546 0.0778251
0.861 0.928211 -0.170156
0.862 1.30837 -0.415824
0.863 1.68645 -0.658166
0.864 2.0609 -0.896179
0.865 2.43016 -1.12887
0.866 2.79272 -1.35528
0.867 3.14705 -1.57446
0.868 3.4917 -1.78548
0.869 3.82521 -1.98747
0.87 4.1462 -2.17956
0.871 4.45332 -2.36095
0.872 4.74527 -2.53086
0.873 5.02082 -2.68856
0.874 5.27881 -2.83338
0.875 5.51812 -2.96469
0.876 5.73774 -3.0819
0.877 5.93672 -3.18451
0.878 6.11418 -3.27204
0.879 6.26935 -3.34411
0.88 6.40154 -3.40038
0.881 6.51013 -3.44057
0.882 6.59463 -3.46447
0.883 6.65463 -3.47194
0.884 6.6898 -3.46291
0.885 6.69995 -3.43737
0.886 6.68495 -3.39537
0.887 6.64479 -3.33706
0.888 6.57957 -3.26261
0.889 6.48947 -3.1723
0.89 6.37478 -3.06645
0.891 6.2359 -2.94545
0.892 6.07331 -2.80976
0.893 5.8876 -2.65989
0.894 5.67945 -2.49643
0.895 5.44962 -2.32
0.896 5.19897 -2.1313
0.897 4.92844 -1.93106
0.898 4.63906 -1.72009
0.899 4.33193 -1.4992
0.9 4.00822 -1.2693
0.901 3.66916 -1.03129
0.902 3.31607 -0.786134
0.903 2.9503 -0.534824
0.904 2.57327 -0.278376
0.905 2.18644 -0.0178328
0.906 1.79132 0.245742
0.907 1.38943 0.511268
0.908 0.982356 0.777656
0.909 0.571671 1.04381
0.91 0.158986 1.30861
0.911 -0.254084 1.57098
0.912 -0.665923 1.82981
0.913 -1.07491 2.08402
0.914 -1.47945 2.33254
0.915 -1.87795 2.57431
0.916 -2.26884 2.80831
0.917 -2.65059 3.03353
0.918 -3.02169 3.24901
0.919 -3.38069 3.4538
0.92 -3.72616 3.64702
0.921 -4.05675 3.8278
0.922 -4.37116 3.99535
0.923 -4.66814 4.14889
0.924 -4.94653 4.28774
0.925 -5.20523 4.41124
0.926 -5.44322 4.51879
0.927 -5.65956 4.60988
0.928 -5.85341 4.68402
0.929 -6.024 4.74083
0.93 -6.17066 4.77995
0.931 -6.29282 4.80114
0.932 -6.39001 4.80419
0.933 -6.46184 4.78898
0.934 -6.50805 4.75545
0.935 -6.52846 4.70361
0.936 -6.523 4.63357
0.937 -6.49171 4.54547
0.938 -6.43473 4.43955
0.939 -6.35229 4.31611
0.94 -6.24474 4.17553
0.941 -6.11253 4.01823
0.942 -5.95619 3.84474
0.943 -5.77638 3.65561
0.944 -5.57382 3.45148
0.945 -5.34934 3.23305
0.946 -5.10385 3.00106
0.947 -4.83837 2.75631
0.948 -4.55396 2.49968
0.949 -4.25178 2.23206
0.95 -3.93308 1.9544
0.951 -3.59913 1.66769
0.952 -3.2513 1.37297
0.953 -2.89101 1.07129
0.954 -2.51971 0.763748
0.955 -2.13893 0.451462
0.956 -1.75021 0.135571
0.957 -1.35513 -0.182773
0.958 -0.955306 -0.502401
0.959 -0.552361 -0.822141
0.96 -0.147939 -1.14082
0.961 0.25631 -1.45725
0.962 0.658737 -1.77027
0.963 1.0577 -2.07873
0.964 1.45157 -2.38147
0.965 1.83873 -2.67738
0.966 2.2176 -2.96536
0.967 2.58663 -3.24434
0.968 2.94431 -3.51328
0.969 3.28916 -3.77119
0.97 3.61977 -4.0171
0.971 3.93477 -4.25009
0.972 4.23288 -4.46931
0.973 4.51285 -4.67394
0.974 4.77352 -4.86322
0.975 5.01381 -5.03645
0.976 5.23272 -5.19299
0.977 5.42933 -5.33225
0.978 5.60282 -5.45373
0.979 5.75244 -5.55699
0.98 5.87756 -5.64165
0.981 5.97763 -5.7074
0.982 6.05222 -5.75402
0.983 6.10098 -5.78134
0.984 6.12368 -5.78929
0.985 6.12018 -5.77784
0.986 6.09047 -5.74706
0.987 6.0346 -5.6971
0.988 5.95278 -5.62815
0.989 5.84529 -5.54052
0.99 5.71251 -5.43454
0.991 5.55495 -5.31065
0.992 5.37319 -5.16933
0.993 5.16793 -5.01116
0.994 4.93994 -4.83676
0.995 4.69011 -4.6468
0.996 4.41939 -4.44205
0.997 4.12885 -4.2233
0.998 3.8196 -3.99141
0.999 3.49285 -3.74729
1 3.14987 -3.49189
