%mcmc_id  interface Ic1            Ic2            CovMultResp1   CovMultResp2   lambda         phi            
1        NO_ID     1052.496823    1062.729113    1.048267425    1.025895281    954.395605     1.4122773      
2        NO_ID     1289.342451    1457.363771    0.9353998768   1.006080213    1186.579574    1.361259042    
3        NO_ID     1123.143243    1555.295878    1.063448258    0.8925046272   1057.814966    1.285142612    
4        NO_ID     1586.75417     1731.840579    0.8328716593   1.102343122    1452.821124    1.377272601    
5        NO_ID     1052.496823    1062.729113    1.048267425    1.025895281    954.395605     1.4122773      
6        NO_ID     1289.342451    1457.363771    0.9353998768   1.006080213    1186.579574    1.361259042    
7        NO_ID     1123.143243    1555.295878    1.063448258    0.8925046272   1057.814966    1.285142612    
8        NO_ID     1586.75417     1731.840579    0.8328716593   1.102343122    1452.821124    1.377272601    
9        NO_ID     1052.496823    1062.729113    1.048267425    1.025895281    954.395605     1.4122773      
10       NO_ID     1289.342451    1457.363771    1.11518473     1.006080213    1186.579574    1.361259042    
11       NO_ID     1123.143243    1555.295878    1.063448258    0.8925046272   1057.814966    1.285142612    
12       NO_ID     1586.75417     1731.840579    0.8328716593   1.102343122    1452.821124    1.377272601    
13       NO_ID     1052.496823    1062.729113    1.048267425    1.025895281    954.395605     1.4122773      
14       NO_ID     1289.342451    1457.363771    1.11518473     1.006080213    1186.579574    1.361259042    
15       NO_ID     1123.143243    1555.295878    1.017472936    0.9061185063   1057.814966    1.285142612    
16       NO_ID     1586.75417     1731.840579    0.8328716593   1.102343122    1452.821124    1.377272601    
17       NO_ID     1277.726181    1148.497259    0.9585852695   1.121224234    1137.359102    1.475059456    
18       NO_ID     1289.342451    1093.907536    1.11518473     0.8940189557   1136.296533    1.509845025    
19       NO_ID     1123.143243    1266.512014    0.7840259966   0.9823506142   1033.669134    1.361809983    
20       NO_ID     1586.75417     1731.840579    0.8328716593   1.102343122    1452.821124    1.377272601    
21       NO_ID     1277.726181    1148.497259    0.9585852695   1.121224234    1137.359102    1.475059456    
22       NO_ID     1289.342451    1093.907536    0.991985392    0.8755154659   1136.296533    1.509845025    
23       NO_ID     1123.143243    1266.512014    0.7840259966   0.9823506142   1033.669134    1.361809983    
24       NO_ID     1586.75417     1731.840579    0.8328716593   1.102343122    1452.821124    1.377272601    
25       NO_ID     1277.726181    1148.497259    0.9585852695   1.121224234    1137.359102    1.475059456    
26       NO_ID     1214.243668    1151.240929    0.9071817977   0.8080485137   1090.331898    1.445145165    
27       NO_ID     1123.143243    1266.512014    0.7840259966   0.9823506142   1033.669134    1.361809983    
28       NO_ID     1586.75417     1731.840579    0.8787665552   0.7647162665   1452.821124    1.377272601    
29       NO_ID     1277.726181    1148.497259    0.9585852695   1.121224234    1137.359102    1.475059456    
30       NO_ID     1214.243668    1151.240929    0.9071817977   0.8080485137   1090.331898    1.445145165    
31       NO_ID     1123.143243    1266.512014    0.7840259966   0.9823506142   1033.669134    1.361809983    
32       NO_ID     1586.75417     1731.840579    0.8787665551   0.7647162666   1452.821124    1.377272601    
33       NO_ID     1277.726181    1148.497259    0.9585852695   1.121224234    1137.359102    1.475059456    
34       NO_ID     1214.243668    1151.240929    0.9071817977   0.8080485137   1090.331898    1.445145165    
35       NO_ID     1123.143243    1266.512014    0.7787529427   0.9823506142   1033.669134    1.361809983    
36       NO_ID     1361.457823    1903.840759    0.6243557717   0.56231541     1282.882594    1.282620694    
37       NO_ID     1277.726181    1148.497259    0.9585852695   1.121224234    1137.359102    1.475059456    
38       NO_ID     1214.243668    1151.240929    0.9071817977   0.8080485137   1090.331898    1.445145165    
39       NO_ID     1123.143243    1266.512014    0.7787529427   0.9823506142   1033.669134    1.361809983    
40       NO_ID     1123.143243    1266.512014    0.7787529427   0.9823506142   1033.669134    1.361809983    
41       NO_ID     1188.447764    1261.462923    0.8327249916   1.292040292    1084.960646    1.388810917    
42       NO_ID     1214.243668    1151.240929    0.9071817977   0.8080485137   1090.331898    1.445145165    
43       NO_ID     1185.356105    1263.823219    0.8291283453   1.28926282     1082.803303    1.386744314    
44       NO_ID     1123.143243    1266.512014    0.7787529427   0.9823506142   1033.669134    1.361809983    
45       NO_ID     1127.999822    1264.075441    0.7837786922   0.9938349001   1037.304693    1.364490723    
46       NO_ID     1214.243668    1151.240929    0.9071817977   0.8080485137   1090.331898    1.445145165    
47       NO_ID     1185.356105    1263.823219    0.8291283453   1.28926282     1082.803303    1.386744314    
48       NO_ID     1157.287767    1138.877071    0.8683420639   0.9823506141   1045.236471    1.425472593    
49       NO_ID     1127.999822    1264.075441    0.7837786922   0.9938349001   1037.304693    1.364490723    
50       NO_ID     1214.243668    1151.240929    1.027447447    0.8080485139   1090.331898    1.445145165    
51       NO_ID     1185.356105    1263.823219    0.8291283453   1.28926282     1082.803303    1.386744314    
52       NO_ID     1157.287767    1138.877071    0.8683420639   0.9823506141   1045.236471    1.425472593    
53       NO_ID     1127.999822    1264.075441    0.7837786922   0.9938349001   1037.304693    1.364490723    
54       NO_ID     1242.108238    1151.118395    1.04947901     0.9515719663   1111.271811    1.457664352    
55       NO_ID     1213.026163    1269.829772    0.9064242011   1.204584164    1105.236102    1.395332287    
56       NO_ID     1157.287767    1138.877071    0.8683420639   0.9823506141   1045.236471    1.425472593    
57       NO_ID     1127.999822    1264.075441    0.7837786922   0.9938349      1037.304693    1.364490723    
58       NO_ID     1186.57259     1209.146156    0.9488137312   0.8547659584   1077.100227    1.408145123    
59       NO_ID     1213.026163    1269.829772    0.9064242011   1.204584164    1105.236102    1.395332287    
60       NO_ID     1157.287767    1138.877071    0.8683420639   0.9823506141   1045.236471    1.425472593    
61       NO_ID     1127.999822    1264.075441    0.7837786922   0.9938349      1037.304693    1.364490723    
62       NO_ID     1186.57259     1209.146156    0.9488137312   0.8547659584   1077.100227    1.408145123    
63       NO_ID     1213.026163    1269.829772    0.9064242011   1.204584164    1105.236102    1.395332287    
64       NO_ID     1157.287767    1138.877071    0.8683420639   0.9823506141   1045.236471    1.425472593    
65       NO_ID     1127.999822    1264.075441    0.7837786922   0.9938349      1037.304693    1.364490723    
66       NO_ID     1186.57259     1209.146156    0.9488137312   0.8547659584   1077.100227    1.408145123    
67       NO_ID     1198.797627    1330.653076    0.8653420071   1.210163407    1100.900294    1.368806206    
68       NO_ID     1157.287767    1138.877071    0.8683420639   0.9823506141   1045.236471    1.425472593    
69       NO_ID     1127.999822    1264.075441    0.7837786922   0.9938349      1037.304693    1.364490723    
70       NO_ID     1186.57259     1209.146156    0.9488137312   0.8547659584   1077.100227    1.408145123    
71       NO_ID     1227.253183    1303.96758     0.9455185813   1.142601565    1120.452074    1.388451335    
72       NO_ID     1157.287767    1138.877071    0.8683420639   0.9823506141   1045.236471    1.425472593    
73       NO_ID     1161.990104    1344.278963    0.8212722379   1.07168729     1072.757131    1.351205474    
74       NO_ID     1186.57259     1209.146156    0.9488137312   0.8547659584   1077.100227    1.408145123    
75       NO_ID     1241.480203    1338.105388    0.984612962    1.080618966    1135.600104    1.381955788    
76       NO_ID     1212.966062    1161.25542     0.9590735126   0.982350614    1090.831178    1.439955458    
77       NO_ID     1161.990104    1344.278963    0.8212722376   1.07168729     1072.757131    1.351205474    
78       NO_ID     1186.57259     1209.146156    0.9488137312   0.8547659584   1077.100227    1.408145123    
79       NO_ID     1241.480203    1338.105388    0.984612962    1.080618966    1135.600104    1.381955788    
80       NO_ID     1212.966062    1161.25542     0.9590735126   0.982350614    1090.831178    1.439955458    
81       NO_ID     1161.990104    1344.278963    0.8212722376   1.07168729     1072.757131    1.351205474    
82       NO_ID     1186.57259     1209.146156    0.9488137312   0.8547659584   1077.100227    1.408145123    
83       NO_ID     1241.480203    1338.105388    0.984612962    1.080618966    1135.600104    1.381955788    
84       NO_ID     1188.875225    1293.68557     0.9590735126   0.9823506139   1088.97929     1.377528609    
85       NO_ID     1161.990104    1344.278963    0.8212722376   1.07168729     1072.757131    1.351205474    
86       NO_ID     1186.57259     1209.146156    0.9488137312   0.8547659584   1077.100227    1.408145123    
87       NO_ID     1241.480203    1338.105388    0.984612962    1.080618966    1135.600104    1.381955788    
88       NO_ID     1188.875225    1293.68557     0.9590735126   0.9823506139   1088.97929     1.377528609    
89       NO_ID     1161.990104    1344.278963    0.8212722376   1.07168729     1072.757131    1.351205474    
90       NO_ID     1186.57259     1209.146156    0.9488137312   0.8547659584   1077.100227    1.408145123    
91       NO_ID     1241.480203    1338.105388    0.984612962    1.080618966    1135.600104    1.381955788    
92       NO_ID     1188.875225    1293.68557     0.9590735126   0.9823506139   1088.97929     1.377528609    
93       NO_ID     1161.990104    1344.278963    0.8212722376   1.07168729     1072.757131    1.351205474    
94       NO_ID     1186.57259     1209.146156    0.9488137312   0.8547659584   1077.100227    1.408145123    
95       NO_ID     1241.480203    1338.105388    0.984612962    1.080618966    1135.600104    1.381955788    
96       NO_ID     1188.875225    1293.68557     0.9590735126   0.9823506139   1088.97929     1.377528609    
97       NO_ID     1161.990104    1344.278963    0.8212722376   1.07168729     1072.757131    1.351205474    
98       NO_ID     1199.067694    1255.305043    0.8942752001   0.9459073826   1092.559727    1.395261549    
99       NO_ID     1241.480203    1338.105388    0.9846129622   1.080618966    1135.600104    1.381955788    
100      NO_ID     1188.875225    1293.68557     0.9590735126   0.9823506139   1088.97929     1.377528609    
