DREAM.CPP:Parameters_and_log_likelihood_for_chain_#2
  0  -31.4156  1123.14  1555.3  1.06345  0.892505
  1  -31.4156  1123.14  1555.3  1.06345  0.892505
  2  -31.4156  1123.14  1555.3  1.06345  0.892505
  3  -31.2266  1123.14  1555.3  1.01747  0.906119
  4  -25.2713  1123.14  1266.51  0.784026  0.982351
  5  -25.2713  1123.14  1266.51  0.784026  0.982351
  6  -25.2713  1123.14  1266.51  0.784026  0.982351
  7  -25.2713  1123.14  1266.51  0.784026  0.982351
  8  -25.2789  1123.14  1266.51  0.778753  0.982351
  9  -25.2789  1123.14  1266.51  0.778753  0.982351
  10  -23.3284  1185.36  1263.82  0.829128  1.28926
  11  -23.3284  1185.36  1263.82  0.829128  1.28926
  12  -23.3284  1185.36  1263.82  0.829128  1.28926
  13  -24.6632  1213.03  1269.83  0.906424  1.20458
  14  -24.6632  1213.03  1269.83  0.906424  1.20458
  15  -24.6632  1213.03  1269.83  0.906424  1.20458
  16  -24.7819  1198.8  1330.65  0.865342  1.21016
  17  -26.1252  1227.25  1303.97  0.945519  1.1426
  18  -27.9449  1241.48  1338.11  0.984613  1.08062
  19  -27.9449  1241.48  1338.11  0.984613  1.08062
  20  -27.9449  1241.48  1338.11  0.984613  1.08062
  21  -27.9449  1241.48  1338.11  0.984613  1.08062
  22  -27.9449  1241.48  1338.11  0.984613  1.08062
  23  -27.9449  1241.48  1338.11  0.984613  1.08062
  24  -27.9449  1241.48  1338.11  0.984613  1.08062
