0.001 3.37142e-008 2.48142e-009
0.002 3.07455e-007 1.99312e-008
0.003 1.45149e-006 8.27267e-008
0.004 4.81388e-006 2.42843e-007
0.005 1.27514e-005 5.76301e-007
0.006 2.89106e-005 1.18729e-006
0.007 5.84963e-005 2.21437e-006
0.008 0.000108525 3.83928e-006
0.009 0.000188061 6.29855e-006
0.01 0.000308433 9.89848e-006
0.011 0.00048343 1.50336e-005
0.012 0.000729469 2.22092e-005
0.013 0.00106574 3.20675e-005
0.014 0.00151434 4.54187e-005
0.015 0.00210034 6.32758e-005
0.016 0.00285185 8.68943e-005
0.017 0.00380005 0.000117816
0.018 0.00497921 0.000157919
0.019 0.00642661 0.000209466
0.02 0.00818251 0.000275167
0.021 0.01029 0.000358237
0.022 0.012795 0.000462461
0.023 0.0157458 0.000592261
0.024 0.0191933 0.000752768
0.025 0.0231903 0.000949895
0.026 0.0277916 0.00119041
0.027 0.0330535 0.00148202
0.028 0.0390336 0.00183344
0.029 0.0457904 0.00225446
0.03 0.0533831 0.00275606
0.031 0.0618706 0.00335045
0.032 0.0713121 0.00405114
0.033 0.0817656 0.00487304
0.034 0.0932883 0.00583252
0.035 0.105936 0.00694743
0.036 0.119761 0.00823723
0.037 0.134815 0.00972299
0.038 0.151146 0.0114274
0.039 0.168798 0.013375
0.04 0.187811 0.0155918
0.041 0.208221 0.0181058
0.042 0.230059 0.0209466
0.043 0.25335 0.0241457
0.044 0.278113 0.0277361
0.045 0.304363 0.0317528
0.046 0.332106 0.0362322
0.047 0.361342 0.0412125
0.048 0.392062 0.0467333
0.049 0.424251 0.0528358
0.05 0.457887 0.0595623
0.051 0.492936 0.0669567
0.052 0.529359 0.0750638
0.053 0.567108 0.0839293
0.054 0.606124 0.0935999
0.055 0.646342 0.104123
0.056 0.687685 0.115546
0.057 0.730071 0.127917
0.058 0.773406 0.141284
0.059 0.817588 0.155694
0.06 0.862507 0.171196
0.061 0.908046 0.187835
0.062 0.954077 0.205658
0.063 1.00047 0.224708
0.064 1.04707 0.245028
0.065 1.09375 0.266659
0.066 1.14034 0.289641
0.067 1.18668 0.314008
0.068 1.23261 0.339795
0.069 1.27795 0.367032
0.07 1.32253 0.395746
0.071 1.36617 0.425959
0.072 1.4087 0.457692
0.073 1.44992 0.490957
0.074 1.48965 0.525766
0.075 1.52771 0.562123
0.076 1.56392 0.600027
0.077 1.59808 0.639473
0.078 1.63002 0.680447
0.079 1.65957 0.722932
0.08 1.68654 0.766904
0.081 1.71078 0.812329
0.082 1.73211 0.859172
0.083 1.75038 0.907385
0.084 1.76545 0.956916
0.085 1.77718 1.00771
0.086 1.78542 1.05969
0.087 1.79008 1.11279
0.088 1.79103 1.16692
0.089 1.78819 1.22199
0.09 1.78146 1.27791
0.091 1.77078 1.33458
0.092 1.75609 1.39186
0.093 1.73734 1.44966
0.094 1.71452 1.50784
0.095 1.68762 1.56626
0.096 1.65663 1.62478
0.097 1.62157 1.68326
0.098 1.5825 1.74154
0.099 1.53946 1.79946
0.1 1.49252 1.85685
0.101 1.44178 1.91354
0.102 1.38735 1.96937
0.103 1.32934 2.02414
0.104 1.26791 2.07767
0.105 1.2032 2.12978
0.106 1.1354 2.18027
0.107 1.06469 2.22895
0.108 0.991292 2.27564
0.109 0.915414 2.32013
0.11 0.837298 2.36223
0.111 0.757195 2.40175
0.112 0.675367 2.43849
0.113 0.592091 2.47227
0.114 0.507654 2.5029
0.115 0.422351 2.53019
0.116 0.33649 2.55397
0.117 0.250384 2.57406
0.118 0.164355 2.59029
0.119 0.0787291 2.6025
0.12 -0.00616272 2.61054
0.121 -0.0899865 2.61427
0.122 -0.172407 2.61354
0.123 -0.253087 2.60823
0.124 -0.331694 2.59823
0.125 -0.407895 2.58343
0.126 -0.481361 2.56373
0.127 -0.551771 2.53907
0.128 -0.61881 2.50937
0.129 -0.68217 2.47458
0.13 -0.741554 2.43466
0.131 -0.796676 2.38959
0.132 -0.847264 2.33936
0.133 -0.893059 2.28399
0.134 -0.933816 2.22349
0.135 -0.969311 2.15791
0.136 -0.999333 2.0873
0.137 -1.02369 2.01175
0.138 -1.04222 1.93134
0.139 -1.05477 1.84619
0.14 -1.06122 1.75641
0.141 -1.06146 1.66216
0.142 -1.05541 1.56361
0.143 -1.04303 1.46091
0.144 -1.02427 1.35429
0.145 -0.999151 1.24393
0.146 -0.967682 1.13008
0.147 -0.929916 1.01298
0.148 -0.885931 0.892891
0.149 -0.835831 0.770081
0.15 -0.779748 0.644839
0.151 -0.717839 0.517468
0.152 -0.650288 0.388282
0.153 -0.577306 0.257605
0.154 -0.499129 0.125773
0.155 -0.416018 -0.00686814
0.156 -0.328258 -0.139964
0.157 -0.23616 -0.273152
0.158 -0.140054 -0.406064
0.159 -0.0402948 -0.538325
0.16 0.0627446 -0.669559
0.161 0.168671 -0.799382
0.162 0.277073 -0.927413
0.163 0.387524 -1.05327
0.164 0.499582 -1.17656
0.165 0.612791 -1.29692
0.166 0.726684 -1.41397
0.167 0.840784 -1.52732
0.168 0.954607 -1.63663
0.169 1.06766 -1.74152
0.17 1.17945 -1.84166
0.171 1.28948 -1.93671
0.172 1.39725 -2.02633
0.173 1.50227 -2.11022
0.174 1.60404 -2.18808
0.175 1.70208 -2.25963
0.176 1.7959 -2.3246
0.177 1.88505 -2.38274
0.178 1.96907 -2.43382
0.179 2.04751 -2.47764
0.18 2.11996 -2.51402
0.181 2.18599 -2.54278
0.182 2.24523 -2.56378
0.183 2.29731 -2.57692
0.184 2.34188 -2.58209
0.185 2.37864 -2.57923
0.186 2.40729 -2.5683
0.187 2.42756 -2.54929
0.188 2.43923 -2.5222
0.189 2.4421 -2.48708
0.19 2.43599 -2.444
0.191 2.42077 -2.39305
0.192 2.39635 -2.33436
0.193 2.36264 -2.26806
0.194 2.31963 -2.19435
0.195 2.26732 -2.11342
0.196 2.20574 -2.02551
0.197 2.13499 -1.93086
0.198 2.05517 -1.82978
0.199 1.96644 -1.72255
0.2 1.86899 -1.60952
0.201 1.76305 -1.49103
0.202 1.64887 -1.36746
0.203 1.52676 -1.23922
0.204 1.39704 -1.10671
0.205 1.26009 -0.97038
0.206 1.1163 -0.830672
0.207 0.966092 -0.688059
0.208 0.809936 -0.543023
0.209 0.648314 -0.396061
0.21 0.48174 -0.247679
0.211 0.310752 -0.0983944
0.212 0.135912 0.0512699
0.213 -0.0421995 0.200784
0.214 -0.22298 0.349612
0.215 -0.405814 0.49722
0.216 -0.590068 0.643071
0.217 -0.775099 0.786629
0.218 -0.960254 0.927362
0.219 -1.14487 1.06475
0.22 -1.32829 1.19826
0.221 -1.50984 1.3274
0.222 -1.68886 1.45166
0.223 -1.86468 1.57055
0.224 -2.03666 1.68362
0.225 -2.20413 1.79039
0.226 -2.36647 1.89045
0.227 -2.52306 1.98337
0.228 -2.67328 2.06876
0.229 -2.81656 2.14624
0.23 -2.95232 2.21549
0.231 -3.08004 2.27617
0.232 -3.19918 2.32799
0.233 -3.30928 2.3707
0.234 -3.40987 2.40405
0.235 -3.50053 2.42786
0.236 -3.58088 2.44195
0.237 -3.65056 2.44618
0.238 -3.70927 2.44046
0.239 -3.75672 2.42472
0.24 -3.7927 2.39892
0.241 -3.817 2.36306
0.242 -3.82949 2.31719
0.243 -3.83006 2.26138
0.244 -3.81866 2.19573
0.245 -3.79527 2.12039
0.246 -3.75994 2.03554
0.247 -3.71275 1.94139
0.248 -3.65381 1.8382
0.249 -3.58331 1.72623
0.25 -3.50147 1.60581
0.251 -3.40855 1.47729
0.252 -3.30486 1.34103
0.253 -3.19075 1.19744
0.254 -3.06662 1.04696
0.255 -2.93291 0.890046
0.256 -2.79008 0.727186
0.257 -2.63865 0.558887
0.258 -2.47917 0.385682
0.259 -2.31223 0.208121
0.26 -2.13844 0.0267744
0.261 -1.95844 -0.157773
0.262 -1.77291 -0.344921
0.263 -1.58255 -0.534057
0.264 -1.38807 -0.72456
0.265 -1.19022 -0.9158
0.266 -0.989756 -1.10714
0.267 -0.787441 -1.29795
0.268 -0.584061 -1.48758
0.269 -0.380404 -1.67539
0.27 -0.177263 -1.86076
0.271 0.0245647 -2.04305
0.272 0.224287 -2.22164
0.273 0.421114 -2.39593
0.274 0.614264 -2.56532
0.275 0.802969 -2.72922
0.276 0.986471 -2.88708
0.277 1.16403 -3.03835
0.278 1.33494 -3.1825
0.279 1.49848 -3.31904
0.28 1.65401 -3.44749
0.281 1.80088 -3.56741
0.282 1.93847 -3.67837
0.283 2.06622 -3.77999
0.284 2.18359 -3.87191
0.285 2.29008 -3.95381
0.286 2.38524 -4.02541
0.287 2.46865 -4.08644
0.288 2.53994 -4.1367
0.289 2.5988 -4.176
0.29 2.64495 -4.20422
0.291 2.67817 -4.22124
0.292 2.69828 -4.227
0.293 2.70517 -4.22149
0.294 2.69877 -4.20473
0.295 2.67906 -4.17677
0.296 2.64609 -4.13771
0.297 2.59994 -4.08768
0.298 2.54077 -4.02688
0.299 2.46876 -3.9555
0.3 2.38418 -3.87382
0.301 2.28732 -3.7821
0.302 2.17854 -3.68068
0.303 2.05825 -3.56993
0.304 1.92688 -3.45022
0.305 1.78495 -3.322
0.306 1.63299 -3.18571
0.307 1.47159 -3.04183
0.308 1.30138 -2.89088
0.309 1.12301 -2.73339
0.31 0.937193 -2.56993
0.311 0.744655 -2.40106
0.312 0.546162 -2.22739
0.313 0.342504 -2.04954
0.314 0.134494 -1.86812
0.315 -0.0770316 -1.68378
0.316 -0.29122 -1.49717
0.317 -0.507202 -1.30894
0.318 -0.724101 -1.11975
0.319 -0.941031 -0.930273
0.32 -1.1571 -0.741156
0.321 -1.37142 -0.553061
0.322 -1.5831 -0.366641
0.323 -1.79127 -0.182538
0.324 -1.99505 -0.0013851
0.325 -2.19359 0.176198
0.326 -2.38605 0.349608
0.327 -2.57161 0.518259
0.328 -2.74949 0.681584
0.329 -2.91891 0.83904
0.33 -3.07914 0.990108
0.331 -3.22948 1.13429
0.332 -3.36927 1.27114
0.333 -3.49789 1.4002
0.334 -3.61475 1.52107
0.335 -3.71932 1.6334
0.336 -3.81111 1.73683
0.337 -3.88967 1.83108
0.338 -3.95463 1.91587
0.339 -4.00565 1.99099
0.34 -4.04244 2.05626
0.341 -4.06479 2.11151
0.342 -4.07252 2.15666
0.343 -4.06553 2.19162
0.344 -4.04377 2.21639
0.345 -4.00724 2.23097
0.346 -3.95601 2.23542
0.347 -3.89022 2.22983
0.348 -3.81005 2.21435
0.349 -3.71573 2.18915
0.35 -3.60759 2.15444
0.351 -3.48596 2.11047
0.352 -3.35127 2.05753
0.353 -3.20399 1.99595
0.354 -3.04464 1.92608
0.355 -2.87377 1.84831
0.356 -2.69202 1.76306
0.357 -2.50005 1.67077
0.358 -2.29856 1.57194
0.359 -2.0883 1.46705
0.36 -1.87006 1.35663
0.361 -1.64465 1.24123
0.362 -1.41292 1.12141
0.363 -1.17575 0.997746
0.364 -0.934045 0.870838
0.365 -0.688726 0.741289
0.366 -0.440734 0.609715
0.367 -0.191019 0.476735
0.368 0.0594535 0.342973
0.369 0.309717 0.209057
0.37 0.558801 0.0756088
0.371 0.805739 -0.0567499
0.372 1.04957 -0.187406
0.373 1.28934 -0.315754
0.374 1.52412 -0.441202
0.375 1.75298 -0.563169
0.376 1.97504 -0.681095
0.377 2.18941 -0.794435
0.378 2.39525 -0.902667
0.379 2.59177 -1.00529
0.38 2.77817 -1.10183
0.381 2.95374 -1.19185
0.382 3.11777 -1.27491
0.383 3.26962 -1.35065
0.384 3.4087 -1.4187
0.385 3.53445 -1.47874
0.386 3.64638 -1.53049
0.387 3.74406 -1.5737
0.388 3.82709 -1.60816
0.389 3.89517 -1.6337
0.39 3.94801 -1.65018
0.391 3.98544 -1.65752
0.392 4.0073 -1.65565
0.393 4.01352 -1.64457
0.394 4.0041 -1.6243
0.395 3.97908 -1.59492
0.396 3.93859 -1.55652
0.397 3.88281 -1.50926
0.398 3.81197 -1.45333
0.399 3.72639 -1.38895
0.4 3.62644 -1.31638
0.401 3.51254 -1.23591
0.402 3.38518 -1.1479
0.403 3.24491 -1.05269
0.404 3.09232 -0.950687
0.405 2.92806 -0.842324
0.406 2.75283 -0.728055
0.407 2.56738 -0.608363
0.408 2.3725 -0.483758
0.409 2.16901 -0.354769
0.41 1.95778 -0.221947
0.411 1.73973 -0.0858597
0.412 1.51577 0.05291
0.413 1.28686 0.193766
0.414 1.054 0.336102
0.415 0.818174 0.479305
0.416 0.580401 0.622755
0.417 0.341704 0.765833
0.418 0.103116 0.907918
0.419 -0.134331 1.04839
0.42 -0.369607 1.18664
0.421 -0.601688 1.32207
0.422 -0.829561 1.45408
0.423 -1.05223 1.5821
0.424 -1.26871 1.70556
0.425 -1.47805 1.82392
0.426 -1.67932 1.93665
0.427 -1.87163 2.04327
0.428 -2.05412 2.14329
0.429 -2.22595 2.23627
0.43 -2.38636 2.32179
0.431 -2.53461 2.39947
0.432 -2.67001 2.46897
0.433 -2.79192 2.52995
0.434 -2.89978 2.58215
0.435 -2.99305 2.62532
0.436 -3.07129 2.65926
0.437 -3.13407 2.68381
0.438 -3.18108 2.69885
0.439 -3.21204 2.70429
0.44 -3.22673 2.70009
0.441 -3.22504 2.68627
0.442 -3.20688 2.66286
0.443 -3.17226 2.62996
0.444 -3.12124 2.58769
0.445 -3.05396 2.53623
0.446 -2.97064 2.47578
0.447 -2.87154 2.40662
0.448 -2.75701 2.32901
0.449 -2.62745 2.24331
0.45 -2.48333 2.14987
0.451 -2.3252 2.0491
0.452 -2.15365 1.94143
0.453 -1.96933 1.82735
0.454 -1.77295 1.70733
0.455 -1.56528 1.58192
0.456 -1.34712 1.45167
0.457 -1.11935 1.31715
0.458 -0.882859 1.17897
0.459 -0.638599 1.03773
0.46 -0.38755 0.894088
0.461 -0.130724 0.748677
0.462 0.130837 0.602159
0.463 0.396067 0.455201
0.464 0.663881 0.308476
0.465 0.933178 0.162658
0.466 1.20285 0.0184205
0.467 1.47177 -0.123565
0.468 1.73882 -0.262634
0.469 2.00289 -0.398132
0.47 2.26287 -0.529416
0.471 2.51765 -0.655857
0.472 2.76617 -0.776845
0.473 3.00735 -0.89179
0.474 3.24017 -1.00013
0.475 3.46361 -1.10131
0.476 3.67672 -1.19483
0.477 3.87856 -1.2802
0.478 4.06824 -1.35697
0.479 4.24492 -1.42473
0.48 4.4078 -1.48309
0.481 4.55614 -1.53173
0.482 4.68926 -1.57033
0.483 4.80654 -1.59864
0.484 4.9074 -1.61644
0.485 4.99137 -1.62357
0.486 5.05799 -1.61989
0.487 5.10692 -1.60534
0.488 5.13785 -1.57987
0.489 5.15058 -1.5435
0.49 5.14495 -1.49629
0.491 5.1209 -1.43836
0.492 5.07843 -1.36986
0.493 5.0176 -1.29099
0.494 4.93859 -1.202
0.495 4.84161 -1.10319
0.496 4.72697 -0.994901
0.497 4.59504 -0.877514
0.498 4.44626 -0.751455
0.499 4.28116 -0.617192
0.5 4.10031 -0.47523
0.501 3.90437 -0.326112
0.502 3.69404 -0.170416
0.503 3.47011 -0.00875329
0.504 3.23341 0.158235
0.505 2.98481 0.329879
0.506 2.72527 0.505484
0.507 2.45575 0.684331
0.508 2.17731 0.865683
0.509 1.891 1.04878
0.51 1.59792 1.23286
0.511 1.29922 1.41714
0.512 0.996052 1.60083
0.513 0.689606 1.78314
0.514 0.381079 1.96327
0.515 0.0716864 2.14043
0.516 -0.237352 2.31384
0.517 -0.544812 2.4827
0.518 -0.849475 2.64627
0.519 -1.15013 2.80378
0.52 -1.44556 2.9545
0.521 -1.73461 3.09771
0.522 -2.0161 3.23273
0.523 -2.28889 3.35889
0.524 -2.5519 3.47556
0.525 -2.80405 3.58214
0.526 -3.04431 3.67806
0.527 -3.27172 3.76281
0.528 -3.48532 3.83588
0.529 -3.68426 3.89685
0.53 -3.86771 3.9453
0.531 -4.03491 3.98089
0.532 -4.18516 4.00332
0.533 -4.31783 4.01231
0.534 -4.43237 4.00769
0.535 -4.52828 3.98928
0.536 -4.60515 3.95699
0.537 -4.66264 3.91079
0.538 -4.7005 3.85066
0.539 -4.71853 3.77669
0.54 -4.71665 3.68899
0.541 -4.69482 3.58774
0.542 -4.65311 3.47315
0.543 -4.59166 3.34552
0.544 -4.51069 3.20518
0.545 -4.4105 3.0525
0.546 -4.29147 2.88794
0.547 -4.15407 2.71198
0.548 -3.99881 2.52514
0.549 -3.82632 2.32801
0.55 -3.63727 2.12122
0.551 -3.43241 1.90542
0.552 -3.21256 1.68132
0.553 -2.97858 1.44966
0.554 -2.73143 1.21121
0.555 -2.4721 0.966785
0.556 -2.20163 0.717209
0.557 -1.92112 0.463342
0.558 -1.63171 0.206063
0.559 -1.33457 -0.0537302
0.56 -1.03092 -0.315124
0.561 -0.722005 -0.577196
0.562 -0.409092 -0.839014
0.563 -0.093469 -1.09964
0.564 0.22356 -1.35814
0.565 0.540683 -1.61358
0.566 0.856582 -1.86503
0.567 1.16994 -2.11158
0.568 1.47945 -2.35232
0.569 1.78381 -2.58638
0.57 2.08175 -2.81287
0.571 2.372 -3.03097
0.572 2.65332 -3.23986
0.573 2.92453 -3.43877
0.574 3.18446 -3.62694
0.575 3.432 -3.80367
0.576 3.66605 -3.96829
0.577 3.88562 -4.12018
0.578 4.08973 -4.25874
0.579 4.27746 -4.38346
0.58 4.44799 -4.49385
0.581 4.60054 -4.58948
0.582 4.73439 -4.66997
0.583 4.84892 -4.73501
0.584 4.94357 -4.78433
0.585 5.01786 -4.81773
0.586 5.07139 -4.83506
0.587 5.10386 -4.83625
0.588 5.11502 -4.82127
0.589 5.10473 -4.79015
0.59 5.07294 -4.74299
0.591 5.01967 -4.67996
0.592 4.94502 -4.60128
0.593 4.84921 -4.50721
0.594 4.73251 -4.39812
0.595 4.5953 -4.27438
0.596 4.43802 -4.13646
0.597 4.26122 -3.98487
0.598 4.0655 -3.82015
0.599 3.85156 -3.64294
0.6 3.62016 -3.45388
0.601 3.37215 -3.25368
0.602 3.10843 -3.04311
0.603 2.82998 -2.82294
0.604 2.53783 -2.59401
0.605 2.23307 -2.35718
0.606 1.91685 -2.11336
0.607 1.59036 -1.86346
0.608 1.25485 -1.60844
0.609 0.911594 -1.34926
0.61 0.5619 -1.08692
0.611 0.207113 -0.82242
0.612 -0.151401 -0.556768
0.613 -0.512259 -0.290983
0.614 -0.874063 -0.026086
0.615 -1.23541 0.236906
0.616 -1.59489 0.49698
0.617 -1.95111 0.753134
0.618 -2.30267 1.00438
0.619 -2.6482 1.24975
0.62 -2.98633 1.48828
0.621 -3.31575 1.71907
0.622 -3.63515 1.9412
0.623 -3.94326 2.15382
0.624 -4.23888 2.35609
0.625 -4.52082 2.54724
0.626 -4.78797 2.7265
0.627 -5.03926 2.89318
0.628 -5.27369 3.04662
0.629 -5.49032 3.18622
0.63 -5.68828 3.31143
0.631 -5.86678 3.42174
0.632 -6.02508 3.51672
0.633 -6.16254 3.59599
0.634 -6.27862 3.65922
0.635 -6.37281 3.70616
0.636 -6.44474 3.7366
0.637 -6.4941 3.75042
0.638 -6.52067 3.74754
0.639 -6.52432 3.72796
0.64 -6.50503 3.69173
0.641 -6.46283 3.63899
0.642 -6.39789 3.56992
0.643 -6.31044 3.48476
0.644 -6.2008 3.38384
0.645 -6.06938 3.26752
0.646 -5.91669 3.13623
0.647 -5.74331 2.99048
0.648 -5.54991 2.83081
0.649 -5.33724 2.65782
0.65 -5.10613 2.47216
0.651 -4.85747 2.27454
0.652 -4.59223 2.06571
0.653 -4.31145 1.84645
0.654 -4.01623 1.61761
0.655 -3.70773 1.38006
0.656 -3.38716 1.1347
0.657 -3.05577 0.882466
0.658 -2.71488 0.624324
0.659 -2.36582 0.361258
0.66 -2.00998 0.0942758
0.661 -1.64875 -0.175603
0.662 -1.28356 -0.447347
0.663 -0.915851 -0.719914
0.664 -0.547084 -0.992264
0.665 -0.178714 -1.26335
0.666 0.1878 -1.53214
0.667 0.551009 -1.7976
0.668 0.909472 -2.05872
0.669 1.26177 -2.3145
0.67 1.60651 -2.56395
0.671 1.94232 -2.80613
0.672 2.26787 -3.04011
0.673 2.58187 -3.26499
0.674 2.88308 -3.47992
0.675 3.1703 -3.68408
0.676 3.44239 -3.87669
0.677 3.69828 -4.05701
0.678 3.93695 -4.22437
0.679 4.15747 -4.37812
0.68 4.35895 -4.51769
0.681 4.54061 -4.64254
0.682 4.70173 -4.75222
0.683 4.84167 -4.8463
0.684 4.9599 -4.92444
0.685 5.05594 -4.98636
0.686 5.12944 -5.03182
0.687 5.1801 -5.06067
0.688 5.20776 -5.0728
0.689 5.2123 -5.0682
0.69 5.19372 -5.04688
0.691 5.15214 -5.00896
0.692 5.08772 -4.95458
0.693 5.00074 -4.88398
0.694 4.89159 -4.79745
0.695 4.76071 -4.69533
0.696 4.60867 -4.57804
0.697 4.43608 -4.44604
0.698 4.24367 -4.29985
0.699 4.03225 -4.14006
0.7 3.80268 -3.9673
0.701 3.55592 -3.78224
0.702 3.293 -3.58562
0.703 3.01499 -3.37819
0.704 2.72304 -3.16078
0.705 2.41838 -2.93422
0.706 2.10225 -2.69941
0.707 1.77596 -2.45725
0.708 1.44087 -2.20868
0.709 1.09835 -1.95466
0.71 0.749833 -1.69618
0.711 0.396751 -1.43422
0.712 0.0405699 -1.1698
0.713 -0.317234 -0.903927
0.714 -0.675177 -0.637617
0.715 -1.03177 -0.371886
0.716 -1.38554 -0.107744
0.717 -1.73501 0.153808
0.718 -2.07873 0.411783
0.719 -2.41526 0.66521
0.72 -2.7432 0.91314
0.721 -3.06118 1.15465
0.722 -3.36787 1.38884
0.723 -3.66198 1.61485
0.724 -3.94227 1.83185
0.725 -4.20756 2.03905
0.726 -4.45674 2.23571
0.727 -4.68873 2.42112
0.728 -4.90256 2.59462
0.729 -5.09732 2.75561
0.73 -5.27215 2.90354
0.731 -5.4263 3.0379
0.732 -5.5591 3.15827
0.733 -5.66995 3.26426
0.734 -5.75836 3.35554
0.735 -5.82392 3.43185
0.736 -5.8663 3.49299
0.737 -5.88529 3.53883
0.738 -5.88076 3.5693
0.739 -5.85266 3.58437
0.74 -5.80107 3.58411
0.741 -5.72613 3.56862
0.742 -5.62811 3.5381
0.743 -5.50734 3.49278
0.744 -5.36427 3.43295
0.745 -5.19942 3.35899
0.746 -5.01341 3.2713
0.747 -4.80695 3.17036
0.748 -4.58083 3.05669
0.749 -4.33591 2.93088
0.75 -4.07313 2.79356
0.751 -3.79352 2.64539
0.752 -3.49816 2.4871
0.753 -3.1882 2.31944
0.754 -2.86486 2.14321
0.755 -2.52941 1.95923
0.756 -2.18316 1.76838
0.757 -1.82747 1.57153
0.758 -1.46374 1.3696
0.759 -1.09342 1.16352
0.76 -0.71796 0.954222
0.761 -0.338849 0.742677
0.762 0.0424137 0.529846
0.763 0.424316 0.316696
0.764 0.805344 0.104197
0.765 1.18399 -0.106691
0.766 1.55874 -0.31501
0.767 1.92811 -0.51982
0.768 2.29064 -0.720194
0.769 2.64488 -0.915227
0.77 2.98943 -1.10404
0.771 3.32291 -1.28577
0.772 3.644 -1.45961
0.773 3.95142 -1.62475
0.774 4.24395 -1.78047
0.775 4.52043 -1.92603
0.776 4.77975 -2.06079
0.777 5.0209 -2.18412
0.778 5.24291 -2.29545
0.779 5.44491 -2.39427
0.78 5.62609 -2.48011
0.781 5.78575 -2.55258
0.782 5.92325 -2.61131
0.783 6.03807 -2.65603
0.784 6.12974 -2.68649
0.785 6.19793 -2.70254
0.786 6.24237 -2.70406
0.787 6.2629 -2.69101
0.788 6.25946 -2.66342
0.789 6.23209 -2.62136
0.79 6.18091 -2.56497
0.791 6.10615 -2.49447
0.792 6.00814 -2.41011
0.793 5.8873 -2.31223
0.794 5.74414 -2.20121
0.795 5.57925 -2.07748
0.796 5.39334 -1.94156
0.797 5.18718 -1.79398
0.798 4.96163 -1.63535
0.799 4.71763 -1.46632
0.8 4.45619 -1.28757
0.801 4.17841 -1.09985
0.802 3.88543 -0.903941
0.803 3.57847 -0.700644
0.804 3.25881 -0.490809
0.805 2.92777 -0.275313
0.806 2.58673 -0.0550571
0.807 2.2371 0.169036
0.808 1.88033 0.396023
0.809 1.5179 0.624949
0.81 1.15132 0.854847
0.811 0.782105 1.08474
0.812 0.411792 1.31367
0.813 0.0419186 1.54064
0.814 -0.325977 1.76469
0.815 -0.690364 1.98487
0.816 -1.04973 2.20023
0.817 -1.40257 2.40985
0.818 -1.74742 2.61283
0.819 -2.08283 2.80827
0.82 -2.40741 2.99535
0.821 -2.7198 3.17324
0.822 -3.01869 3.34116
0.823 -3.30283 3.49837
0.824 -3.57101 3.64418
0.825 -3.82212 3.77794
0.826 -4.05509 3.89905
0.827 -4.26893 4.00695
0.828 -4.46273 4.10116
0.829 -4.63567 4.18122
0.83 -4.78701 4.24676
0.831 -4.91609 4.29746
0.832 -5.02235 4.33305
0.833 -5.10531 4.35333
0.834 -5.16461 4.35817
0.835 -5.19996 4.3475
0.836 -5.21119 4.3213
0.837 -5.19821 4.27964
0.838 -5.16105 4.22263
0.839 -5.09982 4.15047
0.84 -5.01475 4.06339
0.841 -4.90614 3.96171
0.842 -4.77441 3.8458
0.843 -4.62007 3.7161
0.844 -4.44372 3.5731
0.845 -4.24605 3.41734
0.846 -4.02785 3.24942
0.847 -3.78999 3.07001
0.848 -3.53341 2.8798
0.849 -3.25914 2.67953
0.85 -2.96829 2.47002
0.851 -2.66202 2.25208
0.852 -2.34158 2.02659
0.853 -2.00825 1.79446
0.854 -1.66339 1.55661
0.855 -1.30841 1.31401
0.856 -0.944743 1.06765
0.857 -0.573876 0.818513
0.858 -0.197322 0.567625
0.859 0.183376 0.316009
0.86 0.566658 0.0646954
0.861 0.950952 -0.185284
0.862 1.33468 -0.432898
0.863 1.71625 -0.677125
0.864 2.0941 -0.916953
0.865 2.46666 -1.15139
0.866 2.83239 -1.37945
0.867 3.18976 -1.60018
0.868 3.5373 -1.81266
0.869 3.87355 -2.016
0.87 4.1971 -2.20933
0.871 4.5066 -2.39183
0.872 4.80074 -2.56273
0.873 5.07828 -2.7213
0.874 5.33804 -2.86684
0.875 5.5789 -2.99872
0.876 5.79985 -3.11637
0.877 5.99991 -3.21927
0.878 6.17822 -3.30695
0.879 6.334 -3.379
0.88 6.46654 -3.4351
0.881 6.57523 -3.47497
0.882 6.65959 -3.4984
0.883 6.71918 -3.50524
0.884 6.7537 -3.49543
0.885 6.76294 -3.46896
0.886 6.74678 -3.42589
0.887 6.70523 -3.36635
0.888 6.63836 -3.29054
0.889 6.54639 -3.19872
0.89 6.4296 -3.09124
0.891 6.2884 -2.96848
0.892 6.12327 -2.8309
0.893 5.93482 -2.67904
0.894 5.72374 -2.51347
0.895 5.49079 -2.33484
0.896 5.23686 -2.14384
0.897 4.9629 -1.94122
0.898 4.66993 -1.72779
0.899 4.35908 -1.50438
0.9 4.03154 -1.2719
0.901 3.68855 -1.03127
0.902 3.33144 -0.783451
0.903 2.96159 -0.529453
0.904 2.58042 -0.270302
0.905 2.18942 -0.00705131
0.906 1.7901 0.259226
0.907 1.38402 0.527439
0.908 0.972751 0.796487
0.909 0.557911 1.06526
0.91 0.141119 1.33264
0.911 -0.275996 1.59752
0.912 -0.691798 1.8588
0.913 -1.10466 2.11538
0.914 -1.51295 2.36617
0.915 -1.91508 2.61013
0.916 -2.30946 2.8462
0.917 -2.69453 3.07338
0.918 -3.06879 3.29068
0.919 -3.43076 3.49717
0.92 -3.77901 3.69195
0.921 -4.11217 3.87414
0.922 -4.42893 4.04294
0.923 -4.72803 4.19759
0.924 -5.00831 4.33736
0.925 -5.26864 4.46162
0.926 -5.50802 4.56976
0.927 -5.72548 4.66124
0.928 -5.92019 4.73561
0.929 -6.09137 4.79246
0.93 -6.23835 4.83144
0.931 -6.36056 4.8523
0.932 -6.45752 4.85484
0.933 -6.52885 4.83893
0.934 -6.57429 4.80451
0.935 -6.59365 4.75162
0.936 -6.58688 4.68033
0.937 -6.55402 4.59082
0.938 -6.49521 4.48331
0.939 -6.4107 4.35812
0.94 -6.30083 4.21562
0.941 -6.16607 4.05626
0.942 -6.00696 3.88055
0.943 -5.82417 3.68907
0.944 -5.61842 3.48246
0.945 -5.39057 3.26142
0.946 -5.14155 3.0267
0.947 -4.87236 2.77913
0.948 -4.58411 2.51958
0.949 -4.27796 2.24895
0.95 -3.95516 1.96821
0.951 -3.61702 1.67836
0.952 -3.26493 1.38044
0.953 -2.9003 1.07552
0.954 -2.52463 0.764719
0.955 -2.13945 0.449153
0.956 -1.74631 0.129976
0.957 -1.34683 -0.191646
0.958 -0.942626 -0.514534
0.959 -0.535346 -0.837502
0.96 -0.126652 -1.15936
0.961 0.28179 -1.47892
0.962 0.688313 -1.79501
0.963 1.09126 -2.10645
0.964 1.48898 -2.4121
0.965 1.87985 -2.71081
0.966 2.26226 -3.00148
0.967 2.63466 -3.28302
0.968 2.99551 -3.55441
0.969 3.34333 -3.81461
0.97 3.6767 -4.06268
0.971 3.99423 -4.29767
0.972 4.29462 -4.51873
0.973 4.57663 -4.72503
0.974 4.83908 -4.9158
0.975 5.08088 -5.09034
0.976 5.30103 -5.24801
0.977 5.4986 -5.38821
0.978 5.67277 -5.51044
0.979 5.82278 -5.61425
0.98 5.948 -5.69925
0.981 6.04788 -5.76516
0.982 6.12199 -5.81173
0.983 6.16999 -5.83881
0.984 6.19163 -5.8463
0.985 6.1868 -5.83422
0.986 6.15546 -5.80261
0.987 6.09771 -5.75162
0.988 6.01374 -5.68147
0.989 5.90383 -5.59244
0.99 5.7684 -5.48489
0.991 5.60794 -5.35926
0.992 5.42306 -5.21605
0.993 5.21445 -5.05583
0.994 4.98292 -4.87922
0.995 4.72936 -4.68693
0.996 4.45474 -4.4797
0.997 4.16014 -4.25837
0.998 3.84668 -4.02378
0.999 3.51561 -3.77686
1 3.16819 -3.51857
