0.001 3.37738e-008 2.54873e-009
0.002 3.0793e-007 2.04682e-008
0.003 1.45344e-006 8.49336e-008
0.004 4.81952e-006 2.49228e-007
0.005 1.27645e-005 5.91156e-007
0.006 2.89369e-005 1.2171e-006
0.007 5.85437e-005 2.26819e-006
0.008 0.000108604 3.92889e-006
0.009 0.000188185 6.43858e-006
0.01 0.000308618 1.01063e-005
0.011 0.000483694 1.5329e-005
0.012 0.000729834 2.26136e-005
0.013 0.00106623 3.26035e-005
0.014 0.00151499 4.61082e-005
0.015 0.00210116 6.41388e-005
0.016 0.00285288 8.79465e-005
0.017 0.00380132 0.000119066
0.018 0.00498075 0.000159365
0.019 0.00642845 0.000211094
0.02 0.00818468 0.000276943
0.021 0.0102925 0.000360104
0.022 0.0127979 0.000464332
0.023 0.0157491 0.000594014
0.024 0.019197 0.000754238
0.025 0.0231943 0.000950864
0.026 0.027796 0.0011906
0.027 0.0330583 0.00148109
0.028 0.0390387 0.00183095
0.029 0.0457958 0.0022499
0.03 0.0533886 0.00274881
0.031 0.0618763 0.00333976
0.032 0.0713177 0.00403614
0.033 0.081771 0.00485272
0.034 0.0932934 0.0058057
0.035 0.10594 0.00691277
0.036 0.119765 0.00819318
0.037 0.134818 0.0096678
0.038 0.151147 0.0113591
0.039 0.168797 0.0132914
0.04 0.187808 0.0154904
0.041 0.208215 0.0179839
0.042 0.23005 0.0208012
0.043 0.253337 0.0239734
0.044 0.278096 0.0275334
0.045 0.304341 0.0315156
0.046 0.332078 0.0359562
0.047 0.361306 0.040893
0.048 0.392019 0.0463652
0.049 0.424199 0.0524137
0.05 0.457825 0.0590804
0.051 0.492863 0.0664087
0.052 0.529274 0.074443
0.053 0.567009 0.0832288
0.054 0.606009 0.0928122
0.055 0.64621 0.10324
0.056 0.687535 0.11456
0.057 0.7299 0.126819
0.058 0.773212 0.140065
0.059 0.81737 0.154345
0.06 0.862262 0.169706
0.061 0.907772 0.186195
0.062 0.953771 0.203857
0.063 1.00013 0.222735
0.064 1.0467 0.242873
0.065 1.09333 0.26431
0.066 1.13988 0.287086
0.067 1.18617 0.311237
0.068 1.23205 0.336796
0.069 1.27734 0.363792
0.07 1.32186 0.392254
0.071 1.36545 0.422203
0.072 1.40791 0.45366
0.073 1.44906 0.486639
0.074 1.48872 0.521149
0.075 1.5267 0.557196
0.076 1.56282 0.59478
0.077 1.59689 0.633895
0.078 1.62875 0.674529
0.079 1.65819 0.716665
0.08 1.68506 0.760278
0.081 1.70919 0.805337
0.082 1.73041 0.851806
0.083 1.74856 0.89964
0.084 1.76351 0.948786
0.085 1.7751 0.999187
0.086 1.78321 1.05078
0.087 1.78773 1.10348
0.088 1.78853 1.15722
0.089 1.78553 1.2119
0.09 1.77864 1.26742
0.091 1.76779 1.3237
0.092 1.75293 1.3806
0.093 1.73401 1.43802
0.094 1.711 1.49582
0.095 1.6839 1.55388
0.096 1.65272 1.61206
0.097 1.61746 1.6702
0.098 1.57818 1.72816
0.099 1.53493 1.78578
0.1 1.48777 1.84289
0.101 1.43681 1.89933
0.102 1.38215 1.95491
0.103 1.32391 2.00947
0.104 1.26224 2.06281
0.105 1.19729 2.11476
0.106 1.12925 2.16512
0.107 1.0583 2.21371
0.108 0.98465 2.26034
0.109 0.908523 2.30481
0.11 0.830158 2.34692
0.111 0.749804 2.38649
0.112 0.667726 2.42333
0.113 0.584201 2.45725
0.114 0.499515 2.48806
0.115 0.413967 2.51558
0.116 0.327863 2.53963
0.117 0.241519 2.56004
0.118 0.155257 2.57664
0.119 0.0694028 2.58927
0.12 -0.0157104 2.59778
0.121 -0.099748 2.60203
0.122 -0.182374 2.60187
0.123 -0.26325 2.59719
0.124 -0.342042 2.58786
0.125 -0.418416 2.57378
0.126 -0.492044 2.55486
0.127 -0.562602 2.53102
0.128 -0.629773 2.50219
0.129 -0.693249 2.46832
0.13 -0.752733 2.42937
0.131 -0.807937 2.38532
0.132 -0.858587 2.33615
0.133 -0.904424 2.28188
0.134 -0.945203 2.22252
0.135 -0.980696 2.15811
0.136 -1.01069 2.08872
0.137 -1.035 2.01442
0.138 -1.05346 1.93528
0.139 -1.06591 1.85143
0.14 -1.07223 1.76298
0.141 -1.07231 1.67008
0.142 -1.06608 1.57289
0.143 -1.05347 1.47157
0.144 -1.03448 1.36633
0.145 -1.00907 1.25737
0.146 -0.977296 1.14491
0.147 -0.939189 1.0292
0.148 -0.89483 0.910484
0.149 -0.844324 0.789041
0.15 -0.7878 0.665152
0.151 -0.725417 0.539111
0.152 -0.657359 0.411229
0.153 -0.583837 0.281825
0.154 -0.505086 0.151231
0.155 -0.421368 0.0197886
0.156 -0.332969 -0.112154
0.157 -0.240199 -0.244238
0.158 -0.14339 -0.3761
0.159 -0.0428963 -0.507371
0.16 0.0609075 -0.637676
0.161 0.167627 -0.766639
0.162 0.276851 -0.89388
0.163 0.388151 -1.01902
0.164 0.501083 -1.14168
0.165 0.61519 -1.26149
0.166 0.730004 -1.37807
0.167 0.845046 -1.49105
0.168 0.959829 -1.60007
0.169 1.07386 -1.70478
0.17 1.18665 -1.80483
0.171 1.29768 -1.89988
0.172 1.40647 -1.98962
0.173 1.51251 -2.07373
0.174 1.61531 -2.15191
0.175 1.71439 -2.22388
0.176 1.80925 -2.28938
0.177 1.89944 -2.34815
0.178 1.98449 -2.39998
0.179 2.06395 -2.44465
0.18 2.13741 -2.48198
0.181 2.20444 -2.51179
0.182 2.26466 -2.53396
0.183 2.31771 -2.54835
0.184 2.36322 -2.55488
0.185 2.4009 -2.55346
0.186 2.43043 -2.54407
0.187 2.45157 -2.52669
0.188 2.46406 -2.50131
0.189 2.46771 -2.46798
0.19 2.46235 -2.42676
0.191 2.44784 -2.37774
0.192 2.42407 -2.32103
0.193 2.39097 -2.25679
0.194 2.34852 -2.18518
0.195 2.29671 -2.10639
0.196 2.23559 -2.02066
0.197 2.16522 -1.92824
0.198 2.08573 -1.82939
0.199 1.99727 -1.72442
0.2 1.90002 -1.61365
0.201 1.79422 -1.49744
0.202 1.68011 -1.37614
0.203 1.558 -1.25014
0.204 1.42821 -1.11986
0.205 1.29111 -0.985728
0.206 1.14711 -0.848182
0.207 0.996617 -0.707685
0.208 0.840101 -0.564711
0.209 0.678046 -0.41975
0.21 0.510967 -0.2733
0.211 0.339401 -0.12587
0.212 0.163911 0.0220247
0.213 -0.0149209 0.16986
0.214 -0.196493 0.31711
0.215 -0.380185 0.463245
0.216 -0.565366 0.607735
0.217 -0.751389 0.750051
0.218 -0.937598 0.889668
0.219 -1.12333 1.02607
0.22 -1.30792 1.15873
0.221 -1.4907 1.28716
0.222 -1.671 1.41085
0.223 -1.84816 1.52933
0.224 -2.02151 1.64213
0.225 -2.1904 1.7488
0.226 -2.3542 1.84891
0.227 -2.51227 1.94204
0.228 -2.66402 2.0278
0.229 -2.80884 2.10582
0.23 -2.94617 2.17577
0.231 -3.07547 2.2373
0.232 -3.19621 2.29015
0.233 -3.30791 2.33404
0.234 -3.4101 2.36874
0.235 -3.50236 2.39404
0.236 -3.5843 2.40978
0.237 -3.65556 2.41582
0.238 -3.71582 2.41204
0.239 -3.7648 2.39838
0.24 -3.80228 2.37479
0.241 -3.82805 2.34129
0.242 -3.84197 2.29788
0.243 -3.84392 2.24465
0.244 -3.83385 2.1817
0.245 -3.81175 2.10915
0.246 -3.77764 2.02718
0.247 -3.73159 1.936
0.248 -3.67375 1.83585
0.249 -3.60426 1.72699
0.25 -3.52336 1.60972
0.251 -3.43129 1.4844
0.252 -3.32837 1.35137
0.253 -3.21495 1.21105
0.254 -3.09141 1.06384
0.255 -2.95819 0.910196
0.256 -2.81577 0.750598
0.257 -2.66464 0.58554
0.258 -2.50537 0.415544
0.259 -2.33854 0.241148
0.26 -2.16474 0.0629121
0.261 -1.98465 -0.118591
0.262 -1.79891 -0.302771
0.263 -1.60824 -0.489027
0.264 -1.41335 -0.676748
0.265 -1.21498 -0.865314
0.266 -1.0139 -1.0541
0.267 -0.810864 -1.24248
0.268 -0.606665 -1.42982
0.269 -0.402093 -1.61549
0.27 -0.197943 -1.79888
0.271 0.00498507 -1.97934
0.272 0.205896 -2.15629
0.273 0.403995 -2.32911
0.274 0.598499 -2.49721
0.275 0.788633 -2.66002
0.276 0.973637 -2.81698
0.277 1.15277 -2.96755
0.278 1.3253 -3.11121
0.279 1.49053 -3.24746
0.28 1.64779 -3.37584
0.281 1.79644 -3.4959
0.282 1.93585 -3.60721
0.283 2.06545 -3.70941
0.284 2.18469 -3.80212
0.285 2.29307 -3.88502
0.286 2.39013 -3.95783
0.287 2.47545 -4.02029
0.288 2.54865 -4.07218
0.289 2.6094 -4.11332
0.29 2.65742 -4.14357
0.291 2.69249 -4.16282
0.292 2.71443 -4.171
0.293 2.7231 -4.16809
0.294 2.71843 -4.1541
0.295 2.70041 -4.12908
0.296 2.66906 -4.09311
0.297 2.62447 -4.04634
0.298 2.56678 -3.98892
0.299 2.49618 -3.92107
0.3 2.41292 -3.84301
0.301 2.31729 -3.75504
0.302 2.20964 -3.65746
0.303 2.09038 -3.55063
0.304 1.95994 -3.43493
0.305 1.81882 -3.31076
0.306 1.66756 -3.17857
0.307 1.50674 -3.03884
0.308 1.33699 -2.89205
0.309 1.15896 -2.73874
0.31 0.973343 -2.57945
0.311 0.780883 -2.41473
0.312 0.582336 -2.24519
0.313 0.378491 -2.07141
0.314 0.170163 -1.89402
0.315 -0.0418145 -1.71364
0.316 -0.256586 -1.5309
0.317 -0.473285 -1.34645
0.318 -0.691029 -1.16095
0.319 -0.908932 -0.975025
0.32 -1.1261 -0.789343
0.321 -1.34164 -0.604545
0.322 -1.55467 -0.421273
0.323 -1.76429 -0.240161
0.324 -1.96965 -0.0618329
0.325 -2.16986 0.113101
0.326 -2.3641 0.284045
0.327 -2.55154 0.45042
0.328 -2.73137 0.611667
0.329 -2.90284 0.767247
0.33 -3.0652 0.916647
0.331 -3.21774 1.05938
0.332 -3.35979 1.19498
0.333 -3.49072 1.32302
0.334 -3.60994 1.4431
0.335 -3.71691 1.55484
0.336 -3.81113 1.65792
0.337 -3.89215 1.75204
0.338 -3.95958 1.83693
0.339 -4.01307 1.91236
0.34 -4.05234 1.97815
0.341 -4.07714 2.03415
0.342 -4.08732 2.08025
0.343 -4.08274 2.11638
0.344 -4.06334 2.1425
0.345 -4.02914 2.15863
0.346 -3.98019 2.16482
0.347 -3.9166 2.16116
0.348 -3.83856 2.14777
0.349 -3.74631 2.12482
0.35 -3.64013 2.09251
0.351 -3.52039 2.0511
0.352 -3.38748 2.00084
0.353 -3.24186 1.94207
0.354 -3.08407 1.87512
0.355 -2.91464 1.80037
0.356 -2.73421 1.71823
0.357 -2.54342 1.62914
0.358 -2.34299 1.53356
0.359 -2.13365 1.43198
0.36 -1.91618 1.32491
0.361 -1.6914 1.21289
0.362 -1.46016 1.09646
0.363 -1.22334 0.9762
0.364 -0.981835 0.852683
0.365 -0.736566 0.726505
0.366 -0.488476 0.598268
0.367 -0.238517 0.468582
0.368 0.0123451 0.338059
0.369 0.263141 0.207315
0.37 0.512899 0.0769611
0.371 0.760649 -0.0523912
0.372 1.00542 -0.180139
0.373 1.24627 -0.305686
0.374 1.48225 -0.428449
0.375 1.71243 -0.547857
0.376 1.93592 -0.663356
0.377 2.15184 -0.77441
0.378 2.35933 -0.880502
0.379 2.55758 -0.981139
0.38 2.74581 -1.07585
0.381 2.92328 -1.1642
0.382 3.08928 -1.24577
0.383 3.24317 -1.32018
0.384 3.38433 -1.38707
0.385 3.51221 -1.44613
0.386 3.62631 -1.49708
0.387 3.72618 -1.53966
0.388 3.81142 -1.57367
0.389 3.8817 -1.59894
0.39 3.93676 -1.61532
0.391 3.97638 -1.62272
0.392 4.00041 -1.62109
0.393 4.00878 -1.61041
0.394 4.00145 -1.59071
0.395 3.97848 -1.56204
0.396 3.93997 -1.52451
0.397 3.8861 -1.47826
0.398 3.8171 -1.42348
0.399 3.73327 -1.36037
0.4 3.63497 -1.2892
0.401 3.52263 -1.21025
0.402 3.39672 -1.12385
0.403 3.25777 -1.03035
0.404 3.10639 -0.930156
0.405 2.94321 -0.823673
0.406 2.76893 -0.711354
0.407 2.58429 -0.593671
0.408 2.39007 -0.471123
0.409 2.1871 -0.344231
0.41 1.97626 -0.213535
0.411 1.75842 -0.0795921
0.412 1.53454 0.0570234
0.413 1.30556 0.195726
0.414 1.07247 0.335919
0.415 0.836271 0.476999
0.416 0.59797 0.618356
0.417 0.3586 0.759378
0.418 0.119192 0.899455
0.419 -0.119216 1.03798
0.42 -0.35559 1.17434
0.421 -0.588901 1.30795
0.422 -0.818132 1.43822
0.423 -1.04228 1.56459
0.424 -1.26035 1.68649
0.425 -1.4714 1.80338
0.426 -1.67448 1.91476
0.427 -1.86868 2.02012
0.428 -2.05314 2.11899
0.429 -2.22703 2.21094
0.43 -2.38956 2.29556
0.431 -2.53998 2.37245
0.432 -2.6776 2.44127
0.433 -2.80177 2.50171
0.434 -2.9119 2.55349
0.435 -3.00746 2.59636
0.436 -3.08799 2.63012
0.437 -3.15306 2.6546
0.438 -3.20232 2.66969
0.439 -3.23551 2.6753
0.44 -3.25239 2.67139
0.441 -3.25283 2.65796
0.442 -3.23674 2.63504
0.443 -3.2041 2.60273
0.444 -3.15499 2.56114
0.445 -3.08952 2.51045
0.446 -3.00789 2.45086
0.447 -2.91037 2.38261
0.448 -2.7973 2.306
0.449 -2.66906 2.22135
0.45 -2.52612 2.12901
0.451 -2.36902 2.02938
0.452 -2.19833 1.9229
0.453 -2.01471 1.81002
0.454 -1.81887 1.69124
0.455 -1.61155 1.56707
0.456 -1.39357 1.43806
0.457 -1.16579 1.30478
0.458 -0.929104 1.16782
0.459 -0.68446 1.02779
0.46 -0.432835 0.885322
0.461 -0.175243 0.741048
0.462 0.0872755 0.595622
0.463 0.353653 0.449705
0.464 0.622803 0.303961
0.465 0.89362 0.159058
0.466 1.16499 0.0156645
0.467 1.43579 -0.125554
0.468 1.7049 -0.26394
0.469 1.97119 -0.398841
0.47 2.23355 -0.529619
0.471 2.49086 -0.65565
0.472 2.74205 -0.776326
0.473 2.98605 -0.89106
0.474 3.22181 -0.999286
0.475 3.44831 -1.10046
0.476 3.66457 -1.19408
0.477 3.86966 -1.27966
0.478 4.06268 -1.35674
0.479 4.24275 -1.4249
0.48 4.40909 -1.48378
0.481 4.56093 -1.53302
0.482 4.69759 -1.57232
0.483 4.81841 -1.60142
0.484 4.92282 -1.62011
0.485 5.01032 -1.62819
0.486 5.08046 -1.62555
0.487 5.13285 -1.6121
0.488 5.1672 -1.5878
0.489 5.18328 -1.55265
0.49 5.18091 -1.50671
0.491 5.16002 -1.45009
0.492 5.1206 -1.38292
0.493 5.06271 -1.3054
0.494 4.98649 -1.21778
0.495 4.89216 -1.12035
0.496 4.78 -1.01342
0.497 4.65038 -0.897378
0.498 4.50374 -0.772637
0.499 4.34057 -0.639654
0.5 4.16145 -0.498924
0.501 3.96703 -0.350979
0.502 3.75801 -0.196387
0.503 3.53516 -0.0357494
0.504 3.29929 0.130302
0.505 3.0513 0.301108
0.506 2.79212 0.475983
0.507 2.52273 0.654217
0.508 2.24415 0.83508
0.509 1.95746 1.01783
0.51 1.66375 1.2017
0.511 1.36417 1.38591
0.512 1.05987 1.5697
0.513 0.752051 1.75226
0.514 0.441909 1.93282
0.515 0.130663 2.11058
0.516 -0.18046 2.28476
0.517 -0.49023 2.45458
0.518 -0.797418 2.61929
0.519 -1.1008 2.77812
0.52 -1.39918 2.93035
0.521 -1.69134 3.07527
0.522 -1.97613 3.21217
0.523 -2.25239 3.3404
0.524 -2.51901 3.45933
0.525 -2.77491 3.56834
0.526 -3.01905 3.66688
0.527 -3.25044 3.75441
0.528 -3.46813 3.83043
0.529 -3.67123 3.89451
0.53 -3.85889 3.94622
0.531 -4.03035 3.98521
0.532 -4.18488 4.01117
0.533 -4.32185 4.02384
0.534 -4.44067 4.02298
0.535 -4.54083 4.00846
0.536 -4.62192 3.98014
0.537 -4.68356 3.93799
0.538 -4.72548 3.88198
0.539 -4.74748 3.81218
0.54 -4.74944 3.72869
0.541 -4.73133 3.63167
0.542 -4.69319 3.52132
0.543 -4.63514 3.39793
0.544 -4.55739 3.26179
0.545 -4.46022 3.1133
0.546 -4.344 2.95286
0.547 -4.20918 2.78095
0.548 -4.05627 2.59808
0.549 -3.88587 2.40482
0.55 -3.69865 2.20177
0.551 -3.49534 1.98959
0.552 -3.27676 1.76896
0.553 -3.04377 1.54061
0.554 -2.79731 1.3053
0.555 -2.53836 1.06381
0.556 -2.26796 0.816962
0.557 -1.98722 0.565608
0.558 -1.69725 0.310611
0.559 -1.39924 0.0528567
0.56 -1.09441 -0.206754
0.561 -0.784 -0.467306
0.562 -0.469277 -0.727879
0.563 -0.151536 -0.987545
0.564 0.167914 -1.24537
0.565 0.487754 -1.50044
0.566 0.80666 -1.75182
0.567 1.12331 -1.99861
0.568 1.43637 -2.23991
0.569 1.74455 -2.47482
0.57 2.04655 -2.7025
0.571 2.3411 -2.92209
0.572 2.62694 -3.1328
0.573 2.90287 -3.33383
0.574 3.16771 -3.52444
0.575 3.42032 -3.70391
0.576 3.65961 -3.87157
0.577 3.88454 -4.02678
0.578 4.09413 -4.16897
0.579 4.28744 -4.29758
0.58 4.46362 -4.41212
0.581 4.62186 -4.51217
0.582 4.76145 -4.59732
0.583 4.88172 -4.66724
0.584 4.9821 -4.72166
0.585 5.06208 -4.76036
0.586 5.12126 -4.78319
0.587 5.15928 -4.79002
0.588 5.17591 -4.78084
0.589 5.17096 -4.75565
0.59 5.14436 -4.71455
0.591 5.09612 -4.65765
0.592 5.02633 -4.58518
0.593 4.93516 -4.49738
0.594 4.82289 -4.39458
0.595 4.68985 -4.27715
0.596 4.5365 -4.14553
0.597 4.36334 -4.00019
0.598 4.17097 -3.84169
0.599 3.96007 -3.67061
0.6 3.7314 -3.48759
0.601 3.48578 -3.29331
0.602 3.22411 -3.08852
0.603 2.94735 -2.87397
0.604 2.65652 -2.65048
0.605 2.35272 -2.4189
0.606 2.03708 -2.1801
0.607 1.71079 -1.935
0.608 1.37509 -1.68451
0.609 1.03125 -1.4296
0.61 0.68059 -1.17124
0.611 0.324451 -0.910419
0.612 -0.0358002 -0.64813
0.613 -0.398775 -0.38538
0.614 -0.763071 -0.123177
0.615 -1.12728 0.137472
0.616 -1.48998 0.395564
0.617 -1.84977 0.650104
0.618 -2.20523 0.900112
0.619 -2.55499 1.14462
0.62 -2.89767 1.38269
0.621 -3.23192 1.61339
0.622 -3.55644 1.83583
0.623 -3.86994 2.04914
0.624 -4.17118 2.2525
0.625 -4.45898 2.44512
0.626 -4.73218 2.62624
0.627 -4.98971 2.79515
0.628 -5.23054 2.95119
0.629 -5.45371 3.09376
0.63 -5.65832 3.22228
0.631 -5.84356 3.33625
0.632 -6.00866 3.43522
0.633 -6.15298 3.51879
0.634 -6.27592 3.58662
0.635 -6.37697 3.63844
0.636 -6.45572 3.67405
0.637 -6.51184 3.69327
0.638 -6.54509 3.69603
0.639 -6.55532 3.68231
0.64 -6.54246 3.65213
0.641 -6.50654 3.60561
0.642 -6.4477 3.5429
0.643 -6.36615 3.46424
0.644 -6.26218 3.36991
0.645 -6.13618 3.26027
0.646 -5.98865 3.13572
0.647 -5.82015 2.99674
0.648 -5.63132 2.84384
0.649 -5.4229 2.67761
0.65 -5.1957 2.49868
0.651 -4.9506 2.30771
0.652 -4.68856 2.10545
0.653 -4.41061 1.89265
0.654 -4.11782 1.67013
0.655 -3.81136 1.43874
0.656 -3.49242 1.19936
0.657 -3.16227 0.952912
0.658 -2.82219 0.700327
0.659 -2.47353 0.442577
0.66 -2.11767 0.180646
0.661 -1.75601 -0.0844628
0.662 -1.38997 -0.351734
0.663 -1.02101 -0.620145
0.664 -0.650592 -0.888668
0.665 -0.28017 -1.15627
0.666 0.0887839 -1.42194
0.667 0.454808 -1.68464
0.668 0.816453 -1.94339
0.669 1.17228 -2.19717
0.67 1.52089 -2.44503
0.671 1.86089 -2.68602
0.672 2.19094 -2.91921
0.673 2.50971 -3.14372
0.674 2.81597 -3.35869
0.675 3.10847 -3.56329
0.676 3.38607 -3.75676
0.677 3.64767 -3.93835
0.678 3.89223 -4.10737
0.679 4.11878 -4.26319
0.68 4.32642 -4.40521
0.681 4.51434 -4.53291
0.682 4.6818 -4.64579
0.683 4.82812 -4.74345
0.684 4.95275 -4.82552
0.685 5.0552 -4.89169
0.686 5.13506 -4.94173
0.687 5.19204 -4.97546
0.688 5.22591 -4.99276
0.689 5.23657 -4.9936
0.69 5.22397 -4.97798
0.691 5.1882 -4.94597
0.692 5.12941 -4.89773
0.693 5.04786 -4.83346
0.694 4.94389 -4.75342
0.695 4.81794 -4.65794
0.696 4.67055 -4.54741
0.697 4.50232 -4.42227
0.698 4.31396 -4.28302
0.699 4.10625 -4.13022
0.7 3.88004 -3.96448
0.701 3.63628 -3.78645
0.702 3.37598 -3.59683
0.703 3.10021 -3.39637
0.704 2.8101 -3.18586
0.705 2.50687 -2.96613
0.706 2.19175 -2.73803
0.707 1.86606 -2.50244
0.708 1.53114 -2.2603
0.709 1.18838 -2.01254
0.71 0.83918 -1.76012
0.711 0.485001 -1.50402
0.712 0.127304 -1.24523
0.713 -0.232431 -0.984731
0.714 -0.592711 -0.72354
0.715 -0.952044 -0.462652
0.716 -1.30894 -0.203063
0.717 -1.66191 0.0542382
0.718 -2.00949 0.308276
0.719 -2.35023 0.558091
0.72 -2.68271 0.802741
0.721 -3.00555 1.04131
0.722 -3.31739 1.27291
0.723 -3.61692 1.49667
0.724 -3.90289 1.71179
0.725 -4.17409 1.91746
0.726 -4.42938 2.11294
0.727 -4.66767 2.29752
0.728 -4.88795 2.47056
0.729 -5.08928 2.63144
0.73 -5.2708 2.7796
0.731 -5.43171 2.91455
0.732 -5.57132 3.03582
0.733 -5.689 3.14304
0.734 -5.78424 3.23587
0.735 -5.85658 3.31403
0.736 -5.9057 3.37732
0.737 -5.93132 3.42559
0.738 -5.9333 3.45874
0.739 -5.91158 3.47676
0.74 -5.86619 3.47968
0.741 -5.79727 3.4676
0.742 -5.70503 3.44068
0.743 -5.58981 3.39914
0.744 -5.45201 3.34327
0.745 -5.29215 3.27342
0.746 -5.11082 3.18996
0.747 -4.9087 3.09337
0.748 -4.68658 2.98415
0.749 -4.44528 2.86286
0.75 -4.18576 2.7301
0.751 -3.909 2.58653
0.752 -3.61609 2.43286
0.753 -3.30817 2.26981
0.754 -2.98644 2.09816
0.755 -2.65216 1.91874
0.756 -2.30664 1.73237
0.757 -1.95125 1.53993
0.758 -1.58738 1.34231
0.759 -1.21647 1.14043
0.76 -0.839977 0.935215
0.761 -0.4594 0.727608
0.762 -0.0762414 0.518559
0.763 0.30798 0.309024
0.764 0.69174 0.0999597
0.765 1.07352 -0.107683
0.766 1.45179 -0.31296
0.767 1.82506 -0.514936
0.768 2.19185 -0.712694
0.769 2.55069 -0.905336
0.77 2.90015 -1.09199
0.771 3.23886 -1.27179
0.772 3.56545 -1.44394
0.773 3.87862 -1.60764
0.774 4.17714 -1.76214
0.775 4.45982 -1.90674
0.776 4.72552 -2.04077
0.777 4.9732 -2.16361
0.778 5.20187 -2.27468
0.779 5.41063 -2.37347
0.78 5.59864 -2.45951
0.781 5.76516 -2.53238
0.782 5.90955 -2.59173
0.783 6.03122 -2.63726
0.784 6.12971 -2.66872
0.785 6.20463 -2.68595
0.786 6.2557 -2.68882
0.787 6.28274 -2.67727
0.788 6.28564 -2.65132
0.789 6.26441 -2.61103
0.79 6.21916 -2.55653
0.791 6.1501 -2.48801
0.792 6.05752 -2.40572
0.793 5.94181 -2.30998
0.794 5.80347 -2.20115
0.795 5.64307 -2.07966
0.796 5.46129 -1.946
0.797 5.25889 -1.80068
0.798 5.03672 -1.6443
0.799 4.79568 -1.4775
0.8 4.5368 -1.30094
0.801 4.26114 -1.11536
0.802 3.96984 -0.921515
0.803 3.66412 -0.720201
0.804 3.34525 -0.512252
0.805 3.01453 -0.298531
0.806 2.67336 -0.079926
0.807 2.32313 0.14265
0.808 1.9653 0.368267
0.809 1.60137 0.595979
0.81 1.23283 0.824829
0.811 0.861213 1.05385
0.812 0.488068 1.28208
0.813 0.114943 1.50855
0.814 -0.256613 1.73229
0.815 -0.625052 1.95236
0.816 -0.988841 2.16782
0.817 -1.34647 2.37773
0.818 -1.69643 2.58121
0.819 -2.03728 2.77736
0.82 -2.36759 2.96535
0.821 -2.68597 3.14436
0.822 -2.99109 3.31359
0.823 -3.28168 3.47232
0.824 -3.55649 3.61983
0.825 -3.81439 3.75547
0.826 -4.05427 3.87864
0.827 -4.27513 3.98877
0.828 -4.47601 4.08536
0.829 -4.65607 4.16796
0.83 -4.81452 4.23617
0.831 -4.95068 4.28966
0.832 -5.06396 4.32815
0.833 -5.15385 4.35144
0.834 -5.21995 4.35936
0.835 -5.26194 4.35184
0.836 -5.27963 4.32886
0.837 -5.27289 4.29044
0.838 -5.24171 4.2367
0.839 -5.1862 4.1678
0.84 -5.10653 4.08399
0.841 -5.00299 3.98554
0.842 -4.87598 3.87282
0.843 -4.72598 3.74625
0.844 -4.55357 3.60629
0.845 -4.35941 3.45348
0.846 -4.14429 3.28841
0.847 -3.90903 3.1117
0.848 -3.65459 2.92406
0.849 -3.38196 2.72621
0.85 -3.09225 2.51893
0.851 -2.78661 2.30305
0.852 -2.46627 2.07942
0.853 -2.13253 1.84893
0.854 -1.78673 1.61251
0.855 -1.43028 1.3711
0.856 -1.06461 1.12568
0.857 -0.691216 0.877243
0.858 -0.311617 0.626795
0.859 0.0726401 0.375354
0.86 0.459984 0.123946
0.861 0.848831 -0.1264
0.862 1.23758 -0.374657
0.863 1.62465 -0.619803
0.864 2.00843 -0.860827
0.865 2.38735 -1.09673
0.866 2.75983 -1.32654
0.867 3.12435 -1.54929
0.868 3.47937 -1.76405
0.869 3.82344 -1.96992
0.87 4.1551 -2.16604
0.871 4.47298 -2.35158
0.872 4.77573 -2.52574
0.873 5.06209 -2.68778
0.874 5.33084 -2.83701
0.875 5.58083 -2.97277
0.876 5.811 -3.09448
0.877 6.02036 -3.2016
0.878 6.208 -3.29365
0.879 6.3731 -3.37021
0.88 6.51492 -3.43092
0.881 6.63282 -3.47549
0.882 6.72626 -3.50369
0.883 6.79479 -3.51536
0.884 6.83807 -3.5104
0.885 6.85583 -3.4888
0.886 6.84795 -3.45058
0.887 6.81438 -3.39585
0.888 6.75518 -3.3248
0.889 6.67052 -3.23767
0.89 6.56065 -3.13477
0.891 6.42596 -3.01646
0.892 6.26692 -2.8832
0.893 6.08408 -2.73549
0.894 5.87811 -2.57388
0.895 5.64977 -2.39899
0.896 5.39992 -2.21151
0.897 5.12948 -2.01217
0.898 4.83948 -1.80174
0.899 4.53101 -1.58106
0.9 4.20525 -1.35099
0.901 3.86346 -1.11246
0.902 3.50693 -0.866413
0.903 3.13705 -0.61384
0.904 2.75524 -0.355754
0.905 2.36299 -0.0931991
0.906 1.9618 0.172761
0.907 1.55324 0.441045
0.908 1.13891 0.710558
0.909 0.720414 0.980195
0.91 0.299389 1.24885
0.911 -0.122519 1.51541
0.912 -0.543657 1.77877
0.913 -0.962377 2.03783
0.914 -1.37703 2.29152
0.915 -1.786 2.53876
0.916 -2.18768 2.77852
0.917 -2.58047 3.00977
0.918 -2.96285 3.23152
0.919 -3.3333 3.44283
0.92 -3.69037 3.64277
0.921 -4.03264 3.83048
0.922 -4.35878 4.00512
0.923 -4.66749 4.16591
0.924 -4.95756 4.31213
0.925 -5.22785 4.44309
0.926 -5.47728 4.5582
0.927 -5.70488 4.65688
0.928 -5.90976 4.73865
0.929 -6.0911 4.80309
0.93 -6.24819 4.84982
0.931 -6.38042 4.87856
0.932 -6.48727 4.88908
0.933 -6.56833 4.88124
0.934 -6.62328 4.85495
0.935 -6.65192 4.8102
0.936 -6.65414 4.74705
0.937 -6.62994 4.66564
0.938 -6.57944 4.56619
0.939 -6.50284 4.44895
0.94 -6.40047 4.31429
0.941 -6.27275 4.16262
0.942 -6.12021 3.99442
0.943 -5.94346 3.81025
0.944 -5.74322 3.61071
0.945 -5.52032 3.39649
0.946 -5.27567 3.16831
0.947 -5.01024 2.92696
0.948 -4.72514 2.67329
0.949 -4.4215 2.40819
0.95 -4.10058 2.1326
0.951 -3.76366 1.84749
0.952 -3.41213 1.5539
0.953 -3.0474 1.25287
0.954 -2.67096 0.945498
0.955 -2.28434 0.63289
0.956 -1.88911 0.316185
0.957 -1.48687 -0.0034622
0.958 -1.07927 -0.324884
0.959 -0.667967 -0.646902
0.96 -0.254626 -0.968335
0.961 0.159065 -1.288
0.962 0.57142 -1.60472
0.963 0.980758 -1.91733
0.964 1.38541 -2.22468
0.965 1.78372 -2.52562
0.966 2.17406 -2.81904
0.967 2.55483 -3.10387
0.968 2.92448 -3.37904
0.969 3.28149 -3.64353
0.97 3.62439 -3.89637
0.971 3.95177 -4.13663
0.972 4.26229 -4.3634
0.973 4.55466 -4.57586
0.974 4.82766 -4.77321
0.975 5.08018 -4.95474
0.976 5.31115 -5.11978
0.977 5.51961 -5.26771
0.978 5.70469 -5.398
0.979 5.8656 -5.51019
0.98 6.00166 -5.60385
0.981 6.11228 -5.67867
0.982 6.19697 -5.73438
0.983 6.25536 -5.77079
0.984 6.28716 -5.78779
0.985 6.29222 -5.78533
0.986 6.27046 -5.76346
0.987 6.22193 -5.72228
0.988 6.14679 -5.66197
0.989 6.04529 -5.58279
0.99 5.91781 -5.48507
0.991 5.7648 -5.36921
0.992 5.58684 -5.23567
0.993 5.38461 -5.08499
0.994 5.15888 -4.91778
0.995 4.91051 -4.73469
0.996 4.64045 -4.53646
0.997 4.34976 -4.32387
0.998 4.03956 -4.09775
0.999 3.71105 -3.85899
1 3.36552 -3.60854
