0.001 3.38357e-008 2.49818e-009
0.002 3.08424e-007 2.00657e-008
0.003 1.45548e-006 8.32839e-008
0.004 4.82542e-006 2.44473e-007
0.005 1.27783e-005 5.80148e-007
0.006 2.89647e-005 1.19515e-006
0.007 5.85943e-005 2.22887e-006
0.008 0.000108689 3.86407e-006
0.009 0.00018832 6.3385e-006
0.01 0.000308821 9.95992e-006
0.011 0.000483989 1.51246e-005
0.012 0.000730247 2.23399e-005
0.013 0.0010668 3.22503e-005
0.014 0.00151574 4.56687e-005
0.015 0.00210214 6.36114e-005
0.016 0.00285413 8.73372e-005
0.017 0.0038029 0.000118392
0.018 0.00498272 0.000158658
0.019 0.00643087 0.000210405
0.02 0.00818761 0.000276346
0.021 0.0102961 0.000359704
0.022 0.0128021 0.00046427
0.023 0.015754 0.000594475
0.024 0.0192027 0.000755457
0.025 0.0232011 0.000953139
0.026 0.0278038 0.0011943
0.027 0.0330672 0.00148666
0.028 0.0390488 0.00183893
0.029 0.0458073 0.00226094
0.03 0.0534016 0.00276367
0.031 0.0618909 0.00335933
0.032 0.0713341 0.00406146
0.033 0.0817893 0.00488499
0.034 0.0933138 0.00584629
0.035 0.105963 0.00696325
0.036 0.11979 0.00825534
0.037 0.134845 0.00974362
0.038 0.151178 0.0114509
0.039 0.168831 0.0134015
0.04 0.187845 0.0156217
0.041 0.208255 0.0181395
0.042 0.230094 0.0209844
0.043 0.253385 0.0241879
0.044 0.278149 0.0277832
0.045 0.304398 0.0318052
0.046 0.33214 0.0362903
0.047 0.361375 0.0412768
0.048 0.392093 0.0468042
0.049 0.424281 0.0529137
0.05 0.457913 0.0596478
0.051 0.49296 0.0670503
0.052 0.529379 0.075166
0.053 0.567123 0.0840407
0.054 0.606135 0.093721
0.055 0.646347 0.104254
0.056 0.687684 0.115688
0.057 0.730063 0.12807
0.058 0.77339 0.141449
0.059 0.817565 0.155872
0.06 0.862476 0.171387
0.061 0.908005 0.18804
0.062 0.954026 0.205876
0.063 1.00041 0.22494
0.064 1.047 0.245276
0.065 1.09366 0.266922
0.066 1.14024 0.28992
0.067 1.18657 0.314303
0.068 1.23248 0.340107
0.069 1.27781 0.36736
0.07 1.32238 0.396091
0.071 1.36601 0.426322
0.072 1.40852 0.458071
0.073 1.44973 0.491354
0.074 1.48945 0.526181
0.075 1.52749 0.562555
0.076 1.56368 0.600476
0.077 1.59783 0.639938
0.078 1.62976 0.680929
0.079 1.65929 0.723431
0.08 1.68625 0.767417
0.081 1.71048 0.812858
0.082 1.7318 0.859715
0.083 1.75006 0.907941
0.084 1.76512 0.957486
0.085 1.77684 1.00829
0.086 1.78508 1.06028
0.087 1.78973 1.11339
0.088 1.79068 1.16753
0.089 1.78784 1.22261
0.09 1.78111 1.27853
0.091 1.77043 1.3352
0.092 1.75574 1.39249
0.093 1.737 1.45029
0.094 1.71419 1.50846
0.095 1.6873 1.56687
0.096 1.65632 1.62539
0.097 1.62128 1.68386
0.098 1.58222 1.74213
0.099 1.5392 1.80003
0.1 1.49229 1.85741
0.101 1.44158 1.91409
0.102 1.38717 1.96989
0.103 1.32919 2.02464
0.104 1.26779 2.07814
0.105 1.20312 2.13022
0.106 1.13536 2.18068
0.107 1.06469 2.22933
0.108 0.99133 2.27598
0.109 0.915498 2.32043
0.11 0.837429 2.36249
0.111 0.757376 2.40196
0.112 0.6756 2.43866
0.113 0.592377 2.47239
0.114 0.507995 2.50296
0.115 0.422749 2.5302
0.116 0.336946 2.55392
0.117 0.2509 2.57394
0.118 0.164931 2.59011
0.119 0.0793663 2.60226
0.12 -0.00546382 2.61024
0.121 -0.0892256 2.61389
0.122 -0.171584 2.61309
0.123 -0.252203 2.60771
0.124 -0.330748 2.59764
0.125 -0.406889 2.58276
0.126 -0.480296 2.56299
0.127 -0.550649 2.53825
0.128 -0.617631 2.50848
0.129 -0.680937 2.47361
0.13 -0.740269 2.43362
0.131 -0.795343 2.38847
0.132 -0.845885 2.33817
0.133 -0.891637 2.28273
0.134 -0.932356 2.22215
0.135 -0.967816 2.1565
0.136 -0.997808 2.08583
0.137 -1.02214 2.01021
0.138 -1.04065 1.92973
0.139 -1.05319 1.84452
0.14 -1.05962 1.75468
0.141 -1.05986 1.66038
0.142 -1.05381 1.56177
0.143 -1.04143 1.45903
0.144 -1.02269 1.35235
0.145 -0.997588 1.24196
0.146 -0.966145 1.12807
0.147 -0.928413 1.01094
0.148 -0.884468 0.890824
0.149 -0.834416 0.767991
0.15 -0.778387 0.642734
0.151 -0.71654 0.515353
0.152 -0.649057 0.386161
0.153 -0.576151 0.255485
0.154 -0.498056 0.123661
0.155 -0.415035 -0.00896678
0.156 -0.327372 -0.142043
0.157 -0.235377 -0.275205
0.158 -0.139381 -0.408085
0.159 -0.0397378 -0.540308
0.16 0.0631793 -0.671496
0.161 0.168978 -0.801268
0.162 0.277246 -0.929241
0.163 0.387559 -1.05503
0.164 0.499473 -1.17826
0.165 0.612534 -1.29854
0.166 0.726274 -1.4155
0.167 0.840219 -1.52877
0.168 0.953883 -1.63798
0.169 1.06678 -1.74278
0.17 1.1784 -1.84281
0.171 1.28827 -1.93775
0.172 1.39587 -2.02726
0.173 1.50072 -2.11103
0.174 1.60232 -2.18877
0.175 1.7002 -2.26019
0.176 1.79386 -2.32503
0.177 1.88285 -2.38303
0.178 1.96671 -2.43398
0.179 2.04499 -2.47767
0.18 2.11728 -2.5139
0.181 2.18317 -2.54252
0.182 2.24227 -2.56339
0.183 2.29421 -2.57638
0.184 2.33865 -2.58142
0.185 2.37529 -2.57842
0.186 2.40382 -2.56735
0.187 2.42399 -2.5482
0.188 2.43556 -2.52098
0.189 2.43833 -2.48574
0.19 2.43215 -2.44253
0.191 2.41686 -2.39145
0.192 2.39238 -2.33264
0.193 2.35863 -2.26623
0.194 2.31558 -2.1924
0.195 2.26324 -2.11137
0.196 2.20166 -2.02336
0.197 2.13091 -1.92863
0.198 2.0511 -1.82746
0.199 1.9624 -1.72015
0.2 1.86499 -1.60705
0.201 1.7591 -1.48851
0.202 1.64499 -1.36489
0.203 1.52296 -1.2366
0.204 1.39334 -1.10407
0.205 1.2565 -0.967708
0.206 1.11282 -0.827987
0.207 0.962753 -0.68537
0.208 0.806742 -0.540341
0.209 0.645279 -0.393396
0.21 0.478875 -0.245041
0.211 0.308068 -0.0957938
0.212 0.13342 0.0538226
0.213 -0.0444882 0.203278
0.214 -0.225057 0.352038
0.215 -0.407668 0.499567
0.216 -0.591692 0.645329
0.217 -0.776484 0.788788
0.218 -0.961394 0.929413
0.219 -1.14576 1.06668
0.22 -1.32892 1.20007
0.221 -1.51021 1.32907
0.222 -1.68896 1.45318
0.223 -1.86452 1.57193
0.224 -2.03622 1.68483
0.225 -2.20342 1.79144
0.226 -2.36549 1.89132
0.227 -2.52181 1.98406
0.228 -2.67176 2.06926
0.229 -2.81477 2.14656
0.23 -2.95028 2.21561
0.231 -3.07773 2.27609
0.232 -3.19663 2.32771
0.233 -3.30648 2.37021
0.234 -3.40683 2.40336
0.235 -3.49727 2.42696
0.236 -3.5774 2.44085
0.237 -3.64687 2.44487
0.238 -3.70538 2.43895
0.239 -3.75266 2.423
0.24 -3.78846 2.397
0.241 -3.81261 2.36095
0.242 -3.82495 2.31488
0.243 -3.8254 2.25888
0.244 -3.81389 2.19305
0.245 -3.79041 2.11753
0.246 -3.75501 2.03251
0.247 -3.70775 1.9382
0.248 -3.64878 1.83485
0.249 -3.57826 1.72275
0.25 -3.49641 1.60219
0.251 -3.4035 1.47354
0.252 -3.29985 1.33717
0.253 -3.18579 1.19348
0.254 -3.06173 1.04291
0.255 -2.9281 0.885914
0.256 -2.78538 0.722987
0.257 -2.63408 0.554635
0.258 -2.47475 0.381389
0.259 -2.30797 0.203801
0.26 -2.13435 0.0224408
0.261 -1.95455 -0.162106
0.262 -1.76923 -0.349239
0.263 -1.5791 -0.538347
0.264 -1.38486 -0.728808
0.265 -1.18726 -0.919991
0.266 -0.987064 -1.11126
0.267 -0.785028 -1.30198
0.268 -0.581936 -1.49151
0.269 -0.378578 -1.67922
0.27 -0.175745 -1.86446
0.271 0.0257688 -2.04661
0.272 0.22517 -2.22505
0.273 0.421671 -2.39918
0.274 0.614492 -2.56839
0.275 0.802864 -2.73211
0.276 0.986032 -2.88977
0.277 1.16326 -3.04083
0.278 1.33383 -3.18477
0.279 1.49705 -3.32108
0.28 1.65225 -3.4493
0.281 1.7988 -3.56898
0.282 1.93608 -3.67969
0.283 2.06352 -3.78106
0.284 2.1806 -3.87272
0.285 2.2868 -3.95436
0.286 2.38168 -4.02569
0.287 2.46483 -4.08645
0.288 2.53588 -4.13644
0.289 2.5945 -4.17547
0.29 2.64044 -4.20341
0.291 2.67345 -4.22016
0.292 2.69339 -4.22566
0.293 2.70011 -4.21988
0.294 2.69357 -4.20285
0.295 2.67374 -4.17463
0.296 2.64067 -4.13532
0.297 2.59444 -4.08505
0.298 2.53521 -4.024
0.299 2.46317 -3.95239
0.3 2.37858 -3.87048
0.301 2.28173 -3.77855
0.302 2.17299 -3.67692
0.303 2.05275 -3.56597
0.304 1.92146 -3.44608
0.305 1.77964 -3.31768
0.306 1.6278 -3.18123
0.307 1.46655 -3.0372
0.308 1.29651 -2.88612
0.309 1.11833 -2.72851
0.31 0.932728 -2.56493
0.311 0.740424 -2.39597
0.312 0.542184 -2.22222
0.313 0.338796 -2.0443
0.314 0.131075 -1.86283
0.315 -0.080146 -1.67845
0.316 -0.294014 -1.49182
0.317 -0.509662 -1.30358
0.318 -0.726214 -1.1144
0.319 -0.942784 -0.924941
0.32 -1.15848 -0.73586
0.321 -1.37243 -0.547814
0.322 -1.58372 -0.361457
0.323 -1.7915 -0.17743
0.324 -1.99488 0.00363298
0.325 -2.19303 0.181114
0.326 -2.38508 0.35441
0.327 -2.57025 0.522935
0.328 -2.74772 0.686123
0.329 -2.91675 0.843431
0.33 -3.07659 0.994342
0.331 -3.22655 1.13836
0.332 -3.36597 1.27503
0.333 -3.49422 1.4039
0.334 -3.61073 1.52459
0.335 -3.71495 1.63672
0.336 -3.80641 1.73995
0.337 -3.88467 1.83399
0.338 -3.94934 1.91858
0.339 -4.00008 1.99348
0.34 -4.03661 2.05853
0.341 -4.05872 2.11357
0.342 -4.06624 2.1585
0.343 -4.05906 2.19324
0.344 -4.03712 2.21779
0.345 -4.00045 2.23216
0.346 -3.9491 2.23639
0.347 -3.88322 2.2306
0.348 -3.80297 2.21491
0.349 -3.70862 2.18951
0.35 -3.60045 2.1546
0.351 -3.47884 2.11044
0.352 -3.34419 2.05732
0.353 -3.19697 1.99556
0.354 -3.0377 1.92552
0.355 -2.86695 1.84759
0.356 -2.68535 1.76219
0.357 -2.49354 1.66977
0.358 -2.29224 1.5708
0.359 -2.0822 1.46578
0.36 -1.86419 1.35525
0.361 -1.63904 1.23975
0.362 -1.40759 1.11984
0.363 -1.17072 0.996094
0.364 -0.929338 0.869116
0.365 -0.684356 0.739509
0.366 -0.436716 0.607886
0.367 -0.18737 0.474868
0.368 0.0627222 0.34108
0.369 0.312593 0.207146
0.37 0.561275 0.0736925
0.371 0.807803 -0.0586622
0.372 1.05122 -0.189304
0.373 1.29057 -0.317629
0.374 1.52492 -0.443044
0.375 1.75336 -0.564971
0.376 1.97499 -0.682848
0.377 2.18893 -0.796131
0.378 2.39436 -0.904298
0.379 2.59047 -1.00685
0.38 2.77647 -1.10332
0.381 2.95164 -1.19325
0.382 3.11529 -1.27623
0.383 3.26677 -1.35187
0.384 3.40549 -1.41982
0.385 3.53091 -1.47976
0.386 3.64252 -1.53141
0.387 3.73989 -1.57452
0.388 3.82265 -1.60887
0.389 3.89046 -1.63431
0.39 3.94308 -1.65068
0.391 3.98029 -1.65791
0.392 4.00197 -1.65594
0.393 4.00803 -1.64476
0.394 3.99848 -1.62439
0.395 3.97336 -1.59491
0.396 3.93279 -1.55642
0.397 3.87696 -1.50908
0.398 3.80611 -1.45306
0.399 3.72054 -1.3886
0.4 3.62064 -1.31596
0.401 3.50681 -1.23543
0.402 3.37955 -1.14735
0.403 3.23941 -1.05208
0.404 3.08698 -0.950035
0.405 2.92291 -0.84163
0.406 2.74789 -0.727327
0.407 2.56268 -0.607609
0.408 2.36806 -0.482984
0.409 2.16486 -0.353983
0.41 1.95395 -0.221156
0.411 1.73622 -0.0850713
0.412 1.51262 0.0536888
0.413 1.28409 0.194528
0.414 1.05162 0.336841
0.415 0.8162 0.480013
0.416 0.578847 0.623427
0.417 0.340583 0.766463
0.418 0.102437 0.9085
0.419 -0.134559 1.04892
0.42 -0.369378 1.18711
0.421 -0.600998 1.32248
0.422 -0.828408 1.45442
0.423 -1.05061 1.58237
0.424 -1.26663 1.70576
0.425 -1.47552 1.82404
0.426 -1.67634 1.9367
0.427 -1.86821 2.04324
0.428 -2.05026 2.14318
0.429 -2.22168 2.23608
0.43 -2.38169 2.32153
0.431 -2.52955 2.39913
0.432 -2.66458 2.46855
0.433 -2.78615 2.52947
0.434 -2.89368 2.5816
0.435 -2.98665 2.62471
0.436 -3.06461 2.65859
0.437 -3.12715 2.68308
0.438 -3.17394 2.69807
0.439 -3.20471 2.70346
0.44 -3.21925 2.69923
0.441 -3.21743 2.68538
0.442 -3.19917 2.66195
0.443 -3.16449 2.62903
0.444 -3.11345 2.58675
0.445 -3.04619 2.53529
0.446 -2.96291 2.47486
0.447 -2.86389 2.40571
0.448 -2.74947 2.32814
0.449 -2.62007 2.24247
0.45 -2.47614 2.14908
0.451 -2.31823 2.04837
0.452 -2.14694 1.94077
0.453 -1.96291 1.82675
0.454 -1.76685 1.70682
0.455 -1.55953 1.58151
0.456 -1.34176 1.45135
0.457 -1.1144 1.31695
0.458 -0.878351 1.17888
0.459 -0.634559 1.03777
0.46 -0.384001 0.894256
0.461 -0.127689 0.748982
0.462 0.133337 0.602607
0.463 0.398013 0.455798
0.464 0.665257 0.309225
0.465 0.933969 0.163563
0.466 1.20304 0.0194856
0.467 1.47136 -0.122338
0.468 1.7378 -0.261245
0.469 2.00125 -0.396579
0.47 2.26061 -0.5277
0.471 2.51477 -0.653979
0.472 2.76267 -0.774807
0.473 3.00324 -0.889595
0.474 3.23546 -0.997777
0.475 3.45832 -1.09881
0.476 3.67085 -1.19219
0.477 3.87212 -1.27742
0.478 4.06126 -1.35407
0.479 4.23741 -1.42171
0.48 4.39979 -1.47997
0.481 4.54766 -1.5285
0.482 4.68033 -1.56701
0.483 4.79719 -1.59525
0.484 4.89767 -1.61299
0.485 4.98128 -1.62007
0.486 5.04759 -1.61636
0.487 5.09624 -1.60179
0.488 5.12693 -1.57631
0.489 5.13946 -1.53996
0.49 5.13367 -1.49278
0.491 5.1095 -1.4349
0.492 5.06695 -1.36646
0.493 5.0061 -1.28767
0.494 4.92709 -1.19878
0.495 4.83017 -1.10009
0.496 4.71563 -0.991938
0.497 4.58384 -0.874705
0.498 4.43526 -0.74882
0.499 4.27038 -0.614748
0.5 4.08981 -0.472995
0.501 3.89418 -0.324103
0.502 3.68422 -0.168651
0.503 3.46069 -0.00724801
0.504 3.22442 0.159464
0.505 2.9763 0.330817
0.506 2.71726 0.506115
0.507 2.4483 0.684642
0.508 2.17043 0.865659
0.509 1.88472 1.04841
0.51 1.59228 1.23214
0.511 1.29424 1.41605
0.512 0.991752 1.59936
0.513 0.686007 1.78128
0.514 0.3782 1.96102
0.515 0.0695405 2.13779
0.516 -0.238753 2.3108
0.517 -0.54546 2.47926
0.518 -0.849363 2.64242
0.519 -1.14925 2.79953
0.52 -1.44393 2.94984
0.521 -1.73222 3.09266
0.522 -2.01295 3.22728
0.523 -2.28501 3.35305
0.524 -2.54729 3.46934
0.525 -2.79873 3.57555
0.526 -3.0383 3.67112
0.527 -3.26503 3.75551
0.528 -3.478 3.82825
0.529 -3.67632 3.8889
0.53 -3.85919 3.93705
0.531 -4.02583 3.97235
0.532 -4.17557 3.99451
0.533 -4.30776 4.00326
0.534 -4.42186 3.99841
0.535 -4.51738 3.9798
0.536 -4.5939 3.94733
0.537 -4.65109 3.90097
0.538 -4.68868 3.84072
0.539 -4.70651 3.76665
0.54 -4.70447 3.67887
0.541 -4.68254 3.57757
0.542 -4.64078 3.46297
0.543 -4.57933 3.33534
0.544 -4.49841 3.19504
0.545 -4.39833 3.04243
0.546 -4.27946 2.87797
0.547 -4.14227 2.70213
0.548 -3.98729 2.51545
0.549 -3.81511 2.31851
0.55 -3.62643 2.11193
0.551 -3.42199 1.89638
0.552 -3.20261 1.67255
0.553 -2.96915 1.44119
0.554 -2.72256 1.20307
0.555 -2.46383 0.959
0.556 -2.19401 0.709803
0.557 -1.91418 0.456338
0.558 -1.62549 0.199485
0.559 -1.32911 -0.0598596
0.56 -1.02625 -0.320785
0.561 -0.718145 -0.58237
0.562 -0.406071 -0.843682
0.563 -0.09131 -1.10379
0.564 0.224839 -1.36175
0.565 0.541067 -1.61664
0.566 0.85606 -1.86754
0.567 1.16851 -2.11352
0.568 1.4771 -2.35368
0.569 1.78054 -2.58715
0.57 2.07756 -2.81306
0.571 2.36689 -3.03058
0.572 2.64732 -3.23888
0.573 2.91765 -3.43721
0.574 3.17671 -3.6248
0.575 3.42339 -3.80096
0.576 3.65663 -3.96501
0.577 3.8754 -4.11634
0.578 4.07874 -4.25437
0.579 4.26576 -4.37856
0.58 4.4356 -4.48843
0.581 4.58749 -4.58357
0.582 4.72074 -4.66359
0.583 4.83471 -4.72817
0.584 4.92885 -4.77706
0.585 5.00268 -4.81006
0.586 5.05581 -4.82702
0.587 5.08792 -4.82785
0.588 5.09879 -4.81254
0.589 5.08827 -4.78113
0.59 5.0563 -4.73371
0.591 5.00291 -4.67046
0.592 4.92822 -4.59157
0.593 4.83241 -4.49735
0.594 4.71579 -4.38813
0.595 4.57871 -4.2643
0.596 4.42163 -4.12632
0.597 4.24509 -3.9747
0.598 4.04969 -3.81
0.599 3.83613 -3.63283
0.6 3.60518 -3.44386
0.601 3.35767 -3.24379
0.602 3.0945 -3.03337
0.603 2.81666 -2.81339
0.604 2.52517 -2.58468
0.605 2.22112 -2.34811
0.606 1.90566 -2.10458
0.607 1.57998 -1.855
0.608 1.24532 -1.60033
0.609 0.902945 -1.34153
0.61 0.554171 -1.0796
0.611 0.200337 -0.81553
0.612 -0.157196 -0.550335
0.613 -0.517048 -0.285031
0.614 -0.877825 -0.0206349
0.615 -1.23813 0.241836
0.616 -1.59655 0.501373
0.617 -1.95171 0.756974
0.618 -2.3022 1.00765
0.619 -2.64665 1.25244
0.62 -2.98372 1.49039
0.621 -3.31207 1.72058
0.622 -3.63042 1.94211
0.623 -3.9375 2.15413
0.624 -4.2321 2.3558
0.625 -4.51305 2.54635
0.626 -4.77924 2.72501
0.627 -5.0296 2.8911
0.628 -5.26313 3.04397
0.629 -5.47891 3.183
0.63 -5.67605 3.30764
0.631 -5.85377 3.41741
0.632 -6.01135 3.51187
0.633 -6.14815 3.59063
0.634 -6.2636 3.65337
0.635 -6.35724 3.69984
0.636 -6.42867 3.72984
0.637 -6.47759 3.74325
0.638 -6.50378 3.73998
0.639 -6.50712 3.72004
0.64 -6.48758 3.68349
0.641 -6.4452 3.63045
0.642 -6.38015 3.56111
0.643 -6.29265 3.47572
0.644 -6.18303 3.37459
0.645 -6.0517 3.25811
0.646 -5.89917 3.1267
0.647 -5.72602 2.98086
0.648 -5.53291 2.82113
0.649 -5.3206 2.64812
0.65 -5.08991 2.46248
0.651 -4.84173 2.26491
0.652 -4.57704 2.05617
0.653 -4.29686 1.83704
0.654 -4.0023 1.60836
0.655 -3.69451 1.37101
0.656 -3.3747 1.12588
0.657 -3.04412 0.873905
0.658 -2.70408 0.616056
0.659 -2.35591 0.353316
0.66 -2.00099 0.0866877
0.661 -1.64073 -0.182809
0.662 -1.27653 -0.454143
0.663 -0.909839 -0.726277
0.664 -0.542109 -0.998168
0.665 -0.174794 -1.26878
0.666 0.190654 -1.53707
0.667 0.552787 -1.80201
0.668 0.910172 -2.0626
0.669 1.26139 -2.31783
0.67 1.60506 -2.56672
0.671 1.93981 -2.80833
0.672 2.26431 -3.04173
0.673 2.57728 -3.26603
0.674 2.87748 -3.48038
0.675 3.16372 -3.68395
0.676 3.43486 -3.87597
0.677 3.68984 -4.05571
0.678 3.92764 -4.22249
0.679 4.14732 -4.37567
0.68 4.34802 -4.51468
0.681 4.52894 -4.63898
0.682 4.68937 -4.74812
0.683 4.82869 -4.84169
0.684 4.94634 -4.91932
0.685 5.04188 -4.98075
0.686 5.11493 -5.02575
0.687 5.16521 -5.05415
0.688 5.19255 -5.06587
0.689 5.19684 -5.06087
0.69 5.17809 -5.03918
0.691 5.13639 -5.00092
0.692 5.07194 -4.94623
0.693 4.985 -4.87535
0.694 4.87595 -4.78856
0.695 4.74525 -4.68622
0.696 4.59344 -4.56873
0.697 4.42117 -4.43657
0.698 4.22915 -4.29025
0.699 4.01817 -4.13037
0.7 3.78911 -3.95754
0.701 3.54293 -3.77245
0.702 3.28064 -3.57582
0.703 3.00332 -3.36842
0.704 2.71213 -3.15107
0.705 2.40826 -2.9246
0.706 2.09298 -2.68991
0.707 1.76759 -2.44789
0.708 1.43343 -2.1995
0.709 1.09189 -1.94568
0.71 0.744378 -1.68743
0.711 0.392333 -1.42572
0.712 0.0372148 -1.16157
0.713 -0.319505 -0.895991
0.714 -0.676348 -0.629994
0.715 -1.03183 -0.364594
0.716 -1.38448 -0.100799
0.717 -1.73283 0.160392
0.718 -2.07543 0.417993
0.719 -2.41085 0.671036
0.72 -2.73768 0.918573
0.721 -3.05458 1.15968
0.722 -3.3602 1.39347
0.723 -3.65327 1.61907
0.724 -3.93255 1.83566
0.725 -4.19687 2.04245
0.726 -4.4451 2.2387
0.727 -4.6762 2.4237
0.728 -4.88919 2.59681
0.729 -5.08314 2.75741
0.73 -5.25722 2.90496
0.731 -5.41068 3.03896
0.732 -5.54285 3.15897
0.733 -5.65313 3.26462
0.734 -5.74104 3.35557
0.735 -5.80616 3.43158
0.736 -5.84818 3.49243
0.737 -5.86687 3.538
0.738 -5.8621 3.56821
0.739 -5.83386 3.58306
0.74 -5.78218 3.58259
0.741 -5.70725 3.56693
0.742 -5.60929 3.53625
0.743 -5.48867 3.49079
0.744 -5.34582 3.43085
0.745 -5.18127 3.3568
0.746 -4.99563 3.26905
0.747 -4.7896 3.16808
0.748 -4.56399 3.05441
0.749 -4.31964 2.92861
0.75 -4.0575 2.79133
0.751 -3.77859 2.64322
0.752 -3.48399 2.48501
0.753 -3.17486 2.31746
0.754 -2.85239 2.14136
0.755 -2.51786 1.95753
0.756 -2.17258 1.76685
0.757 -1.8179 1.57019
0.758 -1.45522 1.36846
0.759 -1.08598 1.16259
0.76 -0.711635 0.953532
0.761 -0.333661 0.742233
0.762 0.0464435 0.529659
0.763 0.427173 0.316776
0.764 0.807018 0.10455
0.765 1.18447 -0.106057
0.766 1.55803 -0.314092
0.767 1.92622 -0.518615
0.768 2.28758 -0.718702
0.769 2.64066 -0.913449
0.77 2.98406 -1.10198
0.771 3.31642 -1.28343
0.772 3.63642 -1.45699
0.773 3.94279 -1.62188
0.774 4.2343 -1.77734
0.775 4.50981 -1.92266
0.776 4.76821 -2.05719
0.777 5.00848 -2.1803
0.778 5.22967 -2.29144
0.779 5.4309 -2.39008
0.78 5.61138 -2.47577
0.781 5.7704 -2.54809
0.782 5.90734 -2.60671
0.783 6.02165 -2.65133
0.784 6.11289 -2.68172
0.785 6.18073 -2.69772
0.786 6.22489 -2.69923
0.787 6.24522 -2.68619
0.788 6.24166 -2.65862
0.789 6.21424 -2.61662
0.79 6.1631 -2.56032
0.791 6.08846 -2.48993
0.792 5.99065 -2.40572
0.793 5.87008 -2.308
0.794 5.72726 -2.19718
0.795 5.5628 -2.07368
0.796 5.37739 -1.938
0.797 5.17181 -1.79069
0.798 4.9469 -1.63236
0.799 4.70361 -1.46365
0.8 4.44295 -1.28525
0.801 4.166 -1.09789
0.802 3.87392 -0.902362
0.803 3.56791 -0.699467
0.804 3.24926 -0.490051
0.805 2.91927 -0.274989
0.806 2.57931 -0.0551802
0.807 2.23081 0.168454
0.808 1.8752 0.394973
0.809 1.51396 0.623422
0.81 1.14859 0.852838
0.811 0.780603 1.08225
0.812 0.41153 1.31068
0.813 0.042905 1.53717
0.814 -0.323741 1.76074
0.815 -0.686883 1.98044
0.816 -1.04501 2.19533
0.817 -1.39663 2.40448
0.818 -1.74027 2.607
0.819 -2.07451 2.80201
0.82 -2.39795 2.98867
0.821 -2.70922 3.16615
0.822 -3.00704 3.33368
0.823 -3.29015 3.49054
0.824 -3.55736 3.63601
0.825 -3.80755 3.76946
0.826 -4.03965 3.89028
0.827 -4.25269 3.99792
0.828 -4.44576 4.0919
0.829 -4.61804 4.17176
0.83 -4.76879 4.23714
0.831 -4.89735 4.28771
0.832 -5.00317 4.32321
0.833 -5.08578 4.34343
0.834 -5.14481 4.34825
0.835 -5.17998 4.3376
0.836 -5.1911 4.31146
0.837 -5.17811 4.26989
0.838 -5.14103 4.21301
0.839 -5.07996 4.14101
0.84 -4.99513 4.05414
0.841 -4.88686 3.95271
0.842 -4.75556 3.83708
0.843 -4.60172 3.7077
0.844 -4.42596 3.56505
0.845 -4.22897 3.40968
0.846 -4.01153 3.24218
0.847 -3.77449 3.06322
0.848 -3.51882 2.87349
0.849 -3.24552 2.67374
0.85 -2.95571 2.46477
0.851 -2.65054 2.24739
0.852 -2.33126 2.02249
0.853 -1.99915 1.79097
0.854 -1.65556 1.55375
0.855 -1.30189 1.31179
0.856 -0.93957 1.06609
0.857 -0.570087 0.81762
0.858 -0.194947 0.56741
0.859 0.184314 0.316478
0.86 0.566142 0.065852
0.861 0.948969 -0.183439
0.862 1.33122 -0.430367
0.863 1.71132 -0.673913
0.864 2.0877 -0.913067
0.865 2.45881 -1.14684
0.866 2.8231 -1.37425
0.867 3.17906 -1.59435
0.868 3.52522 -1.80622
0.869 3.86012 -2.00896
0.87 4.18237 -2.20173
0.871 4.4906 -2.38369
0.872 4.78353 -2.55408
0.873 5.05992 -2.71216
0.874 5.31858 -2.85726
0.875 5.55843 -2.98873
0.876 5.77842 -3.10601
0.877 5.9776 -3.20858
0.878 6.15511 -3.29597
0.879 6.31017 -3.36778
0.88 6.44207 -3.42368
0.881 6.55023 -3.4634
0.882 6.63413 -3.48672
0.883 6.69336 -3.49351
0.884 6.72762 -3.48369
0.885 6.73669 -3.45726
0.886 6.72046 -3.41429
0.887 6.67893 -3.35489
0.888 6.61219 -3.27927
0.889 6.52044 -3.18771
0.89 6.40398 -3.08051
0.891 6.26319 -2.9581
0.892 6.09858 -2.82092
0.893 5.91074 -2.6695
0.894 5.70035 -2.50442
0.895 5.4682 -2.32632
0.896 5.21514 -2.1359
0.897 4.94213 -1.9339
0.898 4.65021 -1.72112
0.899 4.34047 -1.49842
0.9 4.01411 -1.26667
0.901 3.67238 -1.0268
0.902 3.31658 -0.779779
0.903 2.9481 -0.526607
0.904 2.56836 -0.268306
0.905 2.17882 -0.00592739
0.906 1.78101 0.259458
0.907 1.37647 0.526763
0.908 0.966782 0.79489
0.909 0.553538 1.06273
0.91 0.138357 1.32918
0.911 -0.277136 1.59312
0.912 -0.691314 1.85346
0.913 -1.10255 2.1091
0.914 -1.50924 2.35897
0.915 -1.90977 2.602
0.916 -2.30257 2.83717
0.917 -2.6861 3.06346
0.918 -3.05886 3.2799
0.919 -3.41936 3.48555
0.92 -3.76619 3.67952
0.921 -4.09798 3.86093
0.922 -4.41343 4.02898
0.923 -4.71129 4.18291
0.924 -4.99039 4.32202
0.925 -5.24963 4.44564
0.926 -5.48798 4.55319
0.927 -5.70451 4.64414
0.928 -5.89837 4.71802
0.929 -6.06879 4.77443
0.93 -6.2151 4.81303
0.931 -6.33674 4.83356
0.932 -6.43323 4.83583
0.933 -6.50419 4.8197
0.934 -6.54936 4.78513
0.935 -6.56856 4.73213
0.936 -6.56173 4.66081
0.937 -6.52892 4.57132
0.938 -6.47026 4.4639
0.939 -6.386 4.33886
0.94 -6.2765 4.19657
0.941 -6.1422 4.03747
0.942 -5.98367 3.86209
0.943 -5.80153 3.67099
0.944 -5.59655 3.46482
0.945 -5.36956 3.24428
0.946 -5.12148 3.01012
0.947 -4.85333 2.76316
0.948 -4.56619 2.50426
0.949 -4.26124 2.23433
0.95 -3.93971 1.95434
0.951 -3.60291 1.66529
0.952 -3.25222 1.3682
0.953 -2.88905 1.06416
0.954 -2.51489 0.754271
0.955 -2.13127 0.439647
0.956 -1.73973 0.121441
0.957 -1.34188 -0.199184
0.958 -0.939332 -0.521054
0.959 -0.533731 -0.842984
0.96 -0.126729 -1.16379
0.961 0.280015 -1.48229
0.962 0.68484 -1.79731
0.963 1.08609 -2.10767
0.964 1.48214 -2.41224
0.965 1.87135 -2.70988
0.966 2.25213 -2.99948
0.967 2.62294 -3.27998
0.968 2.98223 -3.55032
0.969 3.32855 -3.80951
0.97 3.66046 -4.05658
0.971 3.9766 -4.2906
0.972 4.27566 -4.51072
0.973 4.55641 -4.7161
0.974 4.81768 -4.906
0.975 5.05838 -5.0797
0.976 5.27751 -5.23657
0.977 5.47416 -5.37602
0.978 5.64749 -5.49754
0.979 5.79677 -5.60069
0.98 5.92135 -5.68509
0.981 6.02071 -5.75044
0.982 6.09439 -5.79651
0.983 6.14207 -5.82314
0.984 6.1635 -5.83026
0.985 6.15857 -5.81784
0.986 6.12725 -5.78596
0.987 6.06962 -5.73477
0.988 5.98588 -5.66447
0.989 5.87632 -5.57535
0.99 5.74134 -5.46778
0.991 5.58144 -5.34219
0.992 5.39722 -5.19907
0.993 5.18938 -5.039
0.994 4.95872 -4.86261
0.995 4.70613 -4.67059
0.996 4.43257 -4.46369
0.997 4.13911 -4.24273
0.998 3.82689 -4.00858
0.999 3.49712 -3.76215
1 3.1511 -3.50439
