0.001 3.40153e-008 2.56629e-009
0.002 3.09857e-007 2.061e-008
0.003 1.46136e-006 8.55257e-008
0.004 4.84245e-006 2.50979e-007
0.005 1.28179e-005 5.95347e-007
0.006 2.90445e-005 1.22582e-006
0.007 5.87387e-005 2.28458e-006
0.008 0.000108931 3.95756e-006
0.009 0.000188699 6.48598e-006
0.01 0.00030939 1.01813e-005
0.011 0.000484807 1.54435e-005
0.012 0.000731386 2.27834e-005
0.013 0.00106834 3.28491e-005
0.014 0.00151777 4.64562e-005
0.015 0.00210476 6.4623e-005
0.016 0.00285745 8.86095e-005
0.017 0.00380703 0.000119961
0.018 0.00498777 0.000160558
0.019 0.00643698 0.000212665
0.02 0.0081949 0.000278991
0.021 0.0103047 0.000362746
0.022 0.0128121 0.000467711
0.023 0.0157656 0.000598297
0.024 0.019216 0.000759623
0.025 0.0232161 0.000957585
0.026 0.0278207 0.00119893
0.027 0.033086 0.00149134
0.028 0.0390697 0.00184348
0.029 0.0458302 0.00226513
0.03 0.0534265 0.00276721
0.031 0.0619177 0.00336186
0.032 0.0713628 0.00406255
0.033 0.0818199 0.00488412
0.034 0.093346 0.00584285
0.035 0.105996 0.00695651
0.036 0.119825 0.00824446
0.037 0.134881 0.00972764
0.038 0.151214 0.0114287
0.039 0.168867 0.0133719
0.04 0.18788 0.0155832
0.041 0.20829 0.0180905
0.042 0.230127 0.0209232
0.043 0.253415 0.0241125
0.044 0.278176 0.0276915
0.045 0.304421 0.0316947
0.046 0.332158 0.0361584
0.047 0.361386 0.0411206
0.048 0.392097 0.0466207
0.049 0.424276 0.0526996
0.05 0.457899 0.0593994
0.051 0.492933 0.0667637
0.052 0.52934 0.074837
0.053 0.567069 0.0836648
0.054 0.606064 0.0932935
0.055 0.646258 0.10377
0.056 0.687575 0.115142
0.057 0.729931 0.127457
0.058 0.773234 0.140762
0.059 0.817382 0.155106
0.06 0.862264 0.170535
0.061 0.907761 0.187095
0.062 0.953749 0.204832
0.063 1.00009 0.22379
0.064 1.04665 0.244011
0.065 1.09327 0.265536
0.066 1.1398 0.288404
0.067 1.18608 0.312651
0.068 1.23195 0.338309
0.069 1.27722 0.36541
0.07 1.32173 0.393979
0.071 1.3653 0.42404
0.072 1.40775 0.455612
0.073 1.44889 0.488709
0.074 1.48854 0.523341
0.075 1.52652 0.559513
0.076 1.56263 0.597224
0.077 1.5967 0.636469
0.078 1.62855 0.677235
0.079 1.658 0.719504
0.08 1.68487 0.763252
0.081 1.70901 0.808447
0.082 1.73023 0.855053
0.083 1.7484 0.903023
0.084 1.76336 0.952306
0.085 1.77498 1.00284
0.086 1.78312 1.05457
0.087 1.78766 1.1074
0.088 1.7885 1.16127
0.089 1.78554 1.21607
0.09 1.77869 1.27173
0.091 1.7679 1.32812
0.092 1.75309 1.38513
0.093 1.73423 1.44266
0.094 1.7113 1.50057
0.095 1.68427 1.55872
0.096 1.65317 1.61698
0.097 1.618 1.6752
0.098 1.57882 1.73323
0.099 1.53567 1.79091
0.1 1.48862 1.84806
0.101 1.43778 1.90453
0.102 1.38324 1.96014
0.103 1.32513 2.01471
0.104 1.2636 2.06805
0.105 1.1988 2.11999
0.106 1.1309 2.17032
0.107 1.06011 2.21887
0.108 0.986619 2.26543
0.109 0.91066 2.30982
0.11 0.832466 2.35184
0.111 0.75229 2.3913
0.112 0.670394 2.42802
0.113 0.587053 2.46179
0.114 0.502556 2.49243
0.115 0.417199 2.51977
0.116 0.331289 2.54362
0.117 0.24514 2.56381
0.118 0.159073 2.58018
0.119 0.0734147 2.59255
0.12 -0.0115036 2.60079
0.121 -0.0953478 2.60475
0.122 -0.177782 2.60428
0.123 -0.258471 2.59927
0.124 -0.337079 2.58959
0.125 -0.413275 2.57515
0.126 -0.48673 2.55586
0.127 -0.557122 2.53163
0.128 -0.624135 2.50239
0.129 -0.687462 2.4681
0.13 -0.746807 2.42871
0.131 -0.801883 2.38421
0.132 -0.852417 2.33459
0.133 -0.89815 2.27985
0.134 -0.938839 2.22001
0.135 -0.974257 2.15512
0.136 -1.00419 2.08524
0.137 -1.02846 2.01044
0.138 -1.04689 1.9308
0.139 -1.05934 1.84645
0.14 -1.06567 1.7575
0.141 -1.06578 1.66409
0.142 -1.0596 1.5664
0.143 -1.04708 1.46459
0.144 -1.02817 1.35886
0.145 -1.00289 1.24941
0.146 -0.971257 1.13648
0.147 -0.933316 1.02031
0.148 -0.889148 0.901143
0.149 -0.838857 0.779264
0.15 -0.782573 0.654954
0.151 -0.720454 0.528511
0.152 -0.652685 0.400246
0.153 -0.579476 0.27048
0.154 -0.501063 0.139547
0.155 -0.417707 0.00778873
0.156 -0.329695 -0.124443
0.157 -0.237334 -0.25679
0.158 -0.140958 -0.388885
0.159 -0.0409191 -0.520359
0.16 0.0624081 -0.650837
0.161 0.168631 -0.779939
0.162 0.277337 -0.907287
0.163 0.388101 -1.0325
0.164 0.500479 -1.1552
0.165 0.614016 -1.275
0.166 0.728244 -1.39154
0.167 0.842687 -1.50445
0.168 0.956859 -1.61336
0.169 1.07027 -1.71791
0.17 1.18242 -1.81777
0.171 1.29282 -1.9126
0.172 1.40096 -2.00207
0.173 1.50636 -2.08587
0.174 1.60851 -2.1637
0.175 1.70694 -2.23529
0.176 1.80116 -2.30037
0.177 1.8907 -2.35869
0.178 1.97512 -2.41002
0.179 2.05396 -2.45417
0.18 2.1268 -2.49094
0.181 2.19323 -2.52016
0.182 2.25287 -2.5417
0.183 2.30534 -2.55544
0.184 2.35031 -2.56129
0.185 2.38746 -2.55918
0.186 2.41649 -2.54906
0.187 2.43715 -2.53093
0.188 2.4492 -2.50479
0.189 2.45243 -2.47067
0.19 2.44669 -2.42866
0.191 2.43183 -2.37883
0.192 2.40774 -2.3213
0.193 2.37437 -2.25624
0.194 2.33168 -2.1838
0.195 2.27967 -2.10418
0.196 2.21839 -2.01763
0.197 2.14792 -1.92438
0.198 2.06836 -1.82472
0.199 1.97988 -1.71895
0.2 1.88266 -1.60739
0.201 1.77692 -1.4904
0.202 1.66293 -1.36835
0.203 1.54099 -1.24162
0.204 1.41142 -1.11064
0.205 1.27459 -0.975828
0.206 1.13089 -0.837635
0.207 0.980761 -0.696525
0.208 0.824652 -0.552976
0.209 0.663052 -0.407477
0.21 0.496474 -0.26053
0.211 0.325453 -0.112646
0.212 0.150552 0.0356553
0.213 -0.027648 0.183851
0.214 -0.208547 0.33141
0.215 -0.391528 0.477804
0.216 -0.575958 0.622499
0.217 -0.761196 0.764967
0.218 -0.946587 0.904679
0.219 -1.13147 1.04112
0.22 -1.31518 1.17376
0.221 -1.49706 1.30211
0.222 -1.67643 1.42567
0.223 -1.85264 1.54395
0.224 -2.02502 1.6565
0.225 -2.19294 1.76285
0.226 -2.35574 1.86259
0.227 -2.51282 1.95529
0.228 -2.66356 2.04056
0.229 -2.80738 2.11803
0.23 -2.94371 2.18737
0.231 -3.07201 2.24825
0.232 -3.19176 2.30039
0.233 -3.30248 2.34352
0.234 -3.40371 2.37741
0.235 -3.49503 2.40186
0.236 -3.57605 2.4167
0.237 -3.64642 2.42179
0.238 -3.70582 2.41704
0.239 -3.75398 2.40236
0.24 -3.79066 2.37773
0.241 -3.81568 2.34314
0.242 -3.82889 2.29863
0.243 -3.83017 2.24428
0.244 -3.81949 2.18017
0.245 -3.79682 2.10646
0.246 -3.76219 2.02332
0.247 -3.71569 1.93096
0.248 -3.65744 1.82962
0.249 -3.58761 1.71957
0.25 -3.50642 1.60113
0.251 -3.41414 1.47463
0.252 -3.31106 1.34045
0.253 -3.19755 1.19897
0.254 -3.07398 1.05064
0.255 -2.94081 0.895901
0.256 -2.79849 0.735233
0.257 -2.64754 0.569138
0.258 -2.48851 0.39814
0.259 -2.32197 0.222783
0.26 -2.14855 0.0436293
0.261 -1.96889 -0.138743
0.262 -1.78365 -0.323743
0.263 -1.59354 -0.510764
0.264 -1.39927 -0.699193
0.265 -1.20158 -0.888407
0.266 -1.00123 -1.07778
0.267 -0.798984 -1.26668
0.268 -0.595625 -1.45447
0.269 -0.39194 -1.64053
0.27 -0.188723 -1.82422
0.271 0.0132302 -2.00492
0.272 0.213127 -2.18203
0.273 0.410178 -2.35493
0.274 0.603602 -2.52304
0.275 0.792628 -2.68578
0.276 0.9765 -2.84259
0.277 1.15448 -2.99294
0.278 1.32585 -3.13629
0.279 1.4899 -3.27217
0.28 1.64598 -3.40009
0.281 1.79344 -3.51961
0.282 1.93167 -3.63032
0.283 2.0601 -3.73182
0.284 2.17818 -3.82378
0.285 2.28542 -3.90585
0.286 2.38135 -3.97777
0.287 2.46557 -4.03926
0.288 2.5377 -4.09013
0.289 2.59741 -4.13019
0.29 2.64444 -4.1593
0.291 2.67856 -4.17735
0.292 2.69959 -4.18429
0.293 2.7074 -4.18009
0.294 2.70194 -4.16476
0.295 2.68317 -4.13837
0.296 2.65114 -4.101
0.297 2.60593 -4.05279
0.298 2.54769 -3.99391
0.299 2.47661 -3.92456
0.3 2.39294 -3.84501
0.301 2.29698 -3.75552
0.302 2.18907 -3.65642
0.303 2.06963 -3.54806
0.304 1.93909 -3.43083
0.305 1.79795 -3.30515
0.306 1.64675 -3.17145
0.307 1.48607 -3.03023
0.308 1.31654 -2.88197
0.309 1.13881 -2.72721
0.31 0.953577 -2.5665
0.311 0.761579 -2.4004
0.312 0.563572 -2.22951
0.313 0.360345 -2.05443
0.314 0.152708 -1.87578
0.315 -0.0585039 -1.69419
0.316 -0.272441 -1.51029
0.317 -0.488236 -1.32475
0.318 -0.705013 -1.1382
0.319 -0.921887 -0.951302
0.32 -1.13797 -0.764708
0.321 -1.35237 -0.579066
0.322 -1.56421 -0.395021
0.323 -1.7726 -0.213208
0.324 -1.97667 -0.0342534
0.325 -2.17557 0.141232
0.326 -2.36846 0.312649
0.327 -2.55452 0.47942
0.328 -2.73296 0.640983
0.329 -2.90302 0.7968
0.33 -3.06395 0.946358
0.331 -3.21506 1.08917
0.332 -3.35568 1.22477
0.333 -3.48518 1.35273
0.334 -3.60298 1.47265
0.335 -3.70855 1.58416
0.336 -3.80139 1.68693
0.337 -3.88105 1.78067
0.338 -3.94715 1.8651
0.339 -3.99936 1.94001
0.34 -4.03737 2.00522
0.341 -4.06098 2.06056
0.342 -4.07 2.10595
0.343 -4.06432 2.1413
0.344 -4.04389 2.1666
0.345 -4.00871 2.18185
0.346 -3.95886 2.18711
0.347 -3.89444 2.18247
0.348 -3.81564 2.16807
0.349 -3.7227 2.14407
0.35 -3.61592 2.11068
0.351 -3.49565 2.06815
0.352 -3.36231 2.01676
0.353 -3.21635 1.95683
0.354 -3.05829 1.88871
0.355 -2.88869 1.81277
0.356 -2.70817 1.72944
0.357 -2.51739 1.63915
0.358 -2.31705 1.54238
0.359 -2.1079 1.4396
0.36 -1.8907 1.33135
0.361 -1.66629 1.21816
0.362 -1.43549 1.10058
0.363 -1.1992 0.979186
0.364 -0.958303 0.854561
0.365 -0.713724 0.727303
0.366 -0.466399 0.598017
0.367 -0.217279 0.467316
0.368 0.0326754 0.335817
0.369 0.282499 0.204135
0.37 0.531223 0.0728876
0.371 0.777881 -0.0573131
0.372 1.02151 -0.185861
0.373 1.26117 -0.312159
0.374 1.49592 -0.435622
0.375 1.72483 -0.555676
0.376 1.94702 -0.671767
0.377 2.16161 -0.783357
0.378 2.36775 -0.889929
0.379 2.56464 -0.990989
0.38 2.75151 -1.08607
0.381 2.9276 -1.17472
0.382 3.09224 -1.25654
0.383 3.24478 -1.33114
0.384 3.3846 -1.39817
0.385 3.51116 -1.45732
0.386 3.62397 -1.50829
0.387 3.72258 -1.55084
0.388 3.8066 -1.58477
0.389 3.87572 -1.6099
0.39 3.92965 -1.62611
0.391 3.9682 -1.63328
0.392 3.99123 -1.63138
0.393 3.99865 -1.62039
0.394 3.99045 -1.60033
0.395 3.96668 -1.57127
0.396 3.92745 -1.53331
0.397 3.87294 -1.4866
0.398 3.80338 -1.43133
0.399 3.71908 -1.36771
0.4 3.6204 -1.296
0.401 3.50777 -1.21649
0.402 3.38165 -1.12951
0.403 3.24261 -1.03543
0.404 3.09121 -0.93463
0.405 2.92812 -0.827538
0.406 2.75401 -0.714605
0.407 2.56965 -0.596307
0.408 2.3758 -0.473145
0.409 2.17329 -0.345642
0.41 1.96299 -0.214342
0.411 1.7458 -0.079805
0.412 1.52265 0.0573927
0.413 1.29448 0.196663
0.414 1.06227 0.337407
0.415 0.827036 0.479018
0.416 0.589773 0.620886
0.417 0.351506 0.762396
0.418 0.113265 0.902935
0.419 -0.123918 1.04189
0.42 -0.359015 1.17867
0.421 -0.591003 1.31266
0.422 -0.81887 1.44328
0.423 -1.04162 1.56996
0.424 -1.25827 1.69214
0.425 -1.46786 1.80929
0.426 -1.66948 1.92089
0.427 -1.86221 2.02644
0.428 -2.0452 2.12548
0.429 -2.21762 2.21756
0.43 -2.37869 2.30226
0.431 -2.52768 2.37922
0.432 -2.66388 2.44808
0.433 -2.78668 2.50852
0.434 -2.89548 2.56028
0.435 -2.98975 2.6031
0.436 -3.06904 2.63679
0.437 -3.13294 2.66118
0.438 -3.1811 2.67615
0.439 -3.21325 2.68162
0.44 -3.22917 2.67756
0.441 -3.22873 2.66395
0.442 -3.21185 2.64085
0.443 -3.17853 2.60835
0.444 -3.12881 2.56656
0.445 -3.06285 2.51566
0.446 -2.98084 2.45585
0.447 -2.88304 2.38739
0.448 -2.76979 2.31056
0.449 -2.64149 2.2257
0.45 -2.49862 2.13315
0.451 -2.34169 2.03333
0.452 -2.17129 1.92665
0.453 -1.98809 1.81359
0.454 -1.79277 1.69464
0.455 -1.58609 1.57032
0.456 -1.36888 1.44118
0.457 -1.14197 1.30779
0.458 -0.906273 1.17073
0.459 -0.662726 1.03063
0.46 -0.412304 0.888109
0.461 -0.156017 0.743809
0.462 0.105098 0.598382
0.463 0.369977 0.452489
0.464 0.63754 0.306795
0.465 0.906688 0.16197
0.466 1.17631 0.0186809
0.467 1.44529 -0.122407
0.468 1.71252 -0.260635
0.469 1.97687 -0.395353
0.47 2.23723 -0.525922
0.471 2.49251 -0.65172
0.472 2.74164 -0.772139
0.473 2.98353 -0.886593
0.474 3.21717 -0.99452
0.475 3.44155 -1.09538
0.476 3.65569 -1.18866
0.477 3.85866 -1.27388
0.478 4.04956 -1.3506
0.479 4.22755 -1.41839
0.48 4.39184 -1.47688
0.481 4.54167 -1.52573
0.482 4.67637 -1.56464
0.483 4.79529 -1.59335
0.484 4.89787 -1.61164
0.485 4.9836 -1.61934
0.486 5.05206 -1.61633
0.487 5.10286 -1.60251
0.488 5.13572 -1.57786
0.489 5.1504 -1.54238
0.49 5.14675 -1.49614
0.491 5.1247 -1.43923
0.492 5.08424 -1.3718
0.493 5.02543 -1.29407
0.494 4.94843 -1.20626
0.495 4.85345 -1.10867
0.496 4.74078 -1.00163
0.497 4.6108 -0.885527
0.498 4.46393 -0.760766
0.499 4.30069 -0.627812
0.5 4.12166 -0.487163
0.501 3.92746 -0.339352
0.502 3.71882 -0.184951
0.503 3.49649 -0.0245617
0.504 3.2613 0.141182
0.505 3.01414 0.31162
0.506 2.75592 0.486064
0.507 2.48764 0.663804
0.508 2.21031 0.844109
0.509 1.925 1.02623
0.51 1.63281 1.20942
0.511 1.33487 1.39288
0.512 1.03234 1.57585
0.513 0.72639 1.75754
0.514 0.418227 1.93715
0.515 0.10906 2.11391
0.516 -0.199893 2.28703
0.517 -0.50741 2.45573
0.518 -0.812271 2.61926
0.519 -1.11326 2.77687
0.52 -1.40919 2.92782
0.521 -1.69885 3.07141
0.522 -1.98111 3.20694
0.523 -2.25481 3.33376
0.524 -2.51885 3.45124
0.525 -2.77217 3.55877
0.526 -3.01374 3.6558
0.527 -3.24256 3.74179
0.528 -3.45771 3.81626
0.529 -3.65831 3.87876
0.53 -3.84352 3.9289
0.531 -4.01258 3.96631
0.532 -4.16478 3.99069
0.533 -4.2995 4.00177
0.534 -4.41615 3.99936
0.535 -4.51425 3.98328
0.536 -4.59338 3.95344
0.537 -4.65317 3.90979
0.538 -4.69337 3.85232
0.539 -4.71379 3.7811
0.54 -4.7143 3.69623
0.541 -4.69489 3.59788
0.542 -4.6556 3.48627
0.543 -4.59656 3.36166
0.544 -4.51798 3.22439
0.545 -4.42016 3.07482
0.546 -4.30345 2.91339
0.547 -4.16833 2.74057
0.548 -4.01529 2.55687
0.549 -3.84495 2.36288
0.55 -3.65797 2.15919
0.551 -3.45509 1.94647
0.552 -3.23711 1.7254
0.553 -3.00492 1.49671
0.554 -2.75943 1.26116
0.555 -2.50163 1.01955
0.556 -2.23256 0.772697
0.557 -1.95331 0.521447
0.558 -1.66501 0.266669
0.559 -1.36884 0.00924831
0.56 -1.06599 -0.249912
0.561 -0.757718 -0.509899
0.562 -0.445276 -0.76979
0.563 -0.129952 -1.02866
0.564 0.186955 -1.28558
0.565 0.504135 -1.53962
0.566 0.820271 -1.78987
0.567 1.13405 -2.03542
0.568 1.44416 -2.27537
0.569 1.74931 -2.50883
0.57 2.04821 -2.73496
0.571 2.3396 -2.95292
0.572 2.62225 -3.16189
0.573 2.89495 -3.36111
0.574 3.15654 -3.54982
0.575 3.4059 -3.72732
0.576 3.64195 -3.89293
0.577 3.86366 -4.04605
0.578 4.07005 -4.18607
0.579 4.26022 -4.31247
0.58 4.43331 -4.42476
0.581 4.58854 -4.52251
0.582 4.72518 -4.60534
0.583 4.84261 -4.67292
0.584 4.94025 -4.72499
0.585 5.01762 -4.76132
0.586 5.0743 -4.78178
0.587 5.10997 -4.78626
0.588 5.12439 -4.77474
0.589 5.11739 -4.74724
0.59 5.08891 -4.70385
0.591 5.03896 -4.64471
0.592 4.96764 -4.57004
0.593 4.87514 -4.4801
0.594 4.76172 -4.37522
0.595 4.62775 -4.25578
0.596 4.47366 -4.12221
0.597 4.29997 -3.97502
0.598 4.10729 -3.81475
0.599 3.8963 -3.642
0.6 3.66775 -3.45741
0.601 3.42247 -3.26167
0.602 3.16135 -3.05553
0.603 2.88536 -2.83975
0.604 2.59553 -2.61515
0.605 2.29292 -2.38258
0.606 1.97869 -2.14292
0.607 1.65402 -1.89708
0.608 1.32013 -1.64601
0.609 0.978302 -1.39064
0.61 0.629838 -1.13196
0.611 0.276072 -0.870964
0.612 -0.0816337 -0.608639
0.613 -0.441901 -0.345994
0.614 -0.803336 -0.0840373
0.615 -1.16454 0.176224
0.616 -1.5241 0.43379
0.617 -1.88063 0.687666
0.618 -2.23274 0.936874
0.619 -2.57903 1.18045
0.62 -2.91816 1.41745
0.621 -3.2488 1.64697
0.622 -3.56964 1.8681
0.623 -3.87942 2.07998
0.624 -4.17692 2.2818
0.625 -4.46095 2.47277
0.626 -4.73039 2.65214
0.627 -4.98416 2.81921
0.628 -5.22126 2.97332
0.629 -5.44074 3.11386
0.63 -5.64172 3.24029
0.631 -5.82339 3.3521
0.632 -5.98501 3.44885
0.633 -6.12594 3.53015
0.634 -6.2456 3.59566
0.635 -6.34349 3.64513
0.636 -6.41921 3.67835
0.637 -6.47245 3.69518
0.638 -6.50296 3.69553
0.639 -6.51062 3.67939
0.64 -6.49537 3.6468
0.641 -6.45726 3.59788
0.642 -6.3964 3.53281
0.643 -6.31303 3.45181
0.644 -6.20746 3.35518
0.645 -6.08007 3.24329
0.646 -5.93137 3.11655
0.647 -5.76192 2.97543
0.648 -5.57237 2.82048
0.649 -5.36345 2.65227
0.65 -5.13599 2.47144
0.651 -4.89085 2.27867
0.652 -4.62901 2.0747
0.653 -4.35149 1.86031
0.654 -4.05936 1.6363
0.655 -3.75378 1.40354
0.656 -3.43595 1.16291
0.657 -3.10711 0.915332
0.658 -2.76857 0.661751
0.659 -2.42165 0.403135
0.66 -2.06772 0.140475
0.661 -1.70819 -0.125225
0.662 -1.34446 -0.392948
0.663 -0.977978 -0.66167
0.664 -0.610193 -0.93036
0.665 -0.24256 -1.19799
0.666 0.123467 -1.46354
0.667 0.486439 -1.72598
0.668 0.844917 -1.98433
0.669 1.19748 -2.23757
0.67 1.54273 -2.48476
0.671 1.87931 -2.72493
0.672 2.20587 -2.95718
0.673 2.52112 -3.18061
0.674 2.82381 -3.39438
0.675 3.11274 -3.59767
0.676 3.38677 -3.7897
0.677 3.64481 -3.96975
0.678 3.88584 -4.13712
0.679 4.1089 -4.29119
0.68 4.31312 -4.43138
0.681 4.49769 -4.55714
0.682 4.66188 -4.66803
0.683 4.80505 -4.7636
0.684 4.92663 -4.84353
0.685 5.02616 -4.9075
0.686 5.10324 -4.95529
0.687 5.15759 -4.98672
0.688 5.189 -5.0017
0.689 5.19737 -5.00018
0.69 5.18267 -4.98219
0.691 5.14498 -4.9478
0.692 5.08448 -4.89717
0.693 5.00142 -4.83052
0.694 4.89616 -4.74811
0.695 4.76915 -4.65028
0.696 4.62091 -4.53743
0.697 4.45207 -4.41001
0.698 4.26333 -4.26852
0.699 4.05548 -4.11353
0.7 3.82936 -3.94565
0.701 3.58593 -3.76555
0.702 3.32619 -3.57393
0.703 3.05121 -3.37154
0.704 2.76213 -3.15919
0.705 2.46015 -2.93769
0.706 2.14651 -2.70792
0.707 1.82251 -2.47076
0.708 1.48948 -2.22714
0.709 1.14882 -1.978
0.71 0.801919 -1.72431
0.711 0.450219 -1.46705
0.712 0.0951749 -1.2072
0.713 -0.261742 -0.94577
0.714 -0.619053 -0.683753
0.715 -0.975275 -0.422154
0.716 -1.32893 -0.161969
0.717 -1.67855 0.0958139
0.718 -2.02267 0.350219
0.719 -2.35988 0.600286
0.72 -2.68875 0.845076
0.721 -3.00791 1.08368
0.722 -3.31604 1.31519
0.723 -3.61183 1.53878
0.724 -3.89405 1.7536
0.725 -4.1615 1.95889
0.726 -4.41306 2.15388
0.727 -4.64766 2.33789
0.728 -4.8643 2.51027
0.729 -5.06206 2.6704
0.73 -5.24008 2.81774
0.731 -5.39759 2.95178
0.732 -5.53391 3.07209
0.733 -5.64843 3.17828
0.734 -5.74064 3.27003
0.735 -5.81011 3.34705
0.736 -5.8565 3.40916
0.737 -5.87958 3.45621
0.738 -5.87921 3.48811
0.739 -5.85532 3.50485
0.74 -5.80797 3.50646
0.741 -5.7373 3.49306
0.742 -5.64354 3.46482
0.743 -5.52702 3.42196
0.744 -5.38815 3.36477
0.745 -5.22746 3.29359
0.746 -5.04554 3.20884
0.747 -4.84308 3.11096
0.748 -4.62085 3.00048
0.749 -4.37971 2.87796
0.75 -4.12058 2.74401
0.751 -3.84446 2.59929
0.752 -3.55244 2.4445
0.753 -3.24564 2.28038
0.754 -2.92526 2.10772
0.755 -2.59257 1.92734
0.756 -2.24887 1.74006
0.757 -1.8955 1.54678
0.758 -1.53387 1.34838
0.759 -1.16539 1.14577
0.76 -0.791528 0.9399
0.761 -0.413753 0.7317
0.762 -0.0335646 0.522125
0.763 0.347532 0.312131
0.764 0.728027 0.102673
0.765 1.10641 -0.105298
0.766 1.48118 -0.310836
0.767 1.85084 -0.513011
0.768 2.21394 -0.710906
0.769 2.56902 -0.903624
0.77 2.91467 -1.09029
0.771 3.24952 -1.27006
0.772 3.57224 -1.44212
0.773 3.88154 -1.60567
0.774 4.1762 -1.75999
0.775 4.45504 -1.90436
0.776 4.71696 -2.03812
0.777 4.96092 -2.16065
0.778 5.18594 -2.27139
0.779 5.39114 -2.36982
0.78 5.5757 -2.45547
0.781 5.7389 -2.52794
0.782 5.8801 -2.58688
0.783 5.99874 -2.63199
0.784 6.09436 -2.66303
0.785 6.16659 -2.67983
0.786 6.21516 -2.68229
0.787 6.23989 -2.67034
0.788 6.24069 -2.644
0.789 6.2176 -2.60334
0.79 6.17071 -2.5485
0.791 6.10024 -2.47967
0.792 6.00649 -2.3971
0.793 5.88987 -2.30112
0.794 5.75086 -2.19209
0.795 5.59006 -2.07045
0.796 5.40814 -1.93667
0.797 5.20585 -1.7913
0.798 4.98405 -1.63493
0.799 4.74365 -1.46818
0.8 4.48566 -1.29174
0.801 4.21114 -1.10633
0.802 3.92124 -0.912722
0.803 3.61715 -0.711707
0.804 3.30015 -0.504121
0.805 2.97154 -0.290827
0.806 2.63269 -0.072714
0.807 2.28501 0.149308
0.808 1.92993 0.374307
0.809 1.56892 0.601341
0.81 1.20349 0.829452
0.811 0.835154 1.05768
0.812 0.465437 1.28505
0.813 0.0958772 1.51062
0.814 -0.27199 1.73341
0.815 -0.636635 1.95247
0.816 -0.99654 2.16688
0.817 -1.35021 2.37571
0.818 -1.69616 2.57807
0.819 -2.03296 2.77308
0.82 -2.35919 2.95989
0.821 -2.67349 3.13769
0.822 -2.97455 3.30572
0.823 -3.2611 3.46322
0.824 -3.53194 3.60951
0.825 -3.78592 3.74393
0.826 -4.02197 3.86587
0.827 -4.2391 3.9748
0.828 -4.43638 4.0702
0.829 -4.61297 4.15163
0.83 -4.7681 4.21871
0.831 -4.90112 4.27111
0.832 -5.01143 4.30855
0.833 -5.09855 4.33083
0.834 -5.1621 4.3378
0.835 -5.20176 4.32939
0.836 -5.21734 4.30558
0.837 -5.20875 4.2664
0.838 -5.17598 4.21198
0.839 -5.11913 4.14248
0.84 -5.0384 4.05814
0.841 -4.93408 3.95927
0.842 -4.80658 3.84621
0.843 -4.65637 3.71939
0.844 -4.48404 3.57928
0.845 -4.29027 3.42643
0.846 -4.07581 3.26141
0.847 -3.84153 3.08487
0.848 -3.58834 2.89749
0.849 -3.31727 2.70002
0.85 -3.0294 2.49323
0.851 -2.72588 2.27793
0.852 -2.40794 2.055
0.853 -2.07686 1.82531
0.854 -1.73398 1.5898
0.855 -1.3807 1.3494
0.856 -1.01844 1.10509
0.857 -0.648676 0.857861
0.858 -0.272922 0.608714
0.859 0.107289 0.358665
0.86 0.490404 0.108736
0.861 0.874852 -0.14005
0.862 1.25906 -0.386671
0.863 1.64143 -0.63011
0.864 2.02041 -0.869363
0.865 2.39443 -1.10344
0.866 2.76193 -1.33136
0.867 3.1214 -1.55218
0.868 3.47134 -1.76498
0.869 3.81029 -1.96886
0.87 4.13685 -2.16296
0.871 4.44963 -2.34647
0.872 4.74733 -2.51859
0.873 5.02869 -2.6786
0.874 5.29252 -2.8258
0.875 5.5377 -2.95956
0.876 5.76317 -3.07929
0.877 5.96797 -3.18447
0.878 6.1512 -3.27462
0.879 6.31206 -3.34934
0.88 6.44983 -3.40827
0.881 6.56389 -3.45112
0.882 6.65371 -3.47769
0.883 6.71887 -3.48782
0.884 6.75901 -3.48141
0.885 6.77392 -3.45845
0.886 6.76346 -3.41899
0.887 6.72759 -3.36314
0.888 6.6664 -3.29108
0.889 6.58005 -3.20308
0.89 6.46882 -3.09943
0.891 6.33308 -2.98052
0.892 6.17331 -2.8468
0.893 5.99009 -2.69877
0.894 5.78407 -2.537
0.895 5.55602 -2.36212
0.896 5.30678 -2.17479
0.897 5.0373 -1.97576
0.898 4.74858 -1.76581
0.899 4.44173 -1.54576
0.9 4.11791 -1.3165
0.901 3.77837 -1.07893
0.902 3.4244 -0.834003
0.903 3.05738 -0.582713
0.904 2.67872 -0.326068
0.905 2.28989 -0.0651081
0.906 1.89239 0.199106
0.907 1.48777 0.465496
0.908 1.07761 0.732972
0.909 0.663509 1.00043
0.91 0.247079 1.26678
0.911 -0.170047 1.53091
0.912 -0.586238 1.79172
0.913 -0.999863 2.04812
0.914 -1.4093 2.29905
0.915 -1.81294 2.54343
0.916 -2.20919 2.78024
0.917 -2.59651 3.00847
0.918 -2.97336 3.22714
0.919 -3.33827 3.4353
0.92 -3.68979 3.63205
0.921 -4.02654 3.81653
0.922 -4.3472 3.98791
0.923 -4.6505 4.14543
0.924 -4.93524 4.28837
0.925 -5.20031 4.41607
0.926 -5.44466 4.52792
0.927 -5.66733 4.62339
0.928 -5.86744 4.70198
0.929 -6.04421 4.76328
0.93 -6.19694 4.80695
0.931 -6.32503 4.8327
0.932 -6.42799 4.84031
0.933 -6.50541 4.82966
0.934 -6.557 4.80066
0.935 -6.58257 4.75332
0.936 -6.58202 4.6877
0.937 -6.55536 4.60396
0.938 -6.50273 4.50232
0.939 -6.42434 4.38305
0.94 -6.32051 4.24651
0.941 -6.19168 4.09312
0.942 -6.03837 3.92339
0.943 -5.86122 3.73786
0.944 -5.66095 3.53715
0.945 -5.43836 3.32194
0.946 -5.19438 3.09297
0.947 -4.92999 2.85104
0.948 -4.64627 2.59698
0.949 -4.34438 2.3317
0.95 -4.02553 2.05613
0.951 -3.69103 1.77125
0.952 -3.34223 1.4781
0.953 -2.98056 1.17772
0.954 -2.60748 0.871191
0.955 -2.22451 0.559636
0.956 -1.83321 0.244185
0.957 -1.43516 -0.0740103
0.958 -1.032 -0.393787
0.959 -0.625357 -0.713971
0.96 -0.216891 -1.03339
0.961 0.191734 -1.35086
0.962 0.598851 -1.66522
0.963 1.0028 -1.9753
0.964 1.40193 -2.27996
0.965 1.79462 -2.57807
0.966 2.17925 -2.86853
0.967 2.55425 -3.15026
0.968 2.91809 -3.42221
0.969 3.26927 -3.68338
0.97 3.60635 -3.9328
0.971 3.92794 -4.16954
0.972 4.23272 -4.39273
0.973 4.51942 -4.60154
0.974 4.78687 -4.7952
0.975 5.03395 -4.97299
0.976 5.25962 -5.13426
0.977 5.46296 -5.27841
0.978 5.64309 -5.40492
0.979 5.79927 -5.51333
0.98 5.93082 -5.60324
0.981 6.03717 -5.67434
0.982 6.11786 -5.72637
0.983 6.17253 -5.75917
0.984 6.2009 -5.77262
0.985 6.20284 -5.7667
0.986 6.17828 -5.74145
0.987 6.12729 -5.69699
0.988 6.05002 -5.63353
0.989 5.94676 -5.55131
0.99 5.81786 -5.45068
0.991 5.66382 -5.33205
0.992 5.4852 -5.1959
0.993 5.28267 -5.04276
0.994 5.05703 -4.87325
0.995 4.80912 -4.68804
0.996 4.53991 -4.48786
0.997 4.25043 -4.2735
0.998 3.94182 -4.04581
0.999 3.61526 -3.80566
1 3.27204 -3.55402
