0.001 3.40743e-008 2.52618e-009
0.002 3.10328e-007 2.02906e-008
0.003 1.4633e-006 8.42171e-008
0.004 4.84807e-006 2.47209e-007
0.005 1.28311e-005 5.86622e-007
0.006 2.9071e-005 1.20842e-006
0.007 5.87869e-005 2.25346e-006
0.008 0.000109012 3.90628e-006
0.009 0.000188828 6.40688e-006
0.01 0.000309583 1.00657e-005
0.011 0.000485087 1.52823e-005
0.012 0.000731777 2.25679e-005
0.013 0.00106887 3.25716e-005
0.014 0.00151848 4.61118e-005
0.015 0.00210568 6.42109e-005
0.016 0.00285863 8.81355e-005
0.017 0.00380852 0.00011944
0.018 0.00498962 0.000160016
0.019 0.00643924 0.000212144
0.02 0.00819765 0.000278552
0.021 0.010308 0.000362476
0.022 0.012816 0.000467723
0.023 0.0157702 0.000598742
0.024 0.0192214 0.000760693
0.025 0.0232223 0.00095952
0.026 0.0278278 0.00120203
0.027 0.0330942 0.00149596
0.028 0.039079 0.00185006
0.029 0.0458407 0.0022742
0.03 0.0534384 0.00277937
0.031 0.0619311 0.00337783
0.032 0.0713777 0.00408318
0.033 0.0818364 0.00491036
0.034 0.0933643 0.00587581
0.035 0.106017 0.00699745
0.036 0.119847 0.00829481
0.037 0.134906 0.009789
0.038 0.151241 0.0115028
0.039 0.168896 0.0134609
0.04 0.187912 0.0156893
0.041 0.208325 0.018216
0.042 0.230165 0.0210709
0.043 0.253457 0.0242854
0.044 0.278221 0.0278928
0.045 0.30447 0.0319279
0.046 0.332211 0.0364274
0.047 0.361443 0.0414294
0.048 0.392159 0.0469738
0.049 0.424343 0.0531016
0.05 0.457971 0.0598555
0.051 0.493012 0.0672792
0.052 0.529426 0.0754177
0.053 0.567162 0.0843167
0.054 0.606165 0.0940231
0.055 0.646368 0.104584
0.056 0.687694 0.116047
0.057 0.730061 0.128461
0.058 0.773375 0.141873
0.059 0.817535 0.156331
0.06 0.862431 0.171882
0.061 0.907944 0.188573
0.062 0.953948 0.20645
0.063 1.00031 0.225556
0.064 1.04689 0.245935
0.065 1.09353 0.267627
0.066 1.14008 0.290672
0.067 1.18639 0.315104
0.068 1.23228 0.340958
0.069 1.27759 0.368264
0.07 1.32213 0.397047
0.071 1.36574 0.427333
0.072 1.40823 0.459138
0.073 1.44941 0.492477
0.074 1.48911 0.527361
0.075 1.52713 0.563793
0.076 1.5633 0.601773
0.077 1.59743 0.641294
0.078 1.62934 0.682344
0.079 1.65885 0.724904
0.08 1.6858 0.768949
0.081 1.71 0.814448
0.082 1.73131 0.861361
0.083 1.74957 0.909644
0.084 1.76462 0.959243
0.085 1.77633 1.0101
0.086 1.78457 1.06214
0.087 1.78922 1.1153
0.088 1.79018 1.16948
0.089 1.78734 1.22461
0.09 1.78062 1.28057
0.091 1.76996 1.33727
0.092 1.75529 1.3946
0.093 1.73658 1.45242
0.094 1.7138 1.51062
0.095 1.68694 1.56905
0.096 1.656 1.62758
0.097 1.62101 1.68606
0.098 1.582 1.74433
0.099 1.53903 1.80223
0.1 1.49218 1.8596
0.101 1.44154 1.91626
0.102 1.3872 1.97204
0.103 1.3293 2.02675
0.104 1.26799 2.08022
0.105 1.2034 2.13225
0.106 1.13573 2.18265
0.107 1.06517 2.23124
0.108 0.991913 2.27782
0.109 0.916189 2.32219
0.11 0.838235 2.36416
0.111 0.758299 2.40354
0.112 0.676645 2.44013
0.113 0.593549 2.47375
0.114 0.509295 2.5042
0.115 0.424181 2.53131
0.116 0.338513 2.55489
0.117 0.252603 2.57477
0.118 0.166773 2.59078
0.119 0.0813476 2.60277
0.12 -0.00334265 2.61058
0.121 -0.0869646 2.61405
0.122 -0.169184 2.61307
0.123 -0.249665 2.6075
0.124 -0.328074 2.59723
0.125 -0.404081 2.58215
0.126 -0.477359 2.56217
0.127 -0.547585 2.53722
0.128 -0.614446 2.50723
0.129 -0.677635 2.47214
0.13 -0.736858 2.43192
0.131 -0.791828 2.38655
0.132 -0.842274 2.33602
0.133 -0.887939 2.28034
0.134 -0.928579 2.21954
0.135 -0.96397 2.15365
0.136 -0.993903 2.08275
0.137 -1.01819 2.0069
0.138 -1.03666 1.9262
0.139 -1.04917 1.84076
0.14 -1.0556 1.7507
0.141 -1.05584 1.65618
0.142 -1.04981 1.55736
0.143 -1.03746 1.45442
0.144 -1.01877 1.34755
0.145 -0.993724 1.23697
0.146 -0.962358 1.12291
0.147 -0.924719 1.00561
0.148 -0.880884 0.885334
0.149 -0.830958 0.762355
0.15 -0.775072 0.636964
0.151 -0.713383 0.509461
0.152 -0.646077 0.380162
0.153 -0.573364 0.249392
0.154 -0.495479 0.117489
0.155 -0.412683 -0.015202
0.156 -0.325262 -0.148325
0.157 -0.233525 -0.281519
0.158 -0.137802 -0.414412
0.159 -0.0384472 -0.546632
0.16 0.0641674 -0.6778
0.161 0.169649 -0.807533
0.162 0.277588 -0.935449
0.163 0.387559 -1.06116
0.164 0.499119 -1.1843
0.165 0.611816 -1.30447
0.166 0.725183 -1.4213
0.167 0.838745 -1.53441
0.168 0.952018 -1.64346
0.169 1.06451 -1.74807
0.17 1.17574 -1.8479
0.171 1.2852 -1.94262
0.172 1.39239 -2.03189
0.173 1.49683 -2.11541
0.174 1.59802 -2.19287
0.175 1.69549 -2.26401
0.176 1.78875 -2.32854
0.177 1.87733 -2.38624
0.178 1.96079 -2.43686
0.179 2.03869 -2.4802
0.18 2.1106 -2.51609
0.181 2.17612 -2.54435
0.182 2.23485 -2.56484
0.183 2.28645 -2.57746
0.184 2.33057 -2.58211
0.185 2.36688 -2.57872
0.186 2.39512 -2.56726
0.187 2.41501 -2.54771
0.188 2.42632 -2.52009
0.189 2.42886 -2.48445
0.19 2.42246 -2.44084
0.191 2.40699 -2.38937
0.192 2.38234 -2.33016
0.193 2.34845 -2.26337
0.194 2.30529 -2.18917
0.195 2.25287 -2.10776
0.196 2.19124 -2.01939
0.197 2.12046 -1.92431
0.198 2.04066 -1.8228
0.199 1.952 -1.71517
0.2 1.85466 -1.60176
0.201 1.74887 -1.48293
0.202 1.63489 -1.35904
0.203 1.51303 -1.2305
0.204 1.3836 -1.09772
0.205 1.24698 -0.961155
0.206 1.10357 -0.821243
0.207 0.95379 -0.67846
0.208 0.7981 -0.533289
0.209 0.636987 -0.386227
0.21 0.470962 -0.237782
0.211 0.300564 -0.08847
0.212 0.126351 0.0611831
0.213 -0.051096 0.210647
0.214 -0.231178 0.359388
0.215 -0.413279 0.506869
0.216 -0.596771 0.652554
0.217 -0.781011 0.795907
0.218 -0.965349 0.936398
0.219 -1.14913 1.0735
0.22 -1.33168 1.20669
0.221 -1.51235 1.33547
0.222 -1.69048 1.45934
0.223 -1.86539 1.57781
0.224 -2.03645 1.69041
0.225 -2.203 1.79669
0.226 -2.36442 1.89622
0.227 -2.52008 1.98858
0.228 -2.66938 2.07338
0.229 -2.81174 2.15025
0.23 -2.9466 2.21885
0.231 -3.07343 2.27886
0.232 -3.1917 2.33
0.233 -3.30094 2.372
0.234 -3.4007 2.40464
0.235 -3.49056 2.42771
0.236 -3.57014 2.44105
0.237 -3.63908 2.44452
0.238 -3.69709 2.43803
0.239 -3.74388 2.42152
0.24 -3.77923 2.39494
0.241 -3.80296 2.35832
0.242 -3.81492 2.31168
0.243 -3.81501 2.2551
0.244 -3.80318 2.18869
0.245 -3.77942 2.11261
0.246 -3.74377 2.02703
0.247 -3.69631 1.93218
0.248 -3.63718 1.82829
0.249 -3.56654 1.71565
0.25 -3.48462 1.59459
0.251 -3.39168 1.46544
0.252 -3.28803 1.3286
0.253 -3.17403 1.18445
0.254 -3.05007 1.03345
0.255 -2.91659 0.876052
0.256 -2.77406 0.712745
0.257 -2.62299 0.54404
0.258 -2.46393 0.370471
0.259 -2.29746 0.19259
0.26 -2.12421 0.010968
0.261 -1.94481 -0.173807
0.262 -1.75993 -0.361135
0.263 -1.57027 -0.550402
0.264 -1.37655 -0.740986
0.265 -1.1795 -0.932256
0.266 -0.979884 -1.12358
0.267 -0.77846 -1.31431
0.268 -0.576011 -1.50381
0.269 -0.373321 -1.69145
0.27 -0.17118 -1.87659
0.271 0.0296189 -2.0586
0.272 0.228286 -2.23686
0.273 0.424037 -2.41077
0.274 0.616095 -2.57973
0.275 0.803693 -2.74315
0.276 0.986079 -2.90048
0.277 1.16252 -3.05118
0.278 1.3323 -3.19472
0.279 1.49473 -3.3306
0.28 1.64915 -3.45835
0.281 1.79492 -3.57752
0.282 1.93144 -3.68771
0.283 2.05813 -3.78852
0.284 2.17447 -3.8796
0.285 2.27996 -3.96063
0.286 2.37415 -4.03133
0.287 2.45663 -4.09144
0.288 2.52704 -4.14076
0.289 2.58506 -4.17911
0.29 2.63042 -4.20634
0.291 2.6629 -4.22238
0.292 2.68233 -4.22715
0.293 2.6886 -4.22064
0.294 2.68165 -4.20287
0.295 2.66145 -4.1739
0.296 2.62805 -4.13384
0.297 2.58155 -4.08282
0.298 2.5221 -4.02103
0.299 2.44988 -3.94869
0.3 2.36517 -3.86604
0.301 2.26826 -3.77339
0.302 2.1595 -3.67106
0.303 2.0393 -3.55942
0.304 1.90811 -3.43885
0.305 1.76643 -3.30979
0.306 1.6148 -3.1727
0.307 1.45381 -3.02806
0.308 1.28407 -2.87639
0.309 1.10626 -2.71821
0.31 0.921069 -2.5541
0.311 0.729229 -2.38464
0.312 0.531501 -2.21041
0.313 0.328672 -2.03205
0.314 0.121555 -1.85017
0.315 -0.0890182 -1.66542
0.316 -0.302198 -1.47844
0.317 -0.51712 -1.28991
0.318 -0.73291 -1.10046
0.319 -0.948686 -0.910776
0.32 -1.16356 -0.721507
0.321 -1.37665 -0.533314
0.322 -1.58707 -0.346847
0.323 -1.79395 -0.16275
0.324 -1.99643 0.0183444
0.325 -2.19364 0.195818
0.326 -2.38476 0.369068
0.327 -2.56898 0.537508
0.328 -2.74551 0.700575
0.329 -2.91359 0.857726
0.33 -3.07249 1.00844
0.331 -3.22152 1.15223
0.332 -3.36001 1.28864
0.333 -3.48736 1.41722
0.334 -3.60298 1.53758
0.335 -3.70634 1.64935
0.336 -3.79696 1.7522
0.337 -3.87441 1.84583
0.338 -3.9383 1.92998
0.339 -3.9883 2.00443
0.34 -4.02414 2.069
0.341 -4.04559 2.12354
0.342 -4.05249 2.16795
0.343 -4.04474 2.20217
0.344 -4.02229 2.22617
0.345 -3.98515 2.23998
0.346 -3.9334 2.24365
0.347 -3.86715 2.23729
0.348 -3.78661 2.22102
0.349 -3.69201 2.19504
0.35 -3.58367 2.15955
0.351 -3.46193 2.11482
0.352 -3.32722 2.06112
0.353 -3.18001 1.99879
0.354 -3.0208 1.92819
0.355 -2.85018 1.8497
0.356 -2.66876 1.76376
0.357 -2.47719 1.6708
0.358 -2.2762 1.57132
0.359 -2.06652 1.46581
0.36 -1.84893 1.3548
0.361 -1.62425 1.23883
0.362 -1.39333 1.11847
0.363 -1.15704 0.994306
0.364 -0.916285 0.866928
0.365 -0.671977 0.736945
0.366 -0.425053 0.60497
0.367 -0.176463 0.471626
0.368 0.0728346 0.337538
0.369 0.321878 0.203331
0.37 0.569702 0.0696301
0.371 0.815344 -0.0629444
0.372 1.05785 -0.193779
0.373 1.29627 -0.322269
0.374 1.52968 -0.447821
0.375 1.75717 -0.569859
0.376 1.97783 -0.687819
0.377 2.19082 -0.801158
0.378 2.39528 -0.909356
0.379 2.59043 -1.01191
0.38 2.77548 -1.10836
0.381 2.94972 -1.19825
0.382 3.11245 -1.28116
0.383 3.26304 -1.35672
0.384 3.40089 -1.42456
0.385 3.52547 -1.48437
0.386 3.63627 -1.53587
0.387 3.73288 -1.57881
0.388 3.81491 -1.61299
0.389 3.88204 -1.63823
0.39 3.93402 -1.6544
0.391 3.97064 -1.66141
0.392 3.99179 -1.6592
0.393 3.99738 -1.64778
0.394 3.9874 -1.62717
0.395 3.96192 -1.59744
0.396 3.92105 -1.55869
0.397 3.86499 -1.51109
0.398 3.79396 -1.45481
0.399 3.70829 -1.39009
0.4 3.60834 -1.31719
0.401 3.49454 -1.2364
0.402 3.36738 -1.14807
0.403 3.2274 -1.05257
0.404 3.07519 -0.950279
0.405 2.91141 -0.841644
0.406 2.73675 -0.72712
0.407 2.55196 -0.607191
0.408 2.35782 -0.482367
0.409 2.15516 -0.353178
0.41 1.94484 -0.220175
0.411 1.72777 -0.0839279
0.412 1.50487 0.0549804
0.413 1.27709 0.195954
0.414 1.04542 0.338386
0.415 0.810843 0.481663
0.416 0.574371 0.625166
0.417 0.337024 0.768276
0.418 0.0998258 0.910371
0.419 -0.136196 1.05084
0.42 -0.370018 1.18906
0.421 -0.600623 1.32444
0.422 -0.827003 1.45638
0.423 -1.04817 1.58432
0.424 -1.26315 1.70768
0.425 -1.47099 1.82593
0.426 -1.67078 1.93854
0.427 -1.86162 2.04501
0.428 -2.04267 2.14488
0.429 -2.21309 2.23771
0.43 -2.37213 2.32307
0.431 -2.51906 2.40058
0.432 -2.65319 2.4699
0.433 -2.77389 2.53072
0.434 -2.8806 2.58274
0.435 -2.97281 2.62575
0.436 -3.05004 2.65952
0.437 -3.11191 2.68391
0.438 -3.15809 2.69879
0.439 -3.18831 2.70408
0.44 -3.20237 2.69976
0.441 -3.20014 2.68581
0.442 -3.18155 2.6623
0.443 -3.1466 2.6293
0.444 -3.09536 2.58696
0.445 -3.02798 2.53544
0.446 -2.94467 2.47497
0.447 -2.84569 2.40578
0.448 -2.7314 2.32819
0.449 -2.6022 2.24252
0.45 -2.45856 2.14913
0.451 -2.30102 2.04844
0.452 -2.13017 1.94088
0.453 -1.94667 1.82692
0.454 -1.75121 1.70706
0.455 -1.54457 1.58183
0.456 -1.32756 1.45178
0.457 -1.10103 1.31749
0.458 -0.865875 1.17956
0.459 -0.623046 1.03861
0.46 -0.373514 0.895265
0.461 -0.118287 0.750176
0.462 0.141598 0.604001
0.463 0.405082 0.457406
0.464 0.671086 0.311061
0.465 0.938517 0.165639
0.466 1.20627 0.021812
0.467 1.47323 -0.11975
0.468 1.73829 -0.258386
0.469 2.00035 -0.393443
0.47 2.25829 -0.524278
0.471 2.51102 -0.650268
0.472 2.75749 -0.770804
0.473 2.99663 -0.885298
0.474 3.22742 -0.993187
0.475 3.44887 -1.09393
0.476 3.66001 -1.18702
0.477 3.85992 -1.27197
0.478 4.04772 -1.34834
0.479 4.22257 -1.41572
0.48 4.38369 -1.47372
0.481 4.53035 -1.52201
0.482 4.66187 -1.5603
0.483 4.77763 -1.58833
0.484 4.87707 -1.60588
0.485 4.95972 -1.6128
0.486 5.02513 -1.60894
0.487 5.07296 -1.59425
0.488 5.10292 -1.56869
0.489 5.11479 -1.53227
0.49 5.10844 -1.48506
0.491 5.08379 -1.42717
0.492 5.04086 -1.35876
0.493 4.97972 -1.28003
0.494 4.90053 -1.19125
0.495 4.80352 -1.09269
0.496 4.689 -0.984709
0.497 4.55733 -0.867687
0.498 4.40896 -0.742049
0.499 4.2444 -0.608264
0.5 4.06425 -0.466838
0.501 3.86915 -0.318312
0.502 3.6598 -0.163264
0.503 3.43699 -0.0023056
0.504 3.20153 0.163924
0.505 2.95432 0.334755
0.506 2.69628 0.509495
0.507 2.42839 0.687426
0.508 2.15168 0.867812
0.509 1.86722 1.0499
0.51 1.57609 1.23293
0.511 1.27943 1.41611
0.512 0.978396 1.59866
0.513 0.674156 1.7798
0.514 0.367907 1.95872
0.515 0.0608524 2.13465
0.516 -0.245796 2.3068
0.517 -0.550824 2.47439
0.518 -0.853021 2.63665
0.519 -1.15118 2.79285
0.52 -1.44412 2.94225
0.521 -1.73066 3.08414
0.522 -2.00966 3.21783
0.523 -2.27998 3.34267
0.524 -2.54053 3.45803
0.525 -2.79027 3.56332
0.526 -3.02817 3.65796
0.527 -3.25327 3.74145
0.528 -3.46465 3.81331
0.529 -3.66143 3.87308
0.53 -3.84281 3.92038
0.531 -4.00803 3.95486
0.532 -4.15642 3.97621
0.533 -4.28734 3.9842
0.534 -4.40025 3.97861
0.535 -4.49466 3.95931
0.536 -4.57017 3.92619
0.537 -4.62644 3.87922
0.538 -4.66323 3.8184
0.539 -4.68035 3.74382
0.54 -4.67771 3.65558
0.541 -4.65529 3.55386
0.542 -4.61316 3.43891
0.543 -4.55146 3.31099
0.544 -4.47042 3.17045
0.545 -4.37033 3.01767
0.546 -4.25158 2.8531
0.547 -4.11463 2.67722
0.548 -3.96 2.49056
0.549 -3.78831 2.29371
0.55 -3.60024 2.08729
0.551 -3.39653 1.87195
0.552 -3.17799 1.64842
0.553 -2.94549 1.41742
0.554 -2.69998 1.17972
0.555 -2.44243 0.936143
0.556 -2.17389 0.687504
0.557 -1.89546 0.434663
0.558 -1.60825 0.178497
0.559 -1.31344 -0.0800983
0.56 -1.01224 -0.340215
0.561 -0.705886 -0.600931
0.562 -0.395628 -0.86132
0.563 -0.0827478 -1.12045
0.564 0.231461 -1.37738
0.565 0.545696 -1.6312
0.566 0.858651 -1.88097
0.567 1.16902 -2.12579
0.568 1.47551 -2.36476
0.569 1.77683 -2.59699
0.57 2.07171 -2.82163
0.571 2.35891 -3.03786
0.572 2.6372 -3.24485
0.573 2.9054 -3.44184
0.574 3.16236 -3.62808
0.575 3.40698 -3.80288
0.576 3.63818 -3.96557
0.577 3.85496 -4.11554
0.578 4.05637 -4.2522
0.579 4.24152 -4.37504
0.58 4.40956 -4.48358
0.581 4.55973 -4.57739
0.582 4.69135 -4.6561
0.583 4.80377 -4.71941
0.584 4.89647 -4.76706
0.585 4.96896 -4.79884
0.586 5.02086 -4.81463
0.587 5.05186 -4.81433
0.588 5.06174 -4.79794
0.589 5.05036 -4.7655
0.59 5.01766 -4.7171
0.591 4.96367 -4.65292
0.592 4.88851 -4.57318
0.593 4.79239 -4.47816
0.594 4.67559 -4.36821
0.595 4.53847 -4.24373
0.596 4.3815 -4.10516
0.597 4.20521 -3.95303
0.598 4.01021 -3.7879
0.599 3.7972 -3.61037
0.6 3.56693 -3.42112
0.601 3.32024 -3.22084
0.602 3.05804 -3.0103
0.603 2.7813 -2.79029
0.604 2.49104 -2.56163
0.605 2.18835 -2.32519
0.606 1.87437 -2.08186
0.607 1.55029 -1.83257
0.608 1.21734 -1.57826
0.609 0.876787 -1.31991
0.61 0.529932 -1.05851
0.611 0.178108 -0.795035
0.612 -0.177328 -0.530511
0.613 -0.535006 -0.265948
0.614 -0.893539 -0.00236227
0.615 -1.25154 0.259234
0.616 -1.6076 0.517833
0.617 -1.96035 0.772438
0.618 -2.30841 1.02207
0.619 -2.6504 1.26575
0.62 -2.98498 1.50255
0.621 -3.31085 1.73155
0.622 -3.62671 1.95185
0.623 -3.93132 2.1626
0.624 -4.22347 2.36297
0.625 -4.50201 2.55219
0.626 -4.76581 2.72952
0.627 -5.01384 2.89425
0.628 -5.24511 3.04574
0.629 -5.45868 3.1834
0.63 -5.65369 3.30667
0.631 -5.82937 3.41506
0.632 -5.985 3.50816
0.633 -6.11995 3.58557
0.634 -6.23366 3.64698
0.635 -6.32566 3.69214
0.636 -6.39558 3.72087
0.637 -6.44312 3.73303
0.638 -6.46806 3.72855
0.639 -6.47028 3.70745
0.64 -6.44977 3.66977
0.641 -6.40657 3.61566
0.642 -6.34083 3.54531
0.643 -6.25281 3.45896
0.644 -6.14281 3.35695
0.645 -6.01127 3.23963
0.646 -5.85867 3.10746
0.647 -5.68561 2.96092
0.648 -5.49275 2.80057
0.649 -5.28084 2.62701
0.65 -5.05071 2.4409
0.651 -4.80323 2.24294
0.652 -4.53939 2.03389
0.653 -4.26022 1.81453
0.654 -3.96679 1.5857
0.655 -3.66028 1.34827
0.656 -3.34187 1.10315
0.657 -3.01282 0.851279
0.658 -2.67443 0.593606
0.659 -2.32802 0.331122
0.66 -1.97497 0.0648299
0.661 -1.61666 -0.204253
0.662 -1.25452 -0.475097
0.663 -0.889959 -0.746666
0.664 -0.524434 -1.01792
0.665 -0.159385 -1.28782
0.666 0.203743 -1.55534
0.667 0.563512 -1.81945
0.668 0.918499 -2.07913
0.669 1.2673 -2.3334
0.67 1.60853 -2.58129
0.671 1.94083 -2.82184
0.672 2.2629 -3.05413
0.673 2.57345 -3.27728
0.674 2.87126 -3.49044
0.675 3.15514 -3.69279
0.676 3.42397 -3.88356
0.677 3.67669 -4.06203
0.678 3.9123 -4.22751
0.679 4.12987 -4.37938
0.68 4.32853 -4.51706
0.681 4.50751 -4.64004
0.682 4.6661 -4.74785
0.683 4.80368 -4.84009
0.684 4.91972 -4.91641
0.685 5.01375 -4.97653
0.686 5.08543 -5.02024
0.687 5.13448 -5.04737
0.688 5.16072 -5.05785
0.689 5.16406 -5.05163
0.69 5.14451 -5.02877
0.691 5.10217 -4.98936
0.692 5.03721 -4.93357
0.693 4.94994 -4.86163
0.694 4.84071 -4.77384
0.695 4.70999 -4.67054
0.696 4.55833 -4.55215
0.697 4.38636 -4.41914
0.698 4.1948 -4.27203
0.699 3.98444 -4.11142
0.7 3.75617 -3.93792
0.701 3.51091 -3.75223
0.702 3.2497 -3.55506
0.703 2.9736 -3.34719
0.704 2.68377 -3.12943
0.705 2.3814 -2.90263
0.706 2.06775 -2.66767
0.707 1.7441 -2.42545
0.708 1.41181 -2.17692
0.709 1.07223 -1.92304
0.71 0.726789 -1.66478
0.711 0.376904 -1.40313
0.712 0.0240278 -1.13911
0.713 -0.330378 -0.87371
0.714 -0.684843 -0.607958
0.715 -1.0379 -0.342859
0.716 -1.38807 -0.07942
0.717 -1.73391 0.181362
0.718 -2.07398 0.438505
0.719 -2.40685 0.691043
0.72 -2.73115 0.938032
0.721 -3.0455 1.17855
0.722 -3.34861 1.41171
0.723 -3.63919 1.63666
0.724 -3.91602 1.85256
0.725 -4.17795 2.05863
0.726 -4.42385 2.25414
0.727 -4.65268 2.43839
0.728 -4.86348 2.61072
0.729 -5.05534 2.77054
0.73 -5.22743 2.9173
0.731 -5.379 3.05051
0.732 -5.5094 3.16973
0.733 -5.61803 3.27459
0.734 -5.70442 3.36476
0.735 -5.76816 3.43999
0.736 -5.80893 3.50009
0.737 -5.82653 3.54492
0.738 -5.82083 3.57442
0.739 -5.7918 3.58857
0.74 -5.73951 3.58744
0.741 -5.66411 3.57114
0.742 -5.56587 3.53985
0.743 -5.44513 3.49382
0.744 -5.30232 3.43336
0.745 -5.13798 3.35881
0.746 -4.95273 3.27061
0.747 -4.74725 3.16922
0.748 -4.52235 3.05518
0.749 -4.27888 2.92906
0.75 -4.01778 2.79149
0.751 -3.74006 2.64315
0.752 -3.4468 2.48475
0.753 -3.13915 2.31705
0.754 -2.81831 2.14085
0.755 -2.48554 1.95697
0.756 -2.14213 1.76627
0.757 -1.78946 1.56964
0.758 -1.42889 1.36798
0.759 -1.06186 1.16223
0.76 -0.689817 0.95332
0.761 -0.314227 0.742207
0.762 0.063421 0.529854
0.763 0.441632 0.317224
0.764 0.818906 0.105281
0.765 1.19375 -0.105017
0.766 1.56467 -0.312718
0.767 1.9302 -0.516886
0.768 2.28888 -0.716599
0.769 2.6393 -0.910956
0.77 2.98005 -1.09908
0.771 3.30979 -1.28013
0.772 3.6272 -1.45328
0.773 3.93103 -1.61774
0.774 4.22007 -1.77278
0.775 4.49316 -1.9177
0.776 4.74923 -2.05182
0.777 4.98726 -2.17455
0.778 5.20631 -2.28531
0.779 5.40551 -2.38359
0.78 5.58408 -2.46894
0.781 5.74131 -2.54095
0.782 5.87659 -2.59928
0.783 5.98938 -2.64365
0.784 6.07926 -2.67382
0.785 6.14588 -2.68964
0.786 6.18899 -2.69099
0.787 6.20844 -2.67784
0.788 6.20416 -2.65021
0.789 6.17619 -2.60819
0.79 6.12468 -2.55191
0.791 6.04984 -2.48159
0.792 5.95201 -2.39749
0.793 5.8316 -2.29995
0.794 5.68912 -2.18933
0.795 5.52518 -2.0661
0.796 5.34046 -1.93074
0.797 5.13574 -1.7838
0.798 4.91186 -1.62588
0.799 4.66977 -1.45762
0.8 4.41047 -1.27973
0.801 4.13503 -1.09293
0.802 3.84461 -0.898002
0.803 3.54041 -0.69575
0.804 3.22369 -0.487017
0.805 2.89577 -0.272677
0.806 2.558 -0.0536265
0.807 2.21179 0.169216
0.808 1.85857 0.394912
0.809 1.49982 0.622512
0.81 1.13701 0.851054
0.811 0.771649 1.07957
0.812 0.405263 1.30709
0.813 0.0393692 1.53265
0.814 -0.324512 1.75529
0.815 -0.684866 1.97405
0.816 -1.0402 2.188
0.817 -1.38902 2.39622
0.818 -1.72989 2.59781
0.819 -2.06137 2.7919
0.82 -2.38209 2.97765
0.821 -2.69071 3.15425
0.822 -2.98593 3.32092
0.823 -3.26651 3.47694
0.824 -3.53128 3.62162
0.825 -3.77913 3.7543
0.826 -4.009 3.8744
0.827 -4.21992 3.98137
0.828 -4.411 4.07472
0.829 -4.58143 4.15401
0.83 -4.73047 4.21887
0.831 -4.85749 4.26898
0.832 -4.96192 4.30408
0.833 -5.04331 4.32397
0.834 -5.10129 4.32852
0.835 -5.13559 4.31766
0.836 -5.14604 4.29139
0.837 -5.13256 4.24976
0.838 -5.09518 4.19291
0.839 -5.03401 4.121
0.84 -4.94928 4.0343
0.841 -4.84131 3.93312
0.842 -4.7105 3.81782
0.843 -4.55736 3.68883
0.844 -4.38249 3.54666
0.845 -4.18658 3.39184
0.846 -3.97041 3.22497
0.847 -3.73484 3.04671
0.848 -3.48081 2.85775
0.849 -3.20934 2.65884
0.85 -2.92152 2.45077
0.851 -2.61851 2.23437
0.852 -2.30154 2.0105
0.853 -1.97189 1.78007
0.854 -1.63089 1.54399
0.855 -1.27995 1.30323
0.856 -0.920473 1.05876
0.857 -0.553942 0.811573
0.858 -0.18185 0.562679
0.859 0.194279 0.313095
0.86 0.572902 0.0638431
0.861 0.952465 -0.184052
0.862 1.3314 -0.429568
0.863 1.70816 -0.671692
0.864 2.08118 -0.909419
0.865 2.44891 -1.14176
0.866 2.80983 -1.36775
0.867 3.16245 -1.58645
0.868 3.50529 -1.79693
0.869 3.83692 -1.99831
0.87 4.15596 -2.18974
0.871 4.46106 -2.37041
0.872 4.75094 -2.53954
0.873 5.02437 -2.69641
0.874 5.2802 -2.84035
0.875 5.51732 -2.97073
0.876 5.73473 -3.08698
0.877 5.93147 -3.18858
0.878 6.1067 -3.27507
0.879 6.25963 -3.34607
0.88 6.3896 -3.40124
0.881 6.49599 -3.44031
0.882 6.57831 -3.46308
0.883 6.63617 -3.4694
0.884 6.66926 -3.45922
0.885 6.67736 -3.43252
0.886 6.66039 -3.38938
0.887 6.61833 -3.32992
0.888 6.55128 -3.25435
0.889 6.45944 -3.16293
0.89 6.3431 -3.056
0.891 6.20268 -2.93395
0.892 6.03865 -2.79724
0.893 5.85161 -2.6464
0.894 5.64225 -2.48201
0.895 5.41133 -2.30471
0.896 5.15972 -2.11518
0.897 4.88837 -1.91419
0.898 4.5983 -1.70251
0.899 4.29062 -1.481
0.9 3.96649 -1.25054
0.901 3.62717 -1.01205
0.902 3.27396 -0.766502
0.903 2.90823 -0.514878
0.904 2.53138 -0.258202
0.905 2.14487 0.00247858
0.906 1.75022 0.2661
0.907 1.34895 0.53158
0.908 0.942629 0.797826
0.909 0.532845 1.06374
0.91 0.121197 1.32821
0.911 -0.290702 1.59015
0.912 -0.70124 1.84845
0.913 -1.10881 2.10203
0.914 -1.5118 2.34983
0.915 -1.90864 2.59078
0.916 -2.29776 2.82387
0.917 -2.67764 3.04808
0.918 -3.04678 3.26247
0.919 -3.40373 3.46608
0.92 -3.74707 3.65803
0.921 -4.07546 3.83747
0.922 -4.38761 4.00359
0.923 -4.68228 4.15565
0.924 -4.95831 4.29293
0.925 -5.21462 4.4148
0.926 -5.45019 4.52066
0.927 -5.6641 4.61001
0.928 -5.85551 4.68236
0.929 -6.02366 4.73734
0.93 -6.1679 4.7746
0.931 -6.28766 4.79389
0.932 -6.38248 4.79502
0.933 -6.45199 4.77787
0.934 -6.49593 4.74239
0.935 -6.51412 4.6886
0.936 -6.50652 4.61661
0.937 -6.47317 4.52657
0.938 -6.41421 4.41873
0.939 -6.32989 4.2934
0.94 -6.22056 4.15095
0.941 -6.08668 3.99183
0.942 -5.9288 3.81655
0.943 -5.74755 3.62569
0.944 -5.5437 3.41989
0.945 -5.31806 3.19985
0.946 -5.07155 2.96632
0.947 -4.80519 2.72012
0.948 -4.52006 2.46211
0.949 -4.21731 2.1932
0.95 -3.89818 1.91434
0.951 -3.56397 1.62654
0.952 -3.21604 1.33082
0.953 -2.85581 1.02826
0.954 -2.48473 0.719943
0.955 -2.10432 0.406999
0.956 -1.71614 0.0905666
0.957 -1.32175 -0.228197
0.958 -0.922772 -0.548122
0.959 -0.520825 -0.868033
0.96 -0.117549 -1.18675
0.961 0.285411 -1.5031
0.962 0.68641 -1.81591
0.963 1.08381 -2.12402
0.964 1.47599 -2.4263
0.965 1.86134 -2.72161
0.966 2.23829 -3.00887
0.967 2.60528 -3.287
0.968 2.96083 -3.55497
0.969 3.30345 -3.81179
0.97 3.63176 -4.05649
0.971 3.94438 -4.28816
0.972 4.24004 -4.50595
0.973 4.51751 -4.70904
0.974 4.77564 -4.89669
0.975 5.01335 -5.06818
0.976 5.22966 -5.22289
0.977 5.42366 -5.36025
0.978 5.59452 -5.47975
0.979 5.74153 -5.58095
0.98 5.86405 -5.66348
0.981 5.96156 -5.72705
0.982 6.03361 -5.77143
0.983 6.07989 -5.79648
0.984 6.10016 -5.8021
0.985 6.09431 -5.78831
0.986 6.06231 -5.75517
0.987 6.00425 -5.70282
0.988 5.92033 -5.63149
0.989 5.81084 -5.54147
0.99 5.67619 -5.43312
0.991 5.51686 -5.30687
0.992 5.33347 -5.16322
0.993 5.12671 -5.00275
0.994 4.89736 -4.82609
0.995 4.64632 -4.63393
0.996 4.37454 -4.42702
0.997 4.0831 -4.20618
0.998 3.7731 -3.97227
0.999 3.44577 -3.72621
1 3.10239 -3.46895
