0.001 3.40296e-008 2.55677e-009
0.002 3.09971e-007 2.05342e-008
0.003 1.46183e-006 8.52152e-008
0.004 4.84381e-006 2.50085e-007
0.005 1.28211e-005 5.93277e-007
0.006 2.90509e-005 1.22169e-006
0.007 5.87504e-005 2.2772e-006
0.008 0.00010895 3.9454e-006
0.009 0.000188731 6.46724e-006
0.01 0.000309437 1.01539e-005
0.011 0.000484875 1.54054e-005
0.012 0.000731481 2.27325e-005
0.013 0.00106847 3.27836e-005
0.014 0.00151794 4.63751e-005
0.015 0.00210498 6.45262e-005
0.016 0.00285773 8.84986e-005
0.017 0.00380739 0.00011984
0.018 0.00498822 0.000160433
0.019 0.00643753 0.000212546
0.02 0.00819557 0.000278893
0.021 0.0103055 0.000362691
0.022 0.0128131 0.000467726
0.023 0.0157668 0.000598419
0.024 0.0192173 0.000759899
0.025 0.0232176 0.000958072
0.026 0.0278224 0.0011997
0.027 0.033088 0.00149248
0.028 0.0390719 0.0018451
0.029 0.0458327 0.00226736
0.03 0.0534294 0.00277018
0.031 0.061921 0.00336577
0.032 0.0713664 0.00406759
0.033 0.0818239 0.00489052
0.034 0.0933504 0.00585088
0.035 0.106001 0.00696648
0.036 0.11983 0.00825671
0.037 0.134887 0.00974256
0.038 0.15122 0.0114467
0.039 0.168874 0.0133935
0.04 0.187888 0.015609
0.041 0.208298 0.018121
0.042 0.230136 0.0209591
0.043 0.253425 0.0241545
0.044 0.278187 0.0277403
0.045 0.304433 0.0317513
0.046 0.332171 0.0362237
0.047 0.3614 0.0411955
0.048 0.392112 0.0467063
0.049 0.424292 0.052797
0.05 0.457916 0.05951
0.051 0.492952 0.0668886
0.052 0.529361 0.0749777
0.053 0.567092 0.0838228
0.054 0.606089 0.0934703
0.055 0.646284 0.103967
0.056 0.687604 0.115361
0.057 0.729963 0.1277
0.058 0.773268 0.141031
0.059 0.817419 0.155403
0.06 0.862304 0.170861
0.061 0.907806 0.187453
0.062 0.953797 0.205224
0.063 1.00014 0.224218
0.064 1.04671 0.244477
0.065 1.09333 0.266043
0.066 1.13987 0.288954
0.067 1.18616 0.313245
0.068 1.23203 0.338951
0.069 1.27731 0.366101
0.07 1.32183 0.394722
0.071 1.36541 0.424837
0.072 1.40787 0.456466
0.073 1.44902 0.489622
0.074 1.48868 0.524315
0.075 1.52667 0.560549
0.076 1.56279 0.598326
0.077 1.59688 0.637637
0.078 1.62874 0.678472
0.079 1.65821 0.720812
0.08 1.6851 0.764632
0.081 1.70925 0.809901
0.082 1.73049 0.856581
0.083 1.74868 0.904627
0.084 1.76367 0.953987
0.085 1.7753 1.0046
0.086 1.78347 1.0564
0.087 1.78804 1.10931
0.088 1.7889 1.16326
0.089 1.78597 1.21814
0.09 1.77916 1.27387
0.091 1.7684 1.33034
0.092 1.75362 1.38743
0.093 1.7348 1.44502
0.094 1.7119 1.503
0.095 1.68492 1.56122
0.096 1.65385 1.61955
0.097 1.61873 1.67783
0.098 1.57959 1.73592
0.099 1.53648 1.79365
0.1 1.48949 1.85086
0.101 1.43869 1.90738
0.102 1.3842 1.96303
0.103 1.32614 2.01763
0.104 1.26466 2.071
0.105 1.19991 2.12296
0.106 1.13207 2.17331
0.107 1.06133 2.22187
0.108 0.987902 2.26844
0.109 0.912 2.31282
0.11 0.833864 2.35483
0.111 0.753746 2.39428
0.112 0.671909 2.43096
0.113 0.588628 2.46469
0.114 0.50419 2.49529
0.115 0.418892 2.52258
0.116 0.33304 2.54636
0.117 0.246949 2.56648
0.118 0.16094 2.58276
0.119 0.0753382 2.59504
0.12 -0.00952457 2.60317
0.121 -0.0933147 2.60701
0.122 -0.175697 2.60642
0.123 -0.256335 2.60127
0.124 -0.334895 2.59146
0.125 -0.411045 2.57686
0.126 -0.484456 2.5574
0.127 -0.554808 2.533
0.128 -0.621784 2.50358
0.129 -0.685077 2.46909
0.13 -0.744392 2.42951
0.131 -0.799442 2.3848
0.132 -0.849954 2.33495
0.133 -0.89567 2.27998
0.134 -0.936347 2.21991
0.135 -0.971758 2.15479
0.136 -1.00169 2.08466
0.137 -1.02597 2.0096
0.138 -1.04441 1.92971
0.139 -1.05687 1.84509
0.14 -1.06322 1.75587
0.141 -1.06336 1.6622
0.142 -1.05722 1.56423
0.143 -1.04474 1.46215
0.144 -1.02588 1.35614
0.145 -1.00066 1.24642
0.146 -0.96909 1.13321
0.147 -0.931222 1.01676
0.148 -0.887134 0.897332
0.149 -0.836931 0.775187
0.15 -0.780743 0.650614
0.151 -0.718728 0.523914
0.152 -0.651071 0.395398
0.153 -0.577981 0.265388
0.154 -0.499696 0.134219
0.155 -0.416475 0.00223398
0.156 -0.328606 -0.130215
0.157 -0.236396 -0.262767
0.158 -0.140178 -0.395058
0.159 -0.0403043 -0.526713
0.16 0.0628505 -0.657359
0.161 0.168894 -0.786616
0.162 0.277415 -0.914102
0.163 0.387986 -1.03944
0.164 0.500167 -1.16224
0.165 0.6135 -1.28214
0.166 0.72752 -1.39875
0.167 0.841749 -1.51171
0.168 0.955704 -1.62065
0.169 1.06889 -1.72522
0.17 1.18082 -1.82508
0.171 1.29099 -1.91988
0.172 1.3989 -2.0093
0.173 1.50407 -2.09303
0.174 1.60599 -2.17078
0.175 1.70418 -2.24226
0.176 1.79817 -2.30721
0.177 1.88748 -2.36538
0.178 1.97166 -2.41655
0.179 2.05027 -2.4605
0.18 2.12289 -2.49705
0.181 2.1891 -2.52605
0.182 2.24852 -2.54734
0.183 2.30078 -2.56081
0.184 2.34554 -2.56637
0.185 2.38249 -2.56395
0.186 2.41133 -2.55351
0.187 2.4318 -2.53503
0.188 2.44366 -2.50853
0.189 2.44673 -2.47405
0.19 2.44083 -2.43165
0.191 2.42581 -2.38143
0.192 2.40159 -2.3235
0.193 2.36809 -2.25801
0.194 2.32529 -2.18514
0.195 2.27318 -2.1051
0.196 2.21181 -2.0181
0.197 2.14126 -1.92441
0.198 2.06165 -1.82431
0.199 1.97312 -1.71808
0.2 1.87587 -1.60608
0.201 1.77012 -1.48864
0.202 1.65613 -1.36614
0.203 1.5342 -1.23898
0.204 1.40466 -1.10756
0.205 1.26788 -0.972324
0.206 1.12425 -0.833714
0.207 0.974207 -0.692198
0.208 0.818199 -0.548255
0.209 0.656715 -0.402376
0.21 0.490269 -0.255065
0.211 0.319398 -0.106834
0.212 0.144662 0.0417963
0.213 -0.0333575 0.190301
0.214 -0.21406 0.338148
0.215 -0.396829 0.484807
0.216 -0.581034 0.629745
0.217 -0.766031 0.772429
0.218 -0.951168 0.912332
0.219 -1.13579 1.04893
0.22 -1.31922 1.18171
0.221 -1.50081 1.31017
0.222 -1.67988 1.4338
0.223 -1.85577 1.55214
0.224 -2.02783 1.6647
0.225 -2.19542 1.77104
0.226 -2.35789 1.87073
0.227 -2.51462 1.96335
0.228 -2.66501 2.04851
0.229 -2.80848 2.12584
0.23 -2.94445 2.195
0.231 -3.0724 2.25568
0.232 -3.19179 2.30758
0.233 -3.30215 2.35044
0.234 -3.40303 2.38403
0.235 -3.494 2.40815
0.236 -3.57467 2.42263
0.237 -3.64469 2.42733
0.238 -3.70375 2.42216
0.239 -3.75157 2.40704
0.24 -3.78793 2.38194
0.241 -3.81264 2.34686
0.242 -3.82554 2.30184
0.243 -3.82654 2.24695
0.244 -3.81558 2.18229
0.245 -3.79264 2.10801
0.246 -3.75776 2.02428
0.247 -3.71103 1.93132
0.248 -3.65256 1.82936
0.249 -3.58253 1.71869
0.25 -3.50117 1.59961
0.251 -3.40872 1.47248
0.252 -3.30551 1.33765
0.253 -3.19187 1.19553
0.254 -3.06821 1.04655
0.255 -2.93495 0.891167
0.256 -2.79258 0.729859
0.257 -2.6416 0.563132
0.258 -2.48256 0.391511
0.259 -2.31604 0.215543
0.26 -2.14266 0.0357905
0.261 -1.96305 -0.147165
0.262 -1.7779 -0.33273
0.263 -1.5879 -0.520296
0.264 -1.39376 -0.709249
0.265 -1.19622 -0.898963
0.266 -0.996044 -1.08881
0.267 -0.793994 -1.27815
0.268 -0.590853 -1.46636
0.269 -0.387406 -1.65281
0.27 -0.184448 -1.83685
0.271 0.0172287 -2.01788
0.272 0.21683 -2.19527
0.273 0.413569 -2.36842
0.274 0.606664 -2.53674
0.275 0.795346 -2.69965
0.276 0.978861 -2.85659
0.277 1.15647 -3.00702
0.278 1.32745 -3.15043
0.279 1.49112 -3.28631
0.28 1.6468 -3.41419
0.281 1.79385 -3.53363
0.282 1.93167 -3.64422
0.283 2.05967 -3.74556
0.284 2.17733 -3.83731
0.285 2.28415 -3.91914
0.286 2.37966 -3.99077
0.287 2.46346 -4.05193
0.288 2.53517 -4.10243
0.289 2.59448 -4.14208
0.29 2.6411 -4.17074
0.291 2.67482 -4.18831
0.292 2.69546 -4.19473
0.293 2.7029 -4.18997
0.294 2.69707 -4.17406
0.295 2.67796 -4.14705
0.296 2.6456 -4.10903
0.297 2.60007 -4.06015
0.298 2.54154 -4.00057
0.299 2.47018 -3.9305
0.3 2.38626 -3.8502
0.301 2.29006 -3.75995
0.302 2.18195 -3.66007
0.303 2.06232 -3.55092
0.304 1.93162 -3.43289
0.305 1.79035 -3.30639
0.306 1.63904 -3.17187
0.307 1.47828 -3.02982
0.308 1.3087 -2.88074
0.309 1.13094 -2.72516
0.31 0.945719 -2.56362
0.311 0.753756 -2.39671
0.312 0.555813 -2.22501
0.313 0.352678 -2.04914
0.314 0.145164 -1.8697
0.315 -0.0658975 -1.68734
0.316 -0.279655 -1.5027
0.317 -0.495242 -1.31643
0.318 -0.711784 -1.12918
0.319 -0.928396 -0.941607
0.32 -1.14419 -0.754363
0.321 -1.35828 -0.568101
0.322 -1.56978 -0.383467
0.323 -1.7778 -0.201098
0.324 -1.98149 -0.0216209
0.325 -2.17999 0.15435
0.326 -2.37245 0.326215
0.327 -2.55807 0.493394
0.328 -2.73605 0.655326
0.329 -2.90563 0.811471
0.33 -3.06608 0.961315
0.331 -3.21668 1.10437
0.332 -3.35679 1.24017
0.333 -3.48577 1.36829
0.334 -3.60305 1.48832
0.335 -3.70808 1.5999
0.336 -3.80039 1.7027
0.337 -3.87952 1.79641
0.338 -3.94509 1.88079
0.339 -3.99676 1.95559
0.34 -4.03425 2.02065
0.341 -4.05733 2.0758
0.342 -4.06584 2.12096
0.343 -4.05966 2.15605
0.344 -4.03874 2.18104
0.345 -4.00309 2.19594
0.346 -3.95277 2.20083
0.347 -3.88791 2.19578
0.348 -3.80869 2.18093
0.349 -3.71535 2.15646
0.35 -3.60819 2.12257
0.351 -3.48756 2.07951
0.352 -3.35389 2.02757
0.353 -3.20762 1.96706
0.354 -3.04928 1.89834
0.355 -2.87943 1.8218
0.356 -2.69869 1.73784
0.357 -2.50772 1.64691
0.358 -2.30722 1.54948
0.359 -2.09793 1.44605
0.36 -1.88064 1.33713
0.361 -1.65616 1.22327
0.362 -1.42533 1.10502
0.363 -1.18903 0.982961
0.364 -0.948166 0.857672
0.365 -0.703649 0.729757
0.366 -0.456417 0.599822
0.367 -0.207421 0.468483
0.368 0.0423785 0.336358
0.369 0.292017 0.204066
0.37 0.540527 0.0722255
0.371 0.786944 -0.0585495
0.372 1.03031 -0.187651
0.373 1.26967 -0.31448
0.374 1.5041 -0.438449
0.375 1.73267 -0.558985
0.376 1.95449 -0.67553
0.377 2.1687 -0.787545
0.378 2.37444 -0.894512
0.379 2.57091 -0.995937
0.38 2.75734 -1.09135
0.381 2.93299 -1.18031
0.382 3.09717 -1.26239
0.383 3.24924 -1.33723
0.384 3.38859 -1.40446
0.385 3.51467 -1.46377
0.386 3.627 -1.51487
0.387 3.72513 -1.55752
0.388 3.80867 -1.59152
0.389 3.87731 -1.61668
0.39 3.93077 -1.63288
0.391 3.96886 -1.64002
0.392 3.99143 -1.63805
0.393 3.99841 -1.62696
0.394 3.98978 -1.60677
0.395 3.9656 -1.57755
0.396 3.92597 -1.53941
0.397 3.87108 -1.49249
0.398 3.80117 -1.43698
0.399 3.71654 -1.37309
0.4 3.61755 -1.3011
0.401 3.50464 -1.22129
0.402 3.37827 -1.13399
0.403 3.239 -1.03956
0.404 3.0874 -0.93841
0.405 2.92414 -0.83095
0.406 2.7499 -0.717636
0.407 2.56543 -0.598947
0.408 2.37151 -0.475387
0.409 2.16896 -0.34748
0.41 1.95866 -0.215772
0.411 1.7415 -0.0808248
0.412 1.5184 0.0567834
0.413 1.29033 0.196462
0.414 1.05825 0.337612
0.415 0.823169 0.479623
0.416 0.586094 0.621884
0.417 0.348048 0.763778
0.418 0.110057 0.904692
0.419 -0.126848 1.04401
0.42 -0.361639 1.18113
0.421 -0.593295 1.31546
0.422 -0.820804 1.4464
0.423 -1.04317 1.57338
0.424 -1.25942 1.69585
0.425 -1.46859 1.81326
0.426 -1.66977 1.92511
0.427 -1.86204 2.03088
0.428 -2.04456 2.13012
0.429 -2.21651 2.22238
0.43 -2.37709 2.30724
0.431 -2.52558 2.38434
0.432 -2.66128 2.45331
0.433 -2.78357 2.51384
0.434 -2.89187 2.56566
0.435 -2.98564 2.60853
0.436 -3.06444 2.64224
0.437 -3.12784 2.66663
0.438 -3.17553 2.68158
0.439 -3.20721 2.68701
0.44 -3.22268 2.68288
0.441 -3.22181 2.66919
0.442 -3.20452 2.646
0.443 -3.1708 2.61337
0.444 -3.12072 2.57145
0.445 -3.05441 2.5204
0.446 -2.97208 2.46044
0.447 -2.874 2.3918
0.448 -2.7605 2.31479
0.449 -2.63198 2.22973
0.45 -2.48892 2.13698
0.451 -2.33184 2.03695
0.452 -2.16133 1.93006
0.453 -1.97805 1.81679
0.454 -1.7827 1.69762
0.455 -1.57604 1.57308
0.456 -1.35887 1.44372
0.457 -1.13205 1.31011
0.458 -0.896481 1.17285
0.459 -0.653106 1.03254
0.46 -0.402898 0.88982
0.461 -0.146866 0.745331
0.462 0.113953 0.599724
0.463 0.378497 0.453662
0.464 0.645684 0.307813
0.465 0.914418 0.162844
0.466 1.18359 0.0194264
0.467 1.45209 -0.121775
0.468 1.71879 -0.2601
0.469 1.98258 -0.394899
0.47 2.24236 -0.525531
0.471 2.49703 -0.651374
0.472 2.74551 -0.77182
0.473 2.98674 -0.886283
0.474 3.21969 -0.994199
0.475 3.44336 -1.09503
0.476 3.65677 -1.18826
0.477 3.859 -1.27342
0.478 4.04916 -1.35005
0.479 4.22639 -1.41774
0.48 4.38991 -1.47611
0.481 4.53897 -1.52482
0.482 4.6729 -1.56358
0.483 4.79105 -1.59212
0.484 4.89287 -1.61023
0.485 4.97786 -1.61774
0.486 5.04558 -1.61452
0.487 5.09566 -1.60049
0.488 5.12781 -1.57562
0.489 5.14181 -1.53991
0.49 5.13751 -1.49342
0.491 5.11483 -1.43628
0.492 5.07376 -1.36861
0.493 5.01439 -1.29063
0.494 4.93686 -1.20258
0.495 4.84138 -1.10476
0.496 4.72826 -0.99749
0.497 4.59787 -0.881157
0.498 4.45063 -0.756181
0.499 4.28707 -0.623022
0.5 4.10776 -0.48218
0.501 3.91334 -0.334193
0.502 3.70453 -0.179631
0.503 3.48208 -0.0190997
0.504 3.24682 0.146766
0.505 2.99964 0.317303
0.506 2.74146 0.491823
0.507 2.47327 0.669613
0.508 2.19609 0.849943
0.509 1.91098 1.03206
0.51 1.61905 1.21521
0.511 1.32141 1.39861
0.512 1.01924 1.58149
0.513 0.713697 1.76304
0.514 0.405994 1.94249
0.515 0.0973352 2.11906
0.516 -0.211063 2.29194
0.517 -0.51798 2.46038
0.518 -0.822199 2.62361
0.519 -1.12251 2.78088
0.52 -1.41771 2.93146
0.521 -1.70663 3.07464
0.522 -1.98809 3.20973
0.523 -2.26097 3.33607
0.524 -2.52418 3.45304
0.525 -2.77663 3.56003
0.526 -3.01731 3.65648
0.527 -3.24523 3.74187
0.528 -3.45947 3.81571
0.529 -3.65914 3.87755
0.53 -3.84342 3.927
0.531 -4.01155 3.9637
0.532 -4.16283 3.98735
0.533 -4.29662 3.99768
0.534 -4.41237 3.9945
0.535 -4.50958 3.97764
0.536 -4.58782 3.947
0.537 -4.64676 3.90254
0.538 -4.68613 3.84426
0.539 -4.70574 3.77222
0.54 -4.70549 3.68653
0.541 -4.68534 3.58736
0.542 -4.64536 3.47494
0.543 -4.58567 3.34952
0.544 -4.50649 3.21145
0.545 -4.40811 3.0611
0.546 -4.29091 2.8989
0.547 -4.15533 2.72533
0.548 -4.00191 2.54091
0.549 -3.83123 2.34622
0.55 -3.64398 2.14186
0.551 -3.44089 1.9285
0.552 -3.22277 1.70682
0.553 -2.9905 1.47756
0.554 -2.74499 1.24148
0.555 -2.48725 0.999384
0.556 -2.2183 0.752087
0.557 -1.93924 0.500441
0.558 -1.6512 0.245315
0.559 -1.35535 -0.0124024
0.56 -1.0529 -0.271806
0.561 -0.745079 -0.531982
0.562 -0.433159 -0.792006
0.563 -0.11842 -1.05095
0.564 0.197839 -1.30789
0.565 0.514312 -1.56189
0.566 0.829683 -1.81204
0.567 1.14264 -2.05742
0.568 1.45188 -2.29714
0.569 1.75611 -2.53032
0.57 2.05404 -2.7561
0.571 2.34441 -2.97365
0.572 2.62601 -3.18216
0.573 2.89763 -3.38084
0.574 3.1581 -3.56897
0.575 3.40632 -3.74583
0.576 3.64119 -3.91075
0.577 3.86171 -4.06311
0.578 4.0669 -4.20233
0.579 4.25585 -4.32787
0.58 4.42771 -4.43926
0.581 4.58171 -4.53607
0.582 4.71714 -4.61791
0.583 4.83335 -4.68446
0.584 4.9298 -4.73547
0.585 5.00598 -4.77071
0.586 5.0615 -4.79004
0.587 5.09603 -4.79337
0.588 5.10934 -4.78067
0.589 5.10128 -4.75197
0.59 5.07177 -4.70737
0.591 5.02084 -4.64702
0.592 4.94858 -4.57112
0.593 4.85519 -4.47995
0.594 4.74094 -4.37384
0.595 4.6062 -4.25317
0.596 4.4514 -4.11839
0.597 4.27708 -3.97
0.598 4.08383 -3.80855
0.599 3.87233 -3.63464
0.6 3.64336 -3.44891
0.601 3.39772 -3.25207
0.602 3.13633 -3.04485
0.603 2.86015 -2.82803
0.604 2.5702 -2.60244
0.605 2.26756 -2.36892
0.606 1.95338 -2.12836
0.607 1.62884 -1.88168
0.608 1.29517 -1.62981
0.609 0.953633 -1.37371
0.61 0.605545 -1.11436
0.611 0.252238 -0.852742
0.612 -0.10493 -0.589869
0.613 -0.464582 -0.326745
0.614 -0.825326 -0.0643774
0.615 -1.18576 0.196224
0.616 -1.54449 0.454056
0.617 -1.90012 0.708126
0.618 -2.25125 0.957453
0.619 -2.59651 1.20107
0.62 -2.93455 1.43805
0.621 -3.26404 1.66745
0.622 -3.58369 1.8884
0.623 -3.89222 2.10003
0.624 -4.18843 2.30152
0.625 -4.47113 2.49208
0.626 -4.73922 2.67097
0.627 -4.99161 2.83749
0.628 -5.2273 2.99098
0.629 -5.44535 3.13084
0.63 -5.64489 3.25652
0.631 -5.82511 3.36752
0.632 -5.98528 3.4634
0.633 -6.12476 3.54377
0.634 -6.24297 3.6083
0.635 -6.33944 3.65675
0.636 -6.41375 3.68889
0.637 -6.46561 3.7046
0.638 -6.49477 3.70379
0.639 -6.50111 3.68646
0.64 -6.48458 3.65265
0.641 -6.44523 3.60248
0.642 -6.38318 3.53613
0.643 -6.29868 3.45384
0.644 -6.19202 3.35592
0.645 -6.06363 3.24272
0.646 -5.91397 3.11467
0.647 -5.74363 2.97224
0.648 -5.55327 2.81598
0.649 -5.34362 2.64647
0.65 -5.1155 2.46436
0.651 -4.86979 2.27034
0.652 -4.60745 2.06513
0.653 -4.32951 1.84953
0.654 -4.03705 1.62435
0.655 -3.73124 1.39046
0.656 -3.41325 1.14873
0.657 -3.08435 0.900107
0.658 -2.74583 0.645526
0.659 -2.39902 0.385963
0.66 -2.04529 0.122412
0.661 -1.68604 -0.144119
0.662 -1.32268 -0.412611
0.663 -0.956649 -0.682035
0.664 -0.589398 -0.951361
0.665 -0.222377 -1.21956
0.666 0.142962 -1.4856
0.667 0.505171 -1.74846
0.668 0.862816 -2.00714
0.669 1.21448 -2.26066
0.67 1.55877 -2.50803
0.671 1.89432 -2.74831
0.672 2.2198 -2.98059
0.673 2.53393 -3.20398
0.674 2.83544 -3.41762
0.675 3.12316 -3.6207
0.676 3.39594 -3.81244
0.677 3.6527 -3.99212
0.678 3.89242 -4.15906
0.679 4.11416 -4.31262
0.68 4.31704 -4.45222
0.681 4.50026 -4.57733
0.682 4.6631 -4.68748
0.683 4.80492 -4.78227
0.684 4.92516 -4.86134
0.685 5.02336 -4.9244
0.686 5.09914 -4.97122
0.687 5.1522 -5.00163
0.688 5.18236 -5.01553
0.689 5.18951 -5.01289
0.69 5.17363 -4.99373
0.691 5.13481 -4.95815
0.692 5.07323 -4.90628
0.693 4.98914 -4.83836
0.694 4.88292 -4.75466
0.695 4.755 -4.65552
0.696 4.60593 -4.54133
0.697 4.43632 -4.41257
0.698 4.24689 -4.26973
0.699 4.03842 -4.11338
0.7 3.81177 -3.94415
0.701 3.56789 -3.7627
0.702 3.30778 -3.56974
0.703 3.03252 -3.36603
0.704 2.74325 -3.15237
0.705 2.44116 -2.92959
0.706 2.1275 -2.69856
0.707 1.80357 -2.46017
0.708 1.47072 -2.21536
0.709 1.1303 -1.96507
0.71 0.783742 -1.71027
0.711 0.432469 -1.45194
0.712 0.0779372 -1.19108
0.713 -0.278384 -0.928679
0.714 -0.635019 -0.66575
0.715 -0.990486 -0.403295
0.716 -1.34331 -0.142312
0.717 -1.69203 0.116207
0.718 -2.03518 0.371286
0.719 -2.37135 0.621964
0.72 -2.69912 0.867299
0.721 -3.01713 1.10638
0.722 -3.32405 1.33831
0.723 -3.61859 1.56223
0.724 -3.89951 1.77733
0.725 -4.16564 1.98283
0.726 -4.41583 2.17796
0.727 -4.64904 2.36205
0.728 -4.86428 2.53443
0.729 -5.06061 2.6945
0.73 -5.2372 2.84172
0.731 -5.39328 2.97558
0.732 -5.52817 3.09564
0.733 -5.64126 3.20152
0.734 -5.73206 3.2929
0.735 -5.80014 3.36951
0.736 -5.84518 3.43115
0.737 -5.86693 3.47768
0.738 -5.86527 3.50901
0.739 -5.84013 3.52514
0.74 -5.79158 3.52611
0.741 -5.71976 3.51202
0.742 -5.62491 3.48306
0.743 -5.50736 3.43944
0.744 -5.36754 3.38147
0.745 -5.20596 3.3095
0.746 -5.02322 3.22392
0.747 -4.82002 3.12521
0.748 -4.59714 3.01388
0.749 -4.35542 2.8905
0.75 -4.09581 2.75568
0.751 -3.81929 2.61009
0.752 -3.52696 2.45444
0.753 -3.21994 2.28947
0.754 -2.89945 2.11596
0.755 -2.56672 1.93474
0.756 -2.22308 1.74664
0.757 -1.86987 1.55255
0.758 -1.50848 1.35337
0.759 -1.14035 1.15001
0.76 -0.76691 0.943403
0.761 -0.389653 0.734502
0.762 -0.0100679 0.524258
0.763 0.370342 0.313629
0.764 0.750067 0.103571
0.765 1.1276 -0.104961
0.766 1.50145 -0.311023
0.767 1.87013 -0.51368
0.768 2.23216 -0.712015
0.769 2.58612 -0.905131
0.77 2.9306 -1.09215
0.771 3.26422 -1.27223
0.772 3.58566 -1.44455
0.773 3.89365 -1.60833
0.774 4.18695 -1.76283
0.775 4.46441 -1.90733
0.776 4.72492 -2.04118
0.777 4.96744 -2.16377
0.778 5.19102 -2.27452
0.779 5.39477 -2.37291
0.78 5.57789 -2.4585
0.781 5.73964 -2.53087
0.782 5.87941 -2.58966
0.783 5.99664 -2.63459
0.784 6.09087 -2.66543
0.785 6.16174 -2.682
0.786 6.20898 -2.68419
0.787 6.23243 -2.67196
0.788 6.23201 -2.64531
0.789 6.20773 -2.60433
0.79 6.15971 -2.54914
0.791 6.08818 -2.47996
0.792 5.99344 -2.39703
0.793 5.8759 -2.30067
0.794 5.73604 -2.19127
0.795 5.57448 -2.06924
0.796 5.39187 -1.93509
0.797 5.18898 -1.78934
0.798 4.96667 -1.6326
0.799 4.72585 -1.46549
0.8 4.46753 -1.2887
0.801 4.19279 -1.10296
0.802 3.90275 -0.909036
0.803 3.59863 -0.707725
0.804 3.28169 -0.499866
0.805 2.95323 -0.286322
0.806 2.61464 -0.0679852
0.807 2.2673 0.154232
0.808 1.91266 0.379397
0.809 1.55219 0.606564
0.81 1.18739 0.834776
0.811 0.819763 1.06307
0.812 0.450845 1.29048
0.813 0.0821652 1.51604
0.814 -0.284744 1.73879
0.815 -0.648357 1.95778
0.816 -1.00716 2.17207
0.817 -1.35966 2.38075
0.818 -1.70439 2.58292
0.819 -2.0399 2.7777
0.82 -2.3648 2.96425
0.821 -2.67773 3.14176
0.822 -2.97738 3.30946
0.823 -3.26249 3.4666
0.824 -3.53186 3.61249
0.825 -3.78435 3.74649
0.826 -4.01891 3.86798
0.827 -4.23453 3.97643
0.828 -4.43031 4.07133
0.829 -4.6054 4.15224
0.83 -4.75906 4.21878
0.831 -4.89062 4.27061
0.832 -4.9995 4.30748
0.833 -5.08523 4.32918
0.834 -5.14742 4.33556
0.835 -5.18578 4.32655
0.836 -5.20011 4.30213
0.837 -5.19032 4.26236
0.838 -5.15643 4.20734
0.839 -5.09852 4.13725
0.84 -5.01682 4.05234
0.841 -4.9116 3.95289
0.842 -4.78328 3.83928
0.843 -4.63235 3.71193
0.844 -4.4594 3.57132
0.845 -4.26509 3.41798
0.846 -4.05021 3.25251
0.847 -3.8156 3.07554
0.848 -3.5622 2.88778
0.849 -3.29102 2.68995
0.85 -3.00314 2.48283
0.851 -2.69974 2.26726
0.852 -2.38202 2.0441
0.853 -2.05127 1.81422
0.854 -1.70884 1.57856
0.855 -1.3561 1.33807
0.856 -0.994507 1.09371
0.857 -0.625517 0.846485
0.858 -0.250639 0.597393
0.859 0.128595 0.34745
0.86 0.510632 0.0976779
0.861 0.893907 -0.150898
0.862 1.27684 -0.397257
0.863 1.65787 -0.640384
0.864 2.03541 -0.879272
0.865 2.40791 -1.11293
0.866 2.77383 -1.34039
0.867 3.13164 -1.5607
0.868 3.47987 -1.77294
0.869 3.81705 -1.97622
0.87 4.14179 -2.16967
0.871 4.45271 -2.35249
0.872 4.74852 -2.52389
0.873 5.02796 -2.68313
0.874 5.28985 -2.82954
0.875 5.53307 -2.96248
0.876 5.75658 -3.08137
0.877 5.95942 -3.18567
0.878 6.14071 -3.27494
0.879 6.29964 -3.34874
0.88 6.43551 -3.40676
0.881 6.54771 -3.44869
0.882 6.6357 -3.47433
0.883 6.69908 -3.48352
0.884 6.7375 -3.47619
0.885 6.75075 -3.45231
0.886 6.73869 -3.41195
0.887 6.70131 -3.35521
0.888 6.63868 -3.28229
0.889 6.55098 -3.19344
0.89 6.4385 -3.08898
0.891 6.30161 -2.9693
0.892 6.14079 -2.83484
0.893 5.95662 -2.68611
0.894 5.74977 -2.52369
0.895 5.521 -2.3482
0.896 5.27117 -2.16032
0.897 5.00121 -1.96079
0.898 4.71215 -1.7504
0.899 4.40507 -1.52998
0.9 4.08116 -1.30041
0.901 3.74165 -1.06259
0.902 3.38785 -0.817497
0.903 3.02111 -0.566104
0.904 2.64287 -0.309431
0.905 2.25458 -0.0485174
0.906 1.85775 0.215574
0.907 1.45393 0.481765
0.908 1.04468 0.748964
0.909 0.631604 1.01607
0.91 0.216316 1.28198
0.911 -0.199561 1.5456
0.912 -0.614398 1.80582
0.913 -1.02657 2.06156
0.914 -1.43446 2.31174
0.915 -1.83646 2.55531
0.916 -2.231 2.79124
0.917 -2.61653 3.01851
0.918 -2.99152 3.23615
0.919 -3.3545 3.44323
0.92 -3.70405 3.63883
0.921 -4.03878 3.82209
0.922 -4.35738 3.99221
0.923 -4.65859 4.14842
0.924 -4.94123 4.28999
0.925 -5.20417 4.41629
0.926 -5.44639 4.52669
0.927 -5.66693 4.62068
0.928 -5.86493 4.69776
0.929 -6.0396 4.75753
0.93 -6.19027 4.79964
0.931 -6.31633 4.82382
0.932 -6.41731 4.82986
0.933 -6.4928 4.81762
0.934 -6.54252 4.78705
0.935 -6.56629 4.73813
0.936 -6.56401 4.67096
0.937 -6.53572 4.58569
0.938 -6.48153 4.48252
0.939 -6.40168 4.36177
0.94 -6.29651 4.22378
0.941 -6.16643 4.06899
0.942 -6.01199 3.89789
0.943 -5.83383 3.71104
0.944 -5.63266 3.50908
0.945 -5.40931 3.29267
0.946 -5.16469 3.06258
0.947 -4.8998 2.81958
0.948 -4.61571 2.56454
0.949 -4.31359 2.29835
0.95 -3.99464 2.02195
0.951 -3.66019 1.73634
0.952 -3.31157 1.44253
0.953 -2.95022 1.14159
0.954 -2.5776 0.834596
0.955 -2.19523 0.522671
0.956 -1.80466 0.206948
0.957 -1.40748 -0.111419
0.958 -1.00531 -0.431267
0.959 -0.59978 -0.75142
0.96 -0.19255 -1.0707
0.961 0.214723 -1.38794
0.962 0.620378 -1.70195
0.963 1.02276 -2.01159
0.964 1.42022 -2.31571
0.965 1.81115 -2.61318
0.966 2.19393 -2.90289
0.967 2.56701 -3.18378
0.968 2.92885 -3.4548
0.969 3.27796 -3.71495
0.97 3.61292 -3.96325
0.971 3.93235 -4.1988
0.972 4.23493 -4.4207
0.973 4.5194 -4.62815
0.974 4.78459 -4.82038
0.975 5.0294 -4.99667
0.976 5.2528 -5.15637
0.977 5.45387 -5.2989
0.978 5.63175 -5.42372
0.979 5.7857 -5.5304
0.98 5.91506 -5.61854
0.981 6.01925 -5.68783
0.982 6.09784 -5.73802
0.983 6.15046 -5.76895
0.984 6.17686 -5.78051
0.985 6.17689 -5.77269
0.986 6.15051 -5.74553
0.987 6.09779 -5.69917
0.988 6.01889 -5.63379
0.989 5.91409 -5.54968
0.99 5.78378 -5.44718
0.991 5.62843 -5.3267
0.992 5.44863 -5.18872
0.993 5.24505 -5.0338
0.994 5.01848 -4.86254
0.995 4.76978 -4.67564
0.996 4.49992 -4.47381
0.997 4.20994 -4.25786
0.998 3.90096 -4.02864
0.999 3.57419 -3.78705
1 3.2309 -3.53402
