0.001 3.39885e-008 2.51182e-009
0.002 3.09643e-007 2.01755e-008
0.003 1.46049e-006 8.37411e-008
0.004 4.83993e-006 2.45819e-007
0.005 1.28121e-005 5.83352e-007
0.006 2.90328e-005 1.20176e-006
0.007 5.87177e-005 2.24122e-006
0.008 0.000108896 3.88547e-006
0.009 0.000188645 6.37353e-006
0.01 0.000309309 1.00147e-005
0.011 0.000484692 1.52074e-005
0.012 0.000731228 2.24611e-005
0.013 0.00106813 3.24235e-005
0.014 0.00151749 4.5911e-005
0.015 0.00210441 6.39441e-005
0.016 0.00285702 8.77871e-005
0.017 0.00380651 0.000118992
0.018 0.00498715 0.000159447
0.019 0.00643625 0.000211432
0.02 0.00819406 0.000277669
0.021 0.0103037 0.000361392
0.022 0.012811 0.000466404
0.023 0.0157645 0.000597151
0.024 0.0192147 0.000758789
0.025 0.0232148 0.000957257
0.026 0.0278193 0.00119936
0.027 0.0330846 0.00149282
0.028 0.0390683 0.00184641
0.029 0.0458289 0.00226995
0.03 0.0534254 0.00277447
0.031 0.0619169 0.00337222
0.032 0.0713624 0.00407676
0.033 0.0818199 0.00490306
0.034 0.0933466 0.00586753
0.035 0.105998 0.00698811
0.036 0.119827 0.00828431
0.037 0.134885 0.00977725
0.038 0.151219 0.0114897
0.039 0.168874 0.0134463
0.04 0.187889 0.0156731
0.041 0.208301 0.0181982
0.042 0.230141 0.0210513
0.043 0.253433 0.0242639
0.044 0.278197 0.0278693
0.045 0.304447 0.0319023
0.046 0.332189 0.0363995
0.047 0.361422 0.0413992
0.048 0.39214 0.0469411
0.049 0.424325 0.0530664
0.05 0.457956 0.0598177
0.051 0.492999 0.0672387
0.052 0.529416 0.0753744
0.053 0.567156 0.0842706
0.054 0.606163 0.0939741
0.055 0.64637 0.104532
0.056 0.687701 0.115992
0.057 0.730074 0.128403
0.058 0.773394 0.141812
0.059 0.817561 0.156267
0.06 0.862463 0.171815
0.061 0.907984 0.188504
0.062 0.953996 0.206378
0.063 1.00037 0.225482
0.064 1.04695 0.245858
0.065 1.0936 0.267549
0.066 1.14017 0.290591
0.067 1.18649 0.315022
0.068 1.23239 0.340874
0.069 1.27771 0.368178
0.07 1.32227 0.396962
0.071 1.36588 0.427246
0.072 1.40838 0.459052
0.073 1.44958 0.492392
0.074 1.48929 0.527276
0.075 1.52732 0.56371
0.076 1.56351 0.601692
0.077 1.59765 0.641216
0.078 1.62957 0.682269
0.079 1.6591 0.724833
0.08 1.68606 0.768883
0.081 1.71028 0.814387
0.082 1.7316 0.861307
0.083 1.74986 0.909597
0.084 1.76493 0.959203
0.085 1.77665 1.01007
0.086 1.7849 1.06212
0.087 1.78956 1.11529
0.088 1.79052 1.16948
0.089 1.78769 1.22462
0.09 1.78098 1.2806
0.091 1.77033 1.33731
0.092 1.75566 1.39465
0.093 1.73696 1.45249
0.094 1.71418 1.51071
0.095 1.68732 1.56916
0.096 1.65638 1.62771
0.097 1.62138 1.68621
0.098 1.58237 1.7445
0.099 1.53941 1.80242
0.1 1.49255 1.85981
0.101 1.44189 1.9165
0.102 1.38755 1.9723
0.103 1.32964 2.02704
0.104 1.26831 2.08053
0.105 1.20371 2.13259
0.106 1.13603 2.18302
0.107 1.06545 2.23164
0.108 0.992172 2.27824
0.109 0.916428 2.32264
0.11 0.838452 2.36464
0.111 0.758493 2.40405
0.112 0.676815 2.44067
0.113 0.593692 2.47432
0.114 0.509412 2.5048
0.115 0.42427 2.53193
0.116 0.338572 2.55554
0.117 0.252632 2.57545
0.118 0.16677 2.59149
0.119 0.0813129 2.6035
0.12 -0.00341004 2.61133
0.121 -0.0870652 2.61484
0.122 -0.169318 2.61388
0.123 -0.249833 2.60833
0.124 -0.328276 2.59808
0.125 -0.404317 2.58302
0.126 -0.477628 2.56306
0.127 -0.547887 2.53812
0.128 -0.614781 2.50814
0.129 -0.678002 2.47306
0.13 -0.737255 2.43285
0.131 -0.792256 2.38749
0.132 -0.842731 2.33696
0.133 -0.888422 2.28129
0.134 -0.929089 2.22049
0.135 -0.964503 2.1546
0.136 -0.994458 2.08369
0.137 -1.01877 2.00783
0.138 -1.03726 1.92712
0.139 -1.04978 1.84167
0.14 -1.05622 1.7516
0.141 -1.05647 1.65706
0.142 -1.05045 1.55821
0.143 -1.0381 1.45525
0.144 -1.01941 1.34835
0.145 -0.994368 1.23774
0.146 -0.962997 1.12364
0.147 -0.92535 1.0063
0.148 -0.881503 0.885983
0.149 -0.831563 0.76296
0.15 -0.775658 0.637521
0.151 -0.713948 0.509969
0.152 -0.646617 0.380617
0.153 -0.573875 0.249792
0.154 -0.495958 0.11783
0.155 -0.413128 -0.0149213
0.156 -0.325669 -0.148107
0.157 -0.23389 -0.281366
0.158 -0.138122 -0.414326
0.159 -0.0387197 -0.546615
0.16 0.0639454 -0.677853
0.161 0.16948 -0.807658
0.162 0.277476 -0.935647
0.163 0.387504 -1.06144
0.164 0.499125 -1.18464
0.165 0.611884 -1.30489
0.166 0.725315 -1.42179
0.167 0.838943 -1.53499
0.168 0.952283 -1.64411
0.169 1.06485 -1.7488
0.17 1.17614 -1.8487
0.171 1.28567 -1.94349
0.172 1.39293 -2.03283
0.173 1.49744 -2.11642
0.174 1.5987 -2.19396
0.175 1.69624 -2.26516
0.176 1.78956 -2.32976
0.177 1.87821 -2.38752
0.178 1.96174 -2.4382
0.179 2.0397 -2.4816
0.18 2.11167 -2.51754
0.181 2.17724 -2.54585
0.182 2.23604 -2.56639
0.183 2.28769 -2.57904
0.184 2.33185 -2.58373
0.185 2.36821 -2.58037
0.186 2.39649 -2.56894
0.187 2.41641 -2.54941
0.188 2.42776 -2.52181
0.189 2.43033 -2.48618
0.19 2.42395 -2.44258
0.191 2.40849 -2.39111
0.192 2.38385 -2.3319
0.193 2.34997 -2.26509
0.194 2.30681 -2.19087
0.195 2.25439 -2.10945
0.196 2.19274 -2.02105
0.197 2.12195 -1.92593
0.198 2.04213 -1.82438
0.199 1.95343 -1.71671
0.2 1.85606 -1.60325
0.201 1.75022 -1.48436
0.202 1.6362 -1.3604
0.203 1.51428 -1.2318
0.204 1.38479 -1.09895
0.205 1.2481 -0.9623
0.206 1.10462 -0.822305
0.207 0.95476 -0.679433
0.208 0.798986 -0.534168
0.209 0.637784 -0.387009
0.21 0.471666 -0.238462
0.211 0.301169 -0.089045
0.212 0.126853 0.0607167
0.213 -0.0507008 0.210293
0.214 -0.230893 0.359148
0.215 -0.413109 0.506746
0.216 -0.596717 0.652549
0.217 -0.781077 0.796023
0.218 -0.965536 0.936635
0.219 -1.14944 1.07386
0.22 -1.33212 1.20718
0.221 -1.51292 1.33608
0.222 -1.69116 1.46007
0.223 -1.86621 1.57866
0.224 -2.03739 1.69138
0.225 -2.20406 1.79777
0.226 -2.3656 1.89742
0.227 -2.52138 1.98989
0.228 -2.6708 2.0748
0.229 -2.81328 2.15178
0.23 -2.94825 2.22048
0.231 -3.07518 2.28059
0.232 -3.19356 2.33182
0.233 -3.3029 2.37391
0.234 -3.40275 2.40663
0.235 -3.4927 2.42977
0.236 -3.57235 2.44318
0.237 -3.64137 2.44672
0.238 -3.69944 2.44029
0.239 -3.74629 2.42382
0.24 -3.78169 2.39728
0.241 -3.80546 2.36069
0.242 -3.81746 2.31407
0.243 -3.81758 2.25751
0.244 -3.80577 2.19111
0.245 -3.78202 2.11503
0.246 -3.74637 2.02944
0.247 -3.6989 1.93457
0.248 -3.63975 1.83065
0.249 -3.56908 1.71798
0.25 -3.48712 1.59687
0.251 -3.39413 1.46767
0.252 -3.29043 1.33076
0.253 -3.17637 1.18655
0.254 -3.05233 1.03547
0.255 -2.91877 0.877981
0.256 -2.77614 0.714578
0.257 -2.62498 0.54577
0.258 -2.46581 0.372089
0.259 -2.29923 0.19409
0.26 -2.12586 0.0123432
0.261 -1.94633 -0.172564
0.262 -1.76132 -0.360029
0.263 -1.57152 -0.54944
0.264 -1.37765 -0.740173
0.265 -1.18045 -0.931597
0.266 -0.980681 -1.12307
0.267 -0.7791 -1.31397
0.268 -0.576489 -1.50364
0.269 -0.373635 -1.69144
0.27 -0.17133 -1.87675
0.271 0.0296357 -2.05894
0.272 0.22847 -2.23737
0.273 0.424388 -2.41145
0.274 0.616611 -2.58058
0.275 0.804373 -2.74418
0.276 0.986922 -2.90169
0.277 1.16352 -3.05255
0.278 1.33346 -3.19625
0.279 1.49604 -3.3323
0.28 1.65061 -3.46021
0.281 1.79652 -3.57954
0.282 1.93317 -3.68988
0.283 2.05999 -3.79084
0.284 2.17645 -3.88206
0.285 2.28206 -3.96323
0.286 2.37635 -4.03405
0.287 2.45893 -4.09429
0.288 2.52942 -4.14372
0.289 2.58752 -4.18217
0.29 2.63294 -4.2095
0.291 2.66548 -4.22562
0.292 2.68496 -4.23047
0.293 2.69126 -4.22402
0.294 2.68433 -4.20631
0.295 2.66414 -4.17739
0.296 2.63074 -4.13737
0.297 2.58423 -4.08638
0.298 2.52475 -4.02461
0.299 2.4525 -3.95227
0.3 2.36774 -3.86962
0.301 2.27076 -3.77695
0.302 2.16193 -3.6746
0.303 2.04165 -3.56292
0.304 1.91037 -3.4423
0.305 1.76858 -3.31319
0.306 1.61684 -3.17603
0.307 1.45572 -3.03131
0.308 1.28585 -2.87955
0.309 1.10789 -2.72128
0.31 0.922546 -2.55706
0.311 0.730544 -2.38748
0.312 0.532647 -2.21313
0.313 0.329643 -2.03464
0.314 0.122343 -1.85262
0.315 -0.0884174 -1.66772
0.316 -0.301789 -1.4806
0.317 -0.516908 -1.2919
0.318 -0.732897 -1.1023
0.319 -0.948874 -0.912442
0.32 -1.16395 -0.723001
0.321 -1.37725 -0.534632
0.322 -1.58787 -0.347987
0.323 -1.79496 -0.16371
0.324 -1.99763 0.0175667
0.325 -2.19504 0.195223
0.326 -2.38636 0.368656
0.327 -2.57077 0.53728
0.328 -2.74748 0.700529
0.329 -2.91574 0.857859
0.33 -3.07481 1.00875
0.331 -3.22401 1.15272
0.332 -3.36266 1.2893
0.333 -3.49015 1.41805
0.334 -3.60591 1.53857
0.335 -3.7094 1.6505
0.336 -3.80014 1.7535
0.337 -3.8777 1.84727
0.338 -3.94168 1.93156
0.339 -3.99176 2.00614
0.34 -4.02766 2.07083
0.341 -4.04917 2.12549
0.342 -4.05611 2.17
0.343 -4.04839 2.20432
0.344 -4.02595 2.22841
0.345 -3.98881 2.24229
0.346 -3.93704 2.24603
0.347 -3.87077 2.23973
0.348 -3.79018 2.22351
0.349 -3.69552 2.19756
0.35 -3.5871 2.1621
0.351 -3.46528 2.11738
0.352 -3.33047 2.0637
0.353 -3.18314 2.00136
0.354 -3.0238 1.93075
0.355 -2.85304 1.85224
0.356 -2.67147 1.76626
0.357 -2.47974 1.67326
0.358 -2.27857 1.57373
0.359 -2.0687 1.46816
0.36 -1.85092 1.35707
0.361 -1.62604 1.24103
0.362 -1.39491 1.12058
0.363 -1.1584 0.996327
0.364 -0.917417 0.86885
0.365 -0.672877 0.73876
0.366 -0.425719 0.606673
0.367 -0.17689 0.473212
0.368 0.0726494 0.339001
0.369 0.321936 0.204668
0.37 0.570003 0.0708368
0.371 0.815889 -0.0618707
0.372 1.05864 -0.19284
0.373 1.2973 -0.321467
0.374 1.53095 -0.447158
0.375 1.75866 -0.569334
0.376 1.97955 -0.687433
0.377 2.19276 -0.80091
0.378 2.39744 -0.909244
0.379 2.59279 -1.01194
0.38 2.77804 -1.10851
0.381 2.95246 -1.19853
0.382 3.11537 -1.28157
0.383 3.26612 -1.35724
0.384 3.40412 -1.4252
0.385 3.52883 -1.48512
0.386 3.63976 -1.53672
0.387 3.73648 -1.57976
0.388 3.8186 -1.61403
0.389 3.88581 -1.63935
0.39 3.93785 -1.65559
0.391 3.97452 -1.66267
0.392 3.9957 -1.66053
0.393 4.0013 -1.64916
0.394 3.99132 -1.62859
0.395 3.96582 -1.59889
0.396 3.92492 -1.56017
0.397 3.8688 -1.51258
0.398 3.79771 -1.45631
0.399 3.71195 -1.39158
0.4 3.6119 -1.31867
0.401 3.49799 -1.23786
0.402 3.37069 -1.1495
0.403 3.23056 -1.05396
0.404 3.0782 -0.951622
0.405 2.91424 -0.842933
0.406 2.7394 -0.728347
0.407 2.5544 -0.608348
0.408 2.36006 -0.483446
0.409 2.15718 -0.354174
0.41 1.94663 -0.221081
0.411 1.72932 -0.0847385
0.412 1.50618 0.0542707
0.413 1.27815 0.19535
0.414 1.04622 0.337891
0.415 0.811386 0.481281
0.416 0.574651 0.624901
0.417 0.337039 0.76813
0.418 0.0995753 0.910346
0.419 -0.136712 1.05093
0.42 -0.370796 1.18928
0.421 -0.601661 1.32478
0.422 -0.828297 1.45685
0.423 -1.04971 1.5849
0.424 -1.26494 1.70838
0.425 -1.47302 1.82674
0.426 -1.67303 1.93946
0.427 -1.86409 2.04604
0.428 -2.04534 2.14602
0.429 -2.21596 2.23894
0.43 -2.37519 2.32439
0.431 -2.52228 2.402
0.432 -2.65656 2.4714
0.433 -2.7774 2.53228
0.434 -2.88424 2.58437
0.435 -2.97654 2.62743
0.436 -3.05387 2.66126
0.437 -3.11581 2.68568
0.438 -3.16204 2.7006
0.439 -3.19229 2.70591
0.44 -3.20636 2.7016
0.441 -3.20412 2.68766
0.442 -3.1855 2.66414
0.443 -3.15051 2.63113
0.444 -3.09921 2.58876
0.445 -3.03174 2.53721
0.446 -2.94832 2.47669
0.447 -2.84923 2.40745
0.448 -2.73479 2.32979
0.449 -2.60543 2.24405
0.45 -2.46161 2.15058
0.451 -2.30387 2.04981
0.452 -2.13281 1.94215
0.453 -1.94908 1.82809
0.454 -1.75338 1.70812
0.455 -1.54649 1.58277
0.456 -1.32921 1.4526
0.457 -1.10239 1.31818
0.458 -0.866949 1.18012
0.459 -0.623818 1.03903
0.46 -0.373976 0.895543
0.461 -0.118434 0.750312
0.462 0.141774 0.603992
0.463 0.405585 0.457251
0.464 0.671919 0.310759
0.465 0.939681 0.165191
0.466 1.20776 0.0212191
0.467 1.47506 -0.120486
0.468 1.74045 -0.259263
0.469 2.00282 -0.394456
0.47 2.26108 -0.525425
0.471 2.51413 -0.651543
0.472 2.7609 -0.772201
0.473 3.00034 -0.886812
0.474 3.23141 -0.994809
0.475 3.45313 -1.09565
0.476 3.66452 -1.18883
0.477 3.86468 -1.27387
0.478 4.0527 -1.35031
0.479 4.22776 -1.41775
0.48 4.38907 -1.47581
0.481 4.5359 -1.52414
0.482 4.66757 -1.56246
0.483 4.78346 -1.59051
0.484 4.88302 -1.60807
0.485 4.96574 -1.61497
0.486 5.03122 -1.6111
0.487 5.07909 -1.59637
0.488 5.10907 -1.57076
0.489 5.12093 -1.53428
0.49 5.11455 -1.48699
0.491 5.08985 -1.42902
0.492 5.04684 -1.36051
0.493 4.98559 -1.28167
0.494 4.90628 -1.19276
0.495 4.80912 -1.09406
0.496 4.69442 -0.985929
0.497 4.56255 -0.868744
0.498 4.41396 -0.742934
0.499 4.24917 -0.608965
0.5 4.06875 -0.467345
0.501 3.87337 -0.318616
0.502 3.66372 -0.163356
0.503 3.44059 -0.00217817
0.504 3.2048 0.164278
0.505 2.95724 0.335342
0.506 2.69884 0.51032
0.507 2.43058 0.688493
0.508 2.15349 0.869126
0.509 1.86863 1.05146
0.51 1.5771 1.23474
0.511 1.28003 1.41817
0.512 0.978578 1.60097
0.513 0.673922 1.78236
0.514 0.367255 1.96153
0.515 0.0597825 2.1377
0.516 -0.247281 2.31008
0.517 -0.552721 2.4779
0.518 -0.855324 2.64039
0.519 -1.15389 2.79681
0.52 -1.44721 2.94641
0.521 -1.73413 3.0885
0.522 -2.01349 3.22237
0.523 -2.28417 3.34739
0.524 -2.54506 3.46291
0.525 -2.79512 3.56834
0.526 -3.03332 3.66312
0.527 -3.2587 3.74672
0.528 -3.47034 3.81867
0.529 -3.66736 3.87853
0.53 -3.84896 3.92589
0.531 -4.01437 3.96042
0.532 -4.16292 3.9818
0.533 -4.29399 3.9898
0.534 -4.407 3.9842
0.535 -4.5015 3.96487
0.536 -4.57707 3.9317
0.537 -4.63337 3.88466
0.538 -4.67015 3.82375
0.539 -4.68724 3.74906
0.54 -4.68455 3.66069
0.541 -4.66204 3.55882
0.542 -4.6198 3.4437
0.543 -4.55795 3.31559
0.544 -4.47673 3.17485
0.545 -4.37644 3.02185
0.546 -4.25746 2.85703
0.547 -4.12025 2.68089
0.548 -3.96535 2.49395
0.549 -3.79335 2.29681
0.55 -3.60495 2.09008
0.551 -3.40089 1.87443
0.552 -3.18197 1.65056
0.553 -2.94909 1.41922
0.554 -2.70316 1.18117
0.555 -2.44519 0.937224
0.556 -2.17622 0.688214
0.557 -1.89733 0.434994
0.558 -1.60965 0.178445
0.559 -1.31438 -0.0805394
0.56 -1.0127 -0.341047
0.561 -0.705851 -0.602156
0.562 -0.395102 -0.862937
0.563 -0.0817307 -1.12246
0.564 0.232969 -1.37978
0.565 0.547692 -1.63398
0.566 0.861132 -1.88413
0.567 1.17198 -2.12932
0.568 1.47894 -2.36865
0.569 1.78071 -2.60124
0.57 2.07604 -2.82622
0.571 2.36367 -3.04277
0.572 2.64238 -3.25008
0.573 2.91098 -3.44737
0.574 3.16831 -3.6339
0.575 3.41328 -3.80897
0.576 3.64482 -3.97191
0.577 3.86191 -4.1221
0.578 4.0636 -4.25897
0.579 4.249 -4.38199
0.58 4.41726 -4.49069
0.581 4.56763 -4.58465
0.582 4.69941 -4.66348
0.583 4.81197 -4.72688
0.584 4.90476 -4.7746
0.585 4.97732 -4.80642
0.586 5.02925 -4.82223
0.587 5.06025 -4.82192
0.588 5.0701 -4.8055
0.589 5.05864 -4.773
0.59 5.02584 -4.72452
0.591 4.97171 -4.66023
0.592 4.89638 -4.58035
0.593 4.80005 -4.48517
0.594 4.68301 -4.37503
0.595 4.54563 -4.25034
0.596 4.38836 -4.11154
0.597 4.21173 -3.95916
0.598 4.01638 -3.79374
0.599 3.80297 -3.61592
0.6 3.57229 -3.42635
0.601 3.32516 -3.22574
0.602 3.0625 -3.01485
0.603 2.78527 -2.79446
0.604 2.49451 -2.56542
0.605 2.1913 -2.32858
0.606 1.87679 -2.08484
0.607 1.55216 -1.83513
0.608 1.21864 -1.5804
0.609 0.877514 -1.32161
0.61 0.530079 -1.05976
0.611 0.177671 -0.795838
0.612 -0.178353 -0.530864
0.613 -0.536618 -0.265849
0.614 -0.895738 -0.00181176
0.615 -1.25432 0.260234
0.616 -1.61096 0.519278
0.617 -1.96428 0.774323
0.618 -2.31288 1.02438
0.619 -2.65542 1.26849
0.62 -2.99053 1.5057
0.621 -3.3169 1.7351
0.622 -3.63326 1.95579
0.623 -3.93833 2.16691
0.624 -4.23093 2.36764
0.625 -4.50988 2.5572
0.626 -4.77407 2.73484
0.627 -5.02247 2.89987
0.628 -5.25406 3.05164
0.629 -5.46793 3.18955
0.63 -5.66321 3.31305
0.631 -5.83912 3.42165
0.632 -5.99494 3.51492
0.633 -6.13005 3.59248
0.634 -6.24388 3.65402
0.635 -6.33597 3.69929
0.636 -6.40593 3.72808
0.637 -6.45348 3.74028
0.638 -6.47838 3.73582
0.639 -6.48054 3.7147
0.64 -6.45992 3.67699
0.641 -6.41657 3.62281
0.642 -6.35065 3.55236
0.643 -6.2624 3.46589
0.644 -6.15215 3.36371
0.645 -6.02031 3.24622
0.646 -5.86738 3.11384
0.647 -5.69396 2.96707
0.648 -5.50071 2.80646
0.649 -5.28838 2.63263
0.65 -5.05779 2.44621
0.651 -4.80984 2.24793
0.652 -4.5455 2.03853
0.653 -4.26579 1.8188
0.654 -3.97182 1.58959
0.655 -3.66474 1.35177
0.656 -3.34575 1.10624
0.657 -3.0161 0.853936
0.658 -2.6771 0.595826
0.659 -2.33008 0.332894
0.66 -1.9764 0.0661459
0.661 -1.61746 -0.203399
0.662 -1.25468 -0.474711
0.663 -0.889495 -0.74675
0.664 -0.523341 -1.01848
0.665 -0.15767 -1.28885
0.666 0.206072 -1.55683
0.667 0.566445 -1.82141
0.668 0.922022 -2.08155
0.669 1.27139 -2.33627
0.67 1.61318 -2.5846
0.671 1.94602 -2.82558
0.672 2.2686 -3.0583
0.673 2.57964 -3.28185
0.674 2.87791 -3.4954
0.675 3.16222 -3.69812
0.676 3.43146 -3.88925
0.677 3.68455 -4.06805
0.678 3.9205 -4.23384
0.679 4.13836 -4.386
0.68 4.33729 -4.52396
0.681 4.5165 -4.64718
0.682 4.67528 -4.7552
0.683 4.81301 -4.84763
0.684 4.92915 -4.92412
0.685 5.02326 -4.98438
0.686 5.09496 -5.0282
0.687 5.144 -5.05542
0.688 5.17018 -5.06595
0.689 5.17343 -5.05976
0.69 5.15374 -5.0369
0.691 5.11122 -4.99746
0.692 5.04605 -4.94161
0.693 4.95852 -4.86959
0.694 4.849 -4.78168
0.695 4.71795 -4.67824
0.696 4.56592 -4.55969
0.697 4.39355 -4.42649
0.698 4.20156 -4.27917
0.699 3.99074 -4.11831
0.7 3.76197 -3.94455
0.701 3.5162 -3.75858
0.702 3.25445 -3.56111
0.703 2.97779 -3.35292
0.704 2.68737 -3.13482
0.705 2.38441 -2.90766
0.706 2.07013 -2.67232
0.707 1.74586 -2.42972
0.708 1.41292 -2.1808
0.709 1.07271 -1.92651
0.71 0.726612 -1.66783
0.711 0.376074 -1.40576
0.712 0.0225465 -1.14131
0.713 -0.332507 -0.875487
0.714 -0.687613 -0.609303
0.715 -1.0413 -0.343773
0.716 -1.39209 -0.0799045
0.717 -1.73854 0.181304
0.718 -2.07919 0.438867
0.719 -2.41264 0.691819
0.72 -2.73748 0.939212
0.721 -3.05236 1.18013
0.722 -3.35596 1.41367
0.723 -3.64701 1.63898
0.724 -3.92428 1.85524
0.725 -4.18661 2.06166
0.726 -4.43288 2.25749
0.727 -4.66205 2.44204
0.728 -4.87314 2.61465
0.729 -5.06525 2.77474
0.73 -5.23756 2.92174
0.731 -5.38931 3.05517
0.732 -5.51983 3.17458
0.733 -5.62856 3.27961
0.734 -5.71499 3.36993
0.735 -5.77873 3.44529
0.736 -5.81947 3.50548
0.737 -5.83698 3.55039
0.738 -5.83115 3.57993
0.739 -5.80195 3.59411
0.74 -5.74944 3.59297
0.741 -5.67379 3.57664
0.742 -5.57525 3.5453
0.743 -5.45417 3.4992
0.744 -5.31099 3.43863
0.745 -5.14624 3.36396
0.746 -4.96053 3.27561
0.747 -4.75458 3.17405
0.748 -4.52916 3.05982
0.749 -4.28514 2.93349
0.75 -4.02347 2.7957
0.751 -3.74516 2.64711
0.752 -3.45128 2.48845
0.753 -3.14299 2.32048
0.754 -2.82149 2.14399
0.755 -2.48805 1.95981
0.756 -2.14396 1.7688
0.757 -1.79059 1.57185
0.758 -1.42932 1.36986
0.759 -1.06158 1.16378
0.76 -0.688834 0.95453
0.761 -0.31254 0.74308
0.762 0.0658075 0.530388
0.763 0.444709 0.31742
0.764 0.822664 0.105141
0.765 1.19817 -0.105487
0.766 1.56974 -0.313513
0.767 1.9359 -0.517998
0.768 2.2952 -0.718019
0.769 2.6462 -0.912674
0.77 2.98751 -1.10109
0.771 3.31778 -1.2824
0.772 3.63569 -1.45581
0.773 3.93998 -1.62051
0.774 4.22944 -1.77578
0.775 4.50293 -1.9209
0.776 4.75935 -2.05521
0.777 4.99769 -2.1781
0.778 5.217 -2.289
0.779 5.41643 -2.3874
0.78 5.59517 -2.47285
0.781 5.75254 -2.54494
0.782 5.88791 -2.60332
0.783 6.00075 -2.64772
0.784 6.09062 -2.67789
0.785 6.15719 -2.69368
0.786 6.2002 -2.69499
0.787 6.2195 -2.68177
0.788 6.21503 -2.65405
0.789 6.18684 -2.61191
0.79 6.13504 -2.55549
0.791 6.05988 -2.485
0.792 5.96168 -2.40072
0.793 5.84087 -2.30297
0.794 5.69795 -2.19213
0.795 5.53353 -2.06864
0.796 5.34829 -1.93301
0.797 5.14302 -1.78579
0.798 4.91856 -1.62757
0.799 4.67586 -1.459
0.8 4.41593 -1.28078
0.801 4.13984 -1.09365
0.802 3.84874 -0.898365
0.803 3.54385 -0.695754
0.804 3.22642 -0.486656
0.805 2.89777 -0.271945
0.806 2.55928 -0.0525192
0.807 2.21233 0.1707
0.808 1.85838 0.396774
0.809 1.49888 0.62475
0.81 1.13534 0.853664
0.811 0.769259 1.08255
0.812 0.402157 1.31043
0.813 0.0355617 1.53634
0.814 -0.329005 1.75932
0.815 -0.690025 1.97841
0.816 -1.046 2.19268
0.817 -1.39544 2.4012
0.818 -1.7369 2.60307
0.819 -2.06895 2.79743
0.82 -2.39019 2.98343
0.821 -2.6993 3.16025
0.822 -2.99498 3.32713
0.823 -3.27597 3.48334
0.824 -3.54112 3.62817
0.825 -3.78929 3.76099
0.826 -4.01945 3.88119
0.827 -4.23061 3.98824
0.828 -4.42188 4.08164
0.829 -4.59246 4.16096
0.83 -4.74159 4.22582
0.831 -4.86865 4.27589
0.832 -4.97307 4.31093
0.833 -5.0544 4.33073
0.834 -5.11228 4.33516
0.835 -5.14642 4.32416
0.836 -5.15666 4.29772
0.837 -5.14292 4.25589
0.838 -5.10524 4.19881
0.839 -5.04372 4.12665
0.84 -4.95859 4.03967
0.841 -4.85017 3.93818
0.842 -4.71887 3.82256
0.843 -4.56521 3.69323
0.844 -4.38977 3.55069
0.845 -4.19326 3.39548
0.846 -3.97646 3.22821
0.847 -3.74022 3.04953
0.848 -3.48549 2.86014
0.849 -3.21329 2.66078
0.85 -2.92472 2.45225
0.851 -2.62094 2.23538
0.852 -2.30318 2.01104
0.853 -1.97273 1.78013
0.854 -1.63092 1.54357
0.855 -1.27916 1.30232
0.856 -0.918862 1.05737
0.857 -0.551507 0.809707
0.858 -0.178594 0.560339
0.859 0.198349 0.310288
0.86 0.577778 0.0605787
0.861 0.958133 -0.187762
0.862 1.33785 -0.433712
0.863 1.71536 -0.676253
0.864 2.08911 -0.914381
0.865 2.45755 -1.14711
0.866 2.81915 -1.37346
0.867 3.17241 -1.59249
0.868 3.51586 -1.80329
0.869 3.84807 -2.00496
0.87 4.16764 -2.19665
0.871 4.47323 -2.37755
0.872 4.76356 -2.54688
0.873 5.03739 -2.70393
0.874 5.29357 -2.84801
0.875 5.53099 -2.9785
0.876 5.74864 -3.09482
0.877 5.94558 -3.19646
0.878 6.12095 -3.28296
0.879 6.27397 -3.35394
0.88 6.40396 -3.40904
0.881 6.51033 -3.44801
0.882 6.59257 -3.47064
0.883 6.65029 -3.4768
0.884 6.68318 -3.46642
0.885 6.69104 -3.43948
0.886 6.67376 -3.39607
0.887 6.63134 -3.33631
0.888 6.56388 -3.26041
0.889 6.47158 -3.16862
0.89 6.35473 -3.0613
0.891 6.21375 -2.93883
0.892 6.04912 -2.80168
0.893 5.86143 -2.65037
0.894 5.65138 -2.48548
0.895 5.41974 -2.30766
0.896 5.16737 -2.1176
0.897 4.89523 -1.91605
0.898 4.60433 -1.70381
0.899 4.2958 -1.48171
0.9 3.97081 -1.25066
0.901 3.6306 -1.01157
0.902 3.27648 -0.765415
0.903 2.90983 -0.51318
0.904 2.53205 -0.255892
0.905 2.14461 0.00540032
0.906 1.74902 0.26963
0.907 1.34682 0.535713
0.908 0.93958 0.802553
0.909 0.528881 1.06905
0.91 0.116333 1.33409
0.911 -0.29645 1.59658
0.912 -0.70785 1.85542
0.913 -1.11625 2.10952
0.914 -1.52006 2.35781
0.915 -1.91768 2.59924
0.916 -2.30754 2.83277
0.917 -2.68813 3.0574
0.918 -3.05793 3.27217
0.919 -3.4155 3.47614
0.92 -3.75942 3.66841
0.921 -4.08835 3.84813
0.922 -4.40097 4.0145
0.923 -4.69606 4.16677
0.924 -4.97247 4.30422
0.925 -5.22909 4.42622
0.926 -5.46492 4.53218
0.927 -5.67902 4.62157
0.928 -5.87057 4.69394
0.929 -6.0388 4.74888
0.93 -6.18306 4.78606
0.931 -6.30277 4.80523
0.932 -6.39749 4.8062
0.933 -6.46683 4.78885
0.934 -6.51054 4.75313
0.935 -6.52845 4.69906
0.936 -6.52051 4.62674
0.937 -6.48675 4.53634
0.938 -6.42734 4.4281
0.939 -6.34251 4.30233
0.94 -6.23262 4.1594
0.941 -6.09813 3.99977
0.942 -5.93958 3.82396
0.943 -5.75764 3.63253
0.944 -5.55303 3.42613
0.945 -5.32661 3.20546
0.946 -5.07929 2.97129
0.947 -4.81207 2.72442
0.948 -4.52606 2.46572
0.949 -4.2224 2.1961
0.95 -3.90234 1.91652
0.951 -3.56719 1.62799
0.952 -3.21829 1.33153
0.953 -2.85708 1.02822
0.954 -2.48503 0.719152
0.955 -2.10364 0.405455
0.956 -1.71447 0.0882715
0.957 -1.31911 -0.231239
0.958 -0.919167 -0.551903
0.959 -0.516268 -0.872544
0.96 -0.112057 -1.19198
0.961 0.291817 -1.50903
0.962 0.693705 -1.82252
0.963 1.09197 -2.1313
0.964 1.48497 -2.43422
0.965 1.87111 -2.73015
0.966 2.24881 -3.01799
0.967 2.61652 -3.29668
0.968 2.97273 -3.56518
0.969 3.31598 -3.82248
0.97 3.64485 -4.06764
0.971 3.95799 -4.29973
0.972 4.2541 -4.5179
0.973 4.53197 -4.72133
0.974 4.79044 -4.90927
0.975 5.02844 -5.08102
0.976 5.24497 -5.23595
0.977 5.43912 -5.37347
0.978 5.61007 -5.49309
0.979 5.75711 -5.59436
0.98 5.87959 -5.67693
0.981 5.977 -5.74048
0.982 6.04889 -5.7848
0.983 6.09493 -5.80974
0.984 6.11491 -5.81521
0.985 6.1087 -5.80122
0.986 6.07629 -5.76783
0.987 6.01776 -5.7152
0.988 5.93331 -5.64354
0.989 5.82323 -5.55315
0.99 5.68793 -5.44439
0.991 5.52792 -5.3177
0.992 5.34378 -5.17357
0.993 5.13623 -5.01259
0.994 4.90606 -4.83538
0.995 4.65415 -4.64264
0.996 4.38147 -4.43513
0.997 4.08909 -4.21366
0.998 3.77814 -3.9791
0.999 3.44982 -3.73236
1 3.10543 -3.47441
