0.001 3.55998e-008 2.82239e-009
0.002 3.22497e-007 2.26632e-008
0.003 1.51331e-006 9.40201e-008
0.004 4.99282e-006 2.75784e-007
0.005 1.31683e-005 6.53758e-007
0.006 2.97494e-005 1.34486e-006
0.007 6.00159e-005 2.50344e-006
0.008 0.000111069 4.33017e-006
0.009 0.000192068 7.08381e-006
0.01 0.000314441 1.10962e-005
0.011 0.000492083 1.67912e-005
0.012 0.00074152 2.47065e-005
0.013 0.00108206 3.55208e-005
0.014 0.00153589 5.00845e-005
0.015 0.00212819 6.94543e-005
0.016 0.00288718 9.49333e-005
0.017 0.00384413 0.000128115
0.018 0.00503337 0.00017093
0.019 0.00649226 0.000225702
0.02 0.0082611 0.000295201
0.021 0.010383 0.000382705
0.022 0.0129039 0.000492067
0.023 0.0158722 0.000627776
0.024 0.0193385 0.000795035
0.025 0.0233557 0.000999825
0.026 0.0279784 0.00124899
0.027 0.033263 0.0015503
0.028 0.0392668 0.00191254
0.029 0.0460481 0.00234558
0.03 0.0536659 0.00286046
0.031 0.0621789 0.00346942
0.032 0.0716458 0.00418606
0.033 0.0821247 0.00502533
0.034 0.093672 0.00600361
0.035 0.106343 0.00713882
0.036 0.120191 0.00845041
0.037 0.135265 0.00995946
0.038 0.151614 0.0116887
0.039 0.169282 0.0136625
0.04 0.188307 0.015907
0.041 0.208725 0.01845
0.042 0.230566 0.0213212
0.043 0.253856 0.0245519
0.044 0.278614 0.0281749
0.045 0.304851 0.0322252
0.046 0.332574 0.0367389
0.047 0.361783 0.041754
0.048 0.392469 0.04731
0.049 0.424615 0.0534477
0.05 0.458199 0.0602093
0.051 0.493187 0.0676382
0.052 0.529539 0.0757789
0.053 0.567205 0.0846768
0.054 0.606129 0.0943781
0.055 0.646243 0.10493
0.056 0.687471 0.116379
0.057 0.729729 0.128773
0.058 0.772925 0.142159
0.059 0.816955 0.156585
0.06 0.861711 0.172097
0.061 0.907073 0.188741
0.062 0.952915 0.206562
0.063 0.999104 0.225604
0.064 1.0455 0.245909
0.065 1.09195 0.267517
0.066 1.1383 0.290467
0.067 1.18439 0.314792
0.068 1.23006 0.340527
0.069 1.27513 0.367701
0.07 1.31944 0.39634
0.071 1.3628 0.426465
0.072 1.40503 0.458097
0.073 1.44595 0.491247
0.074 1.48537 0.525926
0.075 1.52312 0.562138
0.076 1.55901 0.59988
0.077 1.59286 0.639147
0.078 1.62448 0.679925
0.079 1.65371 0.722197
0.08 1.68037 0.765935
0.081 1.70429 0.811109
0.082 1.72532 0.85768
0.083 1.74329 0.905602
0.084 1.75807 0.954823
0.085 1.76951 1.00528
0.086 1.77749 1.05691
0.087 1.78189 1.10964
0.088 1.7826 1.16338
0.089 1.77953 1.21804
0.09 1.77259 1.27352
0.091 1.76172 1.32973
0.092 1.74686 1.38655
0.093 1.72798 1.44385
0.094 1.70504 1.50152
0.095 1.67804 1.55941
0.096 1.64698 1.61739
0.097 1.61189 1.67531
0.098 1.5728 1.73302
0.099 1.52978 1.79035
0.1 1.4829 1.84715
0.101 1.43224 1.90324
0.102 1.37793 1.95844
0.103 1.32007 2.01259
0.104 1.25882 2.06549
0.105 1.19433 2.11697
0.106 1.12678 2.16683
0.107 1.05635 2.21488
0.108 0.983268 2.26094
0.109 0.907741 2.30481
0.11 0.830007 2.3463
0.111 0.750317 2.38522
0.112 0.668934 2.42138
0.113 0.586131 2.45459
0.114 0.502194 2.48466
0.115 0.417419 2.51143
0.116 0.332109 2.5347
0.117 0.246579 2.55431
0.118 0.161145 2.5701
0.119 0.0761337 2.5819
0.12 -0.00812748 2.58957
0.121 -0.0913068 2.59296
0.122 -0.173071 2.59194
0.123 -0.253088 2.58638
0.124 -0.331025 2.57618
0.125 -0.406554 2.56123
0.126 -0.479349 2.54144
0.127 -0.549091 2.51673
0.128 -0.615468 2.48705
0.129 -0.678176 2.45234
0.13 -0.736922 2.41256
0.131 -0.791423 2.3677
0.132 -0.84141 2.31774
0.133 -0.886626 2.2627
0.134 -0.926833 2.20261
0.135 -0.961806 2.13751
0.136 -0.99134 2.06746
0.137 -1.01525 1.99252
0.138 -1.03336 1.91281
0.139 -1.04554 1.82842
0.14 -1.05166 1.73948
0.141 -1.05162 1.64615
0.142 -1.04535 1.54858
0.143 -1.03279 1.44694
0.144 -1.01391 1.34144
0.145 -0.988719 1.23228
0.146 -0.95724 1.11969
0.147 -0.919524 1.00392
0.148 -0.87565 0.885211
0.149 -0.825722 0.763849
0.15 -0.769872 0.640112
0.151 -0.708258 0.514301
0.152 -0.641065 0.386723
0.153 -0.568502 0.257702
0.154 -0.490806 0.127569
0.155 -0.408237 -0.00333607
0.156 -0.321078 -0.134662
0.157 -0.229639 -0.266051
0.158 -0.134248 -0.397142
0.159 -0.0352574 -0.527563
0.16 0.0669617 -0.656944
0.161 0.172019 -0.784908
0.162 0.279507 -0.911078
0.163 0.389 -1.03508
0.164 0.500062 -1.15653
0.165 0.61224 -1.27506
0.166 0.725071 -1.3903
0.167 0.838083 -1.50189
0.168 0.950796 -1.60946
0.169 1.06272 -1.71266
0.17 1.17337 -1.81116
0.171 1.28226 -1.90462
0.172 1.38888 -1.99273
0.173 1.49276 -2.07517
0.174 1.59339 -2.15165
0.175 1.69031 -2.2219
0.176 1.78305 -2.28567
0.177 1.87113 -2.3427
0.178 1.95411 -2.39277
0.179 2.03156 -2.43569
0.18 2.10305 -2.47127
0.181 2.16818 -2.49936
0.182 2.22657 -2.51981
0.183 2.27787 -2.53251
0.184 2.32172 -2.53738
0.185 2.35783 -2.53435
0.186 2.38591 -2.52338
0.187 2.4057 -2.50447
0.188 2.41697 -2.47763
0.189 2.41952 -2.4429
0.19 2.4132 -2.40035
0.191 2.39786 -2.35007
0.192 2.37342 -2.29219
0.193 2.3398 -2.22686
0.194 2.29698 -2.15425
0.195 2.24497 -2.07457
0.196 2.18381 -1.98804
0.197 2.11357 -1.89493
0.198 2.03439 -1.7955
0.199 1.9464 -1.69007
0.2 1.84981 -1.57896
0.201 1.74483 -1.46252
0.202 1.63173 -1.34113
0.203 1.5108 -1.21516
0.204 1.38238 -1.08504
0.205 1.24682 -0.951194
0.206 1.10452 -0.814067
0.207 0.9559 -0.674121
0.208 0.801422 -0.531831
0.209 0.641564 -0.387684
0.21 0.476836 -0.242179
0.211 0.307769 -0.0958231
0.212 0.134918 0.0508699
0.213 -0.0411397 0.197379
0.214 -0.219812 0.343181
0.215 -0.400488 0.48775
0.216 -0.582544 0.630558
0.217 -0.765343 0.771083
0.218 -0.948242 0.908804
0.219 -1.13059 1.0432
0.22 -1.31173 1.17378
0.221 -1.491 1.30002
0.222 -1.66775 1.42146
0.223 -1.84133 1.5376
0.224 -2.01108 1.648
0.225 -2.17638 1.75221
0.226 -2.33658 1.8498
0.227 -2.49109 1.94037
0.228 -2.63931 2.02354
0.229 -2.78065 2.09894
0.23 -2.91457 2.16625
0.231 -3.04053 2.22514
0.232 -3.15802 2.27535
0.233 -3.26657 2.3166
0.234 -3.36573 2.34869
0.235 -3.45509 2.37141
0.236 -3.53427 2.38461
0.237 -3.60292 2.38815
0.238 -3.66073 2.38194
0.239 -3.70745 2.36592
0.24 -3.74285 2.34004
0.241 -3.76673 2.30433
0.242 -3.77896 2.25882
0.243 -3.77945 2.20359
0.244 -3.76813 2.13874
0.245 -3.745 2.06442
0.246 -3.7101 1.98081
0.247 -3.66351 1.88813
0.248 -3.60535 1.7866
0.249 -3.53581 1.67652
0.25 -3.45509 1.5582
0.251 -3.36347 1.43197
0.252 -3.26124 1.29821
0.253 -3.14876 1.15731
0.254 -3.02641 1.0097
0.255 -2.89463 0.855841
0.256 -2.75389 0.696201
0.257 -2.60469 0.531282
0.258 -2.44758 0.361607
0.259 -2.28313 0.187716
0.26 -2.11194 0.0101663
0.261 -1.93466 -0.170467
0.262 -1.75195 -0.353596
0.263 -1.56449 -0.538622
0.264 -1.373 -0.724935
0.265 -1.1782 -0.911921
0.266 -0.980839 -1.09896
0.267 -0.781674 -1.28542
0.268 -0.581475 -1.47068
0.269 -0.381018 -1.65413
0.27 -0.181085 -1.83513
0.271 0.0175435 -2.01308
0.272 0.214085 -2.18737
0.273 0.407765 -2.3574
0.274 0.597815 -2.52261
0.275 0.783477 -2.68241
0.276 0.96401 -2.83626
0.277 1.13869 -2.98363
0.278 1.3068 -3.12402
0.279 1.46767 -3.25693
0.28 1.62065 -3.3819
0.281 1.76509 -3.49851
0.282 1.90041 -3.60634
0.283 2.02604 -3.70501
0.284 2.14145 -3.7942
0.285 2.24617 -3.87357
0.286 2.33973 -3.94286
0.287 2.42174 -4.00182
0.288 2.49183 -4.05025
0.289 2.5497 -4.08797
0.29 2.59507 -4.11485
0.291 2.62773 -4.13081
0.292 2.6475 -4.13577
0.293 2.65429 -4.12973
0.294 2.648 -4.11271
0.295 2.62865 -4.08477
0.296 2.59626 -4.046
0.297 2.55093 -3.99655
0.298 2.4928 -3.9366
0.299 2.42207 -3.86635
0.3 2.33898 -3.78605
0.301 2.24385 -3.696
0.302 2.137 -3.59652
0.303 2.01885 -3.48795
0.304 1.88983 -3.37068
0.305 1.75044 -3.24514
0.306 1.60121 -3.11177
0.307 1.44271 -2.97104
0.308 1.27557 -2.82345
0.309 1.10042 -2.66953
0.31 0.917968 -2.50982
0.311 0.728924 -2.3449
0.312 0.53404 -2.17534
0.313 0.334091 -2.00174
0.314 0.129878 -1.82472
0.315 -0.0777785 -1.64491
0.316 -0.288042 -1.46293
0.317 -0.50006 -1.27942
0.318 -0.712971 -1.09504
0.319 -0.925905 -0.910421
0.32 -1.13799 -0.726209
0.321 -1.34835 -0.543045
0.322 -1.55612 -0.361564
0.323 -1.76043 -0.182393
0.324 -1.96044 -0.00614599
0.325 -2.15529 0.166574
0.326 -2.34418 0.33518
0.327 -2.5263 0.499102
0.328 -2.70087 0.657792
0.329 -2.86714 0.810721
0.33 -3.0244 0.957387
0.331 -3.17195 1.09731
0.332 -3.30916 1.23004
0.333 -3.4354 1.35516
0.334 -3.55011 1.47228
0.335 -3.65276 1.58104
0.336 -3.74288 1.68111
0.337 -3.82003 1.77222
0.338 -3.88384 1.8541
0.339 -3.93398 1.92655
0.34 -3.97018 1.98938
0.341 -3.9922 2.04246
0.342 -3.99991 2.08569
0.343 -3.99317 2.119
0.344 -3.97196 2.14238
0.345 -3.93627 2.15586
0.346 -3.88618 2.15947
0.347 -3.82181 2.15333
0.348 -3.74334 2.13757
0.349 -3.65101 2.11237
0.35 -3.54513 2.07793
0.351 -3.42603 2.0345
0.352 -3.29414 1.98238
0.353 -3.1499 1.92187
0.354 -2.99382 1.85333
0.355 -2.82647 1.77713
0.356 -2.64845 1.6937
0.357 -2.46042 1.60347
0.358 -2.26305 1.50691
0.359 -2.05709 1.4045
0.36 -1.84329 1.29676
0.361 -1.62248 1.18423
0.362 -1.39547 1.06744
0.363 -1.16312 0.946982
0.364 -0.926326 0.823418
0.365 -0.685982 0.697344
0.366 -0.443011 0.569357
0.367 -0.198346 0.440064
0.368 0.0470724 0.310071
0.369 0.292296 0.179989
0.37 0.536375 0.0504247
0.371 0.778363 -0.0780188
0.372 1.01732 -0.204744
0.373 1.25232 -0.329164
0.374 1.48243 -0.450702
0.375 1.70677 -0.568796
0.376 1.92446 -0.682901
0.377 2.13463 -0.792487
0.378 2.33648 -0.89705
0.379 2.5292 -0.996105
0.38 2.71204 -1.08919
0.381 2.88429 -1.17588
0.382 3.04526 -1.25577
0.383 3.19432 -1.32848
0.384 3.33088 -1.39367
0.385 3.45442 -1.45103
0.386 3.56445 -1.50029
0.387 3.66053 -1.54122
0.388 3.7423 -1.5736
0.389 3.80943 -1.59728
0.39 3.86168 -1.61214
0.391 3.89884 -1.61807
0.392 3.92078 -1.61504
0.393 3.92743 -1.60303
0.394 3.91878 -1.58208
0.395 3.89487 -1.55225
0.396 3.85582 -1.51366
0.397 3.80181 -1.46646
0.398 3.73308 -1.41082
0.399 3.64992 -1.34697
0.4 3.5527 -1.27516
0.401 3.44183 -1.1957
0.402 3.3178 -1.10891
0.403 3.18112 -1.01514
0.404 3.03238 -0.914794
0.405 2.87221 -0.808285
0.406 2.7013 -0.696061
0.407 2.52038 -0.578596
0.408 2.33022 -0.456385
0.409 2.13162 -0.329948
0.41 1.92544 -0.19982
0.411 1.71255 -0.0665571
0.412 1.49386 0.0692727
0.413 1.27032 0.207088
0.414 1.04287 0.346299
0.415 0.812496 0.486306
0.416 0.580187 0.626508
0.417 0.346943 0.766301
0.418 0.113771 0.905079
0.419 -0.118322 1.04224
0.42 -0.348328 1.1772
0.421 -0.575248 1.30936
0.422 -0.798093 1.43814
0.423 -1.01589 1.563
0.424 -1.22768 1.68337
0.425 -1.43253 1.79874
0.426 -1.62953 1.9086
0.427 -1.81781 2.01245
0.428 -1.99654 2.10985
0.429 -2.16489 2.20036
0.43 -2.32211 2.28357
0.431 -2.46749 2.35912
0.432 -2.60035 2.42667
0.433 -2.72007 2.4859
0.434 -2.82609 2.53655
0.435 -2.9179 2.57839
0.436 -2.99504 2.61123
0.437 -3.05711 2.63489
0.438 -3.1038 2.64928
0.439 -3.13483 2.6543
0.44 -3.15001 2.64993
0.441 -3.14918 2.63617
0.442 -3.13229 2.61307
0.443 -3.09934 2.58072
0.444 -3.05038 2.53924
0.445 -2.98555 2.4888
0.446 -2.90505 2.42961
0.447 -2.80914 2.36192
0.448 -2.69815 2.28602
0.449 -2.57249 2.20222
0.45 -2.4326 2.1109
0.451 -2.27901 2.01243
0.452 -2.11229 1.90725
0.453 -1.93309 1.79582
0.454 -1.74208 1.67862
0.455 -1.54002 1.55617
0.456 -1.32769 1.429
0.457 -1.10593 1.29768
0.458 -0.875625 1.16279
0.459 -0.637687 1.02493
0.46 -0.393074 0.884724
0.461 -0.142771 0.742797
0.462 0.112209 0.59979
0.463 0.370827 0.456353
0.464 0.632027 0.313138
0.465 0.894738 0.170802
0.466 1.15788 0.0300002
0.467 1.42035 -0.108616
0.468 1.68107 -0.2444
0.469 1.93896 -0.376716
0.47 2.19292 -0.504939
0.471 2.44189 -0.628457
0.472 2.68481 -0.746679
0.473 2.92066 -0.859031
0.474 3.14841 -0.964961
0.475 3.36711 -1.06394
0.476 3.57579 -1.15548
0.477 3.77354 -1.2391
0.478 3.95951 -1.31437
0.479 4.13287 -1.38088
0.48 4.29283 -1.43826
0.481 4.43868 -1.48619
0.482 4.56975 -1.52437
0.483 4.68543 -1.55256
0.484 4.78516 -1.57053
0.485 4.86845 -1.57813
0.486 4.93489 -1.57524
0.487 4.98412 -1.56177
0.488 5.01585 -1.53769
0.489 5.02985 -1.50302
0.49 5.02599 -1.45782
0.491 5.0042 -1.40218
0.492 4.96446 -1.33628
0.493 4.90685 -1.26029
0.494 4.83152 -1.17446
0.495 4.73867 -1.07907
0.496 4.62861 -0.974467
0.497 4.50168 -0.861008
0.498 4.35832 -0.739107
0.499 4.19902 -0.609217
0.5 4.02434 -0.471826
0.501 3.83492 -0.327461
0.502 3.63145 -0.176681
0.503 3.41466 -0.0200759
0.504 3.18537 0.141732
0.505 2.94444 0.308094
0.506 2.69277 0.478338
0.507 2.43131 0.651769
0.508 2.16108 0.827671
0.509 1.88309 1.00531
0.51 1.59843 1.18395
0.511 1.30819 1.36283
0.512 1.01351 1.54118
0.513 0.715526 1.71825
0.514 0.41541 1.89325
0.515 0.11434 2.06542
0.516 -0.186498 2.234
0.517 -0.485916 2.39823
0.518 -0.782727 2.55738
0.519 -1.07575 2.7107
0.52 -1.36382 2.85749
0.521 -1.64579 2.99706
0.522 -1.92053 3.12873
0.523 -2.18692 3.25187
0.524 -2.44391 3.36586
0.525 -2.69044 3.47012
0.526 -2.92553 3.56409
0.527 -3.14821 3.64728
0.528 -3.35758 3.71921
0.529 -3.55278 3.77944
0.53 -3.73301 3.82759
0.531 -3.89753 3.86331
0.532 -4.04566 3.8863
0.533 -4.17677 3.89633
0.534 -4.29031 3.89318
0.535 -4.38582 3.87671
0.536 -4.46287 3.84682
0.537 -4.52114 3.80346
0.538 -4.56036 3.74664
0.539 -4.58035 3.67642
0.54 -4.581 3.59291
0.541 -4.56229 3.49627
0.542 -4.52427 3.38673
0.543 -4.46707 3.26455
0.544 -4.39089 3.13005
0.545 -4.29601 2.9836
0.546 -4.18281 2.82563
0.547 -4.05172 2.65659
0.548 -3.90324 2.477
0.549 -3.73796 2.28741
0.55 -3.55654 2.08843
0.551 -3.35968 1.8807
0.552 -3.14819 1.66488
0.553 -2.92289 1.4417
0.554 -2.68471 1.2119
0.555 -2.43458 0.976252
0.556 -2.17353 0.735559
0.557 -1.90262 0.490649
0.558 -1.62294 0.242368
0.559 -1.33562 -0.0084189
0.56 -1.04186 -0.260832
0.561 -0.742836 -0.51398
0.562 -0.439789 -0.766965
0.563 -0.133963 -1.01888
0.564 0.173381 -1.26883
0.565 0.48097 -1.51591
0.566 0.787528 -1.75923
0.567 1.09178 -1.9979
0.568 1.39246 -2.23105
0.569 1.6883 -2.45782
0.57 1.97806 -2.67738
0.571 2.26052 -2.88893
0.572 2.53449 -3.09167
0.573 2.79879 -3.28485
0.574 3.0523 -3.46775
0.575 3.29393 -3.63968
0.576 3.52264 -3.80001
0.577 3.73742 -3.94811
0.578 3.93734 -4.08343
0.579 4.12151 -4.20546
0.58 4.28912 -4.31372
0.581 4.43939 -4.4078
0.582 4.57164 -4.48733
0.583 4.68525 -4.55201
0.584 4.77966 -4.60157
0.585 4.85442 -4.63581
0.586 4.90912 -4.6546
0.587 4.94345 -4.65784
0.588 4.95718 -4.64551
0.589 4.95015 -4.61764
0.59 4.92229 -4.57433
0.591 4.87363 -4.51572
0.592 4.80427 -4.44202
0.593 4.71437 -4.3535
0.594 4.60422 -4.25047
0.595 4.47415 -4.13332
0.596 4.32459 -4.00248
0.597 4.15606 -3.85843
0.598 3.96914 -3.70172
0.599 3.76448 -3.53291
0.6 3.54282 -3.35266
0.601 3.30497 -3.16162
0.602 3.05179 -2.96054
0.603 2.78422 -2.75015
0.604 2.50325 -2.53127
0.605 2.20993 -2.30471
0.606 1.90536 -2.07135
0.607 1.5907 -1.83205
0.608 1.26713 -1.58775
0.609 0.935895 -1.33937
0.61 0.598248 -1.08785
0.611 0.255488 -0.834164
0.612 -0.0910667 -0.579282
0.613 -0.440081 -0.324181
0.614 -0.790206 -0.0698405
0.615 -1.14008 0.182761
0.616 -1.48836 0.43265
0.617 -1.83367 0.678863
0.618 -2.17467 0.920449
0.619 -2.51003 1.15647
0.62 -2.83844 1.38602
0.621 -3.1586 1.60821
0.622 -3.46926 1.82216
0.623 -3.76919 2.02706
0.624 -4.05721 2.22209
0.625 -4.33217 2.40651
0.626 -4.593 2.57959
0.627 -4.83864 2.74064
0.628 -5.06814 2.88905
0.629 -5.28055 3.02422
0.63 -5.47505 3.14562
0.631 -5.65084 3.25277
0.632 -5.80723 3.34524
0.633 -5.94356 3.42267
0.634 -6.0593 3.48473
0.635 -6.15397 3.53118
0.636 -6.22718 3.56182
0.637 -6.27862 3.57652
0.638 -6.30806 3.57521
0.639 -6.31538 3.55787
0.64 -6.30053 3.52456
0.641 -6.26355 3.4754
0.642 -6.20456 3.41056
0.643 -6.12378 3.33027
0.644 -6.02151 3.23483
0.645 -5.89815 3.12459
0.646 -5.75415 2.99998
0.647 -5.59008 2.86145
0.648 -5.40656 2.70952
0.649 -5.20432 2.54478
0.65 -4.98412 2.36784
0.651 -4.74684 2.17938
0.652 -4.49339 1.98011
0.653 -4.22478 1.77078
0.654 -3.94204 1.55221
0.655 -3.64629 1.32521
0.656 -3.33869 1.09067
0.657 -3.02045 0.849463
0.658 -2.69281 0.602523
0.659 -2.35708 0.350792
0.66 -2.01458 0.0952326
0.661 -1.66664 -0.163177
0.662 -1.31466 -0.423446
0.663 -0.960008 -0.68458
0.664 -0.604097 -0.945578
0.665 -0.248332 -1.20544
0.666 0.105881 -1.46317
0.667 0.457142 -1.71779
0.668 0.80406 -1.96831
0.669 1.14526 -2.21377
0.67 1.4794 -2.45325
0.671 1.80515 -2.68582
0.672 2.12121 -2.91059
0.673 2.42635 -3.1267
0.674 2.71935 -3.33333
0.675 2.99906 -3.52969
0.676 3.26436 -3.71503
0.677 3.51421 -3.88865
0.678 3.74762 -4.04988
0.679 3.96367 -4.19811
0.68 4.16151 -4.33279
0.681 4.34036 -4.4534
0.682 4.49952 -4.55948
0.683 4.63836 -4.65066
0.684 4.75634 -4.72657
0.685 4.85301 -4.78695
0.686 4.928 -4.83157
0.687 4.98101 -4.86027
0.688 5.01186 -4.87296
0.689 5.02044 -4.86961
0.69 5.00673 -4.85024
0.691 4.97081 -4.81493
0.692 4.91284 -4.76385
0.693 4.83307 -4.6972
0.694 4.73185 -4.61526
0.695 4.6096 -4.51835
0.696 4.46684 -4.40687
0.697 4.30417 -4.28125
0.698 4.12226 -4.14201
0.699 3.92188 -3.98968
0.7 3.70384 -3.82487
0.701 3.46907 -3.64823
0.702 3.21852 -3.46045
0.703 2.95324 -3.26226
0.704 2.67432 -3.05444
0.705 2.38292 -2.8378
0.706 2.08025 -2.61318
0.707 1.76754 -2.38146
0.708 1.4461 -2.14352
0.709 1.11726 -1.9003
0.71 0.78237 -1.65272
0.711 0.44282 -1.40175
0.712 0.100014 -1.14834
0.713 -0.244627 -0.893469
0.714 -0.589675 -0.638106
0.715 -0.933701 -0.383226
0.716 -1.27528 -0.129798
0.717 -1.61298 0.121219
0.718 -1.94542 0.368876
0.719 -2.27119 0.612244
0.72 -2.58896 0.850409
0.721 -2.89738 1.08248
0.722 -3.19517 1.30761
0.723 -3.48109 1.52495
0.724 -3.75393 1.73372
0.725 -4.01254 1.93314
0.726 -4.25584 2.12251
0.727 -4.48278 2.30115
0.728 -4.69242 2.46841
0.729 -4.88385 2.62373
0.73 -5.05626 2.76656
0.731 -5.20889 2.89642
0.732 -5.34108 3.01289
0.733 -5.45224 3.1156
0.734 -5.54188 3.20423
0.735 -5.60959 3.27852
0.736 -5.65504 3.33828
0.737 -5.678 3.38338
0.738 -5.67832 3.41373
0.739 -5.65595 3.42932
0.74 -5.61094 3.43019
0.741 -5.54342 3.41646
0.742 -5.45361 3.38829
0.743 -5.34182 3.34589
0.744 -5.20846 3.28957
0.745 -5.05403 3.21965
0.746 -4.87909 3.13652
0.747 -4.6843 3.04065
0.748 -4.47042 2.93253
0.749 -4.23825 2.81271
0.75 -3.98869 2.68178
0.751 -3.72272 2.54039
0.752 -3.44135 2.38923
0.753 -3.14568 2.22901
0.754 -2.83687 2.0605
0.755 -2.51613 1.88449
0.756 -2.18472 1.7018
0.757 -1.84392 1.51328
0.758 -1.4951 1.3198
0.759 -1.13961 1.12225
0.76 -0.778861 0.921528
0.761 -0.414277 0.718563
0.762 -0.0472988 0.514275
0.763 0.320624 0.309591
0.764 0.688035 0.105439
0.765 1.05348 -0.0972548
0.766 1.41551 -0.297575
0.767 1.77269 -0.494617
0.768 2.1236 -0.68749
0.769 2.46686 -0.875323
0.77 2.8011 -1.05727
0.771 3.125 -1.2325
0.772 3.43726 -1.40024
0.773 3.73666 -1.55971
0.774 4.022 -1.7102
0.775 4.29216 -1.85101
0.776 4.54606 -1.98152
0.777 4.7827 -2.10111
0.778 5.00114 -2.20924
0.779 5.20052 -2.30541
0.78 5.38006 -2.38917
0.781 5.53906 -2.46012
0.782 5.67688 -2.51791
0.783 5.79299 -2.56227
0.784 5.88694 -2.59296
0.785 5.95837 -2.60982
0.786 6.00702 -2.61274
0.787 6.0327 -2.60166
0.788 6.03534 -2.5766
0.789 6.01494 -2.53762
0.79 5.97161 -2.48486
0.791 5.90554 -2.4185
0.792 5.81703 -2.3388
0.793 5.70645 -2.24606
0.794 5.57427 -2.14063
0.795 5.42105 -2.02294
0.796 5.24744 -1.89344
0.797 5.05416 -1.75268
0.798 4.84202 -1.6012
0.799 4.6119 -1.43963
0.8 4.36477 -1.26862
0.801 4.10163 -1.08889
0.802 3.8236 -0.901154
0.803 3.53182 -0.706202
0.804 3.22751 -0.504838
0.805 2.91192 -0.297896
0.806 2.58636 -0.0862374
0.807 2.25219 0.129255
0.808 1.91078 0.34768
0.809 1.56355 0.568124
0.81 1.21194 0.78966
0.811 0.857406 1.01136
0.812 0.501422 1.23228
0.813 0.145462 1.45149
0.814 -0.208997 1.66806
0.815 -0.560483 1.88108
0.816 -0.907536 2.08963
0.817 -1.24871 2.29282
0.818 -1.58259 2.48979
0.819 -1.90779 2.67969
0.82 -2.22295 2.86169
0.821 -2.52674 3.03501
0.822 -2.81792 3.1989
0.823 -3.09525 3.35264
0.824 -3.35757 3.49556
0.825 -3.60379 3.62702
0.826 -3.83286 3.74643
0.827 -4.04382 3.85327
0.828 -4.23577 3.94704
0.829 -4.40791 4.02731
0.83 -4.55949 4.09371
0.831 -4.68987 4.14591
0.832 -4.79847 4.18365
0.833 -4.88483 4.20672
0.834 -4.94855 4.21499
0.835 -4.98935 4.20838
0.836 -5.00703 4.18685
0.837 -5.00148 4.15045
0.838 -4.97269 4.09929
0.839 -4.92075 4.03353
0.84 -4.84585 3.95339
0.841 -4.74825 3.85917
0.842 -4.62833 3.75119
0.843 -4.48656 3.62988
0.844 -4.32347 3.49567
0.845 -4.13972 3.3491
0.846 -3.93603 3.19071
0.847 -3.7132 3.02113
0.848 -3.47213 2.84102
0.849 -3.21378 2.65108
0.85 -2.93918 2.45207
0.851 -2.64944 2.24478
0.852 -2.34573 2.03003
0.853 -2.02927 1.80868
0.854 -1.70135 1.58161
0.855 -1.3633 1.34975
0.856 -1.01648 1.11403
0.857 -0.662312 0.875397
0.858 -0.302237 0.634825
0.859 0.0622752 0.393293
0.86 0.429734 0.151784
0.861 0.798634 -0.0887127
0.862 1.16746 -0.327211
0.863 1.5347 -0.562731
0.864 1.89884 -0.7943
0.865 2.25838 -1.02096
0.866 2.61183 -1.24178
0.867 2.95773 -1.45583
0.868 3.29464 -1.66223
0.869 3.62116 -1.8601
0.87 3.93594 -2.04863
0.871 4.23764 -2.22701
0.872 4.52502 -2.39448
0.873 4.79685 -2.55035
0.874 5.05199 -2.69393
0.875 5.28935 -2.82462
0.876 5.50792 -2.94184
0.877 5.70677 -3.04508
0.878 5.88502 -3.13389
0.879 6.0419 -3.20786
0.88 6.17672 -3.26665
0.881 6.28886 -3.31
0.882 6.37781 -3.33767
0.883 6.44315 -3.34951
0.884 6.48454 -3.34545
0.885 6.50176 -3.32545
0.886 6.49466 -3.28956
0.887 6.4632 -3.23788
0.888 6.40745 -3.17059
0.889 6.32756 -3.08792
0.89 6.22378 -2.99017
0.891 6.09646 -2.87771
0.892 5.94605 -2.75095
0.893 5.77309 -2.61038
0.894 5.5782 -2.45654
0.895 5.3621 -2.29003
0.896 5.12559 -2.1115
0.897 4.86956 -1.92165
0.898 4.59499 -1.72122
0.899 4.3029 -1.51103
0.9 3.99442 -1.29189
0.901 3.67072 -1.06469
0.902 3.33304 -0.830352
0.903 2.98269 -0.589806
0.904 2.62102 -0.344032
0.905 2.24942 -0.0940265
0.906 1.86935 0.159191
0.907 1.48227 0.414586
0.908 1.08968 0.67111
0.909 0.693129 0.927707
0.91 0.294152 1.18332
0.911 -0.105691 1.43688
0.912 -0.504836 1.68734
0.913 -0.901721 1.93365
0.914 -1.29479 2.17477
0.915 -1.68251 2.40969
0.916 -2.06335 2.63741
0.917 -2.43582 2.85696
0.918 -2.79845 3.0674
0.919 -3.14983 3.26782
0.92 -3.48857 3.45734
0.921 -3.81334 3.63514
0.922 -4.12286 3.80042
0.923 -4.41592 3.95245
0.924 -4.69136 4.09052
0.925 -4.9481 4.214
0.926 -5.18514 4.32231
0.927 -5.40154 4.41492
0.928 -5.59645 4.49137
0.929 -5.76912 4.55125
0.93 -5.91886 4.59421
0.931 -6.0451 4.62
0.932 -6.14734 4.62839
0.933 -6.22518 4.61926
0.934 -6.27834 4.59252
0.935 -6.30662 4.54818
0.936 -6.30991 4.48629
0.937 -6.28821 4.407
0.938 -6.24164 4.31051
0.939 -6.17038 4.19709
0.94 -6.07474 4.06708
0.941 -5.95511 3.92087
0.942 -5.812 3.75895
0.943 -5.64598 3.58183
0.944 -5.45774 3.39012
0.945 -5.24805 3.18445
0.946 -5.01776 2.96554
0.947 -4.76782 2.73414
0.948 -4.49923 2.49106
0.949 -4.2131 2.23717
0.95 -3.91059 1.97335
0.951 -3.59293 1.70055
0.952 -3.26141 1.41975
0.953 -2.91738 1.13197
0.954 -2.56224 0.838228
0.955 -2.19743 0.539607
0.956 -1.82444 0.23719
0.957 -1.44478 -0.0679183
0.958 -1.06 -0.374602
0.959 -0.671674 -0.681736
0.96 -0.28137 -0.98819
0.961 0.109316 -1.29284
0.962 0.498793 -1.59455
0.963 0.885471 -1.89222
0.964 1.26777 -2.18474
0.965 1.64414 -2.47103
0.966 2.01303 -2.75002
0.967 2.37293 -3.0207
0.968 2.72238 -3.28204
0.969 3.05993 -3.53308
0.97 3.38421 -3.77289
0.971 3.69388 -4.00058
0.972 3.98766 -4.2153
0.973 4.26435 -4.41626
0.974 4.52279 -4.60272
0.975 4.76192 -4.77398
0.976 4.98075 -4.92941
0.977 5.17835 -5.06845
0.978 5.35391 -5.19057
0.979 5.50667 -5.29535
0.98 5.63599 -5.3824
0.981 5.74132 -5.4514
0.982 5.82219 -5.50211
0.983 5.87823 -5.53437
0.984 5.9092 -5.54807
0.985 5.91492 -5.54318
0.986 5.89533 -5.51974
0.987 5.85047 -5.47785
0.988 5.78048 -5.41771
0.989 5.68562 -5.33956
0.99 5.5662 -5.24372
0.991 5.42269 -5.13059
0.992 5.25561 -5.00061
0.993 5.0656 -4.85431
0.994 4.85338 -4.69226
0.995 4.61977 -4.51512
0.996 4.36566 -4.32357
0.997 4.09204 -4.11837
0.998 3.79997 -3.90033
0.999 3.49059 -3.6703
1 3.16509 -3.42919
