0.001 3.34462e-008 2.69743e-009
0.002 3.05314e-007 2.16511e-008
0.003 1.44268e-006 8.97721e-008
0.004 4.78829e-006 2.63139e-007
0.005 1.26916e-005 6.23251e-007
0.006 2.87899e-005 1.28083e-006
0.007 5.82765e-005 2.38162e-006
0.008 0.000108155 4.11451e-006
0.009 0.000187475 6.72247e-006
0.01 0.00030755 1.05165e-005
0.011 0.000482148 1.58929e-005
0.012 0.00072767 2.33544e-005
0.013 0.00106329 3.3535e-005
0.014 0.00151107 4.72284e-005
0.015 0.00209607 6.54217e-005
0.016 0.00284637 8.93321e-005
0.017 0.00379313 0.000120448
0.018 0.0049706 0.000160577
0.019 0.00641603 0.000211891
0.02 0.00816966 0.000276985
0.021 0.0102746 0.000358932
0.022 0.0127766 0.000461342
0.023 0.0157241 0.000588432
0.024 0.0191678 0.000745088
0.025 0.0231606 0.000936934
0.026 0.0277572 0.00117041
0.027 0.033014 0.00145283
0.028 0.0389885 0.00179247
0.029 0.0457391 0.00219865
0.03 0.0533249 0.00268177
0.031 0.0618051 0.00325343
0.032 0.0712384 0.00392645
0.033 0.0816832 0.00471499
0.034 0.0931964 0.00563457
0.035 0.105833 0.00670215
0.036 0.119648 0.0079362
0.037 0.13469 0.00935672
0.038 0.151007 0.0109853
0.039 0.168645 0.0128451
0.04 0.187643 0.014961
0.041 0.208036 0.0173596
0.042 0.229855 0.020069
0.043 0.253127 0.0231191
0.044 0.277869 0.0265414
0.045 0.304096 0.0303691
0.046 0.331814 0.034637
0.047 0.361022 0.0393813
0.048 0.391712 0.0446399
0.049 0.423869 0.0504521
0.05 0.457468 0.0568582
0.051 0.492478 0.0639002
0.052 0.528859 0.0716207
0.053 0.56656 0.0800637
0.054 0.605525 0.0892738
0.055 0.645686 0.0992962
0.056 0.686968 0.110177
0.057 0.729286 0.121961
0.058 0.772546 0.134696
0.059 0.816647 0.148427
0.06 0.861478 0.1632
0.061 0.906919 0.17906
0.062 0.952844 0.19605
0.063 0.999118 0.214215
0.064 1.0456 0.233595
0.065 1.09213 0.25423
0.066 1.13857 0.276158
0.067 1.18475 0.299415
0.068 1.2305 0.324034
0.069 1.27565 0.350045
0.07 1.32002 0.377475
0.071 1.36343 0.406347
0.072 1.40571 0.436681
0.073 1.44667 0.468492
0.074 1.48611 0.501791
0.075 1.52386 0.536586
0.076 1.55974 0.572876
0.077 1.59354 0.610658
0.078 1.62511 0.649923
0.079 1.65424 0.690655
0.08 1.68078 0.732832
0.081 1.70455 0.776428
0.082 1.72539 0.821408
0.083 1.74314 0.867731
0.084 1.75765 0.91535
0.085 1.76878 0.964209
0.086 1.77641 1.01425
0.087 1.7804 1.0654
0.088 1.78066 1.11758
0.089 1.77708 1.17071
0.09 1.76958 1.22471
0.091 1.75809 1.27946
0.092 1.74255 1.33487
0.093 1.72293 1.39083
0.094 1.69918 1.44721
0.095 1.67131 1.50389
0.096 1.63932 1.56074
0.097 1.60323 1.61762
0.098 1.56308 1.67437
0.099 1.51892 1.73086
0.1 1.47083 1.78692
0.101 1.41891 1.8424
0.102 1.36325 1.89712
0.103 1.30399 1.95091
0.104 1.24127 2.00361
0.105 1.17524 2.05503
0.106 1.1061 2.10499
0.107 1.03403 2.15331
0.108 0.959232 2.1998
0.109 0.881944 2.24429
0.11 0.8024 2.28658
0.111 0.720856 2.32648
0.112 0.637578 2.36382
0.113 0.552846 2.3984
0.114 0.46695 2.43006
0.115 0.380191 2.45861
0.116 0.292881 2.48387
0.117 0.205338 2.50569
0.118 0.117888 2.52389
0.119 0.0308638 2.53832
0.12 -0.0553993 2.54882
0.121 -0.140561 2.55526
0.122 -0.224281 2.55749
0.123 -0.306216 2.5554
0.124 -0.386027 2.54886
0.125 -0.463374 2.53777
0.126 -0.537923 2.52204
0.127 -0.609346 2.50159
0.128 -0.67732 2.47633
0.129 -0.741531 2.44622
0.13 -0.801677 2.4112
0.131 -0.857464 2.37126
0.132 -0.908613 2.32637
0.133 -0.954859 2.27654
0.134 -0.99595 2.22177
0.135 -1.03165 2.1621
0.136 -1.06176 2.09757
0.137 -1.08606 2.02825
0.138 -1.10439 1.95421
0.139 -1.11659 1.87555
0.14 -1.12254 1.79238
0.141 -1.12211 1.70483
0.142 -1.11524 1.61304
0.143 -1.10186 1.51717
0.144 -1.08193 1.4174
0.145 -1.05546 1.31392
0.146 -1.02246 1.20694
0.147 -0.982978 1.09668
0.148 -0.937089 0.983374
0.149 -0.884894 0.867282
0.15 -0.826524 0.748667
0.151 -0.762135 0.627806
0.152 -0.69191 0.50499
0.153 -0.61606 0.380521
0.154 -0.534822 0.254712
0.155 -0.448458 0.127886
0.156 -0.357256 0.000373614
0.157 -0.261527 -0.127485
0.158 -0.161607 -0.255343
0.159 -0.0578535 -0.382849
0.16 0.0493558 -0.509646
0.161 0.159622 -0.635373
0.162 0.272528 -0.759668
0.163 0.387641 -0.882166
0.164 0.504509 -1.0025
0.165 0.622669 -1.12032
0.166 0.741645 -1.23525
0.167 0.860951 -1.34694
0.168 0.980092 -1.45504
0.169 1.09856 -1.55921
0.17 1.21586 -1.6591
0.171 1.33148 -1.75439
0.172 1.4449 -1.84477
0.173 1.55561 -1.92992
0.174 1.66312 -2.00956
0.175 1.76691 -2.0834
0.176 1.8665 -2.15119
0.177 1.96141 -2.21266
0.178 2.05115 -2.2676
0.179 2.13528 -2.3158
0.18 2.21336 -2.35705
0.181 2.28495 -2.39119
0.182 2.34965 -2.41807
0.183 2.40708 -2.43756
0.184 2.45689 -2.44955
0.185 2.49873 -2.45397
0.186 2.5323 -2.45075
0.187 2.55732 -2.43987
0.188 2.57354 -2.42131
0.189 2.58074 -2.39509
0.19 2.57875 -2.36126
0.191 2.5674 -2.31989
0.192 2.54658 -2.27107
0.193 2.5162 -2.21492
0.194 2.47623 -2.15158
0.195 2.42665 -2.08124
0.196 2.3675 -2.00409
0.197 2.29883 -1.92035
0.198 2.22076 -1.83028
0.199 2.13342 -1.73413
0.2 2.037 -1.6322
0.201 1.93171 -1.52482
0.202 1.81781 -1.41232
0.203 1.69558 -1.29506
0.204 1.56536 -1.17341
0.205 1.4275 -1.04778
0.206 1.2824 -0.918575
0.207 1.13048 -0.786226
0.208 0.972204 -0.651178
0.209 0.808056 -0.513889
0.21 0.638551 -0.374827
0.211 0.464231 -0.234472
0.212 0.285661 -0.0933103
0.213 0.103429 0.0481621
0.214 -0.0818578 0.189446
0.215 -0.269573 0.330039
0.216 -0.459075 0.469435
0.217 -0.64971 0.60713
0.218 -0.840811 0.74262
0.219 -1.03171 0.875407
0.22 -1.22171 1.005
0.221 -1.41015 1.1309
0.222 -1.59633 1.25264
0.223 -1.77958 1.36976
0.224 -1.95922 1.48179
0.225 -2.13458 1.58829
0.226 -2.30501 1.68885
0.227 -2.46985 1.78306
0.228 -2.62848 1.87052
0.229 -2.78029 1.95088
0.23 -2.92469 2.02378
0.231 -3.06111 2.08891
0.232 -3.18901 2.14598
0.233 -3.30787 2.1947
0.234 -3.41722 2.23484
0.235 -3.5166 2.26618
0.236 -3.6056 2.28854
0.237 -3.68384 2.30177
0.238 -3.75098 2.30574
0.239 -3.80671 2.30035
0.24 -3.85078 2.28555
0.241 -3.88297 2.26132
0.242 -3.90311 2.22765
0.243 -3.91107 2.18458
0.244 -3.90676 2.1322
0.245 -3.89015 2.07059
0.246 -3.86125 1.99991
0.247 -3.82011 1.92031
0.248 -3.76685 1.83201
0.249 -3.70161 1.73523
0.25 -3.62459 1.63025
0.251 -3.53604 1.51736
0.252 -3.43624 1.39688
0.253 -3.32554 1.26917
0.254 -3.2043 1.1346
0.255 -3.07297 0.993597
0.256 -2.93199 0.846578
0.257 -2.78186 0.694001
0.258 -2.62314 0.536344
0.259 -2.4564 0.374102
0.26 -2.28225 0.207792
0.261 -2.10132 0.0379454
0.262 -1.9143 -0.134891
0.263 -1.72189 -0.310156
0.264 -1.5248 -0.487281
0.265 -1.32378 -0.665684
0.266 -1.11959 -0.84478
0.267 -0.913022 -1.02398
0.268 -0.704861 -1.20268
0.269 -0.495909 -1.38029
0.27 -0.286978 -1.55622
0.271 -0.0788793 -1.72988
0.272 0.127573 -1.90069
0.273 0.33157 -2.06807
0.274 0.532306 -2.23144
0.275 0.728986 -2.39028
0.276 0.920828 -2.54402
0.277 1.10707 -2.69215
0.278 1.28695 -2.83417
0.279 1.45976 -2.96959
0.28 1.62478 -3.09795
0.281 1.78136 -3.2188
0.282 1.92884 -3.33175
0.283 2.06661 -3.4364
0.284 2.19411 -3.53239
0.285 2.31079 -3.6194
0.286 2.41616 -3.69713
0.287 2.50978 -3.76532
0.288 2.59124 -3.82372
0.289 2.66017 -3.87216
0.29 2.71626 -3.91046
0.291 2.75926 -3.9385
0.292 2.78895 -3.95619
0.293 2.80518 -3.96347
0.294 2.80784 -3.96034
0.295 2.79688 -3.9468
0.296 2.7723 -3.92292
0.297 2.73417 -3.88878
0.298 2.68259 -3.84453
0.299 2.61773 -3.79033
0.3 2.53981 -3.72637
0.301 2.4491 -3.6529
0.302 2.34594 -3.57018
0.303 2.23069 -3.47852
0.304 2.10379 -3.37825
0.305 1.96571 -3.26975
0.306 1.81698 -3.15339
0.307 1.65815 -3.02961
0.308 1.48985 -2.89886
0.309 1.31273 -2.7616
0.31 1.12746 -2.61833
0.311 0.934785 -2.46957
0.312 0.735454 -2.31586
0.313 0.530255 -2.15774
0.314 0.320002 -1.99578
0.315 0.105534 -1.83056
0.316 -0.112292 -1.66267
0.317 -0.332599 -1.49271
0.318 -0.5545 -1.32128
0.319 -0.777095 -1.14899
0.32 -0.999479 -0.976448
0.321 -1.22074 -0.804258
0.322 -1.43998 -0.633025
0.323 -1.65629 -0.463347
0.324 -1.86878 -0.295814
0.325 -2.07656 -0.131004
0.326 -2.27876 0.0305142
0.327 -2.47454 0.18819
0.328 -2.66307 0.341487
0.329 -2.84355 0.489891
0.33 -3.0152 0.632904
0.331 -3.1773 0.770056
0.332 -3.32913 0.900897
0.333 -3.47003 1.02501
0.334 -3.59938 1.14199
0.335 -3.7166 1.25149
0.336 -3.82115 1.35316
0.337 -3.91255 1.44671
0.338 -3.99036 1.53187
0.339 -4.05421 1.60841
0.34 -4.10377 1.67612
0.341 -4.13877 1.73485
0.342 -4.15899 1.78447
0.343 -4.16429 1.8249
0.344 -4.15456 1.85607
0.345 -4.12977 1.87797
0.346 -4.08995 1.89064
0.347 -4.03519 1.89412
0.348 -3.96562 1.88852
0.349 -3.88146 1.87397
0.35 -3.78297 1.85065
0.351 -3.67047 1.81874
0.352 -3.54435 1.77851
0.353 -3.40504 1.73021
0.354 -3.25303 1.67415
0.355 -3.08886 1.61068
0.356 -2.91313 1.54014
0.357 -2.72648 1.46295
0.358 -2.5296 1.3795
0.359 -2.32321 1.29026
0.36 -2.1081 1.19568
0.361 -1.88507 1.09625
0.362 -1.65495 0.992482
0.363 -1.41863 0.884889
0.364 -1.17701 0.774012
0.365 -0.931009 0.660398
0.366 -0.681573 0.544605
0.367 -0.429663 0.427199
0.368 -0.176254 0.308751
0.369 0.0776726 0.189834
0.37 0.331129 0.0710209
0.371 0.583129 -0.0471156
0.372 0.832686 -0.164009
0.373 1.07883 -0.279098
0.374 1.32058 -0.391832
0.375 1.55701 -0.501672
0.376 1.78716 -0.608092
0.377 2.01015 -0.710582
0.378 2.22509 -0.80865
0.379 2.43113 -0.901825
0.38 2.62744 -0.989657
0.381 2.81327 -1.07172
0.382 2.98786 -1.14762
0.383 3.15053 -1.21698
0.384 3.30062 -1.27946
0.385 3.43755 -1.33474
0.386 3.56077 -1.38255
0.387 3.66979 -1.42265
0.388 3.76417 -1.45481
0.389 3.84355 -1.47886
0.39 3.90761 -1.49466
0.391 3.9561 -1.5021
0.392 3.98884 -1.50112
0.393 4.00569 -1.49169
0.394 4.0066 -1.47381
0.395 3.99159 -1.44752
0.396 3.96071 -1.41292
0.397 3.9141 -1.37011
0.398 3.85198 -1.31926
0.399 3.7746 -1.26055
0.4 3.68229 -1.19421
0.401 3.57546 -1.1205
0.402 3.45454 -1.03972
0.403 3.32006 -0.952183
0.404 3.17258 -0.858258
0.405 3.01273 -0.758325
0.406 2.84118 -0.652797
0.407 2.65866 -0.542113
0.408 2.46594 -0.426734
0.409 2.26385 -0.307146
0.41 2.05324 -0.183852
0.411 1.83501 -0.0573742
0.412 1.61009 0.0717499
0.413 1.37943 0.20297
0.414 1.14403 0.335724
0.415 0.904896 0.469442
0.416 0.66305 0.603549
0.417 0.419534 0.737464
0.418 0.175399 0.870608
0.419 -0.068298 1.0024
0.42 -0.310502 1.13227
0.421 -0.550158 1.25964
0.422 -0.786222 1.38396
0.423 -1.01766 1.50468
0.424 -1.24345 1.62125
0.425 -1.4626 1.73318
0.426 -1.67415 1.83995
0.427 -1.87713 1.94109
0.428 -2.07065 2.03613
0.429 -2.25383 2.12466
0.43 -2.42584 2.20626
0.431 -2.58589 2.28056
0.432 -2.73323 2.34721
0.433 -2.86719 2.40591
0.434 -2.98711 2.45637
0.435 -3.09243 2.49834
0.436 -3.18262 2.53162
0.437 -3.25722 2.55604
0.438 -3.31583 2.57147
0.439 -3.35812 2.5778
0.44 -3.38384 2.57498
0.441 -3.39278 2.56301
0.442 -3.38482 2.54189
0.443 -3.35991 2.5117
0.444 -3.31806 2.47254
0.445 -3.25935 2.42456
0.446 -3.18394 2.36793
0.447 -3.09207 2.30289
0.448 -2.98403 2.22968
0.449 -2.86017 2.14861
0.45 -2.72095 2.06001
0.451 -2.56685 1.96425
0.452 -2.39843 1.86172
0.453 -2.21634 1.75285
0.454 -2.02124 1.63812
0.455 -1.81388 1.518
0.456 -1.59506 1.39303
0.457 -1.36562 1.26372
0.458 -1.12646 1.13065
0.459 -0.878516 0.994403
0.46 -0.622772 0.85557
0.461 -0.360243 0.714768
0.462 -0.0919782 0.57262
0.463 0.180945 0.429764
0.464 0.457425 0.28684
0.465 0.736339 0.144495
0.466 1.01655 0.00337734
0.467 1.29691 -0.135867
0.468 1.57627 -0.272597
0.469 1.85348 -0.406174
0.47 2.12737 -0.535975
0.471 2.39681 -0.661384
0.472 2.66068 -0.781802
0.473 2.91785 -0.896649
0.474 3.16724 -1.00536
0.475 3.40778 -1.1074
0.476 3.63845 -1.20226
0.477 3.85825 -1.28944
0.478 4.06622 -1.3685
0.479 4.26145 -1.439
0.48 4.44308 -1.50056
0.481 4.61029 -1.55282
0.482 4.76233 -1.59546
0.483 4.8985 -1.6282
0.484 5.01816 -1.6508
0.485 5.12074 -1.66306
0.486 5.20573 -1.66484
0.487 5.2727 -1.65602
0.488 5.32127 -1.63652
0.489 5.35116 -1.60634
0.49 5.36214 -1.56548
0.491 5.35409 -1.51403
0.492 5.32692 -1.45209
0.493 5.28065 -1.37983
0.494 5.21536 -1.29745
0.495 5.13123 -1.20519
0.496 5.0285 -1.10336
0.497 4.90748 -0.992282
0.498 4.76856 -0.87234
0.499 4.61222 -0.74395
0.5 4.439 -0.607569
0.501 4.24949 -0.463691
0.502 4.04439 -0.312847
0.503 3.82443 -0.155599
0.504 3.59042 0.00745659
0.505 3.34322 0.175696
0.506 3.08376 0.348466
0.507 2.81301 0.525093
0.508 2.53199 0.704877
0.509 2.24177 0.887102
0.51 1.94347 1.07103
0.511 1.63822 1.25592
0.512 1.32721 1.44101
0.513 1.01164 1.62554
0.514 0.692738 1.80873
0.515 0.371749 1.98982
0.516 0.0499313 2.16803
0.517 -0.27145 2.34259
0.518 -0.591125 2.51276
0.519 -0.907831 2.67778
0.52 -1.22031 2.83692
0.521 -1.52731 2.98946
0.522 -1.82762 3.13472
0.523 -2.12002 3.27202
0.524 -2.40335 3.4007
0.525 -2.67645 3.52016
0.526 -2.93822 3.6298
0.527 -3.18761 3.72908
0.528 -3.42358 3.81747
0.529 -3.64519 3.8945
0.53 -3.85151 3.95973
0.531 -4.04169 4.01277
0.532 -4.21494 4.05325
0.533 -4.37055 4.08089
0.534 -4.50785 4.09542
0.535 -4.62626 4.09664
0.536 -4.72527 4.08438
0.537 -4.80446 4.05854
0.538 -4.86345 4.01907
0.539 -4.90199 3.96595
0.54 -4.91989 3.89925
0.541 -4.91702 3.81906
0.542 -4.89337 3.72553
0.543 -4.84899 3.61889
0.544 -4.78403 3.49937
0.545 -4.69872 3.3673
0.546 -4.59335 3.22303
0.547 -4.46832 3.06697
0.548 -4.3241 2.89958
0.549 -4.16124 2.72136
0.55 -3.98037 2.53286
0.551 -3.78219 2.33466
0.552 -3.56746 2.1274
0.553 -3.33703 1.91175
0.554 -3.09182 1.6884
0.555 -2.83278 1.4581
0.556 -2.56095 1.22161
0.557 -2.27741 0.979737
0.558 -1.98329 0.733289
0.559 -1.67978 0.483111
0.56 -1.3681 0.230065
0.561 -1.04949 -0.0249745
0.562 -0.725265 -0.28112
0.563 -0.396726 -0.537474
0.564 -0.0652145 -0.793136
0.565 0.267916 -1.0472
0.566 0.601302 -1.29877
0.567 0.933573 -1.54695
0.568 1.26336 -1.79085
0.569 1.5893 -2.02959
0.57 1.91004 -2.26231
0.571 2.22425 -2.48818
0.572 2.53061 -2.70637
0.573 2.82784 -2.9161
0.574 3.11468 -3.1166
0.575 3.38992 -3.30713
0.576 3.6524 -3.48699
0.577 3.90097 -3.65554
0.578 4.13459 -3.81214
0.579 4.35222 -3.95622
0.58 4.55291 -4.08725
0.581 4.73579 -4.20474
0.582 4.90002 -4.30826
0.583 5.04486 -4.39741
0.584 5.16963 -4.47188
0.585 5.27376 -4.53137
0.586 5.35671 -4.57567
0.587 5.41807 -4.60461
0.588 5.45748 -4.61809
0.589 5.4747 -4.61604
0.59 5.46954 -4.59848
0.591 5.44194 -4.56547
0.592 5.3919 -4.51714
0.593 5.31951 -4.45366
0.594 5.22497 -4.37529
0.595 5.10856 -4.2823
0.596 4.97063 -4.17505
0.597 4.81164 -4.05395
0.598 4.63214 -3.91945
0.599 4.43273 -3.77207
0.6 4.21411 -3.61236
0.601 3.97708 -3.44093
0.602 3.72248 -3.25843
0.603 3.45125 -3.06555
0.604 3.16437 -2.86303
0.605 2.86291 -2.65165
0.606 2.548 -2.4322
0.607 2.2208 -2.20552
0.608 1.88255 -1.97249
0.609 1.53452 -1.73399
0.61 1.17804 -1.49094
0.611 0.814464 -1.24426
0.612 0.445173 -0.994913
0.613 0.0715826 -0.743842
0.614 -0.304873 -0.492015
0.615 -0.682746 -0.240402
0.616 -1.06058 0.0100309
0.617 -1.43691 0.258319
0.618 -1.81028 0.503504
0.619 -2.17924 0.744643
0.62 -2.54236 0.980804
0.621 -2.89822 1.21108
0.622 -3.24543 1.43457
0.623 -3.58264 1.65041
0.624 -3.90852 1.85778
0.625 -4.22178 2.05586
0.626 -4.52121 2.2439
0.627 -4.80562 2.42115
0.628 -5.07389 2.58692
0.629 -5.32496 2.74059
0.63 -5.55783 2.88154
0.631 -5.77158 3.00922
0.632 -5.96535 3.12315
0.633 -6.13839 3.22286
0.634 -6.28998 3.30797
0.635 -6.41953 3.37815
0.636 -6.5265 3.43312
0.637 -6.61048 3.47265
0.638 -6.67111 3.49659
0.639 -6.70813 3.50485
0.64 -6.7214 3.49737
0.641 -6.71084 3.47418
0.642 -6.67649 3.43538
0.643 -6.61846 3.38109
0.644 -6.53698 3.31153
0.645 -6.43235 3.22695
0.646 -6.30497 3.12768
0.647 -6.15533 3.01409
0.648 -5.98402 2.88663
0.649 -5.7917 2.74577
0.65 -5.57912 2.59205
0.651 -5.34712 2.42607
0.652 -5.0966 2.24846
0.653 -4.82855 2.0599
0.654 -4.54402 1.86111
0.655 -4.24413 1.65287
0.656 -3.93006 1.43597
0.657 -3.60305 1.21124
0.658 -3.2644 0.979544
0.659 -2.91543 0.741782
0.66 -2.55754 0.498863
0.661 -2.19214 0.251723
0.662 -1.82067 0.00131203
0.663 -1.44462 -0.251407
0.664 -1.06546 -0.505463
0.665 -0.684707 -0.759879
0.666 -0.303871 -1.01368
0.667 0.0755349 -1.26588
0.668 0.452003 -1.51553
0.669 0.824038 -1.76165
0.67 1.19016 -2.00332
0.671 1.54891 -2.23959
0.672 1.89886 -2.46958
0.673 2.23862 -2.69239
0.674 2.56684 -2.90717
0.675 2.8822 -3.11312
0.676 3.18346 -3.30944
0.677 3.46942 -3.49539
0.678 3.73893 -3.67026
0.679 3.99092 -3.83339
0.68 4.22439 -3.98417
0.681 4.43841 -4.12202
0.682 4.63214 -4.24645
0.683 4.80479 -4.35697
0.684 4.95569 -4.45319
0.685 5.08425 -4.53475
0.686 5.18994 -4.60136
0.687 5.27237 -4.65278
0.688 5.3312 -4.68885
0.689 5.36622 -4.70943
0.69 5.37729 -4.71448
0.691 5.36438 -4.70401
0.692 5.32756 -4.67808
0.693 5.26698 -4.63681
0.694 5.1829 -4.5804
0.695 5.07568 -4.50909
0.696 4.94577 -4.42319
0.697 4.7937 -4.32306
0.698 4.62011 -4.2091
0.699 4.4257 -4.0818
0.7 4.21129 -3.94167
0.701 3.97775 -3.78929
0.702 3.72605 -3.62526
0.703 3.45723 -3.45026
0.704 3.1724 -3.26499
0.705 2.87272 -3.07019
0.706 2.55942 -2.86663
0.707 2.23381 -2.65514
0.708 1.89722 -2.43656
0.709 1.55105 -2.21174
0.71 1.1967 -1.98158
0.711 0.835658 -1.74699
0.712 0.469402 -1.5089
0.713 0.0994475 -1.26823
0.714 -0.272676 -1.02594
0.715 -0.64543 -0.782968
0.716 -1.01727 -0.540263
0.717 -1.38666 -0.298769
0.718 -1.75205 -0.0594221
0.719 -2.11195 0.176852
0.72 -2.46484 0.409145
0.721 -2.80926 0.636564
0.722 -3.14377 0.858242
0.723 -3.46697 1.07334
0.724 -3.77751 1.28103
0.725 -4.07408 1.48055
0.726 -4.35544 1.67114
0.727 -4.6204 1.8521
0.728 -4.86784 2.02276
0.729 -5.0967 2.18251
0.73 -5.306 2.33076
0.731 -5.49485 2.46699
0.732 -5.66243 2.59074
0.733 -5.808 2.70156
0.734 -5.93092 2.79911
0.735 -6.03064 2.88306
0.736 -6.1067 2.95316
0.737 -6.15874 3.00922
0.738 -6.18648 3.0511
0.739 -6.18977 3.07873
0.74 -6.16853 3.09207
0.741 -6.12279 3.09119
0.742 -6.05268 3.07617
0.743 -5.95844 3.04718
0.744 -5.84038 3.00443
0.745 -5.69894 2.94821
0.746 -5.53462 2.87885
0.747 -5.34805 2.79672
0.748 -5.13992 2.70228
0.749 -4.91104 2.596
0.75 -4.66226 2.47844
0.751 -4.39455 2.35018
0.752 -4.10896 2.21185
0.753 -3.80657 2.06412
0.754 -3.48858 1.9077
0.755 -3.15623 1.74335
0.756 -2.81082 1.57184
0.757 -2.4537 1.39398
0.758 -2.08628 1.21061
0.759 -1.71002 1.02258
0.76 -1.32638 0.83078
0.761 -0.936902 0.636094
0.762 -0.543116 0.439429
0.763 -0.146585 0.241696
0.764 0.251117 0.0438118
0.765 0.648409 -0.153308
0.766 1.04371 -0.348751
0.767 1.43545 -0.541611
0.768 1.82207 -0.730997
0.769 2.20202 -0.916028
0.77 2.57379 -1.09585
0.771 2.93589 -1.26961
0.772 3.28689 -1.43652
0.773 3.62537 -1.59578
0.774 3.94999 -1.74665
0.775 4.25945 -1.88841
0.776 4.5525 -2.02039
0.777 4.82798 -2.14196
0.778 5.08478 -2.25252
0.779 5.32189 -2.35154
0.78 5.53834 -2.43852
0.781 5.73328 -2.51302
0.782 5.90592 -2.57465
0.783 6.05559 -2.62309
0.784 6.18167 -2.65805
0.785 6.28367 -2.67931
0.786 6.3612 -2.68672
0.787 6.41393 -2.68017
0.788 6.44167 -2.65962
0.789 6.44433 -2.62509
0.79 6.42188 -2.57666
0.791 6.37445 -2.51447
0.792 6.30222 -2.43871
0.793 6.20551 -2.34965
0.794 6.08472 -2.24759
0.795 5.94034 -2.13291
0.796 5.77299 -2.00603
0.797 5.58334 -1.86743
0.798 5.37219 -1.71764
0.799 5.14041 -1.55725
0.8 4.88895 -1.38687
0.801 4.61885 -1.20717
0.802 4.33123 -1.01888
0.803 4.02727 -0.822735
0.804 3.70822 -0.619527
0.805 3.37541 -0.410076
0.806 3.03021 -0.195228
0.807 2.67404 0.0241432
0.808 2.30837 0.247141
0.809 1.93473 0.472851
0.81 1.55464 0.700346
0.811 1.1697 0.928686
0.812 0.781487 1.15692
0.813 0.391618 1.38411
0.814 0.00171078 1.6093
0.815 -0.386615 1.83155
0.816 -0.771744 2.04993
0.817 -1.15207 2.26351
0.818 -1.52601 2.47138
0.819 -1.89201 2.67267
0.82 -2.24852 2.86652
0.821 -2.59407 3.05209
0.822 -2.92719 3.22858
0.823 -3.24649 3.39523
0.824 -3.55061 3.5513
0.825 -3.83828 3.69612
0.826 -4.10828 3.82903
0.827 -4.35945 3.94945
0.828 -4.59072 4.05683
0.829 -4.8011 4.15066
0.83 -4.98968 4.23052
0.831 -5.15564 4.29602
0.832 -5.29824 4.34682
0.833 -5.41686 4.38267
0.834 -5.51095 4.40335
0.835 -5.58008 4.40872
0.836 -5.62391 4.3987
0.837 -5.6422 4.37327
0.838 -5.63483 4.33246
0.839 -5.60178 4.27639
0.84 -5.54311 4.20522
0.841 -5.45902 4.11919
0.842 -5.3498 4.01858
0.843 -5.21583 3.90375
0.844 -5.05762 3.77512
0.845 -4.87575 3.63314
0.846 -4.67093 3.47835
0.847 -4.44393 3.31133
0.848 -4.19563 3.13271
0.849 -3.92701 2.94317
0.85 -3.63911 2.74344
0.851 -3.33307 2.53429
0.852 -3.0101 2.31653
0.853 -2.67147 2.09101
0.854 -2.31853 1.85862
0.855 -1.95269 1.62027
0.856 -1.57541 1.3769
0.857 -1.1882 1.12949
0.858 -0.79262 0.879012
0.859 -0.39026 0.62647
0.86 0.0172564 0.372877
0.861 0.428283 0.119252
0.862 0.841156 -0.133379
0.863 1.2542 -0.383996
0.864 1.66573 -0.63158
0.865 2.07408 -0.875123
0.866 2.47757 -1.11363
0.867 2.87456 -1.34612
0.868 3.26341 -1.57164
0.869 3.64253 -1.78926
0.87 4.01036 -1.99807
0.871 4.36537 -2.19721
0.872 4.70609 -2.38584
0.873 5.03111 -2.56316
0.874 5.33906 -2.72843
0.875 5.62867 -2.88095
0.876 5.8987 -3.02005
0.877 6.14802 -3.14514
0.878 6.37556 -3.25567
0.879 6.58035 -3.35115
0.88 6.7615 -3.43114
0.881 6.91822 -3.49528
0.882 7.0498 -3.54326
0.883 7.15566 -3.57483
0.884 7.23529 -3.58982
0.885 7.2883 -3.58811
0.886 7.31441 -3.56966
0.887 7.31344 -3.5345
0.888 7.28533 -3.4827
0.889 7.23009 -3.41444
0.89 7.1479 -3.32992
0.891 7.03899 -3.22945
0.892 6.90373 -3.11338
0.893 6.74259 -2.98212
0.894 6.55614 -2.83616
0.895 6.34506 -2.67604
0.896 6.11012 -2.50235
0.897 5.85218 -2.31577
0.898 5.57222 -2.11699
0.899 5.27128 -1.90678
0.9 4.9505 -1.68595
0.901 4.61111 -1.45535
0.902 4.25439 -1.21588
0.903 3.88171 -0.968489
0.904 3.4945 -0.714133
0.905 3.09426 -0.453818
0.906 2.68252 -0.188573
0.907 2.26089 0.0805477
0.908 1.83099 0.352474
0.909 1.39449 0.626119
0.91 0.953094 0.900385
0.911 0.508518 1.17417
0.912 0.0624962 1.44637
0.913 -0.38323 1.71588
0.914 -0.826918 1.9816
0.915 -1.26683 2.24245
0.916 -1.70125 2.49736
0.917 -2.12846 2.74528
0.918 -2.5468 2.98519
0.919 -2.95463 3.21608
0.92 -3.35033 3.43699
0.921 -3.73235 3.647
0.922 -4.09919 3.84521
0.923 -4.44941 4.03077
0.924 -4.78163 4.20289
0.925 -5.09455 4.36082
0.926 -5.38692 4.50385
0.927 -5.6576 4.63135
0.928 -5.90552 4.74274
0.929 -6.1297 4.8375
0.93 -6.32927 4.91516
0.931 -6.50344 4.97534
0.932 -6.65152 5.0177
0.933 -6.77294 5.042
0.934 -6.86721 5.04804
0.935 -6.93398 5.0357
0.936 -6.97299 5.00494
0.937 -6.98409 4.95578
0.938 -6.96724 4.88831
0.939 -6.92253 4.80271
0.94 -6.85013 4.6992
0.941 -6.75035 4.5781
0.942 -6.6236 4.43978
0.943 -6.47039 4.28467
0.944 -6.29135 4.1133
0.945 -6.0872 3.92623
0.946 -5.85876 3.72409
0.947 -5.60697 3.50758
0.948 -5.33284 3.27745
0.949 -5.03748 3.03449
0.95 -4.72209 2.77957
0.951 -4.38793 2.51358
0.952 -4.03636 2.23747
0.953 -3.66881 1.95223
0.954 -3.28675 1.65887
0.955 -2.89174 1.35846
0.956 -2.48536 1.05208
0.957 -2.06927 0.740834
0.958 -1.64516 0.425854
0.959 -1.21473 0.108285
0.96 -0.779731 -0.210717
0.961 -0.341931 -0.52999
0.962 0.0968971 -0.848366
0.963 0.534972 -1.16468
0.964 0.970515 -1.47779
0.965 1.40175 -1.78653
0.966 1.82694 -2.08977
0.967 2.24433 -2.38642
0.968 2.65224 -2.67538
0.969 3.04899 -2.9556
0.97 3.43297 -3.22604
0.971 3.80261 -3.48573
0.972 4.15638 -3.73372
0.973 4.49285 -3.9691
0.974 4.81063 -4.19102
0.975 5.1084 -4.39867
0.976 5.38495 -4.59131
0.977 5.63911 -4.76824
0.978 5.86984 -4.92883
0.979 6.07618 -5.07252
0.98 6.25725 -5.19878
0.981 6.41229 -5.3072
0.982 6.54064 -5.39739
0.983 6.64174 -5.46906
0.984 6.71515 -5.52198
0.985 6.76052 -5.55599
0.986 6.77764 -5.571
0.987 6.76638 -5.567
0.988 6.72676 -5.54406
0.989 6.65889 -5.50231
0.99 6.563 -5.44195
0.991 6.43942 -5.36326
0.992 6.28862 -5.26659
0.993 6.11114 -5.15235
0.994 5.90766 -5.02102
0.995 5.67895 -4.87316
0.996 5.42588 -4.70938
0.997 5.14942 -4.53035
0.998 4.85065 -4.3368
0.999 4.53071 -4.12951
1 4.19085 -3.90932
