0.001 3.38426e-008 2.52767e-009
0.002 3.08479e-007 2.03008e-008
0.003 1.4557e-006 8.42494e-008
0.004 4.82606e-006 2.47263e-007
0.005 1.27798e-005 5.8663e-007
0.006 2.89677e-005 1.20814e-006
0.007 5.85995e-005 2.25226e-006
0.008 0.000108698 3.9029e-006
0.009 0.000188333 6.39898e-006
0.01 0.00030884 1.00493e-005
0.011 0.000484015 1.52511e-005
0.012 0.000730283 2.2512e-005
0.013 0.00106685 3.24768e-005
0.014 0.0015158 4.59577e-005
0.015 0.00210221 6.39693e-005
0.016 0.00285422 8.7768e-005
0.017 0.00380301 0.000118896
0.018 0.00498283 0.000159229
0.019 0.00643099 0.000211029
0.02 0.00818774 0.000277002
0.021 0.0102962 0.000360356
0.022 0.0128022 0.000464868
0.023 0.0157542 0.00059495
0.024 0.0192028 0.000755719
0.025 0.0232011 0.000953071
0.026 0.0278037 0.00119376
0.027 0.033067 0.00148545
0.028 0.0390486 0.00183684
0.029 0.0458069 0.0022577
0.03 0.053401 0.00275895
0.031 0.06189 0.00335276
0.032 0.0713329 0.0040526
0.033 0.0817877 0.00487332
0.034 0.0933117 0.00583122
0.035 0.10596 0.0069441
0.036 0.119786 0.00823133
0.037 0.134841 0.00971389
0.038 0.151173 0.0114144
0.039 0.168825 0.0133572
0.04 0.187837 0.0155684
0.041 0.208247 0.0180758
0.042 0.230083 0.0209088
0.043 0.253373 0.0240988
0.044 0.278134 0.0276787
0.045 0.304382 0.0316834
0.046 0.332121 0.0361491
0.047 0.361352 0.0411137
0.048 0.392067 0.0466169
0.049 0.424251 0.0526995
0.05 0.457879 0.0594039
0.051 0.492921 0.0667735
0.052 0.529335 0.0748531
0.053 0.567074 0.0836882
0.054 0.606078 0.0933254
0.055 0.646283 0.103812
0.056 0.687613 0.115194
0.057 0.729983 0.127521
0.058 0.773301 0.140841
0.059 0.817465 0.155199
0.06 0.862365 0.170645
0.061 0.907882 0.187224
0.062 0.95389 0.204982
0.063 1.00025 0.223962
0.064 1.04683 0.244208
0.065 1.09348 0.26576
0.066 1.14004 0.288656
0.067 1.18635 0.312934
0.068 1.23224 0.338626
0.069 1.27755 0.365763
0.07 1.32209 0.394371
0.071 1.36569 0.424473
0.072 1.40818 0.456088
0.073 1.44935 0.489232
0.074 1.48904 0.523913
0.075 1.52705 0.560137
0.076 1.5632 0.597904
0.077 1.59731 0.637206
0.078 1.6292 0.678032
0.079 1.65869 0.720365
0.08 1.6856 0.764179
0.081 1.70978 0.809443
0.082 1.73105 0.856119
0.083 1.74926 0.904164
0.084 1.76426 0.953523
0.085 1.77591 1.00414
0.086 1.78409 1.05594
0.087 1.78868 1.10886
0.088 1.78956 1.16281
0.089 1.78664 1.2177
0.09 1.77983 1.27344
0.091 1.76907 1.32992
0.092 1.7543 1.38703
0.093 1.73548 1.44465
0.094 1.71258 1.50265
0.095 1.68559 1.56089
0.096 1.65451 1.61924
0.097 1.61938 1.67756
0.098 1.58022 1.73568
0.099 1.53709 1.79344
0.1 1.49007 1.85069
0.101 1.43925 1.90725
0.102 1.38473 1.96294
0.103 1.32664 2.01759
0.104 1.26512 2.07101
0.105 1.20033 2.12302
0.106 1.13244 2.17343
0.107 1.06165 2.22204
0.108 0.988169 2.26866
0.109 0.91221 2.31311
0.11 0.834015 2.35519
0.111 0.753834 2.39469
0.112 0.67193 2.43145
0.113 0.58858 2.46525
0.114 0.50407 2.49592
0.115 0.418698 2.52328
0.116 0.33277 2.54714
0.117 0.2466 2.56733
0.118 0.160511 2.58369
0.119 0.0748271 2.59605
0.12 -0.0101186 2.60426
0.121 -0.0939925 2.60817
0.122 -0.176459 2.60766
0.123 -0.257181 2.60259
0.124 -0.335825 2.59285
0.125 -0.412058 2.57833
0.126 -0.485552 2.55895
0.127 -0.555984 2.53461
0.128 -0.623038 2.50527
0.129 -0.686408 2.47085
0.13 -0.745797 2.43133
0.131 -0.800917 2.38668
0.132 -0.851496 2.3369
0.133 -0.897275 2.28199
0.134 -0.93801 2.22197
0.135 -0.973474 2.15689
0.136 -1.00346 2.08681
0.137 -1.02777 2.01179
0.138 -1.04625 1.93194
0.139 -1.05874 1.84735
0.14 -1.06511 1.75816
0.141 -1.06527 1.6645
0.142 -1.05914 1.56655
0.143 -1.04665 1.46447
0.144 -1.02779 1.35846
0.145 -1.00255 1.24874
0.146 -0.970959 1.13552
0.147 -0.933058 1.01905
0.148 -0.888927 0.899591
0.149 -0.838673 0.777412
0.15 -0.782424 0.652798
0.151 -0.720339 0.526049
0.152 -0.652603 0.397477
0.153 -0.579426 0.267404
0.154 -0.501043 0.136165
0.155 -0.417717 0.00410175
0.156 -0.329732 -0.128432
0.157 -0.237399 -0.261077
0.158 -0.141049 -0.393466
0.159 -0.0410355 -0.525228
0.16 0.0622671 -0.655986
0.161 0.168466 -0.785361
0.162 0.277149 -0.912973
0.163 0.387889 -1.03844
0.164 0.500244 -1.16138
0.165 0.613758 -1.28142
0.166 0.727964 -1.39817
0.167 0.842383 -1.51128
0.168 0.956532 -1.62038
0.169 1.06992 -1.72511
0.17 1.18204 -1.82513
0.171 1.29242 -1.92009
0.172 1.40053 -2.00968
0.173 1.5059 -2.09358
0.174 1.60802 -2.17149
0.175 1.70641 -2.24314
0.176 1.8006 -2.30826
0.177 1.89011 -2.3666
0.178 1.97448 -2.41793
0.179 2.05328 -2.46205
0.18 2.12608 -2.49876
0.181 2.19246 -2.52792
0.182 2.25205 -2.54936
0.183 2.30447 -2.56298
0.184 2.34939 -2.56868
0.185 2.38648 -2.5664
0.186 2.41545 -2.5561
0.187 2.43604 -2.53775
0.188 2.44802 -2.51137
0.189 2.45118 -2.47699
0.19 2.44536 -2.4347
0.191 2.43042 -2.38456
0.192 2.40625 -2.32672
0.193 2.3728 -2.2613
0.194 2.33002 -2.1885
0.195 2.27792 -2.10851
0.196 2.21655 -2.02155
0.197 2.14598 -1.92789
0.198 2.06633 -1.8278
0.199 1.97775 -1.72158
0.2 1.88042 -1.60957
0.201 1.77458 -1.49211
0.202 1.66049 -1.36958
0.203 1.53844 -1.24237
0.204 1.40877 -1.1109
0.205 1.27183 -0.975588
0.206 1.12803 -0.836895
0.207 0.977799 -0.695282
0.208 0.821588 -0.551229
0.209 0.659887 -0.405229
0.21 0.493209 -0.257784
0.211 0.322092 -0.109407
0.212 0.147098 0.0393803
0.213 -0.0311922 0.188053
0.214 -0.212177 0.33608
0.215 -0.39524 0.482928
0.216 -0.579747 0.628064
0.217 -0.765056 0.770956
0.218 -0.950513 0.911076
0.219 -1.13546 1.0479
0.22 -1.31922 1.18091
0.221 -1.50115 1.30961
0.222 -1.68056 1.43348
0.223 -1.85679 1.55207
0.224 -2.0292 1.66488
0.225 -2.19712 1.77148
0.226 -2.35994 1.87142
0.227 -2.51701 1.9643
0.228 -2.66773 2.04972
0.229 -2.81153 2.12731
0.23 -2.94782 2.19674
0.231 -3.07608 2.25767
0.232 -3.19577 2.30982
0.233 -3.30643 2.35293
0.234 -3.40759 2.38676
0.235 -3.49882 2.41112
0.236 -3.57974 2.42583
0.237 -3.65 2.43076
0.238 -3.70928 2.4258
0.239 -3.75731 2.41088
0.24 -3.79386 2.38598
0.241 -3.81873 2.35108
0.242 -3.83178 2.30623
0.243 -3.8329 2.2515
0.244 -3.82204 2.18698
0.245 -3.79918 2.11283
0.246 -3.76436 2.02922
0.247 -3.71766 1.93635
0.248 -3.65921 1.83448
0.249 -3.58917 1.72387
0.25 -3.50776 1.60485
0.251 -3.41526 1.47774
0.252 -3.31195 1.34293
0.253 -3.19821 1.20081
0.254 -3.07441 1.05181
0.255 -2.941 0.896386
0.256 -2.79845 0.735022
0.257 -2.64726 0.568219
0.258 -2.48799 0.396504
0.259 -2.32123 0.220424
0.26 -2.14758 0.0405421
0.261 -1.96768 -0.142561
0.262 -1.78223 -0.32829
0.263 -1.5919 -0.516038
0.264 -1.39741 -0.705188
0.265 -1.19952 -0.895116
0.266 -0.998973 -1.08519
0.267 -0.796539 -1.27478
0.268 -0.593002 -1.46325
0.269 -0.389149 -1.64996
0.27 -0.185776 -1.83429
0.271 0.0163214 -2.01561
0.272 0.21635 -2.1933
0.273 0.413519 -2.36677
0.274 0.607046 -2.53541
0.275 0.796161 -2.69865
0.276 0.980107 -2.85593
0.277 1.15814 -3.00671
0.278 1.32955 -3.15046
0.279 1.49363 -3.28669
0.28 1.64972 -3.41493
0.281 1.79717 -3.53472
0.282 1.93537 -3.64566
0.283 2.06375 -3.74736
0.284 2.18177 -3.83945
0.285 2.28893 -3.92163
0.286 2.38476 -3.99359
0.287 2.46887 -4.05509
0.288 2.54086 -4.10592
0.289 2.60043 -4.14588
0.29 2.64729 -4.17485
0.291 2.68122 -4.19272
0.292 2.70205 -4.19943
0.293 2.70965 -4.19495
0.294 2.70395 -4.17929
0.295 2.68494 -4.15253
0.296 2.65266 -4.11474
0.297 2.60718 -4.06607
0.298 2.54866 -4.00668
0.299 2.47729 -3.9368
0.3 2.39332 -3.85666
0.301 2.29705 -3.76655
0.302 2.18883 -3.6668
0.303 2.06907 -3.55776
0.304 1.93821 -3.43981
0.305 1.79674 -3.31337
0.306 1.64521 -3.1789
0.307 1.4842 -3.03688
0.308 1.31434 -2.8878
0.309 1.13628 -2.7322
0.31 0.950728 -2.57063
0.311 0.758411 -2.40366
0.312 0.560092 -2.23188
0.313 0.356559 -2.05591
0.314 0.148626 -1.87636
0.315 -0.0628716 -1.69387
0.316 -0.277082 -1.50908
0.317 -0.493139 -1.32264
0.318 -0.710162 -1.1352
0.319 -0.927268 -0.947423
0.32 -1.14357 -0.759962
0.321 -1.35816 -0.573469
0.322 -1.57018 -0.388589
0.323 -1.77872 -0.205963
0.324 -1.98293 -0.0262172
0.325 -2.18195 0.150032
0.326 -2.37493 0.322186
0.327 -2.56106 0.489662
0.328 -2.73955 0.651898
0.329 -2.90963 0.808353
0.33 -3.07055 0.958511
0.331 -3.22163 1.10188
0.332 -3.36219 1.238
0.333 -3.49162 1.36644
0.334 -3.60931 1.4868
0.335 -3.71475 1.5987
0.336 -3.80743 1.70181
0.337 -3.88691 1.79584
0.338 -3.9528 1.88052
0.339 -4.00477 1.95563
0.34 -4.04253 2.02098
0.341 -4.06585 2.07643
0.342 -4.07457 2.12186
0.343 -4.06856 2.15722
0.344 -4.04779 2.18247
0.345 -4.01224 2.19762
0.346 -3.962 2.20274
0.347 -3.89718 2.19791
0.348 -3.81796 2.18326
0.349 -3.72458 2.15898
0.35 -3.61736 2.12527
0.351 -3.49663 2.08237
0.352 -3.36281 2.03057
0.353 -3.21637 1.97019
0.354 -3.05782 1.90158
0.355 -2.88774 1.82513
0.356 -2.70672 1.74124
0.357 -2.51544 1.65037
0.358 -2.31461 1.55298
0.359 -2.10495 1.44958
0.36 -1.88726 1.34067
0.361 -1.66236 1.22679
0.362 -1.43109 1.10852
0.363 -1.19432 0.986411
0.364 -0.952965 0.861063
0.365 -0.707939 0.733073
0.366 -0.46018 0.603049
0.367 -0.210643 0.471607
0.368 0.0397108 0.339366
0.369 0.289914 0.206945
0.37 0.538998 0.0749644
0.371 0.785993 -0.0559616
0.372 1.02994 -0.185224
0.373 1.26989 -0.312223
0.374 1.50489 -0.436369
0.375 1.73404 -0.55709
0.376 1.95644 -0.673825
0.377 2.17121 -0.786035
0.378 2.3775 -0.893201
0.379 2.57451 -0.994827
0.38 2.76146 -1.09044
0.381 2.93761 -1.1796
0.382 3.10227 -1.26189
0.383 3.2548 -1.33693
0.384 3.39458 -1.40436
0.385 3.52108 -1.46386
0.386 3.63378 -1.51515
0.387 3.73225 -1.55799
0.388 3.81611 -1.59216
0.389 3.88503 -1.61749
0.39 3.93874 -1.63385
0.391 3.97704 -1.64114
0.392 3.99979 -1.63931
0.393 4.0069 -1.62835
0.394 3.99837 -1.60828
0.395 3.97424 -1.57917
0.396 3.93464 -1.54112
0.397 3.87972 -1.49428
0.398 3.80975 -1.43884
0.399 3.72501 -1.37501
0.4 3.62588 -1.30305
0.401 3.51278 -1.22327
0.402 3.3862 -1.13598
0.403 3.24666 -1.04155
0.404 3.09477 -0.940376
0.405 2.93118 -0.832883
0.406 2.75657 -0.719523
0.407 2.5717 -0.600774
0.408 2.37735 -0.477141
0.409 2.17434 -0.349148
0.41 1.96355 -0.217341
0.411 1.74587 -0.0822838
0.412 1.52223 0.0554458
0.413 1.2936 0.195257
0.414 1.06094 0.336547
0.415 0.825267 0.478709
0.416 0.587584 0.621128
0.417 0.348917 0.763188
0.418 0.110298 0.904274
0.419 -0.127241 1.04377
0.42 -0.362668 1.18107
0.421 -0.594961 1.31558
0.422 -0.823104 1.44671
0.423 -1.0461 1.57388
0.424 -1.26296 1.69653
0.425 -1.47275 1.81413
0.426 -1.67451 1.92615
0.427 -1.86736 2.03211
0.428 -2.05044 2.13152
0.429 -2.22291 2.22394
0.43 -2.384 2.30897
0.431 -2.53297 2.38622
0.432 -2.66912 2.45533
0.433 -2.79183 2.516
0.434 -2.9005 2.56794
0.435 -2.99462 2.61092
0.436 -3.07372 2.64473
0.437 -3.13739 2.6692
0.438 -3.1853 2.68423
0.439 -3.21716 2.68971
0.44 -3.23277 2.68563
0.441 -3.23198 2.67196
0.442 -3.21473 2.64877
0.443 -3.18101 2.61614
0.444 -3.13087 2.5742
0.445 -3.06447 2.5231
0.446 -2.98198 2.46308
0.447 -2.8837 2.39437
0.448 -2.76996 2.31727
0.449 -2.64115 2.2321
0.45 -2.49775 2.13922
0.451 -2.34028 2.03905
0.452 -2.16935 1.932
0.453 -1.9856 1.81855
0.454 -1.78974 1.6992
0.455 -1.58252 1.57445
0.456 -1.36476 1.44488
0.457 -1.13732 1.31104
0.458 -0.901098 1.17354
0.459 -0.657036 1.03299
0.46 -0.406113 0.890011
0.461 -0.149342 0.745256
0.462 0.112239 0.599379
0.463 0.377563 0.45304
0.464 0.645547 0.30691
0.465 0.91509 0.161659
0.466 1.18508 0.017957
0.467 1.4544 -0.123528
0.468 1.72193 -0.262135
0.469 1.98655 -0.397212
0.47 2.24715 -0.528118
0.471 2.50264 -0.654228
0.472 2.75192 -0.774933
0.473 2.99394 -0.889645
0.474 3.22766 -0.997799
0.475 3.45207 -1.09886
0.476 3.66621 -1.1923
0.477 3.86913 -1.27765
0.478 4.05995 -1.35446
0.479 4.23781 -1.42231
0.48 4.40192 -1.48083
0.481 4.55154 -1.52967
0.482 4.68597 -1.56852
0.483 4.80459 -1.59714
0.484 4.90682 -1.61531
0.485 4.99217 -1.62285
0.486 5.0602 -1.61963
0.487 5.11054 -1.60558
0.488 5.1429 -1.58066
0.489 5.15705 -1.54487
0.49 5.15283 -1.49829
0.491 5.13018 -1.44101
0.492 5.08909 -1.37318
0.493 5.02963 -1.29502
0.494 4.95195 -1.20676
0.495 4.85626 -1.10869
0.496 4.74288 -1.00115
0.497 4.61216 -0.884523
0.498 4.46454 -0.759224
0.499 4.30054 -0.625718
0.5 4.12073 -0.484504
0.501 3.92577 -0.336121
0.502 3.71635 -0.181141
0.503 3.49324 -0.0201696
0.504 3.25729 0.146156
0.505 3.00936 0.317172
0.506 2.7504 0.492187
0.507 2.48139 0.670489
0.508 2.20334 0.851345
0.509 1.91734 1.034
0.51 1.62448 1.2177
0.511 1.32589 1.40166
0.512 1.02274 1.58509
0.513 0.716207 1.76721
0.514 0.407496 1.94723
0.515 0.0978184 2.12436
0.516 -0.211605 2.29782
0.517 -0.51955 2.46682
0.518 -0.824794 2.6306
0.519 -1.12612 2.78842
0.52 -1.42234 2.93953
0.521 -1.71225 3.08323
0.522 -1.99469 3.21883
0.523 -2.26853 3.34566
0.524 -2.53265 3.46309
0.525 -2.786 3.57053
0.526 -3.02754 3.6674
0.527 -3.25629 3.75319
0.528 -3.47131 3.82739
0.529 -3.67171 3.88957
0.53 -3.85668 3.93932
0.531 -4.02545 3.9763
0.532 -4.1773 4.00018
0.533 -4.31162 4.01071
0.534 -4.42782 4.00769
0.535 -4.52543 3.99096
0.536 -4.604 3.96041
0.537 -4.66321 3.91599
0.538 -4.70278 3.85771
0.539 -4.72252 3.78563
0.54 -4.72232 3.69986
0.541 -4.70216 3.60057
0.542 -4.66209 3.48797
0.543 -4.60225 3.36234
0.544 -4.52284 3.22402
0.545 -4.42416 3.07337
0.546 -4.30658 2.91083
0.547 -4.17057 2.73688
0.548 -4.01663 2.55204
0.549 -3.84538 2.35689
0.55 -3.65749 2.15203
0.551 -3.4537 1.93813
0.552 -3.23481 1.71588
0.553 -3.00172 1.48602
0.554 -2.75534 1.24931
0.555 -2.49667 1.00654
0.556 -2.22675 0.758548
0.557 -1.94667 0.50618
0.558 -1.65757 0.250309
0.559 -1.36062 -0.00817421
0.56 -1.05704 -0.268363
0.561 -0.748072 -0.529341
0.562 -0.434975 -0.79018
0.563 -0.119039 -1.04995
0.564 0.198431 -1.30772
0.565 0.516122 -1.56256
0.566 0.832718 -1.81355
0.567 1.1469 -2.05977
0.568 1.45735 -2.30033
0.569 1.76279 -2.53434
0.57 2.06191 -2.76095
0.571 2.35345 -2.9793
0.572 2.6362 -3.1886
0.573 2.90893 -3.38807
0.574 3.17048 -3.57694
0.575 3.41973 -3.75453
0.576 3.6556 -3.92015
0.577 3.87706 -4.07319
0.578 4.08315 -4.21305
0.579 4.27293 -4.33921
0.58 4.44558 -4.45117
0.581 4.60029 -4.54851
0.582 4.73636 -4.63084
0.583 4.85316 -4.69784
0.584 4.9501 -4.74925
0.585 5.02671 -4.78485
0.586 5.08258 -4.80449
0.587 5.11738 -4.80808
0.588 5.13089 -4.79559
0.589 5.12293 -4.76706
0.59 5.09345 -4.72256
0.591 5.04245 -4.66226
0.592 4.97005 -4.58637
0.593 4.87643 -4.49515
0.594 4.76188 -4.38893
0.595 4.62674 -4.26811
0.596 4.47146 -4.13313
0.597 4.29658 -3.98448
0.598 4.10269 -3.82271
0.599 3.89049 -3.64844
0.6 3.66073 -3.4623
0.601 3.41423 -3.265
0.602 3.15192 -3.05728
0.603 2.87474 -2.83992
0.604 2.58374 -2.61374
0.605 2.27999 -2.37959
0.606 1.96464 -2.13837
0.607 1.63888 -1.89098
0.608 1.30395 -1.63837
0.609 0.961116 -1.3815
0.61 0.611693 -1.12136
0.611 0.257019 -0.858926
0.612 -0.101541 -0.595213
0.613 -0.462604 -0.331229
0.614 -0.824773 -0.0679871
0.615 -1.18664 0.193501
0.616 -1.54681 0.452229
0.617 -1.90387 0.707201
0.618 -2.25643 0.957432
0.619 -2.60311 1.20196
0.62 -2.94254 1.43983
0.621 -3.2734 1.67012
0.622 -3.59439 1.89195
0.623 -3.90423 2.10444
0.624 -4.2017 2.30678
0.625 -4.48562 2.49817
0.626 -4.75487 2.67786
0.627 -5.00837 2.84516
0.628 -5.24511 2.99939
0.629 -5.46415 3.13997
0.63 -5.6646 3.26633
0.631 -5.84567 3.37797
0.632 -6.00661 3.47444
0.633 -6.14678 3.55537
0.634 -6.2656 3.62041
0.635 -6.36259 3.66932
0.636 -6.43735 3.70188
0.637 -6.48955 3.71795
0.638 -6.51897 3.71746
0.639 -6.52548 3.70039
0.64 -6.50902 3.66678
0.641 -6.46965 3.61677
0.642 -6.4075 3.55052
0.643 -6.32279 3.46827
0.644 -6.21584 3.37033
0.645 -6.08706 3.25706
0.646 -5.93693 3.12888
0.647 -5.76603 2.98627
0.648 -5.57502 2.82977
0.649 -5.36464 2.65998
0.65 -5.1357 2.47752
0.651 -4.8891 2.28311
0.652 -4.6258 2.07746
0.653 -4.34683 1.86137
0.654 -4.05328 1.63565
0.655 -3.7463 1.40117
0.656 -3.4271 1.15883
0.657 -3.09693 0.909536
0.658 -2.75709 0.654254
0.659 -2.40892 0.393958
0.66 -2.0538 0.129641
0.661 -1.69313 -0.137685
0.662 -1.32832 -0.406997
0.663 -0.960822 -0.677264
0.664 -0.59209 -0.947452
0.665 -0.223582 -1.21653
0.666 0.143244 -1.48346
0.667 0.506936 -1.74722
0.668 0.866053 -2.00681
0.669 1.21917 -2.26123
0.67 1.56489 -2.50951
0.671 1.90184 -2.7507
0.672 2.22869 -2.98387
0.673 2.54414 -3.20814
0.674 2.84694 -3.42265
0.675 3.13588 -3.62658
0.676 3.40983 -3.81916
0.677 3.6677 -3.99965
0.678 3.90846 -4.16737
0.679 4.13117 -4.32168
0.68 4.33495 -4.46199
0.681 4.51898 -4.58779
0.682 4.68256 -4.69859
0.683 4.82502 -4.79399
0.684 4.94583 -4.87362
0.685 5.0445 -4.9372
0.686 5.12065 -4.98449
0.687 5.174 -5.01533
0.688 5.20434 -5.02962
0.689 5.21158 -5.02731
0.69 5.19569 -5.00843
0.691 5.15677 -4.97307
0.692 5.09498 -4.92138
0.693 5.0106 -4.85358
0.694 4.90398 -4.76995
0.695 4.77558 -4.67082
0.696 4.62592 -4.55661
0.697 4.45565 -4.42775
0.698 4.26546 -4.28478
0.699 4.05614 -4.12824
0.7 3.82857 -3.95878
0.701 3.58369 -3.77704
0.702 3.3225 -3.58375
0.703 3.0461 -3.37967
0.704 2.75562 -3.16559
0.705 2.45226 -2.94235
0.706 2.13729 -2.71082
0.707 1.81199 -2.4719
0.708 1.47772 -2.22653
0.709 1.13586 -1.97564
0.71 0.787816 -1.72021
0.711 0.435037 -1.46123
0.712 0.0789803 -1.19969
0.713 -0.278878 -0.936602
0.714 -0.637056 -0.672963
0.715 -0.994066 -0.409785
0.716 -1.34843 -0.14807
0.717 -1.69866 0.11119
0.718 -2.04332 0.367012
0.719 -2.38096 0.618434
0.72 -2.71018 0.864511
0.721 -3.0296 1.10432
0.722 -3.33788 1.33698
0.723 -3.63373 1.56162
0.724 -3.9159 1.77742
0.725 -4.18322 1.9836
0.726 -4.43454 2.17939
0.727 -4.66881 2.36412
0.728 -4.88502 2.53711
0.729 -5.08225 2.69776
0.73 -5.25965 2.84553
0.731 -5.41646 2.97991
0.732 -5.55198 3.10045
0.733 -5.66561 3.20678
0.734 -5.75685 3.29857
0.735 -5.82528 3.37555
0.736 -5.87055 3.43751
0.737 -5.89245 3.48432
0.738 -5.89082 3.51589
0.739 -5.86562 3.53221
0.74 -5.8169 3.53333
0.741 -5.74481 3.51935
0.742 -5.64958 3.49044
0.743 -5.53156 3.44684
0.744 -5.39116 3.38884
0.745 -5.22891 3.31679
0.746 -5.04541 3.2311
0.747 -4.84135 3.13222
0.748 -4.61752 3.02069
0.749 -4.37477 2.89707
0.75 -4.11405 2.76197
0.751 -3.83635 2.61606
0.752 -3.54275 2.46005
0.753 -3.23441 2.29469
0.754 -2.91253 2.12077
0.755 -2.57837 1.9391
0.756 -2.23324 1.75053
0.757 -1.87849 1.55594
0.758 -1.51554 1.35624
0.759 -1.1458 1.15235
0.76 -0.770738 0.945196
0.761 -0.391839 0.735733
0.762 -0.0106016 0.524919
0.763 0.371464 0.313712
0.764 0.752842 0.103075
0.765 1.13202 -0.106037
0.766 1.50749 -0.312674
0.767 1.87777 -0.5159
0.768 2.24137 -0.714795
0.769 2.59687 -0.908458
0.77 2.94283 -1.09601
0.771 3.27789 -1.2766
0.772 3.60072 -1.44942
0.773 3.91002 -1.61366
0.774 4.20458 -1.7686
0.775 4.48321 -1.91351
0.776 4.74482 -2.04774
0.777 4.98836 -2.17067
0.778 5.21287 -2.28173
0.779 5.41745 -2.3804
0.78 5.60131 -2.46622
0.781 5.76371 -2.53877
0.782 5.90402 -2.59771
0.783 6.02168 -2.64274
0.784 6.11624 -2.67364
0.785 6.18733 -2.69022
0.786 6.23469 -2.69238
0.787 6.25814 -2.68006
0.788 6.2576 -2.65329
0.789 6.23311 -2.61213
0.79 6.18477 -2.55672
0.791 6.1128 -2.48726
0.792 6.01751 -2.40402
0.793 5.89932 -2.3073
0.794 5.75872 -2.1975
0.795 5.59631 -2.07503
0.796 5.41275 -1.94039
0.797 5.20883 -1.79412
0.798 4.9854 -1.63682
0.799 4.74337 -1.46911
0.8 4.48377 -1.2917
0.801 4.20766 -1.10531
0.802 3.9162 -0.910701
0.803 3.61059 -0.708685
0.804 3.2921 -0.500099
0.805 2.96206 -0.285812
0.806 2.62183 -0.0667163
0.807 2.27282 0.156271
0.808 1.91649 0.382214
0.809 1.5543 0.610163
0.81 1.18776 0.839159
0.811 0.8184 1.06823
0.812 0.447745 1.29642
0.813 0.0773358 1.52274
0.814 -0.291286 1.74624
0.815 -0.656589 1.96597
0.816 -1.01705 2.18098
0.817 -1.37117 2.39035
0.818 -1.71747 2.59318
0.819 -2.05451 2.7886
0.82 -2.38088 2.97575
0.821 -2.69521 3.15383
0.822 -2.99618 3.32205
0.823 -3.28254 3.47968
0.824 -3.55307 3.62601
0.825 -3.80665 3.7604
0.826 -4.04219 3.88224
0.827 -4.2587 3.99097
0.828 -4.45526 4.08611
0.829 -4.63102 4.16721
0.83 -4.78525 4.23387
0.831 -4.91725 4.28578
0.832 -5.02648 4.32266
0.833 -5.11242 4.34431
0.834 -5.17471 4.35058
0.835 -5.21305 4.34141
0.836 -5.22724 4.31676
0.837 -5.2172 4.2767
0.838 -5.18292 4.22134
0.839 -5.12451 4.15085
0.84 -5.04219 4.06548
0.841 -4.93624 3.96552
0.842 -4.80707 3.85134
0.843 -4.65518 3.72337
0.844 -4.48116 3.58208
0.845 -4.28569 3.42802
0.846 -4.06954 3.26179
0.847 -3.83356 3.08401
0.848 -3.57871 2.8954
0.849 -3.30599 2.69669
0.85 -3.0165 2.48866
0.851 -2.71141 2.27214
0.852 -2.39194 2.048
0.853 -2.05939 1.81713
0.854 -1.7151 1.58046
0.855 -1.36046 1.33894
0.856 -0.996928 1.09355
0.857 -0.625972 0.845277
0.858 -0.249109 0.59514
0.859 0.132122 0.344154
0.86 0.516161 0.0933471
0.861 0.901432 -0.156253
0.862 1.28635 -0.403621
0.863 1.66934 -0.647736
0.864 2.04882 -0.887588
0.865 2.42322 -1.12218
0.866 2.79099 -1.35055
0.867 3.1506 -1.57172
0.868 3.50057 -1.78479
0.869 3.83942 -1.98885
0.87 4.16576 -2.18304
0.871 4.4782 -2.36653
0.872 4.77543 -2.53856
0.873 5.05621 -2.69838
0.874 5.31933 -2.8453
0.875 5.56368 -2.97868
0.876 5.78821 -3.09795
0.877 5.99195 -3.20257
0.878 6.17402 -3.29207
0.879 6.33361 -3.36605
0.88 6.47001 -3.42416
0.881 6.58261 -3.46611
0.882 6.67088 -3.4917
0.883 6.73439 -3.50076
0.884 6.77282 -3.49323
0.885 6.78594 -3.46907
0.886 6.77362 -3.42835
0.887 6.73584 -3.37119
0.888 6.67268 -3.29777
0.889 6.58432 -3.20834
0.89 6.47104 -3.10324
0.891 6.33323 -2.98284
0.892 6.17137 -2.8476
0.893 5.98604 -2.69803
0.894 5.77791 -2.5347
0.895 5.54776 -2.35824
0.896 5.29643 -2.16934
0.897 5.02488 -1.96874
0.898 4.73412 -1.75723
0.899 4.42527 -1.53565
0.9 4.0995 -1.30487
0.901 3.75806 -1.06581
0.902 3.40226 -0.819445
0.903 3.03348 -0.566754
0.904 2.65313 -0.30876
0.905 2.26269 -0.0465082
0.906 1.86368 0.218933
0.907 1.45765 0.486481
0.908 1.04618 0.755038
0.909 0.630875 1.0235
0.91 0.21336 1.29076
0.911 -0.204734 1.55571
0.912 -0.621768 1.81725
0.913 -1.03611 2.07428
0.914 -1.44613 2.32572
0.915 -1.85022 2.57052
0.916 -2.24679 2.80763
0.917 -2.63428 3.03605
0.918 -3.01118 3.25479
0.919 -3.37598 3.4629
0.92 -3.72726 3.65949
0.921 -4.06364 3.84368
0.922 -4.38378 4.01466
0.923 -4.68642 4.17165
0.924 -4.97038 4.31395
0.925 -5.23453 4.44088
0.926 -5.47783 4.55186
0.927 -5.69933 4.64632
0.928 -5.89815 4.72381
0.929 -6.07351 4.78389
0.93 -6.22472 4.82623
0.931 -6.3512 4.85056
0.932 -6.45244 4.85665
0.933 -6.52805 4.84437
0.934 -6.57775 4.81367
0.935 -6.60135 4.76453
0.936 -6.59876 4.69705
0.937 -6.57001 4.61138
0.938 -6.51523 4.50773
0.939 -6.43464 4.3864
0.94 -6.32858 4.24775
0.941 -6.1975 4.09222
0.942 -6.04192 3.9203
0.943 -5.86249 3.73255
0.944 -5.65993 3.52961
0.945 -5.43508 3.31215
0.946 -5.18885 3.08094
0.947 -4.92224 2.83676
0.948 -4.63634 2.58047
0.949 -4.33231 2.31298
0.95 -4.01138 2.03523
0.951 -3.67487 1.74822
0.952 -3.32413 1.45297
0.953 -2.9606 1.15055
0.954 -2.58575 0.842045
0.955 -2.20111 0.528582
0.956 -1.80824 0.211299
0.957 -1.40874 -0.108644
0.958 -1.00424 -0.430076
0.959 -0.596374 -0.751819
0.96 -0.186818 -1.07269
0.961 0.222765 -1.39151
0.962 0.630704 -1.70709
0.963 1.03533 -2.01828
0.964 1.435 -2.32392
0.965 1.82807 -2.62289
0.966 2.21294 -2.91406
0.967 2.58804 -3.19637
0.968 2.95181 -3.46877
0.969 3.30278 -3.73024
0.97 3.63949 -3.97982
0.971 3.96057 -4.21658
0.972 4.26468 -4.43963
0.973 4.55057 -4.64817
0.974 4.81707 -4.8414
0.975 5.06305 -5.01862
0.976 5.28749 -5.17917
0.977 5.48947 -5.32247
0.978 5.66811 -5.44799
0.979 5.82268 -5.55527
0.98 5.9525 -5.64392
0.981 6.05702 -5.71363
0.982 6.13577 -5.76416
0.983 6.1884 -5.79532
0.984 6.21466 -5.80703
0.985 6.2144 -5.79925
0.986 6.18758 -5.77205
0.987 6.13427 -5.72555
0.988 6.05463 -5.65995
0.989 5.94894 -5.57552
0.99 5.8176 -5.47261
0.991 5.66108 -5.35163
0.992 5.47997 -5.21307
0.993 5.27497 -5.05748
0.994 5.04684 -4.88548
0.995 4.79647 -4.69775
0.996 4.52482 -4.49503
0.997 4.23295 -4.27812
0.998 3.92199 -4.04786
0.999 3.59314 -3.80517
1 3.24769 -3.55099
