0.001 3.39668e-008 2.5722e-009
0.002 3.0947e-007 2.06568e-008
0.003 1.45977e-006 8.57156e-008
0.004 4.83784e-006 2.5152e-007
0.005 1.28072e-005 5.96577e-007
0.006 2.90228e-005 1.22821e-006
0.007 5.86994e-005 2.28875e-006
0.008 0.000108865 3.96417e-006
0.009 0.000188596 6.49571e-006
0.01 0.000309234 1.01946e-005
0.011 0.000484582 1.54606e-005
0.012 0.000731072 2.28037e-005
0.013 0.00106791 3.28712e-005
0.014 0.0015172 4.64771e-005
0.015 0.00210403 6.46377e-005
0.016 0.00285652 8.86104e-005
0.017 0.00380586 0.000119937
0.018 0.00498634 0.000160493
0.019 0.00643523 0.000212538
0.02 0.0081928 0.000278774
0.021 0.0103022 0.000362403
0.022 0.0128092 0.000467195
0.023 0.0157622 0.000597551
0.024 0.019212 0.000758576
0.025 0.0232115 0.000956149
0.026 0.0278155 0.001197
0.027 0.0330801 0.00148879
0.028 0.0390631 0.00184017
0.029 0.0458228 0.00226087
0.03 0.0534183 0.0027618
0.031 0.0619087 0.00335507
0.032 0.0713529 0.00405411
0.033 0.0818091 0.00487372
0.034 0.0933342 0.00583013
0.035 0.105984 0.00694108
0.036 0.119811 0.00822586
0.037 0.134866 0.00970538
0.038 0.151198 0.0114022
0.039 0.16885 0.0133405
0.04 0.187863 0.0155464
0.041 0.208271 0.0180473
0.042 0.230107 0.0208729
0.043 0.253395 0.0240543
0.044 0.278154 0.0276242
0.045 0.304399 0.0316174
0.046 0.332135 0.0360699
0.047 0.361362 0.0410197
0.048 0.392072 0.046506
0.049 0.42425 0.0525697
0.05 0.457872 0.0592529
0.051 0.492906 0.0665989
0.052 0.529311 0.0746523
0.053 0.56704 0.0834584
0.054 0.606034 0.0930635
0.055 0.646227 0.103515
0.056 0.687543 0.114859
0.057 0.729898 0.127144
0.058 0.7732 0.140418
0.059 0.817346 0.154727
0.06 0.862227 0.170119
0.061 0.907723 0.18664
0.062 0.953709 0.204336
0.063 1.00005 0.22325
0.064 1.0466 0.243424
0.065 1.09322 0.2649
0.066 1.13975 0.287716
0.067 1.18603 0.311908
0.068 1.23189 0.337509
0.069 1.27716 0.364549
0.07 1.32167 0.393056
0.071 1.36523 0.423052
0.072 1.40767 0.454556
0.073 1.4488 0.487582
0.074 1.48844 0.522141
0.075 1.52641 0.558238
0.076 1.56251 0.595872
0.077 1.59657 0.635037
0.078 1.62841 0.675722
0.079 1.65784 0.717908
0.08 1.6847 0.761571
0.081 1.70881 0.806681
0.082 1.73002 0.853199
0.083 1.74817 0.901081
0.084 1.76311 0.950275
0.085 1.7747 1.00072
0.086 1.78281 1.05236
0.087 1.78733 1.1051
0.088 1.78814 1.15888
0.089 1.78514 1.2136
0.09 1.77826 1.26916
0.091 1.76743 1.32547
0.092 1.75259 1.3824
0.093 1.73369 1.43984
0.094 1.71071 1.49767
0.095 1.68364 1.55575
0.096 1.65249 1.61394
0.097 1.61727 1.67209
0.098 1.57803 1.73006
0.099 1.53482 1.78768
0.1 1.48772 1.84478
0.101 1.43682 1.90121
0.102 1.38221 1.95677
0.103 1.32404 2.01131
0.104 1.26244 2.06462
0.105 1.19757 2.11654
0.106 1.1296 2.16686
0.107 1.05874 2.2154
0.108 0.985174 2.26197
0.109 0.909138 2.30637
0.11 0.830867 2.34842
0.111 0.750612 2.38792
0.112 0.668636 2.42467
0.113 0.585215 2.4585
0.114 0.500637 2.48921
0.115 0.415199 2.51662
0.116 0.329207 2.54056
0.117 0.242977 2.56085
0.118 0.156829 2.57733
0.119 0.0710911 2.58983
0.12 -0.0139058 2.5982
0.121 -0.0978272 2.6023
0.122 -0.180337 2.60199
0.123 -0.261099 2.59714
0.124 -0.339778 2.58765
0.125 -0.416042 2.5734
0.126 -0.489561 2.55431
0.127 -0.560014 2.53029
0.128 -0.627084 2.50128
0.129 -0.690464 2.46723
0.13 -0.749856 2.42809
0.131 -0.804974 2.38384
0.132 -0.855545 2.33448
0.133 -0.901308 2.28001
0.134 -0.942022 2.22045
0.135 -0.977457 2.15585
0.136 -1.00741 2.08627
0.137 -1.03168 2.01176
0.138 -1.0501 1.93244
0.139 -1.06253 1.84839
0.14 -1.06884 1.75976
0.141 -1.06892 1.66667
0.142 -1.0627 1.56929
0.143 -1.05013 1.4678
0.144 -1.03117 1.36239
0.145 -1.00582 1.25326
0.146 -0.974102 1.14065
0.147 -0.936072 1.02479
0.148 -0.891804 0.905937
0.149 -0.841401 0.784364
0.15 -0.784996 0.660352
0.151 -0.722745 0.5342
0.152 -0.654833 0.406218
0.153 -0.58147 0.276725
0.154 -0.502893 0.146055
0.155 -0.419362 0.014548
0.156 -0.331164 -0.117445
0.157 -0.238608 -0.249567
0.158 -0.142026 -0.381453
0.159 -0.0417719 -0.512733
0.16 0.0617804 -0.643032
0.161 0.168237 -0.771974
0.162 0.277187 -0.89918
0.163 0.388202 -1.02427
0.164 0.50084 -1.14687
0.165 0.614644 -1.26659
0.166 0.729146 -1.38307
0.167 0.843869 -1.49594
0.168 0.958328 -1.60483
0.169 1.07203 -1.7094
0.17 1.18448 -1.80929
0.171 1.29517 -1.90417
0.172 1.40362 -1.99371
0.173 1.50932 -2.07762
0.174 1.61178 -2.15558
0.175 1.71051 -2.22732
0.176 1.80503 -2.29258
0.177 1.89488 -2.3511
0.178 1.9796 -2.40266
0.179 2.05874 -2.44706
0.18 2.13187 -2.48409
0.181 2.19859 -2.51361
0.182 2.25851 -2.53547
0.183 2.31127 -2.54955
0.184 2.3565 -2.55576
0.185 2.39391 -2.55403
0.186 2.42319 -2.54431
0.187 2.44409 -2.52659
0.188 2.45636 -2.50088
0.189 2.45981 -2.46721
0.19 2.45427 -2.42566
0.191 2.43959 -2.3763
0.192 2.41568 -2.31927
0.193 2.38246 -2.25469
0.194 2.33991 -2.18276
0.195 2.28803 -2.10366
0.196 2.22685 -2.01762
0.197 2.15646 -1.92489
0.198 2.07697 -1.82575
0.199 1.98853 -1.7205
0.2 1.89133 -1.60946
0.201 1.7856 -1.49299
0.202 1.67159 -1.37145
0.203 1.54961 -1.24523
0.204 1.41998 -1.11474
0.205 1.28306 -0.98041
0.206 1.13926 -0.842688
0.207 0.989004 -0.702035
0.208 0.832747 -0.558925
0.209 0.670977 -0.413848
0.21 0.504206 -0.267303
0.211 0.332972 -0.1198
0.212 0.157836 0.0281449
0.213 -0.020619 0.176008
0.214 -0.201793 0.323262
0.215 -0.385068 0.469377
0.216 -0.569812 0.613823
0.217 -0.75538 0.756072
0.218 -0.941119 0.895597
0.219 -1.12637 1.03188
0.22 -1.31046 1.1644
0.221 -1.49273 1.29266
0.222 -1.67251 1.41617
0.223 -1.84914 1.53444
0.224 -2.02195 1.64701
0.225 -2.1903 1.75342
0.226 -2.35356 1.85325
0.227 -2.51109 1.94608
0.228 -2.66229 2.03152
0.229 -2.80657 2.1092
0.23 -2.94337 2.17879
0.231 -3.07214 2.23995
0.232 -3.19236 2.2924
0.233 -3.30354 2.33589
0.234 -3.40524 2.37016
0.235 -3.49702 2.39504
0.236 -3.57849 2.41033
0.237 -3.6493 2.41591
0.238 -3.70913 2.41167
0.239 -3.75771 2.39754
0.24 -3.7948 2.37348
0.241 -3.82021 2.33949
0.242 -3.8338 2.29561
0.243 -3.83545 2.2419
0.244 -3.8251 2.17846
0.245 -3.80275 2.10543
0.246 -3.76843 2.02299
0.247 -3.7222 1.93135
0.248 -3.66421 1.83073
0.249 -3.59461 1.72142
0.25 -3.51363 1.60372
0.251 -3.42152 1.47797
0.252 -3.3186 1.34454
0.253 -3.2052 1.20381
0.254 -3.08173 1.05623
0.255 -2.94862 0.902226
0.256 -2.80634 0.74229
0.257 -2.65539 0.576916
0.258 -2.49633 0.406627
0.259 -2.32975 0.231963
0.26 -2.15624 0.0534831
0.261 -1.97646 -0.128236
0.262 -1.79107 -0.312605
0.263 -1.60078 -0.499022
0.264 -1.40631 -0.686874
0.265 -1.20838 -0.875542
0.266 -1.00777 -1.0644
0.267 -0.805232 -1.25282
0.268 -0.601555 -1.44017
0.269 -0.397527 -1.62582
0.27 -0.193942 -1.80914
0.271 0.00840238 -1.98952
0.272 0.208713 -2.16635
0.273 0.406198 -2.33901
0.274 0.600075 -2.50693
0.275 0.789572 -2.66953
0.276 0.973931 -2.82624
0.277 1.15241 -2.97653
0.278 1.32429 -3.11989
0.279 1.48887 -3.25581
0.28 1.64549 -3.38383
0.281 1.79349 -3.50349
0.282 1.93226 -3.6144
0.283 2.06124 -3.71615
0.284 2.17987 -3.80839
0.285 2.28765 -3.89081
0.286 2.38413 -3.96311
0.287 2.46889 -4.02505
0.288 2.54155 -4.07639
0.289 2.60179 -4.11698
0.29 2.64933 -4.14665
0.291 2.68394 -4.16532
0.292 2.70545 -4.1729
0.293 2.71373 -4.16939
0.294 2.70871 -4.15478
0.295 2.69036 -4.12915
0.296 2.65873 -4.09256
0.297 2.6139 -4.04517
0.298 2.55601 -3.98713
0.299 2.48525 -3.91865
0.3 2.40187 -3.83998
0.301 2.30616 -3.7514
0.302 2.19849 -3.65323
0.303 2.07924 -3.54581
0.304 1.94886 -3.42952
0.305 1.80785 -3.30479
0.306 1.65673 -3.17206
0.307 1.49611 -3.03179
0.308 1.32659 -2.8845
0.309 1.14884 -2.73069
0.31 0.963549 -2.57093
0.311 0.771453 -2.40577
0.312 0.573312 -2.2358
0.313 0.369912 -2.06162
0.314 0.162066 -1.88386
0.315 -0.0493926 -1.70314
0.316 -0.263612 -1.52009
0.317 -0.479724 -1.33536
0.318 -0.696853 -1.14959
0.319 -0.914113 -0.963451
0.32 -1.13061 -0.777578
0.321 -1.34546 -0.592621
0.322 -1.55777 -0.409222
0.323 -1.76667 -0.228015
0.324 -1.97127 -0.0496236
0.325 -2.17073 0.125341
0.326 -2.3642 0.296284
0.327 -2.55086 0.462625
0.328 -2.72992 0.623807
0.329 -2.90061 0.779292
0.33 -3.06219 0.928566
0.331 -3.21395 1.07114
0.332 -3.35524 1.20656
0.333 -3.48542 1.33439
0.334 -3.60391 1.45423
0.335 -3.71016 1.56571
0.336 -3.80368 1.6685
0.337 -3.88402 1.7623
0.338 -3.9508 1.84686
0.339 -4.00367 1.92193
0.34 -4.04234 1.98735
0.341 -4.06659 2.04296
0.342 -4.07624 2.08865
0.343 -4.07118 2.12436
0.344 -4.05134 2.15005
0.345 -4.01674 2.16573
0.346 -3.96742 2.17147
0.347 -3.90353 2.16734
0.348 -3.82522 2.15348
0.349 -3.73275 2.13006
0.35 -3.6264 2.09728
0.351 -3.50653 2.05538
0.352 -3.37355 2.00466
0.353 -3.22792 1.94541
0.354 -3.07015 1.87799
0.355 -2.9008 1.80278
0.356 -2.7205 1.72019
0.357 -2.52989 1.63065
0.358 -2.32969 1.53463
0.359 -2.12062 1.43263
0.36 -1.90348 1.32514
0.361 -1.67907 1.21272
0.362 -1.44824 1.09591
0.363 -1.21188 0.975284
0.364 -0.970867 0.851418
0.365 -0.726133 0.724909
0.366 -0.478614 0.596361
0.367 -0.229261 0.466384
0.368 0.0209635 0.33559
0.369 0.271094 0.204595
0.37 0.520159 0.0740125
0.371 0.767193 -0.0555466
0.372 1.01123 -0.183479
0.373 1.25133 -0.309188
0.374 1.48654 -0.432091
0.375 1.71595 -0.551617
0.376 1.93865 -0.667212
0.377 2.15378 -0.778339
0.378 2.36048 -0.884483
0.379 2.55795 -0.985152
0.38 2.7454 -1.07988
0.381 2.9221 -1.16821
0.382 3.08735 -1.24975
0.383 3.2405 -1.32411
0.384 3.38094 -1.39094
0.385 3.50813 -1.44992
0.386 3.62156 -1.50077
0.387 3.72078 -1.54324
0.388 3.80542 -1.57712
0.389 3.87513 -1.60224
0.39 3.92966 -1.61847
0.391 3.96878 -1.62571
0.392 3.99236 -1.6239
0.393 4.00032 -1.61304
0.394 3.99263 -1.59315
0.395 3.96935 -1.56428
0.396 3.93058 -1.52656
0.397 3.8765 -1.48011
0.398 3.80734 -1.42511
0.399 3.72341 -1.3618
0.4 3.62506 -1.29042
0.401 3.51273 -1.21127
0.402 3.38687 -1.12466
0.403 3.24804 -1.03097
0.404 3.09683 -0.930576
0.405 2.93387 -0.823903
0.406 2.75987 -0.7114
0.407 2.57555 -0.593541
0.408 2.38171 -0.470826
0.409 2.17918 -0.343774
0.41 1.96881 -0.212928
0.411 1.7515 -0.0788461
0.412 1.52818 0.0578985
0.413 1.29981 0.196719
0.414 1.06737 0.337019
0.415 0.831845 0.478193
0.416 0.59426 0.619634
0.417 0.355634 0.760727
0.418 0.116999 0.900863
0.419 -0.120614 1.03943
0.42 -0.356173 1.17583
0.421 -0.588653 1.30947
0.422 -0.81704 1.43975
0.423 -1.04033 1.56611
0.424 -1.25755 1.688
0.425 -1.46774 1.80488
0.426 -1.66996 1.91622
0.427 -1.86332 2.02154
0.428 -2.04695 2.12038
0.429 -2.22002 2.21227
0.43 -2.38174 2.29683
0.431 -2.53138 2.37365
0.432 -2.66825 2.4424
0.433 -2.79169 2.50277
0.434 -2.90114 2.55446
0.435 -2.99606 2.59725
0.436 -3.07597 2.63093
0.437 -3.14048 2.65533
0.438 -3.18923 2.67034
0.439 -3.22195 2.67587
0.44 -3.23842 2.67189
0.441 -3.2385 2.65838
0.442 -3.22211 2.6354
0.443 -3.18924 2.60302
0.444 -3.13995 2.56138
0.445 -3.07437 2.51064
0.446 -2.99269 2.45101
0.447 -2.89519 2.38274
0.448 -2.78219 2.30611
0.449 -2.65411 2.22144
0.45 -2.51139 2.12911
0.451 -2.35457 2.0295
0.452 -2.18423 1.92305
0.453 -2.00103 1.81021
0.454 -1.80566 1.69148
0.455 -1.59889 1.56738
0.456 -1.38152 1.43845
0.457 -1.15441 1.30526
0.458 -0.918449 1.16841
0.459 -0.674586 1.02851
0.46 -0.423797 0.886171
0.461 -0.16709 0.742045
0.462 0.0944962 0.596779
0.463 0.359897 0.451034
0.464 0.62803 0.305473
0.465 0.897795 0.160765
0.466 1.16808 0.017576
0.467 1.43777 -0.123429
0.468 1.70574 -0.261593
0.469 1.97087 -0.396266
0.47 2.23205 -0.52681
0.471 2.48819 -0.652601
0.472 2.73819 -0.773035
0.473 2.98099 -0.887523
0.474 3.21556 -0.995503
0.475 3.44089 -1.09644
0.476 3.65599 -1.18981
0.477 3.85993 -1.27515
0.478 4.05182 -1.35199
0.479 4.23081 -1.41993
0.48 4.39609 -1.47859
0.481 4.54691 -1.52762
0.482 4.68258 -1.56673
0.483 4.80247 -1.59564
0.484 4.906 -1.61416
0.485 4.99267 -1.62209
0.486 5.06204 -1.61931
0.487 5.11373 -1.60575
0.488 5.14744 -1.58135
0.489 5.16294 -1.54613
0.49 5.16007 -1.50014
0.491 5.13876 -1.44349
0.492 5.09899 -1.37632
0.493 5.04083 -1.29884
0.494 4.96442 -1.21128
0.495 4.86998 -1.11393
0.496 4.7578 -1.00712
0.497 4.62824 -0.891226
0.498 4.48174 -0.766665
0.499 4.31881 -0.633893
0.5 4.14 -0.493407
0.501 3.94598 -0.345738
0.502 3.73744 -0.191456
0.503 3.51515 -0.0311606
0.504 3.27992 0.134517
0.505 3.03265 0.304916
0.506 2.77427 0.479352
0.507 2.50574 0.657116
0.508 2.2281 0.83748
0.509 1.94241 1.0197
0.51 1.64977 1.20301
0.511 1.35132 1.38664
0.512 1.0482 1.56981
0.513 0.741612 1.75174
0.514 0.432747 1.93164
0.515 0.122819 2.10871
0.516 -0.18695 2.2822
0.517 -0.495335 2.4513
0.518 -0.801114 2.61528
0.519 -1.10307 2.77336
0.52 -1.4 2.92484
0.521 -1.69071 3.06898
0.522 -1.97405 3.20511
0.523 -2.24886 3.33257
0.524 -2.51404 3.45071
0.525 -2.76852 3.55895
0.526 -3.01126 3.65672
0.527 -3.24127 3.74348
0.528 -3.45762 3.81875
0.529 -3.65941 3.88207
0.53 -3.84582 3.93306
0.531 -4.01606 3.97134
0.532 -4.16945 3.99661
0.533 -4.30532 4.0086
0.534 -4.42312 4.00711
0.535 -4.52233 3.99197
0.536 -4.60253 3.96307
0.537 -4.66337 3.92036
0.538 -4.70457 3.86385
0.539 -4.72594 3.79357
0.54 -4.72736 3.70964
0.541 -4.7088 3.61223
0.542 -4.67031 3.50154
0.543 -4.612 3.37784
0.544 -4.53409 3.24145
0.545 -4.43686 3.09275
0.546 -4.32069 2.93216
0.547 -4.18601 2.76015
0.548 -4.03335 2.57724
0.549 -3.8633 2.38399
0.55 -3.67653 2.181
0.551 -3.47378 1.96894
0.552 -3.25586 1.74849
0.553 -3.02362 1.52037
0.554 -2.778 1.28534
0.555 -2.51999 1.04419
0.556 -2.25062 0.797742
0.557 -1.97099 0.54684
0.558 -1.68222 0.292349
0.559 -1.38548 0.0351536
0.56 -1.082 -0.223846
0.561 -0.773003 -0.483739
0.562 -0.459761 -0.743603
0.563 -0.143558 -1.00251
0.564 0.174301 -1.25954
0.565 0.492504 -1.51377
0.566 0.809731 -1.76427
0.567 1.12467 -2.01014
0.568 1.43599 -2.25048
0.569 1.74241 -2.48441
0.57 2.04264 -2.71107
0.571 2.3354 -2.92963
0.572 2.61946 -3.13927
0.573 2.89362 -3.33922
0.574 3.15669 -3.52873
0.575 3.40756 -3.70709
0.576 3.64514 -3.87363
0.577 3.86839 -4.02772
0.578 4.07634 -4.16878
0.579 4.26806 -4.29626
0.58 4.44271 -4.40969
0.581 4.59948 -4.50863
0.582 4.73766 -4.59268
0.583 4.8566 -4.66153
0.584 4.95573 -4.71489
0.585 5.03455 -4.75256
0.586 5.09264 -4.77438
0.587 5.12968 -4.78024
0.588 5.14542 -4.77012
0.589 5.13969 -4.74403
0.59 5.11242 -4.70206
0.591 5.06361 -4.64435
0.592 4.99336 -4.57111
0.593 4.90186 -4.48259
0.594 4.78936 -4.37912
0.595 4.65622 -4.26108
0.596 4.50288 -4.1289
0.597 4.32985 -3.98306
0.598 4.13774 -3.82412
0.599 3.92722 -3.65266
0.6 3.69904 -3.46933
0.601 3.45404 -3.27481
0.602 3.19309 -3.06983
0.603 2.91717 -2.85516
0.604 2.6273 -2.63163
0.605 2.32456 -2.40006
0.606 2.01008 -2.16135
0.607 1.68506 -1.91639
0.608 1.35072 -1.66612
0.609 1.00834 -1.4115
0.61 0.659216 -1.15348
0.611 0.304696 -0.893067
0.612 -0.0538601 -0.631249
0.613 -0.415072 -0.36903
0.614 -0.777543 -0.107416
0.615 -1.13987 0.152587
0.616 -1.50064 0.409979
0.617 -1.85846 0.663769
0.618 -2.21192 0.912978
0.619 -2.55965 1.15664
0.62 -2.90028 1.39382
0.621 -3.23248 1.62359
0.622 -3.55493 1.84507
0.623 -3.86637 2.05739
0.624 -4.16557 2.25972
0.625 -4.45134 2.45129
0.626 -4.72256 2.63133
0.627 -4.97813 2.79916
0.628 -5.21704 2.9541
0.629 -5.43835 3.09555
0.63 -5.64115 3.22295
0.631 -5.82465 3.33579
0.632 -5.98809 3.43364
0.633 -6.13082 3.5161
0.634 -6.25225 3.58283
0.635 -6.35189 3.63357
0.636 -6.42933 3.6681
0.637 -6.48423 3.68628
0.638 -6.51637 3.68802
0.639 -6.5256 3.6733
0.64 -6.51186 3.64216
0.641 -6.47518 3.59471
0.642 -6.4157 3.53112
0.643 -6.33362 3.45162
0.644 -6.22925 3.3565
0.645 -6.103 3.24612
0.646 -5.95533 3.12088
0.647 -5.78681 2.98126
0.648 -5.59811 2.82778
0.649 -5.38993 2.66102
0.65 -5.16311 2.48162
0.651 -4.91851 2.29025
0.652 -4.65709 2.08765
0.653 -4.37988 1.87458
0.654 -4.08796 1.65185
0.655 -3.78247 1.42032
0.656 -3.46462 1.18086
0.657 -3.13566 0.934396
0.658 -2.79688 0.681867
0.659 -2.44962 0.424236
0.66 -2.09523 0.162491
0.661 -1.73514 -0.102367
0.662 -1.37075 -0.369325
0.663 -1.00351 -0.637359
0.664 -0.634862 -0.905445
0.665 -0.266276 -1.17256
0.666 0.100793 -1.43767
0.667 0.464892 -1.69977
0.668 0.824577 -1.95785
0.669 1.17842 -2.21092
0.67 1.52503 -2.45803
0.671 1.86302 -2.69821
0.672 2.19105 -2.93056
0.673 2.50783 -3.15419
0.674 2.81209 -3.36824
0.675 3.10264 -3.57189
0.676 3.37831 -3.76438
0.677 3.63802 -3.94497
0.678 3.88074 -4.11297
0.679 4.1055 -4.26775
0.68 4.31143 -4.40872
0.681 4.4977 -4.53535
0.682 4.66359 -4.64717
0.683 4.80843 -4.74375
0.684 4.93167 -4.82475
0.685 5.03282 -4.88986
0.686 5.11149 -4.93884
0.687 5.16738 -4.97153
0.688 5.20028 -4.9878
0.689 5.21008 -4.98763
0.69 5.19675 -4.97102
0.691 5.16036 -4.93806
0.692 5.10109 -4.88889
0.693 5.01918 -4.82372
0.694 4.91498 -4.74281
0.695 4.78895 -4.64651
0.696 4.64159 -4.53519
0.697 4.47354 -4.40931
0.698 4.28548 -4.26936
0.699 4.0782 -4.11591
0.7 3.85256 -3.94956
0.701 3.60949 -3.77097
0.702 3.35 -3.58085
0.703 3.07517 -3.37994
0.704 2.78612 -3.16903
0.705 2.48405 -2.94895
0.706 2.17022 -2.72055
0.707 1.84591 -2.48473
0.708 1.51247 -2.2424
0.709 1.17128 -1.9945
0.71 0.823742 -1.742
0.711 0.471302 -1.48587
0.712 0.115415 -1.2271
0.713 -0.242444 -0.96668
0.714 -0.600792 -0.705611
0.715 -0.958144 -0.444892
0.716 -1.31301 -0.185518
0.717 -1.66393 0.0715246
0.718 -2.00943 0.325262
0.719 -2.34808 0.574736
0.72 -2.67846 0.819008
0.721 -2.9992 1.05716
0.722 -3.30895 1.28832
0.723 -3.60641 1.51161
0.724 -3.89034 1.72622
0.725 -4.15954 1.93136
0.726 -4.41287 2.1263
0.727 -4.64926 2.31032
0.728 -4.8677 2.48277
0.729 -5.06725 2.64306
0.73 -5.24707 2.79062
0.731 -5.40638 2.92496
0.732 -5.54446 3.04562
0.733 -5.66073 3.15223
0.734 -5.75465 3.24445
0.735 -5.82578 3.32201
0.736 -5.8738 3.3847
0.737 -5.89845 3.43238
0.738 -5.89959 3.46497
0.739 -5.87715 3.48243
0.74 -5.83117 3.48482
0.741 -5.76179 3.47222
0.742 -5.66923 3.44481
0.743 -5.55383 3.40281
0.744 -5.41599 3.34651
0.745 -5.25622 3.27624
0.746 -5.07513 3.19241
0.747 -4.87339 3.09547
0.748 -4.65177 2.98594
0.749 -4.41112 2.86436
0.75 -4.15238 2.73136
0.751 -3.87653 2.58758
0.752 -3.58466 2.43373
0.753 -3.2779 2.27054
0.754 -2.95744 2.09879
0.755 -2.62455 1.91929
0.756 -2.28054 1.73289
0.757 -1.92674 1.54044
0.758 -1.56456 1.34286
0.759 -1.19543 1.14104
0.76 -0.8208 0.935919
0.761 -0.442156 0.728436
0.762 -0.060995 0.51954
0.763 0.321172 0.310184
0.764 0.702831 0.101322
0.765 1.08247 -0.106095
0.766 1.45857 -0.311125
0.767 1.82965 -0.512837
0.768 2.19423 -0.710315
0.769 2.55087 -0.902662
0.77 2.89813 -1.08901
0.771 3.23465 -1.2685
0.772 3.55908 -1.44033
0.773 3.87014 -1.6037
0.774 4.16658 -1.75789
0.775 4.44723 -1.90216
0.776 4.71097 -2.03588
0.777 4.95675 -2.15841
0.778 5.1836 -2.26919
0.779 5.39063 -2.36769
0.78 5.577 -2.45346
0.781 5.74199 -2.52609
0.782 5.88494 -2.58521
0.783 6.00529 -2.63053
0.784 6.10259 -2.66182
0.785 6.17644 -2.67889
0.786 6.22656 -2.68164
0.787 6.25279 -2.67
0.788 6.25501 -2.64399
0.789 6.23326 -2.60368
0.79 6.18763 -2.54919
0.791 6.11832 -2.48072
0.792 6.02564 -2.39853
0.793 5.90999 -2.30291
0.794 5.77185 -2.19425
0.795 5.6118 -2.07297
0.796 5.43052 -1.93955
0.797 5.22876 -1.79453
0.798 5.00736 -1.63848
0.799 4.76725 -1.47205
0.8 4.50943 -1.2959
0.801 4.23495 -1.11077
0.802 3.94497 -0.917403
0.803 3.64069 -0.716609
0.804 3.32336 -0.509215
0.805 2.99431 -0.296082
0.806 2.6549 -0.0780961
0.807 2.30653 0.143832
0.808 1.95066 0.368775
0.809 1.58874 0.595788
0.81 1.2223 0.823918
0.811 0.852846 1.0522
0.812 0.481913 1.27968
0.813 0.111042 1.50537
0.814 -0.258224 1.72834
0.815 -0.624351 1.94763
0.816 -0.985813 2.16229
0.817 -1.34111 2.37142
0.818 -1.68875 2.57411
0.819 -2.02729 2.76949
0.82 -2.35532 2.95671
0.821 -2.67145 3.13496
0.822 -2.97438 3.30346
0.823 -3.26282 3.46147
0.824 -3.53556 3.60829
0.825 -3.79145 3.74327
0.826 -4.02942 3.86581
0.827 -4.24845 3.97534
0.828 -4.44761 4.07137
0.829 -4.62605 4.15345
0.83 -4.78301 4.22118
0.831 -4.9178 4.27424
0.832 -5.02983 4.31236
0.833 -5.11862 4.33532
0.834 -5.18376 4.34297
0.835 -5.22494 4.33523
0.836 -5.24197 4.31208
0.837 -5.23473 4.27356
0.838 -5.20321 4.21978
0.839 -5.14751 4.1509
0.84 -5.06782 4.06717
0.841 -4.96444 3.96887
0.842 -4.83774 3.85636
0.843 -4.68822 3.73006
0.844 -4.51645 3.59044
0.845 -4.3231 3.43803
0.846 -4.10894 3.27342
0.847 -3.87482 3.09725
0.848 -3.62165 2.91019
0.849 -3.35046 2.71299
0.85 -3.06233 2.50641
0.851 -2.75841 2.29129
0.852 -2.43992 2.06847
0.853 -2.10816 1.83884
0.854 -1.76447 1.60332
0.855 -1.41022 1.36287
0.856 -1.04687 1.11845
0.857 -0.675894 0.871042
0.858 -0.298796 0.621661
0.859 0.082883 0.371317
0.86 0.467582 0.121034
0.861 0.853725 -0.128165
0.862 1.23973 -0.375258
0.863 1.62401 -0.619226
0.864 2.00498 -0.859063
0.865 2.38107 -1.09378
0.866 2.75073 -1.32239
0.867 3.11243 -1.54396
0.868 3.46466 -1.75754
0.869 3.80595 -1.96226
0.87 4.13489 -2.15723
0.871 4.4501 -2.34165
0.872 4.75024 -2.51473
0.873 5.03407 -2.67572
0.874 5.30037 -2.82393
0.875 5.54801 -2.95873
0.876 5.77594 -3.07951
0.877 5.98317 -3.18576
0.878 6.1688 -3.277
0.879 6.33202 -3.3528
0.88 6.4721 -3.41282
0.881 6.58842 -3.45677
0.882 6.68042 -3.48442
0.883 6.74768 -3.49561
0.884 6.78984 -3.49026
0.885 6.80667 -3.46833
0.886 6.79803 -3.42987
0.887 6.76388 -3.37499
0.888 6.70428 -3.30387
0.889 6.6194 -3.21676
0.89 6.50951 -3.11396
0.891 6.37498 -2.99585
0.892 6.21627 -2.86287
0.893 6.03396 -2.71553
0.894 5.82871 -2.55438
0.895 5.60128 -2.38005
0.896 5.3525 -2.19321
0.897 5.08331 -1.99459
0.898 4.79473 -1.78497
0.899 4.48786 -1.56519
0.9 4.16386 -1.33609
0.901 3.82397 -1.09862
0.902 3.46949 -0.853697
0.903 3.1018 -0.602323
0.904 2.72232 -0.345505
0.905 2.3325 -0.0842828
0.906 1.93388 0.180285
0.907 1.52798 0.44712
0.908 1.1164 0.715132
0.909 0.700736 0.983221
0.91 0.282616 1.25028
0.911 -0.136328 1.51522
0.912 -0.554454 1.77692
0.913 -0.970126 2.0343
0.914 -1.38171 2.28629
0.915 -1.7876 2.53182
0.916 -2.18619 2.76985
0.917 -2.57591 2.99937
0.918 -2.95525 3.2194
0.919 -3.32269 3.429
0.92 -3.6768 3.62725
0.921 -4.01618 3.81328
0.922 -4.33949 3.98627
0.923 -4.64546 4.14545
0.924 -4.93289 4.2901
0.925 -5.20064 4.41954
0.926 -5.44765 4.53317
0.927 -5.67296 4.63044
0.928 -5.87568 4.71085
0.929 -6.055 4.774
0.93 -6.21024 4.81951
0.931 -6.34077 4.84711
0.932 -6.44609 4.85658
0.933 -6.52579 4.84776
0.934 -6.57957 4.82058
0.935 -6.60721 4.77504
0.936 -6.60863 4.7112
0.937 -6.58383 4.62919
0.938 -6.53291 4.52924
0.939 -6.4561 4.41161
0.94 -6.35372 4.27666
0.941 -6.22619 4.12481
0.942 -6.07403 3.95654
0.943 -5.89786 3.7724
0.944 -5.69841 3.57301
0.945 -5.47648 3.35904
0.946 -5.23299 3.13122
0.947 -4.96892 2.89034
0.948 -4.68534 2.63725
0.949 -4.38341 2.37282
0.95 -4.06436 2.09801
0.951 -3.72948 1.81379
0.952 -3.38013 1.52118
0.953 -3.01773 1.22122
0.954 -2.64376 0.915013
0.955 -2.25973 0.603657
0.956 -1.86721 0.288287
0.957 -1.46779 -0.0299466
0.958 -1.0631 -0.349881
0.959 -0.654784 -0.670342
0.96 -0.244503 -0.990155
0.961 0.16607 -1.30814
0.962 0.575262 -1.62313
0.963 0.981403 -1.93396
0.964 1.38284 -2.23949
0.965 1.77792 -2.53857
0.966 2.16505 -2.83012
0.967 2.54262 -3.11304
0.968 2.9091 -3.38628
0.969 3.26299 -3.64885
0.97 3.60282 -3.89976
0.971 3.92721 -4.13808
0.972 4.23481 -4.36293
0.973 4.52436 -4.57348
0.974 4.79465 -4.76896
0.975 5.04457 -4.94864
0.976 5.27307 -5.11185
0.977 5.4792 -5.25801
0.978 5.66209 -5.38658
0.979 5.82097 -5.49709
0.98 5.95516 -5.58914
0.981 6.06408 -5.66241
0.982 6.14726 -5.71663
0.983 6.20432 -5.75163
0.984 6.23499 -5.7673
0.985 6.23911 -5.7636
0.986 6.21661 -5.74056
0.987 6.16755 -5.69831
0.988 6.09208 -5.63702
0.989 5.99047 -5.55695
0.99 5.86307 -5.45844
0.991 5.71037 -5.34189
0.992 5.53292 -5.20777
0.993 5.33141 -5.0566
0.994 5.10659 -4.88901
0.995 4.85935 -4.70565
0.996 4.59061 -4.50725
0.997 4.30143 -4.29458
0.998 3.99293 -4.0685
0.999 3.6663 -3.82989
1 3.32283 -3.57968
