0.001 3.40273e-008 2.55929e-009
0.002 3.09952e-007 2.05543e-008
0.003 1.46175e-006 8.52975e-008
0.004 4.84359e-006 2.50322e-007
0.005 1.28206e-005 5.93828e-007
0.006 2.90498e-005 1.22279e-006
0.007 5.87484e-005 2.27917e-006
0.008 0.000108947 3.94866e-006
0.009 0.000188725 6.47228e-006
0.01 0.000309429 1.01613e-005
0.011 0.000484864 1.54157e-005
0.012 0.000731465 2.27464e-005
0.013 0.00106844 3.28017e-005
0.014 0.00151791 4.63977e-005
0.015 0.00210495 6.45535e-005
0.016 0.00285769 8.85304e-005
0.017 0.00380733 0.000119876
0.018 0.00498815 0.000160471
0.019 0.00643743 0.000212585
0.02 0.00819545 0.000278929
0.021 0.0103053 0.00036272
0.022 0.0128129 0.00046774
0.023 0.0157666 0.000598411
0.024 0.0192171 0.000759857
0.025 0.0232173 0.000957984
0.026 0.0278221 0.00119955
0.027 0.0330876 0.00149224
0.028 0.0390715 0.00184476
0.029 0.0458323 0.00226687
0.03 0.0534288 0.00276952
0.031 0.0619204 0.00336489
0.032 0.0713658 0.00406645
0.033 0.0818232 0.00488906
0.034 0.0933496 0.00584903
0.035 0.106 0.00696417
0.036 0.119829 0.00825386
0.037 0.134886 0.00973908
0.038 0.151219 0.0114425
0.039 0.168873 0.0133884
0.04 0.187887 0.0156029
0.041 0.208297 0.0181138
0.042 0.230134 0.0209506
0.043 0.253423 0.0241446
0.044 0.278184 0.0277287
0.045 0.304431 0.0317378
0.046 0.332168 0.0362081
0.047 0.361397 0.0411777
0.048 0.392109 0.0466859
0.049 0.424289 0.0527737
0.05 0.457912 0.0594835
0.051 0.492948 0.0668587
0.052 0.529356 0.074944
0.053 0.567087 0.0837849
0.054 0.606083 0.0934279
0.055 0.646278 0.10392
0.056 0.687597 0.115309
0.057 0.729955 0.127642
0.058 0.77326 0.140967
0.059 0.817409 0.155331
0.06 0.862294 0.170782
0.061 0.907794 0.187367
0.062 0.953785 0.205129
0.063 1.00013 0.224114
0.064 1.04669 0.244365
0.065 1.09332 0.265921
0.066 1.13985 0.288821
0.067 1.18614 0.313101
0.068 1.23201 0.338796
0.069 1.27729 0.365934
0.07 1.32181 0.394542
0.071 1.36538 0.424644
0.072 1.40784 0.456259
0.073 1.44899 0.4894
0.074 1.48864 0.524078
0.075 1.52663 0.560298
0.076 1.56275 0.598058
0.077 1.59683 0.637354
0.078 1.62869 0.678172
0.079 1.65815 0.720494
0.08 1.68504 0.764296
0.081 1.70918 0.809548
0.082 1.73043 0.856209
0.083 1.74861 0.904237
0.084 1.76359 0.953578
0.085 1.77522 1.00417
0.086 1.78338 1.05595
0.087 1.78794 1.10885
0.088 1.7888 1.16277
0.089 1.78586 1.21764
0.09 1.77904 1.27335
0.091 1.76827 1.32979
0.092 1.75349 1.38687
0.093 1.73466 1.44445
0.094 1.71175 1.50241
0.095 1.68476 1.56061
0.096 1.65368 1.61892
0.097 1.61855 1.67719
0.098 1.5794 1.73526
0.099 1.53628 1.79298
0.1 1.48927 1.85018
0.101 1.43846 1.90668
0.102 1.38396 1.96232
0.103 1.32589 2.01692
0.104 1.2644 2.07028
0.105 1.19964 2.12223
0.106 1.13178 2.17258
0.107 1.06103 2.22113
0.108 0.987586 2.2677
0.109 0.91167 2.31209
0.11 0.833521 2.3541
0.111 0.753389 2.39355
0.112 0.671537 2.43024
0.113 0.588242 2.46398
0.114 0.50379 2.49459
0.115 0.418478 2.52188
0.116 0.332613 2.54569
0.117 0.246508 2.56582
0.118 0.160485 2.58212
0.119 0.0748699 2.59443
0.12 -0.010006 2.60258
0.121 -0.0938088 2.60645
0.122 -0.176203 2.60589
0.123 -0.256853 2.60077
0.124 -0.335425 2.59099
0.125 -0.411585 2.57644
0.126 -0.485007 2.55702
0.127 -0.555368 2.53265
0.128 -0.622352 2.50328
0.129 -0.685654 2.46884
0.13 -0.744975 2.4293
0.131 -0.800031 2.38464
0.132 -0.850548 2.33485
0.133 -0.896268 2.27994
0.134 -0.936948 2.21993
0.135 -0.97236 2.15486
0.136 -1.0023 2.08479
0.137 -1.02657 2.00979
0.138 -1.045 1.92996
0.139 -1.05746 1.84541
0.14 -1.06381 1.75626
0.141 -1.06394 1.66265
0.142 -1.05779 1.56475
0.143 -1.0453 1.46273
0.144 -1.02643 1.35679
0.145 -1.0012 1.24714
0.146 -0.969609 1.134
0.147 -0.931724 1.01762
0.148 -0.887616 0.898254
0.149 -0.837392 0.776174
0.15 -0.781181 0.651666
0.151 -0.719141 0.525029
0.152 -0.651456 0.396574
0.153 -0.578338 0.266625
0.154 -0.500022 0.135514
0.155 -0.416769 0.00358519
0.156 -0.328865 -0.12881
0.157 -0.236619 -0.261311
0.158 -0.140363 -0.393553
0.159 -0.0404496 -0.525164
0.16 0.0627465 -0.655768
0.161 0.168833 -0.784986
0.162 0.277398 -0.912438
0.163 0.388016 -1.03774
0.164 0.500244 -1.16052
0.165 0.613626 -1.28039
0.166 0.727696 -1.39699
0.167 0.841976 -1.50993
0.168 0.955983 -1.61887
0.169 1.06922 -1.72343
0.17 1.18121 -1.82329
0.171 1.29143 -1.91809
0.172 1.3994 -2.00753
0.173 1.50462 -2.09127
0.174 1.6066 -2.16904
0.175 1.70484 -2.24055
0.176 1.79889 -2.30553
0.177 1.88825 -2.36373
0.178 1.97249 -2.41494
0.179 2.05116 -2.45894
0.18 2.12383 -2.49555
0.181 2.19009 -2.5246
0.182 2.24956 -2.54595
0.183 2.30188 -2.55948
0.184 2.34669 -2.56511
0.185 2.38368 -2.56277
0.186 2.41257 -2.5524
0.187 2.43308 -2.53401
0.188 2.44499 -2.5076
0.189 2.4481 -2.47321
0.19 2.44224 -2.4309
0.191 2.42726 -2.38077
0.192 2.40307 -2.32294
0.193 2.3696 -2.25756
0.194 2.32682 -2.1848
0.195 2.27474 -2.10486
0.196 2.2134 -2.01797
0.197 2.14287 -1.92439
0.198 2.06326 -1.82439
0.199 1.97475 -1.71828
0.2 1.8775 -1.60638
0.201 1.77176 -1.48906
0.202 1.65777 -1.36667
0.203 1.53584 -1.23961
0.204 1.40629 -1.1083
0.205 1.2695 -0.973166
0.206 1.12586 -0.834659
0.207 0.975791 -0.693243
0.208 0.819759 -0.549397
0.209 0.658248 -0.403612
0.21 0.491771 -0.256391
0.211 0.320864 -0.108246
0.212 0.146089 0.040303
0.213 -0.0319728 0.188731
0.214 -0.212722 0.336507
0.215 -0.395541 0.4831
0.216 -0.579799 0.627977
0.217 -0.764854 0.770607
0.218 -0.950051 0.910462
0.219 -1.13473 1.04702
0.22 -1.31823 1.17977
0.221 -1.49989 1.3082
0.222 -1.67903 1.43181
0.223 -1.855 1.55013
0.224 -2.02714 1.66269
0.225 -2.1948 1.76903
0.226 -2.35735 1.86873
0.227 -2.51417 1.96136
0.228 -2.66464 2.04655
0.229 -2.80819 2.12392
0.23 -2.94425 2.19312
0.231 -3.07228 2.25385
0.232 -3.19176 2.3058
0.233 -3.30221 2.34873
0.234 -3.40317 2.38239
0.235 -3.49422 2.40659
0.236 -3.57498 2.42116
0.237 -3.64508 2.42596
0.238 -3.70422 2.42088
0.239 -3.75213 2.40587
0.24 -3.78857 2.38089
0.241 -3.81335 2.34593
0.242 -3.82633 2.30103
0.243 -3.82739 2.24627
0.244 -3.8165 2.18175
0.245 -3.79362 2.10761
0.246 -3.75881 2.02402
0.247 -3.71213 1.9312
0.248 -3.65372 1.8294
0.249 -3.58374 1.71888
0.25 -3.50242 1.59996
0.251 -3.41001 1.47298
0.252 -3.30683 1.33831
0.253 -3.19323 1.19635
0.254 -3.06959 1.04753
0.255 -2.93635 0.8923
0.256 -2.79399 0.73115
0.257 -2.64302 0.564578
0.258 -2.48398 0.39311
0.259 -2.31746 0.217292
0.26 -2.14407 0.0376876
0.261 -1.96446 -0.145124
0.262 -1.77928 -0.330549
0.263 -1.58926 -0.517981
0.264 -1.39509 -0.706804
0.265 -1.19751 -0.896395
0.266 -0.997296 -1.08612
0.267 -0.795201 -1.27536
0.268 -0.592008 -1.46346
0.269 -0.388506 -1.64981
0.27 -0.185486 -1.83377
0.271 0.0162557 -2.01471
0.272 0.215927 -2.19203
0.273 0.41274 -2.36512
0.274 0.605913 -2.53339
0.275 0.794677 -2.69625
0.276 0.978277 -2.85316
0.277 1.15597 -3.00357
0.278 1.32705 -3.14696
0.279 1.49081 -3.28284
0.28 1.64658 -3.41073
0.281 1.79373 -3.53019
0.282 1.93165 -3.6408
0.283 2.05975 -3.74219
0.284 2.17752 -3.83398
0.285 2.28443 -3.91587
0.286 2.38005 -3.98756
0.287 2.46395 -4.04881
0.288 2.53576 -4.0994
0.289 2.59516 -4.13914
0.29 2.64189 -4.16791
0.291 2.6757 -4.1856
0.292 2.69644 -4.19215
0.293 2.70397 -4.18752
0.294 2.69823 -4.17176
0.295 2.6792 -4.14489
0.296 2.64692 -4.10703
0.297 2.60147 -4.05831
0.298 2.543 -3.9989
0.299 2.47172 -3.92901
0.3 2.38785 -3.84889
0.301 2.29172 -3.75883
0.302 2.18366 -3.65914
0.303 2.06407 -3.55019
0.304 1.93341 -3.43235
0.305 1.79217 -3.30605
0.306 1.64089 -3.17174
0.307 1.48016 -3.02989
0.308 1.31058 -2.88101
0.309 1.13284 -2.72563
0.31 0.947616 -2.56429
0.311 0.755646 -2.39758
0.312 0.55769 -2.22608
0.313 0.354534 -2.0504
0.314 0.146992 -1.87116
0.315 -0.0641035 -1.68899
0.316 -0.277902 -1.50453
0.317 -0.493538 -1.31844
0.318 -0.710135 -1.13136
0.319 -0.926809 -0.943956
0.32 -1.14267 -0.756872
0.321 -1.35683 -0.570763
0.322 -1.56841 -0.386275
0.323 -1.77652 -0.204044
0.324 -1.9803 -0.0246962
0.325 -2.17889 0.151154
0.326 -2.37146 0.322908
0.327 -2.55719 0.489985
0.328 -2.73528 0.651825
0.329 -2.90497 0.807889
0.33 -3.06553 0.957661
0.331 -3.21626 1.10065
0.332 -3.35649 1.2364
0.333 -3.48559 1.36448
0.334 -3.603 1.48448
0.335 -3.70816 1.59605
0.336 -3.80059 1.69884
0.337 -3.87985 1.79255
0.338 -3.94555 1.87694
0.339 -3.99735 1.95177
0.34 -4.03497 2.01686
0.341 -4.05818 2.07206
0.342 -4.06681 2.11727
0.343 -4.06075 2.15242
0.344 -4.03995 2.17749
0.345 -4.00442 2.19248
0.346 -3.95421 2.19745
0.347 -3.88946 2.1925
0.348 -3.81034 2.17776
0.349 -3.7171 2.15341
0.35 -3.61003 2.11964
0.351 -3.4895 2.07671
0.352 -3.3559 2.0249
0.353 -3.20971 1.96454
0.354 -3.05144 1.89597
0.355 -2.88166 1.81957
0.356 -2.70097 1.73576
0.357 -2.51005 1.64499
0.358 -2.30959 1.54772
0.359 -2.10034 1.44445
0.36 -1.88307 1.3357
0.361 -1.6586 1.222
0.362 -1.42779 1.10392
0.363 -1.1915 0.982021
0.364 -0.950624 0.856896
0.365 -0.706095 0.729142
0.366 -0.458843 0.599367
0.367 -0.20982 0.468186
0.368 0.0400146 0.336215
0.369 0.289695 0.204073
0.37 0.538255 0.0723787
0.371 0.784727 -0.0582546
0.372 1.02815 -0.187219
0.373 1.26759 -0.313917
0.374 1.50209 -0.437761
0.375 1.73074 -0.558178
0.376 1.95265 -0.67461
0.377 2.16695 -0.78652
0.378 2.37278 -0.89339
0.379 2.56936 -0.994724
0.38 2.75589 -1.09005
0.381 2.93165 -1.17894
0.382 3.09594 -1.26096
0.383 3.24811 -1.33573
0.384 3.38758 -1.40291
0.385 3.51378 -1.46218
0.386 3.62622 -1.51325
0.387 3.72446 -1.55588
0.388 3.80812 -1.58986
0.389 3.87687 -1.61501
0.39 3.93045 -1.63121
0.391 3.96865 -1.63835
0.392 3.99133 -1.6364
0.393 3.99842 -1.62533
0.394 3.9899 -1.60518
0.395 3.96582 -1.576
0.396 3.92629 -1.5379
0.397 3.87149 -1.49103
0.398 3.80167 -1.43558
0.399 3.71712 -1.37176
0.4 3.61821 -1.29983
0.401 3.50536 -1.2201
0.402 3.37906 -1.13288
0.403 3.23984 -1.03854
0.404 3.0883 -0.937471
0.405 2.92508 -0.830101
0.406 2.75087 -0.716881
0.407 2.56643 -0.598289
0.408 2.37253 -0.474827
0.409 2.17 -0.34702
0.41 1.9597 -0.215413
0.411 1.74253 -0.0805672
0.412 1.51942 0.0569394
0.413 1.29133 0.196517
0.414 1.05922 0.337566
0.415 0.824107 0.479478
0.416 0.58699 0.621641
0.417 0.348893 0.763441
0.418 0.110845 0.904261
0.419 -0.126125 1.04349
0.42 -0.360987 1.18053
0.421 -0.592721 1.31477
0.422 -0.820314 1.44563
0.423 -1.04277 1.57254
0.424 -1.25911 1.69493
0.425 -1.46839 1.81228
0.426 -1.66966 1.92406
0.427 -1.86205 2.02978
0.428 -2.04468 2.12897
0.429 -2.21674 2.22118
0.43 -2.37744 2.30601
0.431 -2.52604 2.38307
0.432 -2.66187 2.45201
0.433 -2.78428 2.51252
0.434 -2.8927 2.56432
0.435 -2.9866 2.60718
0.436 -3.06551 2.64088
0.437 -3.12903 2.66527
0.438 -3.17683 2.68023
0.439 -3.20863 2.68567
0.44 -3.22421 2.68156
0.441 -3.22345 2.66789
0.442 -3.20625 2.64472
0.443 -3.17263 2.61212
0.444 -3.12264 2.57023
0.445 -3.05642 2.51922
0.446 -2.97417 2.45929
0.447 -2.87615 2.3907
0.448 -2.76272 2.31374
0.449 -2.63426 2.22872
0.45 -2.49124 2.13603
0.451 -2.3342 2.03605
0.452 -2.16373 1.92921
0.453 -1.98047 1.81599
0.454 -1.78513 1.69688
0.455 -1.57846 1.57239
0.456 -1.36128 1.44309
0.457 -1.13445 1.30953
0.458 -0.898853 1.17232
0.459 -0.65544 1.03207
0.46 -0.405184 0.889398
0.461 -0.149093 0.744957
0.462 0.111793 0.599396
0.463 0.376415 0.453377
0.464 0.64369 0.307568
0.465 0.91252 0.162636
0.466 1.1818 0.0192517
0.467 1.45041 -0.12192
0.468 1.71723 -0.26022
0.469 1.98116 -0.394997
0.47 2.24108 -0.525612
0.471 2.49589 -0.651442
0.472 2.74452 -0.77188
0.473 2.98591 -0.886339
0.474 3.21903 -0.994256
0.475 3.44287 -1.09509
0.476 3.65645 -1.18833
0.477 3.85886 -1.27351
0.478 4.04919 -1.35015
0.479 4.22661 -1.41787
0.48 4.39031 -1.47627
0.481 4.53956 -1.52502
0.482 4.67367 -1.56381
0.483 4.79201 -1.59239
0.484 4.89401 -1.61055
0.485 4.97918 -1.6181
0.486 5.04708 -1.61493
0.487 5.09734 -1.60095
0.488 5.12966 -1.57613
0.489 5.14383 -1.54048
0.49 5.13969 -1.49406
0.491 5.11716 -1.43697
0.492 5.07624 -1.36936
0.493 5.01701 -1.29145
0.494 4.9396 -1.20346
0.495 4.84425 -1.10569
0.496 4.73124 -0.998481
0.497 4.60095 -0.882205
0.498 4.45381 -0.757283
0.499 4.29033 -0.624177
0.5 4.11109 -0.483384
0.501 3.91673 -0.335442
0.502 3.70796 -0.180922
0.503 3.48554 -0.020428
0.504 3.25031 0.145405
0.505 3.00313 0.315915
0.506 2.74495 0.490414
0.507 2.47674 0.668189
0.508 2.19953 0.84851
0.509 1.91438 1.03063
0.51 1.62239 1.21378
0.511 1.32468 1.3972
0.512 1.02242 1.58009
0.513 0.716791 1.76167
0.514 0.408981 1.94116
0.515 0.100204 2.11777
0.516 -0.208325 2.29071
0.517 -0.515383 2.45921
0.518 -0.819753 2.62251
0.519 -1.12022 2.77986
0.52 -1.4156 2.93053
0.521 -1.70469 3.0738
0.522 -1.98634 3.209
0.523 -2.25942 3.33546
0.524 -2.52282 3.45254
0.525 -2.77548 3.55967
0.526 -3.01637 3.65626
0.527 -3.24451 3.74179
0.528 -3.45897 3.81578
0.529 -3.65886 3.87778
0.53 -3.84337 3.9274
0.531 -4.01172 3.96427
0.532 -4.16323 3.9881
0.533 -4.29724 3.99861
0.534 -4.41321 3.99562
0.535 -4.51063 3.97895
0.536 -4.58909 3.94851
0.537 -4.64823 3.90425
0.538 -4.68781 3.84617
0.539 -4.70762 3.77433
0.54 -4.70755 3.68884
0.541 -4.68759 3.58987
0.542 -4.64777 3.47764
0.543 -4.58824 3.35243
0.544 -4.50921 3.21456
0.545 -4.41097 3.0644
0.546 -4.29389 2.90239
0.547 -4.15843 2.729
0.548 -4.0051 2.54477
0.549 -3.83451 2.35024
0.55 -3.64733 2.14605
0.551 -3.44429 1.93285
0.552 -3.22621 1.71132
0.553 -2.99396 1.48221
0.554 -2.74847 1.24626
0.555 -2.49071 1.00429
0.556 -2.22174 0.757102
0.557 -1.94264 0.505556
0.558 -1.65454 0.250519
0.559 -1.35862 -0.00712097
0.56 -1.05608 -0.266461
0.561 -0.748154 -0.526587
0.562 -0.436113 -0.786574
0.563 -0.121238 -1.0455
0.564 0.195174 -1.30242
0.565 0.511812 -1.55643
0.566 0.827365 -1.8066
0.567 1.14052 -2.05202
0.568 1.44996 -2.29179
0.569 1.75441 -2.52504
0.57 2.05257 -2.7509
0.571 2.34319 -2.96854
0.572 2.62504 -3.17716
0.573 2.89691 -3.37597
0.574 3.15766 -3.56424
0.575 3.40614 -3.74125
0.576 3.6413 -3.90634
0.577 3.8621 -4.05888
0.578 4.06758 -4.19829
0.579 4.25682 -4.32404
0.58 4.42899 -4.43565
0.581 4.58328 -4.53269
0.582 4.71901 -4.61477
0.583 4.83551 -4.68157
0.584 4.93224 -4.73283
0.585 5.00871 -4.76834
0.586 5.06452 -4.78794
0.587 5.09933 -4.79156
0.588 5.11291 -4.77914
0.589 5.10511 -4.75074
0.59 5.07585 -4.70643
0.591 5.02516 -4.64638
0.592 4.95313 -4.57078
0.593 4.85996 -4.47991
0.594 4.74592 -4.3741
0.595 4.61136 -4.25374
0.596 4.45674 -4.11926
0.597 4.28257 -3.97116
0.598 4.08947 -3.81
0.599 3.8781 -3.63638
0.6 3.64923 -3.45093
0.601 3.40369 -3.25436
0.602 3.14237 -3.04741
0.603 2.86624 -2.83085
0.604 2.57632 -2.6055
0.605 2.2737 -2.37222
0.606 1.95952 -2.13189
0.607 1.63495 -1.88541
0.608 1.30123 -1.63374
0.609 0.95963 -1.37782
0.61 0.611458 -1.11864
0.611 0.258046 -0.857182
0.612 -0.0992466 -0.594447
0.613 -0.459041 -0.331445
0.614 -0.819947 -0.0691824
0.615 -1.18056 0.191331
0.616 -1.53949 0.449094
0.617 -1.89533 0.703112
0.618 -2.24669 0.952405
0.619 -2.5922 1.19601
0.62 -2.9305 1.43299
0.621 -3.26026 1.66241
0.622 -3.58019 1.8834
0.623 -3.88903 2.09509
0.624 -4.18554 2.29665
0.625 -4.46856 2.48731
0.626 -4.73697 2.66632
0.627 -4.98969 2.83297
0.628 -5.22573 2.98661
0.629 -5.44412 3.12663
0.63 -5.64401 3.25249
0.631 -5.82458 3.36369
0.632 -5.9851 3.45978
0.633 -6.12493 3.54037
0.634 -6.24349 3.60514
0.635 -6.34031 3.65384
0.636 -6.41496 3.68624
0.637 -6.46715 3.70222
0.638 -6.49665 3.7017
0.639 -6.50331 3.68466
0.64 -6.48709 3.65115
0.641 -6.44804 3.60129
0.642 -6.38629 3.53525
0.643 -6.30207 3.45328
0.644 -6.19568 3.35567
0.645 -6.06753 3.24279
0.646 -5.91811 3.11506
0.647 -5.74799 2.97296
0.648 -5.55783 2.81702
0.649 -5.34837 2.64783
0.65 -5.12041 2.46604
0.651 -4.87484 2.27232
0.652 -4.61263 2.06742
0.653 -4.3348 1.85212
0.654 -4.04243 1.62723
0.655 -3.73668 1.39362
0.656 -3.41874 1.15217
0.657 -3.08986 0.903799
0.658 -2.75134 0.649467
0.659 -2.40451 0.39014
0.66 -2.05074 0.126812
0.661 -1.69142 -0.139512
0.662 -1.32798 -0.407811
0.663 -0.961852 -0.677058
0.664 -0.594478 -0.946224
0.665 -0.227315 -1.21428
0.666 0.138184 -1.48019
0.667 0.500572 -1.74295
0.668 0.858413 -2.00154
0.669 1.21029 -2.25499
0.67 1.55481 -2.50231
0.671 1.8906 -2.74256
0.672 2.21634 -2.97483
0.673 2.53073 -3.19822
0.674 2.83253 -3.41189
0.675 3.12054 -3.61501
0.676 3.39362 -3.80683
0.677 3.65069 -3.98659
0.678 3.89072 -4.15363
0.679 4.11278 -4.30731
0.68 4.31599 -4.44705
0.681 4.49953 -4.57232
0.682 4.6627 -4.68265
0.683 4.80484 -4.77763
0.684 4.92541 -4.85691
0.685 5.02393 -4.92019
0.686 5.10002 -4.96724
0.687 5.1534 -4.9979
0.688 5.18387 -5.01207
0.689 5.19131 -5.0097
0.69 5.17572 -4.99083
0.691 5.13718 -4.95554
0.692 5.07586 -4.90397
0.693 4.99203 -4.83636
0.694 4.88605 -4.75298
0.695 4.75836 -4.65416
0.696 4.60949 -4.54031
0.697 4.44008 -4.41187
0.698 4.25082 -4.26936
0.699 4.0425 -4.11335
0.7 3.81599 -3.94445
0.701 3.57222 -3.76333
0.702 3.31221 -3.5707
0.703 3.03702 -3.36732
0.704 2.74781 -3.15398
0.705 2.44575 -2.93152
0.706 2.13211 -2.7008
0.707 1.80817 -2.46272
0.708 1.47528 -2.2182
0.709 1.13481 -1.9682
0.71 0.788175 -1.71368
0.711 0.436805 -1.45561
0.712 0.0821563 -1.195
0.713 -0.274303 -0.932842
0.714 -0.631094 -0.670141
0.715 -0.986738 -0.407899
0.716 -1.33976 -0.147116
0.717 -1.68869 0.111219
0.718 -2.03207 0.366129
0.719 -2.36848 0.616653
0.72 -2.69652 0.861851
0.721 -3.0148 1.10081
0.722 -3.32201 1.33263
0.723 -3.61685 1.55647
0.724 -3.89808 1.7715
0.725 -4.16453 1.97694
0.726 -4.41505 2.17204
0.727 -4.6486 2.3561
0.728 -4.86417 2.52848
0.729 -5.06085 2.68856
0.73 -5.23778 2.83581
0.731 -5.39421 2.96971
0.732 -5.52944 3.08983
0.733 -5.64289 3.19579
0.734 -5.73403 3.28726
0.735 -5.80245 3.36397
0.736 -5.84781 3.42572
0.737 -5.86989 3.47237
0.738 -5.86854 3.50385
0.739 -5.84371 3.52012
0.74 -5.79546 3.52125
0.741 -5.72392 3.50733
0.742 -5.62934 3.47855
0.743 -5.51204 3.43512
0.744 -5.37246 3.37734
0.745 -5.2111 3.30556
0.746 -5.02857 3.22019
0.747 -4.82556 3.12168
0.748 -4.60284 3.01056
0.749 -4.36127 2.88739
0.75 -4.10178 2.75279
0.751 -3.82537 2.60742
0.752 -3.53311 2.45198
0.753 -3.22616 2.28722
0.754 -2.9057 2.11392
0.755 -2.57299 1.93291
0.756 -2.22935 1.74502
0.757 -1.87611 1.55113
0.758 -1.51467 1.35214
0.759 -1.14645 1.14897
0.76 -0.772923 0.942548
0.761 -0.395548 0.733823
0.762 -0.0158244 0.523747
0.763 0.364744 0.313277
0.764 0.744649 0.103369
0.765 1.12238 -0.105022
0.766 1.49645 -0.310951
0.767 1.86536 -0.513487
0.768 2.22764 -0.711711
0.769 2.58187 -0.904725
0.77 2.92662 -1.09166
0.771 3.26054 -1.27166
0.772 3.58229 -1.44391
0.773 3.89059 -1.60763
0.774 4.18422 -1.76208
0.775 4.46201 -1.90655
0.776 4.72285 -2.04038
0.777 4.96572 -2.16295
0.778 5.18965 -2.27369
0.779 5.39375 -2.3721
0.78 5.57722 -2.4577
0.781 5.73933 -2.53009
0.782 5.87944 -2.58892
0.783 5.99701 -2.63389
0.784 6.09158 -2.66478
0.785 6.16278 -2.68141
0.786 6.21035 -2.68366
0.787 6.23411 -2.6715
0.788 6.23399 -2.64493
0.789 6.21 -2.60403
0.79 6.16227 -2.54893
0.791 6.091 -2.47983
0.792 5.9965 -2.39699
0.793 5.87919 -2.30073
0.794 5.73955 -2.19142
0.795 5.57817 -2.06949
0.796 5.39574 -1.93544
0.797 5.19301 -1.78979
0.798 4.97082 -1.63313
0.799 4.73012 -1.46612
0.8 4.47188 -1.28942
0.801 4.1972 -1.10377
0.802 3.9072 -0.909922
0.803 3.6031 -0.708688
0.804 3.28615 -0.500901
0.805 2.95767 -0.287423
0.806 2.61902 -0.0691455
0.807 2.27161 0.153019
0.808 1.91687 0.378138
0.809 1.55628 0.605268
0.81 1.19133 0.83345
0.811 0.823544 1.06172
0.812 0.45444 1.28912
0.813 0.0855541 1.51467
0.814 -0.28158 1.73743
0.815 -0.645436 1.95643
0.816 -1.0045 2.17075
0.817 -1.35728 2.37946
0.818 -1.70229 2.58167
0.819 -2.03811 2.7765
0.82 -2.36333 2.96312
0.821 -2.67659 3.1407
0.822 -2.97658 3.30847
0.823 -3.26203 3.46569
0.824 -3.53175 3.61168
0.825 -3.78461 3.74578
0.826 -4.01952 3.86738
0.827 -4.23551 3.97594
0.828 -4.43165 4.07096
0.829 -4.60711 4.152
0.83 -4.76112 4.21867
0.831 -4.89303 4.27064
0.832 -5.00227 4.30765
0.833 -5.08834 4.32949
0.834 -5.15085 4.33602
0.835 -5.18953 4.32716
0.836 -5.20417 4.30289
0.837 -5.19468 4.26326
0.838 -5.16106 4.20839
0.839 -5.10342 4.13845
0.84 -5.02195 4.05368
0.841 -4.91696 3.95438
0.842 -4.78885 3.84091
0.843 -4.6381 3.71369
0.844 -4.4653 3.5732
0.845 -4.27114 3.41999
0.846 -4.05637 3.25463
0.847 -3.82184 3.07777
0.848 -3.5685 2.89011
0.849 -3.29736 2.69237
0.85 -3.00949 2.48534
0.851 -2.70607 2.26984
0.852 -2.3883 2.04674
0.853 -2.05749 1.81691
0.854 -1.71495 1.58129
0.855 -1.3621 1.34083
0.856 -1.00035 1.09649
0.857 -0.631178 0.849271
0.858 -0.256097 0.600171
0.859 0.123365 0.350208
0.86 0.505655 0.100404
0.861 0.889206 -0.148218
0.862 1.27244 -0.394636
0.863 1.65379 -0.637833
0.864 2.03167 -0.876805
0.865 2.40453 -1.11056
0.866 2.77083 -1.33813
0.867 3.12903 -1.55856
0.868 3.47767 -1.77093
0.869 3.81528 -1.97435
0.87 4.14045 -2.16796
0.871 4.45182 -2.35094
0.872 4.74808 -2.52251
0.873 5.02799 -2.68194
0.874 5.29034 -2.82854
0.875 5.53404 -2.96168
0.876 5.75802 -3.08077
0.877 5.96134 -3.18529
0.878 6.14309 -3.27477
0.879 6.30249 -3.3488
0.88 6.43883 -3.40703
0.881 6.55148 -3.44919
0.882 6.63992 -3.47506
0.883 6.70373 -3.48448
0.884 6.74257 -3.47737
0.885 6.75623 -3.45372
0.886 6.74456 -3.41358
0.887 6.70755 -3.35706
0.888 6.64528 -3.28436
0.889 6.55791 -3.19572
0.89 6.44574 -3.09146
0.891 6.30914 -2.97197
0.892 6.14858 -2.8377
0.893 5.96465 -2.68915
0.894 5.75801 -2.52689
0.895 5.52943 -2.35155
0.896 5.27975 -2.16381
0.897 5.00992 -1.96441
0.898 4.72094 -1.75413
0.899 4.41393 -1.53381
0.9 4.09005 -1.30432
0.901 3.75055 -1.06657
0.902 3.39671 -0.821522
0.903 3.02992 -0.570161
0.904 2.65159 -0.313502
0.905 2.26318 -0.0525837
0.906 1.8662 0.211531
0.907 1.46219 0.477763
0.908 1.05273 0.745023
0.909 0.639414 1.01221
0.91 0.223859 1.27822
0.911 -0.192312 1.54196
0.912 -0.607468 1.80232
0.913 -1.01998 2.05821
0.914 -1.42824 2.30857
0.915 -1.83063 2.55233
0.916 -2.22558 2.78847
0.917 -2.61153 3.01597
0.918 -2.98697 3.23386
0.919 -3.35042 3.44119
0.92 -3.70044 3.63707
0.921 -4.03565 3.82063
0.922 -4.35475 3.99105
0.923 -4.65646 4.14757
0.924 -4.93961 4.28948
0.925 -5.20307 4.41612
0.926 -5.4458 4.52687
0.927 -5.66686 4.62122
0.928 -5.86537 4.69867
0.929 -6.04055 4.75881
0.93 -6.19172 4.8013
0.931 -6.31827 4.82587
0.932 -6.41973 4.83229
0.933 -6.4957 4.82044
0.934 -6.54588 4.79025
0.935 -6.57009 4.74173
0.936 -6.56823 4.67494
0.937 -6.54034 4.59004
0.938 -6.48654 4.48725
0.939 -6.40705 4.36686
0.94 -6.30221 4.22923
0.941 -6.17244 4.07479
0.942 -6.01829 3.90403
0.943 -5.84038 3.71751
0.944 -5.63944 3.51585
0.945 -5.41628 3.29975
0.946 -5.17183 3.06993
0.947 -4.90707 2.8272
0.948 -4.62308 2.57241
0.949 -4.32102 2.30645
0.95 -4.00211 2.03026
0.951 -3.66765 1.74483
0.952 -3.31901 1.45119
0.953 -2.95759 1.15039
0.954 -2.58487 0.843524
0.955 -2.20236 0.531698
0.956 -1.81162 0.216049
0.957 -1.41425 -0.102269
0.958 -1.01184 -0.422091
0.959 -0.606055 -0.742245
0.96 -0.198535 -1.06155
0.961 0.209056 -1.37884
0.962 0.615057 -1.69293
0.963 1.01781 -2.00267
0.964 1.41567 -2.30691
0.965 1.80701 -2.60453
0.966 2.19024 -2.89442
0.967 2.56378 -3.17551
0.968 2.92609 -3.44675
0.969 3.27571 -3.70714
0.97 3.61118 -3.95571
0.971 3.93112 -4.19155
0.972 4.23423 -4.41376
0.973 4.51924 -4.62154
0.974 4.78498 -4.81412
0.975 5.03033 -4.99077
0.976 5.25429 -5.15085
0.977 5.45591 -5.29377
0.978 5.63434 -5.41901
0.979 5.78883 -5.52611
0.98 5.91872 -5.61468
0.981 6.02344 -5.68441
0.982 6.10254 -5.73505
0.983 6.15566 -5.76643
0.984 6.18255 -5.77846
0.985 6.18304 -5.7711
0.986 6.15711 -5.74441
0.987 6.10482 -5.69852
0.988 6.02632 -5.63362
0.989 5.92191 -5.54997
0.99 5.79194 -5.44793
0.991 5.63692 -5.32791
0.992 5.45741 -5.19038
0.993 5.2541 -5.0359
0.994 5.02777 -4.86507
0.995 4.77927 -4.67858
0.996 4.50958 -4.47717
0.997 4.21973 -4.26161
0.998 3.91085 -4.03277
0.999 3.58414 -3.79154
1 3.24088 -3.53885
