0.001 3.39807e-008 2.59199e-009
0.002 3.09581e-007 2.08147e-008
0.003 1.46022e-006 8.63641e-008
0.004 4.83915e-006 2.53395e-007
0.005 1.28102e-005 6.00938e-007
0.006 2.90289e-005 1.23696e-006
0.007 5.87104e-005 2.30453e-006
0.008 0.000108883 3.99042e-006
0.009 0.000188624 6.53668e-006
0.01 0.000309277 1.02553e-005
0.011 0.000484643 1.55467e-005
0.012 0.000731155 2.29215e-005
0.013 0.00106802 3.3027e-005
0.014 0.00151735 4.6677e-005
0.015 0.00210421 6.4887e-005
0.016 0.00285675 8.89131e-005
0.017 0.00380615 0.000120295
0.018 0.00498668 0.000160905
0.019 0.00643564 0.000212998
0.02 0.00819328 0.000279269
0.021 0.0103027 0.000362916
0.022 0.0128098 0.000467697
0.023 0.0157629 0.000598002
0.024 0.0192128 0.000758924
0.025 0.0232124 0.000956326
0.026 0.0278164 0.00119692
0.027 0.0330811 0.00148834
0.028 0.0390641 0.00183922
0.029 0.0458238 0.00225926
0.03 0.0534193 0.00275933
0.031 0.0619097 0.00335152
0.032 0.0713538 0.0040492
0.033 0.0818099 0.00486714
0.034 0.0933348 0.00582151
0.035 0.105984 0.00693001
0.036 0.119811 0.00821187
0.037 0.134866 0.00968793
0.038 0.151197 0.0113807
0.039 0.168849 0.0133143
0.04 0.187861 0.0155146
0.041 0.208268 0.0180092
0.042 0.230103 0.0208276
0.043 0.25339 0.0240006
0.044 0.278148 0.0275611
0.045 0.304391 0.0315437
0.046 0.332125 0.0359843
0.047 0.36135 0.0409206
0.048 0.392058 0.046392
0.049 0.424233 0.0524391
0.05 0.457852 0.0591039
0.051 0.492882 0.0664296
0.052 0.529284 0.0744606
0.053 0.567009 0.0832422
0.054 0.605998 0.0928206
0.055 0.646186 0.103243
0.056 0.687497 0.114555
0.057 0.729846 0.126806
0.058 0.773141 0.140042
0.059 0.81728 0.154312
0.06 0.862153 0.169661
0.061 0.90764 0.186136
0.062 0.953617 0.203782
0.063 0.999947 0.222644
0.064 1.04649 0.242762
0.065 1.0931 0.264179
0.066 1.13961 0.286932
0.067 1.18588 0.311058
0.068 1.23172 0.336589
0.069 1.27698 0.363556
0.07 1.32147 0.391985
0.071 1.36501 0.421901
0.072 1.40743 0.45332
0.073 1.44855 0.486259
0.074 1.48817 0.520727
0.075 1.52611 0.55673
0.076 1.56219 0.594266
0.077 1.59622 0.63333
0.078 1.62803 0.673911
0.079 1.65743 0.71599
0.08 1.68426 0.759544
0.081 1.70834 0.804542
0.082 1.72952 0.850946
0.083 1.74763 0.898713
0.084 1.76253 0.94779
0.085 1.77408 0.998118
0.086 1.78215 1.04963
0.087 1.78662 1.10226
0.088 1.78739 1.15591
0.089 1.78435 1.21051
0.09 1.77742 1.26596
0.091 1.76654 1.32214
0.092 1.75164 1.37896
0.093 1.73268 1.43629
0.094 1.70965 1.49401
0.095 1.68252 1.55198
0.096 1.65131 1.61006
0.097 1.61603 1.66811
0.098 1.57673 1.72598
0.099 1.53346 1.7835
0.1 1.48629 1.84052
0.101 1.43531 1.89687
0.102 1.38064 1.95236
0.103 1.3224 2.00683
0.104 1.26072 2.06009
0.105 1.19578 2.11196
0.106 1.12774 2.16224
0.107 1.0568 2.21076
0.108 0.983157 2.25731
0.109 0.907044 2.3017
0.11 0.828696 2.34375
0.111 0.748363 2.38327
0.112 0.66631 2.42005
0.113 0.582811 2.45392
0.114 0.498156 2.48469
0.115 0.412642 2.51217
0.116 0.326574 2.53619
0.117 0.24027 2.55658
0.118 0.154049 2.57317
0.119 0.0682395 2.5858
0.12 -0.0168268 2.59431
0.121 -0.100815 2.59857
0.122 -0.18339 2.59843
0.123 -0.264213 2.59378
0.124 -0.342951 2.58449
0.125 -0.419269 2.57047
0.126 -0.49284 2.55161
0.127 -0.56334 2.52784
0.128 -0.630452 2.4991
0.129 -0.69387 2.46532
0.13 -0.753294 2.42648
0.131 -0.808439 2.38254
0.132 -0.859031 2.3335
0.133 -0.904809 2.27937
0.134 -0.945531 2.22016
0.135 -0.980967 2.15592
0.136 -1.01091 2.0867
0.137 -1.03517 2.01258
0.138 -1.05357 1.93364
0.139 -1.06597 1.84999
0.14 -1.07224 1.76176
0.141 -1.07228 1.66908
0.142 -1.066 1.57212
0.143 -1.05336 1.47105
0.144 -1.03433 1.36606
0.145 -1.00889 1.25735
0.146 -0.977085 1.14516
0.147 -0.938951 1.02973
0.148 -0.894569 0.911293
0.149 -0.844043 0.790136
0.15 -0.787504 0.666535
0.151 -0.725108 0.540788
0.152 -0.657041 0.413202
0.153 -0.583513 0.284097
0.154 -0.50476 0.153803
0.155 -0.421043 0.0226603
0.156 -0.332649 -0.108982
0.157 -0.239887 -0.240769
0.158 -0.143089 -0.372335
0.159 -0.0426089 -0.503313
0.16 0.0611783 -0.633331
0.161 0.167879 -0.762011
0.162 0.277082 -0.888977
0.163 0.388358 -1.01385
0.164 0.501265 -1.13625
0.165 0.615345 -1.25581
0.166 0.730131 -1.37215
0.167 0.845144 -1.4849
0.168 0.959898 -1.59371
0.169 1.0739 -1.69822
0.17 1.18666 -1.79808
0.171 1.29766 -1.89296
0.172 1.40642 -1.98254
0.173 1.51244 -2.06651
0.174 1.61521 -2.14457
0.175 1.71427 -2.21644
0.176 1.80911 -2.28186
0.177 1.89928 -2.34057
0.178 1.98431 -2.39236
0.179 2.06376 -2.43701
0.18 2.13721 -2.47434
0.181 2.20424 -2.50418
0.182 2.26447 -2.52639
0.183 2.31752 -2.54085
0.184 2.36305 -2.54747
0.185 2.40074 -2.54617
0.186 2.43029 -2.53692
0.187 2.45146 -2.51969
0.188 2.46398 -2.4945
0.189 2.46768 -2.46138
0.19 2.46236 -2.42039
0.191 2.4479 -2.37162
0.192 2.42419 -2.31519
0.193 2.39117 -2.25124
0.194 2.34879 -2.17994
0.195 2.29706 -2.10149
0.196 2.23602 -2.01611
0.197 2.16575 -1.92405
0.198 2.08636 -1.8256
0.199 1.99801 -1.72103
0.2 1.90087 -1.61068
0.201 1.79518 -1.4949
0.202 1.6812 -1.37404
0.203 1.55921 -1.2485
0.204 1.42956 -1.11869
0.205 1.2926 -0.985029
0.206 1.14874 -0.847963
0.207 0.998392 -0.707951
0.208 0.842025 -0.565468
0.209 0.680121 -0.420998
0.21 0.513195 -0.275039
0.211 0.341784 -0.128099
0.212 0.166449 0.0193085
0.213 -0.0122276 0.166662
0.214 -0.193644 0.313436
0.215 -0.377183 0.459104
0.216 -0.562212 0.603137
0.217 -0.748085 0.745008
0.218 -0.934149 0.884193
0.219 -1.11974 1.02017
0.22 -1.30419 1.15244
0.221 -1.48684 1.28049
0.222 -1.66702 1.40382
0.223 -1.84405 1.52196
0.224 -2.01729 1.63445
0.225 -2.18608 1.74083
0.226 -2.34978 1.84067
0.227 -2.50777 1.93356
0.228 -2.65944 2.01912
0.229 -2.80419 2.09696
0.23 -2.94147 2.16675
0.231 -3.07072 2.22818
0.232 -3.19144 2.28094
0.233 -3.30311 2.32478
0.234 -3.4053 2.35946
0.235 -3.49757 2.38478
0.236 -3.57953 2.40058
0.237 -3.65082 2.4067
0.238 -3.71113 2.40305
0.239 -3.76018 2.38955
0.24 -3.79774 2.36616
0.241 -3.8236 2.33288
0.242 -3.83762 2.28974
0.243 -3.8397 2.23681
0.244 -3.82976 2.17419
0.245 -3.8078 2.10201
0.246 -3.77385 2.02044
0.247 -3.72798 1.92969
0.248 -3.67032 1.83
0.249 -3.60103 1.72162
0.25 -3.52034 1.60488
0.251 -3.4285 1.4801
0.252 -3.32581 1.34764
0.253 -3.21263 1.20791
0.254 -3.08934 1.06131
0.255 -2.95638 0.908302
0.256 -2.81422 0.749354
0.257 -2.66337 0.584962
0.258 -2.50437 0.415644
0.259 -2.33781 0.241939
0.26 -2.16431 0.0644018
0.261 -1.9845 -0.116395
0.262 -1.79905 -0.299864
0.263 -1.60866 -0.485408
0.264 -1.41406 -0.672417
0.265 -1.21598 -0.860274
0.266 -1.01517 -1.04836
0.267 -0.812417 -1.23604
0.268 -0.60849 -1.42269
0.269 -0.404181 -1.60769
0.27 -0.200288 -1.79042
0.271 0.00239432 -1.97025
0.272 0.203068 -2.14657
0.273 0.400943 -2.31879
0.274 0.595235 -2.48631
0.275 0.78517 -2.64857
0.276 0.969989 -2.80501
0.277 1.14895 -2.95509
0.278 1.32133 -3.09829
0.279 1.48643 -3.23413
0.28 1.64357 -3.36212
0.281 1.79211 -3.48182
0.282 1.93145 -3.59283
0.283 2.06098 -3.69475
0.284 2.18019 -3.78723
0.285 2.28855 -3.86995
0.286 2.38561 -3.94262
0.287 2.47095 -4.00498
0.288 2.5442 -4.05682
0.289 2.60502 -4.09795
0.29 2.65313 -4.12824
0.291 2.68831 -4.14758
0.292 2.71037 -4.15589
0.293 2.7192 -4.15316
0.294 2.7147 -4.13939
0.295 2.69687 -4.11464
0.296 2.66574 -4.07899
0.297 2.62138 -4.03257
0.298 2.56394 -3.97556
0.299 2.49361 -3.90814
0.3 2.41063 -3.83057
0.301 2.3153 -3.74312
0.302 2.20797 -3.64611
0.303 2.08904 -3.53987
0.304 1.95894 -3.4248
0.305 1.81818 -3.30129
0.306 1.66728 -3.1698
0.307 1.50683 -3.03078
0.308 1.33745 -2.88475
0.309 1.1598 -2.7322
0.31 0.974571 -2.5737
0.311 0.782499 -2.40979
0.312 0.58434 -2.24107
0.313 0.380883 -2.06813
0.314 0.172939 -1.89159
0.315 -0.0386579 -1.71206
0.316 -0.253056 -1.53018
0.317 -0.469387 -1.3466
0.318 -0.686775 -1.16195
0.319 -0.904331 -0.976889
0.32 -1.12117 -0.792057
0.321 -1.33639 -0.6081
0.322 -1.54911 -0.425656
0.323 -1.75845 -0.245357
0.324 -1.96353 -0.0678234
0.325 -2.1635 0.106336
0.326 -2.35751 0.276529
0.327 -2.54475 0.442178
0.328 -2.7244 0.602726
0.329 -2.89572 0.757639
0.33 -3.05795 0.906403
0.331 -3.21038 1.04853
0.332 -3.35236 1.18357
0.333 -3.48324 1.31108
0.334 -3.60244 1.43067
0.335 -3.70942 1.54198
0.336 -3.80369 1.64465
0.337 -3.88478 1.73841
0.338 -3.95231 1.82298
0.339 -4.00593 1.89815
0.34 -4.04536 1.96372
0.341 -4.07035 2.01955
0.342 -4.08074 2.06552
0.343 -4.07641 2.10156
0.344 -4.05729 2.12766
0.345 -4.0234 2.14381
0.346 -3.97477 2.15006
0.347 -3.91155 2.1465
0.348 -3.83389 2.13327
0.349 -3.74204 2.11052
0.35 -3.63629 2.07846
0.351 -3.51699 2.03733
0.352 -3.38455 1.98741
0.353 -3.23942 1.929
0.354 -3.08212 1.86246
0.355 -2.91321 1.78816
0.356 -2.73331 1.7065
0.357 -2.54306 1.61791
0.358 -2.34317 1.52287
0.359 -2.13438 1.42186
0.36 -1.91747 1.31539
0.361 -1.69326 1.20398
0.362 -1.46258 1.08819
0.363 -1.22631 0.968587
0.364 -0.985359 0.845741
0.365 -0.740638 0.720246
0.366 -0.493087 0.592703
0.367 -0.243658 0.463717
0.368 0.00668794 0.333898
0.369 0.256982 0.203859
0.37 0.506255 0.0742092
0.371 0.753537 -0.0544436
0.372 0.997867 -0.181498
0.373 1.23829 -0.306363
0.374 1.47387 -0.428456
0.375 1.70368 -0.547209
0.376 1.92682 -0.662071
0.377 2.14241 -0.772507
0.378 2.34962 -0.878004
0.379 2.54761 -0.97807
0.38 2.73562 -1.07224
0.381 2.9129 -1.16007
0.382 3.07874 -1.24116
0.383 3.23251 -1.31511
0.384 3.37359 -1.38159
0.385 3.50142 -1.44027
0.386 3.61551 -1.49087
0.387 3.7154 -1.53315
0.388 3.8007 -1.56689
0.389 3.87108 -1.59192
0.39 3.92628 -1.60811
0.391 3.96606 -1.61537
0.392 3.9903 -1.61363
0.393 3.99891 -1.60288
0.394 3.99185 -1.58315
0.395 3.96919 -1.5545
0.396 3.93101 -1.51702
0.397 3.87751 -1.47087
0.398 3.80891 -1.41622
0.399 3.7255 -1.35328
0.4 3.62765 -1.28232
0.401 3.51578 -1.20361
0.402 3.39036 -1.11749
0.403 3.25193 -1.0243
0.404 3.10107 -0.924446
0.405 2.93843 -0.818334
0.406 2.76471 -0.706411
0.407 2.58063 -0.589151
0.408 2.38699 -0.467048
0.409 2.18461 -0.340622
0.41 1.97434 -0.21041
0.411 1.75709 -0.076967
0.412 1.53379 0.059135
0.413 1.30539 0.197313
0.414 1.07287 0.336973
0.415 0.837229 0.477515
0.416 0.599477 0.61833
0.417 0.360639 0.75881
0.418 0.121748 0.898347
0.419 -0.116163 1.03633
0.42 -0.352062 1.17217
0.421 -0.584922 1.30526
0.422 -0.813727 1.43503
0.423 -1.03748 1.5609
0.424 -1.25519 1.68232
0.425 -1.46589 1.79876
0.426 -1.66867 1.9097
0.427 -1.86261 2.01464
0.428 -2.04684 2.11313
0.429 -2.22053 2.20472
0.43 -2.3829 2.289
0.431 -2.53321 2.36559
0.432 -2.67075 2.43415
0.433 -2.79488 2.49435
0.434 -2.90502 2.54592
0.435 -3.00063 2.58862
0.436 -3.08125 2.62224
0.437 -3.14644 2.64663
0.438 -3.19588 2.66165
0.439 -3.22928 2.66724
0.44 -3.24641 2.66333
0.441 -3.24713 2.64994
0.442 -3.23137 2.62711
0.443 -3.1991 2.59491
0.444 -3.15038 2.55347
0.445 -3.08534 2.50296
0.446 -3.00417 2.44359
0.447 -2.90715 2.37559
0.448 -2.79459 2.29926
0.449 -2.66689 2.21491
0.45 -2.52452 2.1229
0.451 -2.36801 2.02364
0.452 -2.19793 1.91754
0.453 -2.01493 1.80506
0.454 -1.81972 1.6867
0.455 -1.61304 1.56296
0.456 -1.39572 1.43441
0.457 -1.16859 1.30159
0.458 -0.93256 1.1651
0.459 -0.688571 1.02556
0.46 -0.437596 0.883569
0.461 -0.180645 0.73978
0.462 0.0812428 0.594838
0.463 0.347004 0.449401
0.464 0.615553 0.304131
0.465 0.885791 0.159693
0.466 1.1566 0.0167528
0.467 1.42687 -0.124027
0.468 1.69548 -0.26199
0.469 1.96129 -0.396489
0.47 2.22321 -0.526886
0.471 2.48012 -0.65256
0.472 2.73095 -0.772905
0.473 2.97462 -0.887336
0.474 3.21009 -0.995289
0.475 3.43635 -1.09623
0.476 3.65242 -1.18964
0.477 3.85736 -1.27504
0.478 4.05027 -1.35198
0.479 4.2303 -1.42005
0.48 4.39663 -1.47887
0.481 4.54852 -1.52809
0.482 4.68527 -1.56741
0.483 4.80624 -1.59657
0.484 4.91086 -1.61536
0.485 4.99861 -1.62358
0.486 5.06904 -1.62113
0.487 5.12179 -1.6079
0.488 5.15654 -1.58385
0.489 5.17306 -1.54901
0.49 5.17118 -1.50341
0.491 5.15083 -1.44715
0.492 5.11199 -1.38039
0.493 5.05472 -1.30332
0.494 4.97916 -1.21618
0.495 4.88552 -1.11924
0.496 4.77409 -1.01285
0.497 4.64523 -0.897365
0.498 4.49937 -0.773205
0.499 4.33702 -0.640822
0.5 4.15874 -0.500709
0.501 3.96517 -0.353397
0.502 3.75702 -0.19945
0.503 3.53505 -0.0394659
0.504 3.30008 0.125927
0.505 3.05298 0.296072
0.506 2.7947 0.470286
0.507 2.5262 0.647864
0.508 2.24851 0.82808
0.509 1.9627 1.01019
0.51 1.66986 1.19344
0.511 1.37112 1.37705
0.512 1.06766 1.56025
0.513 0.760639 1.74226
0.514 0.451273 1.92228
0.515 0.140772 2.09954
0.516 -0.16964 2.27326
0.517 -0.478737 2.44265
0.518 -0.785294 2.60697
0.519 -1.08809 2.76546
0.52 -1.38592 2.91739
0.521 -1.67759 3.06205
0.522 -1.96194 3.19876
0.523 -2.23781 3.32684
0.524 -2.5041 3.44567
0.525 -2.75973 3.55465
0.526 -3.00365 3.6532
0.527 -3.23489 3.74081
0.528 -3.45248 3.81697
0.529 -3.65554 3.88124
0.53 -3.84324 3.93321
0.531 -4.01479 3.97252
0.532 -4.16948 3.99886
0.533 -4.30667 4.01197
0.534 -4.42577 4.01162
0.535 -4.52628 3.99766
0.536 -4.60776 3.96997
0.537 -4.66987 3.92849
0.538 -4.71231 3.87322
0.539 -4.73489 3.80421
0.54 -4.73748 3.72156
0.541 -4.72005 3.62543
0.542 -4.68264 3.51603
0.543 -4.62537 3.39362
0.544 -4.54844 3.25851
0.545 -4.45213 3.11108
0.546 -4.33681 2.95175
0.547 -4.20291 2.78097
0.548 -4.05096 2.59926
0.549 -3.88155 2.40719
0.55 -3.69534 2.20535
0.551 -3.49306 1.99439
0.552 -3.27551 1.775
0.553 -3.04357 1.54788
0.554 -2.79816 1.31381
0.555 -2.54026 1.07356
0.556 -2.27091 0.827953
0.557 -1.9912 0.577823
0.558 -1.70225 0.324033
0.559 -1.40525 0.0674661
0.56 -1.1014 -0.190982
0.561 -0.791945 -0.450403
0.562 -0.478146 -0.709878
0.563 -0.161294 -0.968486
0.564 0.157307 -1.2253
0.565 0.476343 -1.4794
0.566 0.794491 -1.72987
0.567 1.11043 -1.97579
0.568 1.42285 -2.21629
0.569 1.73043 -2.45046
0.57 2.0319 -2.67747
0.571 2.32597 -2.89646
0.572 2.61141 -3.10664
0.573 2.88701 -3.30722
0.574 3.15159 -3.49745
0.575 3.404 -3.67662
0.576 3.64318 -3.84407
0.577 3.86807 -3.99916
0.578 4.07769 -4.1413
0.579 4.27111 -4.26995
0.58 4.44748 -4.38462
0.581 4.60599 -4.48488
0.582 4.74592 -4.57033
0.583 4.86661 -4.64065
0.584 4.96748 -4.69554
0.585 5.04803 -4.73481
0.586 5.10785 -4.75827
0.587 5.14658 -4.76584
0.588 5.16398 -4.75746
0.589 5.15988 -4.73316
0.59 5.13419 -4.69301
0.591 5.08692 -4.63715
0.592 5.01815 -4.56578
0.593 4.92805 -4.47916
0.594 4.8169 -4.37759
0.595 4.68504 -4.26145
0.596 4.53289 -4.13117
0.597 4.36097 -3.98723
0.598 4.16988 -3.83017
0.599 3.96029 -3.66057
0.6 3.73294 -3.47906
0.601 3.48866 -3.28634
0.602 3.22834 -3.08311
0.603 2.95294 -2.87016
0.604 2.66347 -2.64827
0.605 2.36102 -2.4183
0.606 2.04672 -2.18112
0.607 1.72176 -1.93762
0.608 1.38736 -1.68874
0.609 1.04481 -1.43541
0.61 0.695393 -1.17862
0.611 0.340463 -0.91933
0.612 -0.01862 -0.658545
0.613 -0.380474 -0.39726
0.614 -0.743701 -0.136479
0.615 -1.10689 0.122796
0.616 -1.46864 0.379569
0.617 -1.82754 0.63285
0.618 -2.18219 0.881663
0.619 -2.53121 1.12505
0.62 -2.87322 1.36206
0.621 -3.20688 1.59178
0.622 -3.53089 1.81333
0.623 -3.84397 2.02583
0.624 -4.14487 2.22847
0.625 -4.43242 2.42046
0.626 -4.70547 2.60104
0.627 -4.96294 2.76951
0.628 -5.2038 2.92521
0.629 -5.42709 3.06753
0.63 -5.63191 3.19591
0.631 -5.81745 3.30984
0.632 -5.98296 3.40886
0.633 -6.12777 3.4926
0.634 -6.25129 3.56069
0.635 -6.35301 3.61288
0.636 -6.43251 3.64895
0.637 -6.48947 3.66874
0.638 -6.52364 3.67217
0.639 -6.53486 3.65919
0.64 -6.52307 3.62987
0.641 -6.48831 3.58428
0.642 -6.43067 3.52259
0.643 -6.35039 3.44504
0.644 -6.24774 3.35189
0.645 -6.12313 3.24351
0.646 -5.97703 3.12029
0.647 -5.81 2.9827
0.648 -5.62268 2.83126
0.649 -5.4158 2.66654
0.65 -5.19016 2.48916
0.651 -4.94664 2.2998
0.652 -4.6862 2.09917
0.653 -4.40984 1.88805
0.654 -4.11866 1.66723
0.655 -3.8138 1.43755
0.656 -3.49645 1.19991
0.657 -3.16786 0.955191
0.658 -2.82933 0.704344
0.659 -2.48219 0.448324
0.66 -2.12781 0.188112
0.661 -1.76758 -0.0752961
0.662 -1.40294 -0.340893
0.663 -1.03532 -0.60766
0.664 -0.666179 -0.874577
0.665 -0.296974 -1.14062
0.666 0.070831 -1.40477
0.667 0.43578 -1.66602
0.668 0.796425 -1.92337
0.669 1.15134 -2.17582
0.67 1.49911 -2.42242
0.671 1.83837 -2.66223
0.672 2.16776 -2.89432
0.673 2.48598 -3.1178
0.674 2.79177 -3.33184
0.675 3.08391 -3.5356
0.676 3.36125 -3.72832
0.677 3.62269 -3.90926
0.678 3.86718 -4.07774
0.679 4.09377 -4.23311
0.68 4.30156 -4.3748
0.681 4.48973 -4.50226
0.682 4.65752 -4.61501
0.683 4.8043 -4.71265
0.684 4.92947 -4.79479
0.685 5.03255 -4.86116
0.686 5.11315 -4.91149
0.687 5.17095 -4.94562
0.688 5.20573 -4.96343
0.689 5.21738 -4.96487
0.69 5.20585 -4.94995
0.691 5.17123 -4.91875
0.692 5.11365 -4.87141
0.693 5.03338 -4.80812
0.694 4.93075 -4.72915
0.695 4.80621 -4.63482
0.696 4.66026 -4.52552
0.697 4.49352 -4.40168
0.698 4.30668 -4.26381
0.699 4.10052 -4.11245
0.7 3.8759 -3.9482
0.701 3.63374 -3.77172
0.702 3.37504 -3.58369
0.703 3.10088 -3.38487
0.704 2.81238 -3.17603
0.705 2.51075 -2.95799
0.706 2.19722 -2.73161
0.707 1.87309 -2.49777
0.708 1.5397 -2.25737
0.709 1.19843 -2.01136
0.71 0.850686 -1.76069
0.711 0.497912 -1.50632
0.712 0.141564 -1.24925
0.713 -0.21688 -0.990454
0.714 -0.575937 -0.730933
0.715 -0.934117 -0.471681
0.716 -1.28993 -0.213689
0.717 -1.64191 0.0420624
0.718 -1.98858 0.294601
0.719 -2.3285 0.542973
0.72 -2.66026 0.786241
0.721 -2.98247 1.02349
0.722 -3.29377 1.25385
0.723 -3.59288 1.47645
0.724 -3.87852 1.69047
0.725 -4.14951 1.89513
0.726 -4.40469 2.08968
0.727 -4.64298 2.27343
0.728 -4.86337 2.44573
0.729 -5.06491 2.60595
0.73 -5.24675 2.75356
0.731 -5.4081 2.88804
0.732 -5.54824 3.00895
0.733 -5.66657 3.11589
0.734 -5.76255 3.20855
0.735 -5.83574 3.28664
0.736 -5.88579 3.34995
0.737 -5.91244 3.39833
0.738 -5.91555 3.4317
0.739 -5.89503 3.45002
0.74 -5.85092 3.45333
0.741 -5.78335 3.44173
0.742 -5.69255 3.41537
0.743 -5.57881 3.37449
0.744 -5.44256 3.31934
0.745 -5.2843 3.25028
0.746 -5.10462 3.1677
0.747 -4.90419 3.07204
0.748 -4.68377 2.96382
0.749 -4.44422 2.84357
0.75 -4.18645 2.71192
0.751 -3.91146 2.5695
0.752 -3.62033 2.41701
0.753 -3.31417 2.25518
0.754 -2.9942 2.08479
0.755 -2.66166 1.90664
0.756 -2.31786 1.72157
0.757 -1.96415 1.53043
0.758 -1.60192 1.33413
0.759 -1.2326 1.13356
0.76 -0.857658 0.929646
0.761 -0.478565 0.723333
0.762 -0.0968259 0.515561
0.763 0.286048 0.30728
0.764 0.668537 0.0994411
0.765 1.04912 -0.10701
0.766 1.4263 -0.311133
0.767 1.79856 -0.512
0.768 2.16444 -0.708697
0.769 2.52246 -0.900331
0.77 2.87122 -1.08603
0.771 3.20932 -1.26495
0.772 3.53542 -1.43627
0.773 3.84822 -1.59921
0.774 4.14647 -1.75303
0.775 4.429 -1.89701
0.776 4.69466 -2.0305
0.777 4.94242 -2.15288
0.778 5.17129 -2.26358
0.779 5.38036 -2.36207
0.78 5.56879 -2.44789
0.781 5.73586 -2.52063
0.782 5.88089 -2.57993
0.783 6.00332 -2.62548
0.784 6.10267 -2.65706
0.785 6.17855 -2.67448
0.786 6.23068 -2.67762
0.787 6.25887 -2.66643
0.788 6.26301 -2.6409
0.789 6.24311 -2.6011
0.79 6.19926 -2.54717
0.791 6.13167 -2.47928
0.792 6.04063 -2.3977
0.793 5.92652 -2.30271
0.794 5.78983 -2.1947
0.795 5.63113 -2.07407
0.796 5.4511 -1.94131
0.797 5.25047 -1.79695
0.798 5.03008 -1.64157
0.799 4.79086 -1.47579
0.8 4.5338 -1.30028
0.801 4.25996 -1.11577
0.802 3.97048 -0.923015
0.803 3.66656 -0.722801
0.804 3.34946 -0.515957
0.805 3.0205 -0.303341
0.806 2.68103 -0.0858357
0.807 2.33247 0.135653
0.808 1.97627 0.3602
0.809 1.61389 0.586864
0.81 1.24684 0.814694
0.811 0.876651 1.04273
0.812 0.50485 1.27001
0.813 0.132985 1.49558
0.814 -0.237399 1.71847
0.815 -0.604762 1.93773
0.816 -0.967574 2.15244
0.817 -1.32433 2.36167
0.818 -1.67353 2.56453
0.819 -2.01372 2.76013
0.82 -2.34349 2.94764
0.821 -2.66145 3.12624
0.822 -2.96627 3.29515
0.823 -3.25667 3.45363
0.824 -3.53142 3.60098
0.825 -3.78938 3.73654
0.826 -4.02945 3.85971
0.827 -4.25061 3.96992
0.828 -4.45192 4.06668
0.829 -4.63252 4.14953
0.83 -4.79163 4.21808
0.831 -4.92857 4.27199
0.832 -5.04274 4.31099
0.833 -5.13363 4.33487
0.834 -5.20083 4.34346
0.835 -5.24403 4.33668
0.836 -5.26301 4.3145
0.837 -5.25766 4.27697
0.838 -5.22796 4.22418
0.839 -5.17399 4.1563
0.84 -5.09594 4.07356
0.841 -4.99409 3.97624
0.842 -4.86882 3.8647
0.843 -4.72061 3.73935
0.844 -4.55003 3.60066
0.845 -4.35775 3.44914
0.846 -4.14452 3.2854
0.847 -3.91118 3.11004
0.848 -3.65866 2.92377
0.849 -3.38796 2.7273
0.85 -3.10017 2.52141
0.851 -2.79644 2.30691
0.852 -2.47798 2.08465
0.853 -2.14609 1.85553
0.854 -1.8021 1.62045
0.855 -1.44741 1.38036
0.856 -1.08345 1.13622
0.857 -0.711699 0.889033
0.858 -0.333671 0.639788
0.859 0.0490921 0.389502
0.86 0.435028 0.139194
0.861 0.822558 -0.110112
0.862 1.21009 -0.357395
0.863 1.59604 -0.601638
0.864 1.97882 -0.841834
0.865 2.35685 -1.07699
0.866 2.72856 -1.30613
0.867 3.09243 -1.5283
0.868 3.44693 -1.74257
0.869 3.79061 -1.94805
0.87 4.12201 -2.14387
0.871 4.43977 -2.3292
0.872 4.74253 -2.50326
0.873 5.02904 -2.66531
0.874 5.29807 -2.81463
0.875 5.54849 -2.95061
0.876 5.77922 -3.07262
0.877 5.98928 -3.18015
0.878 6.17775 -3.27271
0.879 6.3438 -3.34988
0.88 6.48671 -3.4113
0.881 6.60582 -3.45667
0.882 6.70059 -3.48577
0.883 6.77057 -3.49843
0.884 6.81539 -3.49455
0.885 6.83482 -3.4741
0.886 6.8287 -3.43712
0.887 6.79698 -3.38371
0.888 6.73971 -3.31404
0.889 6.65705 -3.22836
0.89 6.54927 -3.12696
0.891 6.41673 -3.01021
0.892 6.25988 -2.87855
0.893 6.07928 -2.73248
0.894 5.87559 -2.57255
0.895 5.64956 -2.39937
0.896 5.40203 -2.21361
0.897 5.13392 -2.016
0.898 4.84625 -1.80732
0.899 4.54011 -1.58837
0.9 4.21666 -1.36004
0.901 3.87714 -1.12322
0.902 3.52286 -0.878857
0.903 3.15517 -0.627939
0.904 2.7755 -0.371469
0.905 2.38531 -0.110483
0.906 1.98613 0.153961
0.907 1.57949 0.420791
0.908 1.16699 0.688916
0.909 0.750224 0.957239
0.91 0.330829 1.22466
0.911 -0.0895597 1.49007
0.912 -0.509297 1.75237
0.913 -0.926738 2.01048
0.914 -1.34025 2.26331
0.915 -1.7482 2.50981
0.916 -2.149 2.74893
0.917 -2.54106 2.97965
0.918 -2.92285 3.20101
0.919 -3.29286 3.41203
0.92 -3.64964 3.61182
0.921 -3.99178 3.7995
0.922 -4.31793 3.97423
0.923 -4.62682 4.13525
0.924 -4.91721 4.28182
0.925 -5.18798 4.41328
0.926 -5.43804 4.52899
0.927 -5.66643 4.62842
0.928 -5.87223 4.71106
0.929 -6.05463 4.77649
0.93 -6.21294 4.82433
0.931 -6.34651 4.85431
0.932 -6.45484 4.86618
0.933 -6.53749 4.8598
0.934 -6.59416 4.83508
0.935 -6.62463 4.79199
0.936 -6.62878 4.73062
0.937 -6.60661 4.65107
0.938 -6.55822 4.55355
0.939 -6.48383 4.43834
0.94 -6.38373 4.30578
0.941 -6.25834 4.15626
0.942 -6.10818 3.99028
0.943 -5.93386 3.80837
0.944 -5.73609 3.61114
0.945 -5.51568 3.39925
0.946 -5.27353 3.17343
0.947 -5.01061 2.93446
0.948 -4.72801 2.68318
0.949 -4.42686 2.42046
0.95 -4.10839 2.14724
0.951 -3.7739 1.86449
0.952 -3.42473 1.57322
0.953 -3.06232 1.27449
0.954 -2.68813 0.969357
0.955 -2.30369 0.65894
0.956 -1.91055 0.344365
0.957 -1.51032 0.0267766
0.958 -1.10461 -0.292664
0.959 -0.695091 -0.612787
0.96 -0.283418 -0.932419
0.961 0.128729 -1.25038
0.962 0.539673 -1.56551
0.963 0.947736 -1.87664
0.964 1.35126 -2.18262
0.965 1.74858 -2.48232
0.966 2.13809 -2.77464
0.967 2.51819 -3.0585
0.968 2.88733 -3.33283
0.969 3.24399 -3.59663
0.97 3.5867 -3.84893
0.971 3.91406 -4.08878
0.972 4.22472 -4.31531
0.973 4.5174 -4.52767
0.974 4.79089 -4.72508
0.975 5.04404 -4.90682
0.976 5.27582 -5.07221
0.977 5.48524 -5.22066
0.978 5.67144 -5.35162
0.979 5.83362 -5.46461
0.98 5.9711 -5.55924
0.981 6.08328 -5.63515
0.982 6.16967 -5.6921
0.983 6.22988 -5.72989
0.984 6.26364 -5.74839
0.985 6.27076 -5.74757
0.986 6.25117 -5.72745
0.987 6.20491 -5.68813
0.988 6.13213 -5.62979
0.989 6.03307 -5.55269
0.99 5.9081 -5.45713
0.991 5.75766 -5.34352
0.992 5.58233 -5.2123
0.993 5.38277 -5.06402
0.994 5.15973 -4.89926
0.995 4.91407 -4.71869
0.996 4.64674 -4.523
0.997 4.35876 -4.31299
0.998 4.05127 -4.08948
0.999 3.72544 -3.85335
1 3.38256 -3.60552
