0.001 3.3419e-008 2.45169e-009
0.002 3.051e-007 1.9692e-008
0.003 1.44181e-006 8.17328e-008
0.004 4.78585e-006 2.39922e-007
0.005 1.26861e-005 5.69368e-007
0.006 2.87792e-005 1.17302e-006
0.007 5.8258e-005 2.18782e-006
0.008 0.000108126 3.79346e-006
0.009 0.000187432 6.22388e-006
0.01 0.00030749 9.78217e-006
0.011 0.00048207 1.4859e-005
0.012 0.000727574 2.19547e-005
0.013 0.00106318 3.17059e-005
0.014 0.00151095 4.49157e-005
0.015 0.00209595 6.25889e-005
0.016 0.00284627 8.59713e-005
0.017 0.00379309 0.000116593
0.018 0.00497065 0.000156318
0.019 0.00641622 0.000207395
0.02 0.00817006 0.000272515
0.021 0.0102753 0.000354872
0.022 0.0127777 0.000458228
0.023 0.0157257 0.000586978
0.024 0.0191701 0.000746224
0.025 0.0231639 0.000941845
0.026 0.0277616 0.00118057
0.027 0.0330198 0.00147007
0.028 0.0389961 0.00181901
0.029 0.0457488 0.00223714
0.03 0.0533373 0.00273537
0.031 0.0618205 0.00332586
0.032 0.0712576 0.00402206
0.033 0.0817068 0.00483881
0.034 0.0932251 0.00579239
0.035 0.105868 0.00690061
0.036 0.119689 0.00818282
0.037 0.13474 0.00966
0.038 0.151067 0.0113548
0.039 0.168715 0.0132915
0.04 0.187725 0.0154962
0.041 0.208133 0.0179968
0.042 0.229968 0.0208227
0.043 0.253258 0.0240053
0.044 0.278021 0.0275775
0.045 0.304271 0.0315742
0.046 0.332015 0.0360317
0.047 0.361252 0.0409879
0.048 0.391975 0.0464826
0.049 0.424168 0.0525566
0.05 0.457808 0.0592524
0.051 0.492863 0.0666134
0.052 0.529293 0.0746846
0.053 0.56705 0.0835114
0.054 0.606075 0.0931406
0.055 0.646303 0.103619
0.056 0.687659 0.114995
0.057 0.730058 0.127315
0.058 0.773407 0.140629
0.059 0.817604 0.154983
0.06 0.862541 0.170424
0.061 0.908097 0.187
0.062 0.954148 0.204756
0.063 1.00056 0.223736
0.064 1.04719 0.243983
0.065 1.09388 0.265538
0.066 1.14049 0.28844
0.067 1.18686 0.312724
0.068 1.23281 0.338425
0.069 1.27817 0.365573
0.07 1.32278 0.394195
0.071 1.36645 0.424313
0.072 1.40899 0.455948
0.073 1.45024 0.489114
0.074 1.48999 0.523822
0.075 1.52807 0.560075
0.076 1.5643 0.597873
0.077 1.59848 0.637212
0.078 1.63044 0.678078
0.079 1.65999 0.720455
0.08 1.68698 0.764317
0.081 1.71122 0.809634
0.082 1.73256 0.856367
0.083 1.75084 0.904472
0.084 1.7659 0.953897
0.085 1.77762 1.00458
0.086 1.78586 1.05646
0.087 1.7905 1.10946
0.088 1.79143 1.16349
0.089 1.78856 1.21848
0.09 1.7818 1.27431
0.091 1.77108 1.33088
0.092 1.75635 1.38809
0.093 1.73756 1.44582
0.094 1.71468 1.50393
0.095 1.68771 1.56229
0.096 1.65665 1.62076
0.097 1.62152 1.67919
0.098 1.58236 1.73744
0.099 1.53923 1.79533
0.1 1.49219 1.85271
0.101 1.44135 1.9094
0.102 1.3868 1.96523
0.103 1.32867 2.02002
0.104 1.26711 2.07358
0.105 1.20226 2.12573
0.106 1.13432 2.17628
0.107 1.06346 2.22503
0.108 0.989905 2.2718
0.109 0.913864 2.31639
0.11 0.83558 2.3586
0.111 0.755302 2.39825
0.112 0.673295 2.43513
0.113 0.589835 2.46907
0.114 0.505209 2.49986
0.115 0.419715 2.52734
0.116 0.333659 2.55132
0.117 0.247356 2.57162
0.118 0.161129 2.58809
0.119 0.0753035 2.60054
0.12 -0.00978762 2.60885
0.121 -0.0938099 2.61285
0.122 -0.176427 2.61241
0.123 -0.257302 2.6074
0.124 -0.3361 2.59771
0.125 -0.412487 2.58324
0.126 -0.486135 2.56388
0.127 -0.55672 2.53957
0.128 -0.623927 2.51023
0.129 -0.687446 2.47581
0.13 -0.74698 2.43627
0.131 -0.802242 2.39159
0.132 -0.852958 2.34176
0.133 -0.898869 2.28678
0.134 -0.939729 2.22669
0.135 -0.975312 2.16152
0.136 -1.00541 2.09132
0.137 -1.02982 2.01618
0.138 -1.04839 1.93619
0.139 -1.06096 1.85144
0.14 -1.06741 1.76208
0.141 -1.06763 1.66823
0.142 -1.06155 1.57007
0.143 -1.0491 1.46777
0.144 -1.03027 1.36153
0.145 -1.00504 1.25155
0.146 -0.973444 1.13806
0.147 -0.935527 1.02131
0.148 -0.891367 0.901556
0.149 -0.841069 0.779065
0.15 -0.784763 0.654128
0.151 -0.722606 0.527042
0.152 -0.654782 0.398122
0.153 -0.581503 0.267689
0.154 -0.503005 0.13608
0.155 -0.419549 0.00363896
0.156 -0.33142 -0.129282
0.157 -0.23893 -0.26232
0.158 -0.142409 -0.39511
0.159 -0.0422126 -0.527276
0.16 0.0612852 -0.658443
0.161 0.16769 -0.788229
0.162 0.276591 -0.916253
0.163 0.387559 -1.04213
0.164 0.500151 -1.16548
0.165 0.613909 -1.28593
0.166 0.728367 -1.40309
0.167 0.843045 -1.5166
0.168 0.957457 -1.62608
0.169 1.07111 -1.7312
0.17 1.18351 -1.83158
0.171 1.29415 -1.92691
0.172 1.40254 -2.01684
0.173 1.50818 -2.10107
0.174 1.61057 -2.17931
0.175 1.70923 -2.25125
0.176 1.80368 -2.31665
0.177 1.89344 -2.37525
0.178 1.97806 -2.42682
0.179 2.0571 -2.47116
0.18 2.13013 -2.50807
0.181 2.19673 -2.53738
0.182 2.25652 -2.55897
0.183 2.30914 -2.57271
0.184 2.35423 -2.5785
0.185 2.39147 -2.57627
0.186 2.42059 -2.56599
0.187 2.4413 -2.54764
0.188 2.45338 -2.52123
0.189 2.45663 -2.4868
0.19 2.45086 -2.4444
0.191 2.43596 -2.39414
0.192 2.41181 -2.33614
0.193 2.37834 -2.27053
0.194 2.33552 -2.19751
0.195 2.28337 -2.11726
0.196 2.22191 -2.03002
0.197 2.15122 -1.93604
0.198 2.07143 -1.8356
0.199 1.98268 -1.729
0.2 1.88517 -1.61658
0.201 1.77911 -1.49869
0.202 1.66478 -1.3757
0.203 1.54246 -1.248
0.204 1.41249 -1.11601
0.205 1.27524 -0.980162
0.206 1.1311 -0.840909
0.207 0.980499 -0.698718
0.208 0.823903 -0.554068
0.209 0.661796 -0.407454
0.21 0.494693 -0.25938
0.211 0.323133 -0.110361
0.212 0.147678 0.0390791
0.213 -0.0310878 0.188413
0.214 -0.212562 0.337108
0.215 -0.396125 0.484629
0.216 -0.581144 0.630439
0.217 -0.766973 0.774005
0.218 -0.952956 0.914796
0.219 -1.13843 1.05229
0.22 -1.32273 1.18596
0.221 -1.50519 1.3153
0.222 -1.68513 1.43982
0.223 -1.86189 1.55902
0.224 -2.03482 1.67244
0.225 -2.20326 1.77962
0.226 -2.36658 1.88012
0.227 -2.52414 1.97354
0.228 -2.67534 2.05947
0.229 -2.81959 2.13755
0.23 -2.95633 2.20742
0.231 -3.085 2.26877
0.232 -3.2051 2.32131
0.233 -3.31613 2.36476
0.234 -3.41763 2.3989
0.235 -3.50918 2.42353
0.236 -3.59039 2.43846
0.237 -3.6609 2.44357
0.238 -3.72041 2.43875
0.239 -3.76863 2.42393
0.24 -3.80532 2.39907
0.241 -3.83031 2.36418
0.242 -3.84343 2.31928
0.243 -3.84459 2.26445
0.244 -3.83373 2.19979
0.245 -3.81083 2.12544
0.246 -3.77593 2.04159
0.247 -3.72911 1.94843
0.248 -3.67049 1.84621
0.249 -3.60025 1.73522
0.25 -3.5186 1.61576
0.251 -3.42581 1.48818
0.252 -3.32218 1.35284
0.253 -3.20808 1.21015
0.254 -3.08388 1.06054
0.255 -2.95003 0.904467
0.256 -2.80701 0.742413
0.257 -2.65532 0.574884
0.258 -2.49552 0.402408
0.259 -2.32819 0.225535
0.26 -2.15394 0.0448292
0.261 -1.97343 -0.139125
0.262 -1.78733 -0.32573
0.263 -1.59633 -0.514376
0.264 -1.40116 -0.704444
0.265 -1.20257 -0.895305
0.266 -1.00131 -1.08633
0.267 -0.798145 -1.27687
0.268 -0.593871 -1.46631
0.269 -0.389278 -1.65399
0.27 -0.185161 -1.83928
0.271 0.0176809 -2.02157
0.272 0.21845 -2.20022
0.273 0.416353 -2.37464
0.274 0.610605 -2.54422
0.275 0.800433 -2.70838
0.276 0.985075 -2.86656
0.277 1.16379 -3.01822
0.278 1.33585 -3.16283
0.279 1.50057 -3.29988
0.28 1.65726 -3.42891
0.281 1.80529 -3.54946
0.282 1.94403 -3.66112
0.283 2.07292 -3.7635
0.284 2.19141 -3.85623
0.285 2.299 -3.939
0.286 2.39522 -4.0115
0.287 2.47967 -4.0735
0.288 2.55196 -4.12476
0.289 2.61178 -4.16512
0.29 2.65884 -4.19442
0.291 2.69293 -4.21256
0.292 2.71386 -4.21948
0.293 2.72151 -4.21516
0.294 2.71581 -4.19961
0.295 2.69674 -4.17288
0.296 2.66434 -4.13506
0.297 2.6187 -4.08631
0.298 2.55996 -4.02678
0.299 2.48832 -3.95668
0.3 2.40402 -3.87628
0.301 2.30738 -3.78584
0.302 2.19873 -3.6857
0.303 2.07849 -3.57621
0.304 1.94711 -3.45776
0.305 1.80507 -3.33077
0.306 1.65293 -3.19569
0.307 1.49127 -3.053
0.308 1.32071 -2.90321
0.309 1.14192 -2.74686
0.31 0.9556 -2.58448
0.311 0.762486 -2.41667
0.312 0.563342 -2.24402
0.313 0.358959 -2.06713
0.314 0.150155 -1.88663
0.315 -0.0622322 -1.70316
0.316 -0.277347 -1.51736
0.317 -0.494319 -1.32989
0.318 -0.712265 -1.14141
0.319 -0.930296 -0.95257
0.32 -1.14752 -0.764035
0.321 -1.36304 -0.57646
0.322 -1.57596 -0.390495
0.323 -1.78541 -0.206783
0.324 -1.9905 -0.0259546
0.325 -2.19038 0.15137
0.326 -2.38421 0.324589
0.327 -2.57115 0.493114
0.328 -2.75042 0.656381
0.329 -2.92124 0.813846
0.33 -3.08288 0.964987
0.331 -3.23462 1.10931
0.332 -3.37581 1.24636
0.333 -3.5058 1.37568
0.334 -3.62402 1.49689
0.335 -3.72993 1.6096
0.336 -3.82302 1.71347
0.337 -3.90286 1.80822
0.338 -3.96905 1.89357
0.339 -4.02125 1.9693
0.34 -4.05918 2.03521
0.341 -4.0826 2.09117
0.342 -4.09136 2.13705
0.343 -4.08533 2.1728
0.344 -4.06446 2.19838
0.345 -4.02876 2.21382
0.346 -3.97828 2.21915
0.347 -3.91316 2.21447
0.348 -3.83358 2.19992
0.349 -3.73978 2.17567
0.35 -3.63207 2.14193
0.351 -3.51078 2.09894
0.352 -3.37635 2.047
0.353 -3.22924 1.98641
0.354 -3.06996 1.91754
0.355 -2.89909 1.84077
0.356 -2.71724 1.75651
0.357 -2.52508 1.66522
0.358 -2.32331 1.56735
0.359 -2.11268 1.46342
0.36 -1.89399 1.35395
0.361 -1.66804 1.23947
0.362 -1.43569 1.12054
0.363 -1.19783 0.997754
0.364 -0.955352 0.871688
0.365 -0.709187 0.742951
0.366 -0.460278 0.612153
0.367 -0.209582 0.479914
0.368 0.0419344 0.346856
0.369 0.293299 0.213602
0.37 0.543537 0.0807759
0.371 0.791677 -0.0510039
0.372 1.03675 -0.181125
0.373 1.27781 -0.308983
0.374 1.5139 -0.433987
0.375 1.7441 -0.555558
0.376 1.96752 -0.673134
0.377 2.18326 -0.786171
0.378 2.39049 -0.894147
0.379 2.58839 -0.996563
0.38 2.77618 -1.09294
0.381 2.95312 -1.18284
0.382 3.11851 -1.26584
0.383 3.27171 -1.34155
0.384 3.41209 -1.40962
0.385 3.53912 -1.46972
0.386 3.65229 -1.52157
0.387 3.75116 -1.56492
0.388 3.83534 -1.59956
0.389 3.9045 -1.62531
0.39 3.95837 -1.64204
0.391 3.99676 -1.64966
0.392 4.01952 -1.6481
0.393 4.02656 -1.63735
0.394 4.01788 -1.61745
0.395 3.99353 -1.58845
0.396 3.95362 -1.55045
0.397 3.89832 -1.50362
0.398 3.82789 -1.44812
0.399 3.74262 -1.38419
0.4 3.64288 -1.31208
0.401 3.52911 -1.23208
0.402 3.40178 -1.14454
0.403 3.26144 -1.0498
0.404 3.10868 -0.948279
0.405 2.94416 -0.840388
0.406 2.76858 -0.726587
0.407 2.58267 -0.607357
0.408 2.38725 -0.483205
0.409 2.18313 -0.354657
0.41 1.97118 -0.222264
0.411 1.75232 -0.0865904
0.412 1.52747 0.0517816
0.413 1.29761 0.192258
0.414 1.06371 0.334234
0.415 0.826773 0.477097
0.416 0.587828 0.62023
0.417 0.347901 0.763012
0.418 0.108028 0.904825
0.419 -0.130753 1.04505
0.42 -0.367405 1.18308
0.421 -0.600899 1.31831
0.422 -0.830214 1.45015
0.423 -1.05435 1.57802
0.424 -1.27231 1.70136
0.425 -1.48315 1.81962
0.426 -1.68592 1.93228
0.427 -1.87972 2.03885
0.428 -2.06368 2.13884
0.429 -2.23699 2.23182
0.43 -2.39883 2.31736
0.431 -2.54849 2.39508
0.432 -2.68525 2.46463
0.433 -2.80849 2.52568
0.434 -2.91762 2.57797
0.435 -3.01211 2.62125
0.436 -3.09149 2.6553
0.437 -3.15535 2.67998
0.438 -3.20336 2.69515
0.439 -3.23523 2.70073
0.44 -3.25076 2.69668
0.441 -3.2498 2.68301
0.442 -3.23228 2.65975
0.443 -3.1982 2.627
0.444 -3.14762 2.58488
0.445 -3.08067 2.53356
0.446 -2.99756 2.47325
0.447 -2.89857 2.40421
0.448 -2.78402 2.32673
0.449 -2.65434 2.24113
0.45 -2.50998 2.14779
0.451 -2.35149 2.04709
0.452 -2.17945 1.93949
0.453 -1.99453 1.82545
0.454 -1.79744 1.70546
0.455 -1.58894 1.58005
0.456 -1.36984 1.44979
0.457 -1.14101 1.31523
0.458 -0.903366 1.17699
0.459 -0.657844 1.03567
0.46 -0.405432 0.891921
0.461 -0.14715 0.746381
0.462 0.115958 0.599711
0.463 0.382819 0.452578
0.464 0.652343 0.305654
0.465 0.923422 0.159615
0.466 1.19494 0.0151358
0.467 1.46577 -0.127113
0.468 1.73478 -0.266464
0.469 2.00085 -0.402263
0.47 2.26287 -0.533865
0.471 2.51973 -0.660639
0.472 2.77033 -0.781974
0.473 3.01362 -0.897278
0.474 3.24854 -1.00598
0.475 3.47409 -1.10754
0.476 3.68929 -1.20144
0.477 3.89319 -1.28719
0.478 4.08491 -1.36435
0.479 4.26358 -1.43249
0.48 4.42841 -1.49124
0.481 4.57864 -1.54024
0.482 4.71359 -1.5792
0.483 4.83262 -1.60785
0.484 4.93517 -1.62599
0.485 5.02072 -1.63343
0.486 5.08883 -1.63004
0.487 5.13915 -1.61575
0.488 5.17137 -1.59052
0.489 5.18527 -1.55435
0.49 5.18069 -1.50732
0.491 5.15756 -1.44952
0.492 5.11587 -1.38112
0.493 5.05571 -1.3023
0.494 4.97721 -1.21333
0.495 4.88061 -1.11448
0.496 4.7662 -1.00611
0.497 4.63436 -0.888593
0.498 4.48552 -0.76235
0.499 4.3202 -0.627849
0.5 4.13899 -0.485595
0.501 3.94254 -0.336128
0.502 3.73156 -0.180026
0.503 3.50682 -0.0178991
0.504 3.26917 0.149612
0.505 3.01948 0.321837
0.506 2.75871 0.498082
0.507 2.48783 0.677628
0.508 2.20789 0.859736
0.509 1.91996 1.04365
0.51 1.62515 1.2286
0.511 1.3246 1.4138
0.512 1.01948 1.59847
0.513 0.710975 1.78181
0.514 0.400302 1.96302
0.515 0.0886792 2.14132
0.516 -0.222664 2.31589
0.517 -0.532495 2.48598
0.518 -0.839585 2.6508
0.519 -1.14271 2.8096
0.52 -1.44066 2.96164
0.521 -1.73224 3.1062
0.522 -2.01629 3.2426
0.523 -2.29165 3.37016
0.524 -2.55721 3.48824
0.525 -2.81191 3.59625
0.526 -3.05469 3.69361
0.527 -3.28458 3.77979
0.528 -3.50063 3.8543
0.529 -3.70195 3.91669
0.53 -3.88772 3.96656
0.531 -4.05716 4.00355
0.532 -4.20956 4.02734
0.533 -4.34429 4.03769
0.534 -4.46078 4.03438
0.535 -4.55853 4.01725
0.536 -4.63712 3.9862
0.537 -4.6962 3.94118
0.538 -4.7355 3.88219
0.539 -4.75484 3.8093
0.54 -4.75411 3.72262
0.541 -4.73327 3.62231
0.542 -4.6924 3.50861
0.543 -4.63161 3.38178
0.544 -4.55113 3.24216
0.545 -4.45126 3.09013
0.546 -4.33238 2.92613
0.547 -4.19493 2.75063
0.548 -4.03946 2.56417
0.549 -3.86657 2.36732
0.55 -3.67693 2.16071
0.551 -3.47131 1.94499
0.552 -3.25051 1.72087
0.553 -3.01542 1.48909
0.554 -2.76697 1.25042
0.555 -2.50617 1.00567
0.556 -2.23407 0.755656
0.557 -1.95177 0.501251
0.558 -1.66041 0.243329
0.559 -1.36118 -0.0172095
0.56 -1.05529 -0.279452
0.561 -0.744011 -0.542473
0.562 -0.428605 -0.805339
0.563 -0.110373 -1.06711
0.564 0.209372 -1.32685
0.565 0.529307 -1.58362
0.566 0.848105 -1.83649
0.567 1.16444 -2.08454
0.568 1.47699 -2.32687
0.569 1.78444 -2.56257
0.57 2.08551 -2.7908
0.571 2.37892 -3.01069
0.572 2.66342 -3.22144
0.573 2.93782 -3.42226
0.574 3.20092 -3.61239
0.575 3.45161 -3.79113
0.576 3.68879 -3.95779
0.577 3.91143 -4.11174
0.578 4.11855 -4.25241
0.579 4.30924 -4.37924
0.58 4.48264 -4.49175
0.581 4.63795 -4.58951
0.582 4.77447 -4.67213
0.583 4.89155 -4.73928
0.584 4.98863 -4.7907
0.585 5.0652 -4.82618
0.586 5.12088 -4.84556
0.587 5.15532 -4.84875
0.588 5.1683 -4.83573
0.589 5.15966 -4.80653
0.59 5.12934 -4.76123
0.591 5.07734 -4.69999
0.592 5.00378 -4.62302
0.593 4.90885 -4.53061
0.594 4.79284 -4.42307
0.595 4.6561 -4.30081
0.596 4.49909 -4.16428
0.597 4.32233 -4.01397
0.598 4.12645 -3.85044
0.599 3.91214 -3.6743
0.6 3.68015 -3.4862
0.601 3.43134 -3.28686
0.602 3.1666 -3.07702
0.603 2.88693 -2.85747
0.604 2.59335 -2.62904
0.605 2.28696 -2.39258
0.606 1.96892 -2.149
0.607 1.64042 -1.89923
0.608 1.30272 -1.6442
0.609 0.957087 -1.38489
0.61 0.604857 -1.12229
0.611 0.247376 -0.857399
0.612 -0.11398 -0.591236
0.613 -0.477818 -0.324817
0.614 -0.84273 -0.0591649
0.615 -1.2073 0.2047
0.616 -1.57011 0.465763
0.617 -1.92975 0.723018
0.618 -2.28481 0.975472
0.619 -2.6339 1.22215
0.62 -2.97565 1.4621
0.621 -3.30872 1.69439
0.622 -3.6318 1.91812
0.623 -3.94361 2.13241
0.624 -4.24292 2.33644
0.625 -4.52853 2.52942
0.626 -4.79933 2.71057
0.627 -5.05422 2.8792
0.628 -5.2922 3.03465
0.629 -5.5123 3.17629
0.63 -5.71364 3.30358
0.631 -5.89542 3.41601
0.632 -6.0569 3.51312
0.633 -6.19743 3.59454
0.634 -6.31642 3.65992
0.635 -6.41339 3.70901
0.636 -6.48793 3.7416
0.637 -6.53974 3.75755
0.638 -6.56858 3.75677
0.639 -6.57433 3.73926
0.64 -6.55693 3.70507
0.641 -6.51643 3.65432
0.642 -6.45297 3.58718
0.643 -6.36679 3.50389
0.644 -6.25821 3.40477
0.645 -6.12762 3.29019
0.646 -5.97554 3.16056
0.647 -5.80255 3.01637
0.648 -5.6093 2.85818
0.649 -5.39655 2.68657
0.65 -5.16513 2.50219
0.651 -4.91594 2.30574
0.652 -4.64994 2.09797
0.653 -4.36818 1.87966
0.654 -4.07176 1.65166
0.655 -3.76185 1.41482
0.656 -3.43965 1.17005
0.657 -3.10645 0.918281
0.658 -2.76354 0.660481
0.659 -2.41228 0.39763
0.66 -2.05406 0.130735
0.661 -1.69029 -0.139183
0.662 -1.3224 -0.411093
0.663 -0.951855 -0.683954
0.664 -0.580115 -0.956721
0.665 -0.208651 -1.22835
0.666 0.161066 -1.4978
0.667 0.527571 -1.76404
0.668 0.889413 -2.02606
0.669 1.24516 -2.28284
0.67 1.59339 -2.53342
0.671 1.93274 -2.77682
0.672 2.26185 -3.01212
0.673 2.57942 -3.23842
0.674 2.88418 -3.45485
0.675 3.17494 -3.6606
0.676 3.45054 -3.85488
0.677 3.70989 -4.03694
0.678 3.95195 -4.20611
0.679 4.17578 -4.36173
0.68 4.38048 -4.50321
0.681 4.56525 -4.63004
0.682 4.72936 -4.74172
0.683 4.87217 -4.83784
0.684 4.99311 -4.91805
0.685 5.09172 -4.98204
0.686 5.1676 -5.0296
0.687 5.22049 -5.06054
0.688 5.25017 -5.07477
0.689 5.25654 -5.07225
0.69 5.2396 -5.053
0.691 5.19944 -5.01712
0.692 5.13622 -4.96475
0.693 5.05023 -4.89613
0.694 4.94183 -4.81153
0.695 4.81148 -4.71129
0.696 4.65973 -4.59582
0.697 4.4872 -4.46558
0.698 4.29461 -4.3211
0.699 4.08278 -4.16293
0.7 3.85257 -3.99172
0.701 3.60493 -3.80813
0.702 3.3409 -3.61289
0.703 3.06156 -3.40676
0.704 2.76807 -3.19056
0.705 2.46164 -2.96511
0.706 2.14355 -2.73132
0.707 1.8151 -2.49008
0.708 1.47765 -2.24232
0.709 1.1326 -1.98902
0.71 0.781372 -1.73115
0.711 0.425427 -1.46971
0.712 0.066236 -1.2057
0.713 -0.294714 -0.940132
0.714 -0.655924 -0.674028
0.715 -1.0159 -0.408403
0.716 -1.37314 -0.144269
0.717 -1.72616 0.117372
0.718 -2.0735 0.37553
0.719 -2.4137 0.629231
0.72 -2.74534 0.877524
0.721 -3.06705 1.11948
0.722 -3.37747 1.3542
0.723 -3.6753 1.58082
0.724 -3.95928 1.7985
0.725 -4.22823 2.00645
0.726 -4.481 2.20392
0.727 -4.71653 2.39019
0.728 -4.9338 2.56462
0.729 -5.13188 2.72659
0.73 -5.30994 2.87553
0.731 -5.46718 3.01096
0.732 -5.60293 3.13242
0.733 -5.71659 3.23952
0.734 -5.80763 3.33194
0.735 -5.87564 3.40941
0.736 -5.92028 3.47172
0.737 -5.94134 3.51873
0.738 -5.93866 3.55036
0.739 -5.91221 3.5666
0.74 -5.86203 3.56749
0.741 -5.78829 3.55314
0.742 -5.69122 3.52374
0.743 -5.57117 3.4795
0.744 -5.42858 3.42074
0.745 -5.26396 3.3478
0.746 -5.07794 3.2611
0.747 -4.87122 3.16111
0.748 -4.64458 3.04835
0.749 -4.39891 2.92339
0.75 -4.13514 2.78687
0.751 -3.85429 2.63945
0.752 -3.55747 2.48185
0.753 -3.24582 2.31482
0.754 -2.92057 2.13917
0.755 -2.58299 1.95571
0.756 -2.23441 1.76531
0.757 -1.8762 1.56885
0.758 -1.50976 1.36725
0.759 -1.13656 1.16143
0.76 -0.758054 0.952345
0.761 -0.375749 0.740946
0.762 0.00884346 0.528203
0.763 0.394198 0.315084
0.764 0.778786 0.102559
0.765 1.16108 -0.108406
0.766 1.53956 -0.316854
0.767 1.91273 -0.52184
0.768 2.2791 -0.722435
0.769 2.63721 -0.91773
0.77 2.98564 -1.10684
0.771 3.323 -1.28891
0.772 3.64795 -1.46311
0.773 3.9592 -1.62864
0.774 4.2555 -1.78477
0.775 4.53569 -1.93076
0.776 4.79864 -2.06596
0.777 5.04331 -2.18974
0.778 5.26873 -2.30152
0.779 5.474 -2.4008
0.78 5.65833 -2.48709
0.781 5.82096 -2.55999
0.782 5.96128 -2.61914
0.783 6.07871 -2.66426
0.784 6.17282 -2.6951
0.785 6.24324 -2.7115
0.786 6.28969 -2.71333
0.787 6.31201 -2.70057
0.788 6.31013 -2.67321
0.789 6.28408 -2.63135
0.79 6.23397 -2.57511
0.791 6.16004 -2.5047
0.792 6.0626 -2.42039
0.793 5.94207 -2.3225
0.794 5.79896 -2.21141
0.795 5.63386 -2.08756
0.796 5.44748 -1.95145
0.797 5.2406 -1.80361
0.798 5.01406 -1.64467
0.799 4.76882 -1.47525
0.8 4.5059 -1.29606
0.801 4.22639 -1.10783
0.802 3.93146 -0.911341
0.803 3.62231 -0.707405
0.804 3.30024 -0.496869
0.805 2.96659 -0.280611
0.806 2.62274 -0.0595344
0.807 2.27011 0.165436
0.808 1.91016 0.393354
0.809 1.5444 0.623262
0.81 1.17434 0.854189
0.811 0.801509 1.08516
0.812 0.427466 1.31519
0.813 0.0537629 1.54331
0.814 -0.318047 1.76855
0.815 -0.686417 1.98993
0.816 -1.04981 2.20652
0.817 -1.40672 2.41739
0.818 -1.75565 2.62162
0.819 -2.09514 2.81833
0.82 -2.42378 3.00666
0.821 -2.74019 3.18581
0.822 -3.04305 3.35497
0.823 -3.33107 3.51341
0.824 -3.60305 3.66043
0.825 -3.85785 3.79536
0.826 -4.09439 3.9176
0.827 -4.31165 4.02661
0.828 -4.50872 4.12186
0.829 -4.68476 4.20292
0.83 -4.83901 4.2694
0.831 -4.9708 4.32098
0.832 -5.07955 4.35737
0.833 -5.16478 4.37839
0.834 -5.22611 4.38389
0.835 -5.26324 4.37379
0.836 -5.276 4.34808
0.837 -5.26428 4.30682
0.838 -5.22811 4.25011
0.839 -5.16759 4.17815
0.84 -5.08294 4.09118
0.841 -4.97446 3.98951
0.842 -4.84258 3.8735
0.843 -4.68779 3.7436
0.844 -4.5107 3.60028
0.845 -4.312 3.4441
0.846 -4.09248 3.27566
0.847 -3.85301 3.09561
0.848 -3.59454 2.90466
0.849 -3.3181 2.70356
0.85 -3.02481 2.49309
0.851 -2.71585 2.2741
0.852 -2.39245 2.04747
0.853 -2.05593 1.81409
0.854 -1.70765 1.57491
0.855 -1.34902 1.33089
0.856 -0.981505 1.08301
0.857 -0.606597 0.832293
0.858 -0.225827 0.579745
0.859 0.159248 0.326402
0.86 0.547052 0.0732996
0.861 0.935994 -0.178523
0.862 1.32448 -0.428031
0.863 1.7109 -0.674192
0.864 2.09366 -0.915989
0.865 2.4712 -1.15242
0.866 2.84193 -1.38249
0.867 3.20433 -1.60525
0.868 3.55688 -1.81977
0.869 3.89811 -2.02513
0.87 4.22661 -2.22047
0.871 4.54098 -2.40496
0.872 4.83991 -2.57782
0.873 5.12213 -2.7383
0.874 5.38644 -2.88572
0.875 5.63172 -3.01942
0.876 5.85692 -3.13883
0.877 6.06106 -3.2434
0.878 6.24326 -3.33268
0.879 6.4027 -3.40626
0.88 6.53868 -3.46378
0.881 6.65058 -3.50497
0.882 6.73787 -3.52961
0.883 6.80014 -3.53755
0.884 6.83706 -3.52871
0.885 6.8484 -3.50309
0.886 6.83406 -3.46073
0.887 6.794 -3.40177
0.888 6.72832 -3.32639
0.889 6.6372 -3.23487
0.89 6.52095 -3.12753
0.891 6.37995 -3.00476
0.892 6.2147 -2.86702
0.893 6.0258 -2.71484
0.894 5.81392 -2.5488
0.895 5.57986 -2.36953
0.896 5.32449 -2.17774
0.897 5.04876 -1.97417
0.898 4.75372 -1.75964
0.899 4.44048 -1.53497
0.9 4.11025 -1.30108
0.901 3.76429 -1.05889
0.902 3.40392 -0.809372
0.903 3.03055 -0.553532
0.904 2.64561 -0.292402
0.905 2.25059 -0.0270414
0.906 1.84703 0.24147
0.907 1.4365 0.512036
0.908 1.0206 0.783547
0.909 0.600955 1.05489
0.91 0.179198 1.32493
0.911 -0.243015 1.59257
0.912 -0.664031 1.85668
0.913 -1.0822 2.11615
0.914 -1.49588 2.36991
0.915 -1.90344 2.61688
0.916 -2.30328 2.856
0.917 -2.69383 3.08626
0.918 -3.07355 3.30668
0.919 -3.44095 3.51628
0.92 -3.79457 3.71417
0.921 -4.13303 3.89947
0.922 -4.45498 4.07135
0.923 -4.75916 4.22904
0.924 -5.04437 4.37182
0.925 -5.30948 4.49902
0.926 -5.55345 4.61005
0.927 -5.77532 4.70434
0.928 -5.97421 4.78143
0.929 -6.14934 4.8409
0.93 -6.30002 4.88241
0.931 -6.42566 4.90567
0.932 -6.52577 4.91049
0.933 -6.59996 4.89673
0.934 -6.64795 4.86432
0.935 -6.66956 4.81328
0.936 -6.6647 4.7437
0.937 -6.63342 4.65572
0.938 -6.57585 4.54959
0.939 -6.49223 4.42559
0.94 -6.3829 4.28411
0.941 -6.24833 4.12558
0.942 -6.08906 3.95051
0.943 -5.90574 3.75948
0.944 -5.69913 3.55313
0.945 -5.47005 3.33215
0.946 -5.21945 3.0973
0.947 -4.94835 2.8494
0.948 -4.65785 2.58931
0.949 -4.34913 2.31796
0.95 -4.02344 2.0363
0.951 -3.68211 1.74533
0.952 -3.32653 1.44611
0.953 -2.95814 1.13971
0.954 -2.57844 0.827241
0.955 -2.18898 0.509831
0.956 -1.79133 0.188639
0.957 -1.38712 -0.135162
0.958 -0.977992 -0.460386
0.959 -0.565613 -0.78584
0.96 -0.151663 -1.11033
0.961 0.26217 -1.43265
0.962 0.674199 -1.75163
0.963 1.08274 -2.06607
0.964 1.48613 -2.37482
0.965 1.88271 -2.67674
0.966 2.27087 -2.97069
0.967 2.64901 -3.2556
0.968 3.01558 -3.53041
0.969 3.36907 -3.79409
0.97 3.70804 -4.04567
0.971 4.03109 -4.28422
0.972 4.33688 -4.50884
0.973 4.62416 -4.7187
0.974 4.89172 -4.91304
0.975 5.13846 -5.09112
0.976 5.36335 -5.2523
0.977 5.56544 -5.39597
0.978 5.74389 -5.52161
0.979 5.89793 -5.62877
0.98 6.02691 -5.71706
0.981 6.13027 -5.78616
0.982 6.20756 -5.83582
0.983 6.25841 -5.86589
0.984 6.28259 -5.87626
0.985 6.27996 -5.86692
0.986 6.25048 -5.83793
0.987 6.19423 -5.78942
0.988 6.11139 -5.72159
0.989 6.00226 -5.63473
0.99 5.86723 -5.52919
0.991 5.7068 -5.4054
0.992 5.52157 -5.26386
0.993 5.31225 -5.10512
0.994 5.07963 -4.92982
0.995 4.82461 -4.73864
0.996 4.54818 -4.53235
0.997 4.25139 -4.31176
0.998 3.93542 -4.07772
0.999 3.60148 -3.83117
1 3.25088 -3.57305
