0.001 3.42167e-008 2.50513e-009
0.002 3.11465e-007 2.01238e-008
0.003 1.46798e-006 8.35383e-008
0.004 4.86161e-006 2.45271e-007
0.005 1.28627e-005 5.82193e-007
0.006 2.91346e-005 1.19973e-006
0.007 5.89022e-005 2.23823e-006
0.008 0.000109205 3.88184e-006
0.009 0.000189133 6.37042e-006
0.01 0.000310042 1.00147e-005
0.011 0.000485748 1.52151e-005
0.012 0.000732701 2.24843e-005
0.013 0.00107012 3.24745e-005
0.014 0.00152013 4.60078e-005
0.015 0.00210783 6.41127e-005
0.016 0.00286137 8.80633e-005
0.017 0.00381195 0.000119424
0.018 0.00499385 0.0001601
0.019 0.00644439 0.000212388
0.02 0.00820383 0.000279035
0.021 0.0103153 0.000363302
0.022 0.0128247 0.000469026
0.023 0.0157803 0.000600688
0.024 0.0192331 0.00076349
0.025 0.0232357 0.000963421
0.026 0.0278431 0.00120734
0.027 0.0331115 0.00150305
0.028 0.0390984 0.00185937
0.029 0.0458624 0.00228623
0.03 0.0534624 0.00279473
0.031 0.0619576 0.00339722
0.032 0.0714068 0.00410739
0.033 0.0818682 0.00494032
0.034 0.0933988 0.00591255
0.035 0.106054 0.00704216
0.036 0.119887 0.0083488
0.037 0.134949 0.00985378
0.038 0.151287 0.0115801
0.039 0.168945 0.0135523
0.04 0.187964 0.015797
0.041 0.20838 0.0183423
0.042 0.230222 0.0212182
0.043 0.253517 0.0244564
0.044 0.278284 0.0280903
0.045 0.304536 0.0321551
0.046 0.33228 0.0366877
0.047 0.361515 0.0417265
0.048 0.392234 0.0473115
0.049 0.42442 0.0534841
0.05 0.458051 0.0602873
0.051 0.493094 0.067765
0.052 0.52951 0.0759625
0.053 0.567249 0.0849258
0.054 0.606255 0.094702
0.055 0.64646 0.105339
0.056 0.687789 0.116884
0.057 0.73016 0.129385
0.058 0.773477 0.142892
0.059 0.817641 0.157451
0.06 0.862541 0.17311
0.061 0.908059 0.189917
0.062 0.954069 0.207917
0.063 1.00044 0.227154
0.064 1.04702 0.247671
0.065 1.09367 0.269509
0.066 1.14024 0.292707
0.067 1.18655 0.317302
0.068 1.23246 0.343325
0.069 1.27778 0.370808
0.07 1.32234 0.399777
0.071 1.36597 0.430255
0.072 1.40847 0.462261
0.073 1.44968 0.495808
0.074 1.4894 0.530907
0.075 1.52745 0.567561
0.076 1.56365 0.605769
0.077 1.59782 0.645525
0.078 1.62977 0.686815
0.079 1.65932 0.72962
0.08 1.68631 0.773916
0.081 1.71057 0.819668
0.082 1.73194 0.866839
0.083 1.75025 0.915382
0.084 1.76537 0.965243
0.085 1.77716 1.01636
0.086 1.78548 1.06867
0.087 1.79021 1.12209
0.088 1.79125 1.17653
0.089 1.78851 1.23192
0.09 1.7819 1.28814
0.091 1.77134 1.34509
0.092 1.75679 1.40265
0.093 1.7382 1.46072
0.094 1.71555 1.51914
0.095 1.68882 1.57779
0.096 1.65803 1.63653
0.097 1.62318 1.69521
0.098 1.58434 1.75366
0.099 1.54153 1.81173
0.1 1.49485 1.86925
0.101 1.44439 1.92605
0.102 1.39024 1.98194
0.103 1.33253 2.03675
0.104 1.27141 2.09029
0.105 1.20703 2.14238
0.106 1.13957 2.19281
0.107 1.06922 2.2414
0.108 0.99618 2.28796
0.109 0.92068 2.33228
0.11 0.842953 2.37417
0.111 0.763248 2.41344
0.112 0.681828 2.4499
0.113 0.598967 2.48334
0.114 0.514951 2.5136
0.115 0.430075 2.54047
0.116 0.344644 2.56378
0.117 0.258972 2.58336
0.118 0.173376 2.59904
0.119 0.0881834 2.61066
0.12 0.00372215 2.61806
0.121 -0.0796754 2.6211
0.122 -0.161676 2.61965
0.123 -0.241944 2.61357
0.124 -0.320149 2.60276
0.125 -0.39596 2.5871
0.126 -0.469051 2.56652
0.127 -0.539103 2.54092
0.128 -0.6058 2.51026
0.129 -0.66884 2.47447
0.13 -0.727927 2.43352
0.131 -0.782778 2.38739
0.132 -0.833121 2.33607
0.133 -0.878701 2.27958
0.134 -0.919276 2.21794
0.135 -0.954621 2.1512
0.136 -0.984529 2.07942
0.137 -1.00881 2.00268
0.138 -1.02731 1.92107
0.139 -1.03987 1.83471
0.14 -1.04636 1.74373
0.141 -1.0467 1.64828
0.142 -1.04079 1.54851
0.143 -1.0286 1.44463
0.144 -1.01009 1.33682
0.145 -0.985255 1.2253
0.146 -0.95413 1.1103
0.147 -0.916762 0.992079
0.148 -0.873229 0.870892
0.149 -0.823636 0.74702
0.15 -0.768115 0.620755
0.151 -0.706823 0.492401
0.152 -0.639945 0.362277
0.153 -0.56769 0.230711
0.154 -0.490296 0.098043
0.155 -0.408022 -0.0353767
0.156 -0.321154 -0.16919
0.157 -0.229999 -0.303032
0.158 -0.134889 -0.43653
0.159 -0.0361742 -0.569307
0.16 0.0657719 -0.70098
0.161 0.170559 -0.831167
0.162 0.277777 -0.959481
0.163 0.387002 -1.08554
0.164 0.497795 -1.20895
0.165 0.609702 -1.32934
0.166 0.722259 -1.44632
0.167 0.834994 -1.55952
0.168 0.947423 -1.66859
0.169 1.05906 -1.77315
0.17 1.16942 -1.87286
0.171 1.27799 -1.96739
0.172 1.3843 -2.05639
0.173 1.48785 -2.13958
0.174 1.58814 -2.21664
0.175 1.68471 -2.28729
0.176 1.77707 -2.35128
0.177 1.86477 -2.40835
0.178 1.94735 -2.45828
0.179 2.02437 -2.50086
0.18 2.09542 -2.53591
0.181 2.1601 -2.56327
0.182 2.21801 -2.5828
0.183 2.2688 -2.59439
0.184 2.31214 -2.59795
0.185 2.3477 -2.59342
0.186 2.37521 -2.58076
0.187 2.39441 -2.55996
0.188 2.40507 -2.53105
0.189 2.407 -2.49406
0.19 2.40002 -2.44907
0.191 2.38402 -2.39618
0.192 2.35888 -2.33551
0.193 2.32455 -2.26724
0.194 2.28101 -2.19153
0.195 2.22825 -2.10861
0.196 2.16633 -2.0187
0.197 2.09533 -1.92207
0.198 2.01537 -1.81901
0.199 1.92659 -1.70984
0.2 1.8292 -1.59489
0.201 1.72343 -1.47453
0.202 1.60953 -1.34913
0.203 1.4878 -1.21911
0.204 1.35858 -1.08488
0.205 1.22223 -0.946888
0.206 1.07915 -0.805597
0.207 0.929769 -0.661479
0.208 0.774542 -0.515024
0.209 0.613956 -0.366734
0.21 0.448523 -0.217122
0.211 0.278777 -0.0667092
0.212 0.105279 0.0839737
0.213 -0.0713934 0.234392
0.214 -0.250642 0.384008
0.215 -0.431854 0.532279
0.216 -0.614402 0.678667
0.217 -0.797645 0.822631
0.218 -0.980937 0.963637
0.219 -1.16362 1.10116
0.22 -1.34504 1.23467
0.221 -1.52453 1.36366
0.222 -1.70144 1.48763
0.223 -1.87511 1.6061
0.224 -2.04488 1.71859
0.225 -2.21012 1.82465
0.226 -2.37021 1.92385
0.227 -2.52452 2.01577
0.228 -2.67246 2.10002
0.229 -2.81344 2.17622
0.23 -2.94692 2.24405
0.231 -3.07236 2.30319
0.232 -3.18926 2.35333
0.233 -3.29713 2.39424
0.234 -3.39553 2.42568
0.235 -3.48405 2.44745
0.236 -3.5623 2.4594
0.237 -3.62995 2.46139
0.238 -3.68669 2.45333
0.239 -3.73225 2.43515
0.24 -3.76641 2.40684
0.241 -3.78899 2.36839
0.242 -3.79986 2.31987
0.243 -3.7989 2.26134
0.244 -3.78609 2.19293
0.245 -3.7614 2.11479
0.246 -3.72489 2.02711
0.247 -3.67664 1.9301
0.248 -3.61678 1.82404
0.249 -3.54549 1.70921
0.25 -3.463 1.58592
0.251 -3.36957 1.45455
0.252 -3.26551 1.31547
0.253 -3.15118 1.1691
0.254 -3.02698 1.01589
0.255 -2.89334 0.856294
0.256 -2.75075 0.690821
0.257 -2.5997 0.519985
0.258 -2.44076 0.344329
0.259 -2.2745 0.164411
0.26 -2.10155 -0.0191896
0.261 -1.92253 -0.205878
0.262 -1.73813 -0.395047
0.263 -1.54903 -0.586075
0.264 -1.35596 -0.778334
0.265 -1.15965 -0.971186
0.266 -0.960851 -1.16399
0.267 -0.760327 -1.3561
0.268 -0.558854 -1.54687
0.269 -0.357216 -1.73566
0.27 -0.1562 -1.92183
0.271 0.0434073 -2.10474
0.272 0.240819 -2.28378
0.273 0.435255 -2.45833
0.274 0.625941 -2.62779
0.275 0.812117 -2.79158
0.276 0.993036 -2.94914
0.277 1.16797 -3.09991
0.278 1.33621 -3.24338
0.279 1.49707 -3.37904
0.28 1.64989 -3.50643
0.281 1.79404 -3.6251
0.282 1.92893 -3.73463
0.283 2.05399 -3.83463
0.284 2.1687 -3.92477
0.285 2.27256 -4.00471
0.286 2.36514 -4.07418
0.287 2.44602 -4.13292
0.288 2.51486 -4.18074
0.289 2.57134 -4.21745
0.29 2.61519 -4.24293
0.291 2.64621 -4.25709
0.292 2.66423 -4.25986
0.293 2.66915 -4.25125
0.294 2.66089 -4.23127
0.295 2.63947 -4.2
0.296 2.60491 -4.15754
0.297 2.55733 -4.10405
0.298 2.49687 -4.03971
0.299 2.42374 -3.96474
0.3 2.3382 -3.87941
0.301 2.24055 -3.78402
0.302 2.13116 -3.67891
0.303 2.01043 -3.56445
0.304 1.87881 -3.44105
0.305 1.7368 -3.30913
0.306 1.58495 -3.16917
0.307 1.42385 -3.02166
0.308 1.25412 -2.86713
0.309 1.07642 -2.70612
0.31 0.891455 -2.53919
0.311 0.699954 -2.36694
0.312 0.502678 -2.18999
0.313 0.300413 -2.00894
0.314 0.0939696 -1.82444
0.315 -0.115821 -1.63714
0.316 -0.328112 -1.44769
0.317 -0.54204 -1.25676
0.318 -0.756735 -1.06502
0.319 -0.971317 -0.873134
0.32 -1.1849 -0.681772
0.321 -1.39662 -0.491597
0.322 -1.60557 -0.303268
0.323 -1.81091 -0.117432
0.324 -2.01176 0.0652735
0.325 -2.20728 0.244224
0.326 -2.39664 0.418814
0.327 -2.57904 0.588453
0.328 -2.7537 0.752575
0.329 -2.91987 0.910633
0.33 -3.07681 1.06211
0.331 -3.22385 1.20651
0.332 -3.36033 1.34337
0.333 -3.48565 1.47225
0.334 -3.59922 1.59276
0.335 -3.70054 1.70453
0.336 -3.78912 1.80723
0.337 -3.86453 1.90056
0.338 -3.92641 1.98426
0.339 -3.97442 2.05812
0.34 -4.0083 2.12195
0.341 -4.02784 2.17561
0.342 -4.03288 2.21901
0.343 -4.02331 2.25209
0.344 -3.99911 2.27483
0.345 -3.96029 2.28726
0.346 -3.90693 2.28943
0.347 -3.83915 2.28146
0.348 -3.75717 2.26349
0.349 -3.66122 2.23571
0.35 -3.55162 2.19833
0.351 -3.42873 2.15162
0.352 -3.29297 2.09589
0.353 -3.14481 2.03145
0.354 -2.98478 1.95868
0.355 -2.81345 1.87799
0.356 -2.63144 1.78979
0.357 -2.4394 1.69455
0.358 -2.23806 1.59275
0.359 -2.02816 1.48492
0.36 -1.81047 1.37157
0.361 -1.58581 1.25327
0.362 -1.35504 1.13059
0.363 -1.11903 1.00412
0.364 -0.878661 0.874458
0.365 -0.634867 0.742226
0.366 -0.388576 0.608044
0.367 -0.140734 0.472541
0.368 0.107705 0.336348
0.369 0.35578 0.200098
0.37 0.602532 0.0644232
0.371 0.847003 -0.0700506
0.372 1.08824 -0.202704
0.373 1.32531 -0.332926
0.374 1.55728 -0.46012
0.375 1.78325 -0.583703
0.376 2.00233 -0.703108
0.377 2.21367 -0.817789
0.378 2.41643 -0.92722
0.379 2.60982 -1.0309
0.38 2.79308 -1.12836
0.381 2.96549 -1.21914
0.382 3.12636 -1.30283
0.383 3.27508 -1.37905
0.384 3.41105 -1.44744
0.385 3.53374 -1.50767
0.386 3.64267 -1.55948
0.387 3.73741 -1.60262
0.388 3.8176 -1.63687
0.389 3.88292 -1.66207
0.39 3.93313 -1.67809
0.391 3.96803 -1.68484
0.392 3.98751 -1.68227
0.393 3.99149 -1.67039
0.394 3.97998 -1.64921
0.395 3.95305 -1.61882
0.396 3.9108 -1.57933
0.397 3.85345 -1.53089
0.398 3.78124 -1.4737
0.399 3.69447 -1.40799
0.4 3.59354 -1.33403
0.401 3.47887 -1.25213
0.402 3.35094 -1.16262
0.403 3.21032 -1.06588
0.404 3.0576 -0.962325
0.405 2.89342 -0.852381
0.406 2.71849 -0.736516
0.407 2.53356 -0.615221
0.408 2.3394 -0.489011
0.409 2.13686 -0.358425
0.41 1.92679 -0.224021
0.411 1.71009 -0.0863716
0.412 1.48769 0.0539314
0.413 1.26054 0.196286
0.414 1.02962 0.340081
0.415 0.795906 0.484695
0.416 0.560417 0.629506
0.417 0.324164 0.773887
0.418 0.0881683 0.917213
0.419 -0.14655 1.05886
0.42 -0.378972 1.19822
0.421 -0.608086 1.33468
0.422 -0.832892 1.46765
0.423 -1.05241 1.59654
0.424 -1.26567 1.7208
0.425 -1.47173 1.83987
0.426 -1.66968 1.95324
0.427 -1.85865 2.0604
0.428 -2.03778 2.16089
0.429 -2.20626 2.25425
0.43 -2.36334 2.34007
0.431 -2.5083 2.41797
0.432 -2.64046 2.4876
0.433 -2.75921 2.54865
0.434 -2.86398 2.60084
0.435 -2.95428 2.64393
0.436 -3.02964 2.67772
0.437 -3.08969 2.70205
0.438 -3.13411 2.71681
0.439 -3.16263 2.72191
0.44 -3.17507 2.71734
0.441 -3.17129 2.70308
0.442 -3.15125 2.6792
0.443 -3.11495 2.64579
0.444 -3.06248 2.60299
0.445 -2.99398 2.55097
0.446 -2.90966 2.48994
0.447 -2.80981 2.42018
0.448 -2.69478 2.34198
0.449 -2.56498 2.25568
0.45 -2.42088 2.16164
0.451 -2.26303 2.06028
0.452 -2.09203 1.95204
0.453 -1.90852 1.83741
0.454 -1.71323 1.71687
0.455 -1.5069 1.59096
0.456 -1.29036 1.46025
0.457 -1.06447 1.32532
0.458 -0.830111 1.18676
0.459 -0.588236 1.0452
0.46 -0.339815 0.901285
0.461 -0.0858553 0.755657
0.462 0.172612 0.608979
0.463 0.434531 0.461922
0.464 0.698827 0.315159
0.465 0.96441 0.169367
0.466 1.23018 0.0252202
0.467 1.49504 -0.11661
0.468 1.75788 -0.255459
0.469 2.0176 -0.390673
0.47 2.2731 -0.521609
0.471 2.52331 -0.64764
0.472 2.76716 -0.768158
0.473 3.0036 -0.882576
0.474 3.23164 -0.990328
0.475 3.45027 -1.09088
0.476 3.65855 -1.18372
0.477 3.85557 -1.26836
0.478 4.04045 -1.34437
0.479 4.21238 -1.41134
0.48 4.37058 -1.46888
0.481 4.51432 -1.51667
0.482 4.64295 -1.55441
0.483 4.75586 -1.58185
0.484 4.8525 -1.59878
0.485 4.9324 -1.60504
0.486 4.99514 -1.60051
0.487 5.04038 -1.58512
0.488 5.06785 -1.55884
0.489 5.07733 -1.5217
0.49 5.0687 -1.47377
0.491 5.04191 -1.41516
0.492 4.99696 -1.34603
0.493 4.93395 -1.2666
0.494 4.85305 -1.17713
0.495 4.75448 -1.07792
0.496 4.63857 -0.969319
0.497 4.50569 -0.851714
0.498 4.35629 -0.725539
0.499 4.1909 -0.591268
0.5 4.0101 -0.449413
0.501 3.81455 -0.300523
0.502 3.60495 -0.14518
0.503 3.38209 0.0159984
0.504 3.14679 0.182367
0.505 2.89994 0.353253
0.506 2.64247 0.527956
0.507 2.37536 0.705756
0.508 2.09964 0.885912
0.509 1.81635 1.06767
0.51 1.5266 1.25025
0.511 1.23152 1.43289
0.512 0.932239 1.61478
0.513 0.629944 1.79514
0.514 0.325815 1.97318
0.515 0.0210503 2.14811
0.516 -0.283147 2.31913
0.517 -0.585572 2.48549
0.518 -0.885024 2.6464
0.519 -1.18031 2.80113
0.52 -1.47025 2.94895
0.521 -1.75368 3.08914
0.522 -2.02946 3.22103
0.523 -2.29649 3.34397
0.524 -2.55368 3.45732
0.525 -2.79999 3.5605
0.526 -3.03442 3.65295
0.527 -3.25601 3.73415
0.528 -3.46387 3.80364
0.529 -3.65713 3.86097
0.53 -3.83499 3.90577
0.531 -3.99673 3.93768
0.532 -4.14167 3.95642
0.533 -4.2692 3.96174
0.534 -4.37879 3.95345
0.535 -4.46997 3.93142
0.536 -4.54234 3.89556
0.537 -4.59559 3.84584
0.538 -4.62948 3.78227
0.539 -4.64384 3.70494
0.54 -4.63859 3.61399
0.541 -4.61373 3.50959
0.542 -4.56934 3.39198
0.543 -4.50556 3.26147
0.544 -4.42263 3.1184
0.545 -4.32086 2.96317
0.546 -4.20065 2.79622
0.547 -4.06246 2.61805
0.548 -3.90683 2.42921
0.549 -3.73437 2.23029
0.55 -3.54577 2.02192
0.551 -3.34178 1.80477
0.552 -3.12321 1.57956
0.553 -2.89093 1.34703
0.554 -2.6459 1.10796
0.555 -2.38909 0.863173
0.556 -2.12154 0.613495
0.557 -1.84435 0.359792
0.558 -1.55864 0.102946
0.559 -1.26558 -0.15614
0.56 -0.966364 -0.416555
0.561 -0.66223 -0.677372
0.562 -0.354428 -0.93766
0.563 -0.0442271 -1.19648
0.564 0.267087 -1.45291
0.565 0.578221 -1.70601
0.566 0.887879 -1.95486
0.567 1.19477 -2.19854
0.568 1.4976 -2.43617
0.569 1.79511 -2.66686
0.57 2.08603 -2.88976
0.571 2.36913 -3.10404
0.572 2.64322 -3.30889
0.573 2.90711 -3.50355
0.574 3.15967 -3.68728
0.575 3.39981 -3.85938
0.576 3.62649 -4.0192
0.577 3.83872 -4.16614
0.578 4.03555 -4.29961
0.579 4.21611 -4.41911
0.58 4.37959 -4.52417
0.581 4.52524 -4.61438
0.582 4.65237 -4.68938
0.583 4.76039 -4.74887
0.584 4.84876 -4.79259
0.585 4.91704 -4.82038
0.586 4.96484 -4.83209
0.587 4.99188 -4.82767
0.588 4.99796 -4.80711
0.589 4.98294 -4.77047
0.59 4.94679 -4.71786
0.591 4.88955 -4.64946
0.592 4.81135 -4.56552
0.593 4.71242 -4.46632
0.594 4.59304 -4.35223
0.595 4.4536 -4.22367
0.596 4.29457 -4.08109
0.597 4.11648 -3.92502
0.598 3.91997 -3.75605
0.599 3.70573 -3.5748
0.6 3.47452 -3.38195
0.601 3.2272 -3.17821
0.602 2.96467 -2.96435
0.603 2.6879 -2.74118
0.604 2.39792 -2.50953
0.605 2.09582 -2.27028
0.606 1.78275 -2.02434
0.607 1.45987 -1.77265
0.608 1.12843 -1.51615
0.609 0.789686 -1.25582
0.61 0.444938 -0.992663
0.611 0.0955106 -0.727678
0.612 -0.257248 -0.461882
0.613 -0.611974 -0.196292
0.614 -0.967292 0.06807
0.615 -1.32182 0.330189
0.616 -1.67418 0.589054
0.617 -2.02299 0.843667
0.618 -2.36688 1.09304
0.619 -2.70452 1.33622
0.62 -3.03457 1.57225
0.621 -3.35572 1.80022
0.622 -3.66672 2.01924
0.623 -3.96633 2.22847
0.624 -4.25337 2.42707
0.625 -4.52668 2.61428
0.626 -4.7852 2.78936
0.627 -5.02787 2.95163
0.628 -5.25374 3.10043
0.629 -5.46189 3.23519
0.63 -5.65149 3.35537
0.631 -5.82177 3.46049
0.632 -5.97203 3.55012
0.633 -6.10168 3.62391
0.634 -6.21016 3.68155
0.635 -6.29705 3.72281
0.636 -6.36196 3.74749
0.637 -6.40462 3.7555
0.638 -6.42484 3.74678
0.639 -6.42252 3.72135
0.64 -6.39765 3.67928
0.641 -6.3503 3.62072
0.642 -6.28064 3.54588
0.643 -6.18892 3.45504
0.644 -6.07548 3.34851
0.645 -5.94075 3.2267
0.646 -5.78525 3.09007
0.647 -5.60957 2.93911
0.648 -5.41439 2.7744
0.649 -5.20046 2.59656
0.65 -4.96862 2.40625
0.651 -4.71975 2.2042
0.652 -4.45485 1.99118
0.653 -4.17493 1.76799
0.654 -3.88109 1.53548
0.655 -3.57449 1.29453
0.656 -3.25634 1.04607
0.657 -2.92787 0.791036
0.658 -2.59038 0.530405
0.659 -2.2452 0.265172
0.66 -1.89368 -0.00365032
0.661 -1.53723 -0.275034
0.662 -1.17723 -0.547942
0.663 -0.815124 -0.82133
0.664 -0.452327 -1.09415
0.665 -0.0902789 -1.36537
0.666 0.26959 -1.63393
0.667 0.625855 -1.89882
0.668 0.977106 -2.15902
0.669 1.32195 -2.41353
0.67 1.65903 -2.66139
0.671 1.98701 -2.90163
0.672 2.30458 -3.13335
0.673 2.61049 -3.35566
0.674 2.90353 -3.56771
0.675 3.18254 -3.76868
0.676 3.44642 -3.95782
0.677 3.69411 -4.1344
0.678 3.92465 -4.29776
0.679 4.13712 -4.44726
0.68 4.33069 -4.58234
0.681 4.5046 -4.70249
0.682 4.65815 -4.80727
0.683 4.79076 -4.89627
0.684 4.9019 -4.96916
0.685 4.99115 -5.02568
0.686 5.05816 -5.06561
0.687 5.10268 -5.08882
0.688 5.12456 -5.09523
0.689 5.12371 -5.08482
0.69 5.10017 -5.05766
0.691 5.05405 -5.01384
0.692 4.98556 -4.95357
0.693 4.89498 -4.87708
0.694 4.78271 -4.78468
0.695 4.64923 -4.67674
0.696 4.49509 -4.55369
0.697 4.32093 -4.41601
0.698 4.12749 -4.26425
0.699 3.91556 -4.099
0.7 3.68604 -3.92092
0.701 3.43986 -3.73068
0.702 3.17806 -3.52905
0.703 2.90171 -3.3168
0.704 2.61196 -3.09475
0.705 2.31001 -2.86377
0.706 1.99711 -2.62476
0.707 1.67455 -2.37863
0.708 1.34367 -2.12633
0.709 1.00584 -1.86883
0.71 0.662448 -1.60713
0.711 0.31493 -1.34223
0.712 -0.0352784 -1.07513
0.713 -0.386726 -0.806856
0.714 -0.737954 -0.538431
0.715 -1.0875 -0.27087
0.716 -1.43392 -0.00518491
0.717 -1.77577 0.257622
0.718 -2.11162 0.516565
0.719 -2.44008 0.770674
0.72 -2.75977 1.019
0.721 -3.06935 1.26063
0.722 -3.36753 1.49467
0.723 -3.65306 1.72025
0.724 -3.92474 1.93657
0.725 -4.18141 2.14282
0.726 -4.422 2.33829
0.727 -4.64548 2.52227
0.728 -4.8509 2.69412
0.729 -5.03737 2.85324
0.73 -5.2041 2.9991
0.731 -5.35036 3.1312
0.732 -5.4755 3.24912
0.733 -5.57898 3.3525
0.734 -5.66031 3.44101
0.735 -5.71912 3.51442
0.736 -5.75512 3.57254
0.737 -5.76812 3.61525
0.738 -5.758 3.64249
0.739 -5.72476 3.65425
0.74 -5.66848 3.65062
0.741 -5.58935 3.63172
0.742 -5.48762 3.59775
0.743 -5.36367 3.54896
0.744 -5.21793 3.48566
0.745 -5.05097 3.40823
0.746 -4.86339 3.31711
0.747 -4.65592 3.21277
0.748 -4.42934 3.09576
0.749 -4.18453 2.96668
0.75 -3.92243 2.82615
0.751 -3.64406 2.67487
0.752 -3.3505 2.51356
0.753 -3.0429 2.343
0.754 -2.72246 2.16399
0.755 -2.39043 1.97737
0.756 -2.04812 1.784
0.757 -1.69688 1.58478
0.758 -1.33808 1.38062
0.759 -0.973149 1.17247
0.76 -0.603522 0.961277
0.761 -0.230661 0.747992
0.762 0.143959 0.533588
0.763 0.518854 0.319034
0.764 0.89254 0.105299
0.765 1.26354 -0.106654
0.766 1.63037 -0.31587
0.767 1.99158 -0.521411
0.768 2.34575 -0.722351
0.769 2.69145 -0.917791
0.77 3.02733 -1.10685
0.771 3.35204 -1.28868
0.772 3.6643 -1.46247
0.773 3.96286 -1.62744
0.774 4.24656 -1.78284
0.775 4.51424 -1.92797
0.776 4.76487 -2.06217
0.777 4.99744 -2.18485
0.778 5.21104 -2.29543
0.779 5.40483 -2.39342
0.78 5.57803 -2.47836
0.781 5.72998 -2.54985
0.782 5.86007 -2.60756
0.783 5.96781 -2.65121
0.784 6.05277 -2.68059
0.785 6.11463 -2.69552
0.786 6.15318 -2.69593
0.787 6.16826 -2.68178
0.788 6.15984 -2.65309
0.789 6.12798 -2.60997
0.79 6.07283 -2.55256
0.791 5.99463 -2.48109
0.792 5.89373 -2.39582
0.793 5.77055 -2.29711
0.794 5.62563 -2.18533
0.795 5.45956 -2.06095
0.796 5.27305 -1.92446
0.797 5.06689 -1.77643
0.798 4.84192 -1.61746
0.799 4.5991 -1.44821
0.8 4.33942 -1.26938
0.801 4.06398 -1.08171
0.802 3.77392 -0.885976
0.803 3.47043 -0.683006
0.804 3.15479 -0.473643
0.805 2.8283 -0.258765
0.806 2.49232 -0.0392758
0.807 2.14824 0.183902
0.808 1.79749 0.409827
0.809 1.44152 0.637544
0.81 1.08181 0.866089
0.811 0.719857 1.09449
0.812 0.357159 1.32178
0.813 -0.00477554 1.54699
0.814 -0.364443 1.76916
0.815 -0.720349 1.98734
0.816 -1.07101 2.20058
0.817 -1.41498 2.40798
0.818 -1.7508 2.60864
0.819 -2.0771 2.80169
0.82 -2.3925 2.98629
0.821 -2.69568 3.16164
0.822 -2.98538 3.32698
0.823 -3.26039 3.48156
0.824 -3.51955 3.62472
0.825 -3.76178 3.75581
0.826 -3.98604 3.87425
0.827 -4.1914 3.97949
0.828 -4.37698 4.07106
0.829 -4.542 4.14853
0.83 -4.68575 4.21153
0.831 -4.80761 4.25975
0.832 -4.90705 4.29294
0.833 -4.98363 4.31092
0.834 -5.03702 4.31357
0.835 -5.06696 4.30082
0.836 -5.07329 4.27268
0.837 -5.05598 4.22922
0.838 -5.01505 4.17057
0.839 -4.95064 4.09692
0.84 -4.863 4.00855
0.841 -4.75246 3.90576
0.842 -4.61943 3.78895
0.843 -4.46445 3.65854
0.844 -4.28811 3.51505
0.845 -4.09113 3.35902
0.846 -3.87428 3.19106
0.847 -3.63843 3.01183
0.848 -3.38453 2.82205
0.849 -3.1136 2.62245
0.85 -2.82674 2.41384
0.851 -2.5251 2.19704
0.852 -2.20991 1.97294
0.853 -1.88245 1.74244
0.854 -1.54405 1.50646
0.855 -1.19609 1.26596
0.856 -0.839989 1.02192
0.857 -0.477207 0.775335
0.858 -0.109227 0.527216
0.859 0.262439 0.278578
0.86 0.636265 0.0304414
0.861 1.01071 -0.21617
0.862 1.38424 -0.460238
0.863 1.7553 -0.700752
0.864 2.12235 -0.936713
0.865 2.48389 -1.16714
0.866 2.8384 -1.39107
0.867 3.18441 -1.60756
0.868 3.52048 -1.81571
0.869 3.84521 -2.01463
0.87 4.15722 -2.20349
0.871 4.4552 -2.38148
0.872 4.73791 -2.54785
0.873 5.00413 -2.70187
0.874 5.25275 -2.84289
0.875 5.48268 -2.97028
0.876 5.69295 -3.0835
0.877 5.88264 -3.18204
0.878 6.05092 -3.26545
0.879 6.19704 -3.33336
0.88 6.32036 -3.38544
0.881 6.42029 -3.42144
0.882 6.49638 -3.44117
0.883 6.54824 -3.44451
0.884 6.57559 -3.43141
0.885 6.57826 -3.40186
0.886 6.55616 -3.35596
0.887 6.50931 -3.29385
0.888 6.43782 -3.21574
0.889 6.34192 -3.12192
0.89 6.22192 -3.01273
0.891 6.07823 -2.88858
0.892 5.91136 -2.74994
0.893 5.72192 -2.59735
0.894 5.51059 -2.43139
0.895 5.27817 -2.25273
0.896 5.02552 -2.06206
0.897 4.7536 -1.86013
0.898 4.46343 -1.64776
0.899 4.15613 -1.42579
0.9 3.83285 -1.19512
0.901 3.49486 -0.956661
0.902 3.14345 -0.711396
0.903 2.77997 -0.460316
0.904 2.40583 -0.204446
0.905 2.02249 0.0551665
0.906 1.63144 0.317456
0.907 1.23419 0.581341
0.908 0.832306 0.845729
0.909 0.427347 1.10952
0.91 0.0208999 1.37162
0.911 -0.385443 1.63093
0.912 -0.79009 1.88636
0.913 -1.19145 2.13682
0.914 -1.58796 2.38127
0.915 -1.97804 2.61864
0.916 -2.36017 2.84794
0.917 -2.73285 3.06816
0.918 -3.0946 3.27835
0.919 -3.44401 3.47759
0.92 -3.77969 3.665
0.921 -4.10033 3.83974
0.922 -4.40465 4.00102
0.923 -4.69147 4.14811
0.924 -4.95965 4.28032
0.925 -5.20813 4.39701
0.926 -5.43594 4.49763
0.927 -5.64218 4.58167
0.928 -5.82604 4.64868
0.929 -5.9868 4.69828
0.93 -6.12383 4.73017
0.931 -6.2366 4.7441
0.932 -6.32466 4.7399
0.933 -6.38769 4.71747
0.934 -6.42543 4.67678
0.935 -6.43776 4.61788
0.936 -6.42463 4.54088
0.937 -6.38612 4.44596
0.938 -6.32239 4.33338
0.939 -6.23372 4.20347
0.94 -6.12046 4.05662
0.941 -5.9831 3.8933
0.942 -5.82219 3.71404
0.943 -5.6384 3.51942
0.944 -5.43247 3.3101
0.945 -5.20526 3.08681
0.946 -4.95769 2.85029
0.947 -4.69077 2.60139
0.948 -4.40558 2.34097
0.949 -4.1033 2.06996
0.95 -3.78514 1.78933
0.951 -3.45242 1.50006
0.952 -3.10647 1.20322
0.953 -2.74872 0.899867
0.954 -2.38062 0.591107
0.955 -2.00367 0.278066
0.956 -1.6194 -0.0381138
0.957 -1.22938 -0.356272
0.958 -0.83521 -0.675239
0.959 -0.438485 -0.993841
0.96 -0.0408282 -1.3109
0.961 0.356137 -1.62524
0.962 0.750789 -1.93571
0.963 1.14151 -2.24114
0.964 1.52671 -2.5404
0.965 1.90481 -2.83239
0.966 2.27426 -3.116
0.967 2.63354 -3.39019
0.968 2.98118 -3.65393
0.969 3.31575 -3.90623
0.97 3.63588 -4.14616
0.971 3.94023 -4.37281
0.972 4.22756 -4.58535
0.973 4.49667 -4.78297
0.974 4.74645 -4.96495
0.975 4.97586 -5.13059
0.976 5.18393 -5.27929
0.977 5.36981 -5.41049
0.978 5.53269 -5.52371
0.979 5.67188 -5.61852
0.98 5.7868 -5.69459
0.981 5.87694 -5.75163
0.982 5.94189 -5.78944
0.983 5.98135 -5.8079
0.984 5.99514 -5.80693
0.985 5.98315 -5.78658
0.986 5.94538 -5.74691
0.987 5.88196 -5.68811
0.988 5.7931 -5.61042
0.989 5.67911 -5.51414
0.99 5.54042 -5.39965
0.991 5.37753 -5.26742
0.992 5.19107 -5.11796
0.993 4.98175 -4.95186
0.994 4.75036 -4.76976
0.995 4.4978 -4.5724
0.996 4.22505 -4.36052
0.997 3.93317 -4.13497
0.998 3.62328 -3.89662
0.999 3.29661 -3.64639
1 2.95442 -3.38526
