0.001 2.70868e-008 1.51977e-009
0.002 2.54571e-007 1.22164e-008
0.003 1.23411e-006 5.07771e-008
0.004 4.18437e-006 1.49405e-007
0.005 1.12843e-005 3.55828e-007
0.006 2.59573e-005 7.36771e-007
0.007 5.31436e-005 1.38333e-006
0.008 9.95583e-005 2.41863e-006
0.009 0.000173933 4.00816e-006
0.01 0.000287238 6.37316e-006
0.011 0.000452885 9.80726e-006
0.012 0.000686902 1.46968e-005
0.013 0.00100809 2.15451e-005
0.014 0.00143815 3.10003e-005
0.015 0.00200177 4.38882e-005
0.016 0.0027267 6.12482e-005
0.017 0.00364381 8.4375e-005
0.018 0.00478706 0.000114863
0.019 0.00619349 0.000154656
0.02 0.00790316 0.000206102
0.021 0.00995905 0.000272008
0.022 0.0124069 0.000355703
0.023 0.0152953 0.000461101
0.024 0.0186749 0.000592772
0.025 0.0225989 0.000756005
0.026 0.0271222 0.00095689
0.027 0.0323018 0.00120238
0.028 0.0381955 0.00150038
0.029 0.0448625 0.00185982
0.03 0.0523626 0.0022907
0.031 0.0607557 0.00280421
0.032 0.0701017 0.00341278
0.033 0.0804599 0.00413016
0.034 0.0918883 0.00497147
0.035 0.104444 0.00595327
0.036 0.118181 0.00709364
0.037 0.133152 0.00841221
0.038 0.149407 0.00993019
0.039 0.16699 0.0116705
0.04 0.185944 0.0136576
0.041 0.206307 0.0159179
0.042 0.228111 0.0184792
0.043 0.251384 0.0213713
0.044 0.276145 0.0246256
0.045 0.302412 0.028275
0.046 0.330191 0.0323545
0.047 0.359485 0.0369004
0.048 0.390288 0.0419505
0.049 0.422585 0.0475444
0.05 0.456354 0.0537228
0.051 0.491565 0.0605278
0.052 0.52818 0.0680028
0.053 0.56615 0.0761923
0.054 0.605419 0.0851413
0.055 0.645922 0.0948961
0.056 0.687583 0.105503
0.057 0.730319 0.11701
0.058 0.774037 0.129463
0.059 0.818636 0.14291
0.06 0.864004 0.157399
0.061 0.910023 0.172974
0.062 0.956565 0.189682
0.063 1.00349 0.207569
0.064 1.05067 0.226676
0.065 1.09794 0.247047
0.066 1.14514 0.268721
0.067 1.19212 0.291736
0.068 1.2387 0.316127
0.069 1.28471 0.341927
0.07 1.32997 0.369165
0.071 1.3743 0.397867
0.072 1.41751 0.428056
0.073 1.45941 0.45975
0.074 1.49982 0.492962
0.075 1.53854 0.527703
0.076 1.57539 0.563975
0.077 1.61017 0.601779
0.078 1.64269 0.641107
0.079 1.67279 0.681947
0.08 1.70027 0.724281
0.081 1.72495 0.768084
0.082 1.74668 0.813325
0.083 1.76528 0.859965
0.084 1.78061 0.907959
0.085 1.79251 0.957256
0.086 1.80086 1.0078
0.087 1.80551 1.05951
0.088 1.80636 1.11233
0.089 1.80331 1.16617
0.09 1.79626 1.22095
0.091 1.78514 1.27655
0.092 1.76988 1.33289
0.093 1.75044 1.38985
0.094 1.72678 1.44732
0.095 1.6989 1.50516
0.096 1.66678 1.56324
0.097 1.63045 1.62143
0.098 1.58995 1.67957
0.099 1.54532 1.73753
0.1 1.49664 1.79513
0.101 1.44399 1.85222
0.102 1.38749 1.90862
0.103 1.32726 1.96417
0.104 1.26343 2.01868
0.105 1.19618 2.07198
0.106 1.12567 2.12389
0.107 1.05211 2.1742
0.108 0.975696 2.22274
0.109 0.896669 2.26932
0.11 0.815267 2.31374
0.111 0.731746 2.35581
0.112 0.64638 2.39535
0.113 0.559453 2.43215
0.114 0.471261 2.46604
0.115 0.382113 2.49683
0.116 0.292327 2.52434
0.117 0.20223 2.54839
0.118 0.112156 2.56881
0.119 0.0224473 2.58544
0.12 -0.0665501 2.5981
0.121 -0.154486 2.60666
0.122 -0.241008 2.61097
0.123 -0.325762 2.61089
0.124 -0.408395 2.6063
0.125 -0.488557 2.59708
0.126 -0.565899 2.58312
0.127 -0.64008 2.56435
0.128 -0.710764 2.54066
0.129 -0.777623 2.512
0.13 -0.84034 2.47832
0.131 -0.898607 2.43957
0.132 -0.952131 2.39573
0.133 -1.00063 2.34679
0.134 -1.04384 2.29276
0.135 -1.08152 2.23365
0.136 -1.11344 2.16951
0.137 -1.13938 2.10038
0.138 -1.15916 2.02635
0.139 -1.17261 1.9475
0.14 -1.17959 1.86393
0.141 -1.17998 1.77576
0.142 -1.17369 1.68314
0.143 -1.16064 1.58623
0.144 -1.14079 1.48518
0.145 -1.11413 1.38021
0.146 -1.08067 1.2715
0.147 -1.04046 1.15928
0.148 -0.993549 1.04379
0.149 -0.940048 0.925287
0.15 -0.880081 0.804028
0.151 -0.8138 0.680298
0.152 -0.74139 0.554389
0.153 -0.663061 0.426609
0.154 -0.579051 0.297275
0.155 -0.489625 0.166715
0.156 -0.395076 0.0352683
0.157 -0.295721 -0.0967183
0.158 -0.191902 -0.22889
0.159 -0.0839847 -0.360884
0.16 0.0276426 -0.492334
0.161 0.14257 -0.622868
0.162 0.260369 -0.75211
0.163 0.38059 -0.879684
0.164 0.50277 -1.00521
0.165 0.626427 -1.12831
0.166 0.751069 -1.24862
0.167 0.87619 -1.36575
0.168 1.00127 -1.47934
0.169 1.1258 -1.58903
0.17 1.24924 -1.69447
0.171 1.37106 -1.7953
0.172 1.49072 -1.89119
0.173 1.60769 -1.98182
0.174 1.72145 -2.06688
0.175 1.83146 -2.14605
0.176 1.9372 -2.21907
0.177 2.03817 -2.28567
0.178 2.13387 -2.34558
0.179 2.22381 -2.39859
0.18 2.30753 -2.44448
0.181 2.38456 -2.48305
0.182 2.45449 -2.51415
0.183 2.5169 -2.53762
0.184 2.57141 -2.55334
0.185 2.61765 -2.56121
0.186 2.6553 -2.56115
0.187 2.68405 -2.55312
0.188 2.70363 -2.53709
0.189 2.7138 -2.51306
0.19 2.71436 -2.48107
0.191 2.70513 -2.44117
0.192 2.68597 -2.39344
0.193 2.65679 -2.338
0.194 2.61753 -2.27497
0.195 2.56817 -2.20454
0.196 2.50872 -2.12688
0.197 2.43924 -2.04221
0.198 2.35982 -1.95078
0.199 2.27061 -1.85286
0.2 2.17177 -1.74873
0.201 2.06353 -1.63873
0.202 1.94613 -1.52317
0.203 1.81987 -1.40244
0.204 1.68509 -1.2769
0.205 1.54214 -1.14697
0.206 1.39143 -1.01307
0.207 1.2334 -0.875635
0.208 1.06852 -0.735121
0.209 0.89729 -0.591999
0.21 0.720248 -0.446753
0.211 0.537952 -0.299878
0.212 0.350991 -0.15188
0.213 0.159977 -0.00327266
0.214 -0.0344567 0.145425
0.215 -0.231655 0.293686
0.216 -0.430948 0.440984
0.217 -0.631647 0.58679
0.218 -0.833054 0.730574
0.219 -1.03446 0.871811
0.22 -1.23515 1.00998
0.221 -1.4344 1.14456
0.222 -1.63149 1.27506
0.223 -1.8257 1.40096
0.224 -2.01632 1.5218
0.225 -2.20262 1.63709
0.226 -2.38392 1.74638
0.227 -2.55953 1.84923
0.228 -2.72877 1.94523
0.229 -2.89099 2.03398
0.23 -3.04556 2.11509
0.231 -3.19187 2.18822
0.232 -3.32933 2.25303
0.233 -3.4574 2.30924
0.234 -3.57555 2.35656
0.235 -3.68329 2.39476
0.236 -3.78017 2.42361
0.237 -3.86578 2.44294
0.238 -3.93973 2.45259
0.239 -4.00169 2.45245
0.24 -4.05138 2.44244
0.241 -4.08855 2.42249
0.242 -4.11299 2.39261
0.243 -4.12455 2.3528
0.244 -4.12314 2.30312
0.245 -4.10868 2.24366
0.246 -4.08118 2.17454
0.247 -4.04069 2.09592
0.248 -3.98728 2.00799
0.249 -3.92112 1.91098
0.25 -3.84238 1.80515
0.251 -3.75132 1.69078
0.252 -3.64822 1.56821
0.253 -3.53343 1.43778
0.254 -3.40734 1.29987
0.255 -3.27036 1.15491
0.256 -3.123 1.00332
0.257 -2.96575 0.845582
0.258 -2.79919 0.682169
0.259 -2.62391 0.513597
0.26 -2.44056 0.340396
0.261 -2.2498 0.163117
0.262 -2.05235 -0.0176727
0.263 -1.84892 -0.201392
0.264 -1.64029 -0.387446
0.265 -1.42725 -0.575228
0.266 -1.21059 -0.764124
0.267 -0.991146 -0.953513
0.268 -0.769755 -1.14277
0.269 -0.54727 -1.33126
0.27 -0.32455 -1.51837
0.271 -0.102462 -1.70347
0.272 0.118127 -1.88593
0.273 0.336351 -2.06514
0.274 0.551352 -2.24051
0.275 0.762275 -2.41143
0.276 0.968283 -2.57732
0.277 1.16855 -2.73764
0.278 1.36227 -2.89182
0.279 1.54867 -3.03934
0.28 1.72697 -3.17971
0.281 1.89646 -3.31244
0.282 2.05644 -3.43707
0.283 2.20624 -3.55318
0.284 2.34523 -3.66038
0.285 2.47284 -3.75829
0.286 2.58852 -3.84659
0.287 2.69176 -3.92496
0.288 2.78212 -3.99314
0.289 2.8592 -4.05091
0.29 2.92265 -4.09806
0.291 2.97217 -4.13444
0.292 3.00751 -4.15992
0.293 3.02848 -4.17444
0.294 3.03497 -4.17793
0.295 3.02688 -4.17041
0.296 3.00421 -4.15189
0.297 2.967 -4.12247
0.298 2.91535 -4.08225
0.299 2.84941 -4.03139
0.3 2.7694 -3.97007
0.301 2.67561 -3.89851
0.302 2.56835 -3.817
0.303 2.44802 -3.72581
0.304 2.31505 -3.62529
0.305 2.16994 -3.5158
0.306 2.01323 -3.39774
0.307 1.84551 -3.27154
0.308 1.66743 -3.13766
0.309 1.47967 -2.99658
0.31 1.28295 -2.8488
0.311 1.07805 -2.69487
0.312 0.865752 -2.53534
0.313 0.646904 -2.37078
0.314 0.422368 -2.20178
0.315 0.193036 -2.02895
0.316 -0.0401778 -1.85291
0.317 -0.276338 -1.67427
0.318 -0.514495 -1.49369
0.319 -0.753685 -1.3118
0.32 -0.992937 -1.12924
0.321 -1.23128 -0.946668
0.322 -1.46772 -0.764714
0.323 -1.70131 -0.58402
0.324 -1.93107 -0.405217
0.325 -2.15604 -0.228926
0.326 -2.3753 -0.0557582
0.327 -2.58791 0.113692
0.328 -2.79298 0.278846
0.329 -2.98964 0.439143
0.33 -3.17705 0.594043
0.331 -3.3544 0.743031
0.332 -3.52092 0.885614
0.333 -3.67588 1.02133
0.334 -3.81859 1.14974
0.335 -3.94842 1.27043
0.336 -4.06477 1.38305
0.337 -4.16711 1.48724
0.338 -4.25495 1.5827
0.339 -4.32785 1.66915
0.34 -4.38546 1.74638
0.341 -4.42746 1.81418
0.342 -4.4536 1.87239
0.343 -4.46369 1.92089
0.344 -4.45762 1.95962
0.345 -4.43532 1.98852
0.346 -4.3968 2.0076
0.347 -4.34214 2.01691
0.348 -4.27147 2.01652
0.349 -4.185 2.00654
0.35 -4.08298 1.98715
0.351 -3.96576 1.95853
0.352 -3.83372 1.92092
0.353 -3.68733 1.87459
0.354 -3.52708 1.81984
0.355 -3.35355 1.75701
0.356 -3.16737 1.68647
0.357 -2.96922 1.60862
0.358 -2.75982 1.52389
0.359 -2.53995 1.43274
0.36 -2.31044 1.33565
0.361 -2.07215 1.23312
0.362 -1.82597 1.12568
0.363 -1.57286 1.01388
0.364 -1.31376 0.898284
0.365 -1.04968 0.779458
0.366 -0.781637 0.657996
0.367 -0.510663 0.534494
0.368 -0.237811 0.409559
0.369 0.0358562 0.283797
0.37 0.309271 0.157821
0.371 0.581362 0.0322394
0.372 0.851061 -0.0923405
0.373 1.11731 -0.215318
0.374 1.37905 -0.336101
0.375 1.63525 -0.454109
0.376 1.8849 -0.568773
0.377 2.127 -0.679541
0.378 2.3606 -0.785879
0.379 2.58475 -0.887273
0.38 2.79856 -0.983233
0.381 3.00118 -1.07329
0.382 3.19179 -1.15701
0.383 3.36964 -1.23398
0.384 3.534 -1.30381
0.385 3.6842 -1.36616
0.386 3.81966 -1.42072
0.387 3.93981 -1.46719
0.388 4.04417 -1.50535
0.389 4.13233 -1.53497
0.39 4.20391 -1.55589
0.391 4.25864 -1.56798
0.392 4.29629 -1.57116
0.393 4.31671 -1.56535
0.394 4.31982 -1.55057
0.395 4.30561 -1.52682
0.396 4.27413 -1.49419
0.397 4.22553 -1.45279
0.398 4.16001 -1.40275
0.399 4.07783 -1.34427
0.4 3.97935 -1.27757
0.401 3.86497 -1.20291
0.402 3.73518 -1.1206
0.403 3.59051 -1.03097
0.404 3.43158 -0.934373
0.405 3.25906 -0.831223
0.406 3.07366 -0.721944
0.407 2.87617 -0.606993
0.408 2.66743 -0.486856
0.409 2.44831 -0.362041
0.41 2.21975 -0.233079
0.411 1.98271 -0.100522
0.412 1.73821 0.0350616
0.413 1.48729 0.173087
0.414 1.23102 0.312957
0.415 0.970503 0.454064
0.416 0.706851 0.595792
0.417 0.441202 0.737522
0.418 0.174705 0.878631
0.419 -0.0914855 1.0185
0.42 -0.356213 1.1565
0.421 -0.618322 1.29203
0.422 -0.876665 1.42447
0.423 -1.13011 1.55325
0.424 -1.37753 1.67776
0.425 -1.61783 1.79747
0.426 -1.84995 1.91181
0.427 -2.07284 2.02026
0.428 -2.28549 2.12234
0.429 -2.48694 2.21755
0.43 -2.67626 2.30547
0.431 -2.85259 2.38566
0.432 -3.01509 2.45776
0.433 -3.163 2.52141
0.434 -3.29561 2.57629
0.435 -3.41226 2.62214
0.436 -3.51238 2.65871
0.437 -3.59543 2.68581
0.438 -3.66099 2.70328
0.439 -3.70866 2.711
0.44 -3.73815 2.70891
0.441 -3.74922 2.69696
0.442 -3.74173 2.67518
0.443 -3.7156 2.64362
0.444 -3.67083 2.60239
0.445 -3.60751 2.55161
0.446 -3.52579 2.49149
0.447 -3.42591 2.42225
0.448 -3.30818 2.34415
0.449 -3.17299 2.25751
0.45 -3.02082 2.16268
0.451 -2.85219 2.06004
0.452 -2.66772 1.95003
0.453 -2.46808 1.83309
0.454 -2.25402 1.70972
0.455 -2.02634 1.58044
0.456 -1.78593 1.44581
0.457 -1.53369 1.30641
0.458 -1.27062 1.16284
0.459 -0.997743 1.01573
0.46 -0.716133 0.865716
0.461 -0.426909 0.713474
0.462 -0.131225 0.559678
0.463 0.169732 0.405016
0.464 0.474747 0.250186
0.465 0.782582 0.0958919
0.466 1.09198 -0.0571607
0.467 1.40168 -0.208266
0.468 1.71039 -0.356722
0.469 2.01685 -0.501833
0.47 2.31977 -0.642911
0.471 2.61789 -0.779284
0.472 2.90996 -0.910292
0.473 3.19473 -1.03529
0.474 3.471 -1.15367
0.475 3.73759 -1.26483
0.476 3.99334 -1.36819
0.477 4.23714 -1.46323
0.478 4.46793 -1.54943
0.479 4.68469 -1.62632
0.48 4.88645 -1.69346
0.481 5.0723 -1.75045
0.482 5.24139 -1.79692
0.483 5.39294 -1.83258
0.484 5.52622 -1.85713
0.485 5.64059 -1.87036
0.486 5.73547 -1.87207
0.487 5.81038 -1.86214
0.488 5.86489 -1.84049
0.489 5.89866 -1.80706
0.49 5.91145 -1.76189
0.491 5.90307 -1.70503
0.492 5.87346 -1.63659
0.493 5.82259 -1.55674
0.494 5.75058 -1.46569
0.495 5.65757 -1.36371
0.496 5.54385 -1.25111
0.497 5.40974 -1.12823
0.498 5.25568 -0.995504
0.499 5.08218 -0.853363
0.5 4.88982 -0.702308
0.501 4.67929 -0.542872
0.502 4.45132 -0.375633
0.503 4.20674 -0.201204
0.504 3.94643 -0.0202347
0.505 3.67136 0.166592
0.506 3.38255 0.358564
0.507 3.08108 0.554937
0.508 2.76808 0.754946
0.509 2.44474 0.957802
0.51 2.11231 1.1627
0.511 1.77205 1.3688
0.512 1.42528 1.57528
0.513 1.07334 1.7813
0.514 0.717613 1.98598
0.515 0.359477 2.18849
0.516 0.000344119 2.38796
0.517 -0.35837 2.58355
0.518 -0.715244 2.7744
0.519 -1.06886 2.95969
0.52 -1.41781 3.1386
0.521 -1.7607 3.31033
0.522 -2.09615 3.47409
0.523 -2.4228 3.62914
0.524 -2.73933 3.77475
0.525 -3.04447 3.91021
0.526 -3.33696 4.03488
0.527 -3.6156 4.14811
0.528 -3.87925 4.24933
0.529 -4.12682 4.33799
0.53 -4.35728 4.41359
0.531 -4.56966 4.47567
0.532 -4.76307 4.52383
0.533 -4.93669 4.55772
0.534 -5.08977 4.57704
0.535 -5.22165 4.58153
0.536 -5.33176 4.57101
0.537 -5.41958 4.54534
0.538 -5.48472 4.50444
0.539 -5.52687 4.44829
0.54 -5.54579 4.37694
0.541 -5.54136 4.29046
0.542 -5.51353 4.18903
0.543 -5.46237 4.07286
0.544 -5.38802 3.94221
0.545 -5.29073 3.79742
0.546 -5.17083 3.63888
0.547 -5.02877 3.46702
0.548 -4.86506 3.28234
0.549 -4.68031 3.08539
0.55 -4.47522 2.87676
0.551 -4.25057 2.6571
0.552 -4.00724 2.4271
0.553 -3.74615 2.1875
0.554 -3.46833 1.93906
0.555 -3.17488 1.68262
0.556 -2.86693 1.41901
0.557 -2.54572 1.14912
0.558 -2.21252 0.87386
0.559 -1.86865 0.594163
0.56 -1.5155 0.310991
0.561 -1.15448 0.025318
0.562 -0.787054 -0.261863
0.563 -0.414699 -0.549549
0.564 -0.03893 -0.836731
0.565 0.338723 -1.1224
0.566 0.716717 -1.40553
0.567 1.0935 -1.68513
0.568 1.46753 -1.96019
0.569 1.83725 -2.22972
0.57 2.20114 -2.49276
0.571 2.55768 -2.74835
0.572 2.90537 -2.99556
0.573 3.24277 -3.2335
0.574 3.56845 -3.46129
0.575 3.88102 -3.67811
0.576 4.17916 -3.88314
0.577 4.46158 -4.07564
0.578 4.72707 -4.2549
0.579 4.97447 -4.42024
0.58 5.20269 -4.57105
0.581 5.41072 -4.70677
0.582 5.59761 -4.8269
0.583 5.76252 -4.93096
0.584 5.90468 -5.01859
0.585 6.0234 -5.08943
0.586 6.1181 -5.14322
0.587 6.18827 -5.17975
0.588 6.23352 -5.19887
0.589 6.25356 -5.20051
0.59 6.24817 -5.18466
0.591 6.21727 -5.15135
0.592 6.16085 -5.10072
0.593 6.07902 -5.03294
0.594 5.97198 -4.94826
0.595 5.84004 -4.84699
0.596 5.68362 -4.72951
0.597 5.50321 -4.59625
0.598 5.29942 -4.44771
0.599 5.07296 -4.28444
0.6 4.82461 -4.10706
0.601 4.55526 -3.91622
0.602 4.26587 -3.71266
0.603 3.9575 -3.49713
0.604 3.63127 -3.27045
0.605 3.28839 -3.03348
0.606 2.93013 -2.78711
0.607 2.55784 -2.53228
0.608 2.1729 -2.26996
0.609 1.77678 -2.00113
0.61 1.37097 -1.72684
0.611 0.957022 -1.44811
0.612 0.53651 -1.16602
0.613 0.111048 -0.881634
0.614 -0.31773 -0.59605
0.615 -0.748172 -0.310355
0.616 -1.17862 -0.0256459
0.617 -1.60739 0.256987
0.618 -2.03284 0.536459
0.619 -2.45329 0.811697
0.62 -2.86712 1.08164
0.621 -3.2727 1.34526
0.622 -3.66845 1.60152
0.623 -4.05281 1.84945
0.624 -4.42426 2.08809
0.625 -4.78135 2.31652
0.626 -5.12267 2.53385
0.627 -5.44685 2.73924
0.628 -5.75262 2.9319
0.629 -6.03875 3.11108
0.63 -6.30411 3.27608
0.631 -6.54764 3.42626
0.632 -6.76835 3.56103
0.633 -6.96536 3.67988
0.634 -7.13788 3.78233
0.635 -7.28519 3.86799
0.636 -7.40671 3.93651
0.637 -7.50192 3.98762
0.638 -7.57044 4.02112
0.639 -7.61196 4.03688
0.64 -7.62631 4.03482
0.641 -7.6134 4.01495
0.642 -7.57326 3.97734
0.643 -7.50603 3.92212
0.644 -7.41195 3.8495
0.645 -7.29138 3.75976
0.646 -7.14477 3.65323
0.647 -6.97269 3.53033
0.648 -6.77579 3.39151
0.649 -6.55484 3.23731
0.65 -6.3107 3.06833
0.651 -6.04432 2.8852
0.652 -5.75674 2.68863
0.653 -5.44909 2.47938
0.654 -5.12258 2.25824
0.655 -4.7785 2.02607
0.656 -4.41819 1.78377
0.657 -4.04308 1.53225
0.658 -3.65466 1.2725
0.659 -3.25446 1.0055
0.66 -2.84406 0.732289
0.661 -2.4251 0.453916
0.662 -1.99924 0.171451
0.663 -1.56817 -0.114018
0.664 -1.1336 -0.401396
0.665 -0.697263 -0.689575
0.666 -0.260902 -0.97745
0.667 0.173746 -1.26391
0.668 0.604947 -1.54787
0.669 1.03098 -1.82822
0.67 1.45014 -2.10389
0.671 1.86075 -2.37384
0.672 2.26117 -2.63702
0.673 2.6498 -2.89243
0.674 3.02507 -3.13909
0.675 3.3855 -3.37607
0.676 3.72962 -3.60245
0.677 4.05606 -3.81739
0.678 4.36351 -4.02007
0.679 4.65074 -4.20973
0.68 4.91659 -4.38564
0.681 5.15999 -4.54714
0.682 5.37997 -4.69365
0.683 5.57563 -4.82461
0.684 5.74621 -4.93954
0.685 5.891 -5.03803
0.686 6.00943 -5.11972
0.687 6.10102 -5.18432
0.688 6.16541 -5.23161
0.689 6.20235 -5.26145
0.69 6.21167 -5.27374
0.691 6.19336 -5.26849
0.692 6.1475 -5.24573
0.693 6.07426 -5.20561
0.694 5.97396 -5.1483
0.695 5.84701 -5.07407
0.696 5.69393 -4.98324
0.697 5.51535 -4.87622
0.698 5.31199 -4.75344
0.699 5.08471 -4.61542
0.7 4.83442 -4.46275
0.701 4.56216 -4.29605
0.702 4.26904 -4.11601
0.703 3.95627 -3.92336
0.704 3.62513 -3.71889
0.705 3.27699 -3.50344
0.706 2.91327 -3.27787
0.707 2.53548 -3.0431
0.708 2.14517 -2.80007
0.709 1.74394 -2.54975
0.71 1.33347 -2.29316
0.711 0.915426 -2.03132
0.712 0.491555 -1.76526
0.713 0.0636057 -1.49606
0.714 -0.36665 -1.22477
0.715 -0.797427 -0.952467
0.716 -1.22694 -0.680231
0.717 -1.6534 -0.409131
0.718 -2.07503 -0.140231
0.719 -2.49007 0.125419
0.72 -2.8968 0.386781
0.721 -3.29351 0.642843
0.722 -3.67854 0.892612
0.723 -4.05027 1.13513
0.724 -4.40713 1.36946
0.725 -4.74763 1.59472
0.726 -5.07031 1.81004
0.727 -5.37381 2.01463
0.728 -5.65683 2.20771
0.729 -5.91816 2.38858
0.73 -6.15667 2.55657
0.731 -6.37133 2.71107
0.732 -6.56121 2.85155
0.733 -6.72545 2.9775
0.734 -6.86334 3.08851
0.735 -6.97422 3.18422
0.736 -7.0576 3.26431
0.737 -7.11306 3.32857
0.738 -7.1403 3.37683
0.739 -7.13914 3.40899
0.74 -7.10953 3.42502
0.741 -7.0515 3.42497
0.742 -6.96523 3.40893
0.743 -6.851 3.37709
0.744 -6.7092 3.32969
0.745 -6.54035 3.26704
0.746 -6.34506 3.18949
0.747 -6.12407 3.0975
0.748 -5.8782 2.99155
0.749 -5.6084 2.8722
0.75 -5.3157 2.74006
0.751 -5.00123 2.59579
0.752 -4.66621 2.44011
0.753 -4.31195 2.27378
0.754 -3.93983 2.0976
0.755 -3.55132 1.91243
0.756 -3.14794 1.71915
0.757 -2.73129 1.51869
0.758 -2.30301 1.31199
0.759 -1.86481 1.10003
0.76 -1.41842 0.883815
0.761 -0.965627 0.664356
0.762 -0.508225 0.442686
0.763 -0.0480443 0.219844
0.764 0.413076 -0.00312477
0.765 0.873289 -0.225176
0.766 1.33075 -0.445268
0.767 1.78362 -0.662369
0.768 2.23009 -0.875459
0.769 2.66836 -1.08353
0.77 3.09665 -1.28562
0.771 3.51325 -1.48074
0.772 3.91648 -1.668
0.773 4.30471 -1.84648
0.774 4.67636 -2.01534
0.775 5.02993 -2.17376
0.776 5.364 -2.32096
0.777 5.6772 -2.45624
0.778 5.96827 -2.57892
0.779 6.23603 -2.68838
0.78 6.47938 -2.78406
0.781 6.69733 -2.86545
0.782 6.889 -2.93213
0.783 7.05361 -2.98371
0.784 7.19048 -3.01987
0.785 7.29905 -3.04038
0.786 7.37888 -3.04506
0.787 7.42964 -3.03379
0.788 7.45111 -3.00653
0.789 7.44322 -2.96331
0.79 7.40599 -2.90423
0.791 7.33956 -2.82946
0.792 7.24421 -2.73922
0.793 7.12032 -2.63383
0.794 6.96841 -2.51364
0.795 6.78908 -2.3791
0.796 6.58307 -2.23069
0.797 6.35122 -2.06899
0.798 6.09449 -1.8946
0.799 5.81392 -1.70819
0.8 5.51067 -1.51051
0.801 5.18599 -1.30232
0.802 4.8412 -1.08445
0.803 4.47773 -0.857774
0.804 4.09708 -0.623207
0.805 3.70081 -0.381696
0.806 3.29057 -0.134225
0.807 2.86805 0.118195
0.808 2.43499 0.374525
0.809 1.99319 0.633707
0.81 1.54449 0.894667
0.811 1.09074 1.15632
0.812 0.633844 1.41756
0.813 0.175689 1.67731
0.814 -0.281808 1.93446
0.815 -0.736739 2.18792
0.816 -1.1872 2.43661
0.817 -1.6313 2.67948
0.818 -2.06718 2.91548
0.819 -2.49301 3.14358
0.82 -2.90699 3.3628
0.821 -3.30737 3.57219
0.822 -3.69245 3.77081
0.823 -4.06061 3.9578
0.824 -4.41027 4.13231
0.825 -4.73993 4.29356
0.826 -5.04818 4.44081
0.827 -5.3337 4.57339
0.828 -5.59523 4.69066
0.829 -5.83164 4.79208
0.83 -6.04188 4.87714
0.831 -6.22503 4.9454
0.832 -6.38025 4.99651
0.833 -6.50682 5.03017
0.834 -6.60416 5.04616
0.835 -6.67178 5.04431
0.836 -6.70933 5.02455
0.837 -6.71658 4.98688
0.838 -6.6934 4.93136
0.839 -6.63982 4.85813
0.84 -6.55598 4.7674
0.841 -6.44214 4.65947
0.842 -6.29868 4.53469
0.843 -6.12612 4.3935
0.844 -5.92509 4.23638
0.845 -5.69633 4.06391
0.846 -5.4407 3.87671
0.847 -5.15919 3.67548
0.848 -4.85288 3.46098
0.849 -4.52295 3.23401
0.85 -4.17068 2.99545
0.851 -3.79747 2.7462
0.852 -3.40477 2.48723
0.853 -2.99415 2.21955
0.854 -2.56723 1.9442
0.855 -2.12572 1.66228
0.856 -1.67137 1.37488
0.857 -1.206 1.08316
0.858 -0.731491 0.788262
0.859 -0.249747 0.491382
0.86 0.237285 0.193707
0.861 0.727634 -0.103562
0.862 1.21931 -0.399223
0.863 1.71031 -0.692073
0.864 2.19864 -0.980917
0.865 2.6823 -1.26457
0.866 3.15931 -1.54187
0.867 3.6277 -1.81167
0.868 4.08555 -2.07284
0.869 4.53096 -2.32431
0.87 4.9621 -2.56501
0.871 5.37716 -2.79393
0.872 5.77442 -3.0101
0.873 6.1522 -3.2126
0.874 6.50893 -3.40055
0.875 6.84309 -3.57314
0.876 7.15327 -3.72961
0.877 7.43813 -3.86927
0.878 7.69645 -3.99148
0.879 7.9271 -4.09569
0.88 8.12908 -4.18141
0.881 8.30146 -4.24821
0.882 8.44348 -4.29575
0.883 8.55447 -4.32376
0.884 8.63388 -4.33206
0.885 8.68131 -4.32053
0.886 8.69645 -4.28914
0.887 8.67916 -4.23793
0.888 8.62941 -4.16704
0.889 8.54729 -4.07667
0.89 8.43304 -3.9671
0.891 8.28702 -3.83871
0.892 8.10971 -3.69192
0.893 7.90174 -3.52727
0.894 7.66384 -3.34533
0.895 7.39688 -3.14677
0.896 7.10183 -2.93232
0.897 6.77978 -2.70277
0.898 6.43194 -2.45899
0.899 6.05962 -2.2019
0.9 5.66423 -1.93247
0.901 5.24727 -1.65173
0.902 4.81034 -1.36077
0.903 4.3551 -1.06071
0.904 3.88332 -0.752708
0.905 3.39681 -0.437971
0.906 2.89746 -0.11773
0.907 2.38721 0.206755
0.908 1.86803 0.534204
0.909 1.34195 0.86332
0.91 0.811032 1.19279
0.911 0.277344 1.52131
0.912 -0.257022 1.84754
0.913 -0.789968 2.17019
0.914 -1.3194 2.48795
0.915 -1.84324 2.79952
0.916 -2.35941 3.10365
0.917 -2.86589 3.39907
0.918 -3.36068 3.68458
0.919 -3.84181 3.95899
0.92 -4.30739 4.22117
0.921 -4.75557 4.47001
0.922 -5.18457 4.70446
0.923 -5.59269 4.92352
0.924 -5.97832 5.12626
0.925 -6.3399 5.31178
0.926 -6.67601 5.47928
0.927 -6.98531 5.62801
0.928 -7.26657 5.75728
0.929 -7.51865 5.86648
0.93 -7.74056 5.9551
0.931 -7.93141 6.02267
0.932 -8.09042 6.06883
0.933 -8.21697 6.09329
0.934 -8.31055 6.09583
0.935 -8.37077 6.07634
0.936 -8.3974 6.03477
0.937 -8.39032 5.97118
0.938 -8.34956 5.8857
0.939 -8.27529 5.77854
0.94 -8.16778 5.65001
0.941 -8.02748 5.50049
0.942 -7.85494 5.33045
0.943 -7.65085 5.14042
0.944 -7.41603 4.93105
0.945 -7.15142 4.70302
0.946 -6.85808 4.45711
0.947 -6.53718 4.19416
0.948 -6.19002 3.91509
0.949 -5.818 3.62087
0.95 -5.4226 3.31253
0.951 -5.00542 2.99117
0.952 -4.56814 2.65793
0.953 -4.11252 2.314
0.954 -3.64041 1.96061
0.955 -3.1537 1.59903
0.956 -2.65437 1.23057
0.957 -2.14443 0.85657
0.958 -1.62594 0.478376
0.959 -1.10101 0.0973679
0.96 -0.571768 -0.285068
0.961 -0.0403516 -0.667537
0.962 0.491078 -1.04864
0.963 1.02036 -1.42699
0.964 1.54535 -1.8012
0.965 2.06389 -2.1699
0.966 2.57389 -2.53174
0.967 3.07326 -2.8854
0.968 3.55996 -3.22958
0.969 4.03199 -3.56302
0.97 4.48742 -3.88451
0.971 4.92439 -4.19287
0.972 5.3411 -4.48697
0.973 5.73583 -4.76575
0.974 6.10694 -5.02819
0.975 6.45291 -5.27334
0.976 6.77229 -5.50033
0.977 7.06376 -5.70833
0.978 7.32609 -5.8966
0.979 7.55817 -6.06447
0.98 7.75903 -6.21137
0.981 7.9278 -6.33677
0.982 8.06375 -6.44025
0.983 8.16628 -6.52148
0.984 8.23492 -6.58019
0.985 8.26934 -6.61621
0.986 8.26934 -6.62947
0.987 8.23487 -6.61997
0.988 8.16602 -6.58779
0.989 8.06299 -6.53312
0.99 7.92615 -6.45623
0.991 7.75599 -6.35746
0.992 7.55313 -6.23725
0.993 7.31834 -6.09612
0.994 7.05251 -5.93466
0.995 6.75664 -5.75355
0.996 6.43187 -5.55354
0.997 6.07945 -5.33545
0.998 5.70074 -5.10018
0.999 5.29722 -4.84867
1 4.87044 -4.58195
