0.001 3.38456e-008 2.49843e-009
0.002 3.08504e-007 2.00678e-008
0.003 1.4558e-006 8.3293e-008
0.004 4.82636e-006 2.44501e-007
0.005 1.27805e-005 5.80218e-007
0.006 2.89692e-005 1.1953e-006
0.007 5.86024e-005 2.22918e-006
0.008 0.000108703 3.86463e-006
0.009 0.000188341 6.33949e-006
0.01 0.000308853 9.96159e-006
0.011 0.000484034 1.51273e-005
0.012 0.000730311 2.23441e-005
0.013 0.00106689 3.22568e-005
0.014 0.00151585 4.56784e-005
0.015 0.00210229 6.36255e-005
0.016 0.00285432 8.73575e-005
0.017 0.00380314 0.000118421
0.018 0.00498301 0.000158698
0.019 0.00643122 0.000210459
0.02 0.00818803 0.000276419
0.021 0.0102966 0.000359801
0.022 0.0128027 0.000464398
0.023 0.0157547 0.000594641
0.024 0.0192035 0.000755671
0.025 0.023202 0.000953413
0.026 0.0278048 0.00119465
0.027 0.0330683 0.00148709
0.028 0.0390501 0.00183947
0.029 0.0458088 0.00226161
0.03 0.0534032 0.00276448
0.031 0.0618926 0.00336032
0.032 0.071336 0.00406267
0.033 0.0817914 0.00488644
0.034 0.093316 0.00584803
0.035 0.105965 0.00696532
0.036 0.119792 0.00825778
0.037 0.134848 0.0097465
0.038 0.15118 0.0114542
0.039 0.168834 0.0134054
0.04 0.187848 0.0156263
0.041 0.208259 0.0181447
0.042 0.230097 0.0209905
0.043 0.253388 0.0241949
0.044 0.278152 0.0277912
0.045 0.304402 0.0318143
0.046 0.332144 0.0363006
0.047 0.361378 0.0412884
0.048 0.392097 0.0468173
0.049 0.424284 0.0529285
0.05 0.457917 0.0596644
0.051 0.492963 0.0670689
0.052 0.529383 0.0751866
0.053 0.567127 0.0840636
0.054 0.606138 0.0937464
0.055 0.64635 0.104282
0.056 0.687687 0.115719
0.057 0.730066 0.128104
0.058 0.773393 0.141486
0.059 0.817567 0.155913
0.06 0.862477 0.171431
0.061 0.908006 0.188088
0.062 0.954027 0.205929
0.063 1.00041 0.224998
0.064 1.047 0.245338
0.065 1.09366 0.266989
0.066 1.14024 0.289992
0.067 1.18657 0.314381
0.068 1.23248 0.34019
0.069 1.27781 0.367449
0.07 1.32238 0.396186
0.071 1.36601 0.426423
0.072 1.40852 0.45818
0.073 1.44973 0.491469
0.074 1.48944 0.526303
0.075 1.52749 0.562684
0.076 1.56368 0.600613
0.077 1.59783 0.640083
0.078 1.62976 0.681081
0.079 1.65929 0.72359
0.08 1.68626 0.767585
0.081 1.71048 0.813034
0.082 1.7318 0.859899
0.083 1.75007 0.908134
0.084 1.76513 0.957686
0.085 1.77685 1.0085
0.086 1.78509 1.0605
0.087 1.78975 1.11361
0.088 1.7907 1.16776
0.089 1.78785 1.22285
0.09 1.78113 1.27878
0.091 1.77045 1.33545
0.092 1.75577 1.39275
0.093 1.73703 1.45056
0.094 1.71423 1.50873
0.095 1.68733 1.56716
0.096 1.65636 1.62568
0.097 1.62133 1.68415
0.098 1.58228 1.74243
0.099 1.53926 1.80034
0.1 1.49235 1.85772
0.101 1.44165 1.9144
0.102 1.38725 1.9702
0.103 1.32928 2.02495
0.104 1.26788 2.07846
0.105 1.20322 2.13054
0.106 1.13546 2.18099
0.107 1.06481 2.22964
0.108 0.991455 2.27629
0.109 0.915631 2.32074
0.11 0.837572 2.36279
0.111 0.757527 2.40226
0.112 0.675761 2.43895
0.113 0.592547 2.47267
0.114 0.508174 2.50324
0.115 0.422938 2.53046
0.116 0.337145 2.55417
0.117 0.251109 2.57419
0.118 0.16515 2.59034
0.119 0.0795945 2.60248
0.12 -0.00522594 2.61044
0.121 -0.0889782 2.61408
0.122 -0.171327 2.61326
0.123 -0.251937 2.60787
0.124 -0.330474 2.59777
0.125 -0.406605 2.58288
0.126 -0.480004 2.56309
0.127 -0.550349 2.53833
0.128 -0.617324 2.50853
0.129 -0.680623 2.47364
0.13 -0.739949 2.43362
0.131 -0.795016 2.38845
0.132 -0.845553 2.33812
0.133 -0.891301 2.28265
0.134 -0.932016 2.22205
0.135 -0.967473 2.15637
0.136 -0.997462 2.08566
0.137 -1.0218 2.01002
0.138 -1.0403 1.92951
0.139 -1.05284 1.84426
0.14 -1.05928 1.7544
0.141 -1.05951 1.66007
0.142 -1.05347 1.56143
0.143 -1.0411 1.45866
0.144 -1.02236 1.35195
0.145 -0.997267 1.24153
0.146 -0.965832 1.12762
0.147 -0.928109 1.01046
0.148 -0.884175 0.890311
0.149 -0.834134 0.767452
0.15 -0.778119 0.642168
0.151 -0.716285 0.514762
0.152 -0.648818 0.385546
0.153 -0.575929 0.254847
0.154 -0.497852 0.123001
0.155 -0.41485 -0.00964762
0.156 -0.327208 -0.142743
0.157 -0.235235 -0.275923
0.158 -0.139262 -0.408818
0.159 -0.0396423 -0.541056
0.16 0.0632497 -0.672257
0.161 0.169022 -0.80204
0.162 0.277263 -0.930022
0.163 0.387548 -1.05582
0.164 0.499433 -1.17905
0.165 0.612464 -1.29934
0.166 0.726174 -1.4163
0.167 0.840087 -1.52957
0.168 0.953718 -1.63877
0.169 1.06658 -1.74356
0.17 1.17817 -1.84359
0.171 1.288 -1.93852
0.172 1.39557 -2.02801
0.173 1.50039 -2.11177
0.174 1.60196 -2.18949
0.175 1.6998 -2.26089
0.176 1.79343 -2.32571
0.177 1.88238 -2.38369
0.178 1.96621 -2.43462
0.179 2.04446 -2.47827
0.18 2.11672 -2.51448
0.181 2.18257 -2.54306
0.182 2.24164 -2.5639
0.183 2.29355 -2.57685
0.184 2.33797 -2.58185
0.185 2.37457 -2.57881
0.186 2.40308 -2.5677
0.187 2.42322 -2.54851
0.188 2.43477 -2.52125
0.189 2.43752 -2.48596
0.19 2.43132 -2.4427
0.191 2.41601 -2.39158
0.192 2.39151 -2.33272
0.193 2.35774 -2.26626
0.194 2.31468 -2.19239
0.195 2.26233 -2.11131
0.196 2.20074 -2.02325
0.197 2.12998 -1.92846
0.198 2.05017 -1.82724
0.199 1.96147 -1.71989
0.2 1.86406 -1.60674
0.201 1.75818 -1.48815
0.202 1.64407 -1.36449
0.203 1.52205 -1.23616
0.204 1.39244 -1.10358
0.205 1.2556 -0.967176
0.206 1.11195 -0.827414
0.207 0.961894 -0.684759
0.208 0.805904 -0.539693
0.209 0.644463 -0.392713
0.21 0.478084 -0.244325
0.211 0.307305 -0.0950476
0.212 0.132686 0.0545966
0.213 -0.0451904 0.204077
0.214 -0.225725 0.35286
0.215 -0.4083 0.500408
0.216 -0.592286 0.646187
0.217 -0.777038 0.789659
0.218 -0.961906 0.930294
0.219 -1.14623 1.06757
0.22 -1.32934 1.20096
0.221 -1.51059 1.32996
0.222 -1.68929 1.45407
0.223 -1.8648 1.57281
0.224 -2.03645 1.6857
0.225 -2.2036 1.7923
0.226 -2.36562 1.89216
0.227 -2.52188 1.98488
0.228 -2.67178 2.07006
0.229 -2.81474 2.14733
0.23 -2.95019 2.21635
0.231 -3.0776 2.27679
0.232 -3.19644 2.32837
0.233 -3.30624 2.37084
0.234 -3.40655 2.40394
0.235 -3.49693 2.4275
0.236 -3.57701 2.44133
0.237 -3.64644 2.44531
0.238 -3.7049 2.43932
0.239 -3.75213 2.42332
0.24 -3.78789 2.39726
0.241 -3.812 2.36114
0.242 -3.82431 2.31502
0.243 -3.82472 2.25895
0.244 -3.81317 2.19305
0.245 -3.78966 2.11747
0.246 -3.75423 2.03238
0.247 -3.70695 1.938
0.248 -3.64795 1.83458
0.249 -3.57741 1.72241
0.25 -3.49555 1.60178
0.251 -3.40263 1.47306
0.252 -3.29896 1.33662
0.253 -3.1849 1.19286
0.254 -3.06083 1.04222
0.255 -2.9272 0.885158
0.256 -2.78448 0.722165
0.257 -2.63319 0.553749
0.258 -2.47387 0.380441
0.259 -2.3071 0.202792
0.26 -2.1335 0.0213741
0.261 -1.95372 -0.163228
0.262 -1.76842 -0.350415
0.263 -1.57831 -0.539572
0.264 -1.38411 -0.730079
0.265 -1.18655 -0.921306
0.266 -0.98638 -1.11262
0.267 -0.784383 -1.30337
0.268 -0.581333 -1.49294
0.269 -0.378019 -1.68067
0.27 -0.175233 -1.86593
0.271 0.0262317 -2.04811
0.272 0.225582 -2.22657
0.273 0.422029 -2.4007
0.274 0.614795 -2.56992
0.275 0.80311 -2.73365
0.276 0.986221 -2.89131
0.277 1.16339 -3.04236
0.278 1.3339 -3.18628
0.279 1.49706 -3.32258
0.28 1.6522 -3.45078
0.281 1.79868 -3.57043
0.282 1.9359 -3.68111
0.283 2.06328 -3.78244
0.284 2.18029 -3.87407
0.285 2.28644 -3.95566
0.286 2.38126 -4.02694
0.287 2.46435 -4.08766
0.288 2.53534 -4.13759
0.289 2.59391 -4.17656
0.29 2.63979 -4.20444
0.291 2.67275 -4.22112
0.292 2.69264 -4.22655
0.293 2.69932 -4.2207
0.294 2.69273 -4.2036
0.295 2.67286 -4.1753
0.296 2.63975 -4.1359
0.297 2.59348 -4.08555
0.298 2.53422 -4.02442
0.299 2.46215 -3.95273
0.3 2.37753 -3.87072
0.301 2.28067 -3.7787
0.302 2.17191 -3.67699
0.303 2.05165 -3.56595
0.304 1.92036 -3.44597
0.305 1.77853 -3.31748
0.306 1.6267 -3.18093
0.307 1.46545 -3.03682
0.308 1.29541 -2.88564
0.309 1.11725 -2.72795
0.31 0.931659 -2.56429
0.311 0.739375 -2.39524
0.312 0.541159 -2.22141
0.313 0.3378 -2.0434
0.314 0.130111 -1.86185
0.315 -0.0810728 -1.6774
0.316 -0.2949 -1.49069
0.317 -0.510504 -1.30239
0.318 -0.727008 -1.11314
0.319 -0.943528 -0.923618
0.32 -1.15917 -0.734477
0.321 -1.37306 -0.546376
0.322 -1.5843 -0.359968
0.323 -1.79201 -0.175894
0.324 -1.99533 0.00521265
0.325 -2.1934 0.182733
0.326 -2.38539 0.356062
0.327 -2.57048 0.524617
0.328 -2.74789 0.68783
0.329 -2.91684 0.845158
0.33 -3.0766 0.996084
0.331 -3.22649 1.14011
0.332 -3.36583 1.27679
0.333 -3.49401 1.40566
0.334 -3.61044 1.52635
0.335 -3.71459 1.63847
0.336 -3.80598 1.74169
0.337 -3.88416 1.83571
0.338 -3.94875 1.92027
0.339 -3.99942 1.99515
0.34 -4.03589 2.06017
0.341 -4.05793 2.11517
0.342 -4.06539 2.16006
0.343 -4.05814 2.19477
0.344 -4.03615 2.21927
0.345 -3.99942 2.23359
0.346 -3.94802 2.23777
0.347 -3.88209 2.23192
0.348 -3.8018 2.21617
0.349 -3.7074 2.19071
0.35 -3.5992 2.15574
0.351 -3.47755 2.11152
0.352 -3.34287 2.05833
0.353 -3.19563 1.9965
0.354 -3.03634 1.92639
0.355 -2.86558 1.84839
0.356 -2.68396 1.76292
0.357 -2.49214 1.67042
0.358 -2.29084 1.57138
0.359 -2.0808 1.4663
0.36 -1.8628 1.35569
0.361 -1.63766 1.24012
0.362 -1.40623 1.12013
0.363 -1.16939 0.99632
0.364 -0.928029 0.869273
0.365 -0.683078 0.739598
0.366 -0.435472 0.607909
0.367 -0.186164 0.474827
0.368 0.0638851 0.340977
0.369 0.31371 0.206984
0.37 0.562343 0.073473
0.371 0.808817 -0.0589364
0.372 1.05217 -0.18963
0.373 1.29147 -0.318005
0.374 1.52576 -0.443466
0.375 1.75413 -0.565436
0.376 1.9757 -0.683352
0.377 2.18958 -0.796671
0.378 2.39494 -0.904872
0.379 2.59097 -1.00745
0.38 2.7769 -1.10394
0.381 2.952 -1.1939
0.382 3.11558 -1.2769
0.383 3.26699 -1.35255
0.384 3.40564 -1.42052
0.385 3.53098 -1.48047
0.386 3.64253 -1.53212
0.387 3.73983 -1.57523
0.388 3.82252 -1.60958
0.389 3.89027 -1.63501
0.39 3.94282 -1.65138
0.391 3.97998 -1.6586
0.392 4.0016 -1.65661
0.393 4.00761 -1.64541
0.394 3.99801 -1.62503
0.395 3.97284 -1.59552
0.396 3.93223 -1.55701
0.397 3.87636 -1.50964
0.398 3.80547 -1.45359
0.399 3.71988 -1.3891
0.4 3.61994 -1.31642
0.401 3.50609 -1.23586
0.402 3.37882 -1.14774
0.403 3.23867 -1.05244
0.404 3.08623 -0.950353
0.405 2.92215 -0.84191
0.406 2.74714 -0.727567
0.407 2.56193 -0.607809
0.408 2.36732 -0.483144
0.409 2.16414 -0.354103
0.41 1.95325 -0.221236
0.411 1.73555 -0.0851109
0.412 1.51198 0.0536884
0.413 1.28349 0.194566
0.414 1.05106 0.336917
0.415 0.81568 0.480126
0.416 0.578376 0.623576
0.417 0.340164 0.766645
0.418 0.102074 0.908715
0.419 -0.134864 1.04917
0.42 -0.369621 1.18739
0.421 -0.601176 1.32278
0.422 -0.828518 1.45475
0.423 -1.05065 1.58272
0.424 -1.2666 1.70613
0.425 -1.47541 1.82444
0.426 -1.67616 1.93711
0.427 -1.86796 2.04367
0.428 -2.04993 2.14362
0.429 -2.22128 2.23654
0.43 -2.38121 2.32199
0.431 -2.52899 2.39961
0.432 -2.66395 2.46903
0.433 -2.78544 2.52995
0.434 -2.89291 2.58208
0.435 -2.98581 2.62519
0.436 -3.0637 2.65907
0.437 -3.12618 2.68356
0.438 -3.1729 2.69854
0.439 -3.20361 2.70393
0.44 -3.2181 2.69969
0.441 -3.21623 2.68582
0.442 -3.19793 2.66238
0.443 -3.1632 2.62945
0.444 -3.11212 2.58716
0.445 -3.04483 2.53569
0.446 -2.96152 2.47524
0.447 -2.86248 2.40608
0.448 -2.74805 2.32849
0.449 -2.61863 2.24281
0.45 -2.47471 2.1494
0.451 -2.3168 2.04867
0.452 -2.14551 1.94105
0.453 -1.96149 1.82702
0.454 -1.76545 1.70708
0.455 -1.55816 1.58175
0.456 -1.34042 1.45158
0.457 -1.1131 1.31716
0.458 -0.877097 1.17908
0.459 -0.633354 1.03796
0.46 -0.382852 0.894435
0.461 -0.126601 0.749153
0.462 0.134359 0.602771
0.463 0.398964 0.455955
0.464 0.666131 0.309378
0.465 0.934762 0.163714
0.466 1.20375 0.0196346
0.467 1.47197 -0.122189
0.468 1.73832 -0.261093
0.469 2.00168 -0.396424
0.47 2.26093 -0.527539
0.471 2.515 -0.653811
0.472 2.76279 -0.774631
0.473 3.00325 -0.889409
0.474 3.23536 -0.99758
0.475 3.45811 -1.0986
0.476 3.67053 -1.19196
0.477 3.8717 -1.27718
0.478 4.06072 -1.35381
0.479 4.23676 -1.42143
0.48 4.39904 -1.47967
0.481 4.5468 -1.52819
0.482 4.67936 -1.56668
0.483 4.79612 -1.59489
0.484 4.8965 -1.61261
0.485 4.98002 -1.61967
0.486 5.04623 -1.61594
0.487 5.09479 -1.60134
0.488 5.1254 -1.57585
0.489 5.13785 -1.53947
0.49 5.13199 -1.49228
0.491 5.10775 -1.43437
0.492 5.06513 -1.36592
0.493 5.00422 -1.28711
0.494 4.92517 -1.19821
0.495 4.8282 -1.0995
0.496 4.71363 -0.991337
0.497 4.58181 -0.874095
0.498 4.4332 -0.748202
0.499 4.26832 -0.614124
0.5 4.08774 -0.472368
0.501 3.89211 -0.323476
0.502 3.68216 -0.168026
0.503 3.45864 -0.00662915
0.504 3.2224 0.160074
0.505 2.97431 0.331415
0.506 2.71531 0.506698
0.507 2.4464 0.685206
0.508 2.16858 0.866202
0.509 1.88294 1.04893
0.51 1.59057 1.23262
0.511 1.2926 1.4165
0.512 0.9902 1.59978
0.513 0.684544 1.78166
0.514 0.376832 1.96136
0.515 0.068274 2.13808
0.516 -0.239913 2.31103
0.517 -0.546509 2.47944
0.518 -0.850296 2.64255
0.519 -1.15007 2.79959
0.52 -1.44462 2.94984
0.521 -1.73278 3.09259
0.522 -2.01339 3.22714
0.523 -2.28532 3.35284
0.524 -2.54746 3.46905
0.525 -2.79877 3.57518
0.526 -3.03821 3.67066
0.527 -3.26481 3.75498
0.528 -3.47764 3.82763
0.529 -3.67583 3.88819
0.53 -3.85856 3.93626
0.531 -4.02508 3.97147
0.532 -4.17469 3.99354
0.533 -4.30676 4.0022
0.534 -4.42074 3.99726
0.535 -4.51615 3.97856
0.536 -4.59256 3.94601
0.537 -4.64964 3.89956
0.538 -4.68715 3.83922
0.539 -4.70488 3.76506
0.54 -4.70276 3.6772
0.541 -4.68075 3.57582
0.542 -4.63892 3.46114
0.543 -4.57741 3.33344
0.544 -4.49644 3.19306
0.545 -4.39631 3.04039
0.546 -4.27741 2.87586
0.547 -4.14019 2.69996
0.548 -3.98519 2.51322
0.549 -3.81301 2.31623
0.55 -3.62433 2.1096
0.551 -3.4199 1.89401
0.552 -3.20053 1.67014
0.553 -2.96711 1.43875
0.554 -2.72056 1.20061
0.555 -2.46188 0.956512
0.556 -2.19211 0.707301
0.557 -1.91235 0.453829
0.558 -1.62374 0.196975
0.559 -1.32744 -0.0623651
0.56 -1.02467 -0.323279
0.561 -0.716674 -0.584845
0.562 -0.404711 -0.846132
0.563 -0.0900674 -1.10621
0.564 0.225957 -1.36413
0.565 0.542053 -1.61898
0.566 0.856908 -1.86982
0.567 1.16921 -2.11574
0.568 1.47765 -2.35584
0.569 1.78094 -2.58924
0.57 2.0778 -2.81508
0.571 2.36697 -3.03251
0.572 2.64724 -3.24073
0.573 2.9174 -3.43896
0.574 3.17629 -3.62645
0.575 3.4228 -3.8025
0.576 3.65587 -3.96645
0.577 3.87447 -4.11767
0.578 4.07764 -4.25557
0.579 4.26449 -4.37964
0.58 4.43416 -4.4894
0.581 4.58589 -4.5844
0.582 4.71898 -4.66429
0.583 4.83279 -4.72875
0.584 4.92678 -4.7775
0.585 5.00047 -4.81037
0.586 5.05346 -4.82719
0.587 5.08544 -4.82789
0.588 5.09618 -4.81244
0.589 5.08554 -4.78089
0.59 5.05347 -4.73334
0.591 4.99998 -4.66995
0.592 4.92519 -4.59094
0.593 4.8293 -4.49658
0.594 4.7126 -4.38723
0.595 4.57546 -4.26328
0.596 4.41833 -4.12518
0.597 4.24175 -3.97345
0.598 4.04632 -3.80864
0.599 3.83274 -3.63136
0.6 3.60178 -3.44229
0.601 3.35427 -3.24212
0.602 3.09112 -3.03161
0.603 2.8133 -2.81154
0.604 2.52185 -2.58276
0.605 2.21785 -2.34612
0.606 1.90246 -2.10252
0.607 1.57685 -1.85289
0.608 1.24226 -1.59817
0.609 0.899983 -1.33933
0.61 0.551313 -1.07736
0.611 0.197592 -0.813267
0.612 -0.159819 -0.548054
0.613 -0.519539 -0.28274
0.614 -0.880175 -0.0183431
0.615 -1.24033 0.244121
0.616 -1.5986 0.503643
0.617 -1.95359 0.75922
0.618 -2.30391 1.00987
0.619 -2.64818 1.25462
0.62 -2.98507 1.49252
0.621 -3.31324 1.72265
0.622 -3.63139 1.94412
0.623 -3.93828 2.15607
0.624 -4.23269 2.35767
0.625 -4.51344 2.54812
0.626 -4.77943 2.7267
0.627 -5.02959 2.89269
0.628 -5.26292 3.04545
0.629 -5.4785 3.18437
0.63 -5.67545 3.30891
0.631 -5.85298 3.41856
0.632 -6.01036 3.51289
0.633 -6.14698 3.59152
0.634 -6.26225 3.65413
0.635 -6.35571 3.70047
0.636 -6.42697 3.73034
0.637 -6.47572 3.7436
0.638 -6.50176 3.74019
0.639 -6.50495 3.72011
0.64 -6.48527 3.68342
0.641 -6.44276 3.63023
0.642 -6.37759 3.56075
0.643 -6.28998 3.47522
0.644 -6.18026 3.37396
0.645 -6.04884 3.25734
0.646 -5.89623 3.1258
0.647 -5.72301 2.97982
0.648 -5.52985 2.81996
0.649 -5.3175 2.64683
0.65 -5.08677 2.46107
0.651 -4.83857 2.26338
0.652 -4.57387 2.05453
0.653 -4.2937 1.83529
0.654 -3.99916 1.60651
0.655 -3.69139 1.36906
0.656 -3.37162 1.12384
0.657 -3.0411 0.871791
0.658 -2.70112 0.61387
0.659 -2.35303 0.351063
0.66 -1.9982 0.084376
0.661 -1.63803 -0.185171
0.662 -1.27394 -0.456549
0.663 -0.90737 -0.728717
0.664 -0.539767 -1.00063
0.665 -0.172587 -1.27126
0.666 0.192717 -1.53956
0.667 0.554699 -1.80451
0.668 0.911926 -2.06508
0.669 1.26298 -2.3203
0.67 1.60648 -2.56917
0.671 1.94105 -2.81074
0.672 2.26537 -3.0441
0.673 2.57816 -3.26836
0.674 2.87818 -3.48265
0.675 3.16423 -3.68615
0.676 3.43519 -3.8781
0.677 3.68997 -4.05776
0.678 3.92758 -4.22445
0.679 4.14708 -4.37754
0.68 4.34759 -4.51645
0.681 4.52833 -4.64065
0.682 4.68859 -4.74968
0.683 4.82773 -4.84313
0.684 4.94521 -4.92064
0.685 5.04058 -4.98195
0.686 5.11348 -5.02682
0.687 5.16361 -5.05509
0.688 5.1908 -5.06667
0.689 5.19496 -5.06153
0.69 5.17609 -5.0397
0.691 5.13427 -5.0013
0.692 5.06971 -4.94646
0.693 4.98268 -4.87544
0.694 4.87354 -4.78851
0.695 4.74277 -4.68602
0.696 4.5909 -4.56839
0.697 4.41858 -4.43609
0.698 4.22652 -4.28963
0.699 4.01551 -4.12961
0.7 3.78644 -3.95664
0.701 3.54026 -3.77142
0.702 3.27798 -3.57466
0.703 3.00069 -3.36714
0.704 2.70953 -3.14966
0.705 2.40571 -2.92308
0.706 2.09049 -2.68827
0.707 1.76517 -2.44615
0.708 1.4311 -2.19766
0.709 1.08965 -1.94375
0.71 0.742244 -1.6854
0.711 0.390316 -1.42361
0.712 0.0353237 -1.15938
0.713 -0.321261 -0.893733
0.714 -0.677959 -0.627671
0.715 -1.03329 -0.362214
0.716 -1.38578 -0.0983682
0.717 -1.73396 0.162866
0.718 -2.07638 0.420504
0.719 -2.41162 0.673576
0.72 -2.73828 0.921135
0.721 -3.05498 1.16226
0.722 -3.36041 1.39605
0.723 -3.65328 1.62166
0.724 -3.93237 1.83824
0.725 -4.19649 2.04502
0.726 -4.44452 2.24125
0.727 -4.67543 2.42623
0.728 -4.88821 2.59931
0.729 -5.08197 2.75987
0.73 -5.25586 2.90738
0.731 -5.40914 3.04134
0.732 -5.54112 3.1613
0.733 -5.65123 3.26689
0.734 -5.73896 3.35778
0.735 -5.80392 3.43372
0.736 -5.84578 3.4945
0.737 -5.86432 3.54
0.738 -5.85942 3.57014
0.739 -5.83104 3.58491
0.74 -5.77925 3.58436
0.741 -5.7042 3.56862
0.742 -5.60615 3.53785
0.743 -5.48544 3.49231
0.744 -5.34251 3.43229
0.745 -5.1779 3.35815
0.746 -4.9922 3.27032
0.747 -4.78614 3.16926
0.748 -4.5605 3.0555
0.749 -4.31614 2.92963
0.75 -4.054 2.79226
0.751 -3.7751 2.64407
0.752 -3.48053 2.48578
0.753 -3.17143 2.31815
0.754 -2.84902 2.14198
0.755 -2.51455 1.95808
0.756 -2.16934 1.76733
0.757 -1.81475 1.5706
0.758 -1.45218 1.36881
0.759 -1.08305 1.16289
0.76 -0.708825 0.953775
0.761 -0.330983 0.742426
0.762 0.0489804 0.529805
0.763 0.429559 0.31688
0.764 0.809245 0.104615
0.765 1.18653 -0.106026
0.766 1.55992 -0.314091
0.767 1.92793 -0.51864
0.768 2.28909 -0.718749
0.769 2.64198 -0.913513
0.77 2.98519 -1.10205
0.771 3.31736 -1.28352
0.772 3.63716 -1.45709
0.773 3.94332 -1.62197
0.774 4.23463 -1.77743
0.775 4.50993 -1.92275
0.776 4.76813 -2.05727
0.777 5.0082 -2.18037
0.778 5.22919 -2.2915
0.779 5.43023 -2.39012
0.78 5.61053 -2.47579
0.781 5.76936 -2.54809
0.782 5.90612 -2.60669
0.783 6.02026 -2.65128
0.784 6.11134 -2.68165
0.785 6.17902 -2.69763
0.786 6.22303 -2.6991
0.787 6.24323 -2.68603
0.788 6.23954 -2.65844
0.789 6.21201 -2.61641
0.79 6.16076 -2.56008
0.791 6.08603 -2.48967
0.792 5.98813 -2.40543
0.793 5.86749 -2.30769
0.794 5.72462 -2.19684
0.795 5.56012 -2.07332
0.796 5.37468 -1.93762
0.797 5.16908 -1.7903
0.798 4.94417 -1.63195
0.799 4.70089 -1.46322
0.8 4.44026 -1.28481
0.801 4.16335 -1.09745
0.802 3.87132 -0.901917
0.803 3.56538 -0.699021
0.804 3.2468 -0.489608
0.805 2.9169 -0.274552
0.806 2.57705 -0.0547532
0.807 2.22866 0.168867
0.808 1.87318 0.395369
0.809 1.51207 0.623799
0.81 1.14685 0.85319
0.811 0.779019 1.08257
0.812 0.410113 1.31098
0.813 0.0416614 1.53743
0.814 -0.324803 1.76096
0.815 -0.687757 1.98062
0.816 -1.04569 2.19546
0.817 -1.39711 2.40457
0.818 -1.74055 2.60704
0.819 -2.07458 2.802
0.82 -2.39781 2.9886
0.821 -2.70887 3.16603
0.822 -3.00648 3.3335
0.823 -3.28938 3.49029
0.824 -3.55638 3.63571
0.825 -3.80635 3.76909
0.826 -4.03825 3.88985
0.827 -4.25109 3.99743
0.828 -4.44397 4.09134
0.829 -4.61606 4.17115
0.83 -4.76662 4.23646
0.831 -4.89501 4.28697
0.832 -5.00067 4.3224
0.833 -5.08312 4.34257
0.834 -5.14199 4.34733
0.835 -5.17702 4.33662
0.836 -5.18803 4.31043
0.837 -5.17492 4.26881
0.838 -5.13773 4.21188
0.839 -5.07658 4.13984
0.84 -4.99168 4.05293
0.841 -4.88334 3.95146
0.842 -4.75199 3.83581
0.843 -4.59813 3.7064
0.844 -4.42235 3.56372
0.845 -4.22536 3.40833
0.846 -4.00793 3.24083
0.847 -3.77092 3.06186
0.848 -3.51529 2.87212
0.849 -3.24206 2.67238
0.85 -2.95232 2.46341
0.851 -2.64725 2.24605
0.852 -2.32807 2.02117
0.853 -1.99608 1.78967
0.854 -1.65262 1.55249
0.855 -1.2991 1.31057
0.856 -0.93694 1.06491
0.857 -0.56763 0.816491
0.858 -0.192677 0.566336
0.859 0.186387 0.315463
0.86 0.568007 0.0649022
0.861 0.950617 -0.184318
0.862 1.33264 -0.431172
0.863 1.71251 -0.674638
0.864 2.08865 -0.913709
0.865 2.4595 -1.14739
0.866 2.82354 -1.37471
0.867 3.17924 -1.59472
0.868 3.52514 -1.80649
0.869 3.85977 -2.00913
0.87 4.18175 -2.20179
0.871 4.48972 -2.38365
0.872 4.78238 -2.55394
0.873 5.0585 -2.71191
0.874 5.3169 -2.8569
0.875 5.55649 -2.98827
0.876 5.77622 -3.10544
0.877 5.97516 -3.2079
0.878 6.15243 -3.29519
0.879 6.30725 -3.3669
0.88 6.43893 -3.4227
0.881 6.54687 -3.46231
0.882 6.63056 -3.48554
0.883 6.6896 -3.49224
0.884 6.72367 -3.48233
0.885 6.73257 -3.45582
0.886 6.71619 -3.41276
0.887 6.67452 -3.35329
0.888 6.60766 -3.27761
0.889 6.5158 -3.18598
0.89 6.39923 -3.07874
0.891 6.25837 -2.95627
0.892 6.0937 -2.81905
0.893 5.90581 -2.6676
0.894 5.6954 -2.50249
0.895 5.46324 -2.32438
0.896 5.21019 -2.13394
0.897 4.9372 -1.93195
0.898 4.64532 -1.71918
0.899 4.33565 -1.49649
0.9 4.00936 -1.26476
0.901 3.66772 -1.02493
0.902 3.31204 -0.777954
0.903 2.94369 -0.524834
0.904 2.56409 -0.266594
0.905 2.17471 -0.00428526
0.906 1.77708 0.261022
0.907 1.37273 0.52824
0.908 0.963238 0.796271
0.909 0.550208 1.06401
0.91 0.135254 1.33034
0.911 -0.280002 1.59417
0.912 -0.693933 1.85438
0.913 -1.10491 2.10989
0.914 -1.51133 2.35961
0.915 -1.91159 2.6025
0.916 -2.30412 2.83752
0.917 -2.68737 3.06365
0.918 -3.05983 3.27993
0.919 -3.42005 3.48542
0.92 -3.76659 3.67921
0.921 -4.09809 3.86045
0.922 -4.41325 4.02832
0.923 -4.71082 4.18208
0.924 -4.98963 4.321
0.925 -5.24859 4.44445
0.926 -5.48666 4.55182
0.927 -5.70292 4.64259
0.928 -5.89652 4.71629
0.929 -6.06668 4.77252
0.93 -6.21275 4.81094
0.931 -6.33416 4.8313
0.932 -6.43042 4.83339
0.933 -6.50118 4.8171
0.934 -6.54615 4.78237
0.935 -6.56517 4.72922
0.936 -6.55818 4.65774
0.937 -6.52521 4.56811
0.938 -6.46642 4.46055
0.939 -6.38204 4.33538
0.94 -6.27244 4.19296
0.941 -6.13806 4.03376
0.942 -5.97946 3.85827
0.943 -5.79728 3.66708
0.944 -5.59227 3.46082
0.945 -5.36527 3.2402
0.946 -5.1172 3.00598
0.947 -4.84908 2.75896
0.948 -4.56198 2.50002
0.949 -4.2571 2.23006
0.95 -3.93565 1.95005
0.951 -3.59896 1.66098
0.952 -3.24839 1.3639
0.953 -2.88536 1.05988
0.954 -2.51136 0.750008
0.955 -2.1279 0.435421
0.956 -1.73655 0.117263
0.957 -1.3389 -0.203302
0.958 -0.936571 -0.5251
0.959 -0.531199 -0.846948
0.96 -0.124439 -1.16766
0.961 0.282051 -1.48606
0.962 0.686613 -1.80096
0.963 1.08759 -2.1112
0.964 1.48335 -2.41563
0.965 1.87228 -2.71313
0.966 2.25277 -3.00258
0.967 2.62327 -3.28292
0.968 2.98226 -3.55309
0.969 3.32827 -3.8121
0.97 3.65988 -4.05899
0.971 3.97571 -4.29282
0.972 4.27446 -4.51274
0.973 4.55491 -4.71793
0.974 4.81587 -4.90762
0.975 5.05628 -5.08112
0.976 5.27513 -5.23778
0.977 5.47149 -5.37701
0.978 5.64454 -5.49832
0.979 5.79356 -5.60125
0.98 5.91789 -5.68544
0.981 6.017 -5.75057
0.982 6.09045 -5.79643
0.983 6.13791 -5.82285
0.984 6.15914 -5.82975
0.985 6.15402 -5.81713
0.986 6.12253 -5.78505
0.987 6.06475 -5.73365
0.988 5.98087 -5.66316
0.989 5.87119 -5.57386
0.99 5.73611 -5.4661
0.991 5.57613 -5.34034
0.992 5.39185 -5.19705
0.993 5.18397 -5.03682
0.994 4.95329 -4.86028
0.995 4.70069 -4.66812
0.996 4.42715 -4.46109
0.997 4.13373 -4.24001
0.998 3.82156 -4.00574
0.999 3.49187 -3.75921
1 3.14594 -3.50136
