0.001 3.40573e-008 2.53429e-009
0.002 3.10192e-007 2.03551e-008
0.003 1.46274e-006 8.44814e-008
0.004 4.84645e-006 2.47969e-007
0.005 1.28273e-005 5.8838e-007
0.006 2.90634e-005 1.21192e-006
0.007 5.8773e-005 2.2597e-006
0.008 0.000108988 3.91654e-006
0.009 0.000188791 6.42265e-006
0.01 0.000309528 1.00887e-005
0.011 0.000485007 1.53142e-005
0.012 0.000731666 2.26102e-005
0.013 0.00106872 3.26256e-005
0.014 0.00151827 4.61781e-005
0.015 0.00210542 6.42892e-005
0.016 0.00285829 8.82237e-005
0.017 0.0038081 0.000119534
0.018 0.0049891 0.00016011
0.019 0.00643861 0.000212227
0.02 0.00819688 0.00027861
0.021 0.010307 0.000362489
0.022 0.0128149 0.000467665
0.023 0.015769 0.000598579
0.024 0.0192199 0.000760381
0.025 0.0232206 0.000959005
0.026 0.0278259 0.00120124
0.027 0.0330919 0.00149482
0.028 0.0390765 0.00184848
0.029 0.0458379 0.00227205
0.03 0.0534351 0.00277653
0.031 0.0619275 0.00337414
0.032 0.0713737 0.00407844
0.033 0.081832 0.00490437
0.034 0.0933594 0.00586832
0.035 0.106011 0.00698819
0.036 0.119841 0.00828346
0.037 0.134899 0.00977522
0.038 0.151234 0.0114862
0.039 0.168889 0.013441
0.04 0.187904 0.0156656
0.041 0.208316 0.0181881
0.042 0.230155 0.0210381
0.043 0.253447 0.0242471
0.044 0.27821 0.0278482
0.045 0.304458 0.0318764
0.046 0.332199 0.036368
0.047 0.36143 0.0413613
0.048 0.392145 0.046896
0.049 0.424328 0.0530131
0.05 0.457955 0.0597552
0.051 0.492995 0.067166
0.052 0.529407 0.0752902
0.053 0.567142 0.0841738
0.054 0.606143 0.0938632
0.055 0.646344 0.104406
0.056 0.687669 0.115849
0.057 0.730034 0.128241
0.058 0.773346 0.14163
0.059 0.817504 0.156063
0.06 0.862397 0.171588
0.061 0.907907 0.188251
0.062 0.953908 0.206097
0.063 1.00026 0.225171
0.064 1.04684 0.245516
0.065 1.09348 0.267172
0.066 1.14003 0.290178
0.067 1.18633 0.314571
0.068 1.23222 0.340382
0.069 1.27752 0.367643
0.07 1.32205 0.396381
0.071 1.36565 0.426618
0.072 1.40813 0.458372
0.073 1.44931 0.49166
0.074 1.48899 0.526489
0.075 1.52701 0.562865
0.076 1.56316 0.600787
0.077 1.59728 0.640249
0.078 1.62918 0.681238
0.079 1.65868 0.723735
0.08 1.68561 0.767717
0.081 1.7098 0.81315
0.082 1.73109 0.859998
0.083 1.74933 0.908213
0.084 1.76436 0.957744
0.085 1.77605 1.00853
0.086 1.78427 1.06051
0.087 1.7889 1.11359
0.088 1.78983 1.16771
0.089 1.78697 1.22277
0.09 1.78022 1.27867
0.091 1.76953 1.3353
0.092 1.75483 1.39256
0.093 1.73609 1.45032
0.094 1.71328 1.50845
0.095 1.68638 1.56683
0.096 1.65541 1.6253
0.097 1.62038 1.68373
0.098 1.58133 1.74195
0.099 1.53833 1.7998
0.1 1.49143 1.85712
0.101 1.44074 1.91374
0.102 1.38636 1.96949
0.103 1.32842 2.02417
0.104 1.26706 2.07761
0.105 1.20243 2.12962
0.106 1.13471 2.18002
0.107 1.06409 2.2286
0.108 0.990784 2.27517
0.109 0.915009 2.31955
0.11 0.837002 2.36153
0.111 0.757013 2.40093
0.112 0.675306 2.43755
0.113 0.592155 2.4712
0.114 0.507848 2.5017
0.115 0.42268 2.52886
0.116 0.336958 2.5525
0.117 0.250996 2.57245
0.118 0.165113 2.58854
0.119 0.0796358 2.60061
0.12 -0.00510513 2.60851
0.121 -0.0887765 2.6121
0.122 -0.171044 2.61123
0.123 -0.251571 2.60578
0.124 -0.330025 2.59564
0.125 -0.406074 2.5807
0.126 -0.479391 2.56087
0.127 -0.549654 2.53607
0.128 -0.61655 2.50624
0.129 -0.67977 2.47133
0.13 -0.73902 2.43129
0.131 -0.794014 2.38611
0.132 -0.844481 2.33577
0.133 -0.890161 2.2803
0.134 -0.930813 2.2197
0.135 -0.96621 2.15403
0.136 -0.996145 2.08335
0.137 -1.02043 2.00773
0.138 -1.03889 1.92725
0.139 -1.05139 1.84205
0.14 -1.05779 1.75223
0.141 -1.05801 1.65795
0.142 -1.05194 1.55938
0.143 -1.03956 1.45668
0.144 -1.02082 1.35005
0.145 -0.995725 1.23971
0.146 -0.9643 1.12589
0.147 -0.926595 1.00883
0.148 -0.882688 0.888795
0.149 -0.832681 0.766051
0.15 -0.776708 0.640891
0.151 -0.714926 0.513614
0.152 -0.647518 0.384534
0.153 -0.574695 0.253978
0.154 -0.496695 0.12228
0.155 -0.413776 -0.0102134
0.156 -0.326225 -0.143148
0.157 -0.234351 -0.276163
0.158 -0.138485 -0.408889
0.159 -0.0389796 -0.540953
0.16 0.0637915 -0.671976
0.161 0.169436 -0.801578
0.162 0.277544 -0.929376
0.163 0.387689 -1.05499
0.164 0.499429 -1.17803
0.165 0.61231 -1.29813
0.166 0.725866 -1.4149
0.167 0.839621 -1.52798
0.168 0.953092 -1.637
0.169 1.06579 -1.7416
0.17 1.17722 -1.84145
0.171 1.28688 -1.93619
0.172 1.39428 -2.02551
0.173 1.49893 -2.10909
0.174 1.60034 -2.18664
0.175 1.69801 -2.25788
0.176 1.79148 -2.32254
0.177 1.88028 -2.38037
0.178 1.96394 -2.43116
0.179 2.04205 -2.47468
0.18 2.11416 -2.51076
0.181 2.17988 -2.53923
0.182 2.23881 -2.55995
0.183 2.2906 -2.57282
0.184 2.3349 -2.57773
0.185 2.3714 -2.57462
0.186 2.39981 -2.56345
0.187 2.41986 -2.54421
0.188 2.43134 -2.51691
0.189 2.43403 -2.4816
0.19 2.42777 -2.43834
0.191 2.41243 -2.38722
0.192 2.3879 -2.32838
0.193 2.35412 -2.26196
0.194 2.31106 -2.18814
0.195 2.25873 -2.10712
0.196 2.19717 -2.01914
0.197 2.12646 -1.92445
0.198 2.04671 -1.82334
0.199 1.95808 -1.71611
0.2 1.86076 -1.6031
0.201 1.75498 -1.48466
0.202 1.641 -1.36116
0.203 1.51911 -1.23301
0.204 1.38965 -1.10062
0.205 1.25298 -0.964425
0.206 1.1095 -0.82488
0.207 0.95964 -0.682453
0.208 0.803854 -0.537626
0.209 0.64263 -0.390895
0.21 0.47648 -0.242767
0.211 0.305941 -0.0937569
0.212 0.131573 0.0556115
0.213 -0.0460434 0.204809
0.214 -0.226309 0.353303
0.215 -0.408607 0.500557
0.216 -0.592308 0.646036
0.217 -0.776771 0.789206
0.218 -0.961343 0.929537
0.219 -1.14537 1.0665
0.22 -1.32818 1.19959
0.221 -1.50912 1.32828
0.222 -1.68752 1.45209
0.223 -1.86272 1.57053
0.224 -2.03407 1.68313
0.225 -2.20092 1.78943
0.226 -2.36264 1.88901
0.227 -2.51862 1.98146
0.228 -2.66824 2.06637
0.229 -2.81092 2.14338
0.23 -2.9461 2.21215
0.231 -3.07325 2.27236
0.232 -3.19185 2.32372
0.233 -3.30142 2.36597
0.234 -3.4015 2.39888
0.235 -3.49168 2.42226
0.236 -3.57157 2.43593
0.237 -3.64082 2.43976
0.238 -3.69913 2.43365
0.239 -3.74622 2.41754
0.24 -3.78186 2.39139
0.241 -3.80587 2.3552
0.242 -3.8181 2.30903
0.243 -3.81845 2.25293
0.244 -3.80686 2.18703
0.245 -3.78334 2.11146
0.246 -3.74791 2.02641
0.247 -3.70066 1.93209
0.248 -3.64171 1.82875
0.249 -3.57124 1.71668
0.25 -3.48947 1.59618
0.251 -3.39667 1.4676
0.252 -3.29314 1.33133
0.253 -3.17924 1.18776
0.254 -3.05536 1.03733
0.255 -2.92194 0.8805
0.256 -2.77944 0.717758
0.257 -2.62839 0.549611
0.258 -2.46933 0.376591
0.259 -2.30285 0.199249
0.26 -2.12955 0.0181525
0.261 -1.95008 -0.166112
0.262 -1.76512 -0.352945
0.263 -1.57535 -0.541736
0.264 -1.3815 -0.731864
0.265 -1.1843 -0.9227
0.266 -0.984516 -1.11361
0.267 -0.782905 -1.30396
0.268 -0.580248 -1.4931
0.269 -0.377333 -1.68041
0.27 -0.174949 -1.86525
0.271 0.0261095 -2.04699
0.272 0.225053 -2.22501
0.273 0.421095 -2.39872
0.274 0.613458 -2.5675
0.275 0.801374 -2.73079
0.276 0.984092 -2.88803
0.277 1.16087 -3.03866
0.278 1.33101 -3.18217
0.279 1.4938 -3.31806
0.28 1.64859 -3.44586
0.281 1.79473 -3.56512
0.282 1.93162 -3.67544
0.283 2.0587 -3.77641
0.284 2.17542 -3.86769
0.285 2.28129 -3.94896
0.286 2.37587 -4.01993
0.287 2.45873 -4.08036
0.288 2.52951 -4.13002
0.289 2.5879 -4.16874
0.29 2.63362 -4.19639
0.291 2.66646 -4.21287
0.292 2.68624 -4.21812
0.293 2.69285 -4.21211
0.294 2.68621 -4.19488
0.295 2.66632 -4.16648
0.296 2.63322 -4.127
0.297 2.58699 -4.0766
0.298 2.5278 -4.01544
0.299 2.45583 -3.94375
0.3 2.37133 -3.86177
0.301 2.27462 -3.76981
0.302 2.16604 -3.66818
0.303 2.046 -3.55724
0.304 1.91494 -3.4374
0.305 1.77337 -3.30907
0.306 1.62183 -3.17271
0.307 1.46089 -3.0288
0.308 1.29119 -2.87786
0.309 1.11338 -2.72042
0.31 0.928174 -2.55704
0.311 0.736288 -2.3883
0.312 0.538488 -2.21479
0.313 0.335561 -2.03712
0.314 0.128319 -1.85593
0.315 -0.082405 -1.67186
0.316 -0.295761 -1.48554
0.317 -0.510886 -1.29764
0.318 -0.726902 -1.10881
0.319 -0.942929 -0.919718
0.32 -1.15808 -0.731016
0.321 -1.37147 -0.543362
0.322 -1.58221 -0.357406
0.323 -1.78943 -0.17379
0.324 -1.99226 0.00685499
0.325 -2.18985 0.183912
0.326 -2.38136 0.356779
0.327 -2.56599 0.524873
0.328 -2.74295 0.687628
0.329 -2.91147 0.844505
0.33 -3.07082 0.994985
0.331 -3.2203 1.13858
0.332 -3.35927 1.27482
0.333 -3.48709 1.40328
0.334 -3.60319 1.52356
0.335 -3.70704 1.63529
0.336 -3.79815 1.73814
0.337 -3.87608 1.83181
0.338 -3.94045 1.91603
0.339 -3.99093 1.99059
0.34 -4.02724 2.05531
0.341 -4.04916 2.11004
0.342 -4.05653 2.15467
0.343 -4.04923 2.18914
0.344 -4.02721 2.21344
0.345 -3.9905 2.22757
0.346 -3.93915 2.23159
0.347 -3.8733 2.22561
0.348 -3.79313 2.20975
0.349 -3.69889 2.18421
0.35 -3.59087 2.14918
0.351 -3.46945 2.10493
0.352 -3.33503 2.05173
0.353 -3.18807 1.98993
0.354 -3.02911 1.91986
0.355 -2.8587 1.84193
0.356 -2.67746 1.75656
0.357 -2.48606 1.66418
0.358 -2.28519 1.56528
0.359 -2.07561 1.46036
0.36 -1.8581 1.34995
0.361 -1.63346 1.23458
0.362 -1.40255 1.11482
0.363 -1.16625 0.991249
0.364 -0.925447 0.864463
0.365 -0.681065 0.735065
0.366 -0.434039 0.603668
0.367 -0.185319 0.47089
0.368 0.0641364 0.337355
0.369 0.313364 0.203688
0.37 0.561398 0.0705111
0.371 0.807276 -0.0615572
0.372 1.05004 -0.191905
0.373 1.28875 -0.319929
0.374 1.52246 -0.445038
0.375 1.75027 -0.566655
0.376 1.97128 -0.684219
0.377 2.18463 -0.79719
0.378 2.38947 -0.905045
0.379 2.585 -1.00729
0.38 2.77046 -1.10345
0.381 2.94511 -1.19308
0.382 3.10827 -1.27577
0.383 3.25929 -1.35112
0.384 3.39758 -1.4188
0.385 3.52259 -1.47848
0.386 3.63384 -1.52987
0.387 3.73089 -1.57274
0.388 3.81335 -1.60687
0.389 3.88092 -1.63209
0.39 3.93332 -1.64828
0.391 3.97037 -1.65533
0.392 3.99192 -1.6532
0.393 3.99791 -1.64188
0.394 3.98832 -1.62139
0.395 3.96321 -1.59181
0.396 3.9227 -1.55324
0.397 3.86696 -1.50584
0.398 3.79625 -1.44978
0.399 3.71087 -1.3853
0.4 3.61119 -1.31266
0.401 3.49764 -1.23216
0.402 3.3707 -1.14412
0.403 3.23091 -1.04892
0.404 3.07887 -0.94696
0.405 2.91522 -0.838661
0.406 2.74067 -0.724481
0.407 2.55596 -0.604905
0.408 2.36187 -0.480439
0.409 2.15923 -0.351614
0.41 1.94891 -0.218978
0.411 1.7318 -0.0830989
0.412 1.50883 0.0554417
0.413 1.28095 0.196049
0.414 1.04915 0.338119
0.415 0.814416 0.481039
0.416 0.577757 0.624193
0.417 0.340196 0.766961
0.418 0.102757 0.908724
0.419 -0.133532 1.04887
0.42 -0.367645 1.18678
0.421 -0.598563 1.32187
0.422 -0.82528 1.45353
0.423 -1.0468 1.5812
0.424 -1.26216 1.70431
0.425 -1.47039 1.82232
0.426 -1.67059 1.93472
0.427 -1.86185 2.041
0.428 -2.04333 2.1407
0.429 -2.2142 2.23337
0.43 -2.37369 2.31859
0.431 -2.52107 2.39599
0.432 -2.65565 2.46521
0.433 -2.77682 2.52595
0.434 -2.88399 2.57792
0.435 -2.97665 2.62089
0.436 -3.05433 2.65465
0.437 -3.11665 2.67904
0.438 -3.16326 2.69394
0.439 -3.1939 2.69928
0.44 -3.20836 2.69501
0.441 -3.20652 2.68114
0.442 -3.18829 2.65771
0.443 -3.15369 2.62483
0.444 -3.10278 2.5826
0.445 -3.0357 2.53122
0.446 -2.95266 2.47089
0.447 -2.85394 2.40186
0.448 -2.73986 2.32443
0.449 -2.61085 2.23893
0.45 -2.46736 2.14572
0.451 -2.30994 2.04521
0.452 -2.13918 1.93784
0.453 -1.95573 1.82407
0.454 -1.76029 1.70441
0.455 -1.55363 1.57937
0.456 -1.33656 1.44951
0.457 -1.10993 1.31541
0.458 -0.874642 1.17766
0.459 -0.631641 1.03689
0.46 -0.381899 0.893715
0.461 -0.126426 0.748791
0.462 0.133742 0.602771
0.463 0.397546 0.456321
0.464 0.663905 0.310111
0.465 0.931725 0.164811
0.466 1.1999 0.0210949
0.467 1.46732 -0.120371
0.468 1.73286 -0.258925
0.469 1.99543 -0.393914
0.47 2.25391 -0.524697
0.471 2.50722 -0.650651
0.472 2.75427 -0.771167
0.473 2.99402 -0.885657
0.474 3.22545 -0.993558
0.475 3.44754 -1.09433
0.476 3.65934 -1.18746
0.477 3.85992 -1.27248
0.478 4.04841 -1.34892
0.479 4.22395 -1.41639
0.48 4.38576 -1.4745
0.481 4.53311 -1.52292
0.482 4.66532 -1.56134
0.483 4.78177 -1.58951
0.484 4.8819 -1.60722
0.485 4.96521 -1.6143
0.486 5.03129 -1.61063
0.487 5.07976 -1.59612
0.488 5.11034 -1.57075
0.489 5.12282 -1.53453
0.49 5.11705 -1.48752
0.491 5.09296 -1.42984
0.492 5.05055 -1.36163
0.493 4.98991 -1.28311
0.494 4.91119 -1.19453
0.495 4.8146 -1.09617
0.496 4.70047 -0.988382
0.497 4.56915 -0.871545
0.498 4.42109 -0.746085
0.499 4.25681 -0.612467
0.5 4.07688 -0.471195
0.501 3.88195 -0.32281
0.502 3.67274 -0.167888
0.503 3.45001 -0.00703692
0.504 3.21459 0.159103
0.505 2.96737 0.329865
0.506 2.70927 0.504556
0.507 2.44127 0.682462
0.508 2.16441 0.862848
0.509 1.87974 1.04496
0.51 1.58836 1.22804
0.511 1.2914 1.4113
0.512 0.990013 1.59395
0.513 0.68538 1.77523
0.514 0.378694 1.95432
0.515 0.0711587 2.13044
0.516 -0.236011 2.30281
0.517 -0.5416 2.47066
0.518 -0.844396 2.63321
0.519 -1.14319 2.78973
0.52 -1.4368 2.93948
0.521 -1.72403 3.08174
0.522 -2.00375 3.21585
0.523 -2.27482 3.34113
0.524 -2.53615 3.45695
0.525 -2.78667 3.56273
0.526 -3.02538 3.6579
0.527 -3.2513 3.74194
0.528 -3.46351 3.81436
0.529 -3.66112 3.87473
0.53 -3.84334 3.92265
0.531 -4.0094 3.95776
0.532 -4.15862 3.97977
0.533 -4.29036 3.98842
0.534 -4.40408 3.98352
0.535 -4.49929 3.96491
0.536 -4.57558 3.9325
0.537 -4.63262 3.88623
0.538 -4.67014 3.82614
0.539 -4.68796 3.75227
0.54 -4.686 3.66475
0.541 -4.66422 3.56375
0.542 -4.62269 3.4495
0.543 -4.56156 3.32228
0.544 -4.48103 3.18243
0.545 -4.38142 3.03033
0.546 -4.26309 2.86642
0.547 -4.12651 2.69118
0.548 -3.97221 2.50514
0.549 -3.80079 2.30888
0.55 -3.61293 2.10302
0.551 -3.40937 1.88823
0.552 -3.19093 1.6652
0.553 -2.95847 1.43467
0.554 -2.71294 1.19741
0.555 -2.45531 0.954231
0.556 -2.18663 0.705948
0.557 -1.90799 0.453421
0.558 -1.62051 0.197525
0.559 -1.32538 -0.0608474
0.56 -1.0238 -0.320788
0.561 -0.716993 -0.581378
0.562 -0.406233 -0.841691
0.563 -0.0927945 -1.10079
0.564 0.222027 -1.35776
0.565 0.536928 -1.61165
0.566 0.850599 -1.86156
0.567 1.16173 -2.10657
0.568 1.46903 -2.34577
0.569 1.77121 -2.5783
0.57 2.06698 -2.8033
0.571 2.35511 -3.01992
0.572 2.63437 -3.22737
0.573 2.90356 -3.42486
0.574 3.16154 -3.61167
0.575 3.4072 -3.78707
0.576 3.63947 -3.95042
0.577 3.85733 -4.10108
0.578 4.05983 -4.23849
0.579 4.24607 -4.36212
0.58 4.41522 -4.47148
0.581 4.56649 -4.56616
0.582 4.69919 -4.64577
0.583 4.81271 -4.71002
0.584 4.90647 -4.75862
0.585 4.98001 -4.7914
0.586 5.03294 -4.8082
0.587 5.06495 -4.80894
0.588 5.0758 -4.7936
0.589 5.06536 -4.76222
0.59 5.03356 -4.71491
0.591 4.98043 -4.65181
0.592 4.90608 -4.57316
0.593 4.81072 -4.47923
0.594 4.69463 -4.37036
0.595 4.55817 -4.24695
0.596 4.4018 -4.10945
0.597 4.22604 -3.95837
0.598 4.03152 -3.79426
0.599 3.81891 -3.61775
0.6 3.58898 -3.42948
0.601 3.34257 -3.23016
0.602 3.08057 -3.02055
0.603 2.80395 -2.80142
0.604 2.51375 -2.5736
0.605 2.21104 -2.33797
0.606 1.89697 -2.0954
0.607 1.57272 -1.84683
0.608 1.23953 -1.59319
0.609 0.898657 -1.33545
0.61 0.551414 -1.07459
0.611 0.199131 -0.811617
0.612 -0.156836 -0.547532
0.613 -0.515113 -0.283346
0.614 -0.874312 -0.0200739
0.615 -1.23304 0.241272
0.616 -1.5899 0.499686
0.617 -1.94351 0.754172
0.618 -2.29247 1.00375
0.619 -2.63543 1.24745
0.62 -2.97103 1.48433
0.621 -3.29796 1.71347
0.622 -3.61493 1.93399
0.623 -3.92069 2.14502
0.624 -4.21402 2.34574
0.625 -4.49376 2.53537
0.626 -4.75881 2.71317
0.627 -5.00811 2.87843
0.628 -5.24065 3.03052
0.629 -5.45551 3.16883
0.63 -5.65183 3.29281
0.631 -5.82882 3.40196
0.632 -5.98575 3.49587
0.633 -6.122 3.57414
0.634 -6.237 3.63646
0.635 -6.33028 3.68257
0.636 -6.40145 3.71228
0.637 -6.45021 3.72546
0.638 -6.47635 3.72203
0.639 -6.47974 3.70201
0.64 -6.46035 3.66544
0.641 -6.41824 3.61246
0.642 -6.35354 3.54324
0.643 -6.2665 3.45805
0.644 -6.15744 3.35719
0.645 -6.02677 3.24104
0.646 -5.87499 3.11004
0.647 -5.70268 2.96466
0.648 -5.51051 2.80546
0.649 -5.29922 2.63305
0.65 -5.06962 2.44806
0.651 -4.82262 2.2512
0.652 -4.55917 2.04322
0.653 -4.28031 1.82491
0.654 -3.98713 1.5971
0.655 -3.68078 1.36066
0.656 -3.36245 1.11648
0.657 -3.03341 0.865503
0.658 -2.69494 0.608684
0.659 -2.34838 0.347003
0.66 -1.99509 0.0814611
0.661 -1.63647 -0.186926
0.662 -1.27394 -0.457132
0.663 -0.908923 -0.728122
0.664 -0.542865 -0.998861
0.665 -0.177215 -1.26831
0.666 0.186582 -1.53544
0.667 0.547086 -1.79923
0.668 0.902868 -2.05866
0.669 1.25252 -2.31275
0.67 1.59465 -2.56052
0.671 1.92792 -2.80103
0.672 2.25099 -3.03335
0.673 2.56259 -3.2566
0.674 2.86149 -3.46993
0.675 3.14649 -3.67252
0.676 3.41647 -3.8636
0.677 3.67037 -4.04244
0.678 3.90717 -4.20836
0.679 4.12594 -4.36074
0.68 4.32582 -4.499
0.681 4.50602 -4.62261
0.682 4.66584 -4.73111
0.683 4.80463 -4.82409
0.684 4.92187 -4.90122
0.685 5.0171 -4.9622
0.686 5.08995 -5.0068
0.687 5.14014 -5.03489
0.688 5.16749 -5.04635
0.689 5.17191 -5.04117
0.69 5.1534 -5.01937
0.691 5.11205 -4.98106
0.692 5.04804 -4.92639
0.693 4.96166 -4.8556
0.694 4.85327 -4.76897
0.695 4.72333 -4.66686
0.696 4.57238 -4.54966
0.697 4.40106 -4.41786
0.698 4.21008 -4.27196
0.699 4.00023 -4.11256
0.7 3.77238 -3.94027
0.701 3.52749 -3.75577
0.702 3.26655 -3.55979
0.703 2.99066 -3.35309
0.704 2.70095 -3.13648
0.705 2.39863 -2.91081
0.706 2.08493 -2.67695
0.707 1.76117 -2.4358
0.708 1.42867 -2.18831
0.709 1.08882 -1.93543
0.71 0.743014 -1.67813
0.711 0.392693 -1.41741
0.712 0.0393035 -1.15425
0.713 -0.315689 -0.889687
0.714 -0.670812 -0.624711
0.715 -1.02459 -0.360338
0.716 -1.37556 -0.0975712
0.717 -1.72226 0.162595
0.718 -2.06324 0.419178
0.719 -2.39709 0.671215
0.72 -2.72241 0.917761
0.721 -3.03784 1.1579
0.722 -3.34206 1.39074
0.723 -3.6338 1.61542
0.724 -3.91183 1.83112
0.725 -4.17497 2.03706
0.726 -4.42212 2.23249
0.727 -4.65223 2.41671
0.728 -4.86431 2.58908
0.729 -5.05746 2.749
0.73 -5.23084 2.89591
0.731 -5.38371 3.02933
0.732 -5.51539 3.14881
0.733 -5.62531 3.25398
0.734 -5.71295 3.34451
0.735 -5.77793 3.42016
0.736 -5.81991 3.48071
0.737 -5.83869 3.52604
0.738 -5.83413 3.55607
0.739 -5.8062 3.5708
0.74 -5.75496 3.57027
0.741 -5.68057 3.55461
0.742 -5.58328 3.524
0.743 -5.46342 3.47866
0.744 -5.32145 3.41891
0.745 -5.15787 3.3451
0.746 -4.9733 3.25764
0.747 -4.76845 3.15702
0.748 -4.54409 3.04375
0.749 -4.30108 2.91841
0.75 -4.04037 2.78162
0.751 -3.76296 2.63406
0.752 -3.46993 2.47643
0.753 -3.16242 2.3095
0.754 -2.84163 2.13406
0.755 -2.50883 1.95092
0.756 -2.16532 1.76096
0.757 -1.81245 1.56504
0.758 -1.45161 1.36407
0.759 -1.08422 1.15899
0.76 -0.711735 0.95072
0.761 -0.335628 0.740223
0.762 0.0426148 0.528456
0.763 0.421494 0.31638
0.764 0.799508 0.104958
0.765 1.17516 -0.104852
0.766 1.54695 -0.312102
0.767 1.91342 -0.515855
0.768 2.27309 -0.715191
0.769 2.62455 -0.909211
0.77 2.9664 -1.09704
0.771 3.29728 -1.27782
0.772 3.61587 -1.45075
0.773 3.92091 -1.61503
0.774 4.21119 -1.76993
0.775 4.48555 -1.91474
0.776 4.7429 -2.0488
0.777 4.98223 -2.1715
0.778 5.20259 -2.28226
0.779 5.4031 -2.38059
0.78 5.58297 -2.46601
0.781 5.7415 -2.53813
0.782 5.87807 -2.5966
0.783 5.99213 -2.64114
0.784 6.08325 -2.6715
0.785 6.15108 -2.68753
0.786 6.19536 -2.68913
0.787 6.21593 -2.67624
0.788 6.21274 -2.64889
0.789 6.18581 -2.60716
0.79 6.13528 -2.55119
0.791 6.06137 -2.48119
0.792 5.96439 -2.39742
0.793 5.84477 -2.3002
0.794 5.70302 -2.18993
0.795 5.53973 -2.06703
0.796 5.35558 -1.932
0.797 5.15134 -1.78539
0.798 4.92788 -1.62779
0.799 4.68611 -1.45985
0.8 4.42705 -1.28226
0.801 4.15178 -1.09575
0.802 3.86143 -0.901088
0.803 3.55721 -0.699089
0.804 3.24038 -0.490589
0.805 2.91227 -0.27646
0.806 2.57422 -0.0575955
0.807 2.22765 0.165085
0.808 1.87398 0.390648
0.809 1.51469 0.618141
0.81 1.15127 0.846606
0.811 0.785227 1.07508
0.812 0.418079 1.30258
0.813 0.051351 1.52816
0.814 -0.313432 1.75084
0.815 -0.674753 1.96968
0.816 -1.03111 2.18374
0.817 -1.38101 2.39211
0.818 -1.72301 2.59387
0.819 -2.05568 2.78817
0.82 -2.37762 2.97416
0.821 -2.68749 3.15103
0.822 -2.984 3.318
0.823 -3.26589 3.47435
0.824 -3.53199 3.61938
0.825 -3.78118 3.75244
0.826 -4.0124 3.87294
0.827 -4.22467 3.98033
0.828 -4.4171 4.07412
0.829 -4.58886 4.15388
0.83 -4.73922 4.21921
0.831 -4.86753 4.2698
0.832 -4.97322 4.3054
0.833 -5.05584 4.3258
0.834 -5.11501 4.33086
0.835 -5.15046 4.32052
0.836 -5.162 4.29476
0.837 -5.14955 4.25365
0.838 -5.11314 4.1973
0.839 -5.05288 4.1259
0.84 -4.96899 4.03969
0.841 -4.86177 3.93898
0.842 -4.73164 3.82414
0.843 -4.57909 3.6956
0.844 -4.40473 3.55385
0.845 -4.20925 3.39943
0.846 -3.9934 3.23293
0.847 -3.75806 3.05501
0.848 -3.50417 2.86636
0.849 -3.23273 2.66774
0.85 -2.94485 2.45991
0.851 -2.64168 2.24372
0.852 -2.32445 2.02002
0.853 -1.99444 1.78971
0.854 -1.65298 1.55373
0.855 -1.30148 1.31301
0.856 -0.941351 1.06855
0.857 -0.57407 0.821319
0.858 -0.201136 0.57234
0.859 0.175925 0.322625
0.86 0.555568 0.0731985
0.861 0.936234 -0.174917
0.862 1.31636 -0.420699
0.863 1.69437 -0.663132
0.864 2.06872 -0.901214
0.865 2.43785 -1.13395
0.866 2.80023 -1.36038
0.867 3.15437 -1.57956
0.868 3.49877 -1.79056
0.869 3.83202 -1.99249
0.87 4.15271 -2.18451
0.871 4.45949 -2.3658
0.872 4.75108 -2.53559
0.873 5.02625 -2.69315
0.874 5.28381 -2.8378
0.875 5.52269 -2.96891
0.876 5.74184 -3.08591
0.877 5.94033 -3.18828
0.878 6.11729 -3.27556
0.879 6.27193 -3.34735
0.88 6.40357 -3.40333
0.881 6.51161 -3.4432
0.882 6.59554 -3.46677
0.883 6.65495 -3.4739
0.884 6.68954 -3.46451
0.885 6.69909 -3.4386
0.886 6.68349 -3.39622
0.887 6.64273 -3.33752
0.888 6.57691 -3.26268
0.889 6.48621 -3.17196
0.89 6.37094 -3.0657
0.891 6.23148 -2.9443
0.892 6.06832 -2.8082
0.893 5.88206 -2.65793
0.894 5.67336 -2.49406
0.895 5.44301 -2.31723
0.896 5.19186 -2.12814
0.897 4.92085 -1.92752
0.898 4.63101 -1.71617
0.899 4.32344 -1.49493
0.9 3.99932 -1.26467
0.901 3.65989 -1.02634
0.902 3.30645 -0.78087
0.903 2.94037 -0.529268
0.904 2.56306 -0.272549
0.905 2.17599 -0.0117572
0.906 1.78066 0.252042
0.907 1.3786 0.517768
0.908 0.971389 0.784329
0.909 0.56061 1.05062
0.91 0.147869 1.31555
0.911 -0.265218 1.578
0.912 -0.677033 1.83689
0.913 -1.08596 2.09113
0.914 -1.4904 2.33964
0.915 -1.88876 2.58137
0.916 -2.27947 2.8153
0.917 -2.661 3.04041
0.918 -3.03184 3.25575
0.919 -3.39054 3.46038
0.92 -3.73569 3.65339
0.921 -4.06591 3.83394
0.922 -4.37992 4.00122
0.923 -4.67648 4.15447
0.924 -4.95441 4.29299
0.925 -5.21262 4.41613
0.926 -5.4501 4.5233
0.927 -5.6659 4.61396
0.928 -5.85919 4.68767
0.929 -6.0292 4.744
0.93 -6.17527 4.78264
0.931 -6.29681 4.80332
0.932 -6.39337 4.80583
0.933 -6.46457 4.79007
0.934 -6.51013 4.75597
0.935 -6.52989 4.70355
0.936 -6.52378 4.6329
0.937 -6.49184 4.5442
0.938 -6.4342 4.43766
0.939 -6.35112 4.3136
0.94 -6.24293 4.17238
0.941 -6.11009 4.01446
0.942 -5.95314 3.84033
0.943 -5.77272 3.65057
0.944 -5.56958 3.44582
0.945 -5.34453 3.22676
0.946 -5.09851 2.99416
0.947 -4.83251 2.74882
0.948 -4.54761 2.49161
0.949 -4.24498 2.22341
0.95 -3.92584 1.9452
0.951 -3.5915 1.65797
0.952 -3.24331 1.36274
0.953 -2.88269 1.06058
0.954 -2.51111 0.752579
0.955 -2.13008 0.439866
0.956 -1.74115 0.123576
0.957 -1.3459 -0.195135
0.958 -0.945947 -0.515097
0.959 -0.542918 -0.835136
0.96 -0.138455 -1.15407
0.961 0.265792 -1.47073
0.962 0.668174 -1.78394
0.963 1.06705 -2.09255
0.964 1.46078 -2.3954
0.965 1.84777 -2.69138
0.966 2.22643 -2.97939
0.967 2.5952 -3.25835
0.968 2.95258 -3.52724
0.969 3.29709 -3.78504
0.97 3.62732 -4.03081
0.971 3.94192 -4.26363
0.972 4.23957 -4.48263
0.973 4.51906 -4.68699
0.974 4.77921 -4.87597
0.975 5.01896 -5.04886
0.976 5.2373 -5.20502
0.977 5.43331 -5.34387
0.978 5.60618 -5.4649
0.979 5.75516 -5.56767
0.98 5.87962 -5.65182
0.981 5.97902 -5.71702
0.982 6.05292 -5.76306
0.983 6.10098 -5.78978
0.984 6.12297 -5.79709
0.985 6.11877 -5.78499
0.986 6.08833 -5.75355
0.987 6.03176 -5.70289
0.988 5.94923 -5.63324
0.989 5.84104 -5.54488
0.99 5.70757 -5.43817
0.991 5.54933 -5.31354
0.992 5.3669 -5.17148
0.993 5.16099 -5.01255
0.994 4.93237 -4.8374
0.995 4.68194 -4.64669
0.996 4.41064 -4.44119
0.997 4.11955 -4.2217
0.998 3.80978 -3.98908
0.999 3.48254 -3.74424
1 3.13911 -3.48814
