0.001 3.40988e-008 2.51422e-009
0.002 3.10523e-007 2.01954e-008
0.003 1.4641e-006 8.38275e-008
0.004 4.8504e-006 2.46087e-007
0.005 1.28365e-005 5.8403e-007
0.006 2.90819e-005 1.20326e-006
0.007 5.88068e-005 2.24424e-006
0.008 0.000109045 3.89113e-006
0.009 0.00018888 6.38358e-006
0.01 0.000309663 1.00318e-005
0.011 0.000485202 1.52353e-005
0.012 0.000731938 2.25052e-005
0.013 0.00106909 3.24915e-005
0.014 0.00151877 4.60132e-005
0.015 0.00210606 6.40943e-005
0.016 0.00285911 8.80035e-005
0.017 0.00380912 0.000119298
0.018 0.00499037 0.000159873
0.019 0.00644016 0.000212016
0.02 0.00819875 0.000278458
0.021 0.0103093 0.000362445
0.022 0.0128176 0.000467793
0.023 0.0157721 0.000598962
0.024 0.0192235 0.000761125
0.025 0.0232248 0.000960242
0.026 0.0278307 0.00120314
0.027 0.0330974 0.00149757
0.028 0.0390827 0.00185232
0.029 0.0458448 0.00227726
0.03 0.053443 0.00278344
0.031 0.0619362 0.00338314
0.032 0.0713834 0.00408999
0.033 0.0818427 0.00491899
0.034 0.0933712 0.00588659
0.035 0.106024 0.0070108
0.036 0.119855 0.00831116
0.037 0.134915 0.00980888
0.038 0.15125 0.0115268
0.039 0.168907 0.0134896
0.04 0.187924 0.0157234
0.041 0.208337 0.0182564
0.042 0.230178 0.0211183
0.043 0.253471 0.0243408
0.044 0.278236 0.0279572
0.045 0.304487 0.0320024
0.046 0.332229 0.0365132
0.047 0.361463 0.0415279
0.048 0.39218 0.0470862
0.049 0.424365 0.0532296
0.05 0.457995 0.0600005
0.051 0.493038 0.067443
0.052 0.529453 0.0756021
0.053 0.567192 0.0845236
0.054 0.606197 0.0942544
0.055 0.646402 0.104842
0.056 0.687731 0.116334
0.057 0.730101 0.128779
0.058 0.773418 0.142224
0.059 0.817582 0.156718
0.06 0.862481 0.172307
0.061 0.907998 0.18904
0.062 0.954007 0.20696
0.063 1.00037 0.226113
0.064 1.04695 0.246542
0.065 1.0936 0.268287
0.066 1.14017 0.291386
0.067 1.18648 0.315877
0.068 1.23238 0.341792
0.069 1.2777 0.369162
0.07 1.32225 0.398012
0.071 1.36587 0.428368
0.072 1.40837 0.460246
0.073 1.44956 0.493661
0.074 1.48927 0.528623
0.075 1.52731 0.565137
0.076 1.56349 0.6032
0.077 1.59764 0.642807
0.078 1.62957 0.683946
0.079 1.6591 0.726596
0.08 1.68607 0.770734
0.081 1.7103 0.816327
0.082 1.73163 0.863336
0.083 1.74991 0.911716
0.084 1.76499 0.961412
0.085 1.77673 1.01237
0.086 1.785 1.06451
0.087 1.78969 1.11776
0.088 1.79068 1.17205
0.089 1.78788 1.22727
0.09 1.7812 1.28333
0.091 1.77058 1.34013
0.092 1.75595 1.39755
0.093 1.73729 1.45546
0.094 1.71456 1.51375
0.095 1.68774 1.57227
0.096 1.65686 1.63088
0.097 1.62192 1.68944
0.098 1.58297 1.74778
0.099 1.54006 1.80575
0.1 1.49327 1.86318
0.101 1.44269 1.9199
0.102 1.38842 1.97572
0.103 1.33058 2.03048
0.104 1.26933 2.08398
0.105 1.20482 2.13604
0.106 1.13722 2.18647
0.107 1.06673 2.23507
0.108 0.993547 2.28165
0.109 0.917899 2.32601
0.11 0.84002 2.36796
0.111 0.760161 2.40731
0.112 0.678585 2.44386
0.113 0.595566 2.47743
0.114 0.51139 2.50782
0.115 0.426354 2.53485
0.116 0.340763 2.55834
0.117 0.25493 2.57812
0.118 0.169175 2.59402
0.119 0.0838244 2.60588
0.12 -0.00079274 2.61355
0.121 -0.0843434 2.61688
0.122 -0.166493 2.61573
0.123 -0.246908 2.60998
0.124 -0.325253 2.59952
0.125 -0.401199 2.58424
0.126 -0.474419 2.56405
0.127 -0.544592 2.53887
0.128 -0.611404 2.50863
0.129 -0.674549 2.47329
0.13 -0.733731 2.43281
0.131 -0.788667 2.38717
0.132 -0.839085 2.33636
0.133 -0.884727 2.28038
0.134 -0.925351 2.21928
0.135 -0.960733 2.15308
0.136 -0.990663 2.08186
0.137 -1.01496 2.00568
0.138 -1.03344 1.92465
0.139 -1.04597 1.83887
0.14 -1.05243 1.74847
0.141 -1.0527 1.65361
0.142 -1.04672 1.55444
0.143 -1.03443 1.45114
0.144 -1.0158 1.34392
0.145 -0.990838 1.23299
0.146 -0.959557 1.11857
0.147 -0.922014 1.00093
0.148 -0.878285 0.880306
0.149 -0.828475 0.756988
0.15 -0.772715 0.631263
0.151 -0.711164 0.503434
0.152 -0.644005 0.373817
0.153 -0.571449 0.24274
0.154 -0.493732 0.110539
0.155 -0.411114 -0.0224373
0.156 -0.323882 -0.155833
0.157 -0.232343 -0.289284
0.158 -0.136829 -0.422419
0.159 -0.0376911 -0.554865
0.16 0.0646966 -0.68624
0.161 0.169943 -0.816163
0.162 0.277638 -0.944248
0.163 0.387356 -1.07011
0.164 0.498656 -1.19337
0.165 0.611086 -1.31365
0.166 0.724179 -1.43056
0.167 0.83746 -1.54373
0.168 0.950448 -1.65281
0.169 1.06265 -1.75743
0.17 1.17358 -1.85724
0.171 1.28274 -1.95191
0.172 1.38964 -2.04111
0.173 1.49377 -2.12453
0.174 1.59466 -2.20188
0.175 1.69182 -2.27286
0.176 1.78477 -2.33722
0.177 1.87306 -2.39471
0.178 1.95622 -2.4451
0.179 2.03382 -2.48818
0.18 2.10543 -2.52378
0.181 2.17066 -2.55173
0.182 2.22911 -2.5719
0.183 2.28043 -2.58415
0.184 2.32428 -2.58842
0.185 2.36034 -2.58463
0.186 2.38832 -2.57274
0.187 2.40797 -2.55275
0.188 2.41906 -2.52466
0.189 2.42138 -2.48853
0.19 2.41478 -2.44443
0.191 2.39911 -2.39244
0.192 2.37429 -2.33271
0.193 2.34024 -2.26537
0.194 2.29694 -2.19062
0.195 2.2444 -2.10865
0.196 2.18265 -2.01971
0.197 2.11179 -1.92406
0.198 2.03192 -1.82197
0.199 1.9432 -1.71377
0.2 1.84583 -1.59979
0.201 1.74003 -1.48037
0.202 1.62607 -1.35592
0.203 1.50423 -1.22681
0.204 1.37486 -1.09349
0.205 1.23832 -0.956376
0.206 1.095 -0.815935
0.207 0.945339 -0.672637
0.208 0.78979 -0.526968
0.209 0.628838 -0.379427
0.21 0.462998 -0.230524
0.211 0.292804 -0.0807767
0.212 0.118817 0.0692874
0.213 -0.0583839 0.219136
0.214 -0.238199 0.368234
0.215 -0.420015 0.516042
0.216 -0.603201 0.662022
0.217 -0.787118 0.805638
0.218 -0.971115 0.946357
0.219 -1.15454 1.08365
0.22 -1.33672 1.217
0.221 -1.517 1.3459
0.222 -1.69472 1.46985
0.223 -1.86923 1.58836
0.224 -2.03986 1.70096
0.225 -2.20597 1.8072
0.226 -2.36694 1.90665
0.227 -2.52215 1.99889
0.228 -2.67099 2.08353
0.229 -2.81289 2.16019
0.23 -2.94729 2.22855
0.231 -3.07364 2.28828
0.232 -3.19145 2.33909
0.233 -3.30022 2.38072
0.234 -3.39952 2.41295
0.235 -3.48891 2.43558
0.236 -3.56803 2.44843
0.237 -3.63653 2.45139
0.238 -3.69409 2.44435
0.239 -3.74045 2.42725
0.24 -3.77539 2.40006
0.241 -3.79871 2.36278
0.242 -3.81028 2.31547
0.243 -3.81 2.25819
0.244 -3.79782 2.19106
0.245 -3.77372 2.11423
0.246 -3.73776 2.02789
0.247 -3.69001 1.93224
0.248 -3.6306 1.82756
0.249 -3.55971 1.71411
0.25 -3.47757 1.59223
0.251 -3.38443 1.46226
0.252 -3.28062 1.32458
0.253 -3.16648 1.1796
0.254 -3.0424 1.02777
0.255 -2.90883 0.869548
0.256 -2.76625 0.705423
0.257 -2.61515 0.53591
0.258 -2.4561 0.361545
0.259 -2.28967 0.182885
0.26 -2.11649 0.000502447
0.261 -1.93718 -0.185012
0.262 -1.75243 -0.373055
0.263 -1.56293 -0.56301
0.264 -1.3694 -0.754253
0.265 -1.17257 -0.94615
0.266 -0.973193 -1.13806
0.267 -0.772044 -1.32935
0.268 -0.569896 -1.51937
0.269 -0.367534 -1.70748
0.27 -0.165748 -1.89305
0.271 0.0346731 -2.07545
0.272 0.232939 -2.25406
0.273 0.428267 -2.42826
0.274 0.61988 -2.59746
0.275 0.807015 -2.76107
0.276 0.988921 -2.91855
0.277 1.16487 -3.06933
0.278 1.33414 -3.2129
0.279 1.49605 -3.34876
0.28 1.64993 -3.47643
0.281 1.79516 -3.59548
0.282 1.93113 -3.70548
0.283 2.05727 -3.80605
0.284 2.17305 -3.89684
0.285 2.27799 -3.97752
0.286 2.37162 -4.04782
0.287 2.45356 -4.10748
0.288 2.52342 -4.15629
0.289 2.5809 -4.19408
0.29 2.62573 -4.22071
0.291 2.6577 -4.23609
0.292 2.67664 -4.24017
0.293 2.68242 -4.23292
0.294 2.675 -4.21437
0.295 2.65436 -4.18458
0.296 2.62054 -4.14367
0.297 2.57364 -4.09176
0.298 2.5138 -4.02906
0.299 2.44125 -3.95576
0.3 2.35621 -3.87214
0.301 2.25901 -3.77849
0.302 2.15 -3.67515
0.303 2.02957 -3.56247
0.304 1.89819 -3.44086
0.305 1.75636 -3.31074
0.306 1.60461 -3.17259
0.307 1.44353 -3.02688
0.308 1.27375 -2.87414
0.309 1.09593 -2.71491
0.31 0.910773 -2.54974
0.311 0.719001 -2.37922
0.312 0.52138 -2.20397
0.313 0.318697 -2.02458
0.314 0.111763 -1.84171
0.315 -0.0985887 -1.65598
0.316 -0.31151 -1.46806
0.317 -0.526137 -1.2786
0.318 -0.741595 -1.08827
0.319 -0.957004 -0.897723
0.32 -1.17148 -0.707636
0.321 -1.38414 -0.518663
0.322 -1.5941 -0.331458
0.323 -1.80048 -0.146668
0.324 -2.00243 0.0350745
0.325 -2.19909 0.213148
0.326 -2.38964 0.386948
0.327 -2.57326 0.555887
0.328 -2.74917 0.7194
0.329 -2.91662 0.876944
0.33 -3.07486 1.028
0.331 -3.22322 1.17207
0.332 -3.36104 1.3087
0.333 -3.48769 1.43745
0.334 -3.60261 1.55793
0.335 -3.70528 1.66975
0.336 -3.79519 1.7726
0.337 -3.87194 1.86617
0.338 -3.93512 1.95021
0.339 -3.98443 2.02449
0.34 -4.01957 2.08884
0.341 -4.04035 2.1431
0.342 -4.04658 2.18719
0.343 -4.03818 2.22103
0.344 -4.0151 2.24461
0.345 -3.97735 2.25794
0.346 -3.925 2.2611
0.347 -3.85819 2.25417
0.348 -3.77711 2.23731
0.349 -3.682 2.21069
0.35 -3.57317 2.17453
0.351 -3.45099 2.12909
0.352 -3.31586 2.07466
0.353 -3.16826 2.01157
0.354 -3.00871 1.94018
0.355 -2.83779 1.86088
0.356 -2.6561 1.77411
0.357 -2.46431 1.68032
0.358 -2.26313 1.57998
0.359 -2.0533 1.47361
0.36 -1.83561 1.36173
0.361 -1.61088 1.24489
0.362 -1.37994 1.12366
0.363 -1.14368 0.998631
0.364 -0.902986 0.870394
0.365 -0.658788 0.739561
0.366 -0.412016 0.606749
0.367 -0.163618 0.472583
0.368 0.0854483 0.337691
0.369 0.334221 0.202701
0.37 0.581736 0.0682412
0.371 0.827034 -0.0650667
0.372 1.06916 -0.196606
0.373 1.30717 -0.325771
0.374 1.54014 -0.451966
0.375 1.76715 -0.574611
0.376 1.98731 -0.693142
0.377 2.19977 -0.807016
0.378 2.40369 -0.915708
0.379 2.59826 -1.01872
0.38 2.78273 -1.11558
0.381 2.95636 -1.20583
0.382 3.11848 -1.28907
0.383 3.26844 -1.36491
0.384 3.40566 -1.43299
0.385 3.52959 -1.493
0.386 3.63976 -1.54465
0.387 3.73572 -1.5877
0.388 3.81711 -1.62193
0.389 3.88361 -1.64719
0.39 3.93497 -1.66333
0.391 3.97099 -1.67027
0.392 3.99154 -1.66796
0.393 3.99655 -1.65639
0.394 3.98601 -1.63559
0.395 3.96 -1.60563
0.396 3.91862 -1.56663
0.397 3.86207 -1.51873
0.398 3.79059 -1.46213
0.399 3.70449 -1.39706
0.4 3.60415 -1.32377
0.401 3.49 -1.24258
0.402 3.36252 -1.15381
0.403 3.22226 -1.05785
0.404 3.06981 -0.955092
0.405 2.90583 -0.845968
0.406 2.73101 -0.730941
0.407 2.5461 -0.610497
0.408 2.35189 -0.485148
0.409 2.1492 -0.355428
0.41 1.9389 -0.221891
0.411 1.72188 -0.0851071
0.412 1.49909 0.0543372
0.413 1.27146 0.195843
0.414 1.03997 0.338803
0.415 0.805624 0.4826
0.416 0.569424 0.626613
0.417 0.332388 0.77022
0.418 0.0955407 0.9128
0.419 -0.140094 1.05373
0.42 -0.373492 1.19241
0.421 -0.603639 1.32822
0.422 -0.829531 1.46057
0.423 -1.05018 1.58889
0.424 -1.26461 1.71261
0.425 -1.47188 1.8312
0.426 -1.67108 1.94412
0.427 -1.86131 2.05088
0.428 -2.04172 2.151
0.429 -2.21151 2.24405
0.43 -2.3699 2.32961
0.431 -2.51616 2.4073
0.432 -2.64962 2.47676
0.433 -2.76966 2.53768
0.434 -2.87571 2.58978
0.435 -2.96725 2.63284
0.436 -3.04383 2.66663
0.437 -3.10507 2.69101
0.438 -3.15062 2.70586
0.439 -3.18024 2.7111
0.44 -3.19371 2.70668
0.441 -3.19091 2.69263
0.442 -3.17178 2.66898
0.443 -3.13633 2.63583
0.444 -3.08462 2.59332
0.445 -3.01681 2.54161
0.446 -2.93309 2.48092
0.447 -2.83376 2.41151
0.448 -2.71915 2.33368
0.449 -2.58968 2.24775
0.45 -2.44582 2.15411
0.451 -2.2881 2.05315
0.452 -2.11713 1.94531
0.453 -1.93355 1.83108
0.454 -1.73807 1.71094
0.455 -1.53147 1.58543
0.456 -1.31454 1.4551
0.457 -1.08815 1.32054
0.458 -0.85319 1.18234
0.459 -0.61061 1.04112
0.46 -0.361382 0.897528
0.461 -0.106514 0.7522
0.462 0.152959 0.605798
0.463 0.415979 0.45899
0.464 0.681469 0.312448
0.465 0.948334 0.166846
0.466 1.21547 0.0228588
0.467 1.48178 -0.118845
0.468 1.74614 -0.257601
0.469 2.00744 -0.392757
0.47 2.2646 -0.52367
0.471 2.51652 -0.649713
0.472 2.76213 -0.77028
0.473 3.00038 -0.884782
0.474 3.23026 -0.992653
0.475 3.45077 -1.09336
0.476 3.66095 -1.18638
0.477 3.85989 -1.27125
0.478 4.0467 -1.34751
0.479 4.22055 -1.41475
0.48 4.38067 -1.4726
0.481 4.52632 -1.52072
0.482 4.65684 -1.55882
0.483 4.7716 -1.58664
0.484 4.87006 -1.60396
0.485 4.95173 -1.61064
0.486 5.01619 -1.60653
0.487 5.06309 -1.59157
0.488 5.09214 -1.56573
0.489 5.10314 -1.52902
0.49 5.09595 -1.48152
0.491 5.0705 -1.42334
0.492 5.02681 -1.35464
0.493 4.96495 -1.27562
0.494 4.8851 -1.18654
0.495 4.78747 -1.0877
0.496 4.67238 -0.979438
0.497 4.5402 -0.862148
0.498 4.39139 -0.736257
0.499 4.22645 -0.602233
0.5 4.04597 -0.460586
0.501 3.85061 -0.311859
0.502 3.64108 -0.156634
0.503 3.41814 0.00447822
0.504 3.18263 0.170834
0.505 2.93544 0.341763
0.506 2.67748 0.516568
0.507 2.40976 0.694532
0.508 2.13328 0.874917
0.509 1.84912 1.05697
0.51 1.55836 1.23991
0.511 1.26214 1.42298
0.512 0.96161 1.60538
0.513 0.657943 1.78631
0.514 0.352329 1.965
0.515 0.0459724 2.14064
0.516 -0.259919 2.31246
0.517 -0.564133 2.47967
0.518 -0.865462 2.64152
0.519 -1.16271 2.79726
0.52 -1.45468 2.94615
0.521 -1.74021 3.08748
0.522 -2.01815 3.22058
0.523 -2.28738 3.34478
0.524 -2.54682 3.45947
0.525 -2.79542 3.56403
0.526 -3.03215 3.65792
0.527 -3.25606 3.74062
0.528 -3.46624 3.81164
0.529 -3.66182 3.87055
0.53 -3.84198 3.91696
0.531 -4.006 3.95052
0.532 -4.15318 3.97093
0.533 -4.28291 3.97795
0.534 -4.39464 3.97137
0.535 -4.4879 3.95106
0.536 -4.56228 3.91693
0.537 -4.61746 3.86893
0.538 -4.65318 3.80708
0.539 -4.66929 3.73146
0.54 -4.66568 3.64218
0.541 -4.64234 3.53944
0.542 -4.59934 3.42346
0.543 -4.53683 3.29453
0.544 -4.45504 3.153
0.545 -4.35427 2.99925
0.546 -4.23491 2.83373
0.547 -4.09742 2.65693
0.548 -3.94233 2.46938
0.549 -3.77026 2.27167
0.55 -3.58188 2.06443
0.551 -3.37795 1.84833
0.552 -3.15927 1.62407
0.553 -2.92673 1.39239
0.554 -2.68125 1.15408
0.555 -2.42383 0.909931
0.556 -2.15551 0.660785
0.557 -1.87737 0.407499
0.558 -1.59056 0.150953
0.559 -1.29623 -0.107955
0.56 -0.995593 -0.368316
0.561 -0.689883 -0.629205
0.562 -0.380357 -0.889693
0.563 -0.0682909 -1.14885
0.564 0.245025 -1.40573
0.565 0.558292 -1.65942
0.566 0.870205 -1.90899
0.567 1.17947 -2.15352
0.568 1.48478 -2.39213
0.569 1.78486 -2.62392
0.57 2.07844 -2.84805
0.571 2.36429 -3.06368
0.572 2.64118 -3.27
0.573 2.90794 -3.46625
0.574 3.16342 -3.65168
0.575 3.40652 -3.82559
0.576 3.63618 -3.98733
0.577 3.85141 -4.13627
0.578 4.05124 -4.27185
0.579 4.23479 -4.39353
0.58 4.40124 -4.50086
0.581 4.54983 -4.59342
0.582 4.67986 -4.67082
0.583 4.79072 -4.73277
0.584 4.88187 -4.77902
0.585 4.95284 -4.80936
0.586 5.00325 -4.82368
0.587 5.03281 -4.82188
0.588 5.04129 -4.80396
0.589 5.02855 -4.76997
0.59 4.99455 -4.72002
0.591 4.93933 -4.65427
0.592 4.863 -4.57295
0.593 4.76578 -4.47636
0.594 4.64796 -4.36484
0.595 4.5099 -4.2388
0.596 4.35207 -4.09869
0.597 4.17501 -3.94504
0.598 3.97934 -3.77842
0.599 3.76574 -3.59943
0.6 3.53499 -3.40876
0.601 3.28792 -3.20711
0.602 3.02544 -2.99524
0.603 2.74852 -2.77395
0.604 2.4582 -2.54407
0.605 2.15555 -2.30647
0.606 1.84171 -2.06205
0.607 1.51789 -1.81174
0.608 1.18529 -1.55649
0.609 0.845203 -1.29726
0.61 0.49892 -1.03506
0.611 0.147772 -0.770885
0.612 -0.206887 -0.505741
0.613 -0.563687 -0.240646
0.614 -0.921246 0.0233815
0.615 -1.27818 0.285326
0.616 -1.63308 0.544179
0.617 -1.98459 0.798943
0.618 -2.33131 1.04863
0.619 -2.6719 1.29228
0.62 -3.00501 1.52895
0.621 -3.32933 1.75772
0.622 -3.64358 1.97769
0.623 -3.94652 2.18802
0.624 -4.23696 2.38788
0.625 -4.51373 2.57649
0.626 -4.77574 2.75311
0.627 -5.02194 2.91706
0.628 -5.25134 3.06767
0.629 -5.46303 3.20437
0.63 -5.65616 3.3266
0.631 -5.82995 3.43388
0.632 -5.98369 3.52578
0.633 -6.11675 3.60193
0.634 -6.2286 3.66203
0.635 -6.31876 3.70581
0.636 -6.38687 3.7331
0.637 -6.43263 3.74377
0.638 -6.45584 3.73776
0.639 -6.45638 3.71508
0.64 -6.43424 3.6758
0.641 -6.38947 3.62006
0.642 -6.32224 3.54804
0.643 -6.23279 3.46002
0.644 -6.12145 3.35632
0.645 -5.98864 3.23731
0.646 -5.83488 3.10345
0.647 -5.66074 2.95523
0.648 -5.4669 2.79321
0.649 -5.25411 2.618
0.65 -5.02319 2.43026
0.651 -4.77505 2.23071
0.652 -4.51065 2.02009
0.653 -4.23102 1.79922
0.654 -3.93726 1.56892
0.655 -3.63052 1.33008
0.656 -3.31201 1.0836
0.657 -2.98297 0.830434
0.658 -2.6447 0.571535
0.659 -2.29853 0.307897
0.66 -1.94582 0.0405266
0.661 -1.58798 -0.229554
0.662 -1.2264 -0.501311
0.663 -0.86252 -0.773705
0.664 -0.497777 -1.0457
0.665 -0.13361 -1.31624
0.666 0.228538 -1.5843
0.667 0.587234 -1.84886
0.668 0.941059 -2.10889
0.669 1.28861 -2.36341
0.67 1.62852 -2.61144
0.671 1.95942 -2.85204
0.672 2.28003 -3.08427
0.673 2.58905 -3.30727
0.674 2.88528 -3.52016
0.675 3.16753 -3.72215
0.676 3.43469 -3.91245
0.677 3.68571 -4.09036
0.678 3.91958 -4.25518
0.679 4.13539 -4.4063
0.68 4.33229 -4.54314
0.681 4.50949 -4.66519
0.682 4.66631 -4.77198
0.683 4.80213 -4.86311
0.684 4.91642 -4.93825
0.685 5.00873 -4.99712
0.686 5.07872 -5.03951
0.687 5.12612 -5.06525
0.688 5.15075 -5.07428
0.689 5.15253 -5.06656
0.69 5.13148 -5.04214
0.691 5.0877 -5.00113
0.692 5.02138 -4.94371
0.693 4.93281 -4.87009
0.694 4.82238 -4.7806
0.695 4.69054 -4.67557
0.696 4.53785 -4.55544
0.697 4.36495 -4.42068
0.698 4.17256 -4.27181
0.699 3.96148 -4.10944
0.7 3.73258 -3.93419
0.701 3.48681 -3.74676
0.702 3.2252 -3.54787
0.703 2.94882 -3.33831
0.704 2.65882 -3.11888
0.705 2.35641 -2.89044
0.706 2.04282 -2.65388
0.707 1.71935 -2.41012
0.708 1.38736 -2.16009
0.709 1.0482 -1.90476
0.71 0.703288 -1.64511
0.711 0.354046 -1.38213
0.712 0.00192198 -1.11685
0.713 -0.351624 -0.850259
0.714 -0.705125 -0.583387
0.715 -1.05712 -0.317246
0.716 -1.40613 -0.0528426
0.717 -1.75072 0.208823
0.718 -2.08945 0.466766
0.719 -2.4209 0.72002
0.72 -2.7437 0.967638
0.721 -3.0565 1.2087
0.722 -3.35798 1.44231
0.723 -3.64687 1.66762
0.724 -3.92198 1.8838
0.725 -4.18212 2.09007
0.726 -4.42621 2.28568
0.727 -4.65321 2.46994
0.728 -4.86214 2.6422
0.729 -5.05213 2.80187
0.73 -5.22234 2.94839
0.731 -5.37203 3.08128
0.732 -5.50056 3.20011
0.733 -5.60734 3.3045
0.734 -5.6919 3.39413
0.735 -5.75385 3.46876
0.736 -5.79287 3.52818
0.737 -5.80876 3.57228
0.738 -5.80141 3.60098
0.739 -5.77079 3.61429
0.74 -5.71697 3.61226
0.741 -5.64013 3.59502
0.742 -5.54052 3.56275
0.743 -5.41849 3.5157
0.744 -5.27449 3.45419
0.745 -5.10906 3.37857
0.746 -4.92281 3.28926
0.747 -4.71645 3.18676
0.748 -4.49076 3.07159
0.749 -4.24662 2.94434
0.75 -3.98496 2.80563
0.751 -3.70681 2.65615
0.752 -3.41323 2.49662
0.753 -3.10539 2.3278
0.754 -2.78447 2.15049
0.755 -2.45175 1.96552
0.756 -2.10851 1.77376
0.757 -1.75613 1.57609
0.758 -1.39597 1.37342
0.759 -1.02947 1.1667
0.76 -0.658072 0.95685
0.761 -0.283241 0.744843
0.762 0.0935366 0.531637
0.763 0.47077 0.318202
0.764 0.846963 0.105501
0.765 1.22063 -0.105503
0.766 1.59027 -0.313859
0.767 1.95444 -0.518627
0.768 2.31168 -0.718886
0.769 2.66058 -0.913733
0.77 2.99974 -1.10229
0.771 3.32782 -1.28371
0.772 3.64352 -1.45718
0.773 3.94559 -1.6219
0.774 4.23282 -1.77715
0.775 4.50407 -1.92221
0.776 4.75827 -2.05643
0.777 4.99442 -2.17919
0.778 5.21157 -2.28994
0.779 5.40887 -2.38816
0.78 5.58554 -2.47339
0.781 5.74089 -2.54524
0.782 5.87431 -2.60337
0.783 5.98528 -2.64749
0.784 6.07337 -2.67738
0.785 6.13824 -2.69287
0.786 6.17965 -2.69387
0.787 6.19746 -2.68034
0.788 6.19161 -2.6523
0.789 6.16214 -2.60985
0.79 6.10921 -2.55312
0.791 6.03304 -2.48233
0.792 5.93397 -2.39776
0.793 5.81242 -2.29972
0.794 5.6689 -2.18862
0.795 5.50403 -2.06489
0.796 5.31849 -1.92904
0.797 5.11305 -1.78162
0.798 4.88859 -1.62323
0.799 4.64603 -1.45452
0.8 4.38638 -1.27618
0.801 4.11073 -1.08896
0.802 3.82022 -0.893636
0.803 3.51605 -0.691013
0.804 3.19949 -0.48194
0.805 2.87185 -0.26729
0.806 2.53449 -0.0479651
0.807 2.18882 0.175115
0.808 1.83626 0.40101
0.809 1.47827 0.628768
0.81 1.11635 0.857425
0.811 0.751998 1.08601
0.812 0.386722 1.31356
0.813 0.0220414 1.5391
0.814 -0.340528 1.76167
0.815 -0.699479 1.98032
0.816 -1.05332 2.19411
0.817 -1.40057 2.40212
0.818 -1.73979 2.60346
0.819 -2.06957 2.79725
0.82 -2.38852 2.98266
0.821 -2.69532 3.15887
0.822 -2.98867 3.32512
0.823 -3.26736 3.48067
0.824 -3.5302 3.62484
0.825 -3.7761 3.75698
0.826 -4.00402 3.8765
0.827 -4.21299 3.98287
0.828 -4.40213 4.07558
0.829 -4.57062 4.15421
0.83 -4.71776 4.21838
0.831 -4.84291 4.26779
0.832 -4.94551 4.30217
0.833 -5.02513 4.32133
0.834 -5.08139 4.32514
0.835 -5.11404 4.31355
0.836 -5.12292 4.28653
0.837 -5.10795 4.24417
0.838 -5.06917 4.18658
0.839 -5.00671 4.11396
0.84 -4.92078 4.02655
0.841 -4.81171 3.92468
0.842 -4.67993 3.80872
0.843 -4.52594 3.6791
0.844 -4.35035 3.53633
0.845 -4.15384 3.38094
0.846 -3.93721 3.21354
0.847 -3.70132 3.03479
0.848 -3.4471 2.84538
0.849 -3.17558 2.64607
0.85 -2.88786 2.43766
0.851 -2.5851 2.22096
0.852 -2.26851 1.99685
0.853 -1.93939 1.76623
0.854 -1.59907 1.53003
0.855 -1.24894 1.28921
0.856 -0.890428 1.04473
0.857 -0.524991 0.797612
0.858 -0.154127 0.548846
0.859 0.220643 0.299454
0.86 0.597783 0.0504603
0.861 0.975741 -0.197111
0.862 1.35296 -0.44224
0.863 1.72789 -0.683912
0.864 2.09897 -0.921124
0.865 2.46467 -1.15289
0.866 2.82348 -1.37825
0.867 3.1739 -1.59625
0.868 3.51447 -1.80597
0.869 3.84376 -2.00655
0.87 4.16041 -2.19712
0.871 4.46307 -2.37689
0.872 4.75048 -2.54507
0.873 5.02141 -2.70096
0.874 5.27471 -2.84387
0.875 5.50931 -2.97319
0.876 5.72418 -3.08835
0.877 5.91841 -3.18884
0.878 6.09114 -3.27421
0.879 6.24162 -3.34407
0.88 6.36915 -3.39808
0.881 6.47317 -3.43599
0.882 6.55319 -3.4576
0.883 6.6088 -3.46277
0.884 6.63972 -3.45145
0.885 6.64576 -3.42362
0.886 6.6268 -3.37938
0.887 6.58286 -3.31884
0.888 6.51405 -3.24223
0.889 6.42057 -3.1498
0.89 6.30272 -3.04191
0.891 6.16091 -2.91894
0.892 5.99563 -2.78137
0.893 5.80749 -2.62973
0.894 5.59718 -2.46459
0.895 5.36546 -2.28661
0.896 5.11322 -2.09648
0.897 4.84139 -1.89495
0.898 4.551 -1.68283
0.899 4.24316 -1.46095
0.9 3.91906 -1.2302
0.901 3.57992 -0.991516
0.902 3.22706 -0.745858
0.903 2.86183 -0.494221
0.904 2.48566 -0.237626
0.905 2.09999 0.0228772
0.906 1.70634 0.286224
0.907 1.30622 0.551331
0.908 0.901211 0.817105
0.909 0.49288 1.08245
0.91 0.0828284 1.34625
0.911 -0.327339 1.60742
0.912 -0.736015 1.86486
0.913 -1.1416 2.11748
0.914 -1.54249 2.36423
0.915 -1.93713 2.60404
0.916 -2.32394 2.83589
0.917 -2.70143 3.0588
0.918 -3.06809 3.27178
0.919 -3.42249 3.47392
0.92 -3.76323 3.66433
0.921 -4.08896 3.84215
0.922 -4.39841 4.00659
0.923 -4.69035 4.15691
0.924 -4.96364 4.29239
0.925 -5.21719 4.41242
0.926 -5.45001 4.51641
0.927 -5.66118 4.60383
0.928 -5.84987 4.67423
0.929 -6.01534 4.72723
0.93 -6.15695 4.76251
0.931 -6.27413 4.7798
0.932 -6.36645 4.77892
0.933 -6.43352 4.75978
0.934 -6.47511 4.72231
0.935 -6.49107 4.66656
0.936 -6.48133 4.59262
0.937 -6.44595 4.50067
0.938 -6.38508 4.39096
0.939 -6.29899 4.2638
0.94 -6.18804 4.11958
0.941 -6.05267 3.95875
0.942 -5.89345 3.78182
0.943 -5.71103 3.58939
0.944 -5.50616 3.38209
0.945 -5.27968 3.16064
0.946 -5.0325 2.9258
0.947 -4.76564 2.67837
0.948 -4.48019 2.41924
0.949 -4.17729 2.14931
0.95 -3.8582 1.86954
0.951 -3.52421 1.58095
0.952 -3.17668 1.28456
0.953 -2.81702 0.981436
0.954 -2.44669 0.672691
0.955 -2.06721 0.359441
0.956 -1.68012 0.0428318
0.957 -1.287 -0.275979
0.958 -0.889444 -0.59582
0.959 -0.48908 -0.915516
0.96 -0.0875383 -1.23389
0.961 0.313543 -1.54976
0.962 0.712525 -1.86196
0.963 1.10778 -2.16934
0.964 1.49769 -2.47075
0.965 1.88066 -2.76507
0.966 2.25512 -3.05121
0.967 2.61954 -3.32811
0.968 2.97242 -3.59473
0.969 3.31231 -3.85008
0.97 3.63782 -4.09321
0.971 3.94759 -4.32321
0.972 4.24036 -4.53923
0.973 4.51491 -4.74045
0.974 4.7701 -4.92614
0.975 5.00487 -5.0956
0.976 5.21824 -5.2482
0.977 5.40932 -5.38338
0.978 5.57729 -5.50064
0.979 5.72145 -5.59955
0.98 5.84118 -5.67975
0.981 5.93595 -5.74094
0.982 6.00535 -5.78291
0.983 6.04906 -5.80552
0.984 6.06685 -5.8087
0.985 6.05863 -5.79245
0.986 6.02438 -5.75685
0.987 5.96419 -5.70206
0.988 5.87828 -5.6283
0.989 5.76694 -5.53588
0.99 5.63059 -5.42515
0.991 5.46972 -5.29657
0.992 5.28495 -5.15064
0.993 5.07698 -4.98794
0.994 4.8466 -4.80911
0.995 4.5947 -4.61485
0.996 4.32225 -4.40593
0.997 4.03032 -4.18315
0.998 3.72003 -3.94739
0.999 3.3926 -3.69957
1 3.04931 -3.44066
