0.001 3.41686e-008 2.55671e-009
0.002 3.1108e-007 2.05347e-008
0.003 1.46639e-006 8.52232e-008
0.004 4.85701e-006 2.50131e-007
0.005 1.28519e-005 5.93456e-007
0.006 2.91128e-005 1.22223e-006
0.007 5.88627e-005 2.27858e-006
0.008 0.000109138 3.94853e-006
0.009 0.000189027 6.47368e-006
0.01 0.000309882 1.01663e-005
0.011 0.000485517 1.54276e-005
0.012 0.000732376 2.27708e-005
0.013 0.00106968 3.28468e-005
0.014 0.00151954 4.64755e-005
0.015 0.00210706 6.46809e-005
0.016 0.00286038 8.87305e-005
0.017 0.0038107 0.00012018
0.018 0.00499229 0.000160919
0.019 0.00644247 0.00021323
0.02 0.0082015 0.000279838
0.021 0.0103125 0.000363977
0.022 0.0128213 0.000469449
0.023 0.0157764 0.000600699
0.024 0.0192284 0.000762879
0.025 0.0232303 0.000961925
0.026 0.0278368 0.00120463
0.027 0.0331043 0.00149872
0.028 0.0390901 0.00185294
0.029 0.045853 0.00227712
0.03 0.0534517 0.00278225
0.031 0.0619455 0.00338056
0.032 0.0713932 0.00408561
0.033 0.081853 0.00491232
0.034 0.0933818 0.00587709
0.035 0.106035 0.00699781
0.036 0.119866 0.00829394
0.037 0.134925 0.00978659
0.038 0.151261 0.0114985
0.039 0.168917 0.0134541
0.04 0.187933 0.0156796
0.041 0.208345 0.018203
0.042 0.230184 0.0210538
0.043 0.253475 0.0242635
0.044 0.278238 0.0278652
0.045 0.304486 0.0318938
0.046 0.332225 0.0363859
0.047 0.361454 0.0413794
0.048 0.392167 0.0469141
0.049 0.424347 0.0530311
0.05 0.457971 0.0597727
0.051 0.493006 0.0671827
0.052 0.529414 0.0753059
0.053 0.567144 0.0841881
0.054 0.606139 0.0938757
0.055 0.646333 0.104416
0.056 0.687651 0.115857
0.057 0.730007 0.128245
0.058 0.77331 0.14163
0.059 0.817458 0.156059
0.06 0.862341 0.171578
0.061 0.90784 0.188235
0.062 0.953828 0.206075
0.063 1.00017 0.225142
0.064 1.04673 0.245478
0.065 1.09336 0.267125
0.066 1.13989 0.290121
0.067 1.18618 0.314502
0.068 1.23205 0.340301
0.069 1.27733 0.367549
0.07 1.32185 0.396271
0.071 1.36543 0.426492
0.072 1.40789 0.45823
0.073 1.44904 0.491499
0.074 1.48871 0.526308
0.075 1.5267 0.562663
0.076 1.56284 0.600563
0.077 1.59693 0.64
0.078 1.62881 0.680964
0.079 1.65829 0.723435
0.08 1.68519 0.767388
0.081 1.70936 0.812792
0.082 1.73063 0.859608
0.083 1.74885 0.907792
0.084 1.76386 0.957289
0.085 1.77553 1.00804
0.086 1.78372 1.05998
0.087 1.78833 1.11303
0.088 1.78924 1.16711
0.089 1.78636 1.22212
0.09 1.7796 1.27798
0.091 1.76889 1.33457
0.092 1.75417 1.39179
0.093 1.73541 1.4495
0.094 1.71259 1.5076
0.095 1.68567 1.56593
0.096 1.65469 1.62435
0.097 1.61965 1.68273
0.098 1.58059 1.7409
0.099 1.53758 1.79871
0.1 1.49068 1.85599
0.101 1.43999 1.91256
0.102 1.38561 1.96826
0.103 1.32766 2.0229
0.104 1.2663 2.0763
0.105 1.20167 2.12827
0.106 1.13395 2.17862
0.107 1.06334 2.22716
0.108 0.990046 2.2737
0.109 0.914281 2.31804
0.11 0.836286 2.35999
0.111 0.756311 2.39935
0.112 0.674619 2.43594
0.113 0.591486 2.46957
0.114 0.507197 2.50004
0.115 0.42205 2.52718
0.116 0.33635 2.5508
0.117 0.250411 2.57074
0.118 0.164553 2.58682
0.119 0.0791019 2.59888
0.12 -0.00561162 2.60678
0.121 -0.0892545 2.61037
0.122 -0.171492 2.6095
0.123 -0.251989 2.60407
0.124 -0.330412 2.59394
0.125 -0.406429 2.57902
0.126 -0.479714 2.55922
0.127 -0.549945 2.53446
0.128 -0.616807 2.50466
0.129 -0.679995 2.46979
0.13 -0.739212 2.4298
0.131 -0.794173 2.38467
0.132 -0.844607 2.3344
0.133 -0.890256 2.27899
0.134 -0.930876 2.21846
0.135 -0.966243 2.15287
0.136 -0.996149 2.08227
0.137 -1.0204 2.00673
0.138 -1.03884 1.92635
0.139 -1.05131 1.84124
0.14 -1.05769 1.75153
0.141 -1.05788 1.65736
0.142 -1.0518 1.5589
0.143 -1.03939 1.45631
0.144 -1.02064 1.34981
0.145 -0.995527 1.2396
0.146 -0.964089 1.12591
0.147 -0.926372 1.00898
0.148 -0.882455 0.889083
0.149 -0.832442 0.766479
0.15 -0.776464 0.641461
0.151 -0.714679 0.514329
0.152 -0.647271 0.385396
0.153 -0.57445 0.254988
0.154 -0.496453 0.123439
0.155 -0.413541 -0.00890508
0.156 -0.325998 -0.141691
0.157 -0.234134 -0.274556
0.158 -0.13828 -0.407134
0.159 -0.0387891 -0.53905
0.16 0.0639662 -0.669928
0.161 0.169593 -0.799388
0.162 0.277682 -0.927046
0.163 0.387807 -1.05252
0.164 0.499525 -1.17543
0.165 0.612384 -1.2954
0.166 0.725916 -1.41205
0.167 0.839648 -1.52501
0.168 0.953094 -1.63392
0.169 1.06577 -1.73842
0.17 1.17717 -1.83816
0.171 1.28681 -1.93282
0.172 1.39419 -2.02205
0.173 1.49881 -2.10556
0.174 1.60019 -2.18305
0.175 1.69784 -2.25423
0.176 1.79129 -2.31884
0.177 1.88007 -2.37664
0.178 1.96372 -2.42739
0.179 2.04181 -2.4709
0.18 2.11391 -2.50697
0.181 2.17961 -2.53545
0.182 2.23854 -2.55619
0.183 2.29032 -2.56908
0.184 2.33462 -2.57403
0.185 2.37112 -2.57097
0.186 2.39953 -2.55986
0.187 2.41959 -2.5407
0.188 2.43108 -2.51349
0.189 2.43378 -2.47827
0.19 2.42754 -2.43512
0.191 2.41222 -2.38412
0.192 2.38772 -2.32541
0.193 2.35397 -2.25913
0.194 2.31094 -2.18546
0.195 2.25865 -2.1046
0.196 2.19713 -2.01679
0.197 2.12646 -1.92228
0.198 2.04676 -1.82136
0.199 1.95819 -1.71433
0.2 1.86093 -1.60152
0.201 1.75521 -1.48329
0.202 1.64129 -1.36002
0.203 1.51947 -1.23209
0.204 1.39008 -1.09993
0.205 1.25349 -0.963967
0.206 1.11008 -0.82466
0.207 0.960301 -0.682474
0.208 0.804597 -0.537891
0.209 0.643457 -0.391406
0.21 0.477392 -0.243524
0.211 0.30694 -0.0947592
0.212 0.132659 0.0543646
0.213 -0.0448683 0.20332
0.214 -0.225045 0.351573
0.215 -0.407254 0.498591
0.216 -0.590867 0.643839
0.217 -0.775241 0.786783
0.218 -0.959727 0.926894
0.219 -1.14367 1.06365
0.22 -1.3264 1.19653
0.221 -1.50725 1.32503
0.222 -1.68558 1.44865
0.223 -1.8607 1.56691
0.224 -2.03198 1.67935
0.225 -2.19877 1.7855
0.226 -2.36042 1.88494
0.227 -2.51634 1.97726
0.228 -2.6659 2.06205
0.229 -2.80854 2.13897
0.23 -2.94368 2.20765
0.231 -3.07079 2.2678
0.232 -3.18936 2.31911
0.233 -3.2989 2.36133
0.234 -3.39897 2.39422
0.235 -3.48914 2.4176
0.236 -3.56903 2.43129
0.237 -3.63829 2.43515
0.238 -3.69661 2.4291
0.239 -3.74372 2.41305
0.24 -3.77939 2.38699
0.241 -3.80343 2.35092
0.242 -3.8157 2.30486
0.243 -3.8161 2.24891
0.244 -3.80458 2.18316
0.245 -3.78112 2.10777
0.246 -3.74577 2.02291
0.247 -3.69859 1.9288
0.248 -3.63974 1.82569
0.249 -3.56937 1.71385
0.25 -3.4877 1.5936
0.251 -3.39501 1.46529
0.252 -3.2916 1.3293
0.253 -3.17782 1.18602
0.254 -3.05407 1.03589
0.255 -2.92077 0.879374
0.256 -2.77842 0.716953
0.257 -2.62751 0.549136
0.258 -2.46859 0.376453
0.259 -2.30225 0.199453
0.26 -2.1291 0.0187058
0.261 -1.94979 -0.165206
0.262 -1.76498 -0.351684
0.263 -1.57536 -0.540119
0.264 -1.38167 -0.729889
0.265 -1.18463 -0.920369
0.266 -0.984995 -1.11092
0.267 -0.783535 -1.30092
0.268 -0.581028 -1.48972
0.269 -0.37826 -1.67669
0.27 -0.176019 -1.86119
0.271 0.0249003 -2.0426
0.272 0.22371 -2.22031
0.273 0.419623 -2.39371
0.274 0.611862 -2.5622
0.275 0.799662 -2.72521
0.276 0.98227 -2.88218
0.277 1.15895 -3.03255
0.278 1.32899 -3.17583
0.279 1.4917 -3.3115
0.28 1.64641 -3.4391
0.281 1.79248 -3.55818
0.282 1.92932 -3.66832
0.283 2.05635 -3.76915
0.284 2.17304 -3.86031
0.285 2.27889 -3.94147
0.286 2.37345 -4.01236
0.287 2.45631 -4.07273
0.288 2.5271 -4.12235
0.289 2.58551 -4.16106
0.29 2.63126 -4.18872
0.291 2.66414 -4.20523
0.292 2.68398 -4.21054
0.293 2.69065 -4.20461
0.294 2.6841 -4.18748
0.295 2.6643 -4.1592
0.296 2.63129 -4.11987
0.297 2.58518 -4.06963
0.298 2.52611 -4.00867
0.299 2.45427 -3.93719
0.3 2.36991 -3.85545
0.301 2.27335 -3.76373
0.302 2.16493 -3.66237
0.303 2.04505 -3.55173
0.304 1.91417 -3.43219
0.305 1.77278 -3.30419
0.306 1.62142 -3.16817
0.307 1.46068 -3.02462
0.308 1.29117 -2.87405
0.309 1.11357 -2.71699
0.31 0.92856 -2.554
0.311 0.736879 -2.38565
0.312 0.539285 -2.21255
0.313 0.336565 -2.0353
0.314 0.129529 -1.85454
0.315 -0.0809911 -1.67088
0.316 -0.294145 -1.485
0.317 -0.50907 -1.29753
0.318 -0.724891 -1.10913
0.319 -0.940728 -0.920462
0.32 -1.15569 -0.732186
0.321 -1.3689 -0.544953
0.322 -1.57947 -0.359413
0.323 -1.78653 -0.176206
0.324 -1.98921 0.00403858
0.325 -2.18665 0.180705
0.326 -2.37804 0.353193
0.327 -2.56255 0.52092
0.328 -2.73939 0.683322
0.329 -2.90781 0.83986
0.33 -3.06708 0.990018
0.331 -3.2165 1.13331
0.332 -3.35541 1.26926
0.333 -3.48319 1.39745
0.334 -3.59926 1.51749
0.335 -3.7031 1.62899
0.336 -3.79421 1.73162
0.337 -3.87216 1.82511
0.338 -3.93657 1.90917
0.339 -3.98711 1.98359
0.34 -4.02349 2.04819
0.341 -4.04549 2.10282
0.342 -4.05295 2.14739
0.343 -4.04577 2.18182
0.344 -4.02388 2.20609
0.345 -3.98731 2.22022
0.346 -3.93613 2.22427
0.347 -3.87045 2.21834
0.348 -3.79046 2.20255
0.349 -3.69642 2.1771
0.35 -3.58862 2.14219
0.351 -3.46742 2.09808
0.352 -3.33324 2.04505
0.353 -3.18653 1.98342
0.354 -3.02782 1.91356
0.355 -2.85767 1.83585
0.356 -2.6767 1.75071
0.357 -2.48558 1.65858
0.358 -2.28499 1.55995
0.359 -2.0757 1.45532
0.36 -1.85847 1.3452
0.361 -1.63413 1.23013
0.362 -1.40352 1.11069
0.363 -1.16751 0.987453
0.364 -0.926996 0.861003
0.365 -0.682903 0.731947
0.366 -0.436164 0.600896
0.367 -0.187726 0.46847
0.368 0.0614541 0.335289
0.369 0.310413 0.201976
0.37 0.558185 0.0691533
0.371 0.803811 -0.0625629
0.372 1.04633 -0.192562
0.373 1.28481 -0.320241
0.374 1.5183 -0.445012
0.375 1.7459 -0.566299
0.376 1.96672 -0.683541
0.377 2.17989 -0.796199
0.378 2.38457 -0.903754
0.379 2.57996 -1.00571
0.38 2.76529 -1.10159
0.381 2.93983 -1.19096
0.382 3.10289 -1.2734
0.383 3.25383 -1.34853
0.384 3.39206 -1.41599
0.385 3.51704 -1.47548
0.386 3.62826 -1.5267
0.387 3.72531 -1.56941
0.388 3.8078 -1.6034
0.389 3.8754 -1.6285
0.39 3.92786 -1.64459
0.391 3.96499 -1.65157
0.392 3.98664 -1.64938
0.393 3.99274 -1.63802
0.394 3.98328 -1.61752
0.395 3.95832 -1.58795
0.396 3.91797 -1.54941
0.397 3.86242 -1.50205
0.398 3.79191 -1.44606
0.399 3.70674 -1.38166
0.4 3.60729 -1.30913
0.401 3.49398 -1.22874
0.402 3.36729 -1.14085
0.403 3.22777 -1.04581
0.404 3.076 -0.944017
0.405 2.91264 -0.835904
0.406 2.73838 -0.721926
0.407 2.55397 -0.602564
0.408 2.36018 -0.478324
0.409 2.15785 -0.349735
0.41 1.94783 -0.217346
0.411 1.73103 -0.0817211
0.412 1.50837 0.0565582
0.413 1.2808 0.196899
0.414 1.0493 0.338697
0.415 0.81487 0.481343
0.416 0.578507 0.62422
0.417 0.341234 0.76671
0.418 0.104075 0.908197
0.419 -0.131942 1.04807
0.42 -0.365795 1.18571
0.421 -0.596465 1.32053
0.422 -0.822947 1.45193
0.423 -1.04425 1.57935
0.424 -1.2594 1.70222
0.425 -1.46744 1.82
0.426 -1.66747 1.93217
0.427 -1.85858 2.03824
0.428 -2.03992 2.13773
0.429 -2.21067 2.23021
0.43 -2.37006 2.31527
0.431 -2.51737 2.39251
0.432 -2.6519 2.46159
0.433 -2.77303 2.52221
0.434 -2.88019 2.57407
0.435 -2.97286 2.61695
0.436 -3.05057 2.65064
0.437 -3.11294 2.67497
0.438 -3.15963 2.68984
0.439 -3.19037 2.69516
0.44 -3.20495 2.69089
0.441 -3.20324 2.67704
0.442 -3.18518 2.65366
0.443 -3.15076 2.62083
0.444 -3.10005 2.57868
0.445 -3.03319 2.52739
0.446 -2.95039 2.46716
0.447 -2.85191 2.39826
0.448 -2.7381 2.32097
0.449 -2.60937 2.23563
0.45 -2.46618 2.14259
0.451 -2.30907 2.04226
0.452 -2.13862 1.93509
0.453 -1.9555 1.82152
0.454 -1.7604 1.70207
0.455 -1.55408 1.57726
0.456 -1.33735 1.44763
0.457 -1.11107 1.31377
0.458 -0.876137 1.17627
0.459 -0.633488 1.03574
0.46 -0.384097 0.892813
0.461 -0.128972 0.748139
0.462 0.130853 0.602369
0.463 0.39432 0.456168
0.464 0.66035 0.310202
0.465 0.927849 0.165144
0.466 1.19571 0.0216625
0.467 1.46284 -0.119575
0.468 1.7281 -0.257909
0.469 1.9904 -0.392688
0.47 2.24863 -0.523273
0.471 2.5017 -0.649039
0.472 2.74854 -0.769381
0.473 2.9881 -0.883712
0.474 3.21935 -0.991468
0.475 3.44129 -1.09211
0.476 3.65297 -1.18513
0.477 3.85345 -1.27005
0.478 4.04185 -1.34643
0.479 4.21734 -1.41384
0.48 4.37913 -1.47191
0.481 4.52648 -1.52031
0.482 4.65872 -1.55874
0.483 4.77522 -1.58694
0.484 4.87543 -1.6047
0.485 4.95885 -1.61184
0.486 5.02506 -1.60826
0.487 5.07369 -1.59386
0.488 5.10446 -1.56862
0.489 5.11715 -1.53254
0.49 5.11162 -1.4857
0.491 5.08779 -1.42821
0.492 5.04568 -1.36021
0.493 4.98534 -1.28191
0.494 4.90695 -1.19357
0.495 4.81072 -1.09547
0.496 4.69695 -0.98795
0.497 4.56602 -0.871398
0.498 4.41836 -0.746234
0.499 4.25449 -0.612922
0.5 4.075 -0.471967
0.501 3.88051 -0.323906
0.502 3.67175 -0.169315
0.503 3.44949 -0.00880033
0.504 3.21453 0.157
0.505 2.96778 0.327421
0.506 2.71015 0.501771
0.507 2.44263 0.679337
0.508 2.16624 0.859387
0.509 1.88204 1.04117
0.51 1.59112 1.22392
0.511 1.29462 1.40686
0.512 0.993678 1.58922
0.513 0.689481 1.77019
0.514 0.383216 1.94901
0.515 0.0760888 2.12487
0.516 -0.23069 2.29699
0.517 -0.535908 2.46461
0.518 -0.838351 2.62695
0.519 -1.13682 2.78328
0.52 -1.43012 2.93287
0.521 -1.71707 3.07499
0.522 -1.99653 3.20898
0.523 -2.26737 3.33417
0.524 -2.5285 3.44994
0.525 -2.77885 3.55568
0.526 -3.01742 3.65085
0.527 -3.24323 3.73491
0.528 -3.45536 3.80739
0.529 -3.65293 3.86785
0.53 -3.83514 3.91588
0.531 -4.00122 3.95114
0.532 -4.15049 3.97334
0.533 -4.28232 3.9822
0.534 -4.39616 3.97754
0.535 -4.49153 3.95921
0.536 -4.568 3.9271
0.537 -4.62525 3.88117
0.538 -4.66302 3.82143
0.539 -4.68112 3.74796
0.54 -4.67947 3.66085
0.541 -4.65803 3.5603
0.542 -4.61686 3.44652
0.543 -4.55611 3.31979
0.544 -4.476 3.18046
0.545 -4.37682 3.02889
0.546 -4.25895 2.86553
0.547 -4.12284 2.69086
0.548 -3.96903 2.50541
0.549 -3.79812 2.30975
0.55 -3.61078 2.1045
0.551 -3.40775 1.89032
0.552 -3.18985 1.66792
0.553 -2.95793 1.43802
0.554 -2.71295 1.20139
0.555 -2.45587 0.958836
0.556 -2.18774 0.711182
0.557 -1.90965 0.459277
0.558 -1.62272 0.203996
0.559 -1.32812 -0.0537709
0.56 -1.02706 -0.313118
0.561 -0.720773 -0.57313
0.562 -0.410511 -0.83288
0.563 -0.0975549 -1.09144
0.564 0.216804 -1.34788
0.565 0.531263 -1.60128
0.566 0.844516 -1.85072
0.567 1.15526 -2.09528
0.568 1.46219 -2.33407
0.569 1.76403 -2.56622
0.57 2.05949 -2.79086
0.571 2.34735 -3.00717
0.572 2.62636 -3.21434
0.573 2.89535 -3.41159
0.574 3.15317 -3.59819
0.575 3.39869 -3.77344
0.576 3.63086 -3.93667
0.577 3.84867 -4.08725
0.578 4.05116 -4.22463
0.579 4.23742 -4.34826
0.58 4.40663 -4.45768
0.581 4.558 -4.55245
0.582 4.69086 -4.63221
0.583 4.80455 -4.69664
0.584 4.89854 -4.74548
0.585 4.97235 -4.77852
0.586 5.02558 -4.79564
0.587 5.05792 -4.79674
0.588 5.06915 -4.7818
0.589 5.05912 -4.75086
0.59 5.02776 -4.70402
0.591 4.97511 -4.64144
0.592 4.90127 -4.56334
0.593 4.80645 -4.46999
0.594 4.69092 -4.36174
0.595 4.55505 -4.23898
0.596 4.39929 -4.10215
0.597 4.22417 -3.95177
0.598 4.03029 -3.78839
0.599 3.81835 -3.61262
0.6 3.5891 -3.42511
0.601 3.34337 -3.22658
0.602 3.08207 -3.01775
0.603 2.80616 -2.79942
0.604 2.51666 -2.57242
0.605 2.21465 -2.3376
0.606 1.90128 -2.09585
0.607 1.57773 -1.84809
0.608 1.24522 -1.59525
0.609 0.905026 -1.33832
0.61 0.558443 -1.07826
0.611 0.206802 -0.816061
0.612 -0.148543 -0.552738
0.613 -0.50622 -0.289296
0.614 -0.864845 -0.0267463
0.615 -1.22303 0.233902
0.616 -1.57937 0.491646
0.617 -1.93249 0.745491
0.618 -2.281 0.994457
0.619 -2.62354 1.23758
0.62 -2.95877 1.47393
0.621 -3.28537 1.70257
0.622 -3.60204 1.92263
0.623 -3.90755 2.13325
0.624 -4.20067 2.3336
0.625 -4.48026 2.52291
0.626 -4.74519 2.70043
0.627 -4.99442 2.86547
0.628 -5.22694 3.01737
0.629 -5.44183 3.15555
0.63 -5.63823 3.27945
0.631 -5.81534 3.38859
0.632 -5.97244 3.48252
0.633 -6.10891 3.56086
0.634 -6.22417 3.62331
0.635 -6.31777 3.6696
0.636 -6.3893 3.69955
0.637 -6.43847 3.71301
0.638 -6.46505 3.70992
0.639 -6.46893 3.69027
0.64 -6.45007 3.65413
0.641 -6.40852 3.60162
0.642 -6.34442 3.53292
0.643 -6.25802 3.44829
0.644 -6.14962 3.34803
0.645 -6.01965 3.23251
0.646 -5.86859 3.10218
0.647 -5.69702 2.95751
0.648 -5.50561 2.79905
0.649 -5.2951 2.62739
0.65 -5.0663 2.4432
0.651 -4.82011 2.24715
0.652 -4.55749 2.04001
0.653 -4.27945 1.82254
0.654 -3.9871 1.59559
0.655 -3.68157 1.36002
0.656 -3.36406 1.11672
0.657 -3.03583 0.866627
0.658 -2.69817 0.61069
0.659 -2.3524 0.349889
0.66 -1.99989 0.0852216
0.661 -1.64203 -0.182301
0.662 -1.28022 -0.451655
0.663 -0.915913 -0.72181
0.664 -0.550533 -0.991731
0.665 -0.185529 -1.26039
0.666 0.177655 -1.52674
0.667 0.537582 -1.78979
0.668 0.892827 -2.04851
0.669 1.24198 -2.30192
0.67 1.58366 -2.54905
0.671 1.91652 -2.78896
0.672 2.23923 -3.02072
0.673 2.55051 -3.24345
0.674 2.84914 -3.4563
0.675 3.13393 -3.65846
0.676 3.40375 -3.84916
0.677 3.65753 -4.02767
0.678 3.89428 -4.19331
0.679 4.11304 -4.34546
0.68 4.31297 -4.48354
0.681 4.49327 -4.60703
0.682 4.65324 -4.71547
0.683 4.79224 -4.80844
0.684 4.90974 -4.8856
0.685 5.00527 -4.94667
0.686 5.07847 -4.99143
0.687 5.12907 -5.01972
0.688 5.15687 -5.03144
0.689 5.16178 -5.02656
0.69 5.1438 -5.00512
0.691 5.10302 -4.96721
0.692 5.03963 -4.913
0.693 4.95389 -4.84271
0.694 4.84618 -4.75663
0.695 4.71695 -4.6551
0.696 4.56674 -4.53853
0.697 4.39618 -4.40739
0.698 4.20598 -4.26219
0.699 3.99693 -4.10352
0.7 3.7699 -3.93199
0.701 3.52582 -3.74828
0.702 3.26572 -3.55311
0.703 2.99066 -3.34724
0.704 2.70179 -3.13148
0.705 2.4003 -2.90667
0.706 2.08743 -2.67369
0.707 1.76448 -2.43343
0.708 1.43279 -2.18682
0.709 1.09372 -1.93483
0.71 0.748682 -1.67842
0.711 0.399103 -1.41858
0.712 0.0464292 -1.1563
0.713 -0.307877 -0.892599
0.714 -0.662348 -0.628473
0.715 -1.01551 -0.364932
0.716 -1.3659 -0.102977
0.717 -1.71206 0.156401
0.718 -2.05255 0.412223
0.719 -2.38595 0.663526
0.72 -2.71086 0.909371
0.721 -3.02594 1.14884
0.722 -3.32987 1.38105
0.723 -3.62135 1.60514
0.724 -3.89919 1.82028
0.725 -4.16219 2.02571
0.726 -4.40925 2.22067
0.727 -4.63933 2.40448
0.728 -4.85144 2.57647
0.729 -5.04467 2.73606
0.73 -5.21819 2.88269
0.731 -5.37126 3.01588
0.732 -5.50319 3.13518
0.733 -5.61341 3.24021
0.734 -5.70142 3.33067
0.735 -5.7668 3.40628
0.736 -5.80925 3.46685
0.737 -5.82854 3.51224
0.738 -5.82454 3.54239
0.739 -5.79721 3.55728
0.74 -5.74662 3.55696
0.741 -5.67291 3.54155
0.742 -5.57634 3.51123
0.743 -5.45724 3.46623
0.744 -5.31605 3.40686
0.745 -5.15329 3.33346
0.746 -4.96957 3.24646
0.747 -4.76558 3.14632
0.748 -4.5421 3.03356
0.749 -4.29999 2.90876
0.75 -4.04019 2.77254
0.751 -3.76369 2.62557
0.752 -3.47158 2.46856
0.753 -3.16499 2.30227
0.754 -2.84512 2.12747
0.755 -2.51323 1.94499
0.756 -2.17061 1.7557
0.757 -1.81862 1.56045
0.758 -1.45864 1.36016
0.759 -1.09209 1.15575
0.76 -0.720424 0.948159
0.761 -0.345102 0.738329
0.762 0.0323874 0.52722
0.763 0.410549 0.315791
0.764 0.787884 0.105001
0.765 1.1629 -0.104195
0.766 1.5341 -0.310851
0.767 1.90001 -0.514032
0.768 2.25919 -0.712822
0.769 2.61021 -0.906322
0.77 2.95166 -1.09366
0.771 3.2822 -1.27399
0.772 3.60051 -1.44649
0.773 3.90532 -1.61038
0.774 4.19543 -1.76493
0.775 4.46969 -1.90942
0.776 4.72699 -2.04321
0.777 4.96633 -2.16567
0.778 5.18676 -2.27624
0.779 5.38741 -2.37441
0.78 5.56747 -2.45973
0.781 5.72625 -2.53178
0.782 5.86313 -2.59022
0.783 5.97755 -2.63477
0.784 6.06909 -2.6652
0.785 6.1374 -2.68133
0.786 6.1822 -2.68307
0.787 6.20336 -2.67036
0.788 6.20079 -2.64323
0.789 6.17452 -2.60176
0.79 6.1247 -2.54609
0.791 6.05153 -2.47641
0.792 5.95534 -2.39301
0.793 5.83654 -2.29619
0.794 5.69563 -2.18633
0.795 5.53321 -2.06388
0.796 5.34996 -1.92933
0.797 5.14663 -1.78321
0.798 4.9241 -1.62613
0.799 4.68327 -1.45872
0.8 4.42515 -1.28168
0.801 4.15082 -1.09573
0.802 3.86142 -0.901636
0.803 3.55814 -0.70021
0.804 3.24224 -0.492287
0.805 2.91504 -0.278734
0.806 2.5779 -0.0604433
0.807 2.2322 0.16167
0.808 1.87939 0.386672
0.809 1.52093 0.613618
0.81 1.1583 0.841549
0.811 0.793011 1.0695
0.812 0.426581 1.29651
0.813 0.0605302 1.52161
0.814 -0.303621 1.74384
0.815 -0.664357 1.96226
0.816 -1.02018 2.17593
0.817 -1.3696 2.38393
0.818 -1.71118 2.58537
0.819 -2.04347 2.77937
0.82 -2.3651 2.9651
0.821 -2.67473 3.14175
0.822 -2.97104 3.30854
0.823 -3.25281 3.46475
0.824 -3.51884 3.60968
0.825 -3.76803 3.74269
0.826 -3.99931 3.86318
0.827 -4.21171 3.9706
0.828 -4.40433 4.06447
0.829 -4.57635 4.14434
0.83 -4.72702 4.20984
0.831 -4.8557 4.26064
0.832 -4.96183 4.29648
0.833 -5.04494 4.31717
0.834 -5.10465 4.32256
0.835 -5.14069 4.31259
0.836 -5.15288 4.28725
0.837 -5.14113 4.24658
0.838 -5.10546 4.19071
0.839 -5.04599 4.11982
0.84 -4.96291 4.03415
0.841 -4.85655 3.93401
0.842 -4.72731 3.81977
0.843 -4.57568 3.69185
0.844 -4.40227 3.55074
0.845 -4.20774 3.39698
0.846 -3.99287 3.23116
0.847 -3.75852 3.05393
0.848 -3.50563 2.86598
0.849 -3.23519 2.66805
0.85 -2.94831 2.46093
0.851 -2.64613 2.24545
0.852 -2.32988 2.02245
0.853 -2.00084 1.79285
0.854 -1.66034 1.55755
0.855 -1.30976 1.31751
0.856 -0.950537 1.0737
0.857 -0.584127 0.827117
0.858 -0.21203 0.578758
0.859 0.164234 0.329638
0.86 0.543121 0.0807776
0.861 0.923077 -0.166801
0.862 1.30254 -0.41208
0.863 1.67995 -0.654046
0.864 2.05374 -0.891697
0.865 2.42237 -1.12405
0.866 2.78432 -1.35013
0.867 3.13808 -1.569
0.868 3.48218 -1.77974
0.869 3.81518 -1.98147
0.87 4.1357 -2.17333
0.871 4.44238 -2.35451
0.872 4.73394 -2.52423
0.873 5.00913 -2.68178
0.874 5.26681 -2.82647
0.875 5.50586 -2.95768
0.876 5.72526 -3.07483
0.877 5.92407 -3.1774
0.878 6.10141 -3.26493
0.879 6.25651 -3.33703
0.88 6.38867 -3.39335
0.881 6.49729 -3.43363
0.882 6.58187 -3.45765
0.883 6.642 -3.46527
0.884 6.67735 -3.45642
0.885 6.68772 -3.43109
0.886 6.673 -3.38934
0.887 6.63317 -3.3313
0.888 6.56832 -3.25715
0.889 6.47863 -3.16717
0.89 6.36441 -3.06167
0.891 6.22603 -2.94105
0.892 6.06399 -2.80577
0.893 5.87886 -2.65633
0.894 5.67133 -2.49331
0.895 5.44215 -2.31735
0.896 5.19219 -2.12913
0.897 4.92237 -1.92939
0.898 4.63373 -1.71892
0.899 4.32736 -1.49856
0.9 4.00443 -1.26919
0.901 3.66617 -1.03172
0.902 3.31389 -0.787113
0.903 2.94895 -0.536352
0.904 2.57275 -0.280455
0.905 2.18676 -0.0204625
0.906 1.79248 0.242565
0.907 1.39142 0.50755
0.908 0.985174 0.773403
0.909 0.575309 1.03903
0.91 0.163431 1.30332
0.911 -0.248848 1.56519
0.912 -0.659915 1.82354
0.913 -1.06816 2.07729
0.914 -1.47197 2.32536
0.915 -1.86978 2.56671
0.916 -2.26 2.80031
0.917 -2.64112 3.02516
0.918 -3.01163 3.24029
0.919 -3.37007 3.44476
0.92 -3.71503 3.63769
0.921 -4.04515 3.81822
0.922 -4.35913 3.98555
0.923 -4.65573 4.13891
0.924 -4.93379 4.2776
0.925 -5.19222 4.40098
0.926 -5.42998 4.50846
0.927 -5.64615 4.5995
0.928 -5.83988 4.67364
0.929 -6.0104 4.73047
0.93 -6.15705 4.76967
0.931 -6.27925 4.79097
0.932 -6.37654 4.79417
0.933 -6.44853 4.77914
0.934 -6.49494 4.74583
0.935 -6.51561 4.69425
0.936 -6.51046 4.6245
0.937 -6.47954 4.53673
0.938 -6.42296 4.43118
0.939 -6.34099 4.30814
0.94 -6.23394 4.16798
0.941 -6.10228 4.01114
0.942 -5.94654 3.83813
0.943 -5.76736 3.64952
0.944 -5.56547 3.44593
0.945 -5.3417 3.22806
0.946 -5.09695 2.99665
0.947 -4.83223 2.75251
0.948 -4.54862 2.4965
0.949 -4.24726 2.22951
0.95 -3.92938 1.9525
0.951 -3.59629 1.66646
0.952 -3.24932 1.3724
0.953 -2.8899 1.0714
0.954 -2.51949 0.764532
0.955 -2.13959 0.452924
0.956 -1.75174 0.137709
0.957 -1.35754 -0.179963
0.958 -0.958579 -0.498927
0.959 -0.556487 -0.81801
0.96 -0.152903 -1.13604
0.961 0.250528 -1.45184
0.962 0.65216 -1.76425
0.963 1.05035 -2.07211
0.964 1.44348 -2.37428
0.965 1.82993 -2.66964
0.966 2.20813 -2.95709
0.967 2.57653 -3.23557
0.968 2.93361 -3.50404
0.969 3.27791 -3.7615
0.97 3.60802 -4.007
0.971 3.92257 -4.23962
0.972 4.22026 -4.4585
0.973 4.49987 -4.66283
0.974 4.76024 -4.85184
0.975 5.00029 -5.02484
0.976 5.219 -5.18119
0.977 5.41548 -5.32031
0.978 5.58888 -5.44169
0.979 5.73849 -5.54488
0.98 5.86364 -5.62952
0.981 5.96381 -5.69529
0.982 6.03855 -5.74196
0.983 6.08752 -5.76938
0.984 6.11049 -5.77747
0.985 6.10731 -5.7662
0.986 6.07797 -5.73565
0.987 6.02254 -5.68594
0.988 5.9412 -5.6173
0.989 5.83424 -5.52999
0.99 5.70204 -5.42438
0.991 5.5451 -5.30089
0.992 5.36401 -5.16002
0.993 5.15945 -5.00231
0.994 4.93221 -4.8284
0.995 4.68316 -4.63897
0.996 4.41325 -4.43476
0.997 4.12355 -4.21659
0.998 3.81516 -3.98529
0.999 3.4893 -3.74178
1 3.14723 -3.487
