0.001 3.35204e-008 2.39534e-009
0.002 3.05909e-007 1.92435e-008
0.003 1.44514e-006 7.98961e-008
0.004 4.79551e-006 2.34633e-007
0.005 1.27087e-005 5.57139e-007
0.006 2.88246e-005 1.14866e-006
0.007 5.83407e-005 2.14431e-006
0.008 0.000108265 3.7219e-006
0.009 0.000187652 6.11374e-006
0.01 0.00030782 9.62174e-006
0.011 0.000482548 1.46361e-005
0.012 0.000728243 2.16579e-005
0.013 0.00106409 3.1326e-005
0.014 0.00151216 4.44478e-005
0.015 0.00209752 6.20349e-005
0.016 0.00284828 8.53429e-005
0.017 0.00379562 0.000115916
0.018 0.00497378 0.000155636
0.019 0.00642006 0.000206776
0.02 0.00817469 0.000272056
0.021 0.0102808 0.000354708
0.022 0.0127842 0.000458536
0.023 0.0157334 0.000587991
0.024 0.0191791 0.000748237
0.025 0.0231742 0.000945226
0.026 0.0277736 0.00118578
0.027 0.0330335 0.00147765
0.028 0.0390115 0.00182963
0.029 0.0457663 0.00225158
0.03 0.0533568 0.00275458
0.031 0.0618424 0.00335092
0.032 0.071282 0.00405423
0.033 0.0817338 0.00487956
0.034 0.0932549 0.00584339
0.035 0.105901 0.00696375
0.036 0.119725 0.00826026
0.037 0.134779 0.00975416
0.038 0.15111 0.0114684
0.039 0.168762 0.0134276
0.04 0.187776 0.0156581
0.041 0.208187 0.0181881
0.042 0.230028 0.0210476
0.043 0.253322 0.0242682
0.044 0.27809 0.0278833
0.045 0.304346 0.0319282
0.046 0.332095 0.0364396
0.047 0.361339 0.0414559
0.048 0.392068 0.0470173
0.049 0.424269 0.0531652
0.05 0.457917 0.0599423
0.051 0.49298 0.0673929
0.052 0.52942 0.0755621
0.053 0.567187 0.0844961
0.054 0.606223 0.094242
0.055 0.646464 0.104847
0.056 0.687832 0.11636
0.057 0.730246 0.128829
0.058 0.77361 0.142302
0.059 0.817826 0.156828
0.06 0.862781 0.172454
0.061 0.908359 0.189226
0.062 0.954432 0.207192
0.063 1.00087 0.226395
0.064 1.04752 0.246878
0.065 1.09425 0.268684
0.066 1.14089 0.29185
0.067 1.1873 0.316413
0.068 1.23329 0.342407
0.069 1.2787 0.369862
0.07 1.32335 0.398806
0.071 1.36707 0.42926
0.072 1.40967 0.461245
0.073 1.45098 0.494774
0.074 1.4908 0.529858
0.075 1.52895 0.5665
0.076 1.56525 0.604701
0.077 1.59952 0.644453
0.078 1.63156 0.685744
0.079 1.66122 0.728555
0.08 1.68831 0.772862
0.081 1.71266 0.818631
0.082 1.73412 0.865825
0.083 1.75252 0.914396
0.084 1.76772 0.964292
0.085 1.77958 1.01545
0.086 1.78797 1.06781
0.087 1.79278 1.12128
0.088 1.79388 1.17579
0.089 1.79119 1.23125
0.09 1.78462 1.28755
0.091 1.7741 1.34459
0.092 1.75957 1.40225
0.093 1.741 1.46042
0.094 1.71835 1.51896
0.095 1.69162 1.57773
0.096 1.66081 1.6366
0.097 1.62594 1.69542
0.098 1.58705 1.75402
0.099 1.5442 1.81225
0.1 1.49746 1.86993
0.101 1.44691 1.9269
0.102 1.39267 1.98298
0.103 1.33486 2.03798
0.104 1.27362 2.09172
0.105 1.20911 2.14401
0.106 1.1415 2.19466
0.107 1.07099 2.24347
0.108 0.997786 2.29025
0.109 0.922103 2.3348
0.11 0.84418 2.37693
0.111 0.764268 2.41644
0.112 0.682629 2.45314
0.113 0.599538 2.48683
0.114 0.515283 2.51733
0.115 0.430158 2.54446
0.116 0.34447 2.56802
0.117 0.258532 2.58785
0.118 0.172665 2.60378
0.119 0.0871942 2.61564
0.12 0.00245053 2.62329
0.121 -0.0812329 2.62657
0.122 -0.163521 2.62535
0.123 -0.24408 2.6195
0.124 -0.322574 2.60891
0.125 -0.398672 2.59346
0.126 -0.472048 2.57308
0.127 -0.54238 2.54768
0.128 -0.609353 2.5172
0.129 -0.67266 2.48157
0.13 -0.732006 2.44078
0.131 -0.787106 2.39479
0.132 -0.837687 2.34359
0.133 -0.883491 2.28721
0.134 -0.924275 2.22566
0.135 -0.959814 2.159
0.136 -0.989899 2.08727
0.137 -1.01434 2.01055
0.138 -1.03297 1.92896
0.139 -1.04565 1.84258
0.14 -1.05224 1.75157
0.141 -1.05264 1.65605
0.142 -1.04678 1.55621
0.143 -1.03461 1.45221
0.144 -1.01609 1.34427
0.145 -0.99122 1.23259
0.146 -0.960031 1.11741
0.147 -0.92257 0.998983
0.148 -0.878915 0.877563
0.149 -0.82917 0.753432
0.15 -0.773467 0.626882
0.151 -0.711962 0.498219
0.152 -0.644841 0.36776
0.153 -0.572313 0.235835
0.154 -0.494616 0.102784
0.155 -0.412009 -0.0310412
0.156 -0.324779 -0.165283
0.157 -0.233233 -0.299575
0.158 -0.137705 -0.433543
0.159 -0.0385455 -0.56681
0.16 0.063871 -0.698992
0.161 0.169152 -0.829704
0.162 0.276888 -0.958559
0.163 0.386653 -1.08517
0.164 0.498004 -1.20915
0.165 0.610488 -1.33012
0.166 0.723638 -1.44769
0.167 0.83698 -1.56149
0.168 0.950029 -1.67116
0.169 1.0623 -1.77632
0.17 1.17329 -1.87664
0.171 1.28251 -1.97177
0.172 1.38946 -2.06139
0.173 1.49365 -2.14517
0.174 1.59458 -2.22282
0.175 1.69179 -2.29406
0.176 1.78478 -2.35862
0.177 1.87309 -2.41625
0.178 1.95627 -2.46672
0.179 2.03388 -2.50983
0.18 2.1055 -2.54539
0.181 2.17072 -2.57324
0.182 2.22915 -2.59323
0.183 2.28044 -2.60525
0.184 2.32424 -2.60922
0.185 2.36024 -2.60506
0.186 2.38814 -2.59274
0.187 2.4077 -2.57225
0.188 2.41868 -2.54361
0.189 2.42088 -2.50685
0.19 2.41414 -2.46206
0.191 2.39832 -2.40932
0.192 2.37332 -2.34877
0.193 2.33908 -2.28057
0.194 2.29557 -2.20488
0.195 2.2428 -2.12194
0.196 2.18082 -2.03196
0.197 2.10969 -1.93523
0.198 2.02955 -1.83201
0.199 1.94055 -1.72263
0.2 1.84287 -1.60743
0.201 1.73676 -1.48677
0.202 1.62246 -1.36103
0.203 1.50028 -1.23061
0.204 1.37055 -1.09594
0.205 1.23364 -0.957469
0.206 1.08994 -0.81565
0.207 0.939899 -0.670962
0.208 0.783958 -0.523896
0.209 0.622611 -0.374955
0.21 0.45637 -0.224653
0.211 0.285775 -0.0735144
0.212 0.111385 0.0779293
0.213 -0.0662171 0.229141
0.214 -0.246431 0.379579
0.215 -0.42864 0.528701
0.216 -0.612214 0.675964
0.217 -0.79651 0.820825
0.218 -0.980876 0.962748
0.219 -1.16465 1.1012
0.22 -1.34718 1.23566
0.221 -1.52779 1.36561
0.222 -1.70582 1.49054
0.223 -1.88061 1.60998
0.224 -2.05151 1.72343
0.225 -2.21787 1.83046
0.226 -2.37906 1.93061
0.227 -2.53447 2.02347
0.228 -2.68348 2.10865
0.229 -2.82551 2.18577
0.23 -2.96002 2.25449
0.231 -3.08645 2.31449
0.232 -3.20429 2.36548
0.233 -3.31308 2.4072
0.234 -3.41235 2.43941
0.235 -3.50168 2.46192
0.236 -3.5807 2.47456
0.237 -3.64906 2.47719
0.238 -3.70645 2.46973
0.239 -3.7526 2.45211
0.24 -3.78729 2.4243
0.241 -3.81033 2.3863
0.242 -3.82158 2.33816
0.243 -3.82094 2.27996
0.244 -3.80836 2.21182
0.245 -3.78383 2.13388
0.246 -3.7474 2.04633
0.247 -3.69915 1.9494
0.248 -3.63921 1.84334
0.249 -3.56776 1.72845
0.25 -3.48503 1.60503
0.251 -3.39127 1.47346
0.252 -3.28681 1.33411
0.253 -3.172 1.1874
0.254 -3.04724 1.03378
0.255 -2.91296 0.873711
0.256 -2.76965 0.707695
0.257 -2.61781 0.536251
0.258 -2.45801 0.359922
0.259 -2.29082 0.179268
0.26 -2.11687 -0.00512936
0.261 -1.93679 -0.192674
0.262 -1.75128 -0.382755
0.263 -1.56101 -0.57475
0.264 -1.36671 -0.768027
0.265 -1.16913 -0.961945
0.266 -0.969022 -1.15586
0.267 -0.767151 -1.34912
0.268 -0.564298 -1.54108
0.269 -0.361254 -1.7311
0.27 -0.158809 -1.91852
0.271 0.0422418 -2.10272
0.272 0.241107 -2.28306
0.273 0.437001 -2.45893
0.274 0.629144 -2.62973
0.275 0.81677 -2.79487
0.276 0.999126 -2.95377
0.277 1.17548 -3.10589
0.278 1.34511 -3.25071
0.279 1.50733 -3.38771
0.28 1.66147 -3.51642
0.281 1.80691 -3.63639
0.282 1.94303 -3.7472
0.283 2.06927 -3.84846
0.284 2.1851 -3.93982
0.285 2.29003 -4.02094
0.286 2.38359 -4.09156
0.287 2.46539 -4.1514
0.288 2.53507 -4.20027
0.289 2.59231 -4.23798
0.29 2.63684 -4.26441
0.291 2.66844 -4.27945
0.292 2.68696 -4.28305
0.293 2.69227 -4.27519
0.294 2.68432 -4.25591
0.295 2.66309 -4.22525
0.296 2.62864 -4.18334
0.297 2.58106 -4.13032
0.298 2.5205 -4.06637
0.299 2.44716 -3.99172
0.3 2.36131 -3.90662
0.301 2.26325 -3.81139
0.302 2.15334 -3.70636
0.303 2.032 -3.59189
0.304 1.89966 -3.46839
0.305 1.75685 -3.33631
0.306 1.60409 -3.1961
0.307 1.44199 -3.04826
0.308 1.27118 -2.89331
0.309 1.09231 -2.73181
0.31 0.906102 -2.56433
0.311 0.713278 -2.39145
0.312 0.514608 -2.21378
0.313 0.310884 -2.03196
0.314 0.102922 -1.84662
0.315 -0.108442 -1.65841
0.316 -0.322354 -1.468
0.317 -0.537945 -1.27606
0.318 -0.754338 -1.08325
0.319 -0.970647 -0.890242
0.32 -1.18598 -0.697718
0.321 -1.39946 -0.506342
0.322 -1.61019 -0.316776
0.323 -1.81729 -0.129672
0.324 -2.0199 0.0543259
0.325 -2.21717 0.234591
0.326 -2.40827 0.410511
0.327 -2.59237 0.581492
0.328 -2.76869 0.746962
0.329 -2.93647 0.90637
0.33 -3.09498 1.05919
0.331 -3.24353 1.20493
0.332 -3.38146 1.34311
0.333 -3.50816 1.4733
0.334 -3.62303 1.5951
0.335 -3.72557 1.70813
0.336 -3.81528 1.81205
0.337 -3.89173 1.90656
0.338 -3.95455 1.99141
0.339 -4.0034 2.06637
0.34 -4.03801 2.13126
0.341 -4.05816 2.18592
0.342 -4.06371 2.23027
0.343 -4.05453 2.26424
0.344 -4.0306 2.28781
0.345 -3.99193 2.301
0.346 -3.93859 2.30387
0.347 -3.87072 2.29652
0.348 -3.78852 2.27911
0.349 -3.69223 2.25181
0.35 -3.58216 2.21485
0.351 -3.45869 2.16848
0.352 -3.32222 2.113
0.353 -3.17324 2.04875
0.354 -3.01227 1.9761
0.355 -2.83988 1.89544
0.356 -2.65671 1.80721
0.357 -2.46342 1.71186
0.358 -2.26071 1.60988
0.359 -2.04935 1.50179
0.36 -1.83011 1.38813
0.361 -1.60383 1.26944
0.362 -1.37136 1.14631
0.363 -1.13357 1.01933
0.364 -0.891367 0.889105
0.365 -0.645682 0.756251
0.366 -0.397452 0.621394
0.367 -0.147632 0.485169
0.368 0.102817 0.34821
0.369 0.352926 0.211155
0.37 0.601726 0.0746383
0.371 0.848252 -0.0607086
0.372 1.09154 -0.194262
0.373 1.33066 -0.325407
0.374 1.56465 -0.453542
0.375 1.79261 -0.578079
0.376 2.01365 -0.698447
0.377 2.2269 -0.814095
0.378 2.43152 -0.924493
0.379 2.62671 -1.02913
0.38 2.8117 -1.12754
0.381 2.98576 -1.21926
0.382 3.14821 -1.30387
0.383 3.2984 -1.38098
0.384 3.43575 -1.45023
0.385 3.55971 -1.51131
0.386 3.6698 -1.56391
0.387 3.7656 -1.60781
0.388 3.84671 -1.64277
0.389 3.91284 -1.66864
0.39 3.96372 -1.68528
0.391 3.99917 -1.6926
0.392 4.01905 -1.69055
0.393 4.0233 -1.67912
0.394 4.01192 -1.65834
0.395 3.98497 -1.62828
0.396 3.94258 -1.58906
0.397 3.88493 -1.54084
0.398 3.81228 -1.48379
0.399 3.72494 -1.41816
0.4 3.6233 -1.34422
0.401 3.50778 -1.26227
0.402 3.37888 -1.17265
0.403 3.23715 -1.07574
0.404 3.0832 -0.971944
0.405 2.91767 -0.861701
0.406 2.74128 -0.745477
0.407 2.55478 -0.623767
0.408 2.35896 -0.497088
0.409 2.15465 -0.36598
0.41 1.94274 -0.231004
0.411 1.72411 -0.0927376
0.412 1.49971 0.0482255
0.413 1.2705 0.19128
0.414 1.03746 0.335809
0.415 0.801593 0.481189
0.416 0.563913 0.626793
0.417 0.325444 0.771989
0.418 0.0872162 0.91615
0.419 -0.149738 1.05865
0.42 -0.384391 1.19886
0.421 -0.615721 1.33619
0.422 -0.842719 1.47001
0.423 -1.06439 1.59976
0.424 -1.27976 1.72487
0.425 -1.48788 1.84477
0.426 -1.68782 1.95895
0.427 -1.8787 2.06691
0.428 -2.05966 2.16815
0.429 -2.22988 2.26224
0.43 -2.3886 2.34875
0.431 -2.53508 2.42731
0.432 -2.66865 2.49754
0.433 -2.78868 2.55914
0.434 -2.89461 2.61183
0.435 -2.98592 2.65537
0.436 -3.06216 2.68955
0.437 -3.12293 2.71421
0.438 -3.16791 2.72923
0.439 -3.19685 2.73454
0.44 -3.20954 2.73009
0.441 -3.20585 2.7159
0.442 -3.18573 2.69201
0.443 -3.14919 2.65853
0.444 -3.09631 2.61557
0.445 -3.02723 2.56333
0.446 -2.94217 2.50201
0.447 -2.84141 2.43189
0.448 -2.72531 2.35326
0.449 -2.59428 2.26645
0.45 -2.4488 2.17185
0.451 -2.28942 2.06987
0.452 -2.11673 1.96094
0.453 -1.93141 1.84555
0.454 -1.73416 1.72421
0.455 -1.52576 1.59745
0.456 -1.30703 1.46584
0.457 -1.07883 1.32996
0.458 -0.84207 1.19042
0.459 -0.5977 1.04784
0.46 -0.346704 0.902875
0.461 -0.0900979 0.756172
0.462 0.171076 0.608402
0.463 0.43575 0.460238
0.464 0.702839 0.31236
0.465 0.971243 0.165451
0.466 1.23985 0.0201906
0.467 1.50754 -0.122744
0.468 1.77321 -0.262681
0.469 2.03573 -0.398962
0.47 2.294 -0.530936
0.471 2.54693 -0.657973
0.472 2.79345 -0.779458
0.473 3.03249 -0.894796
0.474 3.26304 -1.00342
0.475 3.48409 -1.10478
0.476 3.69469 -1.19837
0.477 3.8939 -1.2837
0.478 4.08086 -1.36032
0.479 4.25473 -1.42782
0.48 4.41472 -1.48582
0.481 4.56011 -1.53397
0.482 4.69022 -1.57199
0.483 4.80443 -1.59962
0.484 4.90221 -1.61664
0.485 4.98306 -1.6229
0.486 5.04656 -1.61826
0.487 5.09236 -1.60266
0.488 5.12019 -1.57607
0.489 5.12984 -1.5385
0.49 5.12118 -1.49004
0.491 5.09414 -1.4308
0.492 5.04874 -1.36094
0.493 4.98508 -1.28067
0.494 4.90331 -1.19026
0.495 4.80368 -1.09001
0.496 4.68651 -0.980263
0.497 4.55216 -0.86142
0.498 4.40111 -0.733916
0.499 4.23388 -0.598226
0.5 4.05105 -0.454869
0.501 3.8533 -0.304395
0.502 3.64134 -0.147395
0.503 3.41596 0.0155102
0.504 3.17799 0.183669
0.505 2.92832 0.356402
0.506 2.66791 0.533004
0.507 2.39774 0.712746
0.508 2.11885 0.894881
0.509 1.8323 1.07864
0.51 1.53921 1.26326
0.511 1.24072 1.44793
0.512 0.937975 1.63188
0.513 0.632175 1.81428
0.514 0.324515 1.99435
0.515 0.0162061 2.17129
0.516 -0.291533 2.3443
0.517 -0.597483 2.5126
0.518 -0.900427 2.67542
0.519 -1.19916 2.832
0.52 -1.49248 2.9816
0.521 -1.77923 3.12351
0.522 -2.05823 3.25703
0.523 -2.32838 3.38152
0.524 -2.58857 3.49632
0.525 -2.83775 3.60085
0.526 -3.07491 3.69455
0.527 -3.29908 3.77688
0.528 -3.50934 3.84738
0.529 -3.70483 3.90559
0.53 -3.88474 3.95113
0.531 -4.04832 3.98364
0.532 -4.1949 4.00284
0.533 -4.32385 4.00848
0.534 -4.43464 4.00036
0.535 -4.52678 3.97834
0.536 -4.59989 3.94233
0.537 -4.65364 3.8923
0.538 -4.68778 3.82827
0.539 -4.70215 3.75032
0.54 -4.69666 3.65857
0.541 -4.67132 3.55322
0.542 -4.62618 3.43452
0.543 -4.56142 3.30274
0.544 -4.47727 3.15825
0.545 -4.37404 3.00145
0.546 -4.25213 2.83278
0.547 -4.112 2.65275
0.548 -3.95422 2.46191
0.549 -3.77938 2.26086
0.55 -3.5882 2.05023
0.551 -3.38143 1.8307
0.552 -3.15989 1.60299
0.553 -2.92447 1.36786
0.554 -2.67612 1.12609
0.555 -2.41584 0.878514
0.556 -2.14468 0.625968
0.557 -1.86376 0.369327
0.558 -1.5742 0.109483
0.559 -1.27719 -0.152653
0.56 -0.973951 -0.416157
0.561 -0.665726 -0.680093
0.562 -0.353782 -0.943519
0.563 -0.0394084 -1.20549
0.564 0.276094 -1.46506
0.565 0.591415 -1.72128
0.566 0.905241 -1.97323
0.567 1.21626 -2.21998
0.568 1.52318 -2.46062
0.569 1.82469 -2.69427
0.57 2.11953 -2.92005
0.571 2.40645 -3.13713
0.572 2.68423 -3.34469
0.573 2.95168 -3.54195
0.574 3.20765 -3.72817
0.575 3.45103 -3.90264
0.576 3.68077 -4.0647
0.577 3.89586 -4.21373
0.578 4.09535 -4.34915
0.579 4.27835 -4.47044
0.58 4.44403 -4.57713
0.581 4.59164 -4.66879
0.582 4.72049 -4.74506
0.583 4.82996 -4.80563
0.584 4.91951 -4.85026
0.585 4.98869 -4.87875
0.586 5.03712 -4.89097
0.587 5.06451 -4.88686
0.588 5.07064 -4.86641
0.589 5.05538 -4.82968
0.59 5.0187 -4.77677
0.591 4.96065 -4.70787
0.592 4.88134 -4.62323
0.593 4.78101 -4.52313
0.594 4.65996 -4.40793
0.595 4.51856 -4.27807
0.596 4.3573 -4.134
0.597 4.17673 -3.97626
0.598 3.97746 -3.80543
0.599 3.76022 -3.62214
0.6 3.52579 -3.42708
0.601 3.27501 -3.22098
0.602 3.0088 -3.00461
0.603 2.72816 -2.77877
0.604 2.43413 -2.54433
0.605 2.1278 -2.30216
0.606 1.81034 -2.05319
0.607 1.48295 -1.79835
0.608 1.14687 -1.53862
0.609 0.803382 -1.27498
0.61 0.453806 -1.00845
0.611 0.0994849 -0.740025
0.612 -0.258215 -0.470748
0.613 -0.61791 -0.201646
0.614 -0.978205 0.0662457
0.615 -1.3377 0.331899
0.616 -1.69499 0.59429
0.617 -2.04869 0.852407
0.618 -2.3974 1.10525
0.619 -2.73976 1.35185
0.62 -3.07443 1.59124
0.621 -3.40007 1.8225
0.622 -3.71542 2.04473
0.623 -4.01921 2.25706
0.624 -4.31025 2.45865
0.625 -4.58737 2.64874
0.626 -4.84948 2.82656
0.627 -5.09552 2.99142
0.628 -5.32451 3.14267
0.629 -5.53553 3.27971
0.63 -5.72774 3.402
0.631 -5.90034 3.50905
0.632 -6.05265 3.60043
0.633 -6.18403 3.67576
0.634 -6.29396 3.73475
0.635 -6.38196 3.77715
0.636 -6.44769 3.80276
0.637 -6.49084 3.81149
0.638 -6.51123 3.80327
0.639 -6.50875 3.77811
0.64 -6.48339 3.73611
0.641 -6.43523 3.67739
0.642 -6.36444 3.60217
0.643 -6.27127 3.51071
0.644 -6.15607 3.40337
0.645 -6.01928 3.28052
0.646 -5.86141 3.14263
0.647 -5.68307 2.99022
0.648 -5.48495 2.82385
0.649 -5.26782 2.64415
0.65 -5.03251 2.45181
0.651 -4.77994 2.24753
0.652 -4.5111 2.03211
0.653 -4.22703 1.80636
0.654 -3.92886 1.57113
0.655 -3.61773 1.32732
0.656 -3.29489 1.07586
0.657 -2.96159 0.817712
0.658 -2.61915 0.553852
0.659 -2.26891 0.285291
0.66 -1.91226 0.0130544
0.661 -1.5506 -0.261817
0.662 -1.18536 -0.538273
0.663 -0.817984 -0.815256
0.664 -0.449922 -1.09171
0.665 -0.0826303 -1.36657
0.666 0.282438 -1.63878
0.667 0.643837 -1.90732
0.668 1.00014 -2.17114
0.669 1.34993 -2.42924
0.67 1.69182 -2.68064
0.671 2.02446 -2.92436
0.672 2.34654 -3.15948
0.673 2.65676 -3.38511
0.674 2.95392 -3.60037
0.675 3.23682 -3.80445
0.676 3.50435 -3.99656
0.677 3.75545 -4.17599
0.678 3.98913 -4.34204
0.679 4.20446 -4.49408
0.68 4.40059 -4.63154
0.681 4.57676 -4.75391
0.682 4.73226 -4.8607
0.683 4.86649 -4.95154
0.684 4.97893 -5.02608
0.685 5.06914 -5.08404
0.686 5.13678 -5.12521
0.687 5.18158 -5.14944
0.688 5.20339 -5.15667
0.689 5.20214 -5.14686
0.69 5.17785 -5.12008
0.691 5.13064 -5.07644
0.692 5.06072 -5.01612
0.693 4.96838 -4.93936
0.694 4.85403 -4.84649
0.695 4.71814 -4.73786
0.696 4.56129 -4.61391
0.697 4.38413 -4.47514
0.698 4.18739 -4.32209
0.699 3.97191 -4.15535
0.7 3.73856 -3.97559
0.701 3.48833 -3.78352
0.702 3.22224 -3.57987
0.703 2.9414 -3.36544
0.704 2.64697 -3.14107
0.705 2.34016 -2.90763
0.706 2.02226 -2.66602
0.707 1.69457 -2.41718
0.708 1.35845 -2.16206
0.709 1.01529 -1.90165
0.71 0.666519 -1.63695
0.711 0.313571 -1.36898
0.712 -0.0420864 -1.09876
0.713 -0.398978 -0.827317
0.714 -0.755624 -0.555692
0.715 -1.11054 -0.284914
0.716 -1.46226 -0.0160074
0.717 -1.8093 0.250013
0.718 -2.15024 0.512147
0.719 -2.48364 0.769412
0.72 -2.80811 1.02085
0.721 -3.1223 1.26553
0.722 -3.42488 1.50254
0.723 -3.71459 1.73102
0.724 -3.99021 1.95013
0.725 -4.25058 2.15908
0.726 -4.49459 2.35712
0.727 -4.7212 2.54354
0.728 -4.92945 2.7177
0.729 -5.11845 2.87899
0.73 -5.28737 3.02686
0.731 -5.43549 3.16081
0.732 -5.56215 3.28042
0.733 -5.66679 3.38531
0.734 -5.74893 3.47516
0.735 -5.8082 3.54972
0.736 -5.84428 3.6088
0.737 -5.85699 3.65228
0.738 -5.84623 3.6801
0.739 -5.81198 3.69227
0.74 -5.75434 3.68884
0.741 -5.67347 3.66995
0.742 -5.56967 3.6358
0.743 -5.44329 3.58664
0.744 -5.29481 3.52279
0.745 -5.12476 3.44464
0.746 -4.9338 3.35261
0.747 -4.72265 3.2472
0.748 -4.4921 3.12896
0.749 -4.24306 2.99848
0.75 -3.97648 2.85642
0.751 -3.69339 2.70346
0.752 -3.3949 2.54035
0.753 -3.08217 2.36786
0.754 -2.75643 2.18681
0.755 -2.41896 1.99805
0.756 -2.07107 1.80245
0.757 -1.71414 1.60093
0.758 -1.34958 1.3944
0.759 -0.978825 1.18383
0.76 -0.603339 0.970172
0.761 -0.224608 0.754396
0.762 0.155867 0.537485
0.763 0.536579 0.320422
0.764 0.91602 0.104187
0.765 1.29268 -0.110243
0.766 1.66507 -0.321901
0.767 2.03171 -0.529836
0.768 2.39114 -0.733111
0.769 2.74193 -0.930813
0.77 3.08269 -1.12205
0.771 3.41206 -1.30597
0.772 3.72874 -1.48174
0.773 4.03147 -1.64857
0.774 4.31904 -1.80571
0.775 4.59032 -1.95244
0.776 4.84422 -2.08811
0.777 5.07974 -2.21209
0.778 5.29595 -2.32383
0.779 5.492 -2.4228
0.78 5.6671 -2.50855
0.781 5.82058 -2.58068
0.782 5.95182 -2.63886
0.783 6.06033 -2.68278
0.784 6.14568 -2.71224
0.785 6.20754 -2.72708
0.786 6.24569 -2.72721
0.787 6.25999 -2.71258
0.788 6.25041 -2.68323
0.789 6.217 -2.63926
0.79 6.15992 -2.58083
0.791 6.07943 -2.50815
0.792 5.97588 -2.42151
0.793 5.8497 -2.32124
0.794 5.70143 -2.20775
0.795 5.53171 -2.0815
0.796 5.34123 -1.94299
0.797 5.1308 -1.79281
0.798 4.90129 -1.63155
0.799 4.65367 -1.45989
0.8 4.38897 -1.27854
0.801 4.10828 -1.08825
0.802 3.81277 -0.889819
0.803 3.50368 -0.684067
0.804 3.18228 -0.471859
0.805 2.8499 -0.254085
0.806 2.50794 -0.0316622
0.807 2.1578 0.194474
0.808 1.80095 0.423367
0.809 1.43886 0.65405
0.81 1.07303 0.885544
0.811 0.704992 1.11687
0.812 0.336266 1.34703
0.813 -0.0316139 1.57506
0.814 -0.397117 1.79997
0.815 -0.758724 2.0208
0.816 -1.11493 2.23661
0.817 -1.46425 2.44646
0.818 -1.80522 2.64945
0.819 -2.13644 2.8447
0.82 -2.4565 3.03135
0.821 -2.76407 3.20859
0.822 -3.05787 3.37565
0.823 -3.33667 3.53179
0.824 -3.59928 3.67631
0.825 -3.84461 3.80857
0.826 -4.07163 3.92798
0.827 -4.27936 4.03399
0.828 -4.46693 4.12611
0.829 -4.63354 4.20392
0.83 -4.77847 4.26703
0.831 -4.9011 4.31515
0.832 -5.0009 4.34801
0.833 -5.07742 4.36543
0.834 -5.13032 4.3673
0.835 -5.15934 4.35354
0.836 -5.16435 4.32417
0.837 -5.14529 4.27926
0.838 -5.1022 4.21895
0.839 -5.03524 4.14343
0.84 -4.94464 4.05298
0.841 -4.83075 3.94792
0.842 -4.69401 3.82865
0.843 -4.53495 3.6956
0.844 -4.3542 3.54929
0.845 -4.15247 3.39029
0.846 -3.93057 3.21921
0.847 -3.68938 3.03673
0.848 -3.42987 2.84356
0.849 -3.15309 2.64046
0.85 -2.86015 2.42826
0.851 -2.55224 2.2078
0.852 -2.2306 1.97995
0.853 -1.89655 1.74565
0.854 -1.55143 1.50584
0.855 -1.19666 1.26149
0.856 -0.833689 1.01359
0.857 -0.463998 0.763163
0.858 -0.0891018 0.511226
0.859 0.289461 0.258814
0.86 0.670133 0.00696434
0.861 1.05135 -0.243283
0.862 1.43154 -0.490895
0.863 1.80912 -0.734843
0.864 2.18255 -0.974115
0.865 2.55026 -1.20771
0.866 2.91073 -1.43466
0.867 3.26246 -1.654
0.868 3.60399 -1.86481
0.869 3.93387 -2.06621
0.87 4.25073 -2.25734
0.871 4.55323 -2.43737
0.872 4.8401 -2.60556
0.873 5.11012 -2.76116
0.874 5.36213 -2.90351
0.875 5.59506 -3.03198
0.876 5.8079 -3.14602
0.877 5.99973 -3.2451
0.878 6.16971 -3.32879
0.879 6.31708 -3.39669
0.88 6.44118 -3.44849
0.881 6.54143 -3.48393
0.882 6.61737 -3.50282
0.883 6.66861 -3.50503
0.884 6.69488 -3.49052
0.885 6.696 -3.4593
0.886 6.67188 -3.41145
0.887 6.62255 -3.34712
0.888 6.54815 -3.26654
0.889 6.44888 -3.16999
0.89 6.3251 -3.05783
0.891 6.17721 -2.93048
0.892 6.00574 -2.78841
0.893 5.81132 -2.63218
0.894 5.59465 -2.46239
0.895 5.35655 -2.27971
0.896 5.0979 -2.08485
0.897 4.81967 -1.87858
0.898 4.52293 -1.66172
0.899 4.2088 -1.43514
0.9 3.87848 -1.19975
0.901 3.53325 -0.956495
0.902 3.17443 -0.70636
0.903 2.80341 -0.450359
0.904 2.42163 -0.189536
0.905 2.03057 0.0750423
0.906 1.63175 0.34229
0.907 1.22673 0.611107
0.908 0.817076 0.880382
0.909 0.404403 1.149
0.91 -0.00967889 1.41583
0.911 -0.423546 1.67977
0.912 -0.835576 1.93971
0.913 -1.24415 2.19454
0.914 -1.64766 2.44319
0.915 -2.04453 2.6846
0.916 -2.43318 2.91773
0.917 -2.8121 3.14157
0.918 -3.17978 3.35516
0.919 -3.53478 3.55756
0.92 -3.8757 3.74787
0.921 -4.20119 3.92524
0.922 -4.50997 4.08888
0.923 -4.80082 4.23803
0.924 -5.07259 4.37199
0.925 -5.32422 4.49014
0.926 -5.55471 4.59189
0.927 -5.76315 4.67673
0.928 -5.94872 4.74421
0.929 -6.1107 4.79395
0.93 -6.24844 4.82564
0.931 -6.36141 4.83903
0.932 -6.44917 4.83396
0.933 -6.51139 4.81031
0.934 -6.54782 4.76808
0.935 -6.55833 4.70729
0.936 -6.54289 4.62808
0.937 -6.50158 4.53062
0.938 -6.43458 4.4152
0.939 -6.34216 4.28214
0.94 -6.22472 4.13184
0.941 -6.08273 3.96479
0.942 -5.91679 3.78152
0.943 -5.72756 3.58264
0.944 -5.51583 3.36882
0.945 -5.28246 3.14079
0.946 -5.0284 2.89933
0.947 -4.75469 2.64529
0.948 -4.46244 2.37955
0.949 -4.15284 2.10306
0.95 -3.82716 1.8168
0.951 -3.48672 1.5218
0.952 -3.1329 1.21912
0.953 -2.76716 0.909849
0.954 -2.39097 0.595117
0.955 -2.00587 0.276067
0.956 -1.61343 -0.046134
0.957 -1.21525 -0.370305
0.958 -0.812958 -0.695256
0.959 -0.408186 -1.01979
0.96 -0.00258995 -1.3427
0.961 0.402174 -1.66281
0.962 0.804453 -1.97892
0.963 1.2026 -2.28986
0.964 1.59499 -2.59448
0.965 1.98001 -2.89163
0.966 2.35609 -3.18022
0.967 2.72168 -3.45917
0.968 3.07528 -3.72744
0.969 3.41544 -3.98403
0.97 3.74075 -4.22797
0.971 4.04988 -4.45836
0.972 4.34154 -4.67434
0.973 4.61452 -4.8751
0.974 4.8677 -5.0599
0.975 5.10002 -5.22803
0.976 5.3105 -5.37888
0.977 5.49826 -5.5119
0.978 5.66251 -5.62657
0.979 5.80255 -5.72249
0.98 5.91777 -5.79929
0.981 6.00767 -5.85671
0.982 6.07185 -5.89454
0.983 6.11001 -5.91264
0.984 6.12196 -5.91097
0.985 6.1076 -5.88954
0.986 6.06695 -5.84845
0.987 6.00014 -5.78788
0.988 5.9074 -5.70807
0.989 5.78904 -5.60934
0.99 5.64552 -5.49208
0.991 5.47736 -5.35676
0.992 5.2852 -5.20392
0.993 5.06978 -5.03415
0.994 4.83191 -4.84812
0.995 4.57252 -4.64655
0.996 4.29261 -4.43024
0.997 3.99326 -4.20003
0.998 3.67564 -3.95681
0.999 3.341 -3.70152
1 2.99063 -3.43518
