6.26E-06
6.13E-06
6.01E-06
5.88E-06
5.75E-06
5.63E-06
5.50E-06
5.38E-06
5.26E-06
5.14E-06
5.02E-06
4.89E-06
4.77E-06
4.64E-06
4.48E-06
4.32E-06
4.16E-06
4.01E-06
3.82E-06
3.56E-06
3.22E-06
2.86E-06
2.66E-06
2.69E-06
3.02E-06
3.57E-06
3.97E-06
4.06E-06
3.87E-06
3.46E-06
2.98E-06
2.55E-06
1.75E-06
7.31E-07
-1.59E-07
-6.80E-07
-7.33E-07
-7.91E-07
-8.08E-07
-7.63E-08
1.36E-06
2.39E-06
2.97E-06
3.74E-06
5.07E-06
5.79E-06
4.52E-06
1.87E-06
-1.94E-06
-7.66E-06
-1.39E-05
-1.82E-05
-1.94E-05
-1.76E-05
-1.57E-05
-1.39E-05
-1.76E-05
-2.33E-05
-2.11E-05
-7.51E-06
4.31E-06
3.85E-06
-1.17E-06
-6.89E-06
-1.31E-05
-1.59E-05
-1.72E-05
-2.82E-05
-5.65E-05
-8.67E-05
-9.83E-05
-9.42E-05
-8.54E-05
-7.68E-05
-8.23E-05
-0.000100234
-0.000115766
-0.000122796
-0.000126085
-0.000106729
-2.04E-05
0.000105227
0.00017814
0.000158234
7.55E-05
5.38E-07
-4.59E-05
-9.69E-05
-0.00018547
-0.00027916
-0.000316145
-0.000288073
-0.000167569
1.89E-05
0.000205961
0.000305524
0.000301807
0.000241627
0.000178967
9.55E-05
4.64E-05
4.75E-05
0.000129052
0.000290607
0.000419173
0.00046979
0.000446532
0.000404863
0.000410432
0.00046927
0.000514366
0.000487383
0.000417183
0.00031232
0.000187178
0.000114143
0.00017604
0.000233146
0.000231682
0.00022734
0.000307024
0.000519483
0.000847963
0.001089677
0.001120317
0.001028809
0.000901007
0.000731783
0.000380635
-0.000129505
-0.000559823
-0.000842085
-0.000943154
-0.000827356
-0.000434232
0.000222031
0.000997367
0.00169457
0.002172147
0.002458545
0.002673015
0.002559593
0.001795619
0.000455598
-0.000910293
-0.002034328
-0.002893689
-0.003492195
-0.003610683
-0.002870425
-0.001359287
0.000141216
0.000885071
0.000928813
0.00079411
0.001034071
0.0017027
0.002321381
0.002450215
0.002114888
0.001419783
0.00100158
0.000901561
0.000632292
0.000135394
-0.000397093
-0.00045711
-0.00010929
-0.000127148
-0.000533365
-0.000994598
-0.001203701
-0.000806363
0.00027663
0.001387152
0.001797716
0.001611975
0.000909055
-0.000257245
-0.001034568
-0.000806245
0.000188587
0.000755709
0.000413848
-0.000432404
-0.000902576
-0.000631842
0.000106414
0.000958479
0.001780542
0.002293307
0.002464333
0.002135944
0.001270403
-0.000465755
-0.00319982
-0.006216634
-0.007954699
-0.008204174
-0.008154193
-0.008481709
-0.009281468
-0.00997586
-0.009746943
-0.007500029
-0.003352015
0.001195763
0.004289624
0.004938234
0.004333984
0.004194332
0.004310355
0.003890994
0.002515025
0.000420897
-0.001649557
-0.002374277
-0.002093014
-0.002334184
-0.003825146
-0.005849792
-0.007249779
-0.008130279
-0.008537171
-0.008131364
-0.00643552
-0.003919417
-0.000835171
0.003190268
0.007227647
0.01079722
0.01359868
0.01394693
0.01157964
0.007283987
0.002661418
-0.000523182
-0.002087148
-0.002049899
-0.000814007
0.000270384
-0.000357043
-0.00232752
-0.004384251
-0.005207022
-0.004304385
-0.001708579
0.002444602
0.007616876
0.01331752
0.01805901
0.0203761
0.01965674
0.01618755
0.01196261
0.008736963
0.007240224
0.007379616
0.008007452
0.008460736
0.007452705
0.003756765
-0.001630228
-0.006739884
-0.01050338
-0.01291385
-0.01432944
-0.01541922
-0.0157361
-0.01320977
-0.008865541
-0.006449473
-0.007691075
-0.01059915
-0.01266763
-0.01190743
-0.008059279
-0.002663947
0.003454008
0.0098199
0.01573475
0.01944603
0.01876457
0.01475518
0.01080507
0.008070127
0.006067115
0.003461804
-0.000174824
-0.004052087
-0.007499189
-0.009810473
-0.01184856
-0.01629693
-0.02467579
-0.0340332
-0.03877824
-0.03703448
-0.03027044
-0.02110509
-0.01141162
-0.001605698
0.008414854
0.01874595
0.02756665
0.03327263
0.03595596
0.03568995
0.03127371
0.02328709
0.01342458
0.003492596
-0.005555805
-0.01349255
-0.01886767
-0.02083908
-0.01962083
-0.01707288
-0.01492707
-0.01340419
-0.01302199
-0.0133702
-0.01290704
-0.0109385
-0.008975359
-0.006853946
-0.004155787
-5.82E-05
0.004970135
0.009193808
0.01255458
0.01542652
0.01867035
0.02172508
0.02301164
0.022573
0.02093092
0.01841684
0.01566084
0.01358172
0.01215041
0.009096929
0.002548646
-0.005297595
-0.01139512
-0.01537565
-0.01880259
-0.02348391
-0.02932939
-0.03345234
-0.03419345
-0.03252307
-0.02912909
-0.02317182
-0.01500821
-0.006519139
9.62E-05
0.003883725
0.005187859
0.00565722
0.006755535
0.008658271
0.01004493
0.010813
0.01107761
0.01162037
0.01246516
0.01140254
0.006813922
0.002332089
0.001261358
0.002563052
0.003588787
0.002491344
9.21E-05
-0.00211783
-0.003880309
-0.005568068
-0.007615962
-0.009694692
-0.01064683
-0.009714804
-0.007097611
-0.00377101
-0.000419131
0.000758546
-0.001114836
-0.003972116
-0.006323457
-0.008342895
-0.009451184
-0.009573784
-0.008874149
-0.007426177
-0.005456431
-0.003493975
-0.002743131
-0.002902552
-0.003083884
-0.00250306
-0.000358207
0.002613969
0.004881246
0.005285754
0.005106027
0.006067006
0.00892069
0.01299971
0.01748103
0.02328526
0.03003571
0.03588273
0.03868757
0.03845924
0.03513052
0.02895088
0.02183814
0.01382514
0.00655783
0.003012241
0.003812052
0.007214398
0.01089043
0.01284644
0.01273684
0.01215179
0.01084148
0.007272519
0.000785205
-0.007534143
-0.01464568
-0.01801806
-0.01782902
-0.01446793
-0.00815363
-0.001889462
0.00184748
0.003175733
0.002964016
0.001376586
-0.001922307
-0.006781122
-0.0122165
-0.01649974
-0.01827948
-0.01776617
-0.01493724
-0.01018044
-0.004436572
0.001318
0.006644038
0.01082932
0.01238693
0.01080414
0.007381589
0.004076457
0.002768057
0.003786952
0.007994574
0.01415416
0.01952785
0.02246896
0.02354394
0.02429231
0.02503204
0.02417848
0.02099454
0.01395607
0.001834144
-0.01264924
-0.0271259
-0.04072976
-0.05227835
-0.05992075
-0.06372799
-0.06483535
-0.06434475
-0.06230869
-0.06001132
-0.05709733
-0.05077694
-0.04144261
-0.03226079
-0.02465104
-0.01722318
-0.008713147
0.001405466
0.01239384
0.02270091
0.03081828
0.03667045
0.04095714
0.0441496
0.04609531
0.04736777
0.0473062
0.04449946
0.03878766
0.02989808
0.01869871
0.008709058
0.003101284
0.001439166
0.000883253
-0.000722299
-0.002891768
-0.005305938
-0.007447694
-0.01037057
-0.01374899
-0.01628934
-0.01753848
-0.01778247
-0.01769284
-0.01686895
-0.01438525
-0.01017941
-0.00657029
-0.006404546
-0.008667784
-0.01021995
-0.01110013
-0.01194076
-0.01274285
-0.01361551
-0.01317658
-0.01139715
-0.008983612
-0.006206332
-0.002587808
0.002883851
0.009845165
0.01659584
0.02277734
0.02796963
0.03135512
0.03276007
0.03384402
0.03554206
0.03694111
0.03815403
0.03911868
0.03947716
0.03828529
0.0350488
0.03094364
0.02616249
0.02103404
0.01493045
0.008773546
0.003288246
-0.000907943
-0.003452357
-0.004186437
-0.003861509
-0.003821004
-0.006132902
-0.0118624
-0.01851192
-0.02262088
-0.02347813
-0.02179967
-0.01775401
-0.01214917
-0.006162653
-0.001874695
0.000941079
0.002112964
0.001621959
-0.000271104
-0.002699339
-0.005195059
-0.006422622
-0.00526709
-0.003234401
-0.001771799
-0.001078487
-0.001003116
-0.001859561
-0.003494602
-0.004303536
-0.003909973
-0.002363585
0.000206787
0.003940442
0.007802992
0.009443172
0.007214372
0.000905327
-0.008473002
-0.01876795
-0.02917801
-0.03848259
-0.0454469
-0.04868
-0.04849097
-0.04665203
-0.04327135
-0.03894819
-0.03459804
-0.02970021
-0.02408598
-0.01817598
-0.01273535
-0.007864012
-0.00282032
0.001637113
0.003586492
0.002838309
3.47E-05
-0.004147502
-0.008610764
-0.01131271
-0.01233309
-0.01137705
-0.006184292
0.00465021
0.01692977
0.02535523
0.0295906
0.03068972
0.028312
0.02310959
0.01596367
0.008951524
0.003981618
0.001526995
0.000689204
0.000949305
0.002200359
0.005328934
0.008511808
0.009714957
0.008377405
0.005202918
0.001053126
-0.00331845
-0.007786933
-0.01199099
-0.01603967
-0.01955294
-0.0218741
-0.02262554
-0.02170761
-0.01859745
-0.01331767
-0.007166975
-0.002191211
0.002499436
0.007385505
0.01171412
0.01468529
0.01563855
0.01506673
0.01434674
0.01305062
0.01087376
0.007930159
0.005151643
0.00434615
0.005296226
0.006220682
0.006789227
0.007802585
0.0101773
0.01352453
0.01672609
0.01764451
0.01628961
0.01378117
0.01018224
0.005739306
0.001148156
-0.00286181
-0.005395211
-0.006100576
-0.005819247
-0.004735839
-0.003073895
-0.000476374
0.003963073
0.00937537
0.01266331
0.012066
0.009860655
0.00654684
0.00249633
-0.000887125
-0.002200154
-0.000994059
0.00311841
0.0101365
0.01998707
0.03142646
0.04146358
0.04872722
0.05267444
0.05285223
0.05009202
0.04654524
0.04279544
0.03864841
0.03451488
0.03063586
0.02771228
0.02680167
0.02780342
0.03007339
0.03276791
0.03602439
0.04051062
0.04605719
0.05034478
0.05193769
0.05122377
0.04989064
0.04814388
0.04382637
0.03692676
0.03039905
0.02671062
0.02559015
0.02594624
0.02671623
0.02677581
0.02663686
0.02536127
0.02329345
0.02013868
0.016872
0.01558413
0.01610948
0.01696369
0.01815883
0.02025335
0.02284066
0.02402914
0.02254418
0.01887298
0.01392214
0.009522904
0.006358944
0.004378443
0.001880029
-0.001429751
-0.004543845
-0.007390222
-0.009161293
-0.01033753
-0.01182724
-0.014106
-0.01758953
-0.0226412
-0.02871723
-0.0357328
-0.04488972
-0.05567574
-0.0667222
-0.07804619
-0.08966052
-0.09962222
-0.1069153
-0.1112306
-0.1132709
-0.1147395
-0.1162911
-0.1187669
-0.1229658
-0.1279584
-0.1313225
-0.1321934
-0.1305258
-0.1266733
-0.1214747
-0.1164184
-0.1134864
-0.1125111
-0.1124462
-0.113769
-0.1162526
-0.1180481
-0.1182654
-0.1170666
-0.113189
-0.1051523
-0.09311097
-0.07907124
-0.06479653
-0.05039003
-0.03645941
-0.02401947
-0.01242273
-0.000706015
0.01107225
0.02296509
0.03457362
0.04495736
0.05305829
0.05838602
0.06151142
0.06359511
0.06557465
0.06817637
0.07135477
0.07457347
0.07720448
0.07941995
0.08109816
0.08146275
0.08011321
0.07824889
0.07665281
0.073966
0.06966402
0.06515787
0.06131128
0.05830218
0.05502688
0.05023818
0.04360041
0.03530843
0.02551906
0.01556128
0.006088876
-0.002509888
-0.00867954
-0.01135395
-0.01133205
-0.009317293
-0.003992106
0.006757695
0.02122569
0.03528512
0.04687623
0.05709488
0.06654791
0.07390751
0.07937471
0.08393094
0.08836778
0.09338276
0.09892278
0.1040855
0.1074783
0.1094501
0.110387
0.1094271
0.1064919
0.1015396
0.09430891
0.08372658
0.06973849
0.05353967
0.03683909
0.0215474
0.008970381
-0.000770999
-0.007885603
-0.01160131
-0.01204515
-0.01051733
-0.007421701
-0.003526472
-0.000314492
0.001087695
0.00103813
0.000130927
-0.002210095
-0.006478635
-0.01047101
-0.01256979
-0.01350909
-0.01391537
-0.0153116
-0.01864026
-0.02395669
-0.03066601
-0.03866989
-0.04734011
-0.05624668
-0.06386875
-0.07107121
-0.07917219
-0.08735868
-0.09295756
-0.09532169
-0.09630014
-0.09626438
-0.09351942
-0.08744561
-0.07865954
-0.0672101
-0.05439861
-0.04064402
-0.02609221
-0.01171228
-0.00025835
0.00636763
0.007935032
0.003846104
-0.006286141
-0.021495
-0.03989462
-0.05790479
-0.07437679
-0.08994833
-0.1031951
-0.1109923
-0.1127042
-0.1098977
-0.1024097
-0.09050043
-0.07672471
-0.06451028
-0.05508153
-0.04915362
-0.04693618
-0.04866638
-0.05248163
-0.05598538
-0.05824025
-0.05891122
-0.05695389
-0.05042241
-0.0397385
-0.0263833
-0.01187583
0.002256475
0.01464531
0.02450357
0.03332854
0.04235569
0.05113118
0.05896798
0.06636775
0.07247067
0.07619287
0.07796212
0.07753427
0.07510575
0.07225267
0.06960215
0.0670232
0.0644361
0.06258443
0.06205899
0.06251818
0.06348658
0.06593733
0.0709103
0.07805141
0.08588043
0.09376749
0.101976
0.1104557
0.1167128
0.1193974
0.1189502
0.1167107
0.1139689
0.1105095
0.106222
0.1024564
0.09999131
0.09959668
0.1008315
0.103446
0.1067033
0.1091077
0.1107211
0.1108355
0.1075128
0.09901234
0.08534205
0.06854589
0.04990846
0.03056295
0.01069904
-0.01009226
-0.02996715
-0.04675929
-0.06008206
-0.07123579
-0.08063045
-0.08751871
-0.09183523
-0.09569276
-0.1002151
-0.1047184
-0.1090254
-0.1138153
-0.1185261
-0.1220737
-0.1240708
-0.1244471
-0.1235599
-0.1209832
-0.1159554
-0.1086579
-0.1004572
-0.09232223
-0.08498723
-0.07925356
-0.07541549
-0.07294478
-0.0714992
-0.07087484
-0.07023225
-0.0696686
-0.06884039
-0.06633365
-0.0615025
-0.05410487
-0.04521677
-0.03673933
-0.02949054
-0.02350117
-0.02093859
-0.02254203
-0.02575846
-0.02860756
-0.03013776
-0.03114318
-0.0318134
-0.03142552
-0.03128157
-0.03150318
-0.0315346
-0.03224784
-0.03290842
-0.03080412
-0.02443119
-0.0132988
0.001517863
0.01840502
0.03665782
0.05713178
0.08021635
0.1046323
0.1301269
0.153937
0.1733722
0.1868681
0.1939459
0.1939302
0.1872366
0.1747018
0.1582797
0.1406151
0.1229417
0.1048618
0.0870842
0.07171895
0.05879352
0.04802131
0.03972304
0.03404106
0.03044718
0.02841746
0.02760286
0.02749696
0.02696255
0.02548938
0.02379686
0.02211443
0.02088437
0.02248173
0.02858979
0.03882036
0.0516481
0.06515227
0.07591567
0.08128573
0.08175676
0.0811047
0.08140407
0.08174046
0.07919379
0.07092118
0.05831185
0.04483362
0.03127741
0.01479287
-0.005837357
-0.02954879
-0.05606566
-0.08576572
-0.1184022
-0.1510532
-0.180467
-0.2053587
-0.2261057
-0.2427982
-0.2564958
-0.2666865
-0.2727057
-0.2738966
-0.2714866
-0.2676874
-0.2611974
-0.2513807
-0.2395304
-0.2265104
-0.2129514
-0.1984158
-0.1831244
-0.1674529
-0.1510915
-0.1340707
-0.1149556
-0.09222542
-0.06321134
-0.02669644
0.01564586
0.05853047
0.09624556
0.1249614
0.1435675
0.1533385
0.1578039
0.1592381
0.1590091
0.1577548
0.1556382
0.1530173
0.1507803
0.1486206
0.1465789
0.1457329
0.1469045
0.1509524
0.1565319
0.1615367
0.1644989
0.1646556
0.1611122
0.1531792
0.14052
0.1236118
0.1041256
0.08449761
0.06625752
0.05023161
0.03670856
0.02546274
0.01607034
0.009057966
0.005888441
0.005773962
0.006752824
0.009145998
0.01490829
0.02379101
0.03358792
0.04181505
0.04755108
0.04913791
0.04490066
0.03486734
0.02065187
0.004390342
-0.01229849
-0.02965789
-0.04736903
-0.06421689
-0.07969297
-0.09237509
-0.1027219
-0.1119297
-0.1178256
-0.1194911
-0.119031
-0.1171873
-0.1142197
-0.1101245
-0.104783
-0.09802654
-0.08895216
-0.07815311
-0.06652823
-0.05379961
-0.04129805
-0.03193965
-0.02461642
-0.01766292
-0.01146358
-0.006694265
-0.003750901
-0.002137174
-0.000895671
0.000427099
0.00168681
0.00453208
0.00972713
0.01695319
0.02519451
0.03270845
0.03796577
0.03980268
0.03767662
0.03261758
0.0257717
0.01696008
0.005727047
-0.008174151
-0.02307973
-0.0373911
-0.04999819
-0.0615135
-0.07296088
-0.08379359
-0.0930391
-0.09830757
-0.0998166
-0.09826626
-0.09270016
-0.08288124
-0.07150111
-0.0620391
-0.05473039
-0.04854937
-0.04302837
-0.03797015
-0.03266542
-0.02719471
-0.02244894
-0.01843081
-0.01490649
-0.01171272
-0.009146652
-0.004861712
0.002373804
0.01151047
0.02066756
0.02938604
0.03735733
0.04382029
0.04853063
0.05154004
0.0523366
0.05118432
0.04980206
0.04894432
0.04899223
0.05056406
0.05286496
0.05465972
0.05700538
0.05992368
0.0624637
0.06477794
0.06708481
0.0686907
0.06980328
0.07124623
0.07228317
0.07242121
0.07217412
0.07187422
0.07098548
0.06878803
0.06456882
0.05910635
0.05357686
0.04838685
0.04492601
0.04467718
0.04479492
0.04380502
0.04455588
0.04877425
0.05593688
0.06461232
0.07321719
0.08078757
0.0867171
0.09108583
0.09337479
0.09352412
0.09234042
0.09058201
0.08739418
0.08215967
0.07473251
0.06568557
0.05509197
0.04245706
0.02832966
0.01287401
-0.003180563
-0.01893205
-0.03384644
-0.04715375
-0.05951779
-0.0714833
-0.08254482
-0.09168254
-0.0978339
-0.1012072
-0.1029284
-0.1030675
-0.1010799
-0.09723871
-0.09210075
-0.08608373
-0.07893029
-0.07146889
-0.06512987
-0.05996499
-0.05632325
-0.05359858
-0.05005635
-0.04574428
-0.04106059
-0.03682423
-0.03289461
-0.02840294
-0.02417861
-0.02075227
-0.01690214
-0.01312412
-0.01077484
-0.0101652
-0.01146095
-0.01535179
-0.02127743
-0.02903175
-0.03823514
-0.04802724
-0.05614916
-0.06051498
-0.06174665
-0.06147156
-0.06016972
-0.05612213
-0.04872155
-0.04016632
-0.03231933
-0.02526816
-0.01854327
-0.01181485
-0.00506111
0.001735579
0.008960148
0.0162007
0.02383146
0.03184509
0.03967713
0.0472398
0.05438907
0.06045324
0.06484153
0.06732551
0.06862937
0.06934521
0.06952615
0.06906284
0.06725143
0.06405271
0.05873028
0.05173599
0.04448834
0.03682929
0.02864219
0.02163385
0.0160515
0.01187789
0.008060256
0.004038351
0.000879961
-0.001121936
-0.004116947
-0.007945056
-0.01132835
-0.0136932
-0.01551309
-0.0176105
-0.0198675
-0.02179284
-0.02343636
-0.0242205
-0.02423217
-0.02467452
-0.02568395
-0.02543597
-0.02465742
-0.02414222
-0.02385343
-0.02233117
-0.01874161
-0.01326747
-0.006344426
0.000632738
0.007267207
0.01203402
0.01458098
0.01437439
0.01081343
0.004662462
-0.004208855
-0.01583872
-0.02830284
-0.04027631
-0.05052644
-0.05895014
-0.06568256
-0.07030051
-0.07388239
-0.07657228
-0.0776427
-0.07729726
-0.07543327
-0.07185516
-0.06594165
-0.05810074
-0.04915452
-0.03937032
-0.03089447
-0.02483788
-0.01999066
-0.01517444
-0.0101726
-0.00518994
-0.000327718
0.004806972
0.01029886
0.01605898
0.02105764
0.02439793
0.02683598
0.02935151
0.03128884
0.03122393
0.02968485
0.0281775
0.02712869
0.02697515
0.02858381
0.03218511
0.0373569
0.04412206
0.05269076
0.06163989
0.07065164
0.07998497
0.08943169
0.0982064
0.1057501
0.1112527
0.1143454
0.1147802
0.1123194
0.1070857
0.09896799
0.08865809
0.0777166
0.06653515
0.05429523
0.04094969
0.0270616
0.01306453
0.000383445
-0.01092493
-0.02073225
-0.02886808
-0.0340816
-0.03592829
-0.03697328
-0.03841378
-0.038245
-0.03526099
-0.0294947
-0.02289474
-0.01732096
-0.01385325
-0.01223642
-0.01333026
-0.01705983
-0.02331614
-0.03003062
-0.03566094
-0.04131995
-0.04842275
-0.0549332
-0.05951375
-0.06218168
-0.06391805
-0.06564971
-0.0667295
-0.06559604
-0.06273739
-0.0586665
-0.05297792
-0.04524699
-0.03604801
-0.02577848
-0.01539983
-0.005403256
0.003411903
0.01060596
0.01530491
0.01775167
0.01787346
0.01581702
0.01187912
0.006647756
-0.000180696
-0.008382288
-0.01728176
-0.0255436
-0.03241642
-0.0371714
-0.03956724
-0.04001983
-0.03906311
-0.03602911
-0.03000403
-0.02299245
-0.0167451
-0.01005658
-0.002439234
0.005658343
0.01392595
0.02228364
0.03042252
0.03801495
0.04512314
0.05088077
0.0539487
0.0555107
0.05603452
0.05473924
0.05097677
0.04494164
0.03750938
0.02855979
0.01828832
0.007934804
-0.001849103
-0.01090868
-0.01887972
-0.02523774
-0.02975861
-0.03273087
-0.0346779
-0.03553949
-0.03540972
-0.03488695
-0.03396592
-0.03211565
-0.02824093
-0.02270398
-0.01701243
-0.01168429
-0.005633646
0.001119461
0.007675826
0.01434671
0.02088939
0.02771355
0.03412604
0.04074978
0.04703139
0.0525328
0.05767525
0.06235089
0.06641261
0.06946591
0.07146222
0.07237579
0.07352784
0.0747078
0.07527292
0.07524302
0.07479281
0.07281599
0.06796489
0.06048727
0.04977654
0.03847279
0.02886474
0.02005976
0.01062426
0.000793566
-0.007418689
-0.01316887
-0.01805664
-0.02264213
-0.0267288
-0.03142391
-0.03681971
-0.04273219
-0.04943927
-0.05573446
-0.06113281
-0.06592719
-0.06988158
-0.07264354
-0.07437157
-0.07496386
-0.07466755
-0.07297403
-0.06971073
-0.06593557
-0.06152006
-0.05630621
-0.05051713
-0.04506985
-0.04017424
-0.03606213
-0.03298512
-0.03102956
-0.02976857
-0.02986075
-0.03097233
-0.0324489
-0.03388659
-0.03577814
-0.03827825
-0.04006723
-0.04034401
-0.04001894
-0.03932787
-0.03788596
-0.03594905
-0.03374672
-0.03123531
-0.02854815
-0.02604796
-0.02391737
-0.0217926
-0.01974748
-0.017922
-0.01619063
-0.01438762
-0.01255646
-0.01026417
-0.007531965
-0.004427074
-0.00101352
0.003477675
0.007891689
0.01208506
0.0159282
0.01894312
0.02097536
0.02213351
0.02293077
0.02372968
0.02443945
0.02573101
0.02667492
0.02623884
0.02449306
0.02233036
0.01990762
0.01783664
0.01611689
0.01502332
0.01462697
0.01468124
0.01448909
0.01463165
0.01561609
0.01715082
0.01863464
0.01990996
0.02016555
0.01937057
0.0192621
0.01994327
0.02129692
0.02334976
0.02559073
0.02729372
0.02895532
0.0309859
0.03254665
0.03318796
0.03340768
0.03435053
0.03559262
0.03616993
0.03620152
0.03669021
0.03649463
0.03508202
0.03323645
0.03149661
0.02980565
0.02831619
0.02708265
0.02654207
0.02656675
0.02666697
0.02663394
0.02625505
0.02547019
0.02458388
0.02402348
0.02380462
0.02365639
0.02386611
0.0245432
0.02546559
0.02638295
0.02678231
0.02673981
0.02662811
0.0256733
0.0229984
0.01927333
0.01515313
0.009917556
0.00401088
-0.001411178
-0.006046257
-0.01131149
-0.01704756
-0.02182198
-0.02484864
-0.02662722
-0.02766779
-0.02885841
-0.02962079
-0.03020982
-0.031238
-0.03213202
-0.03284924
-0.0331231
-0.03146695
-0.0287974
-0.02665518
-0.02506832
-0.02426323
-0.02465802
-0.02517832
-0.0257432
-0.02632812
-0.02677371
-0.02711187
-0.027212
-0.0269408
-0.02676009
-0.02678421
-0.02740258
-0.0288982
-0.02973425
-0.02937023
-0.02809677
-0.02688968
-0.02572018
-0.02387101
-0.02182137
-0.02004301
-0.01891857
-0.01783728
-0.01647965
-0.015063
-0.01313441
-0.009929264
-0.006031236
-0.001249562
0.004469054
0.01125947
0.01822416
0.02481274
0.02941398
0.03162352
0.03310604
0.03535651
0.03789587
0.039859
0.04117199
0.04155931
0.04061483
0.0387543
0.03599802
0.03293706
0.03050637
0.02916641
0.02761735
0.02483115
0.02156062
0.01881626
0.01660862
0.01382373
0.009937904
0.005965906
0.002009103
-0.001599931
-0.003838333
-0.004954719
-0.005369683
-0.005420376
-0.004997908
-0.003585266
-0.00196438
-0.000928991
-0.000314401
-0.000451035
-0.001542387
-0.002802222
-0.004226501
-0.006423664
-0.008232874
-0.009860713
-0.0123587
-0.01472423
-0.01670201
-0.01762958
-0.01829874
-0.01918603
-0.01932707
-0.01892657
-0.01847509
-0.01719052
-0.01611192
-0.01571449
-0.01436613
-0.01100535
-0.006793202
-0.002207624
0.003158156
0.008654066
0.01356776
0.01854171
0.02358713
0.02660418
0.02775791
0.0295482
0.03161153
0.03199809
0.02994178
0.02657013
0.02329481
0.01955782
0.01514706
0.01008304
0.005326096
0.001549705
-0.001634423
-0.004239014
-0.006006269
-0.006818675
-0.006899092
-0.007103436
-0.006957203
-0.006006931
-0.005039698
-0.003644138
-0.002443423
-0.000924249
0.000921285
0.002615748
0.004218254
0.005715837
0.007096393
0.008393301
0.009155264
0.009271169
0.009660365
0.01031748
0.01058251
0.01049308
0.01033747
0.00887353
0.004888145
-0.000948296
-0.007353538
-0.01404442
-0.02102644
-0.02791928
-0.03495312
-0.04157746
-0.047214
-0.05235645
-0.05734432
-0.06219279
-0.06578847
-0.06688834
-0.06682749
-0.06722025
-0.06681712
-0.06455447
-0.06108965
-0.05653767
-0.05131673
-0.04701407
-0.04320794
-0.03820247
-0.03360426
-0.03054765
-0.02777328
-0.02462914
-0.02077089
-0.01691438
-0.01304807
-0.009330733
-0.005755685
-0.001943037
0.001702279
0.004943899
0.007731967
0.01034745
0.01335762
0.01681095
0.02009168
0.02252549
0.02447883
0.0267002
0.02854471
0.03007697
0.03125423
0.03264459
0.0343303
0.03686763
0.03866446
0.03889572
0.03801992
0.03650907
0.03481433
0.03224315
0.02930127
0.02613097
0.02267735
0.01905137
0.01532918
0.01099432
0.007903301
0.006775327
0.006702597
0.006633634
0.005899881
0.00565801
0.006428638
0.007553095
0.008071717
0.007984874
0.007841233
0.007369245
0.006218636
0.004702035
0.003699442
0.002606809
0.001220702
-0.000560508
-0.002425042
-0.004455847
-0.006656001
-0.008625443
-0.01024549
-0.01130979
-0.01159126
-0.0109188
-0.009659141
-0.007575364
-0.004895413
-0.002342106
-0.000469346
0.00099273
0.002524765
0.004153973
0.00550265
0.006153048
0.006970053
0.00850108
0.009412751
0.01002876
0.0112447
0.01219083
0.01291995
0.01374997
0.0149829
0.01638348
0.01773439
0.01874856
0.0196216
0.02005298
0.02020768
0.02129154
0.02301264
0.02360992
0.02307596
0.0233138
0.02397618
0.02484261
0.02663659
0.02899745
0.03099063
0.03265013
0.03345281
0.03379415
0.03476685
0.03549459
0.03552608
0.03534459
0.03546621
0.03515789
0.03452441
0.03367047
0.03290747
0.0313282
0.0288465
0.0258785
0.02289929
0.01960907
0.01596958
0.01226378
0.008403225
0.004732165
0.001207601
-0.001863287
-0.004091506
-0.005822515
-0.006725345
-0.005902614
-0.005689253
-0.006630651
-0.007236994
-0.0069758
-0.006001021
-0.004958996
-0.003340999
-0.000859216
0.001659762
0.004067402
0.005977183
0.006938415
0.007786118
0.009797521
0.01219535
0.01342291
0.01341421
0.01315662
0.01268366
0.01177443
0.009509149
0.006456287
0.002964227
-0.001357297
-0.005387041
-0.009419032
-0.01396639
-0.0182028
-0.02234226
-0.02647174
-0.03019564
-0.03325629
-0.03584827
-0.03845306
-0.04106638
-0.04334911
-0.04554547
-0.04753614
-0.04872708
-0.04951512
-0.05019224
-0.05051322
-0.05037054
-0.05019256
-0.04992731
-0.04982821
-0.04984385
-0.04982319
-0.04924679
-0.04781513
-0.04652695
-0.04621032
-0.04602654
-0.04539575
-0.04473861
-0.04433076
-0.04476606
-0.04575802
-0.04590682
-0.04523153
-0.04376115
-0.04257885
-0.04105452
-0.03763447
-0.03349664
-0.03028354
-0.02721534
-0.02377068
-0.02037394
-0.01796287
-0.0160156
-0.01418892
-0.01251313
-0.01084568
-0.008881411
-0.006427991
-0.004088626
-0.00175835
0.000811608
0.00376626
0.006334487
0.008637641
0.0107425
0.01236978
0.01362192
0.01455164
0.01504005
0.01499483
0.0142976
0.01359354
0.01344255
0.01353324
0.01353664
0.01347282
0.01366388
0.01410216
0.01470367
0.01554377
0.0165026
0.01794397
0.01892235
0.01935572
0.02050404
0.02211761
0.02414213
0.02623063
0.02839876
0.0305683
0.03222733
0.03376284
0.03482565
0.03420371
0.03262659
0.03218214
0.03253001
0.03209439
0.0303747
0.02813667
0.02498209
0.02106886
0.01734091
0.01428074
0.01157512
0.008881863
0.006720984
0.005439333
0.005179845
0.00494763
0.004117254
0.003285867
0.002787894
0.002261111
0.001758657
0.001198682
0.000240228
-0.001425089
-0.00285143
-0.003678008
-0.004824845
-0.00601697
-0.006944293
-0.007781825
-0.00826984
-0.008709953
-0.009459734
-0.01041656
-0.0110624
-0.01174747
-0.0120679
-0.01145169
-0.01080305
-0.01071737
-0.01075442
-0.009590283
-0.007035903
-0.004224358
-0.001334265
0.001572531
0.00492838
0.008118136
0.01052474
0.01195244
0.01267046
0.01443458
0.01725757
0.01956449
0.02014825
0.02044204
0.02169275
0.02260496
0.02248998
0.02185261
0.02130465
0.02110989
0.02114689
0.0211662
0.02067247
0.01990554
0.0194609
0.01853789
0.0180887
0.01831798
0.01918917
0.02061554
0.02164623
0.022997
0.02389983
0.02430065
0.02458995
0.02499937
0.02519952
0.02500217
0.02375984
0.02232252
0.02112622
0.0196441
0.01784651
0.01600315
0.01484251
0.01452755
0.01323121
0.01088281
0.008597342
0.006956717
0.004952387
0.00194522
-0.001258349
-0.003918622
-0.006376432
-0.009050657
-0.01237265
-0.01718773
-0.02319993
-0.02871582
-0.03304423
-0.037181
-0.04155552
-0.04533714
-0.04792187
-0.04949809
-0.05077222
-0.05047624
-0.0488044
-0.04683128
-0.04491337
-0.04286954
-0.03964111
-0.03508723
-0.02975954
-0.02434161
-0.01981125
-0.01596745
-0.01137574
-0.006614055
-0.00229174
0.001589997
0.005198119
0.008069309
0.009348045
0.009198729
0.008572849
0.008283907
0.008376381
0.008499004
0.008423689
0.007851967
0.006936254
0.006151583
0.005513063
0.005668242
0.005389058
0.004455421
0.004221123
0.004340971
0.003805624
0.002850133
0.002029226
0.000579278
-0.001134986
-0.002007055
-0.003238941
-0.005111567
-0.007343287
-0.008997976
-0.009692659
-0.010487
-0.0125903
-0.0145684
-0.01559891
-0.01665648
-0.01796605
-0.01951024
-0.02058532
-0.020187
-0.01932182
-0.01826373
-0.01726548
-0.01637601
-0.01559459
-0.01461426
-0.01358889
-0.01285733
-0.01271577
-0.01267005
-0.01212629
-0.01083843
-0.009966959
-0.009468997
-0.009104494
-0.008500517
-0.008200905
-0.009005912
-0.01004748
-0.01031746
-0.0101269
-0.009906098
-0.008849483
-0.006968387
-0.004959536
-0.003033098
-0.00173602
-0.000954417
0.000131344
0.001882567
0.004094545
0.006011779
0.008099181
0.01026584
0.01170235
0.01276973
0.01344699
0.01356083
0.0129022
0.01179512
0.01089331
0.009955647
0.008604533
0.00672111
0.005074933
0.004215301
0.003646919
0.003115383
0.00308094
0.00324545
0.003114135
0.003287507
0.003563124
0.003795579
0.003737946
0.003310126
0.002632384
0.001763795
0.000591962
-4.40E-05
-0.000555325
-0.000592669
0.000169665
0.000856827
0.001438764
0.002065464
0.002889407
0.003950904
0.005084218
0.005498421
0.005358068
0.005494441
0.005969964
0.006204288
0.005727748
0.005502011
0.005530982
0.004546471
0.003005916
0.002259015
0.001968475
0.001250228
4.04E-05
-0.001203493
-0.00199112
-0.002233214
-0.002372878
-0.003231071
-0.004618355
-0.005262549
-0.005339758
-0.005555149
-0.006038335
-0.00609539
-0.005329294
-0.004701135
-0.003440061
-0.001885645
-0.00062071
0.00086928
0.002825344
0.004759385
0.005792552
0.007042076
0.008711598
0.01006034
0.01077107
0.01131156
0.01230359
0.01277854
0.01217581
0.01126039
0.01069911
0.01055554
0.01059232
0.01059974
0.01055613
0.01025602
0.01026383
0.01055138
0.01102726
0.01171092
0.01284643
0.01435147
0.01640312
0.01859336
0.02031537
0.021848
0.02343654
0.0253874
0.02745816
0.02920084
0.03100847
0.03268473
0.03339956
0.03404986
0.03478208
0.03446009
0.03284048
0.03200353
0.03206074
0.03145537
0.02973999
0.02792566
0.02657855
0.02533939
0.02361972
0.02136973
0.01887424
0.01626382
0.01405502
0.0122209
0.009507453
0.006417777
0.003706234
0.00138727
-0.000657751
-0.00307357
-0.005280089
-0.007002074
-0.008619519
-0.01042608
-0.01182342
-0.01329376
-0.01529578
-0.01708195
-0.01843043
-0.01963922
-0.02068658
-0.02156664
-0.02254768
-0.02295604
-0.0231943
-0.02375429
-0.0250979
-0.02555733
-0.02514194
-0.02570344
-0.02666087
-0.02673912
-0.02635355
-0.02610069
-0.02634259
-0.02688529
-0.02693515
-0.0265189
-0.02646818
-0.02654855
-0.02672457
-0.02646775
-0.02516065
-0.02282367
-0.02104835
-0.02059553
-0.01946648
-0.01725504
-0.01532061
-0.01323598
-0.01096196
-0.009244225
-0.007992909
-0.006474802
-0.005049112
-0.004556889
-0.004365976
-0.004214794
-0.003977949
-0.003921858
-0.003692608
-0.003393149
-0.002886783
-0.00232675
-0.001959397
-0.001826871
-0.00112414
-0.000128971
-0.000200639
-0.001332218
-0.002685324
-0.003117153
-0.002926515
-0.003133459
-0.003217426
-0.002699852
-0.0020424
-0.000681682
0.00049692
0.000478041
-0.000181331
-0.000449142
-0.000350142
-0.000572735
-0.000797731
-0.001753679
-0.002906412
-0.00373024
-0.004438565
-0.006152582
-0.009124783
-0.01054581
-0.01045017
-0.01021613
-0.01139068
-0.0133107
-0.01406152
-0.01381911
-0.01361169
-0.01347958
-0.01280849
-0.01193425
-0.01103798
-0.009941356
-0.009265943
-0.008699704
-0.007939093
-0.006436946
-0.005519383
-0.005289015
-0.004800543
-0.00404936
-0.002640919
-0.001596615
-0.000649821
0.001075093
0.003166145
0.004893337
0.006718984
0.008565282
0.01033423
0.01235673
0.01410627
0.01520702
0.01644558
0.01755249
0.01838546
0.01942395
0.02049301
0.01987703
0.01846406
0.01817835
0.01856243
0.01855783
0.01821831
0.01739297
0.01644969
0.01588001
0.01563933
0.01520909
0.01388525
0.0129125
0.01342474
0.01473467
0.01477732
0.01430244
0.01551358
0.01714765
0.01814972
0.01843121
0.01837896
0.01836111
0.01841045
0.01851859
0.01881641
0.0186768
0.01848606
0.01870954
0.01863663
0.01805563
0.01685613
0.01565998
0.01442214
0.01306884
0.01133431
0.009915697
0.009350677
0.008763875
0.008112301
0.007759441
0.007554238
0.007584491
0.008259696
0.008919869
0.009365541
0.01021811
0.01107755
0.01228393
0.01363892
0.01423067
0.01388743
0.01394469
0.01476728
0.0148946
0.01399477
0.01275037
0.01116031
0.009730724
0.008487458
0.006886267
0.005199861
0.004908074
0.00520605
0.004643739
0.003741128
0.002865118
0.001449848
-0.000391616
-0.002154258
-0.003638451
-0.005343109
-0.007369498
-0.008428023
-0.009312149
-0.0103782
-0.01165136
-0.01285497
-0.0141251
-0.01607049
-0.01770807
-0.01841117
-0.01895187
-0.01973099
-0.02032712
-0.02029688
-0.01917165
-0.01817924
-0.01733212
-0.01616833
-0.01530183
-0.01522451
-0.01571512
-0.01603762
-0.01612186
-0.01657588
-0.01717343
-0.01777747
-0.01768842
-0.01704032
-0.01739854
-0.01826563
-0.01820711
-0.01706462
-0.01579808
-0.01437625
-0.01280887
-0.01163321
-0.01054517
-0.00935418
-0.008183909
-0.008011172
-0.007616743
-0.006154002
-0.005074787
-0.005021692
-0.005315713
-0.005044077
-0.004186156
-0.003757422
-0.004203597
-0.005122125
-0.005494252
-0.005368816
-0.00501617
-0.004614033
-0.004176155
-0.003725512
-0.00361856
-0.003914004
-0.004177039
-0.004842503
-0.005699942
-0.005821415
-0.006397067
-0.007386989
-0.008095718
-0.007886863
-0.007048721
-0.006907842
-0.007376056
-0.007620242
-0.007357856
-0.007170528
-0.007095564
-0.006669921
-0.005898851
-0.005290065
-0.004238865
-0.00284534
-0.001729365
-0.00119103
-0.000742061
0.00038587
0.001449485
0.001666143
0.001539673
0.001439952
0.00069447
0.000111382
-0.000581098
-0.001682902
-0.002313575
-0.001691324
-0.000874117
-0.00027239
0.001038552
0.002531342
0.003328698
0.004500908
0.006117611
0.007386632
0.00797815
0.008084083
0.008243885
0.008007193
0.007564758
0.007414718
0.006819837
0.005326744
0.003864962
0.002684002
0.001803901
0.000570889
-0.000330315
-0.00124528
-0.002215532
-0.00285759
-0.003473088
-0.004584652
-0.005763314
-0.006703346
-0.007153673
-0.007173977
-0.007374525
-0.007496123
-0.007268336
-0.006738061
-0.005581823
-0.003980965
-0.003602641
-0.003681527
-0.003602639
-0.002862517
-0.002314338
-0.002039459
-0.001823353
-0.001730301
-0.001649855
-0.001255793
-0.000769233
-0.000865022
-0.001357875
-0.00091417
-0.000204747
0.000140113
-0.000440666
-0.000374125
0.000203733
0.000445698
0.000132178
-0.000267206
-0.00029968
-0.000317665
-0.000408456
-0.000466288
-0.000343423
0.000339547
0.001333532
0.002438385
0.002825328
0.003258806
0.004428561
0.005704097
0.005678351
0.005291507
0.006126339
0.007370018
0.008202146
0.008438152
0.008378902
0.008463101
0.00874224
0.009243324
0.009626147
0.009803534
0.009919233
0.0104022
0.01173693
0.0133183
0.01368742
0.01361792
0.01408958
0.0147613
0.0161676
0.01761667
0.01886643
0.01981871
0.0207955
0.022058
0.02309025
0.02283774
0.02301689
0.0237415
0.02467125
0.02500522
0.02412446
0.0232115
0.02304681
0.02296025
0.02208946
0.02095231
0.01984327
0.01891703
0.0185081
0.01733471
0.01603975
0.01461938
0.01332789
0.0118799
0.01001829
0.008399191
0.007262743
0.005791732
0.004517276
0.003918921
0.003415475
0.002352411
0.000884274
-0.000645751
-0.001530596
-0.002393186
-0.003862024
-0.005524974
-0.006673509
-0.007753368
-0.009112168
-0.0109797
-0.01186178
-0.0126309
-0.01460179
-0.01700038
-0.01871103
-0.0195495
-0.020442
-0.02162475
-0.02279251
-0.02374868
-0.02400603
-0.02354333
-0.02341506
-0.02382841
-0.02387816
-0.0232562
-0.02293045
-0.02380088
-0.02473271
-0.02493429
-0.02532554
-0.02594258
-0.02624669
-0.02688005
-0.02718022
-0.02696548
-0.02683251
-0.0267301
-0.02680622
-0.02639628
-0.02546116
-0.02440309
-0.0238104
-0.02336201
-0.02220956
-0.02080553
-0.01963237
-0.01830431
-0.01682095
-0.01460561
-0.01257001
-0.01094542
-0.009337964
-0.007743865
-0.006179699
-0.004362309
-0.002724003
-0.001937607
-0.001349648
-0.000247439
0.001177539
0.002176099
0.001838008
0.000834148
0.000505184
0.000861228
0.000732473
0.000699832
0.001158852
0.001598297
0.001802517
0.002230674
0.00264712
0.002650644
0.004067221
0.00648758
0.00817792
0.009716486
0.01103892
0.01270335
0.01376288
0.01384116
0.01328921
0.01259389
0.0126076
0.01285237
0.01259911
0.0119501
0.01112852
0.01079674
0.01098646
0.01096378
0.01002268
0.009327163
0.009048662
0.009376121
0.009893132
0.01031701
0.01040354
0.01079065
0.01195753
0.01283359
0.01228253
0.01167687
0.01182708
0.01183183
0.01135824
0.01110061
0.01099107
0.01065332
0.01046378
0.01062848
0.01051014
0.01031175
0.01010502
0.009445619
0.008615504
0.008069334
0.007565548
0.007237315
0.007167214
0.007241507
0.006942339
0.006282641
0.006765554
0.008696082
0.01069372
0.01130469
0.01136679
0.01233303
0.01358545
0.01367254
0.01314072
0.01293538
0.01291505
0.0121583
0.01084794
0.009738688
0.008532473
0.007360951
0.00648951
0.005096215
0.003863804
0.003257327
0.002687231
0.001227985
-0.00050366
-0.002008491
-0.002950059
-0.004030735
-0.005873587
-0.006996362
-0.007413679
-0.007790408
-0.008014236
-0.008017963
-0.008256659
-0.008705154
-0.009450017
-0.009555991
-0.009024705
-0.008583755
-0.009104632
-0.009825856
-0.01008348
-0.009362908
-0.008708659
-0.008496616
-0.007771778
-0.006699798
-0.00628126
-0.006106727
-0.005976887
-0.005866466
-0.00509175
-0.003483414
-0.002591192
-0.002893176
-0.002761269
-0.001840315
-0.001263331
-0.001561046
-0.001941283
-0.002453001
-0.002559522
-0.001470271
-0.000645125
-0.000376202
-0.000196164
0.000780838
0.001734289
0.001883165
0.001956754
0.002499797
0.00307657
0.002887094
0.002272363
0.001988062
0.001489693
0.000623013
-0.0003
-0.00095564
-0.001903005
-0.002434521
-0.003155137
-0.003807929
-0.003520229
-0.003157905
-0.003934234
-0.004617604
-0.00408158
-0.003269125
-0.003747012
-0.005210495
-0.006040578
-0.00594984
-0.005711483
-0.005809666
-0.006230281
-0.006126471
-0.005821153
-0.006004984
-0.006875646
-0.008159997
-0.008627021
-0.007882207
-0.00703931
-0.006573082
-0.006425006
-0.005467408
-0.003817174
-0.002860484
-0.002147689
-0.000998656
0.000449344
0.001885304
0.003374102
0.004466444
0.005705477
0.007426609
0.008807277
0.009483422
0.01008938
0.01109795
0.01238616
0.01331846
0.01375296
0.01437046
0.01499908
0.01578861
0.01623648
0.01636054
0.01661707
0.01680692
0.01670518
0.01627901
0.01529492
0.01457695
0.01369023
0.01183238
0.01050519
0.009907321
0.00853679
0.006626768
0.005305306
0.004067744
0.002399945
0.000485424
-0.000822925
-0.00180477
-0.003059256
-0.004594206
-0.005927229
-0.007587277
-0.008782614
-0.009026671
-0.009665062
-0.01103002
-0.01255186
-0.01394096
-0.01569762
-0.01727801
-0.01890186
-0.02040319
-0.02193884
-0.02312629
-0.02351223
-0.02345185
-0.02308283
-0.02251319
-0.02198933
-0.02209179
-0.02233168
-0.02218042
-0.02232397
-0.02249258
-0.02164657
-0.02098568
-0.0207802
-0.02022023
-0.01937555
-0.01833888
-0.01713934
-0.01646465
-0.01586812
-0.01484954
-0.01392287
-0.01306043
-0.01220517
-0.01073626
-0.008957236
-0.008275364
-0.008467343
-0.008655694
-0.007992099
-0.006704775
-0.005825401
-0.005313299
-0.004130313
-0.002793713
-0.001370484
0.000582011
0.002087731
0.002624998
0.003864823
0.006011268
0.008113747
0.008841856
0.009183045
0.01024719
0.0115091
0.01290745
0.01402817
0.01442551
0.01493328
0.01542535
0.01558526
0.0163105
0.01732802
0.01737879
0.01690615
0.01686492
0.0172149
0.01712119
0.01686608
0.01679421
0.01700302
0.01743363
0.01778059
0.01784385
0.01837761
0.01824219
0.01766657
0.01752659
0.01718418
0.01661821
0.0157704
0.01483201
0.01415981
0.01354349
0.0131509
0.01310142
0.01216588
0.01026352
0.009067454
0.00857861
0.008095104
0.007511345
0.006701966
0.005877576
0.005059919
0.004140957
0.002405825
0.00016443
-0.000809038
-0.001163749
-0.001817097
-0.002766194
-0.003459112
-0.004089474
-0.004379094
-0.004587303
-0.004681209
-0.004298664
-0.004043411
-0.003798709
-0.004450499
-0.004804857
-0.004416989
-0.004398493
-0.00464415
-0.005608812
-0.006102554
-0.005874649
-0.005062396
-0.004149178
-0.003390802
-0.002558872
-0.001427194
-0.000874029
-0.000821684
-0.000356753
0.000430553
0.000206667
-0.00076454
-0.001795994
-0.002889066
-0.003827002
-0.005163229
-0.005965083
-0.005973782
-0.006023153
-0.007097963
-0.008415643
-0.009546231
-0.01001227
-0.009980273
-0.01029039
-0.01103184
-0.01138007
-0.01124993
-0.01109994
-0.01116198
-0.01126089
-0.01075575
-0.009186538
-0.007604181
-0.006929637
-0.006377324
-0.005234786
-0.003927214
-0.003214394
-0.003188126
-0.003700864
-0.00412578
-0.003922018
-0.003374981
-0.00341775
-0.003557684
-0.003387198
-0.003212567
-0.003202279
-0.003257398
-0.003271863
-0.003370415
-0.004007304
-0.004299736
-0.004320603
-0.004327255
-0.003778598
-0.00282099
-0.002259681
-0.002288481
-0.001825889
-0.00094774
-0.000442429
-0.00046271
-0.000202752
0.000629651
0.001416286
0.00240674
0.003661585
0.003871588
0.00361513
0.004145887
0.004865842
0.005705527
0.006598152
0.007027472
0.007434868
0.00827844
0.008901427
0.008952533
0.008517345
0.008538164
0.009245534
0.009939337
0.01021318
0.01016306
0.01010479
0.01024098
0.0106557
0.01104889
0.01098489
0.01087836
0.01054042
0.01005369
0.01000712
0.01003865
0.009424817
0.008512098
0.008053679
0.008276004
0.008045411
0.007127294
0.006213186
0.005995047
0.006037761
0.005447225
0.004283351
0.002743208
0.001971019
0.001488368
0.000510843
-0.000473049
-0.001111628
-0.001287701
-0.001529376
-0.001809231
-0.001499625
-0.000187391
0.001261828
0.001699773
0.001816089
0.00205674
0.003153742
0.004615459
0.005118859
0.005358826
0.005911227
0.006540607
0.006523695
0.005698069
0.004535063
0.0043485
0.004638794
0.004265915
0.002749449
0.001060539
3.59E-05
-0.000600027
-0.001089208
-0.001745662
-0.002787644
-0.003368631
-0.003342589
-0.003198222
-0.003381761
-0.003639184
-0.003448575
-0.003182026
-0.002802013
-0.00249328
-0.003487867
-0.004482223
-0.003939162
-0.003149313
-0.003072694
-0.003669383
-0.004562516
-0.005410262
-0.006423156
-0.007204486
-0.007807418
-0.009325506
-0.01067443
-0.01124889
-0.01126378
-0.01141319
-0.01159344
-0.01119748
-0.01090878
-0.01164137
-0.01217885
-0.0120716
-0.01163252
-0.01125471
-0.01119993
-0.01127593
-0.01129386
-0.01126142
-0.01129653
-0.01216542
-0.01359201
-0.01414133
-0.0136009
-0.01294018
-0.01295249
-0.01344359
-0.01355091
-0.01301253
-0.01189694
-0.01116803
-0.01052276
-0.009199079
-0.008237543
-0.006973349
-0.005838998
-0.004743593
-0.003879227
-0.003358811
-0.003223808
-0.002907118
-0.001818425
-0.000682606
-0.000369193
-0.000384273
0.000795392
0.001852016
0.001952448
0.001708394
0.002511852
0.003546584
0.004408247
0.004846314
0.004875106
0.004812976
0.004899378
0.00563087
0.006866317
0.00825433
0.009811529
0.01076563
0.01115105
0.01171547
0.01258429
0.01306175
0.01335113
0.013486
0.01375699
0.01410466
0.0144661
0.01435143
0.01287525
0.01237965
0.01326602
0.01377109
0.01253007
0.01138475
0.01165062
0.01208315
0.01115805
0.01001082
0.009203803
0.008505075
0.007637226
0.006912444
0.006377585
0.005494227
0.004828811
0.004735468
0.004601421
0.004441761
0.004252607
0.003869754
0.003481659
0.003306245
0.00307913
0.002976937
0.00277077
0.002338372
0.002092332
0.002108667
0.002174659
0.002173561
0.002141408
0.001863644
0.001408741
0.000898518
0.00069025
0.000813343
0.001096858
0.000338423
-0.000562765
-0.000827135
-0.001328936
-0.002431473
-0.002951706
-0.002848955
-0.00243535
-0.002222338
-0.002484647
-0.003094255
-0.003987793
-0.004251345
-0.003580625
-0.003100602
-0.003147704
-0.003557765
-0.003996332
-0.004409047
-0.004698328
-0.005327801
-0.005470698
-0.005233093
-0.005526396
-0.005882549
-0.00594064
-0.005846707
-0.00581049
-0.005960253
-0.006392487
-0.006937109
-0.007666792
-0.008531867
-0.009481885
-0.01034361
-0.011022
-0.01122248
-0.01118374
-0.01118577
-0.01083838
-0.009851825
-0.009468051
-0.009689217
-0.009667788
-0.009779749
-0.009921743
-0.00954719
-0.008622016
-0.007172234
-0.005948326
-0.005674027
-0.00562975
-0.004397058
-0.002950457
-0.001385083
-9.78E-05
0.000795397
0.001647543
0.002183705
0.003056923
0.004214284
0.004304852
0.00488349
0.006025113
0.007247862
0.008392786
0.008935339
0.009323535
0.009660444
0.01040953
0.01116562
0.01076931
0.01011818
0.009979327
0.009837738
0.009276247
0.008032664
0.007147848
0.006481028
0.00568528
0.004474336
0.003672369
0.002631647
0.000801071
-0.000572323
-0.000758
-0.000499935
-0.000925758
-0.001792427
-0.002267302
-0.002481897
-0.002528905
-0.002544622
-0.002890249
-0.003245115
-0.003310651
-0.003199065
-0.002584397
-0.001374548
-0.000530001
-0.001142179
-0.002234175
-0.002807167
-0.003119507
-0.003224835
-0.003234264
-0.003231292
-0.003235493
-0.003238553
-0.003237302
-0.003479415
-0.004667566
-0.005080513
-0.003908074
-0.003001899
-0.003031968
-0.003313683
-0.003342112
-0.003227992
-0.002927744
-0.002018803
-0.001375136
-0.001300276
-0.001657424
-0.001682491
-0.001459839
-0.001041942
-0.000591829
-0.000460809
-0.000257841
0.000711721
0.001926603
0.002363675
0.002314043
0.003095532
0.003773738
0.004374442
0.005454801
0.006809058
0.007564724
0.007570759
0.007966981
0.009413553
0.01004812
0.01007563
0.0100667
0.01009492
0.009900979
0.01053562
0.01075428
0.009468491
0.007910994
0.007281323
0.00742838
0.007591915
0.007534222
0.007445994
0.007447744
0.007405403
0.006873298
0.006464768
0.005611309
0.004962302
0.005199508
0.005511942
0.005193517
0.004823984
0.004702194
0.00441597
0.004176614
0.003867652
0.003533825
0.003454375
0.00347368
0.003219596
0.00313617
0.00388538
0.004827416
0.005072783
0.004892676
0.004797484
0.004859377
0.004994842
0.005521592
0.005483758
0.004986808
0.00449082
0.004461611
0.004813098
0.004818847
0.003799534
0.002868069
0.00220243
0.001328506
0.000110174
-0.000606028
-0.000618768
-0.000705882
-0.000803058
-0.000714436
-0.001534176
-0.002913622
-0.003790194
-0.004411081
-0.005216177
-0.006168698
-0.007120622
-0.008019591
-0.008880791
-0.009702525
-0.01041181
-0.0113536
-0.01152521
-0.01123633
-0.01105451
-0.01107964
-0.01121949
-0.01161117
-0.01204689
-0.01205844
-0.01194473
-0.01224769
-0.01290054
-0.01371163
-0.01393977
-0.01353748
-0.01330458
-0.01313589
-0.01248548
-0.01178119
-0.01128698
-0.01083062
-0.009890532
-0.009350422
-0.008978921
-0.008602128
-0.008453726
-0.008404212
-0.007739895
-0.006542186
-0.006066524
-0.005615889
-0.004811562
-0.003968603
-0.002541774
-0.000945317
0.00069844
0.00208732
0.003564696
0.0053742
0.005890443
0.005992671
0.006366321
0.006992618
0.008156302
0.00897437
0.0093968
0.01000013
0.01036401
0.01034259
0.00983888
0.009190768
0.009445671
0.009765804
0.009707897
0.009274233
0.008900056
0.009133161
0.009050403
0.008306824
0.007563477
0.007389637
0.007524182
0.00747434
0.007043227
0.006499547
0.006188006
0.006190565
0.006647637
0.007358329
0.007637953
0.007551436
0.007466581
0.007494735
0.007538936
0.007538745
0.007513078
0.007226399
0.006783994
0.006320339
0.005767593
0.005103767
0.004835422
0.004896713
0.00474194
0.003932298
0.002846332
0.002301478
0.002963407
0.003273957
0.00217
0.00086386
0.000168273
-0.000279739
-0.000467589
-0.000481701
-0.00046038
-0.000579605
-0.001253509
-0.0022393
-0.003190488
-0.003932847
-0.003720883
-0.003176839
-0.003028139
-0.003156833
-0.003075332
-0.002287087
-0.001378985
-0.000868219
-0.000723397
-0.001299352
-0.001372147
-0.001153383
-0.001163877
-0.001328761
-0.000947342
-0.000767845
-0.000675514
-0.000522158
-0.000595527
-0.001293096
-0.001689492
-0.001483774
-0.001530284
-0.001747608
-0.002321558
-0.003034937
-0.003261321
-0.003108565
-0.002993865
-0.003026022
-0.003110923
-0.003174688
-0.003485929
-0.003907747
-0.004047339
-0.003967523
-0.002909208
-0.00201914
-0.002530743
-0.003248707
-0.003340925
-0.003130806
-0.003092767
-0.003498814
-0.004024821
-0.00441909
-0.004493553
-0.004239062
-0.004014686
-0.004408862
-0.00428737
-0.003361743
-0.002682085
-0.002658515
-0.003016091
-0.002583768
-0.001760878
-0.00121177
-0.001169787
-0.000806823
-0.000433686
-0.000357177
-0.000437446
-0.000472319
-0.000176232
0.000854365
0.002039258
0.002517118
0.003003106
0.003558683
0.004090157
0.004746591
0.005046171
0.005009356
0.005189248
0.005906115
0.006801771
0.006846873
0.006346189
0.006129341
0.006155034
0.005633203
0.005003724
0.004845319
0.004970184
0.004925129
0.004876372
0.005048994
0.00463943
0.00378262
0.003138684
0.003187833
0.003553495
0.003276338
0.00206179
0.001232723
0.000998402
0.000299052
-0.001298621
-0.002944602
-0.003388045
-0.003123697
-0.003123125
-0.00361158
-0.00419306
-0.004007458
-0.003280368
-0.003428058
-0.004559273
-0.005400865
-0.005711841
-0.005694981
-0.005664755
-0.005665627
-0.005391439
-0.005238988
-0.005111263
-0.005231444
-0.00560187
-0.005777818
-0.005734402
-0.005676168
-0.005685548
-0.005712037
-0.005714197
-0.005931562
-0.006687879
-0.007193027
-0.007193094
-0.007061028
-0.007049751
-0.007104061
-0.006832828
-0.006038658
-0.005579018
-0.005618191
-0.005479497
-0.004806415
-0.004686922
-0.005199533
-0.005640703
-0.005178001
-0.004814023
-0.004584702
-0.003957786
-0.003236021
-0.002979658
-0.003067638
-0.003222281
-0.003726392
-0.003319386
-0.002051625
-0.001362412
-0.001138872
-0.000838395
-0.000366961
0.000745654
0.002073576
0.002536442
0.002755747
0.003330816
0.00370156
0.003815395
0.004114693
0.004234453
0.004162459
0.004345633
0.004414297
0.003632058
0.003192149
0.003058956
0.002610753
0.002283559
0.002255148
0.002042218
0.001998544
0.002111849
0.001437139
0.000154531
-0.000534843
-0.000481502
-0.000610193
-0.000933732
-0.000909586
-0.00092514
-0.001144958
-0.000364413
0.000787476
0.000702798
-0.000198557
-0.000591989
-0.000415801
-0.000202653
-0.000212976
-0.000483152
-0.000914186
-0.000951238
-0.000830799
-0.001217294
-0.002298033
-0.002602843
-0.001521764
-0.000333505
-0.000110421
-0.000371722
-0.000468429
-0.000371028
-0.000485131
-0.000732124
-0.000860534
-0.000583201
0.000183366
0.000390102
3.85E-05
0.000101627
0.00063353
0.000505695
-0.00015802
-0.000478833
-0.000394202
-0.000300445
-0.000783253
-0.001197468
-0.001282562
-0.001239022
-0.001656487
-0.002258812
-0.002767385
-0.002966661
-0.002941374
-0.002938533
-0.003278796
-0.003440616
-0.003541283
-0.00390402
-0.004199992
-0.003996484
-0.003443943
-0.004215434
-0.005438081
-0.005827888
-0.005919894
-0.00602602
-0.00596625
-0.006120218
-0.006307683
-0.005869309
-0.00545904
-0.005410232
-0.005510388
-0.00499666
-0.003422046
-0.001732502
-0.000716171
-0.000226407
0.000492072
0.001261942
0.002034029
0.002563181
0.002926019
0.003558776
0.003755384
0.004408315
0.004640608
0.004456313
0.004348019
0.004269909
0.004536614
0.004519169
0.004396588
0.00472292
0.005110145
0.00544123
0.0054428
0.005360759
0.005396027
0.005320036
0.005350407
0.005177262
0.005304091
0.005564298
0.006091454
0.006638038
0.006844599
0.006898374
0.00736333
0.00860301
0.009691761
0.009921193
0.009695246
0.009303059
0.008911964
0.008636793
0.008531609
0.008010113
0.007470317
0.007391684
0.007520556
0.007050086
0.005617247
0.004982491
0.005199572
0.005581606
0.005298321
0.004764543
0.004768872
0.005023632
0.004864555
0.004750667
0.004673091
0.004372238
0.003594579
0.002885435
0.002415695
0.002054296
0.00194191
0.001831125
0.001469211
0.000684497
-0.000121032
-0.000355739
-0.000247215
-0.000622614
-0.001857732
-0.00296507
-0.003617214
-0.004103519
-0.004444545
-0.005120857
-0.005618027
-0.005980128
-0.006046914
-0.006490869
-0.00696497
-0.007361847
-0.007274383
-0.006970973
-0.006873407
-0.007110141
-0.008183888
-0.00901469
-0.008748746
-0.008201655
-0.008095882
-0.008248762
-0.008312665
-0.008104906
-0.00737175
-0.007020145
-0.007544951
-0.007497013
-0.006852696
-0.005894812
-0.005424567
-0.005481161
-0.005586688
-0.004952933
-0.003487173
-0.00266373
-0.002769206
-0.002859034
-0.002106617
-0.001438644
-0.001202118
-0.000965531
-0.000661235
-0.000523415
-0.000323595
-0.000238695
-0.000538319
-0.000530098
-0.000452454
-0.000704354
-0.000735814
-0.000337654
0.00063465
0.001844023
0.00207696
0.001980096
0.002222667
0.00213688
0.001876854
0.001921192
0.001858587
0.001411615
0.00127855
0.002041644
0.002935977
0.002919577
0.002461621
0.002002789
0.002155162
0.002507556
0.002593695
0.002535604
0.002824442
0.003333652
0.003773859
0.003836548
0.003249983
0.002582912
0.00292026
0.003723038
0.003996439
0.003840415
0.003729422
0.003744699
0.003290392
0.00261473
0.002382488
0.002260493
0.001550643
0.000502807
-0.000209251
-0.000282531
-0.000355803
-0.001074871
-0.002186697
-0.003265826
-0.003827495
-0.004097326
-0.004172795
-0.004205366
-0.004537076
-0.004989682
-0.004890551
-0.004314679
-0.004011352
-0.003580076
-0.002971663
-0.002385426
-0.001931973
-0.001554777
-0.001248214
-0.000874809
-0.000335528
0.00100327
0.002368599
0.002156213
0.000869796
8.91E-05
0.000227276
0.000713104
0.000602814
-7.14E-05
-0.000658954
-0.000699111
-0.000750172
-0.001231813
-0.002176176
-0.002827245
-0.002293906
-0.00145628
-0.001255241
-0.001444143
-0.001318087
-0.001053299
-0.0006541
5.32E-05
0.000912026
0.001503217
0.001825326
0.001936676
0.002053
0.001952941
0.002021658
0.002026088
0.001965665
0.002045013
0.002193519
0.002412121
0.00220418
0.002249746
0.002246077
0.001951737
0.001979507
0.002311704
0.002158136
0.001667246
0.001513301
0.001424455
0.001841475
0.002467477
0.002690846
0.002604274
0.002863875
0.003969569
0.005063346
0.004727904
0.00388967
0.003660857
0.003538067
0.002930371
0.002505299
0.002502443
0.002620662
0.002637099
0.002591501
0.002488881
0.001842131
0.001533599
0.002484906
0.003755693
0.004135227
0.003726305
0.003852165
0.004465238
0.004990409
0.00523709
0.005222128
0.005175886
0.005192184
0.004992578
0.004907518
0.005094508
0.004889547
0.004417864
0.004309886
0.004101525
0.003291976
0.002586494
0.002486337
0.002334484
0.001656748
0.001273592
0.00138316
0.001259017
0.000779721
0.000219343
3.41E-05
0.000112084
0.000169184
0.000134445
-0.000288816
-0.000995873
-0.001172802
-0.000553346
-0.000309324
-0.000805304
-0.001442887
-0.001912854
-0.002319787
-0.00262873
-0.002705054
-0.002672505
-0.003073888
-0.00385493
-0.004216485
-0.004942297
-0.006301324
-0.00654474
-0.005694944
-0.005336584
-0.006125039
-0.006873792
-0.006782118
-0.006335915
-0.006459644
-0.006451046
-0.006040369
-0.005810712
-0.005669135
-0.005501936
-0.005269894
-0.004573901
-0.003865393
-0.003099924
-0.002696356
-0.002671279
-0.002906463
-0.003614701
-0.00410343
-0.004121044
-0.004142005
-0.004527114
-0.005112539
-0.005406663
-0.005371754
-0.005294073
-0.005271606
-0.004973746
-0.004498202
-0.004070225
-0.003964694
-0.003997513
-0.00351284
-0.002584958
-0.001630244
-0.001796609
-0.002603294
-0.002951706
-0.003279386
-0.003121192
-0.002237812
-0.0014147
-0.00119812
-0.00137397
-0.001813732
-0.002293228
-0.002667687
-0.002414632
-0.001017436
9.38E-05
0.000196227
0.000206574
0.000880111
0.001444633
0.001509747
0.001376219
0.001422631
0.002093679
0.002727855
0.002824333
0.002435926
0.00228875
0.002585742
0.002705052
0.002010933
0.001637304
0.002292572
0.002768553
0.002367291
0.002071924
0.002439709
0.002789666
0.002408379
0.001584667
0.001252452
0.001375133
0.001492356
0.001459087
0.001401988
0.001402092
0.001396765
0.001468166
0.001891131
0.002471704
0.002614698
0.00185517
0.001226073
0.001200184
0.001229344
0.000879726
0.000747718
0.000829519
0.001096831
0.001339449
0.0014156
0.001279061
0.001049522
0.00127238
0.001824531
0.001830445
0.001488087
0.001345301
0.001613637
0.002098858
0.002570527
0.002821005
0.00266485
0.002205909
0.001669527
0.001409621
0.001428423
0.00152005
0.001836898
0.001966606
0.001935175
0.002195513
0.002696705
0.002897806
0.002807995
0.002721533
0.002973183
0.003224101
0.003573484
0.003995999
0.003807861
0.003444628
0.003123238
0.002835486
0.002742403
0.002715737
0.002357917
0.002027418
0.002135989
0.003233394
0.003723884
0.002424386
0.001211467
0.001114093
0.001441952
0.001438079
0.000696296
0.000106178
0.000316758
0.000110252
-0.000530167
-0.001294804
-0.001999798
-0.001667884
-0.001149633
-0.001187419
-0.001988385
-0.002603347
-0.002703228
-0.002839095
-0.003212163
-0.003494051
-0.003654241
-0.003762954
-0.003803533
-0.003801342
-0.003932798
-0.004593053
-0.005149785
-0.005274797
-0.005502678
-0.005807292
-0.005745929
-0.005368435
-0.004720132
-0.004387402
-0.004154415
-0.00364772
-0.003270136
-0.002477921
-0.001392188
-0.00099532
-0.001137749
-0.001279378
-0.001107731
-0.000638847
0.000238479
0.001001959
0.001400573
0.002185654
0.002654295
0.001880769
0.001186894
0.001165226
0.001563715
0.001713162
0.001428395
0.001818917
0.003020294
0.003580482
0.003347116
0.00223994
0.001105954
0.001890851
0.003506492
0.004047798
0.003637131
0.003092743
0.003306876
0.003899484
0.004351704
0.004952292
0.005493054
0.006037529
0.006438175
0.006499693
0.007078705
0.008159202
0.008410699
0.008074872
0.007758357
0.007920765
0.007953589
0.007881413
0.007879734
0.007481196
0.006312734
0.005561968
0.005550088
0.005549824
0.0045014
0.003375423
0.002700457
0.002335982
0.002057725
0.001520775
0.000557038
0.000117569
0.000245006
0.000680601
0.000360526
-0.001258049
-0.002545433
-0.002680332
-0.00256763
-0.002742974
-0.003234964
-0.004290008
-0.005123119
-0.005248897
-0.00521418
-0.00635142
-0.007730972
-0.007584237
-0.006438179
-0.006182186
-0.007125161
-0.008007111
-0.008085829
-0.00786841
-0.008376493
-0.009167471
-0.009722605
-0.00984943
-0.01002524
-0.01034171
-0.010163
-0.009485719
-0.008378974
-0.007709893
-0.007699568
-0.007845715
-0.007520382
-0.006644316
-0.00567922
-0.00544261
-0.005594579
-0.005801608
-0.005559571
-0.005121951
-0.004984913
-0.005065748
-0.004890703
-0.004848212
-0.00506598
-0.004764255
-0.003595251
-0.002515719
-0.002048739
-0.000886535
0.00020499
0.000432447
0.000230801
0.000662516
0.002037955
0.002726984
0.002869311
0.002867056
0.002894393
0.002887588
0.00283822
0.002218849
0.001300279
0.001727467
0.002810921
0.003030118
0.002080676
0.001536243
0.002309428
0.003074471
0.003107302
0.002895516
0.002862124
0.002950364
0.002989064
0.003120099
0.003635638
0.003493708
0.003371174
0.003746729
0.004453361
0.005009111
0.005240974
0.005256093
0.005501866
0.005698241
0.005662051
0.005269445
0.005311742
0.005627792
0.00572212
0.00530053
0.004923767
0.004670569
0.004068487
0.003798784
0.004158112
0.004134473
0.004055357
0.004630724
0.004087109
0.00302061
0.002369716
0.002648762
0.003059276
0.002862495
0.002572716
0.002782112
0.003036101
0.00305791
0.002421852
0.000687131
-0.000294932
0.000307277
0.0015408
0.002294168
0.002357109
0.002176299
0.002058655
0.002229244
0.00243703
0.002792978
0.00300703
0.003025282
0.002987619
0.002986127
0.003005489
0.003006246
0.002953535
0.00290414
0.002923174
0.002991322
0.003023659
0.003015647
0.003005824
0.003008972
0.003015083
0.003016433
0.003015347
0.003015636
0.002890385
0.002313113
0.002414571
0.002943204
0.003157382
0.003058248
0.002970263
0.002995734
0.003166888
0.003747218
0.003629707
0.00309792
0.002891714
0.002996347
0.00308463
0.003059178
0.003017144
0.002901946
0.002685403
0.002834783
0.002541761
0.001216701
-5.47E-05
0.000104065
0.000779824
0.000689885
0.00014566
-0.000980849
-0.001592093
-0.00154547
-0.001966396
-0.002386336
-0.002452267
-0.002491623
-0.00283134
-0.003060511
-0.002908823
-0.002488253
-0.002637629
-0.002977622
-0.00273469
-0.002333767
-0.002201131
-0.002246186
-0.002474001
-0.002877792
-0.00309006
-0.003532292
-0.003456598
-0.002692968
-0.003079586
-0.004311367
-0.005083524
-0.005289084
-0.005685281
-0.006490673
-0.007471497
-0.007765007
-0.006851747
-0.005353389
-0.005579381
-0.007184941
-0.007983968
-0.007478988
-0.006202217
-0.005382168
-0.005055859
-0.004919021
-0.004522242
-0.003707513
-0.002610422
-0.002775336
-0.003583959
-0.002933686
-0.00088175
0.000637591
0.000796382
0.00101516
0.001388637
0.001815262
0.002652073
0.002582651
0.001943174
0.001978671
0.002367697
0.002693249
0.002642003
0.00215854
0.001487889
0.001807395
0.00153487
0.00138429
0.001212403
0.001091259
0.000897456
0.000584271
0.00045199
0.000487582
0.000525899
0.000473549
0.000405085
0.000397007
0.00067642
0.000929623
0.001018595
0.000989578
0.000645746
0.000380326
0.000633858
0.001370047
0.00122997
0.000518096
-4.25E-05
-0.00010613
-0.000764615
-0.00155702
-0.001793618
-0.001748015
-0.001565732
-0.001695122
-0.001776649
-0.001986504
-0.002190622
-0.001722017
-0.000440518
1.90E-05
-0.000779959
-0.001410871
-0.00091461
-0.000396695
-0.000848926
-0.001617675
-0.002146528
-0.002309886
-0.002570395
-0.0030121
-0.004217574
-0.005224163
-0.005768199
-0.006423812
-0.007273373
-0.007650805
-0.008337427
-0.009294091
-0.009973435
-0.01010589
-0.009962266
-0.009898163
-0.009937602
-0.00994364
-0.009894126
-0.0100804
-0.01023494
-0.009997639
-0.009750058
-0.009700168
-0.009534475
-0.009298434
-0.008319488
-0.007162756
-0.007101112
-0.007963722
-0.008118846
-0.007448952
-0.006794537
-0.006707
-0.006573642
-0.005568407
-0.004295891
-0.003778037
-0.003609236
-0.003787379
-0.003618596
-0.002224148
-0.000472698
0.000637835
0.001321156
0.001915015
0.003265307
0.004333634
0.004513239
0.004552947
0.004980222
0.005935077
0.006711948
0.007076533
0.007426879
0.007889734
0.008321154
0.008744379
0.009361728
0.009666056
0.00963501
0.009807591
0.01016638
0.01037088
0.01075038
0.01122547
0.01135994
0.01116609
0.01108601
0.01133652
0.01133513
0.01114984
0.01070427
0.01007553
0.009454682
0.009298939
0.009477535
0.009818867
0.009666208
0.009281489
0.008629935
0.00805602
0.007160958
0.006695038
0.006736528
0.006859152
0.006852714
0.006798802
0.006623891
0.005364743
0.004394089
0.004727714
0.006156278
0.007010492
0.006021831
0.004744391
0.004759369
0.005016402
0.004692114
0.004344821
0.00431353
0.004149323
0.004124524
0.004221222
0.003695829
0.00299625
0.002204639
0.001737903
0.001459646
0.001406701
0.001178756
0.000407192
-0.000190425
-0.00052159
-0.000742475
-0.000816227
-0.000829541
-0.000801408
-0.000778692
-0.001194993
-0.002076749
-0.00278423
-0.00292602
-0.003087309
-0.003387203
-0.003524727
-0.003473703
-0.002854896
-0.002860988
-0.003958374
-0.004988053
-0.005599618
-0.005569155
-0.005704853
-0.006021994
-0.006149583
-0.006139659
-0.006130738
-0.006165595
-0.006995579
-0.008225695
-0.007500939
-0.006167732
-0.005821492
-0.006130041
-0.006295194
-0.006197135
-0.006103171
-0.006119514
-0.006161492
-0.006163959
-0.005990719
-0.004990975
-0.003930681
-0.003362394
-0.003214229
-0.002505146
-0.001332657
-0.000879267
-0.000447378
0.000117595
0.000493819
0.000616347
0.000732263
0.001542055
0.00222379
0.002290645
0.001745494
0.001409211
0.001624423
0.001705288
0.001604532
0.00141246
0.001036274
0.001007344
0.000557033
0.000827965
0.001759891
0.001232428
-0.000304312
-0.001464888
-0.001486283
-0.001271761
-0.001502097
-0.001322557
-0.00104823
-0.000697713
-0.000552364
-0.000999808
-0.002212864
-0.003266709
-0.003204633
-0.002870102
-0.00282425
-0.003184407
-0.003364554
-0.002930476
-0.002047728
-0.001448786
-0.001938881
-0.002427552
-0.002303948
-0.002490969
-0.00305779
-0.003298314
-0.003184343
-0.003062639
-0.003074464
-0.003113481
-0.003186184
-0.003414242
-0.003382344
-0.003525507
-0.003864468
-0.003986395
-0.004190175
-0.004767161
-0.005148418
-0.005314808
-0.005448784
-0.005510993
-0.005511161
-0.005486927
-0.005456505
-0.00531274
-0.005048766
-0.004281468
-0.003248932
-0.003499472
-0.004584902
-0.005274983
-0.004634791
-0.004227269
-0.004353761
-0.004120589
-0.003477904
-0.002958947
-0.002903352
-0.003491031
-0.004748609
-0.004851577
-0.003259228
-0.001665932
-0.001285404
-0.001288476
-0.000981023
-0.000466846
-4.84E-05
0.000627017
0.001054016
0.001575314
0.00216784
0.002590857
0.002902482
0.003368369
0.003770323
0.004397648
0.004975153
0.005118807
0.005073134
0.0051221
0.005224748
0.005244243
0.005025526
0.005177734
0.005476393
0.005339881
0.005211334
0.005474448
0.005718045
0.005755438
0.005740105
0.005789146
0.005864012
0.005933845
0.006378953
0.00752963
0.0085564
0.0079993
0.006269574
0.004515635
0.004018561
0.004273454
0.003943672
0.003248514
0.00241957
0.001854492
0.00115726
0.000397636
-0.001323642
-0.002400431
-0.002256469
-0.001929618
-0.00194348
-0.002085598
-0.002114898
-0.002062296
-0.002015442
-0.002300723
-0.002352
-0.002443092
-0.002788658
-0.003120007
-0.003201713
-0.003713865
-0.004107421
-0.00397407
-0.004307293
-0.004676174
-0.004741206
-0.004651235
-0.004471564
-0.00412222
-0.003948609
-0.004103397
-0.004060177
-0.00307922
-0.002048037
-0.001829187
-0.001722135
-0.00179892
-0.002001275
-0.001929531
-0.001470126
-0.001207146
-0.001217919
-0.000505104
0.000830206
0.000878852
5.64E-05
-0.000761919
-0.000987589
-0.000721433
-0.000553117
-0.000605179
-0.000712641
-0.000757243
-0.000588375
-0.000334948
-0.001029521
-0.001845336
-0.001247547
0.000152377
0.00090905
0.001127478
0.001429739
0.001599423
0.001450102
0.001578233
0.001784668
0.002309467
0.002976748
0.003208862
0.00309949
0.003013357
0.0031999
0.003793052
0.003965074
0.003990432
0.004320485
0.004578924
0.004276609
0.003755279
0.003291737
0.00319842
0.003282053
0.003312714
0.003170587
0.002799025
0.002721657
0.002860592
0.003096866
0.003225818
0.003012356
0.003138034
0.003374727
0.00357427
0.004373048
0.004297022
0.003525263
0.002882416
0.00295025
0.003468775
0.003866552
0.003620177
0.003318166
0.003299473
0.003396281
0.003420786
0.003149089
0.002289531
0.0025504
0.003327163
0.003468332
0.00265392
0.002258528
0.002683377
0.003330133
0.003518266
0.003157233
0.002008793
0.000992373
0.000677222
0.000778381
0.000799495
0.000595646
0.000281947
0.000443564
0.000431536
0.000429353
0.000421891
-0.000490703
-0.001208358
-0.000943863
-0.00052786
-0.000488469
-0.000623879
-0.000677366
-0.001086846
-0.001759557
-0.002028393
-0.00194376
-0.001891852
-0.001970009
-0.002032476
-0.002154543
-0.001873244
-0.000931226
-0.000605134
-0.001434721
-0.002146227
-0.002149771
-0.001604903
-0.000926122
-0.000140012
0.00035137
0.000226717
-1.49E-05
-0.000349022
-0.000750474
-0.001043904
-0.000632995
0.000323292
0.000854154
0.000831748
0.000672319
0.000672851
0.000730106
0.000753557
0.000722803
0.000693407
0.00069364
0.000719881
0.000776039
0.000808421
0.000806969
0.000799041
0.000799557
0.000803502
0.000783939
0.000781976
0.001146805
0.00169246
0.002099896
0.002161972
0.002085159
0.002095504
0.00270386
0.003381743
0.003537912
0.003404933
0.003344103
0.00339193
0.003372268
0.003011746
0.002549844
0.002870814
0.004052125
0.004516237
0.003793791
0.003223879
0.003018389
0.002857592
0.002657789
0.002216806
0.001877186
0.001528826
0.001393536
0.001186339
0.000445122
-0.000659993
-0.000236225
0.000722805
0.00086392
-0.000354869
-0.001527483
-0.00143285
-0.000689309
-0.000402776
-0.00085751
-0.001464705
-0.001918821
-0.002027047
-0.001965949
-0.001897508
-0.002008154
-0.00283377
-0.003821305
-0.00440544
-0.004872833
-0.005342225
-0.005847131
-0.006169035
-0.006781847
-0.007289815
-0.007375472
-0.007275793
-0.00724288
-0.007280865
-0.007296114
-0.006892318
-0.006136285
-0.005760348
-0.005365707
-0.004767473
-0.004468085
-0.003604258
-0.002126358
-0.001347201
-0.001696234
-0.002065818
-0.001906528
-0.00138278
-0.001161391
-0.001231847
-0.001117609
-0.000700711
-0.000399712
-0.000946154
-0.001794305
-0.002078258
-0.001486624
-0.000665118
-0.000768083
-0.00127127
-0.001562408
-0.001522353
-0.001320809
-0.001523845
-0.001868762
-0.001932064
-0.001523404
-0.001229013
-0.001405396
-0.00143067
-0.001271912
-0.000843364
-0.000542474
-0.000757069
-0.001392516
-0.001672677
-0.001864583
-0.001967874
-0.00198598
-0.001936314
-0.001880943
-0.002097681
-0.002869232
-0.003341741
-0.00301091
-0.003094426
-0.00339484
-0.003669542
-0.004276162
-0.004281907
-0.004006139
-0.003915015
-0.002934455
-0.002195028
-0.002962227
-0.003761061
-0.003566474
-0.002905455
-0.00240846
-0.002051688
-0.001884787
-0.001868959
-0.001887392
-0.0018859
-0.002139645
-0.002545597
-0.002139988
-0.000849567
6.54E-05
-0.000109638
-0.000121886
0.000640866
0.001439541
0.001881499
0.002013931
0.002141023
0.002462132
0.002935337
0.003238053
0.002694894
0.002209511
0.002797655
0.003217127
0.003699307
0.004179534
0.004369793
0.004340372
0.004188063
0.003946757
0.004415256
0.004731602
0.004932654
0.005155326
0.005105065
0.004834681
0.004373254
0.004149899
0.004138423
0.004138205
0.003687958
0.003081736
0.00269669
0.003661585
0.004167369
0.002726421
0.001094023
0.000779808
0.001146252
0.001289663
0.001157767
0.000921069
0.000574243
0.000590106
0.000703948
3.46E-05
-0.000982983
-0.000975195
0.000275715
0.001499733
0.001740963
0.001539576
0.00176476
0.002951471
0.00330921
0.002672577
0.002298595
0.00258543
0.002833694
0.00253635
0.00200756
0.001877532
0.002011545
0.002082066
0.002042609
0.002004422
0.00201141
0.001978281
0.001677286
0.001747633
0.001729707
0.001105784
0.000893445
0.000785889
0.000337161
-0.000192196
-0.000240187
-3.50E-05
0.000256142
0.000279652
-0.000147875
-0.000503438
-0.000522381
0.000631146
0.001419846
0.000520169
-0.000707946
-0.000962219
-0.000757617
-0.001279533
-0.001998439
-0.002077693
-0.00159405
-0.001549213
-0.001212501
-0.001359286
-0.002329646
-0.002084463
-0.000890205
-0.000394825
-0.001258807
-0.002304769
-0.001891847
-0.001148669
-0.00084599
-0.000995127
-0.000852327
-0.0005701
-0.000486459
-0.000563015
-0.000612371
-0.000586611
-0.000280524
0.000166629
0.000616156
0.000891421
0.001531189
0.002116395
0.002504509
0.002546828
0.00290251
0.003381319
0.00391577
0.004536045
0.004398657
0.003633252
0.003248496
0.003071348
0.003144835
0.003265484
0.003084875
0.002909711
0.003448423
0.004510872
0.004560814
0.003285537
0.002091762
0.001898699
0.002123564
0.00214603
0.002021169
0.00197755
0.002062245
0.002134629
0.002004654
0.000855129
-0.000316508
1.98E-05
0.000770529
0.000783607
0.000350289
0.000467585
0.000434212
1.37E-05
-0.000517847
-0.000683724
-0.000455142
-1.97E-05
1.68E-05
-8.75E-05
8.66E-06
0.000246708
0.00062497
0.000479289
0.000424112
0.00080028
0.000863831
0.00024153
-7.05E-05
0.000382213
0.000837534
0.000859257
0.000706185
0.000799927
0.001081391
0.001082096
0.001247974
0.001083126
0.000397062
-0.000469154
-0.000743664
-0.000611351
-0.000507265
-0.000228587
-0.000440962
-0.001886023
-0.003219621
-0.003481584
-0.003285902
-0.003319123
-0.003176471
-0.003196342
-0.003264774
-0.003281358
-0.00325873
-0.003959863
-0.005134597
-0.004597236
-0.003326957
-0.002899281
-0.003220895
-0.00375009
-0.003587387
-0.002841951
-0.002273768
-0.002139887
-0.002231669
-0.002481324
-0.002472705
-0.0025759
-0.002993641
-0.003271125
-0.003257717
-0.003176365
-0.003171257
-0.003255423
-0.003619141
-0.003833372
-0.003709865
-0.003715023
-0.003554106
-0.003177967
-0.002744092
-0.002386353
-0.002519544
-0.002937955
-0.003100086
-0.003023228
-0.002917539
-0.002888838
-0.0028538
-0.002486164
-0.001885449
-0.000617051
-8.07E-05
-0.001174884
-0.002453217
-0.002067175
-0.00135914
-0.001600921
-0.001787164
-0.001630727
-0.001731
-0.00210433
-0.002107898
-0.002509472
-0.003389973
-0.003018888
-0.001971902
-0.001281834
-0.000741855
-0.000226697
7.00E-05
6.58E-05
-0.000307136
-0.000464028
-2.35E-05
0.000378414
0.000447556
0.000374009
0.000395787
0.000478579
0.000580396
0.000974353
0.001528499
0.001965199
0.00204657
0.001972613
0.002003668
0.002648725
0.003361822
0.003546952
0.003401713
0.003318509
0.003361341
0.003349945
0.003016088
0.003062523
0.003304183
0.003154117
0.002974099
0.003101924
0.002461625
0.002468376
0.002619241
0.001496182
0.000538628
0.000469454
0.000455112
-0.000209618
-0.000721775
-0.000735975
-0.00064685
-0.000681351
-0.000257593
-0.001141947
-0.002316304
-0.002343924
-0.001685482
-0.001645755
-0.002480775
-0.003059176
-0.002821102
-0.002187528
-0.001907929
-0.001973695
-0.002011404
-0.001954434
-0.001693039
-0.001283487
-0.000810073
-0.000588411
-0.000609667
-0.000660602
-0.000651797
-0.000338419
0.00022384
0.000452403
0.000244293
-0.000606287
-0.001289917
-0.000716771
0.000213039
0.000172214
-0.000558538
-0.001192582
-0.001356575
-0.001453449
-0.001816107
-0.002062264
-0.00206673
-0.001980505
-0.001687779
-0.000466711
0.000124611
-0.000928048
-0.002109448
-0.002301126
-0.001982139
-0.001379627
-0.000920081
-0.000338718
-0.00011787
1.25E-05
7.74E-05
-0.000471657
-0.001361969
-0.001070065
0.000637686
0.001896168
0.00173082
0.001488695
0.002090935
0.002639102
0.00196781
0.001440014
0.00140194
0.001490375
0.001576399
0.001907086
0.001950045
0.001559686
0.001007756
0.000770278
0.000894368
0.001361264
0.001818225
0.001855745
0.001650177
0.001694871
0.002175592
0.002487308
0.002466648
0.002298131
0.001955306
0.001960013
0.002676249
0.002953712
0.003270665
0.003458768
0.003786695
0.004020058
0.004128863
0.00497457
0.005381607
0.004627795
0.004012591
0.003648702
0.003421339
0.003599985
0.003703376
0.003241129
0.002914395
0.002969924
0.002969471
0.0021527
0.000963314
0.001080659
0.002107512
0.002446304
0.001888428
0.001599073
0.002303389
0.002993618
0.00287116
0.00231924
0.002389156
0.002833784
0.002986175
0.003218555
0.003139158
0.002995268
0.002646853
0.002423142
0.002413502
0.002305742
0.002051466
0.002038478
0.001246455
0.000772235
0.000967167
0.001061645
0.000816802
0.000900246
0.000896222
2.31E-05
-0.00061657
-0.000590172
-0.000118761
0.000113236
7.57E-05
0.000527953
0.00149699
0.002986951
0.003799471
0.003241594
0.00289092
0.002856108
0.003098676
0.002983156
0.00266361
0.002714168
0.00294889
0.002785306
0.002317106
0.001244335
0.000557884
0.00084974
0.001077115
0.000424615
-0.000208264
-0.000331157
-0.000490873
-0.000708519
-0.000980528
-0.001337681
-0.001709135
-0.002199697
-0.00274194
-0.003130206
-0.002846679
-0.003192382
-0.003742204
-0.004087912
-0.004342676
-0.004717499
-0.004930319
-0.004657444
-0.004189526
-0.004217717
-0.004580821
-0.004520133
-0.004091629
-0.004039486
-0.004153223
-0.004417813
-0.004533092
-0.004235777
-0.004230894
-0.004194697
-0.003821638
-0.003538971
-0.003464055
-0.003226188
-0.003347627
-0.004085651
-0.004531
-0.004476558
-0.00432289
-0.004104996
-0.003764645
-0.003314679
-0.002984912
-0.002391348
-0.002315667
-0.003041942
-0.003706598
-0.003578761
-0.003072622
-0.003130626
-0.003917266
-0.004699278
-0.004811228
-0.004241573
-0.004325132
-0.005032526
-0.005096102
-0.004209171
-0.003421728
-0.00315825
-0.002991166
-0.002621964
-0.002150349
-0.001433113
-0.000779904
-0.000564797
-0.000480735
-0.000591999
7.86E-05
0.000484844
0.000499192
0.000389866
0.00062672
0.000867633
0.00089054
0.000575642
-3.09E-05
0.000313397
0.001263594
0.001721528
0.00166528
0.001734184
0.002160714
0.003154349
0.003673032
0.003360852
0.003435617
0.003763384
0.003911733
0.004045548
0.004136969
0.004544239
0.004563772
0.004316325
0.004101533
0.00318537
0.002452355
0.002665899
0.00304455
0.003453654
0.003752527
0.0034035
0.003089176
0.003031206
0.002813534
0.003079018
0.003457561
0.003693588
0.003684898
0.003561677
0.003457001
0.003858652
0.004257925
0.004467968
0.004349016
0.003641347
0.003503396
0.00377288
0.003639075
0.003326575
0.003164046
0.002947006
0.002637634
0.002058799
0.001648974
0.001507539
0.001126443
0.00067634
0.000160915
-0.000274885
-0.000627705
-0.000773548
-0.000675028
8.32E-05
0.000361367
-0.000478369
-0.001155833
-0.001154285
-0.000950608
-0.000970714
-0.00147905
-0.001956033
-0.002019373
-0.001902377
-0.002115503
-0.002882139
-0.003238496
-0.002791568
-0.002455177
-0.002663095
-0.003160821
-0.003708444
-0.003717846
-0.003334193
-0.003519662
-0.003806678
-0.003917115
-0.00401874
-0.003880146
-0.00328105
-0.002595423
-0.002376225
-0.002453442
-0.002256675
-0.001704069
-0.001400313
-0.001127583
-0.000431828
0.000182981
0.00064922
0.001058096
0.001277688
0.001410427
0.001261077
0.001096461
0.000819859
0.000566374
0.000399805
9.52E-05
0.00020134
0.000619261
0.000871445
0.001129539
0.001839125
0.002018945
0.001456118
0.001290001
0.001658426
0.002096915
0.002282141
0.00255407
0.002719528
0.002842266
0.002800359
0.002887309
0.002534446
0.00210004
0.002063622
0.002111752
0.001630342
0.00085174
0.000229968
-0.000203766
-0.000477056
-0.000646884
-0.000661746
-0.00050667
-0.0001877
-5.09E-05
-0.00025477
-0.00055751
-0.000552181
-0.000405126
-0.000404981
-0.000671778
-0.000862039
-0.000748211
-0.000490971
-0.000222633
-0.000102955
-1.82E-05
0.00015315
0.000237426
0.000388881
0.00067649
0.000790001
0.000990951
0.000972322
0.000652869
0.000230537
-0.000181946
-0.000319531
-0.000126158
0.000432795
0.000571424
-2.69E-06
-0.000635489
-0.000784112
-0.000692544
-0.000434364
-0.000440195
-0.000406684
-0.000307955
-0.000261654
-0.00027762
-0.000456176
-0.000969905
-0.00112078
-0.001065723
-0.00105586
-0.001253095
-0.001477842
-0.001375612
-0.001339204
-0.001449783
-0.001624351
-0.001691035
-0.001861422
-0.001970636
-0.002106198
-0.002257475
-0.002181034
-0.00200373
-0.001854423
-0.001567016
-0.00124009
-0.001246887
-0.001591749
-0.001844804
-0.001745793
-0.001501168
-0.001400502
-0.001273476
-0.001101369
-0.001021057
-0.001062673
-0.001295484
-0.001403819
-0.001426358
-0.001273451
-0.001247055
-0.001291363
-0.001129839
-0.000705531
-0.000708691
-0.001303219
-0.001700656
-0.001888377
-0.002043616
-0.002181126
-0.002241233
-0.002432451
-0.002730974
-0.002885445
-0.002821543
-0.002884361
-0.003191046
-0.003101413
-0.002607995
-0.002264766
-0.002118838
-0.001791612
-0.001371636
-0.000975666
-0.000670822
-0.000326227
-1.07E-05
0.000298976
0.000526598
0.000531712
0.000484628
0.000420264
0.000376936
0.00038033
0.00034689
0.00029398
0.00021722
0.000102068
5.40E-05
-4.48E-05
-0.000116712
-1.70E-05
7.61E-05
0.000138767
0.000338139
0.000507
0.000693175
0.000822258
0.000852577
0.000993761
0.001148171
0.001227091
0.00118352
0.001263555
0.001278279
0.001121851
0.00092954
0.000870532
0.000854369
0.000835291
0.000815642
0.000808993
0.000833977
0.000791539
0.000704398
0.000590254
0.000446735
0.000515592
0.000732199
0.000826196
0.000777566
0.00069383
0.000706431
0.000786835
0.000856892
0.000869383
0.000813163
0.000802987
0.000876814
0.000928499
0.000898478
0.000857926
0.000815388
0.000839452
0.00084257
0.000841711
0.000829568
0.000799843
0.000742792
0.000690767
0.000588675
0.000503749
0.000473293
0.000450052
0.000391759
0.000300428
0.000253828
0.000236366
0.00024938
0.000271967
0.000268805
0.000250375
0.000244434
0.000261147
0.000251409
0.000185707
0.000129474
0.00012601
0.000131853
0.00012116
0.000120753
0.000146298
0.000181141
0.000196353
0.000196436
0.000164441
0.000118112
0.000154734
0.000240194
0.000275411
0.000262337
0.000272249
0.000314268
0.000337821
0.000349606
0.000361518
0.000381451
0.000398002
0.000411264
0.000424391
0.000414764
0.000396232
0.000381374
0.000368318
0.000356341
0.000340006
0.000321189
0.000305261
0.000289882
0.000276611
0.00026213
0.000242647
0.000227263
0.000221879
0.000220545
0.000217796
0.000216549
0.000217154
0.000228282
0.000231982
0.000225164
0.000221423
0.000227427
0.000235871
0.000231334
0.000214967
0.000203349
0.000199087
0.000195811
0.000188248
0.000175755
0.000162644
0.000154178
0.000150821
0.000148145
0.000138737
0.000127702
0.000128627
0.000135449
0.0001366
0.000131124
0.000125943
0.000124581
0.000123375
0.00012037
0.000116681
0.000113443
0.000110661
0.000107952
0.000105004
0.000101158
9.77E-05
9.57E-05
9.43E-05
9.44E-05
9.31E-05
8.92E-05
8.51E-05
8.23E-05
7.96E-05
7.56E-05
7.26E-05
6.95E-05
6.71E-05
6.36E-05
5.94E-05
5.59E-05
5.25E-05
4.94E-05
4.68E-05
4.37E-05
4.06E-05
3.83E-05
3.74E-05
3.69E-05
3.53E-05
3.31E-05
3.10E-05
2.95E-05
2.82E-05
2.63E-05
2.42E-05
2.20E-05
1.99E-05
1.77E-05
1.53E-05
1.30E-05
1.10E-05
9.33E-06
7.59E-06
5.74E-06
3.89E-06
2.09E-06
3.08E-07
-1.47E-06
-3.24E-06
-4.94E-06
-6.54E-06
-8.16E-06
-9.84E-06
-1.16E-05
-1.33E-05
-1.50E-05
-1.67E-05
-1.83E-05
-1.99E-05
-2.15E-05
-2.31E-05
-2.47E-05
-2.62E-05
-2.77E-05
-2.92E-05
-3.07E-05
-3.21E-05
-3.35E-05
-3.49E-05
-3.63E-05
-3.77E-05
-3.90E-05
-4.03E-05
-4.16E-05
-4.29E-05
-4.42E-05
-4.54E-05
-4.67E-05
-4.79E-05
-4.91E-05
-5.02E-05
-5.14E-05
-5.25E-05
-5.36E-05
-5.47E-05
-5.58E-05
-5.68E-05
-5.79E-05
-5.89E-05
-5.99E-05
-6.09E-05
-6.18E-05
-6.28E-05
-6.37E-05
-6.46E-05
-6.55E-05
-6.64E-05
-6.72E-05
-6.80E-05
-6.88E-05
-6.96E-05
-7.04E-05
-7.12E-05
-7.19E-05
-7.26E-05
-7.33E-05
-7.40E-05
-7.47E-05
-7.53E-05