0.001 3.42525e-008 2.58425e-009
0.002 3.1175e-007 2.07549e-008
0.003 1.46914e-006 8.61303e-008
0.004 4.86498e-006 2.52765e-007
0.005 1.28704e-005 5.99617e-007
0.006 2.91501e-005 1.23468e-006
0.007 5.89302e-005 2.30122e-006
0.008 0.000109251 3.98659e-006
0.009 0.000189205 6.53387e-006
0.01 0.000310149 1.02568e-005
0.011 0.000485901 1.55585e-005
0.012 0.00073291 2.29535e-005
0.013 0.0010704 3.30944e-005
0.014 0.0015205 4.68027e-005
0.015 0.00210829 6.51036e-005
0.016 0.00286193 8.92655e-005
0.017 0.00381263 0.000120844
0.018 0.00499467 0.000161731
0.019 0.00644535 0.000214205
0.02 0.00820494 0.000280992
0.021 0.0103166 0.000365322
0.022 0.0128261 0.000470995
0.023 0.0157819 0.000602449
0.024 0.0192347 0.000764831
0.025 0.0232374 0.000964069
0.026 0.0278448 0.00120695
0.027 0.0331132 0.00150118
0.028 0.0391001 0.00185549
0.029 0.0458639 0.0022797
0.03 0.0534636 0.00278477
0.031 0.0619584 0.00338293
0.032 0.0714071 0.00408769
0.033 0.0818678 0.00491395
0.034 0.0933974 0.00587808
0.035 0.106051 0.00699794
0.036 0.119883 0.00829295
0.037 0.134943 0.00978416
0.038 0.151279 0.0114943
0.039 0.168935 0.0134477
0.04 0.187951 0.0156705
0.041 0.208363 0.0181907
0.042 0.230202 0.0210377
0.043 0.253492 0.024243
0.044 0.278253 0.0278396
0.045 0.304499 0.0318623
0.046 0.332236 0.0363475
0.047 0.361464 0.0413333
0.048 0.392173 0.0468592
0.049 0.42435 0.0529662
0.05 0.457969 0.0596966
0.051 0.493 0.0670941
0.052 0.529402 0.0752034
0.053 0.567126 0.08407
0.054 0.606115 0.0937406
0.055 0.646302 0.104262
0.056 0.687611 0.115682
0.057 0.729958 0.128048
0.058 0.773251 0.141409
0.059 0.817388 0.15581
0.06 0.862259 0.171301
0.061 0.907745 0.187927
0.062 0.953719 0.205733
0.063 1.00005 0.224763
0.064 1.04659 0.245061
0.065 1.0932 0.266666
0.066 1.13972 0.289618
0.067 1.18598 0.313952
0.068 1.23183 0.339701
0.069 1.27709 0.366896
0.07 1.32159 0.395563
0.071 1.36515 0.425726
0.072 1.40758 0.457402
0.073 1.44871 0.490606
0.074 1.48835 0.525348
0.075 1.52631 0.561633
0.076 1.56242 0.599459
0.077 1.59648 0.638821
0.078 1.62833 0.679706
0.079 1.65777 0.722096
0.08 1.68465 0.765965
0.081 1.70878 0.811283
0.082 1.73002 0.858011
0.083 1.7482 0.906104
0.084 1.76317 0.955509
0.085 1.7748 1.00617
0.086 1.78296 1.05801
0.087 1.78753 1.11096
0.088 1.7884 1.16494
0.089 1.78547 1.21986
0.09 1.77867 1.27562
0.091 1.76792 1.33212
0.092 1.75316 1.38923
0.093 1.73436 1.44685
0.094 1.71149 1.50485
0.095 1.68453 1.56308
0.096 1.6535 1.62142
0.097 1.61842 1.6797
0.098 1.57932 1.73779
0.099 1.53626 1.79551
0.1 1.48932 1.85271
0.101 1.43858 1.9092
0.102 1.38416 1.96483
0.103 1.32617 2.0194
0.104 1.26477 2.07274
0.105 1.2001 2.12465
0.106 1.13234 2.17495
0.107 1.06169 2.22345
0.108 0.988352 2.26995
0.109 0.912549 2.31426
0.11 0.834516 2.35619
0.111 0.754504 2.39555
0.112 0.672777 2.43213
0.113 0.58961 2.46577
0.114 0.505289 2.49626
0.115 0.420111 2.52342
0.116 0.334382 2.54708
0.117 0.248415 2.56707
0.118 0.162531 2.58321
0.119 0.0770563 2.59535
0.12 -0.00767908 2.60333
0.121 -0.0913418 2.60701
0.122 -0.173597 2.60626
0.123 -0.254109 2.60095
0.124 -0.332545 2.59095
0.125 -0.408572 2.57618
0.126 -0.481865 2.55654
0.127 -0.5521 2.53195
0.128 -0.618964 2.50234
0.129 -0.682151 2.46766
0.13 -0.741364 2.42788
0.131 -0.796318 2.38297
0.132 -0.846742 2.33293
0.133 -0.892377 2.27776
0.134 -0.93298 2.21749
0.135 -0.968326 2.15216
0.136 -0.998207 2.08184
0.137 -1.02243 2.00658
0.138 -1.04084 1.9265
0.139 -1.05327 1.84169
0.14 -1.05961 1.75229
0.141 -1.05976 1.65843
0.142 -1.05363 1.56029
0.143 -1.04117 1.45804
0.144 -1.02236 1.35187
0.145 -0.997186 1.24199
0.146 -0.965682 1.12864
0.147 -0.927895 1.01205
0.148 -0.883904 0.892493
0.149 -0.833812 0.770229
0.15 -0.77775 0.64555
0.151 -0.715876 0.518754
0.152 -0.648375 0.390154
0.153 -0.575457 0.260073
0.154 -0.497358 0.128847
0.155 -0.414339 -0.00318215
0.156 -0.326685 -0.135661
0.157 -0.234705 -0.268229
0.158 -0.138731 -0.400519
0.159 -0.0391157 -0.532161
0.16 0.0637684 -0.662776
0.161 0.169528 -0.791987
0.162 0.277754 -0.919412
0.163 0.38802 -1.04467
0.164 0.499883 -1.16738
0.165 0.61289 -1.28717
0.166 0.726575 -1.40365
0.167 0.840461 -1.51647
0.168 0.954066 -1.62525
0.169 1.0669 -1.72965
0.17 1.17847 -1.82932
0.171 1.28827 -1.92392
0.172 1.39582 -2.01312
0.173 1.50061 -2.09662
0.174 1.60217 -2.17413
0.175 1.69999 -2.24535
0.176 1.79361 -2.31003
0.177 1.88256 -2.36792
0.178 1.96639 -2.41879
0.179 2.04465 -2.46244
0.18 2.11693 -2.49869
0.181 2.18281 -2.52736
0.182 2.2419 -2.54833
0.183 2.29386 -2.56147
0.184 2.33832 -2.56669
0.185 2.37499 -2.56393
0.186 2.40356 -2.55315
0.187 2.42378 -2.53433
0.188 2.43542 -2.50748
0.189 2.43828 -2.47265
0.19 2.43218 -2.42991
0.191 2.417 -2.37935
0.192 2.39263 -2.32108
0.193 2.35901 -2.25527
0.194 2.31611 -2.18208
0.195 2.26393 -2.10172
0.196 2.20252 -2.01442
0.197 2.13195 -1.92043
0.198 2.05234 -1.82004
0.199 1.96385 -1.71355
0.2 1.86666 -1.60129
0.201 1.761 -1.48361
0.202 1.64714 -1.36089
0.203 1.52536 -1.23352
0.204 1.396 -1.10191
0.205 1.25943 -0.966506
0.206 1.11604 -0.827748
0.207 0.966254 -0.686104
0.208 0.810536 -0.542055
0.209 0.64937 -0.396092
0.21 0.483268 -0.248721
0.211 0.312766 -0.100453
0.212 0.138424 0.048191
0.213 -0.0391781 0.196684
0.214 -0.219441 0.344495
0.215 -0.40175 0.491093
0.216 -0.585474 0.635944
0.217 -0.769972 0.778517
0.218 -0.954594 0.918284
0.219 -1.13868 1.05472
0.22 -1.32157 1.18732
0.221 -1.5026 1.31556
0.222 -1.6811 1.43896
0.223 -1.85642 1.55704
0.224 -2.0279 1.66932
0.225 -2.1949 1.77536
0.226 -2.35679 1.87472
0.227 -2.51293 1.967
0.228 -2.66274 2.05179
0.229 -2.80562 2.12874
0.23 -2.94102 2.19751
0.231 -3.06839 2.25777
0.232 -3.18723 2.30923
0.233 -3.29705 2.35165
0.234 -3.3974 2.38478
0.235 -3.48785 2.40843
0.236 -3.56802 2.42243
0.237 -3.63757 2.42665
0.238 -3.69618 2.42099
0.239 -3.74358 2.40538
0.24 -3.77954 2.37978
0.241 -3.80387 2.3442
0.242 -3.81643 2.29868
0.243 -3.81711 2.24329
0.244 -3.80587 2.17814
0.245 -3.78268 2.10338
0.246 -3.7476 2.01917
0.247 -3.70069 1.92574
0.248 -3.64208 1.82332
0.249 -3.57196 1.71221
0.25 -3.49053 1.5927
0.251 -3.39806 1.46515
0.252 -3.29486 1.32992
0.253 -3.18128 1.18743
0.254 -3.05772 1.03809
0.255 -2.9246 0.882377
0.256 -2.7824 0.720759
0.257 -2.63164 0.553747
0.258 -2.47285 0.381867
0.259 -2.30662 0.205667
0.26 -2.13357 0.0257117
0.261 -1.95433 -0.157418
0.262 -1.76958 -0.343126
0.263 -1.58001 -0.530805
0.264 -1.38634 -0.719838
0.265 -1.18931 -0.909601
0.266 -0.989659 -1.09946
0.267 -0.788165 -1.28879
0.268 -0.585605 -1.47695
0.269 -0.382764 -1.66331
0.27 -0.180433 -1.84724
0.271 0.020598 -2.02811
0.272 0.219537 -2.20532
0.273 0.415599 -2.37825
0.274 0.608005 -2.54632
0.275 0.79599 -2.70895
0.276 0.9788 -2.86558
0.277 1.1557 -3.01567
0.278 1.32598 -3.15871
0.279 1.48893 -3.29419
0.28 1.64391 -3.42165
0.281 1.79027 -3.54064
0.282 1.9274 -3.65074
0.283 2.05473 -3.75159
0.284 2.17174 -3.84281
0.285 2.27791 -3.9241
0.286 2.37281 -3.99516
0.287 2.45601 -4.05575
0.288 2.52716 -4.10566
0.289 2.58592 -4.1447
0.29 2.63204 -4.17274
0.291 2.66528 -4.18968
0.292 2.68548 -4.19546
0.293 2.69252 -4.19007
0.294 2.68633 -4.17351
0.295 2.66689 -4.14585
0.296 2.63425 -4.10719
0.297 2.58849 -4.05766
0.298 2.52976 -3.99744
0.299 2.45826 -3.92674
0.3 2.37424 -3.84581
0.301 2.27799 -3.75495
0.302 2.16988 -3.65447
0.303 2.05029 -3.54473
0.304 1.91969 -3.42613
0.305 1.77856 -3.29907
0.306 1.62745 -3.16403
0.307 1.46693 -3.02146
0.308 1.29763 -2.87189
0.309 1.12022 -2.71584
0.31 0.935374 -2.55386
0.311 0.743837 -2.38653
0.312 0.546364 -2.21445
0.313 0.343741 -2.03822
0.314 0.136778 -1.85845
0.315 -0.0736934 -1.6758
0.316 -0.286825 -1.4909
0.317 -0.501753 -1.30439
0.318 -0.717604 -1.11694
0.319 -0.933496 -0.929201
0.32 -1.14854 -0.741825
0.321 -1.36186 -0.555464
0.322 -1.57257 -0.370765
0.323 -1.77979 -0.188365
0.324 -1.98265 -0.00889031
0.325 -2.18031 0.167044
0.326 -2.37194 0.338841
0.327 -2.55671 0.505919
0.328 -2.73384 0.667718
0.329 -2.90257 0.823699
0.33 -3.06217 0.973349
0.331 -3.21195 1.11618
0.332 -3.35123 1.25173
0.333 -3.4794 1.37957
0.334 -3.59589 1.4993
0.335 -3.70016 1.61055
0.336 -3.79172 1.71299
0.337 -3.87013 1.80634
0.338 -3.93501 1.89032
0.339 -3.98603 1.96471
0.34 -4.0229 2.02934
0.341 -4.04541 2.08405
0.342 -4.05338 2.12875
0.343 -4.0467 2.16337
0.344 -4.02533 2.18788
0.345 -3.98928 2.2023
0.346 -3.93861 2.20669
0.347 -3.87344 2.20115
0.348 -3.79397 2.1858
0.349 -3.70043 2.16083
0.35 -3.59313 2.12644
0.351 -3.47241 2.08289
0.352 -3.3387 2.03045
0.353 -3.19245 1.96946
0.354 -3.03419 1.90027
0.355 -2.86447 1.82325
0.356 -2.68392 1.73884
0.357 -2.49318 1.64746
0.358 -2.29297 1.54961
0.359 -2.08403 1.44576
0.36 -1.86713 1.33644
0.361 -1.64309 1.2222
0.362 -1.41276 1.10359
0.363 -1.177 0.981183
0.364 -0.936708 0.85557
0.365 -0.692811 0.727353
0.366 -0.446237 0.597138
0.367 -0.197935 0.465541
0.368 0.0511384 0.33318
0.369 0.300021 0.200676
0.37 0.547749 0.068647
0.371 0.79336 -0.062293
0.372 1.0359 -0.191536
0.373 1.27442 -0.318483
0.374 1.50799 -0.442546
0.375 1.7357 -0.563153
0.376 1.95666 -0.679746
0.377 2.16999 -0.791787
0.378 2.37487 -0.898758
0.379 2.57048 -1.00017
0.38 2.75606 -1.09554
0.381 2.93087 -1.18444
0.382 3.09423 -1.26645
0.383 3.24549 -1.34119
0.384 3.38407 -1.40831
0.385 3.50941 -1.46749
0.386 3.62102 -1.51846
0.387 3.71846 -1.56096
0.388 3.80136 -1.59478
0.389 3.86939 -1.61976
0.39 3.9223 -1.63577
0.391 3.95987 -1.64272
0.392 3.98198 -1.64055
0.393 3.98854 -1.62924
0.394 3.97955 -1.60884
0.395 3.95506 -1.57941
0.396 3.91518 -1.54105
0.397 3.8601 -1.49391
0.398 3.79005 -1.43818
0.399 3.70534 -1.37408
0.4 3.60634 -1.30187
0.401 3.49346 -1.22185
0.402 3.3672 -1.13434
0.403 3.22809 -1.03972
0.404 3.07672 -0.938375
0.405 2.91374 -0.830732
0.406 2.73985 -0.717245
0.407 2.55577 -0.598393
0.408 2.3623 -0.47468
0.409 2.16026 -0.346632
0.41 1.95051 -0.214794
0.411 1.73395 -0.0797297
0.412 1.51151 0.057983
0.413 1.28413 0.197753
0.414 1.05279 0.338981
0.415 0.818481 0.481057
0.416 0.582214 0.62337
0.417 0.345006 0.765303
0.418 0.10788 0.906242
0.419 -0.128136 1.04557
0.42 -0.362019 1.1827
0.421 -0.592752 1.31701
0.422 -0.819327 1.44792
0.423 -1.04075 1.57487
0.424 -1.25606 1.6973
0.425 -1.46429 1.81465
0.426 -1.66453 1.92643
0.427 -1.85588 2.03213
0.428 -2.03749 2.13129
0.429 -2.20854 2.22346
0.43 -2.36826 2.30824
0.431 -2.51591 2.38523
0.432 -2.65081 2.45411
0.433 -2.77233 2.51454
0.434 -2.87989 2.56626
0.435 -2.97298 2.60902
0.436 -3.05113 2.64263
0.437 -3.11395 2.66692
0.438 -3.1611 2.68178
0.439 -3.1923 2.68712
0.44 -3.20736 2.68291
0.441 -3.20613 2.66915
0.442 -3.18855 2.64588
0.443 -3.1546 2.61319
0.444 -3.10437 2.57122
0.445 -3.03798 2.52013
0.446 -2.95563 2.46013
0.447 -2.85761 2.39148
0.448 -2.74424 2.31447
0.449 -2.61593 2.22942
0.45 -2.47315 2.1367
0.451 -2.31642 2.0367
0.452 -2.14634 1.92987
0.453 -1.96355 1.81666
0.454 -1.76876 1.69758
0.455 -1.56273 1.57314
0.456 -1.34626 1.44389
0.457 -1.12021 1.31041
0.458 -0.885468 1.1733
0.459 -0.642978 1.03315
0.46 -0.393712 0.890607
0.461 -0.138674 0.746306
0.462 0.121101 0.600902
0.463 0.384556 0.455055
0.464 0.650613 0.309432
0.465 0.91818 0.1647
0.466 1.18615 0.0215294
0.467 1.45342 -0.119417
0.468 1.71887 -0.257479
0.469 1.9814 -0.392009
0.47 2.23989 -0.522368
0.471 2.49327 -0.647934
0.472 2.74046 -0.768102
0.473 2.9804 -0.882286
0.474 3.21207 -0.989925
0.475 3.43446 -1.09048
0.476 3.64663 -1.18344
0.477 3.84763 -1.26834
0.478 4.03658 -1.34471
0.479 4.21265 -1.41216
0.48 4.37505 -1.4703
0.481 4.52304 -1.51879
0.482 4.65593 -1.55735
0.483 4.77311 -1.5857
0.484 4.87401 -1.60365
0.485 4.95814 -1.61101
0.486 5.02507 -1.60767
0.487 5.07443 -1.59354
0.488 5.10594 -1.56858
0.489 5.11937 -1.53283
0.49 5.11459 -1.48633
0.491 5.0915 -1.42919
0.492 5.05012 -1.36156
0.493 4.99051 -1.28365
0.494 4.91284 -1.19571
0.495 4.81731 -1.09802
0.496 4.70423 -0.990924
0.497 4.57397 -0.874798
0.498 4.42696 -0.750063
0.499 4.26371 -0.617181
0.5 4.08481 -0.476653
0.501 3.89088 -0.329014
0.502 3.68265 -0.174836
0.503 3.46088 -0.014724
0.504 3.22638 0.150688
0.505 2.98004 0.320736
0.506 2.72278 0.494734
0.507 2.45559 0.671969
0.508 2.17948 0.851713
0.509 1.89551 1.03322
0.51 1.60478 1.21572
0.511 1.30842 1.39845
0.512 1.00756 1.58062
0.513 0.7034 1.76146
0.514 0.397117 1.94016
0.515 0.089919 2.11596
0.516 -0.216983 2.28807
0.517 -0.522376 2.45571
0.518 -0.825047 2.61812
0.519 -1.12379 2.77457
0.52 -1.41742 2.92432
0.521 -1.70475 3.06667
0.522 -1.98464 3.20092
0.523 -2.25596 3.32643
0.524 -2.51761 3.44256
0.525 -2.76853 3.54873
0.526 -3.00771 3.64436
0.527 -3.23416 3.72895
0.528 -3.44697 3.80199
0.529 -3.64527 3.86307
0.53 -3.82822 3.91177
0.531 -3.99509 3.94774
0.532 -4.14516 3.97069
0.533 -4.27783 3.98035
0.534 -4.39251 3.97653
0.535 -4.48874 3.95907
0.536 -4.56609 3.92788
0.537 -4.62423 3.8829
0.538 -4.66289 3.82414
0.539 -4.68189 3.75167
0.54 -4.68112 3.66559
0.541 -4.66057 3.56609
0.542 -4.62028 3.45338
0.543 -4.56039 3.32774
0.544 -4.48112 3.18949
0.545 -4.38276 3.03902
0.546 -4.26569 2.87676
0.547 -4.13036 2.70319
0.548 -3.97728 2.51883
0.549 -3.80707 2.32425
0.55 -3.62039 2.12007
0.551 -3.41799 1.90694
0.552 -3.20066 1.68557
0.553 -2.96927 1.45667
0.554 -2.72476 1.22101
0.555 -2.46811 0.979388
0.556 -2.20035 0.732628
0.557 -1.92256 0.481576
0.558 -1.63588 0.2271
0.559 -1.34147 -0.029913
0.56 -1.04054 -0.28856
0.561 -0.734307 -0.547929
0.562 -0.424039 -0.807097
0.563 -0.11101 -1.06514
0.564 0.203488 -1.32113
0.565 0.518153 -1.57415
0.566 0.83168 -1.82327
0.567 1.14276 -2.06759
0.568 1.4501 -2.30622
0.569 1.75241 -2.53828
0.57 2.04841 -2.76292
0.571 2.33686 -2.9793
0.572 2.61654 -3.18663
0.573 2.88625 -3.38412
0.574 3.14484 -3.57104
0.575 3.39119 -3.74668
0.576 3.62425 -3.91039
0.577 3.84298 -4.06153
0.578 4.04645 -4.19955
0.579 4.23373 -4.3239
0.58 4.40399 -4.43411
0.581 4.55646 -4.52975
0.582 4.69044 -4.61044
0.583 4.80529 -4.67588
0.584 4.90045 -4.7258
0.585 4.97545 -4.75998
0.586 5.0299 -4.7783
0.587 5.06346 -4.78065
0.588 5.07591 -4.76703
0.589 5.0671 -4.73745
0.59 5.03697 -4.69201
0.591 4.98553 -4.63088
0.592 4.91289 -4.55425
0.593 4.81924 -4.46242
0.594 4.70487 -4.35571
0.595 4.57013 -4.2345
0.596 4.41547 -4.09925
0.597 4.2414 -3.95046
0.598 4.04855 -3.78867
0.599 3.83758 -3.61448
0.6 3.60925 -3.42856
0.601 3.3644 -3.23159
0.602 3.10391 -3.02432
0.603 2.82875 -2.80753
0.604 2.53993 -2.58203
0.605 2.23855 -2.34868
0.606 1.92573 -2.10836
0.607 1.60266 -1.86198
0.608 1.27055 -1.61049
0.609 0.930682 -1.35483
0.61 0.584344 -1.096
0.611 0.232868 -0.834962
0.612 -0.122394 -0.572732
0.613 -0.480071 -0.310311
0.614 -0.83878 -0.0487057
0.615 -1.19713 0.211078
0.616 -1.55373 0.468039
0.617 -1.90718 0.721189
0.618 -2.25611 0.969549
0.619 -2.59915 1.21216
0.62 -2.93496 1.44808
0.621 -3.26222 1.6764
0.622 -3.57963 1.89623
0.623 -3.88595 2.10672
0.624 -4.17996 2.30704
0.625 -4.4605 2.49642
0.626 -4.72645 2.6741
0.627 -4.97676 2.83941
0.628 -5.21043 2.99169
0.629 -5.42652 3.13033
0.63 -5.62416 3.25479
0.631 -5.80257 3.36458
0.632 -5.96102 3.45926
0.633 -6.09886 3.53845
0.634 -6.21554 3.60182
0.635 -6.31057 3.64913
0.636 -6.38356 3.68016
0.637 -6.43421 3.69479
0.638 -6.46228 3.69295
0.639 -6.46766 3.67462
0.64 -6.4503 3.63985
0.641 -6.41024 3.58878
0.642 -6.34763 3.52157
0.643 -6.2627 3.43848
0.644 -6.15575 3.33981
0.645 -6.0272 3.22592
0.646 -5.87753 3.09724
0.647 -5.70732 2.95426
0.648 -5.51723 2.7975
0.649 -5.30798 2.62757
0.65 -5.0804 2.4451
0.651 -4.83537 2.25078
0.652 -4.57384 2.04536
0.653 -4.29684 1.82961
0.654 -4.00546 1.60436
0.655 -3.70082 1.37047
0.656 -3.38414 1.12882
0.657 -3.05665 0.880333
0.658 -2.71965 0.625968
0.659 -2.37445 0.366692
0.66 -2.02243 0.103497
0.661 -1.66497 -0.162611
0.662 -1.30349 -0.430613
0.663 -0.939401 -0.699483
0.664 -0.574154 -0.968193
0.665 -0.209191 -1.23571
0.666 0.154044 -1.50102
0.667 0.514112 -1.7631
0.668 0.869589 -2.02094
0.669 1.21907 -2.27357
0.67 1.56116 -2.52001
0.671 1.89451 -2.75932
0.672 2.2178 -2.99058
0.673 2.52975 -3.21293
0.674 2.82912 -3.42549
0.675 3.11473 -3.62747
0.676 3.38544 -3.81809
0.677 3.64018 -3.99663
0.678 3.87795 -4.16241
0.679 4.09781 -4.31481
0.68 4.29888 -4.45323
0.681 4.48038 -4.57717
0.682 4.64158 -4.68616
0.683 4.78187 -4.77979
0.684 4.90069 -4.8577
0.685 4.99757 -4.91962
0.686 5.07215 -4.96532
0.687 5.12414 -4.99464
0.688 5.15336 -5.00747
0.689 5.15969 -5.00379
0.69 5.14313 -4.98363
0.691 5.10377 -4.94707
0.692 5.04178 -4.89428
0.693 4.95744 -4.82547
0.694 4.8511 -4.74092
0.695 4.72322 -4.64098
0.696 4.57432 -4.52606
0.697 4.40503 -4.3966
0.698 4.21606 -4.25312
0.699 4.0082 -4.09619
0.7 3.78229 -3.92643
0.701 3.53929 -3.74451
0.702 3.28019 -3.55114
0.703 3.00607 -3.34708
0.704 2.71807 -3.13313
0.705 2.41736 -2.91011
0.706 2.10521 -2.67891
0.707 1.78289 -2.44042
0.708 1.45174 -2.19555
0.709 1.11313 -1.94527
0.71 0.768458 -1.69053
0.711 0.419155 -1.43232
0.712 0.0666646 -1.17163
0.713 -0.287553 -0.909458
0.714 -0.642028 -0.646806
0.715 -0.995292 -0.384676
0.716 -1.34588 -0.124065
0.717 -1.69232 0.134039
0.718 -2.03319 0.388661
0.719 -2.36707 0.638843
0.72 -2.69255 0.883648
0.721 -3.00828 1.12216
0.722 -3.31294 1.3535
0.723 -3.60525 1.57681
0.724 -3.88398 1.79127
0.725 -4.14797 1.99609
0.726 -4.39608 2.19055
0.727 -4.62727 2.37395
0.728 -4.84057 2.54563
0.729 -5.03504 2.705
0.73 -5.20986 2.8515
0.731 -5.36428 2.98466
0.732 -5.4976 3.10402
0.733 -5.60925 3.20921
0.734 -5.69872 3.2999
0.735 -5.7656 3.37584
0.736 -5.80956 3.43683
0.737 -5.83038 3.48272
0.738 -5.82791 3.51344
0.739 -5.80212 3.52898
0.74 -5.75307 3.52939
0.741 -5.68089 3.51478
0.742 -5.58582 3.48531
0.743 -5.46822 3.44124
0.744 -5.32848 3.38284
0.745 -5.16715 3.31047
0.746 -4.98481 3.22454
0.747 -4.78216 3.12551
0.748 -4.55997 3.01391
0.749 -4.3191 2.8903
0.75 -4.06046 2.75529
0.751 -3.78507 2.60955
0.752 -3.49399 2.45379
0.753 -3.18836 2.28875
0.754 -2.86937 2.11521
0.755 -2.53827 1.934
0.756 -2.19637 1.74596
0.757 -1.845 1.55196
0.758 -1.48555 1.3529
0.759 -1.11943 1.1497
0.76 -0.7481 0.943289
0.761 -0.373019 0.734614
0.762 0.00432726 0.524625
0.763 0.382445 0.314277
0.764 0.759836 0.104525
0.765 1.135 -0.103678
0.766 1.50646 -0.309392
0.767 1.87273 -0.511684
0.768 2.23235 -0.709641
0.769 2.58391 -0.902367
0.77 2.926 -1.08899
0.771 3.25726 -1.26867
0.772 3.57638 -1.44059
0.773 3.88209 -1.60397
0.774 4.17317 -1.75806
0.775 4.44847 -1.90218
0.776 4.7069 -2.03565
0.777 4.94743 -2.15787
0.778 5.1691 -2.26827
0.779 5.37105 -2.36634
0.78 5.55247 -2.45162
0.781 5.71265 -2.5237
0.782 5.85097 -2.58224
0.783 5.96687 -2.62695
0.784 6.05991 -2.6576
0.785 6.12973 -2.67402
0.786 6.17607 -2.6761
0.787 6.19877 -2.66379
0.788 6.19774 -2.6371
0.789 6.17302 -2.59613
0.79 6.12472 -2.54099
0.791 6.05306 -2.4719
0.792 5.95836 -2.38911
0.793 5.84101 -2.29294
0.794 5.70152 -2.18376
0.795 5.54047 -2.06202
0.796 5.35853 -1.92819
0.797 5.15648 -1.78281
0.798 4.93515 -1.62648
0.799 4.69546 -1.45983
0.8 4.43841 -1.28355
0.801 4.16508 -1.09836
0.802 3.87659 -0.905017
0.803 3.57414 -0.704331
0.804 3.25899 -0.497133
0.805 2.93244 -0.284286
0.806 2.59585 -0.066677
0.807 2.25062 0.154782
0.808 1.89817 0.379163
0.809 1.53997 0.605522
0.81 1.17751 0.832906
0.811 0.812282 1.06035
0.812 0.44581 1.2869
0.813 0.0796137 1.51159
0.814 -0.284785 1.73347
0.815 -0.64587 1.95158
0.816 -1.00214 2.16499
0.817 -1.35211 2.3728
0.818 -1.69433 2.5741
0.819 -2.02736 2.76803
0.82 -2.34981 2.95375
0.821 -2.66035 3.13045
0.822 -2.95766 3.29735
0.823 -3.2405 3.45373
0.824 -3.50768 3.5989
0.825 -3.75808 3.7322
0.826 -3.99065 3.85304
0.827 -4.20439 3.96088
0.828 -4.39839 4.05522
0.829 -4.57184 4.13561
0.83 -4.72399 4.20169
0.831 -4.85418 4.25312
0.832 -4.96185 4.28964
0.833 -5.04652 4.31105
0.834 -5.1078 4.31721
0.835 -5.14542 4.30804
0.836 -5.15918 4.28353
0.837 -5.149 4.24373
0.838 -5.11488 4.18875
0.839 -5.05693 4.11878
0.84 -4.97536 4.03405
0.841 -4.87046 3.93486
0.842 -4.74263 3.82158
0.843 -4.59238 3.69462
0.844 -4.42027 3.55447
0.845 -4.22699 3.40167
0.846 -4.0133 3.2368
0.847 -3.78006 3.0605
0.848 -3.52818 2.87347
0.849 -3.25869 2.67644
0.85 -2.97265 2.47018
0.851 -2.67123 2.25552
0.852 -2.35563 2.03332
0.853 -2.02714 1.80447
0.854 -1.68708 1.56987
0.855 -1.33684 1.33049
0.856 -0.977833 1.08729
0.857 -0.611531 0.841247
0.858 -0.239425 0.593373
0.859 0.136962 0.344676
0.86 0.516091 0.0961725
0.861 0.896406 -0.151118
0.862 1.27635 -0.396179
0.863 1.65434 -0.638
0.864 2.02884 -0.87558
0.865 2.3983 -1.10793
0.866 2.76118 -1.3341
0.867 3.11597 -1.55313
0.868 3.46122 -1.7641
0.869 3.79546 -1.96614
0.87 4.11732 -2.15838
0.871 4.42543 -2.34003
0.872 4.71851 -2.51029
0.873 4.99531 -2.66845
0.874 5.25466 -2.81382
0.875 5.49546 -2.94577
0.876 5.71667 -3.06373
0.877 5.91734 -3.16718
0.878 6.0966 -3.25565
0.879 6.25366 -3.32874
0.88 6.38782 -3.38611
0.881 6.49847 -3.42748
0.882 6.58509 -3.45263
0.883 6.64727 -3.46143
0.884 6.68468 -3.4538
0.885 6.69711 -3.42971
0.886 6.68442 -3.38922
0.887 6.64661 -3.33246
0.888 6.58375 -3.25961
0.889 6.49603 -3.17092
0.89 6.38372 -3.06673
0.891 6.2472 -2.94741
0.892 6.08696 -2.81341
0.893 5.90357 -2.66524
0.894 5.69769 -2.50347
0.895 5.47009 -2.32873
0.896 5.22162 -2.1417
0.897 4.9532 -1.9431
0.898 4.66586 -1.73374
0.899 4.36068 -1.51443
0.9 4.03882 -1.28605
0.901 3.70153 -1.04951
0.902 3.3501 -0.805762
0.903 2.98588 -0.555791
0.904 2.61028 -0.300608
0.905 2.22476 -0.0412477
0.906 1.8308 0.221233
0.907 1.42995 0.485759
0.908 1.02377 0.751247
0.909 0.613834 1.0166
0.91 0.20175 1.28073
0.911 -0.210871 1.54252
0.912 -0.622415 1.8009
0.913 -1.03127 2.05478
0.914 -1.43582 2.3031
0.915 -1.8345 2.54479
0.916 -2.22572 2.77885
0.917 -2.60796 3.00426
0.918 -2.9797 3.22005
0.919 -3.33949 3.4253
0.92 -3.68591 3.61911
0.921 -4.0176 3.80061
0.922 -4.33324 3.96902
0.923 -4.6316 4.12355
0.924 -4.91149 4.26352
0.925 -5.17183 4.38825
0.926 -5.41157 4.49718
0.927 -5.62979 4.58974
0.928 -5.82562 4.66549
0.929 -5.99829 4.72401
0.93 -6.14712 4.76496
0.931 -6.27154 4.78806
0.932 -6.37106 4.79313
0.933 -6.44529 4.78001
0.934 -6.49395 4.74867
0.935 -6.51686 4.69909
0.936 -6.51394 4.63137
0.937 -6.48521 4.54565
0.938 -6.4308 4.44216
0.939 -6.35095 4.3212
0.94 -6.24598 4.18312
0.941 -6.11633 4.02835
0.942 -5.96254 3.8574
0.943 -5.78523 3.67082
0.944 -5.58512 3.46924
0.945 -5.36304 3.25334
0.946 -5.11989 3.02386
0.947 -4.85667 2.7816
0.948 -4.57443 2.52741
0.949 -4.27434 2.26217
0.95 -3.9576 1.98684
0.951 -3.62552 1.7024
0.952 -3.27943 1.40986
0.953 -2.92076 1.11028
0.954 -2.55095 0.804745
0.955 -2.17151 0.494364
0.956 -1.78398 0.180266
0.957 -1.38995 -0.1364
0.958 -0.991012 -0.454475
0.959 -0.588795 -0.772791
0.96 -0.184938 -1.09018
0.961 0.218914 -1.40546
0.962 0.621114 -1.71749
0.963 1.02002 -2.0251
0.964 1.414 -2.32715
0.965 1.80145 -2.62253
0.966 2.18078 -2.91014
0.967 2.55043 -3.18891
0.968 2.9089 -3.45781
0.969 3.25471 -3.71584
0.97 3.58644 -3.96204
0.971 3.90273 -4.19549
0.972 4.20227 -4.41534
0.973 4.48381 -4.62076
0.974 4.74621 -4.811
0.975 4.98836 -4.98534
0.976 5.20925 -5.14315
0.977 5.40797 -5.28384
0.978 5.58368 -5.4069
0.979 5.73563 -5.51188
0.98 5.86317 -5.59839
0.981 5.96575 -5.66614
0.982 6.04292 -5.71488
0.983 6.09433 -5.74444
0.984 6.11973 -5.75473
0.985 6.11899 -5.74574
0.986 6.09205 -5.71751
0.987 6.039 -5.67019
0.988 5.96 -5.60396
0.989 5.85532 -5.51911
0.99 5.72536 -5.41597
0.991 5.57058 -5.29498
0.992 5.39158 -5.1566
0.993 5.18902 -5.00139
0.994 4.96369 -4.82997
0.995 4.71644 -4.64301
0.996 4.44824 -4.44124
0.997 4.16012 -4.22547
0.998 3.85319 -3.99654
0.999 3.52866 -3.75535
1 3.18779 -3.50283
