0.001 3.88826e-008 2.4251e-009
0.002 3.48692e-007 1.95168e-008
0.003 1.62098e-006 8.12267e-008
0.004 5.30464e-006 2.3929e-007
0.005 1.38951e-005 5.70393e-007
0.006 3.12128e-005 1.18133e-006
0.007 6.26689e-005 2.21666e-006
0.008 0.000115515 3.86925e-006
0.009 0.000199077 6.39418e-006
0.01 0.000324962 1.01264e-005
0.011 0.000507257 1.55023e-005
0.012 0.000762685 2.30859e-005
0.013 0.00111075 3.35991e-005
0.014 0.00157386 4.79571e-005
0.015 0.00217737 6.73086e-005
0.016 0.00294971 9.30806e-005
0.017 0.00392232 0.000127028
0.018 0.00512971 0.000171289
0.019 0.00660938 0.000228444
0.02 0.00840176 0.000301578
0.021 0.0105501 0.00039435
0.022 0.0131003 0.000511066
0.023 0.0161009 0.000656749
0.024 0.0196025 0.000837222
0.025 0.023658 0.00105919
0.026 0.028322 0.00133031
0.027 0.0336506 0.00165928
0.028 0.0397011 0.00205595
0.029 0.0465316 0.00253136
0.03 0.0542007 0.00309784
0.031 0.0627671 0.0037691
0.032 0.0722892 0.0045603
0.033 0.0828245 0.00548813
0.034 0.0944293 0.00657087
0.035 0.107158 0.00782845
0.036 0.121064 0.00928252
0.037 0.136197 0.0109565
0.038 0.152603 0.0128756
0.039 0.170326 0.0150669
0.04 0.189405 0.0175593
0.041 0.209874 0.0203836
0.042 0.231765 0.0235724
0.043 0.2551 0.0271604
0.044 0.279899 0.0311837
0.045 0.306174 0.0356806
0.046 0.333931 0.0406908
0.047 0.363168 0.0462561
0.048 0.393876 0.0524194
0.049 0.42604 0.0592253
0.05 0.459636 0.0667197
0.051 0.49463 0.0749499
0.052 0.530984 0.083964
0.053 0.568646 0.0938112
0.054 0.60756 0.104541
0.055 0.64766 0.116204
0.056 0.68887 0.128851
0.057 0.731107 0.142533
0.058 0.774278 0.1573
0.059 0.818283 0.173201
0.06 0.863013 0.190287
0.061 0.90835 0.208606
0.062 0.954171 0.228203
0.063 1.00034 0.249126
0.064 1.04672 0.271417
0.065 1.09317 0.295117
0.066 1.13953 0.320265
0.067 1.18564 0.346895
0.068 1.23135 0.375041
0.069 1.27648 0.40473
0.07 1.32086 0.435987
0.071 1.36432 0.468831
0.072 1.40668 0.503279
0.073 1.44777 0.53934
0.074 1.48739 0.577019
0.075 1.52538 0.616316
0.076 1.56156 0.657223
0.077 1.59573 0.699727
0.078 1.62774 0.743808
0.079 1.65741 0.789439
0.08 1.68457 0.836587
0.081 1.70906 0.885211
0.082 1.73072 0.935261
0.083 1.7494 0.986681
0.084 1.76496 1.03941
0.085 1.77727 1.09337
0.086 1.78621 1.14848
0.087 1.79165 1.20466
0.088 1.79349 1.2618
0.089 1.79166 1.31981
0.09 1.78605 1.37856
0.091 1.77662 1.43795
0.092 1.76331 1.49784
0.093 1.74607 1.55808
0.094 1.7249 1.61855
0.095 1.69977 1.67909
0.096 1.6707 1.73954
0.097 1.63771 1.79973
0.098 1.60084 1.85949
0.099 1.56014 1.91865
0.1 1.5157 1.97702
0.101 1.4676 2.03442
0.102 1.41594 2.09065
0.103 1.36085 2.14552
0.104 1.30246 2.19883
0.105 1.24094 2.25038
0.106 1.17645 2.29996
0.107 1.10917 2.34736
0.108 1.03932 2.39239
0.109 0.967095 2.43483
0.11 0.892732 2.47449
0.111 0.816472 2.51115
0.112 0.738566 2.54462
0.113 0.65928 2.57471
0.114 0.578888 2.60121
0.115 0.497674 2.62394
0.116 0.41593 2.64272
0.117 0.333956 2.65737
0.118 0.252058 2.66773
0.119 0.170545 2.67364
0.12 0.0897308 2.67494
0.121 0.00993226 2.6715
0.122 -0.0685339 2.66319
0.123 -0.145351 2.64989
0.124 -0.220204 2.6315
0.125 -0.292781 2.60792
0.126 -0.362775 2.57907
0.127 -0.429884 2.5449
0.128 -0.493814 2.50536
0.129 -0.55428 2.46041
0.13 -0.611005 2.41004
0.131 -0.663726 2.35424
0.132 -0.71219 2.29305
0.133 -0.756161 2.22648
0.134 -0.795415 2.1546
0.135 -0.829747 2.07748
0.136 -0.858968 1.99521
0.137 -0.882907 1.9079
0.138 -0.901415 1.81567
0.139 -0.914362 1.71867
0.14 -0.921638 1.61706
0.141 -0.923157 1.51104
0.142 -0.918857 1.40079
0.143 -0.908696 1.28654
0.144 -0.89266 1.16852
0.145 -0.870756 1.04699
0.146 -0.843019 0.922217
0.147 -0.809507 0.794486
0.148 -0.770302 0.664099
0.149 -0.725515 0.531369
0.15 -0.675279 0.396628
0.151 -0.619752 0.260215
0.152 -0.559118 0.122486
0.153 -0.493584 -0.0161962
0.154 -0.423381 -0.155457
0.155 -0.348764 -0.294913
0.156 -0.270009 -0.434174
0.157 -0.187413 -0.572844
0.158 -0.101295 -0.710521
0.159 -0.0119909 -0.8468
0.16 0.0801421 -0.981273
0.161 0.174732 -1.11353
0.162 0.27139 -1.24317
0.163 0.369714 -1.36978
0.164 0.469288 -1.49297
0.165 0.569686 -1.61232
0.166 0.670472 -1.72746
0.167 0.771202 -1.838
0.168 0.871425 -1.94357
0.169 0.970688 -2.0438
0.17 1.06853 -2.13834
0.171 1.1645 -2.22686
0.172 1.25814 -2.30904
0.173 1.349 -2.38457
0.174 1.43662 -2.45316
0.175 1.52058 -2.51455
0.176 1.60042 -2.56849
0.177 1.67575 -2.61476
0.178 1.74614 -2.65315
0.179 1.8112 -2.68348
0.18 1.87056 -2.7056
0.181 1.92386 -2.71938
0.182 1.97076 -2.72472
0.183 2.01094 -2.72154
0.184 2.0441 -2.7098
0.185 2.06998 -2.68948
0.186 2.08834 -2.66059
0.187 2.09895 -2.62316
0.188 2.10163 -2.57728
0.189 2.09622 -2.52303
0.19 2.0826 -2.46054
0.191 2.06066 -2.38998
0.192 2.03034 -2.31153
0.193 1.99162 -2.2254
0.194 1.94449 -2.13185
0.195 1.88899 -2.03114
0.196 1.82519 -1.92358
0.197 1.75319 -1.80949
0.198 1.67313 -1.68922
0.199 1.58519 -1.56317
0.2 1.48957 -1.43172
0.201 1.3865 -1.2953
0.202 1.27627 -1.15436
0.203 1.15916 -1.00937
0.204 1.03552 -0.860809
0.205 0.905703 -0.709183
0.206 0.770105 -0.555008
0.207 0.629144 -0.398817
0.208 0.483264 -0.241154
0.209 0.332934 -0.082573
0.21 0.178645 0.0763636
0.211 0.0209095 0.235087
0.212 -0.139741 0.393023
0.213 -0.302758 0.549596
0.214 -0.467578 0.70423
0.215 -0.633625 0.856351
0.216 -0.800312 1.00539
0.217 -0.967044 1.15077
0.218 -1.13322 1.29195
0.219 -1.29823 1.42838
0.22 -1.46147 1.55952
0.221 -1.62234 1.68484
0.222 -1.78024 1.80386
0.223 -1.93456 1.91607
0.224 -2.08472 2.02102
0.225 -2.23015 2.11825
0.226 -2.37027 2.20736
0.227 -2.50455 2.28793
0.228 -2.63245 2.35961
0.229 -2.75346 2.42205
0.23 -2.8671 2.47494
0.231 -2.9729 2.51801
0.232 -3.07043 2.55101
0.233 -3.15928 2.57372
0.234 -3.23907 2.58598
0.235 -3.30946 2.58763
0.236 -3.37014 2.57859
0.237 -3.42083 2.55876
0.238 -3.46129 2.52814
0.239 -3.49132 2.48673
0.24 -3.51077 2.43457
0.241 -3.5195 2.37174
0.242 -3.51743 2.29839
0.243 -3.50454 2.21466
0.244 -3.48081 2.12076
0.245 -3.44629 2.01692
0.246 -3.40107 1.90343
0.247 -3.34528 1.78059
0.248 -3.27908 1.64874
0.249 -3.2027 1.50828
0.25 -3.11637 1.35961
0.251 -3.0204 1.20318
0.252 -2.91511 1.03947
0.253 -2.80088 0.868978
0.254 -2.67811 0.692241
0.255 -2.54725 0.509816
0.256 -2.40877 0.322285
0.257 -2.26318 0.130249
0.258 -2.11103 -0.0656669
0.259 -1.95287 -0.264824
0.26 -1.78931 -0.466568
0.261 -1.62097 -0.67023
0.262 -1.44847 -0.875131
0.263 -1.27249 -1.08059
0.264 -1.09371 -1.2859
0.265 -0.912798 -1.49038
0.266 -0.730476 -1.69334
0.267 -0.547449 -1.89407
0.268 -0.364434 -2.09188
0.269 -0.182152 -2.2861
0.27 -0.00132435 -2.47606
0.271 0.177332 -2.66108
0.272 0.353105 -2.84053
0.273 0.525291 -3.01378
0.274 0.693197 -3.18021
0.275 0.856144 -3.33924
0.276 1.01347 -3.4903
0.277 1.16454 -3.63285
0.278 1.30873 -3.76639
0.279 1.44544 -3.89043
0.28 1.57411 -4.00453
0.281 1.69421 -4.10827
0.282 1.80522 -4.20126
0.283 1.90669 -4.28317
0.284 1.99817 -4.3537
0.285 2.07927 -4.41257
0.286 2.14964 -4.45957
0.287 2.20897 -4.4945
0.288 2.25699 -4.51723
0.289 2.29346 -4.52766
0.29 2.31823 -4.52574
0.291 2.33114 -4.51144
0.292 2.33213 -4.48482
0.293 2.32114 -4.44594
0.294 2.2982 -4.39492
0.295 2.26337 -4.33192
0.296 2.21675 -4.25716
0.297 2.15851 -4.17088
0.298 2.08884 -4.07337
0.299 2.00801 -3.96495
0.3 1.9163 -3.84601
0.301 1.81408 -3.71693
0.302 1.70171 -3.57818
0.303 1.57965 -3.43021
0.304 1.44835 -3.27355
0.305 1.30834 -3.10874
0.306 1.16016 -2.93634
0.307 1.0044 -2.75695
0.308 0.841685 -2.5712
0.309 0.672657 -2.37973
0.31 0.497998 -2.1832
0.311 0.318412 -1.98231
0.312 0.134629 -1.77773
0.313 -0.0526035 -1.57019
0.314 -0.242521 -1.36041
0.315 -0.434342 -1.1491
0.316 -0.627278 -0.937014
0.317 -0.820528 -0.724869
0.318 -1.01329 -0.513401
0.319 -1.20476 -0.303338
0.32 -1.39413 -0.0953998
0.321 -1.5806 0.109701
0.322 -1.76339 0.311267
0.323 -1.94172 0.508612
0.324 -2.11482 0.701069
0.325 -2.28195 0.887993
0.326 -2.44237 1.06876
0.327 -2.5954 1.24276
0.328 -2.74036 1.40944
0.329 -2.8766 1.56824
0.33 -3.00352 1.71866
0.331 -3.12053 1.86021
0.332 -3.22709 1.99245
0.333 -3.32272 2.11497
0.334 -3.40695 2.22742
0.335 -3.47936 2.32945
0.336 -3.53961 2.42078
0.337 -3.58735 2.50116
0.338 -3.62233 2.5704
0.339 -3.64433 2.62833
0.34 -3.65317 2.67484
0.341 -3.64875 2.70985
0.342 -3.63099 2.73335
0.343 -3.5999 2.74535
0.344 -3.55551 2.74592
0.345 -3.49792 2.73516
0.346 -3.42729 2.71324
0.347 -3.34382 2.68033
0.348 -3.24776 2.63669
0.349 -3.13942 2.5826
0.35 -3.01916 2.51836
0.351 -2.8874 2.44435
0.352 -2.74457 2.36096
0.353 -2.5912 2.26862
0.354 -2.42781 2.16781
0.355 -2.25499 2.059
0.356 -2.07338 1.94275
0.357 -1.88364 1.8196
0.358 -1.68646 1.69013
0.359 -1.48258 1.55496
0.36 -1.27275 1.41471
0.361 -1.05775 1.27001
0.362 -0.838406 1.12154
0.363 -0.615533 0.969972
0.364 -0.389977 0.815978
0.365 -0.162596 0.660255
0.366 0.0657437 0.503497
0.367 0.294171 0.346402
0.368 0.521809 0.189666
0.369 0.747787 0.0339796
0.37 0.971233 -0.119971
0.371 1.19129 -0.27151
0.372 1.4071 -0.419975
0.373 1.61784 -0.564716
0.374 1.8227 -0.705104
0.375 2.02086 -0.840528
0.376 2.21158 -0.970399
0.377 2.39411 -1.09416
0.378 2.56775 -1.21126
0.379 2.73181 -1.32121
0.38 2.88567 -1.42353
0.381 3.02873 -1.51778
0.382 3.16044 -1.60355
0.383 3.28029 -1.68047
0.384 3.38781 -1.74822
0.385 3.48261 -1.80649
0.386 3.56432 -1.85506
0.387 3.63262 -1.89369
0.388 3.68727 -1.92224
0.389 3.72808 -1.94057
0.39 3.75489 -1.94862
0.391 3.76762 -1.94634
0.392 3.76624 -1.93374
0.393 3.75079 -1.91088
0.394 3.72134 -1.87786
0.395 3.67805 -1.83482
0.396 3.62112 -1.78193
0.397 3.55079 -1.71944
0.398 3.46739 -1.6476
0.399 3.37128 -1.56672
0.4 3.26288 -1.47714
0.401 3.14265 -1.37925
0.402 3.01112 -1.27346
0.403 2.86886 -1.16023
0.404 2.71647 -1.04003
0.405 2.55461 -0.913385
0.406 2.38397 -0.780822
0.407 2.20528 -0.642909
0.408 2.01931 -0.500233
0.409 1.82685 -0.353399
0.41 1.62872 -0.203034
0.411 1.42578 -0.049775
0.412 1.2189 0.105726
0.413 1.00895 0.262809
0.414 0.79685 0.420806
0.415 0.583497 0.579047
0.416 0.369813 0.73686
0.417 0.156717 0.893576
0.418 -0.0548715 1.04853
0.419 -0.264039 1.20106
0.42 -0.469882 1.35053
0.421 -0.671506 1.4963
0.422 -0.868036 1.63776
0.423 -1.05862 1.7743
0.424 -1.24241 1.90535
0.425 -1.41862 2.03036
0.426 -1.58647 2.14879
0.427 -1.74521 2.26016
0.428 -1.89414 2.36399
0.429 -2.03259 2.45985
0.43 -2.15995 2.54734
0.431 -2.27564 2.62608
0.432 -2.37913 2.69577
0.433 -2.46994 2.7561
0.434 -2.54764 2.80684
0.435 -2.61187 2.84777
0.436 -2.6623 2.87874
0.437 -2.69869 2.89962
0.438 -2.72082 2.91035
0.439 -2.72857 2.91088
0.44 -2.72184 2.90124
0.441 -2.70062 2.88148
0.442 -2.66496 2.85171
0.443 -2.61495 2.81207
0.444 -2.55076 2.76275
0.445 -2.47261 2.70399
0.446 -2.38079 2.63605
0.447 -2.27564 2.55926
0.448 -2.15755 2.47396
0.449 -2.02697 2.38055
0.45 -1.88443 2.27946
0.451 -1.73047 2.17115
0.452 -1.56571 2.05611
0.453 -1.39081 1.93486
0.454 -1.20645 1.80797
0.455 -1.0134 1.676
0.456 -0.812424 1.53957
0.457 -0.604348 1.39929
0.458 -0.39002 1.2558
0.459 -0.17032 1.10975
0.46 0.0538472 0.96183
0.461 0.281555 0.812701
0.462 0.511858 0.663051
0.463 0.743799 0.513568
0.464 0.976408 0.364942
0.465 1.20871 0.217858
0.466 1.43973 0.0729991
0.467 1.66849 -0.0689627
0.468 1.89402 -0.207365
0.469 2.11536 -0.341561
0.47 2.33157 -0.47092
0.471 2.54172 -0.59483
0.472 2.7449 -0.712703
0.473 2.94024 -0.823977
0.474 3.12687 -0.928116
0.475 3.304 -1.02461
0.476 3.47082 -1.113
0.477 3.62661 -1.19283
0.478 3.77066 -1.26371
0.479 3.90232 -1.32528
0.48 4.02099 -1.37721
0.481 4.12611 -1.41922
0.482 4.21719 -1.45107
0.483 4.29377 -1.47257
0.484 4.35549 -1.48358
0.485 4.402 -1.48399
0.486 4.43305 -1.47374
0.487 4.44844 -1.45284
0.488 4.44803 -1.42132
0.489 4.43174 -1.37926
0.49 4.39957 -1.32682
0.491 4.35157 -1.26416
0.492 4.28786 -1.19152
0.493 4.20863 -1.10918
0.494 4.11412 -1.01745
0.495 4.00466 -0.916705
0.496 3.88061 -0.807344
0.497 3.74241 -0.689817
0.498 3.59055 -0.564611
0.499 3.42558 -0.43225
0.5 3.24812 -0.293293
0.501 3.05882 -0.148332
0.502 2.85838 0.00200924
0.503 2.64757 0.157081
0.504 2.42718 0.316205
0.505 2.19806 0.478684
0.506 1.96108 0.643798
0.507 1.71716 0.810809
0.508 1.46725 0.978969
0.509 1.21231 1.14752
0.51 0.953344 1.31568
0.511 0.691357 1.48269
0.512 0.42738 1.64777
0.513 0.16245 1.81015
0.514 -0.102387 1.96906
0.515 -0.366086 2.12374
0.516 -0.6276 2.27345
0.517 -0.885894 2.41745
0.518 -1.13994 2.55503
0.519 -1.38872 2.6855
0.52 -1.63125 2.80819
0.521 -1.86656 2.92246
0.522 -2.0937 3.0277
0.523 -2.31176 3.12333
0.524 -2.51987 3.2088
0.525 -2.71719 3.28362
0.526 -2.90293 3.34732
0.527 -3.07632 3.39948
0.528 -3.23669 3.43972
0.529 -3.38337 3.46771
0.53 -3.51577 3.48316
0.531 -3.63336 3.48585
0.532 -3.73565 3.47559
0.533 -3.82224 3.45224
0.534 -3.89276 3.41573
0.535 -3.94693 3.36603
0.536 -3.98454 3.30317
0.537 -4.00541 3.22722
0.538 -4.00948 3.13834
0.539 -3.99672 3.0367
0.54 -3.96719 2.92254
0.541 -3.92099 2.79616
0.542 -3.85834 2.65791
0.543 -3.77947 2.50818
0.544 -3.68472 2.34741
0.545 -3.57447 2.1761
0.546 -3.44918 1.99479
0.547 -3.30936 1.80405
0.548 -3.1556 1.60452
0.549 -2.98853 1.39686
0.55 -2.80883 1.18176
0.551 -2.61726 0.959965
0.552 -2.41461 0.732239
0.553 -2.20173 0.499376
0.554 -1.97949 0.2622
0.555 -1.74883 0.0215527
0.556 -1.5107 -0.221702
0.557 -1.26611 -0.466685
0.558 -1.01608 -0.712505
0.559 -0.761661 -0.958262
0.56 -0.503918 -1.20305
0.561 -0.243939 -1.44596
0.562 0.0171782 -1.68608
0.563 0.27833 -1.92253
0.564 0.538408 -2.15439
0.565 0.796308 -2.3808
0.566 1.05093 -2.6009
0.567 1.30119 -2.81383
0.568 1.54601 -3.01878
0.569 1.78433 -3.21496
0.57 2.01514 -3.4016
0.571 2.23742 -3.57797
0.572 2.45022 -3.74337
0.573 2.65259 -3.89715
0.574 2.84365 -4.03869
0.575 3.02256 -4.16743
0.576 3.1885 -4.28284
0.577 3.34074 -4.38444
0.578 3.47857 -4.47182
0.579 3.60137 -4.54459
0.58 3.70856 -4.60245
0.581 3.79961 -4.64513
0.582 3.87408 -4.67243
0.583 3.93159 -4.68421
0.584 3.97182 -4.68039
0.585 3.99453 -4.66092
0.586 3.99954 -4.62586
0.587 3.98675 -4.57529
0.588 3.95612 -4.50938
0.589 3.90771 -4.42832
0.59 3.84161 -4.33241
0.591 3.75803 -4.22196
0.592 3.65722 -4.09737
0.593 3.53951 -3.95909
0.594 3.4053 -3.8076
0.595 3.25505 -3.64347
0.596 3.0893 -3.46728
0.597 2.90865 -3.27971
0.598 2.71375 -3.08142
0.599 2.50533 -2.87318
0.6 2.28416 -2.65575
0.601 2.05107 -2.42996
0.602 1.80693 -2.19665
0.603 1.55269 -1.9567
0.604 1.28931 -1.71104
0.605 1.01779 -1.46059
0.606 0.739182 -1.20631
0.607 0.454566 -0.949173
0.608 0.165043 -0.690167
0.609 -0.128261 -0.43029
0.61 -0.424201 -0.170542
0.611 -0.721621 0.0880708
0.612 -1.01935 0.344547
0.613 -1.31623 0.597889
0.614 -1.61107 0.847111
0.615 -1.90272 1.09124
0.616 -2.19003 1.32932
0.617 -2.47184 1.56042
0.618 -2.74704 1.78362
0.619 -3.01454 1.99805
0.62 -3.27327 2.20287
0.621 -3.52218 2.39724
0.622 -3.76028 2.58041
0.623 -3.98661 2.75164
0.624 -4.20027 2.91024
0.625 -4.40037 3.05557
0.626 -4.58612 3.18704
0.627 -4.75675 3.30411
0.628 -4.91157 3.40631
0.629 -5.04994 3.4932
0.63 -5.17129 3.56442
0.631 -5.27512 3.61966
0.632 -5.36098 3.65867
0.633 -5.42851 3.68127
0.634 -5.47742 3.68735
0.635 -5.50748 3.67684
0.636 -5.51856 3.64975
0.637 -5.51058 3.60616
0.638 -5.48355 3.5462
0.639 -5.43755 3.47006
0.64 -5.37273 3.37802
0.641 -5.28932 3.2704
0.642 -5.18764 3.14759
0.643 -5.06806 3.01002
0.644 -4.93102 2.8582
0.645 -4.77706 2.6927
0.646 -4.60675 2.51412
0.647 -4.42074 2.32313
0.648 -4.21977 2.12045
0.649 -4.00459 1.90683
0.65 -3.77605 1.68307
0.651 -3.53502 1.45003
0.652 -3.28245 1.20857
0.653 -3.01933 0.959629
0.654 -2.74666 0.704135
0.655 -2.46553 0.443064
0.656 -2.17703 0.177411
0.657 -1.88229 -0.0918107
0.658 -1.58245 -0.363572
0.659 -1.27871 -0.636834
0.66 -0.972244 -0.91055
0.661 -0.664259 -1.18367
0.662 -0.355964 -1.45514
0.663 -0.048569 -1.72393
0.664 0.256719 -1.98899
0.665 0.5587 -2.24931
0.666 0.85619 -2.50388
0.667 1.14802 -2.75172
0.668 1.43304 -2.99187
0.669 1.71014 -3.2234
0.67 1.97822 -3.44542
0.671 2.23625 -3.65706
0.672 2.48319 -3.85751
0.673 2.7181 -4.04597
0.674 2.94005 -4.22173
0.675 3.14817 -4.38409
0.676 3.34166 -4.53241
0.677 3.51976 -4.66612
0.678 3.68178 -4.78469
0.679 3.82711 -4.88766
0.68 3.95517 -4.9746
0.681 4.06548 -5.04519
0.682 4.15763 -5.09912
0.683 4.23127 -5.13619
0.684 4.28613 -5.15623
0.685 4.32202 -5.15915
0.686 4.33883 -5.14493
0.687 4.33651 -5.11361
0.688 4.31511 -5.06529
0.689 4.27474 -5.00013
0.69 4.21558 -4.91838
0.691 4.13792 -4.82033
0.692 4.04209 -4.70634
0.693 3.92851 -4.57684
0.694 3.79767 -4.43229
0.695 3.65013 -4.27323
0.696 3.48651 -4.10026
0.697 3.30751 -3.91402
0.698 3.11389 -3.7152
0.699 2.90645 -3.50454
0.7 2.68607 -3.28284
0.701 2.45367 -3.0509
0.702 2.21022 -2.80961
0.703 1.95675 -2.55985
0.704 1.6943 -2.30256
0.705 1.42398 -2.0387
0.706 1.14691 -1.76925
0.707 0.864249 -1.4952
0.708 0.577174 -1.21757
0.709 0.286881 -0.9374
0.71 -0.00541937 -0.655716
0.711 -0.298507 -0.373559
0.712 -0.591161 -0.0919694
0.713 -0.882159 0.188019
0.714 -1.17029 0.46538
0.715 -1.45434 0.7391
0.716 -1.73313 1.00818
0.717 -2.00549 1.27165
0.718 -2.27027 1.52855
0.719 -2.52638 1.77796
0.72 -2.77272 2.01899
0.721 -3.00827 2.25078
0.722 -3.23203 2.47252
0.723 -3.44305 2.68341
0.724 -3.64044 2.88274
0.725 -3.82335 3.06981
0.726 -3.99101 3.24399
0.727 -4.14269 3.4047
0.728 -4.27773 3.55141
0.729 -4.39555 3.68365
0.73 -4.49563 3.801
0.731 -4.57752 3.90312
0.732 -4.64084 3.98971
0.733 -4.68529 4.06053
0.734 -4.71066 4.11544
0.735 -4.71678 4.15431
0.736 -4.70361 4.17712
0.737 -4.67114 4.18388
0.738 -4.61946 4.17469
0.739 -4.54874 4.1497
0.74 -4.45922 4.10913
0.741 -4.35122 4.05324
0.742 -4.22513 3.98238
0.743 -4.08143 3.89694
0.744 -3.92064 3.79737
0.745 -3.74338 3.68418
0.746 -3.55032 3.55793
0.747 -3.34221 3.41923
0.748 -3.11983 3.26874
0.749 -2.88405 3.10716
0.75 -2.63579 2.93523
0.751 -2.37599 2.75376
0.752 -2.10569 2.56354
0.753 -1.82592 2.36545
0.754 -1.53778 2.16036
0.755 -1.24239 1.94917
0.756 -0.940918 1.73283
0.757 -0.634535 1.51227
0.758 -0.324444 1.28846
0.759 -0.0118613 1.06238
0.76 0.301987 0.834985
0.761 0.61587 0.607271
0.762 0.928554 0.380211
0.763 1.23881 0.154778
0.764 1.54542 -0.0680681
0.765 1.84719 -0.287379
0.766 2.14292 -0.502224
0.767 2.43146 -0.711696
0.768 2.71167 -0.914911
0.769 2.98246 -1.11101
0.77 3.24277 -1.29918
0.771 3.49157 -1.47863
0.772 3.7279 -1.6486
0.773 3.95083 -1.8084
0.774 4.1595 -1.95736
0.775 4.3531 -2.09486
0.776 4.53087 -2.22035
0.777 4.69213 -2.3333
0.778 4.83625 -2.43325
0.779 4.9627 -2.5198
0.78 5.07099 -2.59261
0.781 5.16072 -2.65138
0.782 5.23155 -2.69589
0.783 5.28322 -2.72596
0.784 5.31557 -2.74149
0.785 5.32849 -2.74244
0.786 5.32196 -2.72881
0.787 5.29604 -2.70068
0.788 5.25086 -2.6582
0.789 5.18664 -2.60156
0.79 5.10366 -2.53101
0.791 5.00229 -2.44688
0.792 4.88298 -2.34953
0.793 4.74622 -2.23939
0.794 4.59261 -2.11695
0.795 4.4228 -1.98273
0.796 4.23749 -1.83732
0.797 4.03747 -1.68134
0.798 3.82357 -1.51547
0.799 3.59668 -1.34043
0.8 3.35775 -1.15695
0.801 3.10777 -0.965827
0.802 2.84778 -0.767881
0.803 2.57886 -0.563954
0.804 2.30211 -0.354918
0.805 2.01868 -0.141664
0.806 1.72973 0.0748997
0.807 1.43647 0.293851
0.808 1.14009 0.514259
0.809 0.841826 0.735186
0.81 0.542892 0.955693
0.811 0.244521 1.17484
0.812 -0.0520619 1.39171
0.813 -0.345639 1.60536
0.814 -0.635006 1.8149
0.815 -0.918977 2.01943
0.816 -1.19639 2.21808
0.817 -1.4661 2.41002
0.818 -1.72701 2.59443
0.819 -1.97806 2.77052
0.82 -2.21821 2.93754
0.821 -2.44649 3.09479
0.822 -2.66196 3.24159
0.823 -2.86375 3.37732
0.824 -3.05102 3.5014
0.825 -3.22303 3.6133
0.826 -3.37907 3.71254
0.827 -3.5185 3.79869
0.828 -3.64077 3.87138
0.829 -3.74537 3.9303
0.83 -3.83189 3.97519
0.831 -3.89998 4.00585
0.832 -3.94937 4.02214
0.833 -3.97986 4.02399
0.834 -3.99134 4.01136
0.835 -3.98378 3.98431
0.836 -3.9572 3.94294
0.837 -3.91174 3.8874
0.838 -3.84758 3.81792
0.839 -3.76501 3.73479
0.84 -3.66437 3.63833
0.841 -3.54609 3.52893
0.842 -3.41066 3.40706
0.843 -3.25865 3.27319
0.844 -3.0907 3.1279
0.845 -2.90751 2.97176
0.846 -2.70985 2.80542
0.847 -2.49855 2.62957
0.848 -2.27448 2.44494
0.849 -2.03857 2.25228
0.85 -1.79183 2.0524
0.851 -1.53526 1.84612
0.852 -1.26995 1.63428
0.853 -0.997001 1.41778
0.854 -0.717552 1.1975
0.855 -0.43277 0.974369
0.856 -0.143843 0.749298
0.857 0.14802 0.523227
0.858 0.441599 0.297092
0.859 0.735667 0.071834
0.86 1.02899 -0.151612
0.861 1.32034 -0.372318
0.862 1.6085 -0.589365
0.863 1.89226 -0.801852
0.864 2.17041 -1.00889
0.865 2.4418 -1.20963
0.866 2.70527 -1.40323
0.867 2.95972 -1.58887
0.868 3.20406 -1.7658
0.869 3.43727 -1.93327
0.87 3.65833 -2.09058
0.871 3.86632 -2.23708
0.872 4.06034 -2.37216
0.873 4.23955 -2.49525
0.874 4.40318 -2.60585
0.875 4.55051 -2.70349
0.876 4.6809 -2.78776
0.877 4.79377 -2.85831
0.878 4.8886 -2.91485
0.879 4.96496 -2.95715
0.88 5.0225 -2.98502
0.881 5.06091 -2.99836
0.882 5.08 -2.99712
0.883 5.07964 -2.98129
0.884 5.05977 -2.95095
0.885 5.02042 -2.90623
0.886 4.9617 -2.84732
0.887 4.88379 -2.77448
0.888 4.78695 -2.68801
0.889 4.67153 -2.58829
0.89 4.53794 -2.47573
0.891 4.38666 -2.35082
0.892 4.21827 -2.2141
0.893 4.03338 -2.06614
0.894 3.8327 -1.90759
0.895 3.61698 -1.73911
0.896 3.38705 -1.56143
0.897 3.1438 -1.37532
0.898 2.88815 -1.18157
0.899 2.62109 -0.981019
0.9 2.34365 -0.774527
0.901 2.05691 -0.562988
0.902 1.76197 -0.347316
0.903 1.46 -0.128447
0.904 1.15216 0.0926694
0.905 0.83965 0.315069
0.906 0.523692 0.537782
0.907 0.205521 0.759833
0.908 -0.113622 0.980245
0.909 -0.432486 1.19805
0.91 -0.749826 1.41228
0.911 -1.0644 1.62199
0.912 -1.37497 1.82623
0.913 -1.68033 2.0241
0.914 -1.97928 2.2147
0.915 -2.27065 2.39716
0.916 -2.5533 2.57065
0.917 -2.82612 2.73437
0.918 -3.08805 2.88756
0.919 -3.33806 3.02948
0.92 -3.57518 3.15948
0.921 -3.79848 3.2769
0.922 -4.0071 3.38118
0.923 -4.20022 3.47177
0.924 -4.3771 3.54821
0.925 -4.53706 3.61007
0.926 -4.67947 3.65699
0.927 -4.8038 3.68867
0.928 -4.90956 3.70487
0.929 -4.99638 3.7054
0.93 -5.06391 3.69016
0.931 -5.11193 3.65909
0.932 -5.14025 3.61221
0.933 -5.1488 3.54958
0.934 -5.13757 3.47135
0.935 -5.10664 3.37772
0.936 -5.05614 3.26896
0.937 -4.98632 3.1454
0.938 -4.89747 3.00743
0.939 -4.79 2.8555
0.94 -4.66434 2.6901
0.941 -4.52105 2.51182
0.942 -4.36071 2.32125
0.943 -4.18401 2.11908
0.944 -3.99168 1.90601
0.945 -3.78451 1.6828
0.946 -3.56338 1.45028
0.947 -3.3292 1.20927
0.948 -3.08293 0.96066
0.949 -2.8256 0.70537
0.95 -2.55827 0.444343
0.951 -2.28204 0.17855
0.952 -1.99804 -0.0910168
0.953 -1.70745 -0.363345
0.954 -1.41147 -0.637409
0.955 -1.1113 -0.912173
0.956 -0.808198 -1.1866
0.957 -0.503394 -1.45963
0.958 -0.198146 -1.73024
0.959 0.106291 -1.99739
0.96 0.408667 -2.26004
0.961 0.707737 -2.5172
0.962 1.00227 -2.76787
0.963 1.29106 -3.01108
0.964 1.57291 -3.24589
0.965 1.84667 -3.47139
0.966 2.11121 -3.68669
0.967 2.36543 -3.89095
0.968 2.60829 -4.08338
0.969 2.83878 -4.26322
0.97 3.05596 -4.42976
0.971 3.25892 -4.58233
0.972 3.44682 -4.72035
0.973 3.61888 -4.84324
0.974 3.77439 -4.95052
0.975 3.91269 -5.04175
0.976 4.0332 -5.11656
0.977 4.13541 -5.17464
0.978 4.21889 -5.21575
0.979 4.28328 -5.23969
0.98 4.3283 -5.24636
0.981 4.35374 -5.23571
0.982 4.35948 -5.20775
0.983 4.34547 -5.16258
0.984 4.31175 -5.10033
0.985 4.25843 -5.02124
0.986 4.1857 -4.92558
0.987 4.09384 -4.8137
0.988 3.98319 -4.686
0.989 3.85418 -4.54297
0.99 3.70731 -4.38514
0.991 3.54316 -4.21308
0.992 3.36235 -4.02745
0.993 3.16561 -3.82895
0.994 2.9537 -3.61831
0.995 2.72747 -3.39635
0.996 2.48779 -3.16388
0.997 2.23563 -2.92181
0.998 1.97198 -2.67103
0.999 1.69789 -2.41251
1 1.41444 -2.14723
