0.001 3.39898e-008 2.58909e-009
0.002 3.09653e-007 2.07916e-008
0.003 1.46052e-006 8.62698e-008
0.004 4.84001e-006 2.53124e-007
0.005 1.28123e-005 6.00314e-007
0.006 2.9033e-005 1.23573e-006
0.007 5.87178e-005 2.30233e-006
0.008 0.000108895 3.98684e-006
0.009 0.000188644 6.53121e-006
0.01 0.000309306 1.02475e-005
0.011 0.000484685 1.5536e-005
0.012 0.000731215 2.29075e-005
0.013 0.0010681 3.30094e-005
0.014 0.00151745 4.6656e-005
0.015 0.00210435 6.48633e-005
0.016 0.00285693 8.8888e-005
0.017 0.00380637 0.000120271
0.018 0.00498696 0.000160885
0.019 0.00643598 0.000212987
0.02 0.00819368 0.000279276
0.021 0.0103032 0.000362948
0.022 0.0128104 0.000467767
0.023 0.0157636 0.000598127
0.024 0.0192136 0.000759122
0.025 0.0232133 0.000956622
0.026 0.0278174 0.00119734
0.027 0.0330823 0.00148893
0.028 0.0390654 0.00184001
0.029 0.0458253 0.00226031
0.03 0.053421 0.00276071
0.031 0.0619115 0.00335328
0.032 0.0713559 0.00405143
0.033 0.0818121 0.00486993
0.034 0.0933373 0.00582498
0.035 0.105987 0.00693427
0.036 0.119814 0.00821705
0.037 0.134869 0.00969419
0.038 0.151201 0.0113882
0.039 0.168852 0.0133232
0.04 0.187864 0.0155252
0.041 0.208273 0.0180217
0.042 0.230107 0.0208422
0.043 0.253394 0.0240177
0.044 0.278153 0.0275809
0.045 0.304396 0.0315665
0.046 0.332131 0.0360105
0.047 0.361356 0.0409507
0.048 0.392064 0.0464263
0.049 0.42424 0.052478
0.05 0.457859 0.0591479
0.051 0.49289 0.0664793
0.052 0.529293 0.0745165
0.053 0.567018 0.0833049
0.054 0.606008 0.0928906
0.055 0.646196 0.10332
0.056 0.687508 0.114642
0.057 0.729858 0.126902
0.058 0.773154 0.140148
0.059 0.817293 0.154428
0.06 0.862167 0.169789
0.061 0.907656 0.186276
0.062 0.953633 0.203936
0.063 0.999965 0.222811
0.064 1.04651 0.242944
0.065 1.09312 0.264377
0.066 1.13964 0.287146
0.067 1.1859 0.311289
0.068 1.23175 0.336839
0.069 1.27701 0.363825
0.07 1.3215 0.392274
0.071 1.36505 0.42221
0.072 1.40747 0.453652
0.073 1.44859 0.486613
0.074 1.48821 0.521105
0.075 1.52616 0.557131
0.076 1.56224 0.594693
0.077 1.59628 0.633782
0.078 1.62809 0.674389
0.079 1.6575 0.716496
0.08 1.68433 0.760077
0.081 1.70842 0.805103
0.082 1.72961 0.851536
0.083 1.74773 0.899331
0.084 1.76263 0.948437
0.085 1.77419 0.998795
0.086 1.78227 1.05034
0.087 1.78675 1.10299
0.088 1.78753 1.15668
0.089 1.7845 1.21131
0.09 1.77758 1.26678
0.091 1.76671 1.323
0.092 1.75183 1.37984
0.093 1.73289 1.4372
0.094 1.70987 1.49494
0.095 1.68275 1.55293
0.096 1.65156 1.61104
0.097 1.61629 1.66912
0.098 1.57701 1.72701
0.099 1.53375 1.78455
0.1 1.4866 1.84159
0.101 1.43565 1.89795
0.102 1.381 1.95346
0.103 1.32277 2.00794
0.104 1.26112 2.06121
0.105 1.1962 2.11309
0.106 1.12818 2.16338
0.107 1.05726 2.2119
0.108 0.983639 2.25845
0.109 0.907549 2.30284
0.11 0.829224 2.34489
0.111 0.748915 2.38439
0.112 0.666885 2.42117
0.113 0.583411 2.45502
0.114 0.498779 2.48577
0.115 0.413289 2.51323
0.116 0.327246 2.53723
0.117 0.240965 2.55759
0.118 0.154767 2.57414
0.119 0.0689811 2.58673
0.12 -0.0160624 2.59521
0.121 -0.100029 2.59942
0.122 -0.182581 2.59923
0.123 -0.263384 2.59453
0.124 -0.342101 2.58518
0.125 -0.418401 2.5711
0.126 -0.491953 2.55218
0.127 -0.562436 2.52834
0.128 -0.629532 2.49953
0.129 -0.692935 2.46568
0.13 -0.752347 2.42676
0.131 -0.80748 2.38274
0.132 -0.858062 2.33362
0.133 -0.903833 2.2794
0.134 -0.944548 2.2201
0.135 -0.979981 2.15577
0.136 -1.00992 2.08645
0.137 -1.03418 2.01223
0.138 -1.05259 1.93319
0.139 -1.06499 1.84945
0.14 -1.07127 1.76111
0.141 -1.07132 1.66833
0.142 -1.06506 1.57127
0.143 -1.05243 1.47009
0.144 -1.03341 1.365
0.145 -1.008 1.25619
0.146 -0.976218 1.14389
0.147 -0.938112 1.02835
0.148 -0.893761 0.909817
0.149 -0.843269 0.788558
0.15 -0.786767 0.664859
0.151 -0.724412 0.539014
0.152 -0.656388 0.411334
0.153 -0.582907 0.282137
0.154 -0.504204 0.151754
0.155 -0.42054 0.020526
0.156 -0.332203 -0.111198
0.157 -0.2395 -0.243062
0.158 -0.142764 -0.374701
0.159 -0.0423494 -0.505747
0.16 0.0613697 -0.635827
0.161 0.168 -0.764565
0.162 0.277129 -0.891582
0.163 0.388329 -1.0165
0.164 0.501157 -1.13894
0.165 0.615157 -1.25853
0.166 0.72986 -1.37489
0.167 0.844789 -1.48767
0.168 0.959456 -1.59649
0.169 1.07337 -1.701
0.17 1.18604 -1.80086
0.171 1.29695 -1.89573
0.172 1.40562 -1.98529
0.173 1.51154 -2.06923
0.174 1.61423 -2.14726
0.175 1.71319 -2.21908
0.176 1.80794 -2.28445
0.177 1.89801 -2.3431
0.178 1.98295 -2.39483
0.179 2.06232 -2.4394
0.18 2.13568 -2.47665
0.181 2.20262 -2.5064
0.182 2.26276 -2.52851
0.183 2.31572 -2.54287
0.184 2.36117 -2.54937
0.185 2.39878 -2.54796
0.186 2.42826 -2.53858
0.187 2.44935 -2.52123
0.188 2.4618 -2.4959
0.189 2.46543 -2.46263
0.19 2.46005 -2.4215
0.191 2.44553 -2.37258
0.192 2.42177 -2.31599
0.193 2.38869 -2.25188
0.194 2.34627 -2.18042
0.195 2.2945 -2.1018
0.196 2.23343 -2.01626
0.197 2.16313 -1.92404
0.198 2.08372 -1.82541
0.199 1.99534 -1.72067
0.2 1.8982 -1.61015
0.201 1.7925 -1.4942
0.202 1.67852 -1.37318
0.203 1.55654 -1.24747
0.204 1.4269 -1.11749
0.205 1.28997 -0.983673
0.206 1.14613 -0.84645
0.207 0.995819 -0.706285
0.208 0.839493 -0.563653
0.209 0.677637 -0.419041
0.21 0.510764 -0.272946
0.211 0.339413 -0.125875
0.212 0.164145 0.0216551
0.213 -0.0144591 0.169124
0.214 -0.195797 0.316006
0.215 -0.379251 0.461772
0.216 -0.564189 0.605894
0.217 -0.749966 0.747846
0.218 -0.935928 0.887101
0.219 -1.12141 1.02314
0.22 -1.30576 1.15546
0.221 -1.48829 1.28354
0.222 -1.66834 1.4069
0.223 -1.84525 1.52506
0.224 -2.01836 1.63755
0.225 -2.18702 1.74392
0.226 -2.35059 1.84374
0.227 -2.50844 1.9366
0.228 -2.65997 2.02211
0.229 -2.80459 2.0999
0.23 -2.94172 2.16962
0.231 -3.07084 2.23097
0.232 -3.1914 2.28364
0.233 -3.30294 2.32737
0.234 -3.40499 2.36194
0.235 -3.49712 2.38713
0.236 -3.57894 2.40279
0.237 -3.65009 2.40876
0.238 -3.71027 2.40495
0.239 -3.75919 2.39128
0.24 -3.79662 2.36771
0.241 -3.82236 2.33425
0.242 -3.83626 2.29091
0.243 -3.83822 2.23778
0.244 -3.82818 2.17494
0.245 -3.80612 2.10255
0.246 -3.77207 2.02075
0.247 -3.72611 1.92978
0.248 -3.66836 1.82985
0.249 -3.599 1.72124
0.25 -3.51824 1.60425
0.251 -3.42633 1.47923
0.252 -3.32359 1.34653
0.253 -3.21036 1.20655
0.254 -3.08704 1.05971
0.255 -2.95405 0.906458
0.256 -2.81187 0.747268
0.257 -2.66101 0.582638
0.258 -2.50201 0.413086
0.259 -2.33547 0.23915
0.26 -2.16198 0.0613874
0.261 -1.98219 -0.119628
0.262 -1.79678 -0.30331
0.263 -1.60644 -0.489059
0.264 -1.41189 -0.676264
0.265 -1.21387 -0.864308
0.266 -1.01314 -1.05257
0.267 -0.810461 -1.24042
0.268 -0.606621 -1.42723
0.269 -0.402409 -1.61237
0.27 -0.198619 -1.79523
0.271 0.00395102 -1.97517
0.272 0.204507 -2.1516
0.273 0.402256 -2.32391
0.274 0.596417 -2.49151
0.275 0.786214 -2.65383
0.276 0.970891 -2.81032
0.277 1.1497 -2.96043
0.278 1.32193 -3.10364
0.279 1.48687 -3.23948
0.28 1.64386 -3.36745
0.281 1.79224 -3.48713
0.282 1.93141 -3.59808
0.283 2.06078 -3.69994
0.284 2.17982 -3.79234
0.285 2.28802 -3.87496
0.286 2.38491 -3.94752
0.287 2.47009 -4.00975
0.288 2.54317 -4.06145
0.289 2.60383 -4.10242
0.29 2.65178 -4.13254
0.291 2.6868 -4.15169
0.292 2.70872 -4.15981
0.293 2.7174 -4.15686
0.294 2.71276 -4.14287
0.295 2.6948 -4.11788
0.296 2.66353 -4.08199
0.297 2.61906 -4.03532
0.298 2.5615 -3.97803
0.299 2.49107 -3.91034
0.3 2.40799 -3.83249
0.301 2.31258 -3.74475
0.302 2.20517 -3.64744
0.303 2.08616 -3.5409
0.304 1.956 -3.42552
0.305 1.81519 -3.30171
0.306 1.66425 -3.16991
0.307 1.50378 -3.03058
0.308 1.33438 -2.88423
0.309 1.15672 -2.73138
0.31 0.971503 -2.57256
0.311 0.779448 -2.40835
0.312 0.581318 -2.23933
0.313 0.377901 -2.06609
0.314 0.170009 -1.88925
0.315 -0.0415249 -1.70943
0.316 -0.255849 -1.52727
0.317 -0.472095 -1.34342
0.318 -0.689387 -1.1585
0.319 -0.906837 -0.973187
0.32 -1.12356 -0.78811
0.321 -1.33865 -0.60392
0.322 -1.55124 -0.421255
0.323 -1.76043 -0.240747
0.324 -1.96536 -0.0630184
0.325 -2.16517 0.111323
0.326 -2.35901 0.281683
0.327 -2.54607 0.447485
0.328 -2.72555 0.608171
0.329 -2.89667 0.763205
0.33 -3.05871 0.912076
0.331 -3.21095 1.0543
0.332 -3.35272 1.18941
0.333 -3.4834 1.31698
0.334 -3.6024 1.43661
0.335 -3.70917 1.54793
0.336 -3.80322 1.65062
0.337 -3.88411 1.74437
0.338 -3.95143 1.82892
0.339 -4.00485 1.90404
0.34 -4.04407 1.96956
0.341 -4.06886 2.02531
0.342 -4.07905 2.0712
0.343 -4.07453 2.10714
0.344 -4.05522 2.13312
0.345 -4.02114 2.14914
0.346 -3.97235 2.15525
0.347 -3.90895 2.15153
0.348 -3.83113 2.13813
0.349 -3.73913 2.1152
0.35 -3.63323 2.08296
0.351 -3.5138 2.04163
0.352 -3.38123 1.9915
0.353 -3.23599 1.93288
0.354 -3.07859 1.86611
0.355 -2.90959 1.79158
0.356 -2.7296 1.70968
0.357 -2.53929 1.62086
0.358 -2.33934 1.52557
0.359 -2.13051 1.42431
0.36 -1.91356 1.31759
0.361 -1.68933 1.20593
0.362 -1.45864 1.08989
0.363 -1.22238 0.970036
0.364 -0.981448 0.846942
0.365 -0.736757 0.721201
0.366 -0.489249 0.593415
0.367 -0.239874 0.46419
0.368 0.0104049 0.334137
0.369 0.260621 0.203869
0.37 0.509805 0.0739979
0.371 0.756988 -0.0548695
0.372 1.00121 -0.182131
0.373 1.24151 -0.307194
0.374 1.47696 -0.429476
0.375 1.70663 -0.548409
0.376 1.92963 -0.66344
0.377 2.14507 -0.774035
0.378 2.35211 -0.879679
0.379 2.54994 -0.979882
0.38 2.73777 -1.07418
0.381 2.91487 -1.16212
0.382 3.08054 -1.24331
0.383 3.23413 -1.31735
0.384 3.37502 -1.3839
0.385 3.50267 -1.44264
0.386 3.61656 -1.49329
0.387 3.71627 -1.5356
0.388 3.80138 -1.56937
0.389 3.87158 -1.59441
0.39 3.92659 -1.6106
0.391 3.9662 -1.61784
0.392 3.99026 -1.61608
0.393 3.9987 -1.6053
0.394 3.99148 -1.58552
0.395 3.96866 -1.55681
0.396 3.93034 -1.51927
0.397 3.87669 -1.47303
0.398 3.80795 -1.41829
0.399 3.72442 -1.35526
0.4 3.62646 -1.28419
0.401 3.51448 -1.20537
0.402 3.38897 -1.11913
0.403 3.25046 -1.02582
0.404 3.09953 -0.925835
0.405 2.93684 -0.819586
0.406 2.76307 -0.707524
0.407 2.57896 -0.590119
0.408 2.3853 -0.46787
0.409 2.18291 -0.341296
0.41 1.97265 -0.210933
0.411 1.75542 -0.0773403
0.412 1.53215 0.0589124
0.413 1.3038 0.19724
0.414 1.07133 0.337049
0.415 0.83576 0.477737
0.416 0.59809 0.618696
0.417 0.359346 0.759317
0.418 0.12056 0.89899
0.419 -0.117235 1.03711
0.42 -0.353007 1.17307
0.421 -0.585731 1.30629
0.422 -0.814391 1.43617
0.423 -1.03798 1.56215
0.424 -1.25553 1.68367
0.425 -1.46607 1.80021
0.426 -1.66867 1.91123
0.427 -1.86242 2.01626
0.428 -2.04647 2.11482
0.429 -2.21997 2.20648
0.43 -2.38215 2.29082
0.431 -2.53226 2.36746
0.432 -2.6696 2.43605
0.433 -2.79354 2.49628
0.434 -2.90348 2.54787
0.435 -2.9989 2.59059
0.436 -3.07931 2.62422
0.437 -3.14432 2.6486
0.438 -3.19358 2.66362
0.439 -3.22679 2.66919
0.44 -3.24375 2.66526
0.441 -3.24431 2.65184
0.442 -3.22839 2.62897
0.443 -3.19597 2.59673
0.444 -3.14711 2.55524
0.445 -3.08194 2.50468
0.446 -3.00066 2.44524
0.447 -2.90353 2.37718
0.448 -2.79088 2.30078
0.449 -2.6631 2.21636
0.45 -2.52067 2.12429
0.451 -2.3641 2.02494
0.452 -2.19399 1.91877
0.453 -2.01097 1.80621
0.454 -1.81576 1.68777
0.455 -1.60909 1.56396
0.456 -1.3918 1.43533
0.457 -1.16471 1.30243
0.458 -0.928747 1.16587
0.459 -0.684834 1.02625
0.46 -0.433953 0.884198
0.461 -0.177112 0.740343
0.462 0.0846501 0.59534
0.463 0.35027 0.449845
0.464 0.618663 0.304522
0.465 0.888729 0.160036
0.466 1.15936 0.0170535
0.467 1.42943 -0.123763
0.468 1.69782 -0.261757
0.469 1.96341 -0.39628
0.47 2.22509 -0.526695
0.471 2.48176 -0.652379
0.472 2.73232 -0.772729
0.473 2.97572 -0.887157
0.474 3.21092 -0.9951
0.475 3.4369 -1.09602
0.476 3.65268 -1.18941
0.477 3.85733 -1.27478
0.478 4.04994 -1.35169
0.479 4.22967 -1.41971
0.48 4.3957 -1.47848
0.481 4.54729 -1.52764
0.482 4.68373 -1.56691
0.483 4.80441 -1.596
0.484 4.90873 -1.61471
0.485 4.99618 -1.62287
0.486 5.06633 -1.62033
0.487 5.1188 -1.60702
0.488 5.15327 -1.58289
0.489 5.16953 -1.54795
0.49 5.1674 -1.50226
0.491 5.14681 -1.44592
0.492 5.10774 -1.37907
0.493 5.05026 -1.30191
0.494 4.97449 -1.21467
0.495 4.88067 -1.11765
0.496 4.76907 -1.01117
0.497 4.64006 -0.895605
0.498 4.49407 -0.771366
0.499 4.3316 -0.63891
0.5 4.15322 -0.498729
0.501 3.95958 -0.351354
0.502 3.75137 -0.197351
0.503 3.52936 -0.0373187
0.504 3.29437 0.128115
0.505 3.04728 0.298291
0.506 2.78902 0.472528
0.507 2.52057 0.650119
0.508 2.24295 0.830336
0.509 1.95723 1.01244
0.51 1.6645 1.19566
0.511 1.3659 1.37924
0.512 1.06259 1.5624
0.513 0.75574 1.74435
0.514 0.446566 1.92431
0.515 0.136275 2.10148
0.516 -0.17391 2.2751
0.517 -0.482762 2.44439
0.518 -0.789057 2.60859
0.519 -1.09158 2.76694
0.52 -1.38912 2.91872
0.521 -1.68049 3.06322
0.522 -1.96451 3.19975
0.523 -2.24006 3.32764
0.524 -2.50601 3.44627
0.525 -2.76129 3.55504
0.526 -3.00487 3.65337
0.527 -3.23574 3.74074
0.528 -3.45298 3.81665
0.529 -3.65567 3.88067
0.53 -3.843 3.93237
0.531 -4.01419 3.97141
0.532 -4.16851 3.99747
0.533 -4.30534 4.01029
0.534 -4.42409 4.00964
0.535 -4.52425 3.99538
0.536 -4.60539 3.96738
0.537 -4.66716 3.9256
0.538 -4.70928 3.87002
0.539 -4.73155 3.8007
0.54 -4.73385 3.71773
0.541 -4.71614 3.62129
0.542 -4.67846 3.51158
0.543 -4.62094 3.38886
0.544 -4.54378 3.25346
0.545 -4.44727 3.10573
0.546 -4.33176 2.9461
0.547 -4.1977 2.77504
0.548 -4.0456 2.59306
0.549 -3.87607 2.40073
0.55 -3.68976 2.19864
0.551 -3.48741 1.98744
0.552 -3.26982 1.76782
0.553 -3.03786 1.54049
0.554 -2.79245 1.30622
0.555 -2.53458 1.0658
0.556 -2.26529 0.820023
0.557 -1.98567 0.569748
0.558 -1.69684 0.315832
0.559 -1.39998 0.0591587
0.56 -1.09629 -0.199376
0.561 -0.787025 -0.458862
0.562 -0.473442 -0.718381
0.563 -0.15683 -0.977011
0.564 0.161507 -1.23382
0.565 0.480255 -1.4879
0.566 0.798093 -1.73832
0.567 1.1137 -1.98418
0.568 1.42577 -2.22458
0.569 1.73298 -2.45864
0.57 2.03406 -2.68551
0.571 2.32773 -2.90434
0.572 2.61276 -3.11434
0.573 2.88792 -3.31471
0.574 3.15205 -3.50471
0.575 3.40402 -3.68364
0.576 3.64273 -3.85081
0.577 3.86715 -4.00561
0.578 4.07629 -4.14744
0.579 4.26924 -4.27576
0.58 4.44512 -4.39009
0.581 4.60316 -4.48998
0.582 4.74261 -4.57506
0.583 4.86282 -4.64498
0.584 4.96323 -4.69947
0.585 5.04332 -4.73831
0.586 5.10268 -4.76135
0.587 5.14098 -4.76847
0.588 5.15795 -4.75965
0.589 5.15344 -4.7349
0.59 5.12735 -4.69429
0.591 5.0797 -4.63797
0.592 5.01057 -4.56613
0.593 4.92014 -4.47904
0.594 4.80867 -4.37701
0.595 4.67652 -4.26041
0.596 4.52411 -4.12967
0.597 4.35195 -3.98527
0.598 4.16065 -3.82776
0.599 3.95087 -3.65773
0.6 3.72337 -3.47579
0.601 3.47896 -3.28265
0.602 3.21855 -3.07902
0.603 2.94308 -2.86568
0.604 2.65358 -2.64342
0.605 2.35113 -2.4131
0.606 2.03686 -2.17557
0.607 1.71196 -1.93176
0.608 1.37766 -1.68258
0.609 1.03523 -1.42898
0.61 0.685982 -1.17193
0.611 0.331244 -0.912419
0.612 -0.0276174 -0.651431
0.613 -0.389219 -0.38997
0.614 -0.752165 -0.129038
0.615 -1.11505 0.130361
0.616 -1.47646 0.38723
0.617 -1.835 0.64058
0.618 -2.18926 0.889433
0.619 -2.53786 1.13283
0.62 -2.87944 1.36982
0.621 -3.21265 1.5995
0.622 -3.53618 1.82098
0.623 -3.84876 2.03338
0.624 -4.14916 2.23589
0.625 -4.43619 2.42772
0.626 -4.70871 2.60812
0.627 -4.96563 2.77638
0.628 -5.20594 2.93184
0.629 -5.42867 3.0739
0.63 -5.63293 3.20199
0.631 -5.81791 3.31561
0.632 -5.98285 3.41431
0.633 -6.12709 3.49769
0.634 -6.25005 3.56541
0.635 -6.35122 3.61721
0.636 -6.43019 3.65287
0.637 -6.48661 3.67224
0.638 -6.52026 3.67523
0.639 -6.53097 3.66181
0.64 -6.51869 3.63202
0.641 -6.48345 3.58596
0.642 -6.42536 3.52379
0.643 -6.34464 3.44575
0.644 -6.24159 3.35212
0.645 -6.1166 3.24325
0.646 -5.97014 3.11954
0.647 -5.80277 2.98145
0.648 -5.61515 2.82952
0.649 -5.40799 2.66431
0.65 -5.18211 2.48646
0.651 -4.93838 2.29662
0.652 -4.67776 2.09553
0.653 -4.40126 1.88396
0.654 -4.10997 1.6627
0.655 -3.80503 1.4326
0.656 -3.48763 1.19455
0.657 -3.15903 0.949441
0.658 -2.82053 0.698221
0.659 -2.47344 0.44185
0.66 -2.11915 0.181306
0.661 -1.75905 -0.0824107
0.662 -1.39457 -0.348292
0.663 -1.02714 -0.61532
0.664 -0.658216 -0.882472
0.665 -0.289262 -1.14872
0.666 0.0782624 -1.41306
0.667 0.442903 -1.67446
0.668 0.803213 -1.93193
0.669 1.15777 -2.18448
0.67 1.50516 -2.43115
0.671 1.84401 -2.67099
0.672 2.17297 -2.90309
0.673 2.49075 -3.12655
0.674 2.79607 -3.34054
0.675 3.08774 -3.54422
0.676 3.36458 -3.73683
0.677 3.62552 -3.91763
0.678 3.8695 -4.08594
0.679 4.09558 -4.24112
0.68 4.30284 -4.38258
0.681 4.49048 -4.50979
0.682 4.65776 -4.62227
0.683 4.80401 -4.71961
0.684 4.92866 -4.80144
0.685 5.03124 -4.86745
0.686 5.11133 -4.91742
0.687 5.16863 -4.95117
0.688 5.20294 -4.96858
0.689 5.21412 -4.9696
0.69 5.20215 -4.95424
0.691 5.16709 -4.92259
0.692 5.1091 -4.87478
0.693 5.02844 -4.81102
0.694 4.92545 -4.73157
0.695 4.80057 -4.63675
0.696 4.65431 -4.52695
0.697 4.48728 -4.40262
0.698 4.30019 -4.26424
0.699 4.09381 -4.11237
0.7 3.869 -3.94762
0.701 3.62667 -3.77063
0.702 3.36785 -3.58211
0.703 3.0936 -3.3828
0.704 2.80504 -3.17347
0.705 2.50338 -2.95496
0.706 2.18986 -2.72811
0.707 1.86578 -2.49381
0.708 1.53247 -2.25297
0.709 1.19131 -2.00653
0.71 0.843722 -1.75544
0.711 0.491129 -1.50068
0.712 0.134996 -1.24323
0.713 -0.223202 -0.984079
0.714 -0.581981 -0.72422
0.715 -0.939854 -0.464651
0.716 -1.29534 -0.206363
0.717 -1.64695 0.0496604
0.718 -1.99323 0.302449
0.719 -2.33274 0.551046
0.72 -2.66406 0.794516
0.721 -2.98581 1.03195
0.722 -3.29664 1.26245
0.723 -3.59525 1.48518
0.724 -3.88039 1.6993
0.725 -4.15085 1.90404
0.726 -4.40549 2.09864
0.727 -4.64324 2.28242
0.728 -4.86308 2.45472
0.729 -5.06408 2.61492
0.73 -5.24536 2.76248
0.731 -5.40615 2.89689
0.732 -5.54574 3.01771
0.733 -5.66352 3.12455
0.734 -5.75896 3.21707
0.735 -5.83161 3.29501
0.736 -5.88114 3.35814
0.737 -5.90729 3.40634
0.738 -5.9099 3.4395
0.739 -5.88891 3.45759
0.74 -5.84435 3.46067
0.741 -5.77635 3.44881
0.742 -5.68513 3.4222
0.743 -5.57101 3.38103
0.744 -5.43441 3.32561
0.745 -5.27582 3.25625
0.746 -5.09583 3.17337
0.747 -4.89513 3.07741
0.748 -4.67448 2.96887
0.749 -4.43472 2.84832
0.75 -4.17679 2.71635
0.751 -3.90166 2.57361
0.752 -3.61043 2.42081
0.753 -3.30421 2.25867
0.754 -2.98421 2.08798
0.755 -2.65168 1.90952
0.756 -2.30792 1.72415
0.757 -1.95429 1.53273
0.758 -1.59218 1.33614
0.759 -1.22301 1.13529
0.76 -0.84825 0.931122
0.761 -0.469377 0.724557
0.762 -0.0878898 0.516544
0.763 0.294699 0.308036
0.764 0.676873 0.0999824
0.765 1.05712 -0.106669
0.766 1.43392 -0.310979
0.767 1.80578 -0.512017
0.768 2.17123 -0.70887
0.769 2.52881 -0.900644
0.77 2.8771 -1.08647
0.771 3.21471 -1.26549
0.772 3.5403 -1.43691
0.773 3.85258 -1.59993
0.774 4.1503 -1.7538
0.775 4.43228 -1.89784
0.776 4.6974 -2.03136
0.777 4.9446 -2.15375
0.778 5.17291 -2.26445
0.779 5.38141 -2.36292
0.78 5.56928 -2.44872
0.781 5.73579 -2.52142
0.782 5.88027 -2.58066
0.783 6.00215 -2.62615
0.784 6.10097 -2.65766
0.785 6.17633 -2.67499
0.786 6.22796 -2.67803
0.787 6.25565 -2.66674
0.788 6.25933 -2.6411
0.789 6.23898 -2.60119
0.79 6.19471 -2.54713
0.791 6.12672 -2.47912
0.792 6.03531 -2.3974
0.793 5.92086 -2.30229
0.794 5.78386 -2.19414
0.795 5.62488 -2.07338
0.796 5.4446 -1.94049
0.797 5.24376 -1.796
0.798 5.0232 -1.64049
0.799 4.78383 -1.47459
0.8 4.52666 -1.29897
0.801 4.25276 -1.11435
0.802 3.96325 -0.921487
0.803 3.65934 -0.721177
0.804 3.34228 -0.514246
0.805 3.0134 -0.301552
0.806 2.67406 -0.0839793
0.807 2.32566 0.137566
0.808 1.96965 0.362158
0.809 1.6075 0.588856
0.81 1.24072 0.816707
0.811 0.870823 1.04475
0.812 0.499353 1.27203
0.813 0.12785 1.49757
0.814 -0.242142 1.72043
0.815 -0.609086 1.93965
0.816 -0.971452 2.1543
0.817 -1.32773 2.36346
0.818 -1.67644 2.56623
0.819 -2.01613 2.76174
0.82 -2.34536 2.94913
0.821 -2.66278 3.12761
0.822 -2.96703 3.29638
0.823 -3.25686 3.45471
0.824 -3.53104 3.60189
0.825 -3.78841 3.73728
0.826 -4.02789 3.86027
0.827 -4.24846 3.97029
0.828 -4.44919 4.06686
0.829 -4.6292 4.1495
0.83 -4.78774 4.21784
0.831 -4.92412 4.27153
0.832 -5.03773 4.31031
0.833 -5.12809 4.33396
0.834 -5.19477 4.34232
0.835 -5.23746 4.33532
0.836 -5.25597 4.31291
0.837 -5.25016 4.27515
0.838 -5.22003 4.22214
0.839 -5.16567 4.15404
0.84 -5.08725 4.07108
0.841 -4.98507 3.97355
0.842 -4.8595 3.86181
0.843 -4.71102 3.73626
0.844 -4.54022 3.59738
0.845 -4.34775 3.44569
0.846 -4.13437 3.28178
0.847 -3.90092 3.10628
0.848 -3.64834 2.91986
0.849 -3.37762 2.72327
0.85 -3.08985 2.51727
0.851 -2.78618 2.30267
0.852 -2.46783 2.08034
0.853 -2.13609 1.85116
0.854 -1.7923 1.61604
0.855 -1.43784 1.37592
0.856 -1.07416 1.13179
0.857 -0.702733 0.884613
0.858 -0.325068 0.635404
0.859 0.0572939 0.385173
0.86 0.44279 0.13494
0.861 0.829843 -0.114272
0.862 1.21687 -0.36144
0.863 1.60227 -0.605549
0.864 1.98447 -0.845592
0.865 2.36189 -1.08057
0.866 2.73297 -1.30952
0.867 3.09618 -1.53149
0.868 3.45 -1.74553
0.869 3.79297 -1.95077
0.87 4.12366 -2.14633
0.871 4.44068 -2.33139
0.872 4.7427 -2.50516
0.873 5.02845 -2.6669
0.874 5.29672 -2.81592
0.875 5.54637 -2.95157
0.876 5.77634 -3.07325
0.877 5.98563 -3.18044
0.878 6.17334 -3.27265
0.879 6.33864 -3.34947
0.88 6.48081 -3.41053
0.881 6.5992 -3.45555
0.882 6.69326 -3.48429
0.883 6.76255 -3.49659
0.884 6.80671 -3.49236
0.885 6.8255 -3.47156
0.886 6.81877 -3.43423
0.887 6.78646 -3.38048
0.888 6.72865 -3.31049
0.889 6.64549 -3.22448
0.89 6.53723 -3.12277
0.891 6.40425 -3.00573
0.892 6.247 -2.8738
0.893 6.06606 -2.72746
0.894 5.86206 -2.56729
0.895 5.63577 -2.39388
0.896 5.38803 -2.20792
0.897 5.11976 -2.01013
0.898 4.83197 -1.80128
0.899 4.52576 -1.5822
0.9 4.2023 -1.35376
0.901 3.86281 -1.11685
0.902 3.50861 -0.872439
0.903 3.14105 -0.621491
0.904 2.76157 -0.365021
0.905 2.37162 -0.104063
0.906 1.97271 0.160325
0.907 1.5664 0.427068
0.908 1.15428 0.695077
0.909 0.737933 0.963254
0.91 0.319001 1.2305
0.911 -0.100882 1.4957
0.912 -0.520074 1.75777
0.913 -0.936932 2.01562
0.914 -1.34982 2.26816
0.915 -1.75712 2.51433
0.916 -2.15724 2.7531
0.917 -2.54859 2.98346
0.918 -2.92964 3.20441
0.919 -3.29889 3.41501
0.92 -3.65489 3.61435
0.921 -3.99624 3.80156
0.922 -4.32158 3.9758
0.923 -4.62965 4.13631
0.924 -4.91922 4.28236
0.925 -5.18915 4.41327
0.926 -5.43838 4.52843
0.927 -5.66594 4.62729
0.928 -5.87091 4.70935
0.929 -6.05251 4.77419
0.93 -6.21001 4.82144
0.931 -6.3428 4.85081
0.932 -6.45036 4.86208
0.933 -6.53227 4.8551
0.934 -6.58822 4.82977
0.935 -6.61799 4.78609
0.936 -6.62148 4.72412
0.937 -6.59868 4.64398
0.938 -6.54971 4.54589
0.939 -6.47476 4.43012
0.94 -6.37415 4.297
0.941 -6.24829 4.14695
0.942 -6.09771 3.98045
0.943 -5.92301 3.79804
0.944 -5.72491 3.60034
0.945 -5.50422 3.388
0.946 -5.26184 3.16175
0.947 -4.99874 2.92238
0.948 -4.71601 2.67073
0.949 -4.4148 2.40767
0.95 -4.09631 2.13414
0.951 -3.76185 1.85111
0.952 -3.41278 1.5596
0.953 -3.05052 1.26066
0.954 -2.67653 0.955357
0.955 -2.29234 0.644804
0.956 -1.8995 0.330131
0.957 -1.49962 0.0124822
0.958 -1.09432 -0.30698
0.959 -0.685254 -0.627086
0.96 -0.274079 -0.946661
0.961 0.137525 -1.26453
0.962 0.547883 -1.57952
0.963 0.955321 -1.89048
0.964 1.35818 -2.19625
0.965 1.7548 -2.49571
0.966 2.14358 -2.78774
0.967 2.52292 -3.07127
0.968 2.89127 -3.34525
0.969 3.24712 -3.60866
0.97 3.589 -3.86053
0.971 3.91551 -4.09992
0.972 4.22531 -4.32596
0.973 4.51711 -4.5378
0.974 4.78972 -4.73467
0.975 5.04199 -4.91583
0.976 5.27288 -5.08063
0.977 5.48143 -5.22846
0.978 5.66675 -5.35878
0.979 5.82807 -5.47112
0.98 5.9647 -5.56507
0.981 6.07604 -5.64031
0.982 6.16162 -5.69656
0.983 6.22105 -5.73364
0.984 6.25404 -5.75143
0.985 6.26043 -5.74988
0.986 6.24014 -5.72904
0.987 6.19323 -5.689
0.988 6.11982 -5.62995
0.989 6.02019 -5.55213
0.99 5.89467 -5.45586
0.991 5.74375 -5.34155
0.992 5.56798 -5.20965
0.993 5.36802 -5.0607
0.994 5.14464 -4.89528
0.995 4.89869 -4.71407
0.996 4.63113 -4.51777
0.997 4.34298 -4.30716
0.998 4.03536 -4.08307
0.999 3.70947 -3.84639
1 3.36658 -3.59805
