0.001 3.36845e-008 2.55643e-009
0.002 3.07217e-007 2.0529e-008
0.003 1.45051e-006 8.51789e-008
0.004 4.81103e-006 2.49921e-007
0.005 1.27447e-005 5.92718e-007
0.006 2.8897e-005 1.22011e-006
0.007 5.84714e-005 2.27332e-006
0.008 0.000108483 3.93684e-006
0.009 0.000187994 6.44988e-006
0.01 0.000308331 1.0121e-005
0.011 0.00048328 1.53465e-005
0.012 0.000729256 2.26319e-005
0.013 0.00106545 3.26187e-005
0.014 0.00151395 4.61138e-005
0.015 0.00209982 6.41245e-005
0.016 0.00285117 8.78973e-005
0.017 0.00379918 0.000118961
0.018 0.00497811 0.000159175
0.019 0.00642524 0.000210779
0.02 0.00818081 0.000276453
0.021 0.0102879 0.000359374
0.022 0.0127925 0.000463281
0.023 0.0157428 0.000592538
0.024 0.0191897 0.000752213
0.025 0.023186 0.000948138
0.026 0.0277865 0.00118699
0.027 0.0330475 0.00147637
0.028 0.0390266 0.00182488
0.029 0.0457824 0.00224217
0.03 0.0533737 0.00273906
0.031 0.0618598 0.00332759
0.032 0.0712996 0.00402108
0.033 0.0817514 0.00483425
0.034 0.093272 0.0057832
0.035 0.105917 0.00688556
0.036 0.11974 0.0081605
0.037 0.134791 0.00962878
0.038 0.151119 0.0113128
0.039 0.168767 0.0132367
0.04 0.187776 0.0154262
0.041 0.208182 0.0179089
0.042 0.230015 0.020714
0.043 0.2533 0.0238725
0.044 0.278058 0.027417
0.045 0.304301 0.031382
0.046 0.332037 0.0358035
0.047 0.361264 0.040719
0.048 0.391975 0.0461677
0.049 0.424154 0.0521903
0.05 0.457778 0.0588286
0.051 0.492815 0.0661257
0.052 0.529225 0.074126
0.053 0.566959 0.0828748
0.054 0.605959 0.092418
0.055 0.646158 0.102802
0.056 0.687482 0.114075
0.057 0.729846 0.126283
0.058 0.773156 0.139475
0.059 0.817313 0.153697
0.06 0.862204 0.168996
0.061 0.907711 0.185419
0.062 0.953708 0.20301
0.063 1.00006 0.221813
0.064 1.04663 0.241871
0.065 1.09326 0.263225
0.066 1.1398 0.285913
0.067 1.18609 0.309971
0.068 1.23196 0.335432
0.069 1.27724 0.362327
0.07 1.32176 0.390683
0.071 1.36533 0.420521
0.072 1.40778 0.451863
0.073 1.44892 0.484723
0.074 1.48857 0.51911
0.075 1.52654 0.55503
0.076 1.56264 0.592483
0.077 1.5967 0.631463
0.078 1.62853 0.671959
0.079 1.65795 0.713954
0.08 1.68479 0.757424
0.081 1.70889 0.802337
0.082 1.73008 0.848658
0.083 1.7482 0.896343
0.084 1.76311 0.945339
0.085 1.77466 0.995589
0.086 1.78273 1.04703
0.087 1.7872 1.09958
0.088 1.78795 1.15316
0.089 1.7849 1.2077
0.09 1.77795 1.26308
0.091 1.76704 1.31921
0.092 1.75211 1.37597
0.093 1.73312 1.43325
0.094 1.71004 1.49092
0.095 1.68286 1.54886
0.096 1.65159 1.60691
0.097 1.61625 1.66494
0.098 1.57688 1.72279
0.099 1.53353 1.78031
0.1 1.48628 1.83734
0.101 1.43521 1.89369
0.102 1.38044 1.94921
0.103 1.32209 2.0037
0.104 1.26031 2.057
0.105 1.19524 2.10892
0.106 1.12708 2.15927
0.107 1.056 2.20785
0.108 0.982221 2.25449
0.109 0.905964 2.29898
0.11 0.827464 2.34114
0.111 0.746974 2.38077
0.112 0.664759 2.41768
0.113 0.581094 2.45169
0.114 0.496268 2.48261
0.115 0.410579 2.51026
0.116 0.324334 2.53446
0.117 0.237849 2.55504
0.118 0.151446 2.57183
0.119 0.0654528 2.58467
0.12 -0.0197975 2.59341
0.121 -0.10397 2.5979
0.122 -0.186727 2.59801
0.123 -0.267732 2.59361
0.124 -0.346648 2.58459
0.125 -0.423141 2.57083
0.126 -0.496882 2.55226
0.127 -0.567547 2.52878
0.128 -0.634819 2.50034
0.129 -0.698388 2.46687
0.13 -0.757957 2.42833
0.131 -0.813237 2.38471
0.132 -0.863953 2.33599
0.133 -0.909846 2.28217
0.134 -0.95067 2.22329
0.135 -0.986196 2.15937
0.136 -1.01621 2.09048
0.137 -1.04053 2.01668
0.138 -1.05898 1.93807
0.139 -1.07141 1.85474
0.14 -1.0777 1.76682
0.141 -1.07773 1.67446
0.142 -1.07143 1.5778
0.143 -1.05875 1.47703
0.144 -1.03965 1.37233
0.145 -1.01413 1.2639
0.146 -0.98222 1.15198
0.147 -0.943962 1.0368
0.148 -0.899434 0.918611
0.149 -0.84874 0.797683
0.15 -0.79201 0.674298
0.151 -0.729403 0.548749
0.152 -0.661102 0.421344
0.153 -0.587317 0.292402
0.154 -0.508286 0.162252
0.155 -0.42427 0.0312331
0.156 -0.335554 -0.100307
0.157 -0.242449 -0.232012
0.158 -0.145288 -0.36352
0.159 -0.0444257 -0.494462
0.16 0.0597637 -0.624468
0.161 0.166885 -0.75316
0.162 0.276526 -0.880163
0.163 0.388257 -1.0051
0.164 0.501634 -1.12759
0.165 0.6162 -1.24726
0.166 0.731484 -1.36373
0.167 0.847007 -1.47665
0.168 0.962282 -1.58565
0.169 1.07681 -1.69037
0.17 1.19011 -1.79047
0.171 1.30166 -1.88562
0.172 1.41096 -1.97549
0.173 1.51753 -2.05978
0.174 1.62086 -2.13817
0.175 1.72046 -2.2104
0.176 1.81585 -2.2762
0.177 1.90655 -2.33532
0.178 1.99212 -2.38753
0.179 2.0721 -2.43262
0.18 2.14606 -2.47041
0.181 2.2136 -2.50072
0.182 2.27431 -2.52342
0.183 2.32783 -2.53838
0.184 2.37381 -2.54551
0.185 2.41193 -2.54474
0.186 2.4419 -2.53602
0.187 2.46344 -2.51934
0.188 2.47633 -2.49469
0.189 2.48035 -2.46212
0.19 2.47534 -2.42168
0.191 2.46115 -2.37346
0.192 2.43767 -2.31757
0.193 2.40485 -2.25417
0.194 2.36263 -2.1834
0.195 2.31103 -2.10548
0.196 2.25009 -2.02063
0.197 2.17987 -1.92908
0.198 2.10049 -1.83111
0.199 2.01211 -1.72702
0.2 1.91491 -1.61713
0.201 1.8091 -1.50179
0.202 1.69497 -1.38135
0.203 1.57279 -1.25621
0.204 1.4429 -1.12676
0.205 1.30566 -0.993445
0.206 1.16148 -0.856694
0.207 1.01077 -0.716966
0.208 0.854 -0.574736
0.209 0.691653 -0.430486
0.21 0.524245 -0.284714
0.211 0.352313 -0.137925
0.212 0.176421 0.00936625
0.213 -0.00284816 0.156641
0.214 -0.184891 0.303374
0.215 -0.369089 0.449039
0.216 -0.554807 0.593109
0.217 -0.741398 0.735055
0.218 -0.928205 0.874356
0.219 -1.11456 1.01049
0.22 -1.29981 1.14295
0.221 -1.48327 1.27123
0.222 -1.66426 1.39484
0.223 -1.84214 1.51329
0.224 -2.01623 1.62613
0.225 -2.18588 1.7329
0.226 -2.35044 1.83316
0.227 -2.5093 1.92652
0.228 -2.66184 2.01256
0.229 -2.80746 2.09094
0.23 -2.94559 2.16129
0.231 -3.07569 2.2233
0.232 -3.19724 2.27668
0.233 -3.30974 2.32117
0.234 -3.41272 2.35652
0.235 -3.50577 2.38253
0.236 -3.58848 2.39904
0.237 -3.6605 2.40589
0.238 -3.7215 2.40298
0.239 -3.77121 2.39024
0.24 -3.80939 2.36763
0.241 -3.83584 2.33513
0.242 -3.85041 2.29278
0.243 -3.85298 2.24064
0.244 -3.8435 2.1788
0.245 -3.82195 2.10741
0.246 -3.78835 2.02662
0.247 -3.74279 1.93665
0.248 -3.68538 1.83772
0.249 -3.61629 1.7301
0.25 -3.53574 1.61409
0.251 -3.44398 1.49003
0.252 -3.34132 1.35827
0.253 -3.22811 1.2192
0.254 -3.10473 1.07325
0.255 -2.97163 0.920857
0.256 -2.82926 0.762495
0.257 -2.67815 0.598655
0.258 -2.51883 0.429853
0.259 -2.3519 0.256626
0.26 -2.17796 0.0795269
0.261 -1.99766 -0.100873
0.262 -1.81167 -0.28399
0.263 -1.6207 -0.469226
0.264 -1.42545 -0.655974
0.265 -1.22668 -0.843617
0.266 -1.02515 -1.03154
0.267 -0.821613 -1.2191
0.268 -0.61687 -1.4057
0.269 -0.411709 -1.59068
0.27 -0.206928 -1.77345
0.271 -0.00332853 -1.95337
0.272 0.198291 -2.12983
0.273 0.397135 -2.30225
0.274 0.592417 -2.47002
0.275 0.783358 -2.63259
0.276 0.969197 -2.78938
0.277 1.14919 -2.93986
0.278 1.3226 -3.08352
0.279 1.48873 -3.21985
0.28 1.64691 -3.34839
0.281 1.79648 -3.46869
0.282 1.93683 -3.58033
0.283 2.06737 -3.68293
0.284 2.18755 -3.77614
0.285 2.29687 -3.85961
0.286 2.39487 -3.93307
0.287 2.48111 -3.99626
0.288 2.55522 -4.04896
0.289 2.61686 -4.09098
0.29 2.66576 -4.12219
0.291 2.70168 -4.14246
0.292 2.72444 -4.15173
0.293 2.73391 -4.14998
0.294 2.73 -4.1372
0.295 2.7127 -4.11345
0.296 2.68204 -4.07881
0.297 2.63809 -4.03341
0.298 2.58099 -3.97741
0.299 2.51094 -3.91101
0.3 2.42818 -3.83445
0.301 2.33299 -3.74801
0.302 2.22574 -3.65199
0.303 2.10681 -3.54673
0.304 1.97664 -3.43262
0.305 1.83574 -3.31006
0.306 1.68463 -3.17949
0.307 1.5239 -3.04138
0.308 1.35417 -2.89621
0.309 1.1761 -2.7445
0.31 0.990385 -2.5868
0.311 0.797757 -2.42367
0.312 0.598979 -2.25568
0.313 0.394839 -2.08344
0.314 0.186151 -1.90754
0.315 -0.0262479 -1.72862
0.316 -0.241503 -1.54731
0.317 -0.458745 -1.36424
0.318 -0.677091 -1.18006
0.319 -0.895654 -0.995416
0.32 -1.11354 -0.810951
0.321 -1.32985 -0.62731
0.322 -1.54369 -0.445131
0.323 -1.75418 -0.265044
0.324 -1.96044 -0.0876704
0.325 -2.1616 0.0863824
0.326 -2.35683 0.25652
0.327 -2.54529 0.422167
0.328 -2.72619 0.582765
0.329 -2.89874 0.737779
0.33 -3.0622 0.886695
0.331 -3.21587 1.02903
0.332 -3.35906 1.16431
0.333 -3.49114 1.29212
0.334 -3.61153 1.41205
0.335 -3.71967 1.52374
0.336 -3.81505 1.62684
0.337 -3.89723 1.72107
0.338 -3.96581 1.80615
0.339 -4.02044 1.88185
0.34 -4.06083 1.948
0.341 -4.08673 2.00443
0.342 -4.09798 2.05104
0.343 -4.09444 2.08774
0.344 -4.07605 2.11452
0.345 -4.04282 2.13138
0.346 -3.9948 2.13835
0.347 -3.9321 2.13554
0.348 -3.8549 2.12306
0.349 -3.76343 2.10107
0.35 -3.65799 2.06978
0.351 -3.53892 2.02943
0.352 -3.40662 1.98028
0.353 -3.26157 1.92265
0.354 -3.10426 1.85688
0.355 -2.93526 1.78334
0.356 -2.75519 1.70243
0.357 -2.56469 1.6146
0.358 -2.36448 1.52029
0.359 -2.15529 1.41999
0.36 -1.9379 1.31421
0.361 -1.71313 1.20348
0.362 -1.48183 1.08835
0.363 -1.24488 0.969366
0.364 -1.00317 0.847121
0.365 -0.757634 0.7222
0.366 -0.509206 0.595201
0.367 -0.258845 0.466727
0.368 -0.00751534 0.33739
0.369 0.24381 0.207798
0.37 0.494157 0.0785616
0.371 0.742552 -0.0497125
0.372 0.988028 -0.176424
0.373 1.22963 -0.300981
0.374 1.4664 -0.422803
0.375 1.69743 -0.541321
0.376 1.9218 -0.655984
0.377 2.13864 -0.766257
0.378 2.34708 -0.871627
0.379 2.54632 -0.971602
0.38 2.73555 -1.06572
0.381 2.91405 -1.15353
0.382 3.08109 -1.23462
0.383 3.23604 -1.30862
0.384 3.37826 -1.37516
0.385 3.5072 -1.43395
0.386 3.62236 -1.48468
0.387 3.72327 -1.52711
0.388 3.80955 -1.56103
0.389 3.88086 -1.58626
0.39 3.93691 -1.60268
0.391 3.97751 -1.61018
0.392 4.00248 -1.60871
0.393 4.01175 -1.59824
0.394 4.00529 -1.5788
0.395 3.98315 -1.55046
0.396 3.94542 -1.5133
0.397 3.89228 -1.46747
0.398 3.82395 -1.41315
0.399 3.74074 -1.35055
0.4 3.643 -1.27992
0.401 3.53115 -1.20155
0.402 3.40567 -1.11576
0.403 3.26709 -1.02291
0.404 3.116 -0.923382
0.405 2.95304 -0.817591
0.406 2.77891 -0.705981
0.407 2.59435 -0.589024
0.408 2.40014 -0.467213
0.409 2.19711 -0.341066
0.41 1.98612 -0.21112
0.411 1.76807 -0.0779282
0.412 1.5439 0.0579387
0.413 1.31457 0.195898
0.414 1.08105 0.335358
0.415 0.84435 0.475716
0.416 0.605488 0.616367
0.417 0.365491 0.756702
0.418 0.125397 0.896112
0.419 -0.113757 1.03399
0.42 -0.350931 1.16974
0.421 -0.585094 1.30276
0.422 -0.815225 1.43248
0.423 -1.04031 1.55832
0.424 -1.25937 1.67972
0.425 -1.47144 1.79617
0.426 -1.67556 1.90712
0.427 -1.87084 2.01211
0.428 -2.0564 2.11065
0.429 -2.2314 2.2023
0.43 -2.39505 2.28666
0.431 -2.54659 2.36334
0.432 -2.68534 2.43198
0.433 -2.81063 2.49229
0.434 -2.92187 2.54397
0.435 -3.01853 2.58679
0.436 -3.10012 2.62053
0.437 -3.16623 2.64504
0.438 -3.21651 2.66019
0.439 -3.25067 2.6659
0.44 -3.26848 2.66211
0.441 -3.2698 2.64884
0.442 -3.25453 2.62611
0.443 -3.22267 2.59402
0.444 -3.17426 2.55268
0.445 -3.10944 2.50225
0.446 -3.02838 2.44295
0.447 -2.93136 2.37501
0.448 -2.81871 2.29872
0.449 -2.69081 2.2144
0.45 -2.54813 2.12241
0.451 -2.3912 2.02314
0.452 -2.2206 1.91701
0.453 -2.03697 1.80449
0.454 -1.84103 1.68606
0.455 -1.63353 1.56225
0.456 -1.41527 1.43359
0.457 -1.18712 1.30065
0.458 -0.949967 1.16401
0.459 -0.704766 1.0243
0.46 -0.452494 0.882121
0.461 -0.194165 0.738123
0.462 0.0691772 0.592952
0.463 0.336465 0.447265
0.464 0.606607 0.301727
0.465 0.878497 0.157003
0.466 1.15102 0.0137604
0.467 1.42304 -0.127338
0.468 1.69344 -0.265633
0.469 1.96109 -0.400477
0.47 2.22486 -0.53123
0.471 2.48365 -0.657269
0.472 2.73636 -0.777987
0.473 2.98192 -0.892795
0.474 3.21928 -1.00113
0.475 3.44742 -1.10245
0.476 3.66535 -1.19624
0.477 3.87212 -1.28202
0.478 4.06683 -1.35934
0.479 4.24861 -1.42777
0.48 4.41665 -1.48694
0.481 4.57019 -1.5365
0.482 4.70853 -1.57615
0.483 4.83101 -1.60561
0.484 4.93707 -1.62468
0.485 5.02617 -1.63317
0.486 5.09786 -1.63094
0.487 5.15177 -1.61792
0.488 5.18758 -1.59405
0.489 5.20506 -1.55935
0.49 5.20403 -1.51385
0.491 5.1844 -1.45767
0.492 5.14616 -1.39094
0.493 5.08937 -1.31385
0.494 5.01417 -1.22665
0.495 4.92075 -1.12962
0.496 4.80942 -1.02308
0.497 4.68052 -0.907396
0.498 4.53448 -0.78299
0.499 4.37182 -0.650313
0.5 4.1931 -0.509855
0.501 3.99896 -0.362146
0.502 3.7901 -0.20775
0.503 3.56728 -0.047265
0.504 3.33135 0.118681
0.505 3.08316 0.28943
0.506 2.82366 0.4643
0.507 2.55383 0.642584
0.508 2.2747 0.823556
0.509 1.98734 1.00647
0.51 1.69284 1.19057
0.511 1.39236 1.37508
0.512 1.08706 1.55922
0.513 0.778116 1.7422
0.514 0.466751 1.92325
0.515 0.154183 2.10157
0.516 -0.158356 2.27638
0.517 -0.469633 2.4469
0.518 -0.778413 2.61236
0.519 -1.08347 2.77203
0.52 -1.38358 2.92516
0.521 -1.67756 3.07103
0.522 -1.96421 3.20896
0.523 -2.24239 3.33829
0.524 -2.51098 3.45836
0.525 -2.76888 3.56859
0.526 -3.01505 3.66839
0.527 -3.24849 3.75723
0.528 -3.46824 3.83462
0.529 -3.6734 3.9001
0.53 -3.86312 3.95327
0.531 -4.03663 3.99375
0.532 -4.19319 4.02124
0.533 -4.33215 4.03545
0.534 -4.45293 4.03618
0.535 -4.55501 4.02324
0.536 -4.63795 3.99654
0.537 -4.70138 3.956
0.538 -4.74502 3.90161
0.539 -4.76867 3.83343
0.54 -4.77219 3.75155
0.541 -4.75554 3.65612
0.542 -4.71876 3.54735
0.543 -4.66196 3.4255
0.544 -4.58535 3.29088
0.545 -4.48921 3.14386
0.546 -4.37389 2.98486
0.547 -4.23983 2.81433
0.548 -4.08756 2.63279
0.549 -3.91766 2.4408
0.55 -3.73079 2.23895
0.551 -3.5277 2.0279
0.552 -3.30919 1.80832
0.553 -3.07613 1.58094
0.554 -2.82944 1.3465
0.555 -2.57011 1.1058
0.556 -2.29919 0.859656
0.557 -2.01776 0.608897
0.558 -1.72698 0.354393
0.559 -1.428 0.0970243
0.56 -1.12206 -0.16231
0.561 -0.8104 -0.422699
0.562 -0.494291 -0.683222
0.563 -0.175031 -0.942955
0.564 0.146065 -1.20097
0.565 0.467674 -1.45634
0.566 0.788465 -1.70815
0.567 1.10711 -1.95548
0.568 1.42227 -2.19743
0.569 1.73265 -2.43313
0.57 2.03693 -2.66171
0.571 2.33384 -2.88232
0.572 2.62212 -3.09416
0.573 2.90055 -3.29643
0.574 3.16795 -3.48839
0.575 3.42316 -3.66932
0.576 3.66508 -3.83854
0.577 3.89267 -3.99541
0.578 4.10493 -4.13935
0.579 4.30093 -4.26981
0.58 4.47978 -4.38628
0.581 4.64069 -4.48833
0.582 4.78291 -4.57555
0.583 4.90578 -4.64762
0.584 5.00871 -4.70425
0.585 5.09119 -4.74521
0.586 5.1528 -4.77033
0.587 5.19318 -4.77951
0.588 5.21207 -4.7727
0.589 5.2093 -4.74991
0.59 5.18478 -4.71122
0.591 5.1385 -4.65675
0.592 5.07055 -4.58669
0.593 4.98109 -4.50131
0.594 4.87039 -4.40091
0.595 4.73879 -4.28585
0.596 4.58672 -4.15657
0.597 4.41469 -4.01354
0.598 4.2233 -3.85729
0.599 4.01321 -3.68841
0.6 3.78517 -3.50752
0.601 3.54002 -3.31531
0.602 3.27864 -3.1125
0.603 3.00199 -2.89986
0.604 2.7111 -2.67818
0.605 2.40706 -2.44831
0.606 2.09099 -2.21112
0.607 1.7641 -1.96751
0.608 1.42762 -1.71841
0.609 1.08283 -1.46476
0.61 0.73104 -1.20754
0.611 0.373603 -0.947718
0.612 0.0118883 -0.686299
0.613 -0.352711 -0.424283
0.614 -0.718788 -0.162674
0.615 -1.08492 0.0975233
0.616 -1.4497 0.355308
0.617 -1.8117 0.609687
0.618 -2.1695 0.85968
0.619 -2.52172 1.10432
0.62 -2.86697 1.34267
0.621 -3.2039 1.57379
0.622 -3.53119 1.79681
0.623 -3.84754 2.01084
0.624 -4.15171 2.21505
0.625 -4.44249 2.40866
0.626 -4.71874 2.59091
0.627 -4.97935 2.76109
0.628 -5.22329 2.91852
0.629 -5.44959 3.0626
0.63 -5.65734 3.19275
0.631 -5.8457 3.30846
0.632 -6.01393 3.40927
0.633 -6.16133 3.49479
0.634 -6.28732 3.56467
0.635 -6.39136 3.61862
0.636 -6.47305 3.65643
0.637 -6.53203 3.67793
0.638 -6.56806 3.68303
0.639 -6.58097 3.6717
0.64 -6.57069 3.64396
0.641 -6.53724 3.59992
0.642 -6.48074 3.53972
0.643 -6.40139 3.46358
0.644 -6.29949 3.3718
0.645 -6.17543 3.26469
0.646 -6.02966 3.14268
0.647 -5.86276 3.00622
0.648 -5.67538 2.85581
0.649 -5.46822 2.69204
0.65 -5.24211 2.51552
0.651 -4.99791 2.32692
0.652 -4.73659 2.12696
0.653 -4.45917 1.91641
0.654 -4.16673 1.69605
0.655 -3.86043 1.46674
0.656 -3.54145 1.22935
0.657 -3.21107 0.984788
0.658 -2.87058 0.733988
0.659 -2.52132 0.47791
0.66 -2.16468 0.217535
0.661 -1.80205 -0.0461401
0.662 -1.43487 -0.312107
0.663 -1.0646 -0.579345
0.664 -0.692702 -0.846833
0.665 -0.320643 -1.11354
0.666 0.0501015 -1.37846
0.667 0.418062 -1.64056
0.668 0.781779 -1.89885
0.669 1.13981 -2.15233
0.67 1.49074 -2.40004
0.671 1.83317 -2.64102
0.672 2.16574 -2.87437
0.673 2.48714 -3.09918
0.674 2.79608 -3.3146
0.675 3.09135 -3.5198
0.676 3.37177 -3.71402
0.677 3.63623 -3.8965
0.678 3.88368 -4.06655
0.679 4.11314 -4.22354
0.68 4.32371 -4.36687
0.681 4.51454 -4.496
0.682 4.68489 -4.61044
0.683 4.83409 -4.70977
0.684 4.96155 -4.79362
0.685 5.06676 -4.86169
0.686 5.14934 -4.91372
0.687 5.20895 -4.94954
0.688 5.24537 -4.96902
0.689 5.25847 -4.9721
0.69 5.24821 -4.95879
0.691 5.21466 -4.92917
0.692 5.15796 -4.88337
0.693 5.07836 -4.82158
0.694 4.9762 -4.74405
0.695 4.85192 -4.65112
0.696 4.70602 -4.54316
0.697 4.53912 -4.4206
0.698 4.35192 -4.28394
0.699 4.14518 -4.13372
0.7 3.91977 -3.97054
0.701 3.67663 -3.79505
0.702 3.41674 -3.60794
0.703 3.1412 -3.40996
0.704 2.85113 -3.20188
0.705 2.54774 -2.98452
0.706 2.23228 -2.75873
0.707 1.90605 -2.5254
0.708 1.5704 -2.28543
0.709 1.22672 -2.03976
0.71 0.876421 -1.78934
0.711 0.520961 -1.53515
0.712 0.161807 -1.27816
0.713 -0.199552 -1.01938
0.714 -0.561621 -0.759789
0.715 -0.922898 -0.50039
0.716 -1.28188 -0.242174
0.717 -1.63709 0.0138721
0.718 -1.98703 0.266776
0.719 -2.33026 0.515579
0.72 -2.66534 0.759343
0.721 -2.99087 0.997152
0.722 -3.30549 1.22812
0.723 -3.60789 1.45138
0.724 -3.89679 1.66611
0.725 -4.17098 1.87153
0.726 -4.4293 2.06688
0.727 -4.67065 2.25146
0.728 -4.89401 2.42461
0.729 -5.09843 2.58572
0.73 -5.28302 2.73424
0.731 -5.44699 2.86964
0.732 -5.58963 2.99149
0.733 -5.71029 3.09938
0.734 -5.80845 3.19298
0.735 -5.88364 3.27201
0.736 -5.93552 3.33625
0.737 -5.96383 3.38556
0.738 -5.96838 3.41983
0.739 -5.94912 3.43904
0.74 -5.90606 3.44321
0.741 -5.83933 3.43245
0.742 -5.74914 3.4069
0.743 -5.63582 3.36678
0.744 -5.49976 3.31237
0.745 -5.34146 3.244
0.746 -5.16152 3.16207
0.747 -4.96062 3.06702
0.748 -4.73951 2.95935
0.749 -4.49905 2.83961
0.75 -4.24016 2.70841
0.751 -3.96385 2.56639
0.752 -3.67118 2.41425
0.753 -3.36329 2.25272
0.754 -3.0414 2.08257
0.755 -2.70676 1.90461
0.756 -2.36068 1.71967
0.757 -2.00452 1.52862
0.758 -1.6397 1.33234
0.759 -1.26764 1.13175
0.76 -0.889814 0.927763
0.761 -0.507724 0.72133
0.762 -0.122878 0.513393
0.763 0.263199 0.304903
0.764 0.648974 0.0968146
0.765 1.03292 -0.109924
0.766 1.4135 -0.314369
0.767 1.78922 -0.51559
0.768 2.15857 -0.712669
0.769 2.52009 -0.904709
0.77 2.87233 -1.09084
0.771 3.2139 -1.2702
0.772 3.54343 -1.44198
0.773 3.85962 -1.60538
0.774 4.16121 -1.75967
0.775 4.44698 -1.90413
0.776 4.71581 -2.03809
0.777 4.96663 -2.16093
0.778 5.19844 -2.27207
0.779 5.41032 -2.371
0.78 5.60143 -2.45723
0.781 5.77101 -2.53035
0.782 5.9184 -2.59001
0.783 6.04301 -2.63589
0.784 6.14435 -2.66776
0.785 6.22204 -2.68543
0.786 6.27577 -2.68878
0.787 6.30535 -2.67775
0.788 6.31066 -2.65234
0.789 6.29172 -2.61261
0.79 6.24861 -2.55868
0.791 6.18152 -2.49075
0.792 6.09074 -2.40906
0.793 5.97667 -2.31391
0.794 5.83978 -2.20567
0.795 5.68065 -2.08476
0.796 5.49995 -1.95166
0.797 5.29842 -1.80688
0.798 5.07692 -1.65103
0.799 4.83635 -1.48471
0.8 4.57772 -1.30861
0.801 4.3021 -1.12345
0.802 4.01064 -0.929973
0.803 3.70454 -0.728986
0.804 3.38507 -0.521314
0.805 3.05356 -0.307817
0.806 2.71138 -0.0893799
0.807 2.35995 0.133088
0.808 2.00073 0.358658
0.809 1.6352 0.586386
0.81 1.26489 0.815317
0.811 0.891319 1.04449
0.812 0.516052 1.27293
0.813 0.140643 1.49968
0.814 -0.233346 1.72378
0.815 -0.604359 1.94427
0.816 -0.970853 2.1602
0.817 -1.3313 2.37067
0.818 -1.6842 2.57476
0.819 -2.02807 2.77159
0.82 -2.36148 2.96032
0.821 -2.68304 3.14012
0.822 -2.99138 3.3102
0.823 -3.28523 3.46983
0.824 -3.56334 3.61829
0.825 -3.82454 3.75492
0.826 -4.06772 3.87912
0.827 -4.29185 3.99032
0.828 -4.49598 4.088
0.829 -4.67923 4.17172
0.83 -4.84082 4.24107
0.831 -4.98004 4.29572
0.832 -5.09629 4.33538
0.833 -5.18904 4.35983
0.834 -5.25788 4.36892
0.835 -5.30249 4.36256
0.836 -5.32265 4.34072
0.837 -5.31822 4.30342
0.838 -5.2892 4.25078
0.839 -5.23565 4.18295
0.84 -5.15777 4.10016
0.841 -5.05582 4.00269
0.842 -4.93019 3.89091
0.843 -4.78135 3.76521
0.844 -4.60988 3.62607
0.845 -4.41645 3.47401
0.846 -4.20181 3.30962
0.847 -3.96681 3.13352
0.848 -3.71237 2.94641
0.849 -3.43952 2.749
0.85 -3.14934 2.54208
0.851 -2.84298 2.32646
0.852 -2.52169 2.103
0.853 -2.18675 1.87259
0.854 -1.83952 1.63614
0.855 -1.48139 1.39461
0.856 -1.11383 1.14896
0.857 -0.73831 0.900199
0.858 -0.35637 0.64932
0.859 0.0304365 0.397345
0.86 0.420532 0.145302
0.861 0.812321 -0.105782
0.862 1.2042 -0.354876
0.863 1.59456 -0.600958
0.864 1.9818 -0.843014
0.865 2.36431 -1.08004
0.866 2.74054 -1.31106
0.867 3.1089 -1.53511
0.868 3.46789 -1.75125
0.869 3.816 -1.95859
0.87 4.15179 -2.15624
0.871 4.47386 -2.34337
0.872 4.78084 -2.51918
0.873 5.07145 -2.68294
0.874 5.34447 -2.83392
0.875 5.59873 -2.97149
0.876 5.83314 -3.09503
0.877 6.0467 -3.20401
0.878 6.23849 -3.29794
0.879 6.40766 -3.37638
0.88 6.55347 -3.43899
0.881 6.67526 -3.48544
0.882 6.77246 -3.51552
0.883 6.84462 -3.52904
0.884 6.89137 -3.52591
0.885 6.91246 -3.50608
0.886 6.90772 -3.4696
0.887 6.87709 -3.41656
0.888 6.82064 -3.34713
0.889 6.73851 -3.26154
0.89 6.63095 -3.16011
0.891 6.49833 -3.04318
0.892 6.34111 -2.91121
0.893 6.15985 -2.76468
0.894 5.9552 -2.60415
0.895 5.72792 -2.43023
0.896 5.47884 -2.24359
0.897 5.20891 -2.04497
0.898 4.91914 -1.83512
0.899 4.61062 -1.61489
0.9 4.28454 -1.38513
0.901 3.94214 -1.14676
0.902 3.58473 -0.900733
0.903 3.21368 -0.648024
0.904 2.83044 -0.389651
0.905 2.43649 -0.126652
0.906 2.03334 0.139907
0.907 1.62257 0.408947
0.908 1.20577 0.679372
0.909 0.784578 0.950077
0.91 0.360628 1.21995
0.911 -0.0644217 1.48788
0.912 -0.488907 1.75277
0.913 -0.911165 2.01351
0.914 -1.32954 2.26901
0.915 -1.74239 2.5182
0.916 -2.14809 2.76005
0.917 -2.54506 2.99351
0.918 -2.93172 3.21761
0.919 -3.30655 3.43137
0.92 -3.66809 3.63388
0.921 -4.0149 3.82425
0.922 -4.34562 4.00165
0.923 -4.65895 4.16528
0.924 -4.95365 4.31442
0.925 -5.22856 4.44837
0.926 -5.48259 4.56652
0.927 -5.71475 4.6683
0.928 -5.92412 4.7532
0.929 -6.10988 4.82079
0.93 -6.27129 4.8707
0.931 -6.40773 4.90261
0.932 -6.51866 4.91631
0.933 -6.60365 4.91163
0.934 -6.66237 4.88846
0.935 -6.69459 4.84681
0.936 -6.7002 4.7867
0.937 -6.6792 4.70828
0.938 -6.63166 4.61174
0.939 -6.5578 4.49734
0.94 -6.45792 4.36542
0.941 -6.33244 4.21638
0.942 -6.18186 4.05071
0.943 -6.00681 3.86895
0.944 -5.808 3.67168
0.945 -5.58623 3.4596
0.946 -5.34241 3.2334
0.947 -5.07754 2.99389
0.948 -4.79268 2.74189
0.949 -4.48899 2.4783
0.95 -4.16771 2.20403
0.951 -3.83014 1.92007
0.952 -3.47765 1.62744
0.953 -3.11167 1.32718
0.954 -2.7337 1.02037
0.955 -2.34525 0.708139
0.956 -1.94792 0.391608
0.957 -1.54331 0.0719314
0.958 -1.13307 -0.249723
0.959 -0.718879 -0.572177
0.96 -0.302408 -0.89425
0.961 0.114643 -1.21476
0.962 0.530575 -1.53252
0.963 0.943692 -1.84638
0.964 1.35231 -2.15516
0.965 1.75476 -2.45773
0.966 2.1494 -2.75297
0.967 2.53461 -3.03979
0.968 2.90882 -3.31713
0.969 3.27049 -3.58397
0.97 3.61814 -3.83931
0.971 3.95034 -4.08222
0.972 4.26573 -4.3118
0.973 4.56299 -4.5272
0.974 4.8409 -4.72763
0.975 5.09832 -4.91234
0.976 5.33415 -5.08067
0.977 5.54744 -5.232
0.978 5.73727 -5.36578
0.979 5.90284 -5.48152
0.98 6.04346 -5.57881
0.981 6.15851 -5.6573
0.982 6.24749 -5.71673
0.983 6.31001 -5.75688
0.984 6.34577 -5.77764
0.985 6.35459 -5.77896
0.986 6.33639 -5.76084
0.987 6.29119 -5.7234
0.988 6.21915 -5.6668
0.989 6.1205 -5.59128
0.99 5.9956 -5.49717
0.991 5.8449 -5.38484
0.992 5.66898 -5.25476
0.993 5.46849 -5.10745
0.994 5.2442 -4.9435
0.995 4.99697 -4.76357
0.996 4.72774 -4.56838
0.997 4.43757 -4.35869
0.998 4.12757 -4.13533
0.999 3.79894 -3.89919
1 3.45298 -3.6512
