0.001 3.3951e-008 2.5895e-009
0.002 3.09344e-007 2.07946e-008
0.003 1.45925e-006 8.62804e-008
0.004 4.83633e-006 2.53148e-007
0.005 1.28037e-005 6.00349e-007
0.006 2.90157e-005 1.23575e-006
0.007 5.86864e-005 2.30225e-006
0.008 0.000108843 3.98646e-006
0.009 0.000188561 6.53017e-006
0.01 0.000309182 1.02451e-005
0.011 0.000484506 1.55312e-005
0.012 0.000730965 2.28987e-005
0.013 0.00106776 3.29941e-005
0.014 0.00151701 4.66308e-005
0.015 0.00210377 6.48233e-005
0.016 0.00285619 8.88265e-005
0.017 0.00380545 0.000120179
0.018 0.00498582 0.000160751
0.019 0.00643459 0.000212797
0.02 0.00819202 0.000279009
0.021 0.0103012 0.000362582
0.022 0.012808 0.000467273
0.023 0.0157609 0.000597468
0.024 0.0192105 0.000758256
0.025 0.0232097 0.000955496
0.026 0.0278134 0.0011959
0.027 0.0330777 0.00148708
0.028 0.0390603 0.00183769
0.029 0.0458196 0.00225741
0.03 0.0534147 0.00275711
0.031 0.0619046 0.00334886
0.032 0.0713483 0.00404603
0.033 0.0818039 0.00486338
0.034 0.0933284 0.00581708
0.035 0.105977 0.00692481
0.036 0.119804 0.00820579
0.037 0.134858 0.00968085
0.038 0.151189 0.0113725
0.039 0.16884 0.0133048
0.04 0.187852 0.0155037
0.041 0.208259 0.0179967
0.042 0.230094 0.0208133
0.043 0.25338 0.0239843
0.044 0.278138 0.0275427
0.045 0.304381 0.0315228
0.046 0.332115 0.0359608
0.047 0.36134 0.0408942
0.048 0.392049 0.0463624
0.049 0.424224 0.052406
0.05 0.457843 0.059067
0.051 0.492874 0.0663886
0.052 0.529277 0.0744152
0.053 0.567002 0.0831921
0.054 0.605992 0.0927653
0.055 0.646181 0.103182
0.056 0.687493 0.114488
0.057 0.729843 0.126733
0.058 0.773139 0.139963
0.059 0.81728 0.154225
0.06 0.862154 0.169566
0.061 0.907643 0.186033
0.062 0.953621 0.203671
0.063 0.999953 0.222523
0.064 1.0465 0.242633
0.065 1.09311 0.26404
0.066 1.13962 0.286782
0.067 1.18589 0.310897
0.068 1.23174 0.336417
0.069 1.27699 0.363373
0.07 1.32149 0.39179
0.071 1.36503 0.421693
0.072 1.40746 0.4531
0.073 1.44857 0.486025
0.074 1.48819 0.52048
0.075 1.52613 0.556468
0.076 1.56221 0.593991
0.077 1.59625 0.63304
0.078 1.62806 0.673607
0.079 1.65746 0.715671
0.08 1.68429 0.75921
0.081 1.70837 0.804193
0.082 1.72955 0.850582
0.083 1.74766 0.898333
0.084 1.76256 0.947395
0.085 1.7741 0.997709
0.086 1.78217 1.04921
0.087 1.78664 1.10182
0.088 1.7874 1.15546
0.089 1.78436 1.21005
0.09 1.77743 1.26548
0.091 1.76654 1.32165
0.092 1.75163 1.37846
0.093 1.73267 1.43577
0.094 1.70963 1.49348
0.095 1.68249 1.55144
0.096 1.65127 1.60951
0.097 1.61598 1.66756
0.098 1.57667 1.72542
0.099 1.53338 1.78294
0.1 1.4862 1.83995
0.101 1.43522 1.89629
0.102 1.38053 1.95179
0.103 1.32227 2.00625
0.104 1.26058 2.05951
0.105 1.19562 2.11138
0.106 1.12756 2.16167
0.107 1.0566 2.21019
0.108 0.982945 2.25675
0.109 0.906813 2.30116
0.11 0.828445 2.34322
0.111 0.748091 2.38274
0.112 0.666017 2.41954
0.113 0.582497 2.45343
0.114 0.49782 2.48422
0.115 0.412283 2.51172
0.116 0.326193 2.53577
0.117 0.239865 2.55618
0.118 0.153622 2.57279
0.119 0.0677895 2.58545
0.12 -0.0172997 2.594
0.121 -0.101311 2.59829
0.122 -0.183908 2.59819
0.123 -0.264754 2.59357
0.124 -0.343513 2.58432
0.125 -0.419852 2.57034
0.126 -0.493444 2.55152
0.127 -0.563963 2.5278
0.128 -0.631094 2.4991
0.129 -0.694529 2.46537
0.13 -0.75397 2.42658
0.131 -0.809131 2.38269
0.132 -0.859736 2.3337
0.133 -0.905528 2.27962
0.134 -0.94626 2.22047
0.135 -0.981706 2.15628
0.136 -1.01166 2.08711
0.137 -1.03592 2.01305
0.138 -1.05433 1.93416
0.139 -1.06673 1.85057
0.14 -1.073 1.76239
0.141 -1.07303 1.66977
0.142 -1.06675 1.57287
0.143 -1.0541 1.47185
0.144 -1.03506 1.36691
0.145 -1.00961 1.25826
0.146 -0.977783 1.14612
0.147 -0.939631 1.03074
0.148 -0.895227 0.912353
0.149 -0.844677 0.791242
0.15 -0.78811 0.667688
0.151 -0.725684 0.541984
0.152 -0.657584 0.414439
0.153 -0.58402 0.285373
0.154 -0.505229 0.155116
0.155 -0.42147 0.0240066
0.156 -0.333032 -0.107605
0.157 -0.240223 -0.239364
0.158 -0.143375 -0.370906
0.159 -0.042843 -0.501864
0.16 0.060999 -0.631864
0.161 0.167757 -0.76053
0.162 0.277019 -0.887486
0.163 0.388357 -1.01235
0.164 0.501328 -1.13475
0.165 0.615474 -1.25431
0.166 0.730327 -1.37066
0.167 0.845409 -1.48342
0.168 0.960234 -1.59224
0.169 1.07431 -1.69677
0.17 1.18714 -1.79665
0.171 1.29822 -1.89157
0.172 1.40705 -1.98118
0.173 1.51314 -2.06518
0.174 1.61599 -2.14328
0.175 1.71512 -2.2152
0.176 1.81004 -2.28066
0.177 1.90028 -2.33943
0.178 1.98538 -2.39127
0.179 2.06491 -2.43598
0.18 2.13843 -2.47338
0.181 2.20553 -2.50328
0.182 2.26582 -2.52556
0.183 2.31893 -2.5401
0.184 2.36453 -2.54679
0.185 2.40228 -2.54558
0.186 2.43189 -2.53641
0.187 2.45311 -2.51926
0.188 2.46569 -2.49416
0.189 2.46943 -2.46112
0.19 2.46416 -2.42022
0.191 2.44974 -2.37154
0.192 2.42607 -2.3152
0.193 2.39307 -2.25134
0.194 2.35072 -2.18013
0.195 2.29901 -2.10177
0.196 2.23799 -2.01649
0.197 2.16773 -1.92452
0.198 2.08835 -1.82615
0.199 2 -1.72168
0.2 1.90286 -1.61142
0.201 1.79716 -1.49571
0.202 1.68316 -1.37494
0.203 1.56116 -1.24948
0.204 1.43148 -1.11975
0.205 1.29449 -0.986158
0.206 1.15059 -0.849162
0.207 1.0002 -0.709217
0.208 0.843786 -0.566795
0.209 0.68183 -0.422382
0.21 0.514845 -0.276476
0.211 0.34337 -0.129584
0.212 0.167966 0.0177808
0.213 -0.0107839 0.165097
0.214 -0.192279 0.31184
0.215 -0.375901 0.457481
0.216 -0.561016 0.601494
0.217 -0.746981 0.743352
0.218 -0.933139 0.88253
0.219 -1.11883 1.01851
0.22 -1.30339 1.15078
0.221 -1.48614 1.27884
0.222 -1.66642 1.40219
0.223 -1.84356 1.52036
0.224 -2.01691 1.63287
0.225 -2.18581 1.73929
0.226 -2.34963 1.83918
0.227 -2.50773 1.93212
0.228 -2.65952 2.01773
0.229 -2.80439 2.09564
0.23 -2.94179 2.1655
0.231 -3.07115 2.227
0.232 -3.19198 2.27985
0.233 -3.30377 2.32377
0.234 -3.40607 2.35855
0.235 -3.49844 2.38397
0.236 -3.58051 2.39986
0.237 -3.6519 2.40609
0.238 -3.71231 2.40255
0.239 -3.76146 2.38916
0.24 -3.7991 2.36589
0.241 -3.82505 2.33273
0.242 -3.83915 2.28972
0.243 -3.8413 2.23692
0.244 -3.83144 2.17442
0.245 -3.80955 2.10237
0.246 -3.77565 2.02093
0.247 -3.72983 1.93031
0.248 -3.67222 1.83075
0.249 -3.60297 1.72251
0.25 -3.52231 1.60589
0.251 -3.43049 1.48124
0.252 -3.32781 1.34891
0.253 -3.21464 1.2093
0.254 -3.09135 1.06283
0.255 -2.95839 0.909941
0.256 -2.81621 0.751109
0.257 -2.66534 0.58683
0.258 -2.50632 0.417621
0.259 -2.33972 0.24402
0.26 -2.16617 0.0665816
0.261 -1.98631 -0.114122
0.262 -1.8008 -0.297503
0.263 -1.61035 -0.482966
0.264 -1.41567 -0.669899
0.265 -1.21751 -0.857688
0.266 -1.01662 -1.04571
0.267 -0.813772 -1.23334
0.268 -0.609746 -1.41995
0.269 -0.405334 -1.60491
0.27 -0.201332 -1.7876
0.271 0.00146381 -1.96741
0.272 0.202256 -2.14372
0.273 0.400253 -2.31593
0.274 0.59467 -2.48346
0.275 0.784733 -2.64573
0.276 0.969683 -2.80219
0.277 1.14878 -2.9523
0.278 1.32129 -3.09554
0.279 1.48652 -3.23142
0.28 1.6438 -3.35946
0.281 1.79249 -3.47923
0.282 1.93195 -3.59031
0.283 2.06163 -3.69231
0.284 2.18096 -3.78488
0.285 2.28946 -3.8677
0.286 2.38665 -3.94046
0.287 2.47212 -4.00294
0.288 2.54548 -4.05489
0.289 2.60642 -4.09615
0.29 2.65464 -4.12657
0.291 2.68993 -4.14603
0.292 2.7121 -4.15449
0.293 2.72102 -4.1519
0.294 2.71662 -4.13829
0.295 2.69887 -4.11369
0.296 2.66781 -4.0782
0.297 2.62352 -4.03194
0.298 2.56614 -3.97509
0.299 2.49587 -3.90784
0.3 2.41293 -3.83043
0.301 2.31764 -3.74315
0.302 2.21034 -3.6463
0.303 2.09142 -3.54024
0.304 1.96134 -3.42533
0.305 1.82057 -3.30199
0.306 1.66966 -3.17067
0.307 1.50919 -3.03182
0.308 1.33979 -2.88594
0.309 1.1621 -2.73355
0.31 0.976825 -2.5752
0.311 0.784697 -2.41145
0.312 0.586474 -2.24288
0.313 0.382943 -2.07008
0.314 0.174917 -1.89367
0.315 -0.0367703 -1.71427
0.316 -0.251266 -1.53252
0.317 -0.467704 -1.34906
0.318 -0.685205 -1.16452
0.319 -0.902882 -0.979563
0.32 -1.11984 -0.794828
0.321 -1.3352 -0.61096
0.322 -1.54806 -0.428598
0.323 -1.75754 -0.248373
0.324 -1.96277 -0.0709045
0.325 -2.16289 0.103198
0.326 -2.35706 0.273342
0.327 -2.54445 0.438951
0.328 -2.72427 0.599469
0.329 -2.89575 0.754359
0.33 -3.05814 0.90311
0.331 -3.21074 1.04524
0.332 -3.35288 1.18028
0.333 -3.48393 1.3078
0.334 -3.60329 1.42741
0.335 -3.71044 1.53874
0.336 -3.80485 1.64146
0.337 -3.8861 1.73526
0.338 -3.95378 1.81989
0.339 -4.00755 1.89512
0.34 -4.04712 1.96075
0.341 -4.07225 2.01665
0.342 -4.08277 2.06271
0.343 -4.07856 2.09884
0.344 -4.05956 2.12503
0.345 -4.02577 2.14128
0.346 -3.97725 2.14763
0.347 -3.91412 2.14419
0.348 -3.83654 2.13106
0.349 -3.74477 2.10843
0.35 -3.63908 2.07649
0.351 -3.51984 2.03549
0.352 -3.38744 1.98569
0.353 -3.24235 1.92741
0.354 -3.08508 1.861
0.355 -2.91619 1.78683
0.356 -2.73629 1.7053
0.357 -2.54603 1.61685
0.358 -2.34613 1.52194
0.359 -2.13732 1.42106
0.36 -1.92037 1.31471
0.361 -1.69611 1.20343
0.362 -1.46537 1.08777
0.363 -1.22904 0.968285
0.364 -0.988017 0.845559
0.365 -0.743213 0.720181
0.366 -0.49557 0.592751
0.367 -0.246041 0.463875
0.368 0.00441281 0.334161
0.369 0.254822 0.204223
0.37 0.504217 0.0746687
0.371 0.751628 -0.0538934
0.372 0.996092 -0.180863
0.373 1.23666 -0.305648
0.374 1.47238 -0.427666
0.375 1.70233 -0.546351
0.376 1.92563 -0.66115
0.377 2.14138 -0.77153
0.378 2.34874 -0.876977
0.379 2.54689 -0.977
0.38 2.73505 -1.07113
0.381 2.91249 -1.15893
0.382 3.07849 -1.24
0.383 3.23242 -1.31393
0.384 3.37365 -1.38039
0.385 3.50163 -1.43907
0.386 3.61587 -1.48967
0.387 3.7159 -1.53195
0.388 3.80134 -1.5657
0.389 3.87186 -1.59075
0.39 3.92717 -1.60696
0.391 3.96708 -1.61424
0.392 3.99143 -1.61253
0.393 4.00014 -1.60182
0.394 3.99319 -1.58213
0.395 3.97061 -1.55352
0.396 3.93252 -1.5161
0.397 3.87908 -1.46999
0.398 3.81054 -1.41539
0.399 3.72718 -1.35251
0.4 3.62937 -1.28161
0.401 3.51753 -1.20296
0.402 3.39213 -1.1169
0.403 3.2537 -1.02378
0.404 3.10284 -0.923988
0.405 2.94019 -0.817941
0.406 2.76644 -0.706084
0.407 2.58233 -0.588889
0.408 2.38864 -0.466851
0.409 2.1862 -0.340489
0.41 1.97587 -0.210341
0.411 1.75854 -0.0769608
0.412 1.53515 0.0590802
0.413 1.30665 0.197199
0.414 1.07403 0.336802
0.415 0.838267 0.477288
0.416 0.600391 0.61805
0.417 0.361423 0.758481
0.418 0.122394 0.89797
0.419 -0.115662 1.03591
0.42 -0.351711 1.17171
0.421 -0.584727 1.30476
0.422 -0.813692 1.43449
0.423 -1.0376 1.56033
0.424 -1.25548 1.68172
0.425 -1.46636 1.79814
0.426 -1.6693 1.90905
0.427 -1.86341 2.01398
0.428 -2.04781 2.11246
0.429 -2.22168 2.20404
0.43 -2.38422 2.28831
0.431 -2.53469 2.3649
0.432 -2.67239 2.43345
0.433 -2.79668 2.49365
0.434 -2.90697 2.54522
0.435 -3.00273 2.58793
0.436 -3.08348 2.62156
0.437 -3.14882 2.64596
0.438 -3.19838 2.661
0.439 -3.23189 2.6666
0.44 -3.24913 2.66272
0.441 -3.24995 2.64934
0.442 -3.23427 2.62653
0.443 -3.20208 2.59435
0.444 -3.15342 2.55294
0.445 -3.08844 2.50245
0.446 -3.00731 2.44309
0.447 -2.91031 2.37512
0.448 -2.79777 2.29881
0.449 -2.67008 2.21448
0.45 -2.5277 2.1225
0.451 -2.37115 2.02325
0.452 -2.20103 1.91716
0.453 -2.01798 1.8047
0.454 -1.82271 1.68636
0.455 -1.61595 1.56264
0.456 -1.39853 1.43409
0.457 -1.1713 1.30128
0.458 -0.935153 1.1648
0.459 -0.691032 1.02526
0.46 -0.439913 0.883272
0.461 -0.182807 0.739481
0.462 0.0792471 0.594535
0.463 0.345185 0.44909
0.464 0.613922 0.303809
0.465 0.884356 0.159357
0.466 1.15537 0.0164005
0.467 1.42586 -0.124399
0.468 1.69468 -0.262385
0.469 1.96073 -0.396908
0.47 2.22287 -0.527334
0.471 2.48002 -0.653038
0.472 2.73109 -0.773416
0.473 2.975 -0.887882
0.474 3.21072 -0.995873
0.475 3.43722 -1.09685
0.476 3.65354 -1.1903
0.477 3.85873 -1.27575
0.478 4.05188 -1.35273
0.479 4.23215 -1.42085
0.48 4.39872 -1.47971
0.481 4.55084 -1.52897
0.482 4.68781 -1.56834
0.483 4.809 -1.59755
0.484 4.91382 -1.61638
0.485 5.00177 -1.62465
0.486 5.0724 -1.62223
0.487 5.12532 -1.60904
0.488 5.16024 -1.58504
0.489 5.17692 -1.55023
0.49 5.17519 -1.50466
0.491 5.15496 -1.44844
0.492 5.11624 -1.3817
0.493 5.05907 -1.30466
0.494 4.98359 -1.21753
0.495 4.89002 -1.12061
0.496 4.77865 -1.01422
0.497 4.64982 -0.898741
0.498 4.50398 -0.774578
0.499 4.34163 -0.642187
0.5 4.16334 -0.502061
0.501 3.96974 -0.354729
0.502 3.76153 -0.200755
0.503 3.53949 -0.0407372
0.504 3.30444 0.124696
0.505 3.05724 0.294888
0.506 2.79884 0.469157
0.507 2.5302 0.646797
0.508 2.25236 0.827081
0.509 1.96638 1.00927
0.51 1.67336 1.1926
0.511 1.37443 1.3763
0.512 1.07076 1.5596
0.513 0.76352 1.74171
0.514 0.45392 1.92185
0.515 0.143175 2.09923
0.516 -0.167493 2.27307
0.517 -0.476854 2.4426
0.518 -0.783683 2.60705
0.519 -1.08676 2.76568
0.52 -1.38488 2.91776
0.521 -1.67684 3.06258
0.522 -1.96148 3.19944
0.523 -2.23765 3.32769
0.524 -2.50424 3.44668
0.525 -2.76016 3.55583
0.526 -3.00439 3.65456
0.527 -3.23591 3.74234
0.528 -3.4538 3.81867
0.529 -3.65715 3.88312
0.53 -3.84513 3.93527
0.531 -4.01695 3.97477
0.532 -4.17191 4.00129
0.533 -4.30935 4.01457
0.534 -4.4287 4.0144
0.535 -4.52945 4.0006
0.536 -4.61115 3.97308
0.537 -4.67347 3.93177
0.538 -4.7161 3.87667
0.539 -4.73886 3.80781
0.54 -4.74162 3.72532
0.541 -4.72433 3.62933
0.542 -4.68705 3.52007
0.543 -4.62988 3.39779
0.544 -4.55304 3.26281
0.545 -4.4568 3.11549
0.546 -4.34153 2.95626
0.547 -4.20766 2.78558
0.548 -4.05572 2.60396
0.549 -3.88629 2.41196
0.55 -3.70004 2.21019
0.551 -3.49771 1.99928
0.552 -3.28009 1.77993
0.553 -3.04805 1.55284
0.554 -2.80251 1.31879
0.555 -2.54447 1.07855
0.556 -2.27496 0.832929
0.557 -1.99507 0.582779
0.558 -1.70593 0.328956
0.559 -1.40871 0.072343
0.56 -1.10463 -0.186165
0.561 -0.794916 -0.445657
0.562 -0.480849 -0.705218
0.563 -0.163713 -0.963923
0.564 0.155187 -1.22085
0.565 0.474533 -1.47507
0.566 0.793005 -1.72567
0.567 1.10928 -1.97175
0.568 1.42204 -2.2124
0.569 1.72998 -2.44675
0.57 2.0318 -2.67393
0.571 2.32624 -2.89312
0.572 2.61205 -3.10349
0.573 2.88802 -3.30428
0.574 3.15297 -3.49473
0.575 3.40577 -3.67413
0.576 3.64531 -3.84181
0.577 3.87057 -3.99714
0.578 4.08056 -4.13952
0.579 4.27434 -4.26843
0.58 4.45106 -4.38336
0.581 4.60992 -4.48387
0.582 4.75018 -4.56959
0.583 4.87119 -4.64016
0.584 4.97238 -4.69533
0.585 5.05323 -4.73485
0.586 5.11332 -4.75858
0.587 5.15232 -4.76641
0.588 5.16997 -4.7583
0.589 5.1661 -4.73425
0.59 5.14062 -4.69436
0.591 5.09354 -4.63875
0.592 5.02493 -4.56762
0.593 4.93499 -4.48123
0.594 4.82396 -4.37989
0.595 4.69219 -4.26397
0.596 4.54012 -4.1339
0.597 4.36826 -3.99016
0.598 4.17719 -3.83329
0.599 3.9676 -3.66387
0.6 3.74023 -3.48253
0.601 3.49591 -3.28996
0.602 3.23551 -3.08688
0.603 2.96001 -2.87405
0.604 2.67042 -2.65229
0.605 2.36782 -2.42242
0.606 2.05335 -2.18532
0.607 1.72819 -1.94189
0.608 1.39358 -1.69307
0.609 1.05079 -1.43978
0.61 0.701113 -1.18301
0.611 0.345903 -0.923737
0.612 -0.0134805 -0.662946
0.613 -0.375653 -0.40164
0.614 -0.739215 -0.140822
0.615 -1.10276 0.118506
0.616 -1.46488 0.375347
0.617 -1.82415 0.628712
0.618 -2.17919 0.877623
0.619 -2.52861 1.12112
0.62 -2.87103 1.35826
0.621 -3.20511 1.58812
0.622 -3.52955 1.80982
0.623 -3.84305 2.02249
0.624 -4.14439 2.22531
0.625 -4.43237 2.41749
0.626 -4.70586 2.59827
0.627 -4.96375 2.76695
0.628 -5.20504 2.92288
0.629 -5.42875 3.06543
0.63 -5.63399 3.19404
0.631 -5.81994 3.30821
0.632 -5.98584 3.40749
0.633 -6.13103 3.49148
0.634 -6.25492 3.55984
0.635 -6.357 3.61229
0.636 -6.43685 3.64862
0.637 -6.49413 3.66868
0.638 -6.52861 3.67237
0.639 -6.54011 3.65967
0.64 -6.52859 3.63061
0.641 -6.49407 3.58528
0.642 -6.43666 3.52386
0.643 -6.35657 3.44656
0.644 -6.2541 3.35367
0.645 -6.12964 3.24553
0.646 -5.98366 3.12255
0.647 -5.81673 2.9852
0.648 -5.62948 2.83398
0.649 -5.42264 2.66947
0.65 -5.19702 2.49229
0.651 -4.9535 2.30312
0.652 -4.69302 2.10268
0.653 -4.41661 1.89172
0.654 -4.12534 1.67106
0.655 -3.82036 1.44153
0.656 -3.50288 1.20401
0.657 -3.17413 0.959411
0.658 -2.83541 0.708665
0.659 -2.48806 0.452731
0.66 -2.13344 0.19259
0.661 -1.77297 -0.0707627
0.662 -1.40805 -0.336319
0.663 -1.04014 -0.603063
0.664 -0.670685 -0.869971
0.665 -0.301153 -1.13602
0.666 0.0669957 -1.4002
0.667 0.432301 -1.66149
0.668 0.793317 -1.91888
0.669 1.14861 -2.17141
0.67 1.49677 -2.4181
0.671 1.83643 -2.658
0.672 2.16622 -2.8902
0.673 2.48485 -3.11382
0.674 2.79105 -3.32799
0.675 3.0836 -3.53191
0.676 3.36135 -3.7248
0.677 3.6232 -3.90592
0.678 3.8681 -4.07458
0.679 4.09509 -4.23016
0.68 4.30326 -4.37205
0.681 4.49181 -4.49972
0.682 4.65998 -4.61271
0.683 4.80711 -4.71058
0.684 4.93263 -4.79296
0.685 5.03604 -4.85957
0.686 5.11695 -4.91016
0.687 5.17504 -4.94454
0.688 5.2101 -4.96261
0.689 5.222 -4.96432
0.69 5.21071 -4.94966
0.691 5.17629 -4.91872
0.692 5.11891 -4.87164
0.693 5.0388 -4.80861
0.694 4.93631 -4.7299
0.695 4.81187 -4.63583
0.696 4.66601 -4.52678
0.697 4.49933 -4.40319
0.698 4.31252 -4.26556
0.699 4.10637 -4.11443
0.7 3.88172 -3.95042
0.701 3.63951 -3.77415
0.702 3.38074 -3.58634
0.703 3.10647 -3.38773
0.704 2.81785 -3.17908
0.705 2.51606 -2.96123
0.706 2.20235 -2.73503
0.707 1.87801 -2.50135
0.708 1.5444 -2.26111
0.709 1.20287 -2.01524
0.71 0.854859 -1.7647
0.711 0.50179 -1.51045
0.712 0.14513 -1.25348
0.713 -0.213647 -0.994781
0.714 -0.573053 -0.735342
0.715 -0.931597 -0.476159
0.716 -1.28779 -0.218222
0.717 -1.64016 0.0374853
0.718 -1.98723 0.289993
0.719 -2.32757 0.538346
0.72 -2.65974 0.781607
0.721 -2.98237 1.01887
0.722 -3.29411 1.24924
0.723 -3.59364 1.47186
0.724 -3.87972 1.68592
0.725 -4.15114 1.89063
0.726 -4.40674 2.08525
0.727 -4.64545 2.26907
0.728 -4.86626 2.44144
0.729 -5.06821 2.60175
0.73 -5.25045 2.74945
0.731 -5.41218 2.88404
0.732 -5.5527 3.00506
0.733 -5.67138 3.11212
0.734 -5.7677 3.2049
0.735 -5.84121 3.28311
0.736 -5.89157 3.34656
0.737 -5.91851 3.39507
0.738 -5.92187 3.42858
0.739 -5.90159 3.44704
0.74 -5.8577 3.45049
0.741 -5.79032 3.43903
0.742 -5.69968 3.41282
0.743 -5.58608 3.37208
0.744 -5.44994 3.31707
0.745 -5.29176 3.24815
0.746 -5.11213 3.16571
0.747 -4.91173 3.07019
0.748 -4.69131 2.96209
0.749 -4.45173 2.84198
0.75 -4.1939 2.71044
0.751 -3.91883 2.56815
0.752 -3.62757 2.41577
0.753 -3.32128 2.25405
0.754 -3.00114 2.08376
0.755 -2.6684 1.90571
0.756 -2.32438 1.72073
0.757 -1.97042 1.52967
0.758 -1.60793 1.33345
0.759 -1.23832 1.13294
0.76 -0.86306 0.929097
0.761 -0.483635 0.722838
0.762 -0.101544 0.515114
0.763 0.281697 0.306874
0.764 0.66457 0.0990676
0.765 1.04556 -0.107357
0.766 1.42314 -0.311461
0.767 1.79583 -0.512316
0.768 2.16213 -0.709008
0.769 2.52059 -0.900642
0.77 2.86979 -1.08635
0.771 3.20834 -1.26528
0.772 3.53488 -1.43661
0.773 3.84813 -1.59958
0.774 4.14683 -1.75342
0.775 4.42979 -1.89744
0.776 4.69589 -2.03097
0.777 4.94408 -2.15339
0.778 5.17336 -2.26412
0.779 5.38283 -2.36266
0.78 5.57166 -2.44852
0.781 5.7391 -2.52131
0.782 5.88449 -2.58065
0.783 6.00726 -2.62626
0.784 6.10693 -2.65788
0.785 6.18312 -2.67535
0.786 6.23553 -2.67853
0.787 6.26397 -2.66738
0.788 6.26834 -2.64189
0.789 6.24864 -2.60213
0.79 6.20497 -2.54823
0.791 6.13753 -2.48037
0.792 6.04661 -2.39881
0.793 5.93259 -2.30384
0.794 5.79597 -2.19584
0.795 5.6373 -2.07523
0.796 5.45727 -1.94247
0.797 5.25661 -1.7981
0.798 5.03617 -1.64271
0.799 4.79686 -1.47691
0.8 4.53968 -1.30138
0.801 4.2657 -1.11684
0.802 3.97604 -0.924048
0.803 3.67192 -0.723789
0.804 3.35459 -0.516892
0.805 3.02538 -0.304216
0.806 2.68563 -0.0866431
0.807 2.33677 0.13492
0.808 1.98024 0.359549
0.809 1.61751 0.586302
0.81 1.25009 0.814227
0.811 0.879513 1.04237
0.812 0.507309 1.26975
0.813 0.135024 1.49543
0.814 -0.235792 1.71844
0.815 -0.603599 1.93783
0.816 -0.966865 2.15267
0.817 -1.32408 2.36203
0.818 -1.67375 2.56502
0.819 -2.01441 2.76076
0.82 -2.34465 2.94842
0.821 -2.66308 3.12716
0.822 -2.96837 3.29621
0.823 -3.25923 3.45483
0.824 -3.53445 3.60232
0.825 -3.79286 3.73803
0.826 -4.03336 3.86133
0.827 -4.25495 3.97169
0.828 -4.45667 4.06858
0.829 -4.63766 4.15157
0.83 -4.79715 4.22025
0.831 -4.93445 4.27428
0.832 -5.04895 4.3134
0.833 -5.14015 4.33738
0.834 -5.20764 4.34608
0.835 -5.2511 4.3394
0.836 -5.27031 4.31731
0.837 -5.26516 4.27986
0.838 -5.23563 4.22715
0.839 -5.18181 4.15933
0.84 -5.10387 4.07664
0.841 -5.0021 3.97936
0.842 -4.87687 3.86785
0.843 -4.72867 3.74252
0.844 -4.55807 3.60383
0.845 -4.36573 3.45232
0.846 -4.15241 3.28855
0.847 -3.91894 3.11317
0.848 -3.66626 2.92685
0.849 -3.39537 2.73033
0.85 -3.10736 2.52437
0.851 -2.80337 2.3098
0.852 -2.48463 2.08745
0.853 -2.15242 1.85822
0.854 -1.80808 1.62303
0.855 -1.45301 1.38281
0.856 -1.08864 1.13854
0.857 -0.716465 0.891203
0.858 -0.337984 0.641799
0.859 0.0452542 0.391344
0.86 0.431686 0.140858
0.861 0.819731 -0.108635
0.862 1.2078 -0.356114
0.863 1.59429 -0.60056
0.864 1.97763 -0.840966
0.865 2.35623 -1.07634
0.866 2.72852 -1.3057
0.867 3.09297 -1.5281
0.868 3.44806 -1.7426
0.869 3.79233 -1.94831
0.87 4.12432 -2.14437
0.871 4.44266 -2.32993
0.872 4.74601 -2.50423
0.873 5.03309 -2.6665
0.874 5.30268 -2.81607
0.875 5.55365 -2.95227
0.876 5.78492 -3.07451
0.877 5.9955 -3.18226
0.878 6.18447 -3.27503
0.879 6.35101 -3.35241
0.88 6.49437 -3.41403
0.881 6.61391 -3.4596
0.882 6.70909 -3.48888
0.883 6.77944 -3.50171
0.884 6.82462 -3.49799
0.885 6.84437 -3.47769
0.886 6.83853 -3.44084
0.887 6.80706 -3.38755
0.888 6.75001 -3.31799
0.889 6.66753 -3.2324
0.89 6.5599 -3.13107
0.891 6.42746 -3.01439
0.892 6.27067 -2.88277
0.893 6.0901 -2.73673
0.894 5.88641 -2.5768
0.895 5.66033 -2.40361
0.896 5.41271 -2.21783
0.897 5.14448 -2.02017
0.898 4.85665 -1.81142
0.899 4.55031 -1.59239
0.9 4.22662 -1.36396
0.901 3.88683 -1.12702
0.902 3.53223 -0.882518
0.903 3.1642 -0.631443
0.904 2.78416 -0.374799
0.905 2.39356 -0.113622
0.906 1.99394 0.151032
0.907 1.58684 0.418086
0.908 1.17385 0.686452
0.909 0.756568 0.955032
0.91 0.336634 1.22272
0.911 -0.0843134 1.48842
0.912 -0.504628 1.75102
0.913 -0.922662 2.00944
0.914 -1.33678 2.26259
0.915 -1.74535 2.50942
0.916 -2.14677 2.74887
0.917 -2.53947 2.97995
0.918 -2.9219 3.20166
0.919 -3.29255 3.41305
0.92 -3.64997 3.6132
0.921 -3.99274 3.80124
0.922 -4.31953 3.97635
0.923 -4.62903 4.13774
0.924 -4.92004 4.28468
0.925 -5.1914 4.41651
0.926 -5.44204 4.53259
0.927 -5.67098 4.63238
0.928 -5.87733 4.71538
0.929 -6.06025 4.78116
0.93 -6.21905 4.82935
0.931 -6.35309 4.85966
0.932 -6.46185 4.87185
0.933 -6.54492 4.86578
0.934 -6.60196 4.84136
0.935 -6.63276 4.79856
0.936 -6.63722 4.73746
0.937 -6.61532 4.65816
0.938 -6.56717 4.56089
0.939 -6.49297 4.4459
0.94 -6.39302 4.31353
0.941 -6.26775 4.1642
0.942 -6.11766 3.99838
0.943 -5.94337 3.81661
0.944 -5.74559 3.6195
0.945 -5.52513 3.40771
0.946 -5.28288 3.18197
0.947 -5.01983 2.94305
0.948 -4.73705 2.6918
0.949 -4.43568 2.42909
0.95 -4.11696 2.15585
0.951 -3.78218 1.87306
0.952 -3.43268 1.58173
0.953 -3.06991 1.28291
0.954 -2.69532 0.977672
0.955 -2.31044 0.667124
0.956 -1.91684 0.352394
0.957 -1.51611 0.0346291
0.958 -1.10989 -0.285009
0.959 -0.699821 -0.605351
0.96 -0.287579 -0.925221
0.961 0.12516 -1.24344
0.962 0.536713 -1.55885
0.963 0.945402 -1.87027
0.964 1.34956 -2.17657
0.965 1.74754 -2.4766
0.966 2.13771 -2.76926
0.967 2.51848 -3.05347
0.968 2.88828 -3.32817
0.969 3.24561 -3.59236
0.97 3.58899 -3.84504
0.971 3.91702 -4.0853
0.972 4.22834 -4.31223
0.973 4.52166 -4.525
0.974 4.79578 -4.72283
0.975 5.04956 -4.90499
0.976 5.28194 -5.07081
0.977 5.49195 -5.21968
0.978 5.6787 -5.35106
0.979 5.84142 -5.46448
0.98 5.9794 -5.55952
0.981 6.09206 -5.63586
0.982 6.1789 -5.69321
0.983 6.23953 -5.7314
0.984 6.27367 -5.7503
0.985 6.28113 -5.74985
0.986 6.26185 -5.7301
0.987 6.21586 -5.69115
0.988 6.14331 -5.63316
0.989 6.04444 -5.55638
0.99 5.91961 -5.46114
0.991 5.76928 -5.34783
0.992 5.59401 -5.2169
0.993 5.39446 -5.06888
0.994 5.17139 -4.90436
0.995 4.92567 -4.72401
0.996 4.65822 -4.52853
0.997 4.37009 -4.31871
0.998 4.0624 -4.09536
0.999 3.73633 -3.85937
1 3.39317 -3.61166
