0.001 3.47701e-008 2.40861e-009
0.002 3.15881e-007 1.93579e-008
0.003 1.48613e-006 8.04164e-008
0.004 4.91421e-006 2.36336e-007
0.005 1.29853e-005 5.61702e-007
0.006 2.93816e-005 1.15935e-006
0.007 5.93503e-005 2.167e-006
0.008 0.000109956 3.76659e-006
0.009 0.000190318 6.19661e-006
0.01 0.000311822 9.76788e-006
0.011 0.000488317 1.48831e-005
0.012 0.000736287 2.20605e-005
0.013 0.00107499 3.19613e-005
0.014 0.00152658 4.54226e-005
0.015 0.00211619 6.34933e-005
0.016 0.002872 8.74763e-005
0.017 0.00382525 0.000118974
0.018 0.00501026 0.00015994
0.019 0.00646437 0.000212732
0.02 0.00822786 0.000280173
0.021 0.0103439 0.000365615
0.022 0.0128583 0.000473005
0.023 0.0158196 0.000606956
0.024 0.0192785 0.000772819
0.025 0.0232878 0.000976763
0.026 0.0279024 0.00122585
0.027 0.0331785 0.00152811
0.028 0.0391737 0.00189263
0.029 0.0459464 0.00232963
0.03 0.0535556 0.00285054
0.031 0.0620605 0.00346808
0.032 0.0715197 0.00419634
0.033 0.0819915 0.00505083
0.034 0.0935328 0.00604859
0.035 0.106199 0.0072082
0.036 0.120043 0.0085499
0.037 0.135116 0.0100956
0.038 0.151465 0.0118689
0.039 0.169135 0.0138952
0.04 0.188166 0.0162016
0.041 0.208593 0.0188171
0.042 0.230446 0.0217726
0.043 0.253752 0.0251004
0.044 0.27853 0.0288351
0.045 0.304793 0.0330126
0.046 0.332547 0.0376708
0.047 0.361792 0.0428491
0.048 0.39252 0.0485885
0.049 0.424716 0.0549315
0.05 0.458356 0.0619219
0.051 0.493409 0.0696048
0.052 0.529834 0.0780264
0.053 0.567583 0.087234
0.054 0.606598 0.0972754
0.055 0.646813 0.108199
0.056 0.688153 0.120055
0.057 0.730535 0.13289
0.058 0.773865 0.146756
0.059 0.818043 0.1617
0.06 0.862958 0.177771
0.061 0.908494 0.195017
0.062 0.954524 0.213483
0.063 1.00091 0.233215
0.064 1.04752 0.254257
0.065 1.09421 0.276648
0.066 1.14081 0.300429
0.067 1.18716 0.325636
0.068 1.23312 0.352302
0.069 1.27849 0.380457
0.07 1.32311 0.410128
0.071 1.3668 0.441336
0.072 1.40939 0.4741
0.073 1.45068 0.508434
0.074 1.4905 0.544345
0.075 1.52866 0.581837
0.076 1.56498 0.620908
0.077 1.59927 0.661548
0.078 1.63137 0.703744
0.079 1.66109 0.747474
0.08 1.68826 0.792711
0.081 1.71271 0.839421
0.082 1.73429 0.88756
0.083 1.75283 0.93708
0.084 1.7682 0.987926
0.085 1.78026 1.04003
0.086 1.78887 1.09333
0.087 1.79392 1.14773
0.088 1.7953 1.20315
0.089 1.79291 1.2595
0.09 1.78668 1.31667
0.091 1.77654 1.37455
0.092 1.76242 1.43303
0.093 1.74429 1.49197
0.094 1.72213 1.55124
0.095 1.69591 1.6107
0.096 1.66566 1.67021
0.097 1.63138 1.7296
0.098 1.59313 1.78872
0.099 1.55095 1.8474
0.1 1.50491 1.90547
0.101 1.45511 1.96275
0.102 1.40166 2.01905
0.103 1.34467 2.07419
0.104 1.2843 2.12799
0.105 1.22068 2.18023
0.106 1.15401 2.23074
0.107 1.08446 2.27931
0.108 1.01225 2.32574
0.109 0.937591 2.36984
0.11 0.860719 2.41139
0.111 0.781881 2.45022
0.112 0.701338 2.48611
0.113 0.619361 2.51887
0.114 0.536234 2.54832
0.115 0.452249 2.57427
0.116 0.367709 2.59653
0.117 0.282923 2.61493
0.118 0.198207 2.6293
0.119 0.113882 2.63947
0.12 0.0302752 2.6453
0.121 -0.0522862 2.64664
0.122 -0.133472 2.64336
0.123 -0.212952 2.63532
0.124 -0.290398 2.62241
0.125 -0.365484 2.60454
0.126 -0.437889 2.58162
0.127 -0.507296 2.55357
0.128 -0.573397 2.52032
0.129 -0.635891 2.48184
0.13 -0.694487 2.4381
0.131 -0.748907 2.38906
0.132 -0.798885 2.33475
0.133 -0.844168 2.27517
0.134 -0.884518 2.21036
0.135 -0.919716 2.14037
0.136 -0.94956 2.06526
0.137 -0.973866 1.98514
0.138 -0.99247 1.90009
0.139 -1.00523 1.81025
0.14 -1.01203 1.71576
0.141 -1.01276 1.61677
0.142 -1.00736 1.51345
0.143 -0.995775 1.40601
0.144 -0.977981 1.29466
0.145 -0.95398 1.17961
0.146 -0.923798 1.06112
0.147 -0.887489 0.939448
0.148 -0.845132 0.814866
0.149 -0.796832 0.687664
0.15 -0.742723 0.558148
0.151 -0.682962 0.426636
0.152 -0.617734 0.293456
0.153 -0.547249 0.15895
0.154 -0.471741 0.0234704
0.155 -0.391471 -0.112622
0.156 -0.30672 -0.248956
0.157 -0.217796 -0.385156
0.158 -0.125026 -0.520839
0.159 -0.0287584 -0.655615
0.16 0.0706372 -0.789093
0.161 0.172774 -0.920879
0.162 0.277248 -1.05058
0.163 0.383639 -1.17779
0.164 0.491512 -1.30214
0.165 0.600422 -1.42321
0.166 0.70991 -1.54064
0.167 0.819509 -1.65403
0.168 0.928745 -1.76303
0.169 1.03714 -1.86726
0.17 1.14421 -1.96637
0.171 1.24946 -2.06002
0.172 1.35242 -2.14789
0.173 1.4526 -2.22965
0.174 1.54953 -2.30502
0.175 1.64273 -2.37371
0.176 1.73173 -2.43545
0.177 1.8161 -2.49001
0.178 1.89537 -2.53717
0.179 1.96914 -2.57672
0.18 2.03698 -2.60847
0.181 2.09851 -2.63229
0.182 2.15336 -2.64804
0.183 2.20117 -2.65562
0.184 2.24162 -2.65494
0.185 2.27441 -2.64595
0.186 2.29926 -2.62864
0.187 2.31593 -2.603
0.188 2.3242 -2.56907
0.189 2.32388 -2.5269
0.19 2.31482 -2.47658
0.191 2.29689 -2.41824
0.192 2.27001 -2.35201
0.193 2.23413 -2.27807
0.194 2.18922 -2.19662
0.195 2.1353 -2.10789
0.196 2.07242 -2.01214
0.197 2.00068 -1.90965
0.198 1.9202 -1.80073
0.199 1.83114 -1.68571
0.2 1.73369 -1.56495
0.201 1.62809 -1.43884
0.202 1.5146 -1.30778
0.203 1.39353 -1.17219
0.204 1.26521 -1.03253
0.205 1.13001 -0.88924
0.206 0.988326 -0.742816
0.207 0.840581 -0.593751
0.208 0.687236 -0.442554
0.209 0.528772 -0.289745
0.21 0.3657 -0.135858
0.211 0.198551 0.0185674
0.212 0.027878 0.172984
0.213 -0.145745 0.32684
0.214 -0.321726 0.479579
0.215 -0.49946 0.630647
0.216 -0.678327 0.779487
0.217 -0.857697 0.925547
0.218 -1.03693 1.06828
0.219 -1.21539 1.20715
0.22 -1.39241 1.34162
0.221 -1.56737 1.47117
0.222 -1.7396 1.59529
0.223 -1.90846 1.7135
0.224 -2.07333 1.82531
0.225 -2.23357 1.93028
0.226 -2.38857 2.02795
0.227 -2.53774 2.11793
0.228 -2.68048 2.19981
0.229 -2.81625 2.27323
0.23 -2.94449 2.33786
0.231 -3.0647 2.39338
0.232 -3.17638 2.43951
0.233 -3.27908 2.47601
0.234 -3.37236 2.50266
0.235 -3.45584 2.51927
0.236 -3.52914 2.52569
0.237 -3.59194 2.52181
0.238 -3.64397 2.50755
0.239 -3.68496 2.48286
0.24 -3.71471 2.44775
0.241 -3.73306 2.40223
0.242 -3.73988 2.34638
0.243 -3.7351 2.28029
0.244 -3.71867 2.20412
0.245 -3.69062 2.11803
0.246 -3.65099 2.02225
0.247 -3.59989 1.91701
0.248 -3.53746 1.80261
0.249 -3.46388 1.67936
0.25 -3.3794 1.54761
0.251 -3.28429 1.40775
0.252 -3.17888 1.2602
0.253 -3.06352 1.10539
0.254 -2.93861 0.943799
0.255 -2.80461 0.77593
0.256 -2.66198 0.602305
0.257 -2.51125 0.423473
0.258 -2.35297 0.240002
0.259 -2.18771 0.0524827
0.26 -2.0161 -0.138479
0.261 -1.83878 -0.332262
0.262 -1.6564 -0.528229
0.263 -1.46966 -0.725736
0.264 -1.27928 -0.924127
0.265 -1.08598 -1.12274
0.266 -0.890495 -1.32091
0.267 -0.693591 -1.51798
0.268 -0.49603 -1.71326
0.269 -0.298581 -1.90611
0.27 -0.102018 -2.09587
0.271 0.0928843 -2.28188
0.272 0.285357 -2.46351
0.273 0.474634 -2.64013
0.274 0.659962 -2.81113
0.275 0.840598 -2.97592
0.276 1.01581 -3.13392
0.277 1.1849 -3.28459
0.278 1.34717 -3.42739
0.279 1.50196 -3.56183
0.28 1.64863 -3.68743
0.281 1.78659 -3.80374
0.282 1.91524 -3.91035
0.283 2.03405 -4.00689
0.284 2.14253 -4.09301
0.285 2.2402 -4.1684
0.286 2.32664 -4.23278
0.287 2.40148 -4.28593
0.288 2.46439 -4.32764
0.289 2.51506 -4.35777
0.29 2.55327 -4.3762
0.291 2.57882 -4.38286
0.292 2.59158 -4.37771
0.293 2.59145 -4.36077
0.294 2.5784 -4.33208
0.295 2.55244 -4.29175
0.296 2.51363 -4.23991
0.297 2.4621 -4.17673
0.298 2.39802 -4.10243
0.299 2.3216 -4.01727
0.3 2.23313 -3.92153
0.301 2.13291 -3.81557
0.302 2.02133 -3.69974
0.303 1.8988 -3.57444
0.304 1.76578 -3.44013
0.305 1.6228 -3.29726
0.306 1.47038 -3.14634
0.307 1.30914 -2.98789
0.308 1.1397 -2.82248
0.309 0.962721 -2.65069
0.31 0.778909 -2.47311
0.311 0.588992 -2.29037
0.312 0.39373 -2.10312
0.313 0.193905 -1.912
0.314 -0.00967863 -1.71769
0.315 -0.216196 -1.52086
0.316 -0.424809 -1.32221
0.317 -0.634666 -1.12242
0.318 -0.844906 -0.922196
0.319 -1.05467 -0.722227
0.32 -1.26308 -0.523207
0.321 -1.46927 -0.325824
0.322 -1.6724 -0.130755
0.323 -1.8716 0.0613299
0.324 -2.06603 0.249775
0.325 -2.25488 0.433942
0.326 -2.43733 0.613207
0.327 -2.61261 0.786969
0.328 -2.77996 0.954651
0.329 -2.93865 1.1157
0.33 -3.08798 1.26958
0.331 -3.2273 1.4158
0.332 -3.35598 1.5539
0.333 -3.47344 1.68344
0.334 -3.57914 1.80401
0.335 -3.67258 1.91526
0.336 -3.75331 2.01686
0.337 -3.82094 2.10853
0.338 -3.87512 2.19
0.339 -3.91555 2.26108
0.34 -3.942 2.3216
0.341 -3.95427 2.37143
0.342 -3.95224 2.41049
0.343 -3.93585 2.43875
0.344 -3.90506 2.4562
0.345 -3.85993 2.46289
0.346 -3.80056 2.45891
0.347 -3.7271 2.44438
0.348 -3.63977 2.41949
0.349 -3.53885 2.38444
0.35 -3.42465 2.33947
0.351 -3.29757 2.2849
0.352 -3.15803 2.22103
0.353 -3.00653 2.14824
0.354 -2.8436 2.06692
0.355 -2.66982 1.97751
0.356 -2.48582 1.88046
0.357 -2.29228 1.77627
0.358 -2.0899 1.66546
0.359 -1.87943 1.54857
0.36 -1.66167 1.42617
0.361 -1.43742 1.29884
0.362 -1.20753 1.1672
0.363 -0.972876 1.03185
0.364 -0.73434 0.893441
0.365 -0.492835 0.752609
0.366 -0.249283 0.610006
0.367 -0.0046206 0.46629
0.368 0.240213 0.322119
0.369 0.484273 0.178153
0.37 0.726616 0.0350475
0.371 0.966304 -0.106549
0.372 1.20241 -0.245994
0.373 1.434 -0.382657
0.374 1.6602 -0.515923
0.375 1.8801 -0.645192
0.376 2.09286 -0.76988
0.377 2.29764 -0.889429
0.378 2.49364 -1.0033
0.379 2.68009 -1.11099
0.38 2.85627 -1.212
0.381 3.02148 -1.30589
0.382 3.17507 -1.39223
0.383 3.31645 -1.47063
0.384 3.44506 -1.54075
0.385 3.5604 -1.60225
0.386 3.66203 -1.65487
0.387 3.74954 -1.69837
0.388 3.8226 -1.73253
0.389 3.88093 -1.7572
0.39 3.92432 -1.77227
0.391 3.9526 -1.77765
0.392 3.96567 -1.77331
0.393 3.96351 -1.75926
0.394 3.94614 -1.73555
0.395 3.91364 -1.70227
0.396 3.86618 -1.65954
0.397 3.80396 -1.60756
0.398 3.72726 -1.54652
0.399 3.63641 -1.47669
0.4 3.5318 -1.39835
0.401 3.41389 -1.31184
0.402 3.28319 -1.21752
0.403 3.14024 -1.11579
0.404 2.98567 -1.00707
0.405 2.82013 -0.891841
0.406 2.64433 -0.77058
0.407 2.45902 -0.643809
0.408 2.26498 -0.512066
0.409 2.06306 -0.375916
0.41 1.85411 -0.23594
0.411 1.63903 -0.0927383
0.412 1.41873 0.0530751
0.413 1.19417 0.200874
0.414 0.966292 0.350025
0.415 0.73609 0.499884
0.416 0.504552 0.649808
0.417 0.272675 0.799149
0.418 0.0414609 0.947264
0.419 -0.18809 1.09351
0.42 -0.414981 1.23726
0.421 -0.638226 1.3779
0.422 -0.856851 1.5148
0.423 -1.0699 1.64738
0.424 -1.27644 1.77506
0.425 -1.47555 1.89729
0.426 -1.66636 2.01353
0.427 -1.84803 2.12328
0.428 -2.01973 2.22606
0.429 -2.18069 2.32142
0.43 -2.33019 2.40895
0.431 -2.46755 2.48825
0.432 -2.59212 2.55899
0.433 -2.70334 2.62085
0.434 -2.80067 2.67355
0.435 -2.88364 2.71687
0.436 -2.95184 2.75061
0.437 -3.00493 2.77463
0.438 -3.04261 2.7888
0.439 -3.06467 2.79308
0.44 -3.07094 2.78743
0.441 -3.06133 2.77187
0.442 -3.03582 2.74648
0.443 -2.99445 2.71136
0.444 -2.93733 2.66666
0.445 -2.86462 2.61258
0.446 -2.77658 2.54936
0.447 -2.6735 2.47727
0.448 -2.55576 2.39662
0.449 -2.4238 2.30778
0.45 -2.27809 2.21113
0.451 -2.11921 2.10712
0.452 -1.94775 1.99619
0.453 -1.76439 1.87884
0.454 -1.56984 1.7556
0.455 -1.36488 1.62702
0.456 -1.15031 1.49367
0.457 -0.926993 1.35616
0.458 -0.695829 1.21511
0.459 -0.457748 1.07116
0.46 -0.213719 0.92496
0.461 0.035264 0.777177
0.462 0.288182 0.628488
0.463 0.543994 0.479577
0.464 0.801644 0.331128
0.465 1.06006 0.183831
0.466 1.31818 0.0383689
0.467 1.57491 -0.104577
0.468 1.82918 -0.244335
0.469 2.07991 -0.380245
0.47 2.32605 -0.51166
0.471 2.56655 -0.63795
0.472 2.80038 -0.758506
0.473 3.02654 -0.872739
0.474 3.24404 -0.980087
0.475 3.45195 -1.08002
0.476 3.64936 -1.17202
0.477 3.83539 -1.25562
0.478 4.00922 -1.3304
0.479 4.17007 -1.39593
0.48 4.31722 -1.45187
0.481 4.44997 -1.49788
0.482 4.56773 -1.53369
0.483 4.66991 -1.55907
0.484 4.75603 -1.57381
0.485 4.82566 -1.57777
0.486 4.87841 -1.57086
0.487 4.914 -1.55302
0.488 4.93218 -1.52424
0.489 4.93279 -1.48457
0.49 4.91575 -1.43411
0.491 4.88103 -1.37298
0.492 4.82869 -1.30137
0.493 4.75885 -1.21953
0.494 4.67171 -1.12773
0.495 4.56753 -1.02629
0.496 4.44666 -0.915602
0.497 4.3095 -0.796062
0.498 4.15652 -0.668133
0.499 3.98826 -0.53231
0.5 3.80534 -0.389127
0.501 3.60842 -0.239155
0.502 3.39821 -0.0829981
0.503 3.17552 0.078707
0.504 2.94116 0.245295
0.505 2.69603 0.416074
0.506 2.44106 0.590329
0.507 2.17722 0.767322
0.508 1.90553 0.946298
0.509 1.62704 1.12649
0.51 1.34282 1.30711
0.511 1.05399 1.48737
0.512 0.761674 1.66648
0.513 0.467019 1.84364
0.514 0.171183 2.01804
0.515 -0.124665 2.1889
0.516 -0.419353 2.35544
0.517 -0.711713 2.51687
0.518 -1.00058 2.67245
0.519 -1.2848 2.82142
0.52 -1.56324 2.96306
0.521 -1.83477 3.09669
0.522 -2.09832 3.22162
0.523 -2.35281 3.33722
0.524 -2.59721 3.44287
0.525 -2.83054 3.53802
0.526 -3.05184 3.62211
0.527 -3.26022 3.69466
0.528 -3.45482 3.75522
0.529 -3.63484 3.80337
0.53 -3.79955 3.83875
0.531 -3.94826 3.86106
0.532 -4.08035 3.87004
0.533 -4.19528 3.86546
0.534 -4.29255 3.84717
0.535 -4.37177 3.81508
0.536 -4.43258 3.76912
0.537 -4.47473 3.7093
0.538 -4.49801 3.63569
0.539 -4.50233 3.54839
0.54 -4.48763 3.44758
0.541 -4.45397 3.33348
0.542 -4.40146 3.20637
0.543 -4.33029 3.06659
0.544 -4.24073 2.91451
0.545 -4.13314 2.75059
0.546 -4.00794 2.57529
0.547 -3.86561 2.38916
0.548 -3.70673 2.19277
0.549 -3.53193 1.98676
0.55 -3.34192 1.77178
0.551 -3.13745 1.54855
0.552 -2.91935 1.3178
0.553 -2.68852 1.08033
0.554 -2.44588 0.836923
0.555 -2.19243 0.588431
0.556 -1.92921 0.335714
0.557 -1.65729 0.079657
0.558 -1.37778 -0.178838
0.559 -1.09186 -0.438853
0.56 -0.80068 -0.699457
0.561 -0.505463 -0.959714
0.562 -0.207431 -1.21868
0.563 0.0921771 -1.47542
0.564 0.39211 -1.72898
0.565 0.691112 -1.97844
0.566 0.98793 -2.22287
0.567 1.28131 -2.46137
0.568 1.57002 -2.69305
0.569 1.85283 -2.91703
0.57 2.12855 -3.13248
0.571 2.39598 -3.33858
0.572 2.65399 -3.53454
0.573 2.90146 -3.71962
0.574 3.13733 -3.8931
0.575 3.36055 -4.05432
0.576 3.57016 -4.20264
0.577 3.76521 -4.33749
0.578 3.94486 -4.45834
0.579 4.10827 -4.56471
0.58 4.25471 -4.65616
0.581 4.38349 -4.73233
0.582 4.49401 -4.79289
0.583 4.58571 -4.8376
0.584 4.65815 -4.86626
0.585 4.71093 -4.87872
0.586 4.74374 -4.87491
0.587 4.75635 -4.85481
0.588 4.74862 -4.81847
0.589 4.72048 -4.766
0.59 4.67194 -4.69757
0.591 4.60311 -4.61341
0.592 4.51417 -4.51381
0.593 4.40537 -4.39913
0.594 4.27706 -4.26977
0.595 4.12967 -4.1262
0.596 3.9637 -3.96894
0.597 3.77972 -3.79857
0.598 3.57839 -3.61572
0.599 3.36042 -3.42107
0.6 3.12663 -3.21533
0.601 2.87785 -2.99928
0.602 2.61502 -2.77373
0.603 2.33912 -2.53952
0.604 2.05117 -2.29753
0.605 1.75227 -2.04869
0.606 1.44355 -1.79392
0.607 1.1262 -1.53421
0.608 0.801408 -1.27053
0.609 0.470441 -1.0039
0.61 0.134568 -0.73533
0.611 -0.204911 -0.465849
0.612 -0.546681 -0.196491
0.613 -0.889413 0.0717075
0.614 -1.23177 0.337715
0.615 -1.57242 0.600504
0.616 -1.91001 0.85906
0.617 -2.24324 1.11238
0.618 -2.57078 1.35949
0.619 -2.89135 1.59941
0.62 -3.20367 1.83123
0.621 -3.50652 2.05402
0.622 -3.79868 2.26693
0.623 -4.07899 2.46911
0.624 -4.34634 2.65978
0.625 -4.59966 2.83817
0.626 -4.83793 3.00359
0.627 -5.0602 3.15538
0.628 -5.26556 3.29292
0.629 -5.45319 3.41568
0.63 -5.62233 3.52316
0.631 -5.77228 3.61491
0.632 -5.90243 3.69057
0.633 -6.01224 3.74981
0.634 -6.10126 3.79239
0.635 -6.1691 3.81812
0.636 -6.21548 3.82688
0.637 -6.24018 3.8186
0.638 -6.24309 3.7933
0.639 -6.22416 3.75105
0.64 -6.18345 3.69199
0.641 -6.12109 3.61632
0.642 -6.03731 3.52431
0.643 -5.9324 3.41629
0.644 -5.80678 3.29266
0.645 -5.6609 3.15388
0.646 -5.49532 3.00045
0.647 -5.31069 2.83296
0.648 -5.1077 2.65201
0.649 -4.88715 2.4583
0.65 -4.64988 2.25255
0.651 -4.39682 2.03554
0.652 -4.12896 1.80808
0.653 -3.84733 1.57104
0.654 -3.55305 1.32532
0.655 -3.24726 1.07185
0.656 -2.93116 0.811589
0.657 -2.60599 0.545533
0.658 -2.27303 0.274695
0.659 -1.93358 0.000106277
0.66 -1.58899 -0.277185
0.661 -1.24061 -0.556119
0.662 -0.889814 -0.83563
0.663 -0.537983 -1.11465
0.664 -0.186507 -1.39211
0.665 0.163227 -1.66695
0.666 0.509838 -1.93812
0.667 0.851957 -2.20457
0.668 1.18823 -2.4653
0.669 1.51733 -2.71929
0.67 1.83796 -2.96557
0.671 2.14885 -3.20321
0.672 2.44877 -3.43129
0.673 2.73654 -3.64893
0.674 3.01102 -3.85531
0.675 3.27112 -4.04962
0.676 3.51583 -4.23113
0.677 3.74418 -4.39915
0.678 3.95526 -4.55302
0.679 4.14825 -4.69217
0.68 4.3224 -4.81605
0.681 4.47702 -4.9242
0.682 4.61151 -5.0162
0.683 4.72535 -5.09171
0.684 4.8181 -5.15044
0.685 4.8894 -5.19216
0.686 4.939 -5.21673
0.687 4.96672 -5.22404
0.688 4.97245 -5.21408
0.689 4.95621 -5.1869
0.69 4.91808 -5.14259
0.691 4.85823 -5.08134
0.692 4.77693 -5.00339
0.693 4.67454 -4.90903
0.694 4.55148 -4.79865
0.695 4.40828 -4.67266
0.696 4.24555 -4.53156
0.697 4.06396 -4.37588
0.698 3.86428 -4.20624
0.699 3.64733 -4.02328
0.7 3.41403 -3.82772
0.701 3.16533 -3.62029
0.702 2.90228 -3.40181
0.703 2.62597 -3.1731
0.704 2.33755 -2.93505
0.705 2.0382 -2.68856
0.706 1.72918 -2.43457
0.707 1.41176 -2.17406
0.708 1.08726 -1.90801
0.709 0.757024 -1.63744
0.71 0.422428 -1.36337
0.711 0.0848578 -1.08683
0.712 -0.254285 -0.808878
0.713 -0.593592 -0.530555
0.714 -0.931651 -0.252905
0.715 -1.26706 0.0230294
0.716 -1.59841 0.296219
0.717 -1.92434 0.565648
0.718 -2.24347 0.830315
0.719 -2.55447 1.08925
0.72 -2.85605 1.34149
0.721 -3.14694 1.58611
0.722 -3.42592 1.82224
0.723 -3.69181 2.04901
0.724 -3.94349 2.26562
0.725 -4.1799 2.47128
0.726 -4.40004 2.66529
0.727 -4.60296 2.84695
0.728 -4.78779 3.01566
0.729 -4.95375 3.17083
0.73 -5.1001 3.31196
0.731 -5.22621 3.43859
0.732 -5.33153 3.55031
0.733 -5.41556 3.64681
0.734 -5.47793 3.7278
0.735 -5.51833 3.79307
0.736 -5.53655 3.84249
0.737 -5.53247 3.87597
0.738 -5.50605 3.89349
0.739 -5.45735 3.89511
0.74 -5.38651 3.88094
0.741 -5.29379 3.85116
0.742 -5.17949 3.806
0.743 -5.04405 3.74578
0.744 -4.88795 3.67085
0.745 -4.71179 3.58164
0.746 -4.51623 3.47863
0.747 -4.30201 3.36235
0.748 -4.06996 3.2334
0.749 -3.82097 3.0924
0.75 -3.55601 2.94005
0.751 -3.2761 2.77707
0.752 -2.98233 2.60425
0.753 -2.67586 2.42238
0.754 -2.35788 2.23232
0.755 -2.02963 2.03494
0.756 -1.69242 1.83114
0.757 -1.34755 1.62187
0.758 -0.996398 1.40806
0.759 -0.640339 1.19068
0.76 -0.28078 0.970709
0.761 0.0808595 0.749134
0.762 0.44315 0.526945
0.763 0.804659 0.30513
0.764 1.16396 0.084677
0.765 1.51962 -0.133438
0.766 1.87024 -0.348249
0.767 2.21444 -0.558806
0.768 2.55084 -0.764182
0.769 2.87812 -0.963471
0.77 3.19497 -1.1558
0.771 3.50016 -1.34031
0.772 3.79246 -1.5162
0.773 4.07073 -1.6827
0.774 4.33386 -1.83908
0.775 4.58081 -1.98464
0.776 4.81062 -2.11875
0.777 5.02238 -2.24082
0.778 5.21526 -2.3503
0.779 5.38849 -2.44673
0.78 5.54142 -2.52966
0.781 5.67343 -2.59873
0.782 5.78403 -2.65364
0.783 5.8728 -2.69413
0.784 5.93939 -2.72001
0.785 5.98356 -2.73117
0.786 6.00516 -2.72754
0.787 6.00413 -2.70913
0.788 5.9805 -2.676
0.789 5.93439 -2.62828
0.79 5.86602 -2.56616
0.791 5.77568 -2.4899
0.792 5.66377 -2.39981
0.793 5.53076 -2.29627
0.794 5.37724 -2.1797
0.795 5.20384 -2.05059
0.796 5.0113 -1.90948
0.797 4.80042 -1.75697
0.798 4.57209 -1.59369
0.799 4.32726 -1.42033
0.8 4.06695 -1.23762
0.801 3.79225 -1.04634
0.802 3.5043 -0.847296
0.803 3.2043 -0.641324
0.804 2.8935 -0.429299
0.805 2.57318 -0.212122
0.806 2.24468 0.0092871
0.807 1.90935 0.233986
0.808 1.5686 0.461019
0.809 1.22382 0.689419
0.81 0.876463 0.918213
0.811 0.527955 1.14642
0.812 0.179745 1.37307
0.813 -0.166722 1.59719
0.814 -0.51001 1.81782
0.815 -0.848694 2.03401
0.816 -1.18137 2.24484
0.817 -1.50665 2.44938
0.818 -1.82319 2.64677
0.819 -2.12968 2.83614
0.82 -2.42483 3.01667
0.821 -2.70742 3.18757
0.822 -2.97628 3.34811
0.823 -3.23028 3.49757
0.824 -3.46836 3.6353
0.825 -3.68953 3.76068
0.826 -3.89286 3.87316
0.827 -4.0775 3.97222
0.828 -4.24267 4.05742
0.829 -4.38768 4.12837
0.83 -4.51192 4.18473
0.831 -4.61485 4.22623
0.832 -4.69603 4.25264
0.833 -4.75512 4.26384
0.834 -4.79186 4.25973
0.835 -4.80607 4.24028
0.836 -4.79768 4.20555
0.837 -4.7667 4.15563
0.838 -4.71326 4.09071
0.839 -4.63754 4.01101
0.84 -4.53985 3.91682
0.841 -4.42058 3.80852
0.842 -4.28019 3.6865
0.843 -4.11925 3.55126
0.844 -3.93842 3.40331
0.845 -3.73841 3.24325
0.846 -3.52004 3.07171
0.847 -3.2842 2.88937
0.848 -3.03185 2.69698
0.849 -2.76402 2.4953
0.85 -2.48179 2.28515
0.851 -2.18634 2.06739
0.852 -1.87885 1.84289
0.853 -1.56061 1.61258
0.854 -1.2329 1.37741
0.855 -0.897093 1.13832
0.856 -0.554558 0.896311
0.857 -0.206709 0.652374
0.858 0.145016 0.407518
0.859 0.499163 0.162754
0.86 0.854267 -0.0809029
0.861 1.20885 -0.32244
0.862 1.56145 -0.560853
0.863 1.9106 -0.795146
0.864 2.25484 -1.02434
0.865 2.59273 -1.24748
0.866 2.92286 -1.46361
0.867 3.24385 -1.67185
0.868 3.55435 -1.87129
0.869 3.85306 -2.06111
0.87 4.1387 -2.24049
0.871 4.41008 -2.40866
0.872 4.66604 -2.56492
0.873 4.90548 -2.70858
0.874 5.12738 -2.83902
0.875 5.33077 -2.95568
0.876 5.51478 -3.05805
0.877 5.6786 -3.14566
0.878 5.82151 -3.21814
0.879 5.94285 -3.27514
0.88 6.04208 -3.31639
0.881 6.11872 -3.34171
0.882 6.1724 -3.35093
0.883 6.20285 -3.34401
0.884 6.20985 -3.32092
0.885 6.19333 -3.28174
0.886 6.15328 -3.2266
0.887 6.08979 -3.15568
0.888 6.00306 -3.06926
0.889 5.89336 -2.96766
0.89 5.76107 -2.85128
0.891 5.60667 -2.72056
0.892 5.4307 -2.57602
0.893 5.23382 -2.41824
0.894 5.01675 -2.24784
0.895 4.78031 -2.06552
0.896 4.52538 -1.872
0.897 4.25295 -1.66807
0.898 3.96403 -1.45457
0.899 3.65976 -1.23236
0.9 3.34128 -1.00236
0.901 3.00983 -0.765516
0.902 2.6667 -0.522802
0.903 2.3132 -0.275227
0.904 1.95072 -0.0238201
0.905 1.58067 0.230369
0.906 1.20449 0.486276
0.907 0.82365 0.742825
0.908 0.439634 0.998933
0.909 0.0539499 1.25352
0.91 -0.331892 1.5055
0.911 -0.716378 1.75379
0.912 -1.098 1.99734
0.913 -1.47525 2.23509
0.914 -1.84666 2.46601
0.915 -2.21076 2.6891
0.916 -2.56611 2.90337
0.917 -2.91132 3.10789
0.918 -3.24504 3.30173
0.919 -3.56593 3.48403
0.92 -3.87275 3.65396
0.921 -4.16429 3.81074
0.922 -4.43938 3.95363
0.923 -4.69696 4.08197
0.924 -4.93601 4.19511
0.925 -5.15559 4.2925
0.926 -5.35483 4.37364
0.927 -5.53297 4.43809
0.928 -5.68929 4.48546
0.929 -5.8232 4.51546
0.93 -5.93417 4.52783
0.931 -6.02177 4.52242
0.932 -6.08567 4.49911
0.933 -6.12563 4.45788
0.934 -6.14151 4.39877
0.935 -6.13326 4.32188
0.936 -6.10093 4.22741
0.937 -6.04466 4.1156
0.938 -5.96471 3.98678
0.939 -5.86141 3.84133
0.94 -5.73519 3.67972
0.941 -5.58658 3.50246
0.942 -5.41619 3.31014
0.943 -5.22473 3.10341
0.944 -5.01298 2.88298
0.945 -4.78182 2.6496
0.946 -4.53219 2.40409
0.947 -4.26512 2.14732
0.948 -3.98169 1.88019
0.949 -3.68308 1.60367
0.95 -3.3705 1.31875
0.951 -3.04523 1.02646
0.952 -2.7086 0.727853
0.953 -2.36199 0.424031
0.954 -2.00682 0.116105
0.955 -1.64453 -0.194794
0.956 -1.27661 -0.507518
0.957 -0.904565 -0.820909
0.958 -0.529915 -1.1338
0.959 -0.154194 -1.44504
0.96 0.221059 -1.75345
0.961 0.594308 -2.05789
0.962 0.964023 -2.35722
0.963 1.32869 -2.6503
0.964 1.68681 -2.93605
0.965 2.03691 -3.21338
0.966 2.37755 -3.48125
0.967 2.70734 -3.73865
0.968 3.02491 -3.9846
0.969 3.32896 -4.21818
0.97 3.61822 -4.4385
0.971 3.8915 -4.64471
0.972 4.14768 -4.83605
0.973 4.38567 -5.01178
0.974 4.6045 -5.17123
0.975 4.80324 -5.3138
0.976 4.98106 -5.43894
0.977 5.13721 -5.54618
0.978 5.27103 -5.6351
0.979 5.38194 -5.70538
0.98 5.46946 -5.75673
0.981 5.5332 -5.78897
0.982 5.57287 -5.80198
0.983 5.58826 -5.79569
0.984 5.5793 -5.77014
0.985 5.54596 -5.72543
0.986 5.48835 -5.66173
0.987 5.40667 -5.57927
0.988 5.30121 -5.47839
0.989 5.17235 -5.35947
0.99 5.02059 -5.22297
0.991 4.84648 -5.0694
0.992 4.65071 -4.89936
0.993 4.43402 -4.71351
0.994 4.19725 -4.51256
0.995 3.94132 -4.29728
0.996 3.66722 -4.0685
0.997 3.37603 -3.8271
0.998 3.06888 -3.57401
0.999 2.74699 -3.3102
1 2.4116 -3.03669
