0.001 2.9434e-008 9.14473e-010
0.002 2.73309e-007 7.40703e-009
0.003 1.31118e-006 3.11397e-008
0.004 4.40772e-006 9.31005e-008
0.005 1.18053e-005 2.26442e-007
0.006 2.70072e-005 4.81273e-007
0.007 5.50488e-005 9.31924e-007
0.008 0.000102754 1.6872e-006
0.009 0.000178976 2.90403e-006
0.01 0.000294818 4.80508e-006
0.011 0.000463829 7.70041e-006
0.012 0.000702186 1.20139e-005
0.013 0.00102884 1.83144e-005
0.014 0.00146564 2.73519e-005
0.015 0.00203743 4.0099e-005
0.016 0.00277212 5.77974e-005
0.017 0.00370071 8.20102e-005
0.018 0.0048573 0.000114679
0.019 0.00627905 0.000158186
0.02 0.00800613 0.000215422
0.021 0.0100816 0.000289856
0.022 0.0125514 0.000385617
0.023 0.015464 0.000507567
0.024 0.0188702 0.00066139
0.025 0.0228233 0.000853676
0.026 0.0273782 0.00109201
0.027 0.0325916 0.00138506
0.028 0.0385217 0.00174269
0.029 0.0452274 0.002176
0.03 0.0527684 0.00269746
0.031 0.0612047 0.00332102
0.032 0.0705959 0.00406211
0.033 0.0810013 0.00493782
0.034 0.0924789 0.00596692
0.035 0.105085 0.00716994
0.036 0.118875 0.00856925
0.037 0.1339 0.0101891
0.038 0.150211 0.0120557
0.039 0.167851 0.0141973
0.04 0.186864 0.016644
0.041 0.207287 0.0194281
0.042 0.229153 0.0225839
0.043 0.252488 0.0261475
0.044 0.277315 0.0301575
0.045 0.303649 0.0346539
0.046 0.331498 0.039679
0.047 0.360864 0.0452769
0.048 0.391743 0.0514933
0.049 0.424119 0.0583757
0.05 0.457974 0.065973
0.051 0.493276 0.0743357
0.052 0.529989 0.0835154
0.053 0.568065 0.0935647
0.054 0.60745 0.104537
0.055 0.648081 0.116487
0.056 0.689883 0.129469
0.057 0.732775 0.143538
0.058 0.776667 0.158749
0.059 0.82146 0.175155
0.06 0.867046 0.192811
0.061 0.913308 0.211769
0.062 0.960122 0.23208
0.063 1.00736 0.253795
0.064 1.05487 0.276961
0.065 1.10252 0.301624
0.066 1.15015 0.327825
0.067 1.1976 0.355605
0.068 1.24471 0.384999
0.069 1.29131 0.41604
0.07 1.33722 0.448756
0.071 1.38227 0.48317
0.072 1.42628 0.5193
0.073 1.46906 0.557159
0.074 1.51042 0.596755
0.075 1.5502 0.638087
0.076 1.5882 0.681152
0.077 1.62424 0.725936
0.078 1.65813 0.772419
0.079 1.68971 0.820576
0.08 1.7188 0.870372
0.081 1.74522 0.921764
0.082 1.76882 0.974701
0.083 1.78945 1.02912
0.084 1.80694 1.08497
0.085 1.82116 1.14215
0.086 1.83198 1.20059
0.087 1.83928 1.2602
0.088 1.84294 1.32086
0.089 1.84288 1.38247
0.09 1.83899 1.44491
0.091 1.83121 1.50804
0.092 1.81948 1.57174
0.093 1.80376 1.63584
0.094 1.78401 1.7002
0.095 1.76022 1.76466
0.096 1.73239 1.82903
0.097 1.70053 1.89315
0.098 1.66469 1.95683
0.099 1.62491 2.01987
0.1 1.58125 2.08208
0.101 1.53382 2.14325
0.102 1.48269 2.20317
0.103 1.428 2.26164
0.104 1.36988 2.31842
0.105 1.30849 2.37331
0.106 1.24397 2.42608
0.107 1.17654 2.47651
0.108 1.10637 2.52436
0.109 1.03369 2.56943
0.11 0.958721 2.61147
0.111 0.881709 2.65027
0.112 0.802906 2.68561
0.113 0.72258 2.71727
0.114 0.641007 2.74504
0.115 0.558474 2.76872
0.116 0.475278 2.78809
0.117 0.391721 2.80298
0.118 0.308114 2.8132
0.119 0.224774 2.81856
0.12 0.142019 2.81891
0.121 0.0601723 2.81409
0.122 -0.0204416 2.80395
0.123 -0.0994987 2.78837
0.124 -0.176676 2.76724
0.125 -0.251653 2.74044
0.126 -0.324115 2.7079
0.127 -0.39375 2.66954
0.128 -0.460254 2.62531
0.129 -0.523334 2.57518
0.13 -0.582702 2.51912
0.131 -0.638087 2.45714
0.132 -0.689225 2.38926
0.133 -0.735869 2.31551
0.134 -0.777788 2.23595
0.135 -0.814764 2.15067
0.136 -0.8466 2.05977
0.137 -0.873117 1.96336
0.138 -0.894154 1.86159
0.139 -0.909573 1.75461
0.14 -0.919257 1.64262
0.141 -0.923112 1.52581
0.142 -0.921066 1.40441
0.143 -0.913072 1.27865
0.144 -0.899109 1.14882
0.145 -0.879178 1.01517
0.146 -0.853308 0.878022
0.147 -0.821552 0.737687
0.148 -0.783991 0.594501
0.149 -0.74073 0.448815
0.15 -0.6919 0.300995
0.151 -0.637659 0.151423
0.152 -0.578189 0.000494216
0.153 -0.513697 -0.151386
0.154 -0.444415 -0.3038
0.155 -0.3706 -0.456319
0.156 -0.292529 -0.60851
0.157 -0.210505 -0.759928
0.158 -0.124848 -0.910125
0.159 -0.0359014 -1.05865
0.16 0.0559732 -1.20505
0.161 0.150397 -1.34886
0.162 0.246974 -1.48963
0.163 0.345294 -1.62692
0.164 0.444933 -1.76026
0.165 0.545455 -1.88922
0.166 0.646415 -2.01336
0.167 0.747359 -2.13225
0.168 0.847825 -2.24547
0.169 0.947349 -2.35263
0.17 1.04546 -2.45334
0.171 1.14169 -2.54721
0.172 1.23558 -2.63389
0.173 1.32665 -2.71304
0.174 1.41445 -2.78435
0.175 1.49853 -2.84751
0.176 1.57843 -2.90227
0.177 1.65374 -2.94835
0.178 1.72402 -2.98555
0.179 1.78888 -3.01367
0.18 1.84793 -3.03254
0.181 1.90079 -3.04202
0.182 1.94712 -3.042
0.183 1.98659 -3.03241
0.184 2.01891 -3.01319
0.185 2.04378 -2.98435
0.186 2.06097 -2.94589
0.187 2.07025 -2.89787
0.188 2.07142 -2.84038
0.189 2.06433 -2.77353
0.19 2.04884 -2.69748
0.191 2.02486 -2.61242
0.192 1.99232 -2.51856
0.193 1.95119 -2.41617
0.194 1.90148 -2.30551
0.195 1.84322 -2.18693
0.196 1.77648 -2.06076
0.197 1.70139 -1.92738
0.198 1.61807 -1.78721
0.199 1.52672 -1.64068
0.2 1.42755 -1.48825
0.201 1.3208 -1.33042
0.202 1.20676 -1.16771
0.203 1.08575 -1.00064
0.204 0.958101 -0.829777
0.205 0.824205 -0.655702
0.206 0.684465 -0.479009
0.207 0.539317 -0.300308
0.208 0.389224 -0.120223
0.209 0.234672 0.0606096
0.21 0.0761735 0.241545
0.211 -0.0857396 0.421931
0.212 -0.250515 0.601111
0.213 -0.417583 0.778427
0.214 -0.586359 0.95322
0.215 -0.756244 1.12483
0.216 -0.92663 1.29261
0.217 -1.0969 1.45592
0.218 -1.26643 1.61411
0.219 -1.43459 1.76657
0.22 -1.60075 1.91269
0.221 -1.76429 2.05188
0.222 -1.92458 2.18356
0.223 -2.08102 2.30718
0.224 -2.23298 2.42222
0.225 -2.37988 2.52817
0.226 -2.52114 2.62456
0.227 -2.65619 2.71095
0.228 -2.78448 2.78692
0.229 -2.9055 2.85209
0.23 -3.01874 2.90613
0.231 -3.12373 2.94872
0.232 -3.22003 2.97959
0.233 -3.30722 2.99852
0.234 -3.38491 3.00532
0.235 -3.45277 2.99984
0.236 -3.51047 2.98197
0.237 -3.55774 2.95166
0.238 -3.59434 2.90888
0.239 -3.62009 2.85367
0.24 -3.63481 2.7861
0.241 -3.6384 2.70629
0.242 -3.63079 2.61439
0.243 -3.61195 2.51061
0.244 -3.58189 2.39521
0.245 -3.54068 2.26847
0.246 -3.48842 2.13074
0.247 -3.42527 1.98239
0.248 -3.3514 1.82384
0.249 -3.26707 1.65555
0.25 -3.17255 1.47801
0.251 -3.06815 1.29177
0.252 -2.95425 1.09739
0.253 -2.83124 0.895466
0.254 -2.69956 0.686638
0.255 -2.5597 0.471566
0.256 -2.41216 0.250938
0.257 -2.25749 0.0254689
0.258 -2.09626 -0.204107
0.259 -1.92909 -0.437034
0.26 -1.7566 -0.672541
0.261 -1.57945 -0.909842
0.262 -1.39833 -1.14814
0.263 -1.21392 -1.38663
0.264 -1.02696 -1.6245
0.265 -0.838161 -1.86093
0.266 -0.648272 -2.09511
0.267 -0.45804 -2.32624
0.268 -0.26822 -2.5535
0.269 -0.0795683 -2.7761
0.27 0.107161 -2.99326
0.271 0.291216 -3.20421
0.272 0.471852 -3.4082
0.273 0.648337 -3.60451
0.274 0.819949 -3.79242
0.275 0.985985 -3.97126
0.276 1.14576 -4.14037
0.277 1.29861 -4.29915
0.278 1.4439 -4.447
0.279 1.58101 -4.58337
0.28 1.70937 -4.70776
0.281 1.82843 -4.8197
0.282 1.93769 -4.91876
0.283 2.03665 -5.00455
0.284 2.1249 -5.07674
0.285 2.20204 -5.13503
0.286 2.26771 -5.1792
0.287 2.32162 -5.20903
0.288 2.36351 -5.2244
0.289 2.39317 -5.2252
0.29 2.41044 -5.2114
0.291 2.41521 -5.18301
0.292 2.40741 -5.14009
0.293 2.38705 -5.08276
0.294 2.35417 -5.01119
0.295 2.30885 -4.92558
0.296 2.25125 -4.82622
0.297 2.18157 -4.71342
0.298 2.10005 -4.58755
0.299 2.00699 -4.44901
0.3 1.90274 -4.29827
0.301 1.78769 -4.13584
0.302 1.66229 -3.96225
0.303 1.52701 -3.7781
0.304 1.3824 -3.58401
0.305 1.22901 -3.38065
0.306 1.06746 -3.1687
0.307 0.898399 -2.94889
0.308 0.722495 -2.72198
0.309 0.540463 -2.48875
0.31 0.353043 -2.25
0.311 0.161001 -2.00656
0.312 -0.0348752 -1.75926
0.313 -0.233778 -1.50895
0.314 -0.434884 -1.25651
0.315 -0.637355 -1.00281
0.316 -0.840343 -0.748707
0.317 -1.043 -0.495092
0.318 -1.24446 -0.242833
0.319 -1.44387 0.00720178
0.32 -1.64038 0.254156
0.321 -1.83315 0.497183
0.322 -2.02135 0.735456
0.323 -2.20415 0.968162
0.324 -2.38075 1.19452
0.325 -2.55038 1.41375
0.326 -2.71229 1.62514
0.327 -2.86574 1.82796
0.328 -3.01004 2.02156
0.329 -3.14453 2.2053
0.33 -3.26859 2.37858
0.331 -3.38163 2.54085
0.332 -3.48311 2.69159
0.333 -3.57253 2.83034
0.334 -3.64944 2.95667
0.335 -3.71343 3.07021
0.336 -3.76416 3.17064
0.337 -3.80133 3.2577
0.338 -3.82468 3.33115
0.339 -3.83403 3.39082
0.34 -3.82925 3.43662
0.341 -3.81026 3.46847
0.342 -3.77703 3.48637
0.343 -3.72961 3.49037
0.344 -3.66808 3.48057
0.345 -3.5926 3.45712
0.346 -3.50339 3.42024
0.347 -3.4007 3.37018
0.348 -3.28485 3.30724
0.349 -3.15624 3.2318
0.35 -3.01527 3.14425
0.351 -2.86244 3.04506
0.352 -2.69828 2.93472
0.353 -2.52336 2.81376
0.354 -2.33831 2.68277
0.355 -2.1438 2.54238
0.356 -1.94054 2.39322
0.357 -1.72926 2.23599
0.358 -1.51076 2.0714
0.359 -1.28585 1.9002
0.36 -1.05537 1.72316
0.361 -0.820178 1.54105
0.362 -0.581176 1.35469
0.363 -0.339267 1.1649
0.364 -0.0953735 0.972507
0.365 0.149572 0.778346
0.366 0.39463 0.583263
0.367 0.638856 0.388101
0.368 0.881308 0.1937
0.369 1.12105 0.000896337
0.37 1.35715 -0.189486
0.371 1.58869 -0.376634
0.372 1.81476 -0.559751
0.373 2.0345 -0.73806
0.374 2.24703 -0.910805
0.375 2.45153 -1.07726
0.376 2.6472 -1.23672
0.377 2.83327 -1.38851
0.378 3.00902 -1.53201
0.379 3.17374 -1.66661
0.38 3.3268 -1.79175
0.381 3.4676 -1.90692
0.382 3.59559 -2.01163
0.383 3.71026 -2.10546
0.384 3.81117 -2.18802
0.385 3.89793 -2.25897
0.386 3.97021 -2.31804
0.387 4.02772 -2.36499
0.388 4.07026 -2.39963
0.389 4.09766 -2.42184
0.39 4.10985 -2.43154
0.391 4.10677 -2.4287
0.392 4.08847 -2.41335
0.393 4.05505 -2.38558
0.394 4.00665 -2.34551
0.395 3.94349 -2.29334
0.396 3.86587 -2.22931
0.397 3.7741 -2.1537
0.398 3.66861 -2.06685
0.399 3.54983 -1.96914
0.4 3.41829 -1.86101
0.401 3.27455 -1.74292
0.402 3.11922 -1.6154
0.403 2.95297 -1.47899
0.404 2.77651 -1.3343
0.405 2.59061 -1.18194
0.406 2.39604 -1.02257
0.407 2.19366 -0.856885
0.408 1.98432 -0.685596
0.409 1.76893 -0.50944
0.41 1.5484 -0.329172
0.411 1.32368 -0.145566
0.412 1.09575 0.0405911
0.413 0.865575 0.228504
0.414 0.634154 0.41737
0.415 0.402484 0.606382
0.416 0.171567 0.794735
0.417 -0.0575977 0.981628
0.418 -0.284015 1.16627
0.419 -0.506702 1.34787
0.42 -0.724686 1.52566
0.421 -0.937018 1.69889
0.422 -1.14276 1.86683
0.423 -1.34102 2.02877
0.424 -1.53092 2.18403
0.425 -1.71162 2.33196
0.426 -1.88231 2.47194
0.427 -2.04223 2.60339
0.428 -2.19067 2.72576
0.429 -2.32695 2.83854
0.43 -2.45045 2.94128
0.431 -2.56061 3.03356
0.432 -2.6569 3.115
0.433 -2.73888 3.18527
0.434 -2.80616 3.24411
0.435 -2.85838 3.29129
0.436 -2.8953 3.32663
0.437 -2.91669 3.35002
0.438 -2.92241 3.36138
0.439 -2.9124 3.36071
0.44 -2.88665 3.34803
0.441 -2.84521 3.32344
0.442 -2.7882 3.28709
0.443 -2.71583 3.23917
0.444 -2.62835 3.17992
0.445 -2.52607 3.10966
0.446 -2.4094 3.02871
0.447 -2.27877 2.93748
0.448 -2.1347 2.8364
0.449 -1.97776 2.72596
0.45 -1.80857 2.60669
0.451 -1.62781 2.47915
0.452 -1.43621 2.34394
0.453 -1.23455 2.20171
0.454 -1.02365 2.05311
0.455 -0.804383 1.89885
0.456 -0.57765 1.73966
0.457 -0.344391 1.57627
0.458 -0.105575 1.40945
0.459 0.1378 1.23999
0.46 0.384714 1.06868
0.461 0.634128 0.896324
0.462 0.88499 0.72373
0.463 1.13624 0.551711
0.464 1.3868 0.381076
0.465 1.63561 0.21263
0.466 1.8816 0.0471688
0.467 2.12371 -0.114524
0.468 2.36089 -0.27168
0.469 2.59213 -0.423552
0.47 2.8164 -0.569412
0.471 3.03272 -0.708562
0.472 3.24015 -0.84033
0.473 3.43775 -0.964078
0.474 3.62466 -1.0792
0.475 3.80003 -1.18514
0.476 3.96306 -1.28136
0.477 4.113 -1.36738
0.478 4.24917 -1.44277
0.479 4.37091 -1.50714
0.48 4.47765 -1.56014
0.481 4.56886 -1.6015
0.482 4.64409 -1.63096
0.483 4.70293 -1.64836
0.484 4.74506 -1.65355
0.485 4.77021 -1.64648
0.486 4.77821 -1.62712
0.487 4.76891 -1.59552
0.488 4.74228 -1.55176
0.489 4.69834 -1.49601
0.49 4.63717 -1.42848
0.491 4.55895 -1.34942
0.492 4.46391 -1.25916
0.493 4.35235 -1.15807
0.494 4.22465 -1.04657
0.495 4.08126 -0.925147
0.496 3.92268 -0.794311
0.497 3.74949 -0.654637
0.498 3.56231 -0.506736
0.499 3.36186 -0.351265
0.5 3.14887 -0.188918
0.501 2.92416 -0.0204241
0.502 2.68857 0.153452
0.503 2.44302 0.331917
0.504 2.18846 0.514151
0.505 1.92586 0.699309
0.506 1.65625 0.886529
0.507 1.38069 1.07493
0.508 1.10026 1.26362
0.509 0.816061 1.4517
0.51 0.529222 1.63827
0.511 0.240877 1.82241
0.512 -0.0478248 2.00323
0.513 -0.335734 2.17982
0.514 -0.621699 2.35131
0.515 -0.904575 2.51682
0.516 -1.18323 2.6755
0.517 -1.45653 2.82653
0.518 -1.72339 2.96909
0.519 -1.98272 3.10242
0.52 -2.23347 3.22577
0.521 -2.47463 3.33844
0.522 -2.70522 3.43977
0.523 -2.9243 3.52914
0.524 -3.13098 3.60597
0.525 -3.32441 3.66973
0.526 -3.50381 3.71996
0.527 -3.66844 3.75622
0.528 -3.81762 3.77816
0.529 -3.95074 3.78547
0.53 -4.06725 3.77789
0.531 -4.16668 3.75525
0.532 -4.24861 3.7174
0.533 -4.31271 3.6643
0.534 -4.3587 3.59594
0.535 -4.3864 3.51238
0.536 -4.3957 3.41376
0.537 -4.38654 3.30027
0.538 -4.35897 3.17216
0.539 -4.3131 3.02975
0.54 -4.24912 2.87342
0.541 -4.1673 2.70362
0.542 -4.06796 2.52085
0.543 -3.95154 2.32567
0.544 -3.8185 2.11868
0.545 -3.66941 1.90057
0.546 -3.50489 1.67206
0.547 -3.32562 1.4339
0.548 -3.13236 1.18692
0.549 -2.92592 0.931964
0.55 -2.70716 0.669941
0.551 -2.47701 0.401779
0.552 -2.23644 0.128442
0.553 -1.98646 -0.149076
0.554 -1.72814 -0.429758
0.555 -1.46255 -0.712565
0.556 -1.19084 -0.996441
0.557 -0.914164 -1.28032
0.558 -0.633692 -1.56313
0.559 -0.350627 -1.84378
0.56 -0.0661793 -2.1212
0.561 0.21843 -2.39432
0.562 0.501976 -2.66206
0.563 0.783236 -2.92339
0.564 1.06099 -3.17727
0.565 1.33405 -3.42268
0.566 1.6012 -3.65865
0.567 1.86129 -3.88422
0.568 2.11318 -4.09848
0.569 2.35575 -4.30055
0.57 2.58794 -4.48958
0.571 2.8087 -4.6648
0.572 3.01706 -4.82545
0.573 3.21206 -4.97085
0.574 3.39283 -5.10037
0.575 3.55852 -5.21344
0.576 3.70838 -5.30953
0.577 3.84169 -5.38821
0.578 3.95782 -5.44909
0.579 4.05619 -5.49185
0.58 4.13631 -5.51626
0.581 4.19774 -5.52212
0.582 4.24015 -5.50934
0.583 4.26326 -5.47788
0.584 4.26688 -5.4278
0.585 4.25089 -5.35919
0.586 4.21528 -5.27225
0.587 4.16009 -5.16724
0.588 4.08544 -5.04449
0.589 3.99156 -4.90439
0.59 3.87874 -4.74743
0.591 3.74734 -4.57415
0.592 3.59782 -4.38514
0.593 3.4307 -4.18108
0.594 3.24658 -3.9627
0.595 3.04613 -3.7308
0.596 2.8301 -3.48621
0.597 2.59928 -3.22984
0.598 2.35455 -2.96263
0.599 2.09683 -2.68559
0.6 1.82712 -2.39976
0.601 1.54645 -2.1062
0.602 1.25591 -1.80603
0.603 0.956615 -1.5004
0.604 0.649749 -1.19046
0.605 0.336509 -0.877409
0.606 0.0181285 -0.562449
0.607 -0.304136 -0.246797
0.608 -0.629007 0.0683231
0.609 -0.955195 0.381686
0.61 -1.2814 0.692068
0.611 -1.60631 0.998252
0.612 -1.92864 1.29904
0.613 -2.24708 1.59323
0.614 -2.56035 1.87967
0.615 -2.86718 2.15722
0.616 -3.16634 2.42476
0.617 -3.4566 2.68124
0.618 -3.73678 2.9256
0.619 -4.00575 3.15687
0.62 -4.26238 3.3741
0.621 -4.50564 3.5764
0.622 -4.73452 3.76295
0.623 -4.94806 3.93295
0.624 -5.14538 4.08571
0.625 -5.32565 4.22057
0.626 -5.48812 4.33695
0.627 -5.63209 4.43435
0.628 -5.75695 4.51232
0.629 -5.86216 4.57051
0.63 -5.94726 4.60862
0.631 -6.01186 4.62645
0.632 -6.05567 4.62386
0.633 -6.07846 4.60081
0.634 -6.08011 4.55733
0.635 -6.06056 4.49351
0.636 -6.01985 4.40955
0.637 -5.9581 4.30571
0.638 -5.87552 4.18234
0.639 -5.77239 4.03986
0.64 -5.6491 3.87875
0.641 -5.50609 3.69961
0.642 -5.3439 3.50306
0.643 -5.16314 3.28981
0.644 -4.96451 3.06065
0.645 -4.74875 2.81641
0.646 -4.51669 2.55799
0.647 -4.26925 2.28637
0.648 -4.00737 2.00253
0.649 -3.73207 1.70756
0.65 -3.44443 1.40255
0.651 -3.14557 1.08866
0.652 -2.83665 0.76707
0.653 -2.5189 0.438999
0.654 -2.19356 0.105695
0.655 -1.86191 -0.231574
0.656 -1.52526 -0.571521
0.657 -1.18493 -0.912845
0.658 -0.842264 -1.25424
0.659 -0.498619 -1.59439
0.66 -0.155352 -1.932
0.661 0.18618 -2.26575
0.662 0.524626 -2.59436
0.663 0.858645 -2.91656
0.664 1.18692 -3.2311
0.665 1.50814 -3.53676
0.666 1.82105 -3.83235
0.667 2.12439 -4.11672
0.668 2.41698 -4.38875
0.669 2.69766 -4.64738
0.67 2.96531 -4.89159
0.671 3.21888 -5.12043
0.672 3.45737 -5.33298
0.673 3.67984 -5.52841
0.674 3.88542 -5.70594
0.675 4.07329 -5.86486
0.676 4.24273 -6.00452
0.677 4.39308 -6.12437
0.678 4.52375 -6.2239
0.679 4.63425 -6.30271
0.68 4.72415 -6.36046
0.681 4.79312 -6.39689
0.682 4.84091 -6.41184
0.683 4.86735 -6.4052
0.684 4.87237 -6.37697
0.685 4.85597 -6.32722
0.686 4.81826 -6.25611
0.687 4.75942 -6.16388
0.688 4.67972 -6.05083
0.689 4.57951 -5.91737
0.69 4.45925 -5.76397
0.691 4.31945 -5.59118
0.692 4.16072 -5.39963
0.693 3.98373 -5.19001
0.694 3.78925 -4.96308
0.695 3.57809 -4.71968
0.696 3.35117 -4.46069
0.697 3.10943 -4.18708
0.698 2.85391 -3.89983
0.699 2.58568 -3.60002
0.7 2.30587 -3.28874
0.701 2.01567 -2.96714
0.702 1.71629 -2.63641
0.703 1.409 -2.29776
0.704 1.0951 -1.95244
0.705 0.775897 -1.60173
0.706 0.452748 -1.24691
0.707 0.12701 -0.889287
0.708 -0.199943 -0.53017
0.709 -0.526733 -0.170876
0.71 -0.851982 0.187282
0.711 -1.17432 0.542997
0.712 -1.49237 0.894974
0.713 -1.80481 1.24194
0.714 -2.11031 1.58263
0.715 -2.40756 1.91582
0.716 -2.69532 2.24031
0.717 -2.97235 2.55495
0.718 -3.23748 2.85861
0.719 -3.48957 3.15023
0.72 -3.72754 3.42877
0.721 -3.95038 3.69326
0.722 -4.15712 3.94279
0.723 -4.34687 4.17651
0.724 -4.51879 4.39363
0.725 -4.67215 4.59342
0.726 -4.80625 4.77524
0.727 -4.9205 4.9385
0.728 -5.01438 5.08269
0.729 -5.08745 5.20739
0.73 -5.13937 5.31225
0.731 -5.16987 5.39698
0.732 -5.17877 5.4614
0.733 -5.16599 5.50539
0.734 -5.13152 5.52893
0.735 -5.07545 5.53205
0.736 -4.99797 5.51489
0.737 -4.89933 5.47766
0.738 -4.77989 5.42064
0.739 -4.64008 5.3442
0.74 -4.48043 5.24878
0.741 -4.30153 5.13489
0.742 -4.10408 5.00312
0.743 -3.88881 4.85411
0.744 -3.65657 4.6886
0.745 -3.40825 4.50737
0.746 -3.14483 4.31125
0.747 -2.86732 4.10114
0.748 -2.57681 3.87801
0.749 -2.27445 3.64285
0.75 -1.96141 3.3967
0.751 -1.63894 3.14065
0.752 -1.30831 2.87582
0.753 -0.97081 2.60336
0.754 -0.627787 2.32445
0.755 -0.280594 2.04028
0.756 0.0693954 1.75208
0.757 0.420794 1.46106
0.758 0.772211 1.16847
0.759 1.12225 0.87553
0.76 1.46953 0.583475
0.761 1.81267 0.293529
0.762 2.15031 0.00689786
0.763 2.48111 -0.275228
0.764 2.80377 -0.551682
0.765 3.11699 -0.821326
0.766 3.41956 -1.08305
0.767 3.71026 -1.3358
0.768 3.98795 -1.57853
0.769 4.25153 -1.81027
0.77 4.49998 -2.03009
0.771 4.7323 -2.2371
0.772 4.94759 -2.43049
0.773 5.14501 -2.60948
0.774 5.32379 -2.77339
0.775 5.48324 -2.92157
0.776 5.62273 -3.05346
0.777 5.74175 -3.16857
0.778 5.83983 -3.26646
0.779 5.91662 -3.34679
0.78 5.97183 -3.40929
0.781 6.00528 -3.45374
0.782 6.01687 -3.48004
0.783 6.00657 -3.48813
0.784 5.97448 -3.47804
0.785 5.92075 -3.44987
0.786 5.84563 -3.40382
0.787 5.74948 -3.34014
0.788 5.63271 -3.25915
0.789 5.49583 -3.16127
0.79 5.33944 -3.04696
0.791 5.1642 -2.91677
0.792 4.97087 -2.7713
0.793 4.76026 -2.61122
0.794 4.53326 -2.43727
0.795 4.29084 -2.25023
0.796 4.034 -2.05094
0.797 3.76383 -1.84029
0.798 3.48145 -1.61921
0.799 3.18806 -1.3887
0.8 2.88486 -1.14975
0.801 2.57313 -0.903431
0.802 2.25417 -0.65081
0.803 1.92929 -0.392991
0.804 1.59985 -0.131099
0.805 1.26721 0.13373
0.806 0.93275 0.400347
0.807 0.597859 0.667599
0.808 0.26392 0.934334
0.809 -0.0676882 1.1994
0.81 -0.395596 1.46166
0.811 -0.718451 1.71999
0.812 -1.03492 1.97328
0.813 -1.34371 2.22045
0.814 -1.64354 2.46044
0.815 -1.93318 2.69223
0.816 -2.21144 2.91483
0.817 -2.47719 3.12729
0.818 -2.72934 3.32872
0.819 -2.96684 3.51827
0.82 -3.18875 3.69513
0.821 -3.39415 3.85855
0.822 -3.58221 4.00786
0.823 -3.75216 4.14242
0.824 -3.90333 4.26168
0.825 -4.03511 4.36513
0.826 -4.14697 4.45235
0.827 -4.23846 4.52298
0.828 -4.30924 4.57673
0.829 -4.35902 4.6134
0.83 -4.38764 4.63284
0.831 -4.39498 4.63497
0.832 -4.38106 4.61982
0.833 -4.34594 4.58745
0.834 -4.2898 4.53803
0.835 -4.21291 4.47177
0.836 -4.1156 4.38899
0.837 -3.99831 4.29003
0.838 -3.86155 4.17535
0.839 -3.70592 4.04545
0.84 -3.53209 3.90089
0.841 -3.34082 3.74231
0.842 -3.13292 3.57039
0.843 -2.90929 3.38588
0.844 -2.67089 3.18958
0.845 -2.41874 2.98235
0.846 -2.15392 2.76506
0.847 -1.87755 2.53867
0.848 -1.59083 2.30415
0.849 -1.29497 2.06251
0.85 -0.991231 1.81478
0.851 -0.680916 1.56203
0.852 -0.365344 1.30535
0.853 -0.0458619 1.04584
0.854 0.276168 0.784602
0.855 0.599371 0.522768
0.856 0.922367 0.261455
0.857 1.24378 0.00178003
0.858 1.56223 -0.255146
0.859 1.87636 -0.508227
0.86 2.18482 -0.75638
0.861 2.4863 -0.998548
0.862 2.77949 -1.2337
0.863 3.06314 -1.46083
0.864 3.33602 -1.67898
0.865 3.59695 -1.88721
0.866 3.84482 -2.08465
0.867 4.07853 -2.27045
0.868 4.29708 -2.44383
0.869 4.4995 -2.60406
0.87 4.68491 -2.75046
0.871 4.85248 -2.88242
0.872 5.00147 -2.99938
0.873 5.13121 -3.10085
0.874 5.2411 -3.18643
0.875 5.33064 -3.25574
0.876 5.39939 -3.30852
0.877 5.44702 -3.34456
0.878 5.47327 -3.36372
0.879 5.47797 -3.36593
0.88 5.46104 -3.35121
0.881 5.4225 -3.31965
0.882 5.36245 -3.27139
0.883 5.28107 -3.20668
0.884 5.17863 -3.12582
0.885 5.05551 -3.02918
0.886 4.91214 -2.91721
0.887 4.74906 -2.79041
0.888 4.56689 -2.64937
0.889 4.3663 -2.49473
0.89 4.14808 -2.32718
0.891 3.91306 -2.14748
0.892 3.66214 -1.95645
0.893 3.39631 -1.75494
0.894 3.1166 -1.54388
0.895 2.82411 -1.3242
0.896 2.51997 -1.09692
0.897 2.20539 -0.863046
0.898 1.88161 -0.623653
0.899 1.5499 -0.379824
0.9 1.21157 -0.132669
0.901 0.867954 0.116687
0.902 0.52042 0.367103
0.903 0.170339 0.617432
0.904 -0.180899 0.866523
0.905 -0.531904 1.11323
0.906 -0.881282 1.3564
0.907 -1.22765 1.59492
0.908 -1.56963 1.82767
0.909 -1.90587 2.05354
0.91 -2.23503 2.27149
0.911 -2.55581 2.48046
0.912 -2.86693 2.67945
0.913 -3.16718 2.86751
0.914 -3.45535 3.04372
0.915 -3.7303 3.20719
0.916 -3.99096 3.35711
0.917 -4.2363 3.4927
0.918 -4.46534 3.61327
0.919 -4.6772 3.71816
0.92 -4.87104 3.80678
0.921 -5.04611 3.87862
0.922 -5.20172 3.93322
0.923 -5.33728 3.97022
0.924 -5.45228 3.9893
0.925 -5.54627 3.99023
0.926 -5.61891 3.97286
0.927 -5.66994 3.9371
0.928 -5.69918 3.88296
0.929 -5.70655 3.8105
0.93 -5.69205 3.71987
0.931 -5.65579 3.61131
0.932 -5.59793 3.48512
0.933 -5.51875 3.34167
0.934 -5.41861 3.18141
0.935 -5.29796 3.00487
0.936 -5.15731 2.81265
0.937 -4.99727 2.60539
0.938 -4.81855 2.38383
0.939 -4.62188 2.14875
0.94 -4.40813 1.901
0.941 -4.17818 1.64148
0.942 -3.93301 1.37115
0.943 -3.67366 1.09101
0.944 -3.40121 0.802112
0.945 -3.11681 0.505537
0.946 -2.82166 0.202414
0.947 -2.51699 -0.106103
0.948 -2.20408 -0.418829
0.949 -1.88423 -0.734559
0.95 -1.55879 -1.05207
0.951 -1.2291 -1.37013
0.952 -0.89656 -1.68749
0.953 -0.562542 -2.00291
0.954 -0.228444 -2.31515
0.955 0.104342 -2.62297
0.956 0.434427 -2.92515
0.957 0.760435 -3.22048
0.958 1.08101 -3.50779
0.959 1.39481 -3.78592
0.96 1.70053 -4.05374
0.961 1.99689 -4.31017
0.962 2.28266 -4.55417
0.963 2.55665 -4.78474
0.964 2.8177 -5.00093
0.965 3.06474 -5.20184
0.966 3.29672 -5.38663
0.967 3.51268 -5.55453
0.968 3.71171 -5.70483
0.969 3.89298 -5.83688
0.97 4.05571 -5.9501
0.971 4.19923 -6.04399
0.972 4.32293 -6.11812
0.973 4.42627 -6.17214
0.974 4.50883 -6.20578
0.975 4.57023 -6.21883
0.976 4.61022 -6.21118
0.977 4.6286 -6.18281
0.978 4.62529 -6.13375
0.979 4.60027 -6.06413
0.98 4.55364 -5.97416
0.981 4.48556 -5.86414
0.982 4.3963 -5.73443
0.983 4.2862 -5.58547
0.984 4.15569 -5.41779
0.985 4.00531 -5.23199
0.986 3.83563 -5.02873
0.987 3.64734 -4.80875
0.988 3.4412 -4.57285
0.989 3.21804 -4.32191
0.99 2.97874 -4.05685
0.991 2.72428 -3.77865
0.992 2.45568 -3.48837
0.993 2.17403 -3.18707
0.994 1.88046 -2.8759
0.995 1.57616 -2.55603
0.996 1.26237 -2.22865
0.997 0.940355 -1.89502
0.998 0.611423 -1.5564
0.999 0.276907 -1.21407
1 -0.0618336 -0.869327
