0.001 3.40941e-008 2.51479e-009
0.002 3.10486e-007 2.02e-008
0.003 1.46395e-006 8.3846e-008
0.004 4.84996e-006 2.4614e-007
0.005 1.28355e-005 5.84149e-007
0.006 2.90798e-005 1.2035e-006
0.007 5.8803e-005 2.24465e-006
0.008 0.000109039 3.89178e-006
0.009 0.00018887 6.38453e-006
0.01 0.000309648 1.00331e-005
0.011 0.00048518 1.5237e-005
0.012 0.000731908 2.25073e-005
0.013 0.00106905 3.24937e-005
0.014 0.00151871 4.60154e-005
0.015 0.00210599 6.40961e-005
0.016 0.00285902 8.8004e-005
0.017 0.00380901 0.000119297
0.018 0.00499023 0.000159868
0.019 0.00643999 0.000212005
0.02 0.00819855 0.000278439
0.021 0.010309 0.000362415
0.022 0.0128173 0.000467747
0.023 0.0157717 0.000598895
0.024 0.0192231 0.000761031
0.025 0.0232244 0.000960113
0.026 0.0278302 0.00120296
0.027 0.0330968 0.00149734
0.028 0.039082 0.00185202
0.029 0.0458441 0.00227687
0.03 0.0534422 0.00278295
0.031 0.0619353 0.00338253
0.032 0.0713824 0.00408922
0.033 0.0818417 0.00491804
0.034 0.0933701 0.00588544
0.035 0.106023 0.00700939
0.036 0.119854 0.00830947
0.037 0.134913 0.00980686
0.038 0.151249 0.0115244
0.039 0.168905 0.0134867
0.04 0.187922 0.01572
0.041 0.208336 0.0182524
0.042 0.230176 0.0211137
0.043 0.253469 0.0243355
0.044 0.278234 0.0279511
0.045 0.304485 0.0319954
0.046 0.332227 0.0365052
0.047 0.361461 0.0415187
0.048 0.392178 0.0470758
0.049 0.424363 0.0532178
0.05 0.457993 0.0599872
0.051 0.493035 0.067428
0.052 0.52945 0.0755852
0.053 0.567189 0.0845048
0.054 0.606194 0.0942335
0.055 0.646399 0.104819
0.056 0.687728 0.116308
0.057 0.730098 0.12875
0.058 0.773415 0.142192
0.059 0.817579 0.156683
0.06 0.862478 0.17227
0.061 0.907995 0.188998
0.062 0.954004 0.206915
0.063 1.00037 0.226064
0.064 1.04695 0.246489
0.065 1.0936 0.268229
0.066 1.14016 0.291324
0.067 1.18648 0.315809
0.068 1.23238 0.341719
0.069 1.27769 0.369083
0.07 1.32225 0.397929
0.071 1.36586 0.428278
0.072 1.40836 0.46015
0.073 1.44955 0.493559
0.074 1.48926 0.528515
0.075 1.5273 0.565021
0.076 1.56348 0.603078
0.077 1.59763 0.642678
0.078 1.62955 0.683809
0.079 1.65909 0.726452
0.08 1.68605 0.770582
0.081 1.71028 0.816167
0.082 1.73161 0.863169
0.083 1.74989 0.91154
0.084 1.76497 0.961229
0.085 1.77671 1.01217
0.086 1.78498 1.06431
0.087 1.78966 1.11755
0.088 1.79065 1.17183
0.089 1.78784 1.22705
0.09 1.78116 1.2831
0.091 1.77054 1.33989
0.092 1.75591 1.3973
0.093 1.73724 1.45521
0.094 1.7145 1.51349
0.095 1.68769 1.572
0.096 1.6568 1.63061
0.097 1.62185 1.68916
0.098 1.5829 1.74749
0.099 1.53999 1.80546
0.1 1.49319 1.86288
0.101 1.4426 1.9196
0.102 1.38832 1.97542
0.103 1.33049 2.03018
0.104 1.26923 2.08368
0.105 1.20471 2.13574
0.106 1.13711 2.18616
0.107 1.06661 2.23476
0.108 0.993418 2.28134
0.109 0.917763 2.3257
0.11 0.839877 2.36766
0.111 0.760011 2.40701
0.112 0.678427 2.44357
0.113 0.595401 2.47714
0.114 0.511218 2.50753
0.115 0.426174 2.53457
0.116 0.340576 2.55807
0.117 0.254735 2.57786
0.118 0.168973 2.59377
0.119 0.0836153 2.60565
0.12 -0.00100895 2.61332
0.121 -0.0845666 2.61667
0.122 -0.166723 2.61553
0.123 -0.247144 2.6098
0.124 -0.325496 2.59936
0.125 -0.401449 2.58409
0.126 -0.474674 2.56392
0.127 -0.544853 2.53876
0.128 -0.61167 2.50854
0.129 -0.674819 2.47323
0.13 -0.734006 2.43277
0.131 -0.788946 2.38715
0.132 -0.839367 2.33636
0.133 -0.885011 2.28041
0.134 -0.925638 2.21933
0.135 -0.961021 2.15316
0.136 -0.990952 2.08196
0.137 -1.01524 2.00581
0.138 -1.03373 1.92481
0.139 -1.04626 1.83905
0.14 -1.05271 1.74869
0.141 -1.05299 1.65385
0.142 -1.047 1.55471
0.143 -1.03471 1.45144
0.144 -1.01607 1.34425
0.145 -0.9911 1.23335
0.146 -0.959812 1.11896
0.147 -0.92226 1.00134
0.148 -0.878522 0.880749
0.149 -0.828701 0.757458
0.15 -0.77293 0.63176
0.151 -0.711367 0.503957
0.152 -0.644195 0.374365
0.153 -0.571625 0.243311
0.154 -0.493893 0.111134
0.155 -0.411259 -0.0218203
0.156 -0.32401 -0.155195
0.157 -0.232453 -0.288626
0.158 -0.13692 -0.421744
0.159 -0.0377623 -0.554172
0.16 0.064646 -0.685532
0.161 0.169914 -0.815441
0.162 0.277631 -0.943515
0.163 0.387372 -1.06937
0.164 0.498696 -1.19262
0.165 0.61115 -1.31289
0.166 0.724268 -1.42979
0.167 0.837575 -1.54297
0.168 0.950589 -1.65204
0.169 1.06282 -1.75667
0.17 1.17378 -1.85648
0.171 1.28296 -1.95116
0.172 1.38989 -2.04037
0.173 1.49405 -2.1238
0.174 1.59497 -2.20115
0.175 1.69215 -2.27215
0.176 1.78513 -2.33653
0.177 1.87344 -2.39403
0.178 1.95663 -2.44445
0.179 2.03426 -2.48756
0.18 2.1059 -2.52318
0.181 2.17115 -2.55116
0.182 2.22963 -2.57135
0.183 2.28098 -2.58364
0.184 2.32485 -2.58794
0.185 2.36093 -2.58418
0.186 2.38894 -2.57233
0.187 2.40861 -2.55238
0.188 2.41971 -2.52433
0.189 2.42205 -2.48825
0.19 2.41547 -2.44418
0.191 2.39982 -2.39224
0.192 2.37501 -2.33255
0.193 2.34098 -2.26526
0.194 2.29769 -2.19055
0.195 2.24515 -2.10863
0.196 2.18342 -2.01974
0.197 2.11256 -1.92413
0.198 2.0327 -1.82209
0.199 1.94399 -1.71394
0.2 1.84662 -1.6
0.201 1.74082 -1.48063
0.202 1.62685 -1.35622
0.203 1.50501 -1.22717
0.204 1.37563 -1.09388
0.205 1.23908 -0.956815
0.206 1.09575 -0.816416
0.207 0.946078 -0.673158
0.208 0.790514 -0.527528
0.209 0.629546 -0.380024
0.21 0.463687 -0.231156
0.211 0.293473 -0.0814424
0.212 0.119464 0.0685905
0.213 -0.0577608 0.218411
0.214 -0.237602 0.367482
0.215 -0.419445 0.515266
0.216 -0.602661 0.661225
0.217 -0.786609 0.804823
0.218 -0.970638 0.945527
0.219 -1.15409 1.08281
0.22 -1.33631 1.21615
0.221 -1.51663 1.34505
0.222 -1.69439 1.46899
0.223 -1.86893 1.5875
0.224 -2.0396 1.7001
0.225 -2.20576 1.80635
0.226 -2.36677 1.90581
0.227 -2.52202 1.99806
0.228 -2.6709 2.08272
0.229 -2.81285 2.15941
0.23 -2.94728 2.22779
0.231 -3.07368 2.28754
0.232 -3.19153 2.33838
0.233 -3.30034 2.38005
0.234 -3.39968 2.41231
0.235 -3.48912 2.43498
0.236 -3.56828 2.44788
0.237 -3.63682 2.45088
0.238 -3.69442 2.44389
0.239 -3.74082 2.42684
0.24 -3.77579 2.3997
0.241 -3.79915 2.36248
0.242 -3.81075 2.31523
0.243 -3.8105 2.25801
0.244 -3.79835 2.19094
0.245 -3.77428 2.11417
0.246 -3.73834 2.02789
0.247 -3.69062 1.93232
0.248 -3.63123 1.82769
0.249 -3.56037 1.71432
0.25 -3.47824 1.5925
0.251 -3.38512 1.4626
0.252 -3.28132 1.32499
0.253 -3.16718 1.18008
0.254 -3.04312 1.02831
0.255 -2.90955 0.870157
0.256 -2.76697 0.706097
0.257 -2.61587 0.536649
0.258 -2.45682 0.362348
0.259 -2.29038 0.183749
0.26 -2.11718 0.00142688
0.261 -1.93787 -0.18403
0.262 -1.7531 -0.372017
0.263 -1.56358 -0.561919
0.264 -1.37003 -0.753111
0.265 -1.17318 -0.94496
0.266 -0.973779 -1.13683
0.267 -0.772602 -1.32807
0.268 -0.570423 -1.51806
0.269 -0.368029 -1.70614
0.27 -0.166207 -1.89167
0.271 0.0342504 -2.07405
0.272 0.232555 -2.25263
0.273 0.427924 -2.42681
0.274 0.61958 -2.59599
0.275 0.806759 -2.7596
0.276 0.98871 -2.91707
0.277 1.1647 -3.06785
0.278 1.33402 -3.21142
0.279 1.49598 -3.34728
0.28 1.64991 -3.47497
0.281 1.79519 -3.59403
0.282 1.93121 -3.70405
0.283 2.0574 -3.80465
0.284 2.17323 -3.89547
0.285 2.27822 -3.97618
0.286 2.37191 -4.04652
0.287 2.45389 -4.10622
0.288 2.5238 -4.15508
0.289 2.58133 -4.19292
0.29 2.62621 -4.2196
0.291 2.65822 -4.23504
0.292 2.6772 -4.23918
0.293 2.68303 -4.23199
0.294 2.67564 -4.21351
0.295 2.65504 -4.1838
0.296 2.62125 -4.14295
0.297 2.57438 -4.09113
0.298 2.51458 -4.0285
0.299 2.44205 -3.95528
0.3 2.35705 -3.87174
0.301 2.25987 -3.77818
0.302 2.15087 -3.67492
0.303 2.03046 -3.56233
0.304 1.8991 -3.4408
0.305 1.75727 -3.31077
0.306 1.60553 -3.17271
0.307 1.44446 -3.02709
0.308 1.27468 -2.87443
0.309 1.09685 -2.71528
0.31 0.911683 -2.5502
0.311 0.719901 -2.37977
0.312 0.522266 -2.2046
0.313 0.319565 -2.0253
0.314 0.11261 -1.8425
0.315 -0.0977666 -1.65685
0.316 -0.310716 -1.469
0.317 -0.525373 -1.27962
0.318 -0.740866 -1.08935
0.319 -0.956312 -0.898876
0.32 -1.17083 -0.708852
0.321 -1.38353 -0.519939
0.322 -1.59353 -0.332791
0.323 -1.79996 -0.148053
0.324 -2.00196 0.0336409
0.325 -2.19868 0.21167
0.326 -2.38928 0.385429
0.327 -2.57296 0.554333
0.328 -2.74893 0.717814
0.329 -2.91643 0.87533
0.33 -3.07474 1.02636
0.331 -3.22316 1.17042
0.332 -3.36103 1.30703
0.333 -3.48775 1.43578
0.334 -3.60274 1.55625
0.335 -3.70546 1.66807
0.336 -3.79544 1.77093
0.337 -3.87225 1.86451
0.338 -3.9355 1.94856
0.339 -3.98486 2.02286
0.34 -4.02007 2.08723
0.341 -4.0409 2.14152
0.342 -4.0472 2.18564
0.343 -4.03885 2.21951
0.344 -4.01582 2.24313
0.345 -3.97812 2.25651
0.346 -3.92582 2.25971
0.347 -3.85906 2.25283
0.348 -3.77802 2.23602
0.349 -3.68295 2.20945
0.35 -3.57416 2.17335
0.351 -3.45201 2.12797
0.352 -3.31692 2.0736
0.353 -3.16935 2.01057
0.354 -3.00982 1.93925
0.355 -2.83892 1.86003
0.356 -2.65725 1.77332
0.357 -2.46547 1.6796
0.358 -2.2643 1.57933
0.359 -2.05448 1.47303
0.36 -1.8368 1.36122
0.361 -1.61206 1.24445
0.362 -1.38111 1.1233
0.363 -1.14484 0.998335
0.364 -0.90414 0.870167
0.365 -0.659925 0.739402
0.366 -0.413132 0.606657
0.367 -0.164711 0.472557
0.368 0.0843823 0.337729
0.369 0.333185 0.202801
0.37 0.580734 0.0684003
0.371 0.826069 -0.06485
0.372 1.06823 -0.196335
0.373 1.30629 -0.325447
0.374 1.5393 -0.451592
0.375 1.76636 -0.57419
0.376 1.98657 -0.692678
0.377 2.19908 -0.806511
0.378 2.40305 -0.915166
0.379 2.59768 -1.01814
0.38 2.7822 -1.11497
0.381 2.95589 -1.2052
0.382 3.11806 -1.28842
0.383 3.26808 -1.36423
0.384 3.40536 -1.4323
0.385 3.52935 -1.49229
0.386 3.63958 -1.54393
0.387 3.7356 -1.58698
0.388 3.81704 -1.62121
0.389 3.8836 -1.64646
0.39 3.93501 -1.66261
0.391 3.97108 -1.66956
0.392 3.99168 -1.66726
0.393 3.99674 -1.65571
0.394 3.98625 -1.63493
0.395 3.96028 -1.60499
0.396 3.91895 -1.56601
0.397 3.86243 -1.51814
0.398 3.79099 -1.46156
0.399 3.70493 -1.39652
0.4 3.60462 -1.32326
0.401 3.49049 -1.2421
0.402 3.36303 -1.15338
0.403 3.22279 -1.05745
0.404 3.07036 -0.954729
0.405 2.90639 -0.845645
0.406 2.73157 -0.730658
0.407 2.54667 -0.610255
0.408 2.35246 -0.484949
0.409 2.14976 -0.355271
0.41 1.93945 -0.221776
0.411 1.72243 -0.0850343
0.412 1.49961 0.054368
0.413 1.27196 0.195832
0.414 1.04046 0.338751
0.415 0.806081 0.482507
0.416 0.56985 0.626481
0.417 0.33278 0.77005
0.418 0.0958946 0.912593
0.419 -0.139781 1.05349
0.42 -0.373223 1.19213
0.421 -0.603417 1.32791
0.422 -0.829357 1.46023
0.423 -1.05006 1.58852
0.424 -1.26454 1.71222
0.425 -1.47187 1.83077
0.426 -1.67112 1.94367
0.427 -1.86141 2.05041
0.428 -2.04189 2.15052
0.429 -2.21173 2.24356
0.43 -2.37018 2.3291
0.431 -2.5165 2.40677
0.432 -2.65003 2.47622
0.433 -2.77013 2.53714
0.434 -2.87623 2.58924
0.435 -2.96783 2.63229
0.436 -3.04447 2.66609
0.437 -3.10576 2.69047
0.438 -3.15137 2.70532
0.439 -3.18104 2.71056
0.44 -3.19456 2.70616
0.441 -3.19181 2.69211
0.442 -3.17273 2.66847
0.443 -3.13731 2.63534
0.444 -3.08564 2.59284
0.445 -3.01786 2.54114
0.446 -2.93418 2.48047
0.447 -2.83487 2.41108
0.448 -2.72029 2.33327
0.449 -2.59083 2.24736
0.45 -2.44698 2.15373
0.451 -2.28928 2.05279
0.452 -2.1183 1.94498
0.453 -1.93472 1.83076
0.454 -1.73925 1.71064
0.455 -1.53263 1.58515
0.456 -1.31568 1.45485
0.457 -1.08927 1.3203
0.458 -0.854288 1.18212
0.459 -0.611678 1.04093
0.46 -0.362415 0.897346
0.461 -0.107507 0.752033
0.462 0.152011 0.605646
0.463 0.41508 0.458851
0.464 0.680623 0.312322
0.465 0.947547 0.166731
0.466 1.21475 0.0227523
0.467 1.48112 -0.118944
0.468 1.74554 -0.257694
0.469 2.00692 -0.392846
0.47 2.26416 -0.523756
0.471 2.51615 -0.649799
0.472 2.76184 -0.770367
0.473 3.00018 -0.884871
0.474 3.23015 -0.992748
0.475 3.45074 -1.09346
0.476 3.66101 -1.18649
0.477 3.86004 -1.27137
0.478 4.04694 -1.34764
0.479 4.22088 -1.41489
0.48 4.38109 -1.47276
0.481 4.52683 -1.5209
0.482 4.65744 -1.55901
0.483 4.77229 -1.58685
0.484 4.87083 -1.60419
0.485 4.95259 -1.61088
0.486 5.01713 -1.6068
0.487 5.0641 -1.59186
0.488 5.09323 -1.56604
0.489 5.10431 -1.52936
0.49 5.09718 -1.48188
0.491 5.0718 -1.42372
0.492 5.02817 -1.35503
0.493 4.96637 -1.27604
0.494 4.88657 -1.18698
0.495 4.78899 -1.08816
0.496 4.67394 -0.979916
0.497 4.5418 -0.862643
0.498 4.39302 -0.736768
0.499 4.2281 -0.602759
0.5 4.04765 -0.461124
0.501 3.8523 -0.312408
0.502 3.64277 -0.15719
0.503 3.41983 0.00391581
0.504 3.18432 0.170268
0.505 2.93711 0.341196
0.506 2.67914 0.516003
0.507 2.41139 0.693972
0.508 2.13488 0.874365
0.509 1.85068 1.05643
0.51 1.55988 1.23939
0.511 1.26361 1.42247
0.512 0.963024 1.60489
0.513 0.659295 1.78585
0.514 0.353615 1.96456
0.515 0.047187 2.14024
0.516 -0.258781 2.31209
0.517 -0.563076 2.47934
0.518 -0.864491 2.64123
0.519 -1.16182 2.79701
0.52 -1.45389 2.94595
0.521 -1.73952 3.08734
0.522 -2.01756 3.2205
0.523 -2.28689 3.34476
0.524 -2.54644 3.4595
0.525 -2.79514 3.56413
0.526 -3.03198 3.65809
0.527 -3.256 3.74086
0.528 -3.46628 3.81195
0.529 -3.66197 3.87094
0.53 -3.84224 3.91742
0.531 -4.00637 3.95106
0.532 -4.15366 3.97155
0.533 -4.28349 3.97865
0.534 -4.39532 3.97216
0.535 -4.48868 3.95193
0.536 -4.56316 3.91788
0.537 -4.61843 3.86997
0.538 -4.65424 3.8082
0.539 -4.67043 3.73266
0.54 -4.6669 3.64347
0.541 -4.64364 3.54081
0.542 -4.60071 3.42491
0.543 -4.53826 3.29606
0.544 -4.45653 3.15461
0.545 -4.35581 3.00093
0.546 -4.23649 2.83548
0.547 -4.09904 2.65875
0.548 -3.94398 2.47127
0.549 -3.77193 2.27362
0.55 -3.58357 2.06644
0.551 -3.37964 1.85039
0.552 -3.16096 1.62618
0.553 -2.92841 1.39455
0.554 -2.68292 1.15628
0.555 -2.42547 0.912166
0.556 -2.15712 0.663051
0.557 -1.87895 0.40979
0.558 -1.59208 0.153264
0.559 -1.2977 -0.105631
0.56 -0.997001 -0.365983
0.561 -0.691222 -0.62687
0.562 -0.381619 -0.887362
0.563 -0.0694691 -1.14653
0.564 0.243937 -1.40343
0.565 0.5573 -1.65714
0.566 0.869317 -1.90674
0.567 1.17868 -2.15131
0.568 1.48411 -2.38995
0.569 1.78431 -2.6218
0.57 2.07802 -2.84598
0.571 2.36399 -3.06167
0.572 2.64101 -3.26806
0.573 2.90791 -3.46438
0.574 3.16352 -3.64988
0.575 3.40676 -3.82388
0.576 3.63656 -3.9857
0.577 3.85192 -4.13474
0.578 4.0519 -4.27041
0.579 4.23559 -4.39221
0.58 4.40218 -4.49964
0.581 4.55091 -4.5923
0.582 4.68108 -4.66982
0.583 4.79207 -4.73189
0.584 4.88335 -4.77826
0.585 4.95446 -4.80873
0.586 5.005 -4.82316
0.587 5.03467 -4.82149
0.588 5.04327 -4.8037
0.589 5.03064 -4.76984
0.59 4.99675 -4.72001
0.591 4.94162 -4.65439
0.592 4.86539 -4.5732
0.593 4.76825 -4.47674
0.594 4.65051 -4.36534
0.595 4.51252 -4.23943
0.596 4.35476 -4.09944
0.597 4.17775 -3.94591
0.598 3.98212 -3.7794
0.599 3.76856 -3.60053
0.6 3.53784 -3.40997
0.601 3.29079 -3.20843
0.602 3.02832 -2.99666
0.603 2.7514 -2.77546
0.604 2.46106 -2.54567
0.605 2.15839 -2.30815
0.606 1.84453 -2.06381
0.607 1.52066 -1.81357
0.608 1.18802 -1.55839
0.609 0.847874 -1.29923
0.61 0.501524 -1.03708
0.611 0.150301 -0.772944
0.612 -0.204442 -0.507837
0.613 -0.561335 -0.242772
0.614 -0.918994 0.0212329
0.615 -1.27603 0.283163
0.616 -1.63106 0.542009
0.617 -1.98268 0.796773
0.618 -2.32954 1.04647
0.619 -2.67026 1.29014
0.62 -3.00351 1.52683
0.621 -3.32797 1.75563
0.622 -3.64238 1.97564
0.623 -3.94547 2.18602
0.624 -4.23607 2.38593
0.625 -4.513 2.57461
0.626 -4.77517 2.7513
0.627 -5.02153 2.91532
0.628 -5.2511 3.06602
0.629 -5.46296 3.2028
0.63 -5.65626 3.32513
0.631 -5.83021 3.43251
0.632 -5.98411 3.52452
0.633 -6.11734 3.60078
0.634 -6.22935 3.66099
0.635 -6.31967 3.70489
0.636 -6.38793 3.7323
0.637 -6.43384 3.7431
0.638 -6.45719 3.73722
0.639 -6.45787 3.71467
0.64 -6.43586 3.67553
0.641 -6.39122 3.61992
0.642 -6.32411 3.54804
0.643 -6.23477 3.46016
0.644 -6.12354 3.35659
0.645 -5.99083 3.23772
0.646 -5.83715 3.10399
0.647 -5.66309 2.95591
0.648 -5.46932 2.79402
0.649 -5.25659 2.61894
0.65 -5.02573 2.43133
0.651 -4.77762 2.2319
0.652 -4.51325 2.02141
0.653 -4.23365 1.80065
0.654 -3.9399 1.57046
0.655 -3.63316 1.33173
0.656 -3.31464 1.08535
0.657 -2.98558 0.832277
0.658 -2.64728 0.573467
0.659 -2.30107 0.309912
0.66 -1.94831 0.0426176
0.661 -1.59041 -0.227394
0.662 -1.22876 -0.499089
0.663 -0.864809 -0.771429
0.664 -0.499979 -1.04337
0.665 -0.135719 -1.31388
0.666 0.22653 -1.58191
0.667 0.585336 -1.84644
0.668 0.939277 -2.10646
0.669 1.28695 -2.36098
0.67 1.62699 -2.60901
0.671 1.95803 -2.84961
0.672 2.27877 -3.08187
0.673 2.58794 -3.30489
0.674 2.88431 -3.51782
0.675 3.16671 -3.71985
0.676 3.43403 -3.9102
0.677 3.6852 -4.08817
0.678 3.91923 -4.25306
0.679 4.1352 -4.40425
0.68 4.33225 -4.54117
0.681 4.50961 -4.6633
0.682 4.66659 -4.77018
0.683 4.80256 -4.86142
0.684 4.917 -4.93666
0.685 5.00946 -4.99564
0.686 5.07959 -5.03814
0.687 5.12712 -5.06401
0.688 5.15188 -5.07316
0.689 5.15379 -5.06557
0.69 5.13286 -5.04128
0.691 5.0892 -5.00041
0.692 5.02299 -4.94312
0.693 4.93452 -4.86964
0.694 4.82418 -4.78028
0.695 4.69243 -4.6754
0.696 4.53981 -4.55541
0.697 4.36698 -4.42079
0.698 4.17464 -4.27207
0.699 3.9636 -4.10983
0.7 3.73474 -3.93473
0.701 3.489 -3.74743
0.702 3.22741 -3.54868
0.703 2.95103 -3.33924
0.704 2.66103 -3.11995
0.705 2.3586 -2.89164
0.706 2.04499 -2.6552
0.707 1.72149 -2.41155
0.708 1.38945 -2.16164
0.709 1.05023 -1.90641
0.71 0.705256 -1.64687
0.711 0.355939 -1.38399
0.712 0.00373132 -1.1188
0.713 -0.349907 -0.852298
0.714 -0.70351 -0.585506
0.715 -1.05561 -0.319438
0.716 -1.40474 -0.0551026
0.717 -1.74945 0.206503
0.718 -2.08831 0.464392
0.719 -2.41991 0.717599
0.72 -2.74285 0.965177
0.721 -3.05579 1.20621
0.722 -3.35742 1.4398
0.723 -3.64648 1.66508
0.724 -3.92174 1.88125
0.725 -4.18204 2.08751
0.726 -4.4263 2.28313
0.727 -4.65346 2.4674
0.728 -4.86256 2.63967
0.729 -5.05271 2.79936
0.73 -5.22308 2.94591
0.731 -5.37294 3.07884
0.732 -5.50163 3.19771
0.733 -5.60857 3.30214
0.734 -5.69329 3.39182
0.735 -5.75538 3.4665
0.736 -5.79455 3.52599
0.737 -5.81058 3.57015
0.738 -5.80337 3.59892
0.739 -5.77287 3.6123
0.74 -5.71918 3.61035
0.741 -5.64245 3.59318
0.742 -5.54294 3.561
0.743 -5.42101 3.51404
0.744 -5.2771 3.4526
0.745 -5.11175 3.37707
0.746 -4.92557 3.28786
0.747 -4.71926 3.18544
0.748 -4.49363 3.07036
0.749 -4.24953 2.9432
0.75 -3.9879 2.80458
0.751 -3.70976 2.65519
0.752 -3.41619 2.49574
0.753 -3.10834 2.32701
0.754 -2.78741 2.14978
0.755 -2.45466 1.9649
0.756 -2.11139 1.77322
0.757 -1.75896 1.57562
0.758 -1.39875 1.37303
0.759 -1.03218 1.16638
0.76 -0.660707 0.956602
0.761 -0.285791 0.744659
0.762 0.0910822 0.531515
0.763 0.468419 0.318137
0.764 0.844725 0.10549
0.765 1.21851 -0.105465
0.766 1.58828 -0.313776
0.767 1.95258 -0.518504
0.768 2.30996 -0.718726
0.769 2.65901 -0.913541
0.77 2.99832 -1.10207
0.771 3.32656 -1.28347
0.772 3.64242 -1.45692
0.773 3.94464 -1.62163
0.774 4.23204 -1.77686
0.775 4.50346 -1.92192
0.776 4.75783 -2.05614
0.777 4.99414 -2.1789
0.778 5.21146 -2.28965
0.779 5.40893 -2.38788
0.78 5.58577 -2.47313
0.781 5.74128 -2.545
0.782 5.87486 -2.60314
0.783 5.98598 -2.64728
0.784 6.07422 -2.6772
0.785 6.13923 -2.69272
0.786 6.18078 -2.69374
0.787 6.19872 -2.68024
0.788 6.193 -2.65224
0.789 6.16366 -2.60981
0.79 6.11083 -2.55312
0.791 6.03477 -2.48237
0.792 5.93579 -2.39783
0.793 5.81432 -2.29983
0.794 5.67088 -2.18876
0.795 5.50607 -2.06507
0.796 5.32058 -1.92925
0.797 5.11519 -1.78186
0.798 4.89075 -1.6235
0.799 4.64821 -1.45481
0.8 4.38858 -1.27651
0.801 4.11292 -1.08931
0.802 3.8224 -0.894009
0.803 3.5182 -0.691406
0.804 3.20161 -0.482351
0.805 2.87392 -0.267716
0.806 2.53651 -0.0484027
0.807 2.19076 0.174669
0.808 1.83812 0.400559
0.809 1.48005 0.628315
0.81 1.11803 0.856973
0.811 0.753574 1.08557
0.812 0.388182 1.31312
0.813 0.0233777 1.53868
0.814 -0.339323 1.76126
0.815 -0.698413 1.97993
0.816 -1.0524 2.19374
0.817 -1.3998 2.40178
0.818 -1.73918 2.60315
0.819 -2.06912 2.79697
0.82 -2.38823 2.98242
0.821 -2.6952 3.15867
0.822 -2.98872 3.32496
0.823 -3.26758 3.48055
0.824 -3.5306 3.62477
0.825 -3.77667 3.75696
0.826 -4.00476 3.87654
0.827 -4.2139 3.98295
0.828 -4.40321 4.07572
0.829 -4.57187 4.15441
0.83 -4.71917 4.21864
0.831 -4.84448 4.2681
0.832 -4.94723 4.30254
0.833 -5.02699 4.32176
0.834 -5.0834 4.32563
0.835 -5.11619 4.31409
0.836 -5.12519 4.28713
0.837 -5.11034 4.24483
0.838 -5.07166 4.18729
0.839 -5.0093 4.11472
0.84 -4.92346 4.02737
0.841 -4.81447 3.92554
0.842 -4.68275 3.80963
0.843 -4.52882 3.68005
0.844 -4.35327 3.53731
0.845 -4.15679 3.38196
0.846 -3.94018 3.21459
0.847 -3.70429 3.03587
0.848 -3.45007 2.84649
0.849 -3.17853 2.6472
0.85 -2.89078 2.4388
0.851 -2.58797 2.22211
0.852 -2.27133 1.998
0.853 -1.94214 1.76739
0.854 -1.60174 1.53118
0.855 -1.25151 1.29035
0.856 -0.892892 1.04586
0.857 -0.527337 0.798719
0.858 -0.156345 0.549928
0.859 0.218565 0.300506
0.86 0.595854 0.0514759
0.861 0.973972 -0.196137
0.862 1.35136 -0.441311
0.863 1.72646 -0.683034
0.864 2.09773 -0.920302
0.865 2.46363 -1.15213
0.866 2.82263 -1.37755
0.867 3.17325 -1.59562
0.868 3.51403 -1.80542
0.869 3.84354 -2.00607
0.87 4.16041 -2.19673
0.871 4.46329 -2.37657
0.872 4.75092 -2.54484
0.873 5.02207 -2.70082
0.874 5.2756 -2.84382
0.875 5.51041 -2.97323
0.876 5.72551 -3.08849
0.877 5.91995 -3.18907
0.878 6.0929 -3.27453
0.879 6.24358 -3.34448
0.88 6.37132 -3.39859
0.881 6.47554 -3.4366
0.882 6.55575 -3.4583
0.883 6.61154 -3.46356
0.884 6.64264 -3.45232
0.885 6.64884 -3.42459
0.886 6.63004 -3.38043
0.887 6.58625 -3.31997
0.888 6.51757 -3.24343
0.889 6.42421 -3.15108
0.89 6.30647 -3.04325
0.891 6.16476 -2.92035
0.892 5.99957 -2.78284
0.893 5.8115 -2.63125
0.894 5.60124 -2.46616
0.895 5.36957 -2.28822
0.896 5.11735 -2.09812
0.897 4.84554 -1.89662
0.898 4.55515 -1.68451
0.899 4.2473 -1.46265
0.9 3.92317 -1.2319
0.901 3.58398 -0.993218
0.902 3.23106 -0.747549
0.903 2.86577 -0.495893
0.904 2.48951 -0.239272
0.905 2.10374 0.0212659
0.906 1.70998 0.284655
0.907 1.30974 0.549812
0.908 0.904584 0.815645
0.909 0.496102 1.08105
0.91 0.085888 1.34493
0.911 -0.324453 1.60618
0.912 -0.733312 1.86371
0.913 -1.13909 2.11643
0.914 -1.54018 2.36328
0.915 -1.93503 2.6032
0.916 -2.32206 2.83518
0.917 -2.69977 3.0582
0.918 -3.06666 3.27132
0.919 -3.42129 3.47359
0.92 -3.76227 3.66414
0.921 -4.08824 3.8421
0.922 -4.39793 4.0067
0.923 -4.69011 4.15716
0.924 -4.96364 4.29281
0.925 -5.21743 4.41299
0.926 -5.45049 4.51714
0.927 -5.66189 4.60472
0.928 -5.85082 4.67529
0.929 -6.01652 4.72846
0.93 -6.15835 4.76389
0.931 -6.27575 4.78135
0.932 -6.36826 4.78064
0.933 -6.43554 4.76165
0.934 -6.47732 4.72434
0.935 -6.49345 4.66875
0.936 -6.48388 4.59496
0.937 -6.44866 4.50316
0.938 -6.38794 4.3936
0.939 -6.30198 4.26658
0.94 -6.19114 4.12249
0.941 -6.05588 3.96178
0.942 -5.89675 3.78498
0.943 -5.71441 3.59266
0.944 -5.5096 3.38547
0.945 -5.28316 3.16412
0.946 -5.03602 2.92936
0.947 -4.76917 2.68202
0.948 -4.48371 2.42295
0.949 -4.18081 2.15309
0.95 -3.86168 1.87338
0.951 -3.52764 1.58482
0.952 -3.18004 1.28846
0.953 -2.8203 0.985366
0.954 -2.44989 0.676632
0.955 -2.0703 0.363383
0.956 -1.68308 0.0467643
0.957 -1.28982 -0.272067
0.958 -0.89212 -0.591939
0.959 -0.491593 -0.911677
0.96 -0.0898757 -1.2301
0.961 0.311392 -1.54604
0.962 0.710571 -1.85831
0.963 1.10603 -2.16577
0.964 1.49616 -2.46727
0.965 1.87935 -2.7617
0.966 2.25405 -3.04796
0.967 2.6187 -3.32498
0.968 2.97183 -3.59173
0.969 3.31197 -3.84722
0.97 3.63773 -4.09049
0.971 3.94776 -4.32065
0.972 4.24078 -4.53682
0.973 4.51559 -4.73822
0.974 4.77104 -4.92408
0.975 5.00607 -5.09372
0.976 5.21969 -5.24651
0.977 5.41102 -5.38188
0.978 5.57923 -5.49933
0.979 5.72363 -5.59843
0.98 5.84359 -5.67882
0.981 5.93859 -5.74021
0.982 6.00821 -5.78239
0.983 6.05212 -5.8052
0.984 6.07012 -5.80858
0.985 6.06208 -5.79253
0.986 6.028 -5.75713
0.987 5.96798 -5.70254
0.988 5.88222 -5.62897
0.989 5.77102 -5.53673
0.99 5.63478 -5.42619
0.991 5.47402 -5.29779
0.992 5.28934 -5.15204
0.993 5.08145 -4.98951
0.994 4.85113 -4.81085
0.995 4.59927 -4.61675
0.996 4.32686 -4.40797
0.997 4.03494 -4.18534
0.998 3.72464 -3.94971
0.999 3.39719 -3.70202
1 3.05385 -3.44322
