0.001 3.4119e-008 2.49444e-009
0.002 3.10685e-007 2.00379e-008
0.003 1.46477e-006 8.31816e-008
0.004 4.85234e-006 2.44224e-007
0.005 1.2841e-005 5.79713e-007
0.006 2.90911e-005 1.19464e-006
0.007 5.88234e-005 2.22879e-006
0.008 0.000109073 3.8656e-006
0.009 0.000188925 6.34405e-006
0.01 0.000309729 9.97381e-006
0.011 0.000485299 1.5154e-005
0.012 0.000732074 2.23958e-005
0.013 0.00106927 3.23494e-005
0.014 0.00151901 4.5835e-005
0.015 0.00210638 6.38782e-005
0.016 0.00285953 8.77502e-005
0.017 0.00380965 0.000119012
0.018 0.00499102 0.000159565
0.019 0.00644096 0.0002117
0.02 0.00819972 0.000278161
0.021 0.0103104 0.0003622
0.022 0.012819 0.000467649
0.023 0.0157737 0.000598982
0.024 0.0192254 0.000761392
0.025 0.023227 0.000960858
0.026 0.0278332 0.00120423
0.027 0.0331004 0.0014993
0.028 0.039086 0.00185487
0.029 0.0458487 0.00228086
0.03 0.0534473 0.00278835
0.031 0.0619411 0.00338969
0.032 0.0713889 0.00409854
0.033 0.0818489 0.00492996
0.034 0.0933781 0.00590047
0.035 0.106032 0.00702814
0.036 0.119864 0.0083326
0.037 0.134924 0.00983512
0.038 0.151261 0.0115586
0.039 0.168918 0.0135279
0.04 0.187937 0.0157691
0.041 0.208351 0.0183107
0.042 0.230193 0.0211824
0.043 0.253488 0.024416
0.044 0.278255 0.0280448
0.045 0.304507 0.0321041
0.046 0.332251 0.0366307
0.047 0.361487 0.0416629
0.048 0.392206 0.0472408
0.049 0.424394 0.0534058
0.05 0.458026 0.0602006
0.051 0.493072 0.0676694
0.052 0.52949 0.0758572
0.053 0.567233 0.0848103
0.054 0.606242 0.0945755
0.055 0.646451 0.1052
0.056 0.687784 0.116733
0.057 0.730159 0.129221
0.058 0.773482 0.142714
0.059 0.817652 0.157258
0.06 0.862558 0.172902
0.061 0.908082 0.189693
0.062 0.954099 0.207675
0.063 1.00047 0.226894
0.064 1.04706 0.247393
0.065 1.09372 0.269212
0.066 1.1403 0.29239
0.067 1.18662 0.316963
0.068 1.23254 0.342965
0.069 1.27787 0.370426
0.07 1.32244 0.399372
0.071 1.36607 0.429827
0.072 1.40859 0.461809
0.073 1.4498 0.495332
0.074 1.48953 0.530406
0.075 1.5276 0.567035
0.076 1.5638 0.605219
0.077 1.59798 0.644949
0.078 1.62993 0.686214
0.079 1.6595 0.728994
0.08 1.6865 0.773264
0.081 1.71076 0.818992
0.082 1.73213 0.866138
0.083 1.75045 0.914657
0.084 1.76557 0.964494
0.085 1.77736 1.01559
0.086 1.78568 1.06787
0.087 1.79041 1.12127
0.088 1.79145 1.1757
0.089 1.7887 1.23106
0.09 1.78208 1.28727
0.091 1.77152 1.3442
0.092 1.75696 1.40175
0.093 1.73836 1.4598
0.094 1.71569 1.51822
0.095 1.68895 1.57686
0.096 1.65814 1.63559
0.097 1.62328 1.69426
0.098 1.58441 1.75271
0.099 1.54158 1.81079
0.1 1.49488 1.86831
0.101 1.44438 1.92511
0.102 1.3902 1.98101
0.103 1.33246 2.03584
0.104 1.27131 2.08939
0.105 1.20689 2.1415
0.106 1.13939 2.19195
0.107 1.069 2.24057
0.108 0.995917 2.28715
0.109 0.920372 2.33151
0.11 0.842598 2.37344
0.111 0.762844 2.41275
0.112 0.681373 2.44925
0.113 0.59846 2.48274
0.114 0.51439 2.51304
0.115 0.42946 2.53997
0.116 0.343973 2.56334
0.117 0.258244 2.58299
0.118 0.172592 2.59873
0.119 0.0873415 2.61042
0.12 0.0028226 2.61789
0.121 -0.0806325 2.62101
0.122 -0.16269 2.61963
0.123 -0.243015 2.61363
0.124 -0.321276 2.6029
0.125 -0.397142 2.58734
0.126 -0.470286 2.56684
0.127 -0.540389 2.54134
0.128 -0.607137 2.51076
0.129 -0.670224 2.47507
0.13 -0.729356 2.43421
0.131 -0.784249 2.38818
0.132 -0.834631 2.33696
0.133 -0.880246 2.28057
0.134 -0.920852 2.21903
0.135 -0.956225 2.15239
0.136 -0.986157 2.08071
0.137 -1.01046 2.00407
0.138 -1.02897 1.92256
0.139 -1.04153 1.83629
0.14 -1.04803 1.74541
0.141 -1.04837 1.65004
0.142 -1.04245 1.55037
0.143 -1.03025 1.44657
0.144 -1.01171 1.33884
0.145 -0.986855 1.22741
0.146 -0.955697 1.11249
0.147 -0.918289 0.994339
0.148 -0.874709 0.873221
0.149 -0.825063 0.749413
0.15 -0.769481 0.623207
0.151 -0.708122 0.494906
0.152 -0.641169 0.364829
0.153 -0.568834 0.233305
0.154 -0.491351 0.100673
0.155 -0.408983 -0.0327178
0.156 -0.322013 -0.166509
0.157 -0.23075 -0.300336
0.158 -0.135525 -0.433826
0.159 -0.0366894 -0.566602
0.16 0.0653834 -0.698283
0.161 0.170303 -0.828484
0.162 0.277659 -0.95682
0.163 0.387027 -1.08291
0.164 0.497967 -1.20636
0.165 0.610026 -1.32679
0.166 0.72274 -1.44383
0.167 0.835634 -1.55709
0.168 0.948226 -1.66623
0.169 1.06003 -1.77087
0.17 1.17055 -1.87066
0.171 1.2793 -1.96528
0.172 1.38578 -2.05439
0.173 1.48949 -2.13768
0.174 1.58996 -2.21485
0.175 1.6867 -2.28563
0.176 1.77923 -2.34974
0.177 1.86709 -2.40694
0.178 1.94984 -2.45701
0.179 2.02702 -2.49974
0.18 2.09823 -2.53494
0.181 2.16306 -2.56245
0.182 2.22112 -2.58214
0.183 2.27206 -2.59389
0.184 2.31553 -2.59762
0.185 2.35123 -2.59325
0.186 2.37886 -2.58076
0.187 2.39817 -2.56013
0.188 2.40894 -2.53139
0.189 2.41096 -2.49457
0.19 2.40408 -2.44975
0.191 2.38815 -2.39703
0.192 2.36308 -2.33653
0.193 2.32881 -2.26842
0.194 2.28531 -2.19288
0.195 2.23258 -2.11011
0.196 2.17069 -2.02036
0.197 2.09969 -1.92388
0.198 2.01973 -1.82097
0.199 1.93094 -1.71194
0.2 1.83352 -1.59712
0.201 1.7277 -1.47689
0.202 1.61374 -1.35161
0.203 1.49195 -1.22169
0.204 1.36264 -1.08757
0.205 1.2262 -0.949672
0.206 1.08301 -0.808464
0.207 0.933507 -0.66442
0.208 0.778146 -0.518028
0.209 0.617414 -0.369791
0.21 0.451821 -0.220221
0.211 0.281905 -0.0698385
0.212 0.108225 0.0808258
0.213 -0.0686398 0.231238
0.214 -0.248092 0.380858
0.215 -0.429517 0.529148
0.216 -0.612286 0.675565
0.217 -0.795761 0.819571
0.218 -0.979291 0.960632
0.219 -1.16222 1.09822
0.22 -1.34389 1.23181
0.221 -1.52364 1.36089
0.222 -1.70081 1.48497
0.223 -1.87474 1.60355
0.224 -2.04479 1.71617
0.225 -2.2103 1.82237
0.226 -2.37066 1.92172
0.227 -2.52524 2.0138
0.228 -2.67345 2.09821
0.229 -2.81471 2.1746
0.23 -2.94845 2.24262
0.231 -3.07416 2.30195
0.232 -3.19131 2.3523
0.233 -3.29944 2.39342
0.234 -3.39808 2.42508
0.235 -3.48684 2.44708
0.236 -3.56533 2.45926
0.237 -3.63319 2.46148
0.238 -3.69014 2.45366
0.239 -3.73591 2.43573
0.24 -3.77026 2.40766
0.241 -3.79301 2.36946
0.242 -3.80404 2.32118
0.243 -3.80323 2.2629
0.244 -3.79055 2.19474
0.245 -3.76598 2.11684
0.246 -3.72957 2.0294
0.247 -3.6814 1.93263
0.248 -3.62161 1.8268
0.249 -3.55037 1.71219
0.25 -3.4679 1.58913
0.251 -3.37449 1.45797
0.252 -3.27043 1.31909
0.253 -3.15607 1.17292
0.254 -3.03183 1.01989
0.255 -2.89813 0.860476
0.256 -2.75546 0.695169
0.257 -2.60432 0.524488
0.258 -2.44526 0.348973
0.259 -2.27887 0.169184
0.26 -2.10576 -0.0143016
0.261 -1.92658 -0.200889
0.262 -1.74199 -0.389971
0.263 -1.5527 -0.580927
0.264 -1.35941 -0.77313
0.265 -1.16287 -0.965941
0.266 -0.963829 -1.15872
0.267 -0.763049 -1.35082
0.268 -0.561309 -1.5416
0.269 -0.359392 -1.73041
0.27 -0.158087 -1.91662
0.271 0.0418187 -2.09959
0.272 0.239536 -2.27871
0.273 0.434285 -2.45334
0.274 0.62529 -2.62291
0.275 0.811789 -2.78682
0.276 0.993034 -2.94452
0.277 1.1683 -3.09544
0.278 1.33686 -3.23908
0.279 1.49805 -3.37493
0.28 1.6512 -3.50251
0.281 1.79568 -3.62139
0.282 1.93088 -3.73114
0.283 2.05626 -3.83138
0.284 2.17127 -3.92176
0.285 2.27543 -4.00196
0.286 2.36829 -4.0717
0.287 2.44946 -4.13072
0.288 2.51856 -4.17882
0.289 2.57529 -4.21583
0.29 2.61939 -4.24161
0.291 2.65063 -4.25607
0.292 2.66886 -4.25916
0.293 2.67396 -4.25086
0.294 2.66588 -4.2312
0.295 2.64461 -4.20025
0.296 2.61019 -4.15811
0.297 2.56272 -4.10494
0.298 2.50236 -4.04091
0.299 2.4293 -3.96626
0.3 2.34381 -3.88125
0.301 2.24619 -3.78617
0.302 2.1368 -3.68137
0.303 2.01605 -3.5672
0.304 1.88439 -3.44409
0.305 1.74232 -3.31246
0.306 1.59039 -3.17277
0.307 1.42918 -3.02553
0.308 1.25932 -2.87125
0.309 1.08147 -2.71048
0.31 0.896331 -2.54379
0.311 0.704637 -2.37177
0.312 0.507146 -2.19501
0.313 0.304648 -2.01416
0.314 0.0979519 -1.82984
0.315 -0.112109 -1.6427
0.316 -0.324687 -1.4534
0.317 -0.538919 -1.2626
0.318 -0.753932 -1.07098
0.319 -0.968846 -0.879194
0.32 -1.18278 -0.687916
0.321 -1.39485 -0.497809
0.322 -1.60417 -0.309529
0.323 -1.80988 -0.123727
0.324 -2.01111 0.058962
0.325 -2.20702 0.237913
0.326 -2.39677 0.412519
0.327 -2.57957 0.582192
0.328 -2.75463 0.746362
0.329 -2.92119 0.904486
0.33 -3.07852 1.05604
0.331 -3.22595 1.20054
0.332 -3.36282 1.33751
0.333 -3.48851 1.46652
0.334 -3.60246 1.58717
0.335 -3.70414 1.69909
0.336 -3.79307 1.80195
0.337 -3.86882 1.89545
0.338 -3.93102 1.97934
0.339 -3.97935 2.05339
0.34 -4.01352 2.11742
0.341 -4.03334 2.1713
0.342 -4.03863 2.21493
0.343 -4.02931 2.24824
0.344 -4.00532 2.27121
0.345 -3.9667 2.28388
0.346 -3.91351 2.28629
0.347 -3.84588 2.27857
0.348 -3.76402 2.26085
0.349 -3.66818 2.23331
0.35 -3.55866 2.19619
0.351 -3.43582 2.14973
0.352 -3.30009 2.09425
0.353 -3.15193 2.03006
0.354 -2.99188 1.95754
0.355 -2.8205 1.87708
0.356 -2.63841 1.78912
0.357 -2.44627 1.69411
0.358 -2.24481 1.59254
0.359 -2.03475 1.48492
0.36 -1.81689 1.37179
0.361 -1.59204 1.25369
0.362 -1.36105 1.1312
0.363 -1.12479 1.00492
0.364 -0.884168 0.875435
0.365 -0.640094 0.743369
0.366 -0.393506 0.609342
0.367 -0.145349 0.473983
0.368 0.10342 0.337923
0.369 0.351839 0.201795
0.37 0.598949 0.0662306
0.371 0.843788 -0.0681448
0.372 1.08541 -0.200711
0.373 1.32286 -0.330859
0.374 1.55523 -0.457991
0.375 1.78159 -0.581522
0.376 2.00108 -0.700888
0.377 2.21281 -0.815542
0.378 2.41598 -0.924958
0.379 2.60977 -1.02863
0.38 2.79342 -1.1261
0.381 2.96622 -1.2169
0.382 3.12748 -1.30062
0.383 3.27657 -1.37687
0.384 3.4129 -1.4453
0.385 3.53594 -1.5056
0.386 3.64521 -1.55747
0.387 3.74028 -1.60067
0.388 3.82077 -1.635
0.389 3.88638 -1.66029
0.39 3.93686 -1.6764
0.391 3.97201 -1.68324
0.392 3.99171 -1.68078
0.393 3.9959 -1.669
0.394 3.98457 -1.64793
0.395 3.95778 -1.61765
0.396 3.91567 -1.57827
0.397 3.85842 -1.52995
0.398 3.78628 -1.47288
0.399 3.69956 -1.40728
0.4 3.59865 -1.33344
0.401 3.48397 -1.25165
0.402 3.35601 -1.16226
0.403 3.21533 -1.06563
0.404 3.06251 -0.962184
0.405 2.89822 -0.852346
0.406 2.72315 -0.736582
0.407 2.53804 -0.615385
0.408 2.34369 -0.489269
0.409 2.14093 -0.358771
0.41 1.93061 -0.224449
0.411 1.71365 -0.0868773
0.412 1.49096 0.0533543
0.413 1.2635 0.195644
0.414 1.03224 0.339379
0.415 0.798183 0.483941
0.416 0.562331 0.628705
0.417 0.3257 0.773047
0.418 0.0893118 0.91634
0.419 -0.14581 1.05796
0.42 -0.378644 1.1973
0.421 -0.608179 1.33375
0.422 -0.833412 1.46671
0.423 -1.05336 1.5956
0.424 -1.26705 1.71986
0.425 -1.47354 1.83895
0.426 -1.67193 1.95233
0.427 -1.86132 2.05951
0.428 -2.04087 2.16002
0.429 -2.20977 2.25341
0.43 -2.36725 2.33927
0.431 -2.51259 2.4172
0.432 -2.64513 2.48687
0.433 -2.76424 2.54796
0.434 -2.86936 2.60019
0.435 -2.95997 2.64332
0.436 -3.03564 2.67716
0.437 -3.09597 2.70154
0.438 -3.14064 2.71634
0.439 -3.16939 2.72149
0.44 -3.18203 2.71696
0.441 -3.17843 2.70274
0.442 -3.15853 2.6789
0.443 -3.12235 2.64553
0.444 -3.06996 2.60276
0.445 -3.00151 2.55076
0.446 -2.91721 2.48977
0.447 -2.81735 2.42002
0.448 -2.70227 2.34184
0.449 -2.57238 2.25554
0.45 -2.42817 2.16151
0.451 -2.27018 2.06015
0.452 -2.09899 1.9519
0.453 -1.91527 1.83725
0.454 -1.71973 1.71669
0.455 -1.51312 1.59075
0.456 -1.29627 1.46001
0.457 -1.07004 1.32503
0.458 -0.835314 1.18643
0.459 -0.593043 1.04481
0.46 -0.3442 0.900834
0.461 -0.0897927 0.755137
0.462 0.169145 0.608384
0.463 0.431555 0.461246
0.464 0.696362 0.314397
0.465 0.962475 0.168513
0.466 1.22879 0.0242696
0.467 1.49421 -0.117662
0.468 1.75762 -0.256616
0.469 2.01791 -0.391938
0.47 2.274 -0.522985
0.471 2.5248 -0.64913
0.472 2.76924 -0.769764
0.473 3.00628 -0.884297
0.474 3.2349 -0.992166
0.475 3.45412 -1.09283
0.476 3.66298 -1.18578
0.477 3.86056 -1.27054
0.478 4.046 -1.34666
0.479 4.21847 -1.41373
0.48 4.37719 -1.47138
0.481 4.52144 -1.51926
0.482 4.65055 -1.55709
0.483 4.76391 -1.58462
0.484 4.86099 -1.60163
0.485 4.94129 -1.60795
0.486 5.0044 -1.60348
0.487 5.04998 -1.58814
0.488 5.07775 -1.5619
0.489 5.08751 -1.52479
0.49 5.07912 -1.47687
0.491 5.05252 -1.41826
0.492 5.00773 -1.34912
0.493 4.94485 -1.26967
0.494 4.86402 -1.18016
0.495 4.7655 -1.08089
0.496 4.64958 -0.97222
0.497 4.51665 -0.85453
0.498 4.36717 -0.728254
0.499 4.20165 -0.593867
0.5 4.02068 -0.451879
0.501 3.82491 -0.30284
0.502 3.61506 -0.147332
0.503 3.39191 0.0140282
0.504 3.15628 0.180594
0.505 2.90905 0.351693
0.506 2.65118 0.526625
0.507 2.38362 0.704669
0.508 2.10742 0.885084
0.509 1.82362 1.06711
0.51 1.53333 1.24999
0.511 1.23768 1.43292
0.512 0.937803 1.61513
0.513 0.634887 1.79581
0.514 0.330116 1.97419
0.515 0.0246894 2.14946
0.516 -0.280186 2.32084
0.517 -0.583304 2.48755
0.518 -0.88346 2.64883
0.519 -1.17946 2.80394
0.52 -1.47011 2.95213
0.521 -1.75426 3.09271
0.522 -2.03077 3.22499
0.523 -2.29851 3.34831
0.524 -2.55641 3.46204
0.525 -2.80343 3.5656
0.526 -3.03855 3.65844
0.527 -3.26082 3.74002
0.528 -3.46933 3.80987
0.529 -3.66322 3.86757
0.53 -3.8417 3.91272
0.531 -4.00403 3.94497
0.532 -4.14953 3.96404
0.533 -4.27759 3.96968
0.534 -4.38767 3.9617
0.535 -4.4793 3.93996
0.536 -4.55209 3.90437
0.537 -4.60572 3.8549
0.538 -4.63994 3.79157
0.539 -4.6546 3.71446
0.54 -4.6496 3.6237
0.541 -4.62494 3.51947
0.542 -4.58069 3.40202
0.543 -4.51702 3.27163
0.544 -4.43414 3.12866
0.545 -4.33238 2.9735
0.546 -4.21212 2.8066
0.547 -4.07383 2.62845
0.548 -3.91805 2.43961
0.549 -3.74539 2.24065
0.55 -3.55654 2.03222
0.551 -3.35225 1.81498
0.552 -3.13333 1.58965
0.553 -2.90066 1.35697
0.554 -2.65518 1.11773
0.555 -2.39788 0.87273
0.556 -2.1298 0.622821
0.557 -1.85204 0.368859
0.558 -1.56571 0.111729
0.559 -1.272 -0.147669
0.56 -0.972096 -0.40842
0.561 -0.667243 -0.669598
0.562 -0.35869 -0.930271
0.563 -0.0477113 -1.1895
0.564 0.264405 -1.44636
0.565 0.576363 -1.69991
0.566 0.886864 -1.94922
0.567 1.19461 -2.19339
0.568 1.49831 -2.43152
0.569 1.7967 -2.66273
0.57 2.0885 -2.88616
0.571 2.37249 -3.10097
0.572 2.64746 -3.30638
0.573 2.91222 -3.50159
0.574 3.16565 -3.68588
0.575 3.40665 -3.85856
0.576 3.63417 -4.01895
0.577 3.84722 -4.16646
0.578 4.04485 -4.3005
0.579 4.22619 -4.42057
0.58 4.39041 -4.5262
0.581 4.53677 -4.61696
0.582 4.66458 -4.69251
0.583 4.77323 -4.75253
0.584 4.8622 -4.79678
0.585 4.93103 -4.82507
0.586 4.97934 -4.83728
0.587 5.00684 -4.83334
0.588 5.01332 -4.81323
0.589 4.99866 -4.77702
0.59 4.96281 -4.72483
0.591 4.90582 -4.65682
0.592 4.82781 -4.57324
0.593 4.729 -4.47438
0.594 4.6097 -4.3606
0.595 4.47027 -4.23231
0.596 4.31119 -4.08998
0.597 4.133 -3.93414
0.598 3.93632 -3.76535
0.599 3.72185 -3.58425
0.6 3.49036 -3.39152
0.601 3.2427 -3.18787
0.602 2.97977 -2.97406
0.603 2.70254 -2.75091
0.604 2.41205 -2.51924
0.605 2.10939 -2.27995
0.606 1.79569 -2.03392
0.607 1.47216 -1.78211
0.608 1.14 -1.52546
0.609 0.800505 -1.26494
0.61 0.454961 -1.00157
0.611 0.104699 -0.736336
0.612 -0.248929 -0.470259
0.613 -0.604557 -0.204359
0.614 -0.960806 0.060342
0.615 -1.31629 0.322827
0.616 -1.66963 0.582085
0.617 -2.01943 0.837116
0.618 -2.36434 1.08693
0.619 -2.703 1.33057
0.62 -3.03407 1.56709
0.621 -3.35626 1.79556
0.622 -3.66829 2.0151
0.623 -3.96892 2.22486
0.624 -4.25697 2.42401
0.625 -4.5313 2.61178
0.626 -4.79079 2.78743
0.627 -5.03444 2.95026
0.628 -5.26124 3.09965
0.629 -5.47031 3.23499
0.63 -5.66079 3.35575
0.631 -5.83191 3.46145
0.632 -5.98299 3.55166
0.633 -6.1134 3.62602
0.634 -6.22261 3.68423
0.635 -6.31017 3.72603
0.636 -6.37571 3.75126
0.637 -6.41894 3.7598
0.638 -6.43969 3.75159
0.639 -6.43783 3.72665
0.64 -6.41336 3.68506
0.641 -6.36635 3.62696
0.642 -6.29697 3.55256
0.643 -6.20547 3.46212
0.644 -6.09219 3.35598
0.645 -5.95755 3.23452
0.646 -5.80208 3.09821
0.647 -5.62636 2.94755
0.648 -5.43108 2.78311
0.649 -5.21698 2.6055
0.65 -4.9849 2.4154
0.651 -4.73575 2.21353
0.652 -4.47049 2.00064
0.653 -4.19015 1.77755
0.654 -3.89585 1.54511
0.655 -3.58872 1.3042
0.656 -3.26998 1.05574
0.657 -2.94087 0.800667
0.658 -2.6027 0.539966
0.659 -2.25679 0.274629
0.66 -1.90451 0.0056691
0.661 -1.54724 -0.265886
0.662 -1.18639 -0.538997
0.663 -0.8234 -0.812621
0.664 -0.459689 -1.08571
0.665 -0.096701 -1.35722
0.666 0.26413 -1.62611
0.667 0.621375 -1.89135
0.668 0.973621 -2.15193
0.669 1.31947 -2.40684
0.67 1.65756 -2.65512
0.671 1.98655 -2.89582
0.672 2.30513 -3.12801
0.673 2.61205 -3.3508
0.674 2.90608 -3.56335
0.675 3.18607 -3.76485
0.676 3.4509 -3.95452
0.677 3.69953 -4.13164
0.678 3.93098 -4.29554
0.679 4.14434 -4.4456
0.68 4.33875 -4.58125
0.681 4.51346 -4.70197
0.682 4.66778 -4.80731
0.683 4.80111 -4.89688
0.684 4.91292 -4.97033
0.685 5.00279 -5.02741
0.686 5.07037 -5.0679
0.687 5.11541 -5.09165
0.688 5.13774 -5.09859
0.689 5.13729 -5.08871
0.69 5.11408 -5.06205
0.691 5.06823 -5.01873
0.692 4.99994 -4.95893
0.693 4.90951 -4.88289
0.694 4.79732 -4.79093
0.695 4.66384 -4.68341
0.696 4.50964 -4.56075
0.697 4.33536 -4.42344
0.698 4.14173 -4.27202
0.699 3.92955 -4.1071
0.7 3.6997 -3.9293
0.701 3.45315 -3.73933
0.702 3.1909 -3.53794
0.703 2.91404 -3.3259
0.704 2.62373 -3.10403
0.705 2.32116 -2.87321
0.706 2.00759 -2.63432
0.707 1.68431 -2.38828
0.708 1.35265 -2.13605
0.709 1.01401 -1.8786
0.71 0.669762 -1.6169
0.711 0.32135 -1.35198
0.712 -0.0297868 -1.08484
0.713 -0.382193 -0.816497
0.714 -0.734406 -0.547975
0.715 -1.08496 -0.280293
0.716 -1.43241 -0.014464
0.717 -1.77529 0.248511
0.718 -2.11219 0.507642
0.719 -2.4417 0.761961
0.72 -2.76245 1.01052
0.721 -3.07308 1.25239
0.722 -3.37231 1.48669
0.723 -3.65887 1.71256
0.724 -3.93156 1.92916
0.725 -4.18923 2.13572
0.726 -4.43078 2.3315
0.727 -4.6552 2.51581
0.728 -4.86153 2.68798
0.729 -5.04887 2.84744
0.73 -5.21643 2.99364
0.731 -5.36347 3.12608
0.732 -5.48935 3.24435
0.733 -5.59351 3.34806
0.734 -5.67548 3.43692
0.735 -5.73487 3.51067
0.736 -5.77138 3.56912
0.737 -5.78483 3.61215
0.738 -5.77511 3.6397
0.739 -5.7422 3.65177
0.74 -5.68618 3.64844
0.741 -5.60724 3.62982
0.742 -5.50564 3.59612
0.743 -5.38174 3.54758
0.744 -5.23599 3.48453
0.745 -5.06894 3.40733
0.746 -4.88121 3.31641
0.747 -4.67351 3.21227
0.748 -4.44664 3.09543
0.749 -4.20148 2.9665
0.75 -3.93895 2.82611
0.751 -3.6601 2.67495
0.752 -3.36599 2.51375
0.753 -3.05777 2.34327
0.754 -2.73666 2.16432
0.755 -2.40391 1.97773
0.756 -2.06082 1.78439
0.757 -1.70876 1.58518
0.758 -1.34909 1.38101
0.759 -0.983249 1.17284
0.76 -0.612673 0.961592
0.761 -0.238829 0.748247
0.762 0.136804 0.533767
0.763 0.512739 0.319123
0.764 0.887486 0.105285
0.765 1.25956 -0.106783
0.766 1.62748 -0.316126
0.767 1.9898 -0.521803
0.768 2.34506 -0.722888
0.769 2.69187 -0.918479
0.77 3.02884 -1.1077
0.771 3.35464 -1.28969
0.772 3.66796 -1.46365
0.773 3.96758 -1.62878
0.774 4.2523 -1.78435
0.775 4.52098 -1.92965
0.776 4.77258 -2.06402
0.777 5.00608 -2.18686
0.778 5.22056 -2.2976
0.779 5.41519 -2.39573
0.78 5.58919 -2.48081
0.781 5.74188 -2.55244
0.782 5.87266 -2.61027
0.783 5.98102 -2.65404
0.784 6.06655 -2.68351
0.785 6.12892 -2.69853
0.786 6.1679 -2.69901
0.787 6.18336 -2.68491
0.788 6.17524 -2.65626
0.789 6.14361 -2.61316
0.79 6.08862 -2.55575
0.791 6.01051 -2.48426
0.792 5.90962 -2.39896
0.793 5.78638 -2.30019
0.794 5.64132 -2.18834
0.795 5.47505 -2.06386
0.796 5.28827 -1.92726
0.797 5.08175 -1.77909
0.798 4.85637 -1.61997
0.799 4.61306 -1.45055
0.8 4.35283 -1.27152
0.801 4.07677 -1.08364
0.802 3.78603 -0.887677
0.803 3.4818 -0.684458
0.804 3.16537 -0.47483
0.805 2.83804 -0.259671
0.806 2.50116 -0.0398856
0.807 2.15614 0.183602
0.808 1.8044 0.40985
0.809 1.44742 0.637901
0.81 1.08666 0.866791
0.811 0.723627 1.09555
0.812 0.359827 1.3232
0.813 -0.00322793 1.54878
0.814 -0.36403 1.77131
0.815 -0.72108 1.98986
0.816 -1.07289 2.20348
0.817 -1.418 2.41126
0.818 -1.75497 2.61229
0.819 -2.08239 2.8057
0.82 -2.39891 2.99067
0.821 -2.70318 3.16637
0.822 -2.99396 3.33205
0.823 -3.27 3.48697
0.824 -3.53016 3.63045
0.825 -3.77335 3.76185
0.826 -3.99853 3.88057
0.827 -4.20476 3.98609
0.828 -4.39116 4.07791
0.829 -4.55694 4.15561
0.83 -4.70139 4.21882
0.831 -4.82388 4.26723
0.832 -4.92389 4.30059
0.833 -5.00098 4.3187
0.834 -5.05479 4.32146
0.835 -5.08509 4.30879
0.836 -5.0917 4.2807
0.837 -5.07459 4.23726
0.838 -5.03378 4.17861
0.839 -4.96941 4.10493
0.84 -4.88173 4.01649
0.841 -4.77106 3.9136
0.842 -4.63783 3.79666
0.843 -4.48256 3.66609
0.844 -4.30586 3.52241
0.845 -4.10843 3.36616
0.846 -3.89106 3.19795
0.847 -3.65461 3.01844
0.848 -3.40004 2.82834
0.849 -3.12836 2.6284
0.85 -2.84068 2.41942
0.851 -2.53816 2.20224
0.852 -2.22202 1.97772
0.853 -1.89355 1.74678
0.854 -1.55408 1.51033
0.855 -1.205 1.26935
0.856 -0.84773 1.02482
0.857 -0.483735 0.777716
0.858 -0.114505 0.529065
0.859 0.258448 0.279882
0.86 0.633589 0.0311901
0.861 1.00938 -0.215986
0.862 1.38426 -0.460625
0.863 1.75669 -0.701714
0.864 2.12513 -0.938252
0.865 2.48805 -1.16925
0.866 2.84394 -1.39376
0.867 3.19133 -1.61082
0.868 3.52876 -1.81953
0.869 3.85482 -2.019
0.87 4.16815 -2.2084
0.871 4.46742 -2.38692
0.872 4.75137 -2.55379
0.873 5.01881 -2.7083
0.874 5.26858 -2.84978
0.875 5.49963 -2.97762
0.876 5.71096 -3.09125
0.877 5.90165 -3.19018
0.878 6.07086 -3.27395
0.879 6.21785 -3.34218
0.88 6.34196 -3.39455
0.881 6.44262 -3.43081
0.882 6.51934 -3.45076
0.883 6.57177 -3.45429
0.884 6.5996 -3.44132
0.885 6.60265 -3.41188
0.886 6.58086 -3.36604
0.887 6.53422 -3.30395
0.888 6.46286 -3.22582
0.889 6.36699 -3.13192
0.89 6.24692 -3.02262
0.891 6.10308 -2.89831
0.892 5.93597 -2.75947
0.893 5.74619 -2.60663
0.894 5.53444 -2.44039
0.895 5.30151 -2.26139
0.896 5.04826 -2.07034
0.897 4.77565 -1.868
0.898 4.48472 -1.65517
0.899 4.17657 -1.4327
0.9 3.85237 -1.20149
0.901 3.51338 -0.962463
0.902 3.1609 -0.716589
0.903 2.79629 -0.464869
0.904 2.42097 -0.208326
0.905 2.03638 0.0519892
0.906 1.64403 0.315008
0.907 1.24543 0.579647
0.908 0.842161 0.844811
0.909 0.43578 1.1094
0.91 0.0278804 1.37231
0.911 -0.37994 1.63245
0.912 -0.786082 1.88872
0.913 -1.18895 2.14003
0.914 -1.58697 2.38533
0.915 -1.97857 2.62356
0.916 -2.36221 2.85372
0.917 -2.73639 3.07479
0.918 -3.09963 3.28583
0.919 -3.45049 3.48591
0.92 -3.7876 3.67414
0.921 -4.10963 3.84969
0.922 -4.41531 4.01177
0.923 -4.70343 4.15962
0.924 -4.97287 4.29258
0.925 -5.22255 4.41
0.926 -5.4515 4.51131
0.927 -5.65881 4.596
0.928 -5.84367 4.66363
0.929 -6.00535 4.71382
0.93 -6.14323 4.74625
0.931 -6.25676 4.76069
0.932 -6.3455 4.75695
0.933 -6.40912 4.73493
0.934 -6.44736 4.69461
0.935 -6.46009 4.63603
0.936 -6.44728 4.55929
0.937 -6.40898 4.46459
0.938 -6.34537 4.35218
0.939 -6.25671 4.22238
0.94 -6.14337 4.07559
0.941 -6.00583 3.91227
0.942 -5.84465 3.73295
0.943 -5.66048 3.53822
0.944 -5.45409 3.32874
0.945 -5.22631 3.10523
0.946 -4.97809 2.86844
0.947 -4.71042 2.61921
0.948 -4.4244 2.35842
0.949 -4.12121 2.08698
0.95 -3.80206 1.80586
0.951 -3.46826 1.51607
0.952 -3.12118 1.21865
0.953 -2.76222 0.914673
0.954 -2.39284 0.605249
0.955 -2.01456 0.291502
0.956 -1.62892 -0.0254223
0.957 -1.23747 -0.344362
0.958 -0.841828 -0.664144
0.959 -0.443599 -0.983592
0.96 -0.0444083 -1.30153
0.961 0.354113 -1.61677
0.962 0.750339 -1.92816
0.963 1.14265 -2.23453
0.964 1.52944 -2.53476
0.965 1.90912 -2.82771
0.966 2.28015 -3.11231
0.967 2.64099 -3.38748
0.968 2.99017 -3.65221
0.969 3.32626 -3.90551
0.97 3.64786 -4.14642
0.971 3.95365 -4.37406
0.972 4.24237 -4.58756
0.973 4.51283 -4.78614
0.974 4.76389 -4.96906
0.975 4.99452 -5.13562
0.976 5.20375 -5.28522
0.977 5.3907 -5.41729
0.978 5.55459 -5.53135
0.979 5.69471 -5.62698
0.98 5.81047 -5.70383
0.981 5.90136 -5.76161
0.982 5.96697 -5.80012
0.983 6.007 -5.81924
0.984 6.02125 -5.81889
0.985 6.00963 -5.79911
0.986 5.97214 -5.75997
0.987 5.90888 -5.70165
0.988 5.82008 -5.62438
0.989 5.70605 -5.52847
0.99 5.56721 -5.41431
0.991 5.40408 -5.28235
0.992 5.21727 -5.13311
0.993 5.00749 -4.96717
0.994 4.77555 -4.78519
0.995 4.52235 -4.58788
0.996 4.24885 -4.37601
0.997 3.95613 -4.1504
0.998 3.64532 -3.91194
0.999 3.31763 -3.66155
1 2.97435 -3.40021
