0.001 3.42762e-008 2.56851e-009
0.002 3.11939e-007 2.06295e-008
0.003 1.46992e-006 8.56169e-008
0.004 4.86723e-006 2.51286e-007
0.005 1.28757e-005 5.96194e-007
0.006 2.91608e-005 1.22785e-006
0.007 5.89495e-005 2.28901e-006
0.008 0.000109284 3.96647e-006
0.009 0.000189257 6.50282e-006
0.01 0.000310226 1.02115e-005
0.011 0.000486013 1.54952e-005
0.012 0.000733067 2.28688e-005
0.013 0.00107062 3.29853e-005
0.014 0.00152078 4.66672e-005
0.015 0.00210866 6.49413e-005
0.016 0.00286241 8.90785e-005
0.017 0.00381323 0.000120638
0.018 0.00499541 0.000161516
0.019 0.00644625 0.000213997
0.02 0.00820604 0.000280815
0.021 0.0103179 0.000365208
0.022 0.0128276 0.000470989
0.023 0.0157837 0.00060261
0.024 0.0192368 0.000765232
0.025 0.0232399 0.000964803
0.026 0.0278477 0.00120813
0.027 0.0331165 0.00150295
0.028 0.0391038 0.00185802
0.029 0.0458681 0.00228319
0.03 0.0534683 0.00278946
0.031 0.0619637 0.00338909
0.032 0.071413 0.00409564
0.033 0.0818743 0.00492408
0.034 0.0934047 0.00589081
0.035 0.106059 0.00701375
0.036 0.119892 0.0083124
0.037 0.134953 0.00980787
0.038 0.151289 0.0115229
0.039 0.168946 0.0134821
0.04 0.187964 0.0157115
0.041 0.208377 0.0182392
0.042 0.230217 0.0210948
0.043 0.253508 0.0243099
0.044 0.278271 0.0279175
0.045 0.304519 0.0319525
0.046 0.332257 0.0364516
0.047 0.361486 0.0414527
0.048 0.392197 0.0469957
0.049 0.424376 0.0531217
0.05 0.457998 0.059873
0.051 0.493031 0.0672935
0.052 0.529436 0.075428
0.053 0.567163 0.0843222
0.054 0.606154 0.0940227
0.055 0.646344 0.104577
0.056 0.687657 0.116032
0.057 0.730009 0.128437
0.058 0.773306 0.141838
0.059 0.817448 0.156284
0.06 0.862324 0.171822
0.061 0.907815 0.188498
0.062 0.953797 0.206358
0.063 1.00013 0.225446
0.064 1.04668 0.245805
0.065 1.0933 0.267475
0.066 1.13983 0.290494
0.067 1.1861 0.3149
0.068 1.23196 0.340725
0.069 1.27723 0.367999
0.07 1.32175 0.396749
0.071 1.36532 0.426998
0.072 1.40777 0.458764
0.073 1.44891 0.492063
0.074 1.48857 0.526902
0.075 1.52655 0.563287
0.076 1.56268 0.601217
0.077 1.59676 0.640686
0.078 1.62863 0.68168
0.079 1.6581 0.724182
0.08 1.685 0.768166
0.081 1.70917 0.813601
0.082 1.73043 0.860448
0.083 1.74864 0.908662
0.084 1.76365 0.958189
0.085 1.77532 1.00897
0.086 1.78352 1.06093
0.087 1.78813 1.11401
0.088 1.78904 1.16812
0.089 1.78617 1.22316
0.09 1.77941 1.27904
0.091 1.76871 1.33565
0.092 1.75401 1.39289
0.093 1.73526 1.45062
0.094 1.71245 1.50873
0.095 1.68556 1.56707
0.096 1.65459 1.62551
0.097 1.61958 1.68389
0.098 1.58055 1.74207
0.099 1.53756 1.79988
0.1 1.49069 1.85716
0.101 1.44003 1.91373
0.102 1.38569 1.96942
0.103 1.32778 2.02404
0.104 1.26646 2.07743
0.105 1.20187 2.12938
0.106 1.1342 2.1797
0.107 1.06364 2.22822
0.108 0.990394 2.27472
0.109 0.914682 2.31903
0.11 0.836741 2.36094
0.111 0.756823 2.40026
0.112 0.67519 2.4368
0.113 0.592116 2.47037
0.114 0.507889 2.50079
0.115 0.422805 2.52786
0.116 0.337169 2.55142
0.117 0.251295 2.57129
0.118 0.165503 2.58729
0.119 0.0801179 2.59928
0.12 -0.00452949 2.6071
0.121 -0.0881064 2.61059
0.122 -0.170278 2.60964
0.123 -0.25071 2.60411
0.124 -0.329069 2.59389
0.125 -0.405024 2.57887
0.126 -0.478248 2.55896
0.127 -0.548419 2.53409
0.128 -0.615225 2.50419
0.129 -0.678358 2.4692
0.13 -0.737524 2.4291
0.131 -0.792438 2.38385
0.132 -0.842828 2.33346
0.133 -0.888436 2.27793
0.134 -0.929021 2.21729
0.135 -0.964357 2.15158
0.136 -0.994236 2.08085
0.137 -1.01847 2.0052
0.138 -1.03689 1.9247
0.139 -1.04935 1.83947
0.14 -1.05573 1.74964
0.141 -1.05592 1.65536
0.142 -1.04985 1.55678
0.143 -1.03746 1.45409
0.144 -1.01873 1.34748
0.145 -0.993651 1.23717
0.146 -0.962252 1.12338
0.147 -0.924582 1.00636
0.148 -0.880719 0.886373
0.149 -0.830769 0.763686
0.15 -0.774861 0.63859
0.151 -0.713154 0.511386
0.152 -0.645832 0.382388
0.153 -0.573106 0.251921
0.154 -0.495211 0.120321
0.155 -0.412408 -0.0120667
0.156 -0.324984 -0.144888
0.157 -0.233245 -0.277782
0.158 -0.137524 -0.410379
0.159 -0.0381726 -0.542306
0.16 0.0644359 -0.673187
0.161 0.16991 -0.802639
0.162 0.277839 -0.930282
0.163 0.387797 -1.05573
0.164 0.499345 -1.17861
0.165 0.612027 -1.29853
0.166 0.725379 -1.41513
0.167 0.838925 -1.52803
0.168 0.952182 -1.63686
0.169 1.06466 -1.74128
0.17 1.17587 -1.84093
0.171 1.28531 -1.93549
0.172 1.39249 -2.02461
0.173 1.49692 -2.10801
0.174 1.5981 -2.18536
0.175 1.69556 -2.25641
0.176 1.78881 -2.32088
0.177 1.87739 -2.37852
0.178 1.96085 -2.42912
0.179 2.03874 -2.47246
0.18 2.11066 -2.50836
0.181 2.17618 -2.53666
0.182 2.23493 -2.55722
0.183 2.28655 -2.56993
0.184 2.33068 -2.57468
0.185 2.36703 -2.57143
0.186 2.3953 -2.56013
0.187 2.41522 -2.54076
0.188 2.42658 -2.51335
0.189 2.42917 -2.47793
0.19 2.42282 -2.43457
0.191 2.4074 -2.38337
0.192 2.38282 -2.32445
0.193 2.349 -2.25797
0.194 2.30592 -2.1841
0.195 2.25358 -2.10305
0.196 2.19203 -2.01505
0.197 2.12135 -1.92036
0.198 2.04165 -1.81926
0.199 1.95309 -1.71205
0.2 1.85586 -1.59908
0.201 1.75018 -1.48069
0.202 1.63632 -1.35726
0.203 1.51458 -1.22919
0.204 1.38528 -1.09689
0.205 1.24879 -0.960806
0.206 1.1055 -0.821386
0.207 0.955858 -0.679098
0.208 0.800303 -0.534425
0.209 0.639327 -0.387862
0.21 0.473441 -0.239914
0.211 0.303181 -0.0910973
0.212 0.129106 0.0580653
0.213 -0.0482038 0.207045
0.214 -0.22815 0.35531
0.215 -0.410117 0.502325
0.216 -0.593477 0.647555
0.217 -0.777589 0.790466
0.218 -0.961803 0.93053
0.219 -1.14546 1.06722
0.22 -1.3279 1.20003
0.221 -1.50846 1.32843
0.222 -1.68649 1.45195
0.223 -1.86131 1.57009
0.224 -2.03227 1.68239
0.225 -2.19875 1.7884
0.226 -2.36009 1.88768
0.227 -2.51569 1.97982
0.228 -2.66494 2.06443
0.229 -2.80726 2.14114
0.23 -2.94209 2.20962
0.231 -3.0689 2.26954
0.232 -3.18717 2.32062
0.233 -3.29641 2.3626
0.234 -3.39619 2.39524
0.235 -3.48608 2.41836
0.236 -3.5657 2.43178
0.237 -3.6347 2.43537
0.238 -3.69277 2.42904
0.239 -3.73964 2.41271
0.24 -3.77509 2.38636
0.241 -3.79892 2.35
0.242 -3.811 2.30365
0.243 -3.81122 2.24741
0.244 -3.79954 2.18137
0.245 -3.77594 2.10568
0.246 -3.74046 2.02054
0.247 -3.69318 1.92614
0.248 -3.63424 1.82274
0.249 -3.5638 1.71063
0.25 -3.48209 1.59011
0.251 -3.38937 1.46154
0.252 -3.28596 1.32528
0.253 -3.17219 1.18176
0.254 -3.04848 1.0314
0.255 -2.91524 0.874654
0.256 -2.77297 0.712021
0.257 -2.62216 0.544003
0.258 -2.46336 0.371133
0.259 -2.29717 0.193962
0.26 -2.12418 0.0130566
0.261 -1.94505 -0.170997
0.262 -1.76044 -0.3576
0.263 -1.57105 -0.546143
0.264 -1.37759 -0.736004
0.265 -1.18081 -0.926557
0.266 -0.981443 -1.11717
0.267 -0.78027 -1.3072
0.268 -0.578064 -1.49601
0.269 -0.375609 -1.68298
0.27 -0.173695 -1.86746
0.271 0.0268875 -2.04883
0.272 0.22535 -2.22648
0.273 0.420908 -2.3998
0.274 0.612785 -2.56819
0.275 0.800216 -2.73108
0.276 0.982451 -2.88791
0.277 1.15876 -3.03813
0.278 1.32842 -3.18123
0.279 1.49075 -3.3167
0.28 1.64508 -3.44409
0.281 1.79079 -3.56294
0.282 1.92725 -3.67285
0.283 2.05392 -3.77342
0.284 2.17025 -3.8643
0.285 2.27575 -3.94518
0.286 2.36998 -4.01577
0.287 2.45251 -4.07582
0.288 2.52299 -4.12512
0.289 2.5811 -4.1635
0.29 2.62657 -4.19081
0.291 2.65919 -4.20697
0.292 2.67878 -4.21191
0.293 2.68522 -4.20562
0.294 2.67845 -4.18812
0.295 2.65846 -4.15946
0.296 2.6253 -4.11976
0.297 2.57904 -4.06915
0.298 2.51985 -4.0078
0.299 2.44791 -3.93594
0.3 2.36349 -3.85382
0.301 2.26688 -3.76174
0.302 2.15844 -3.66001
0.303 2.03856 -3.549
0.304 1.90771 -3.42911
0.305 1.76638 -3.30076
0.306 1.61511 -3.1644
0.307 1.45447 -3.02052
0.308 1.2851 -2.86962
0.309 1.10765 -2.71226
0.31 0.922832 -2.54897
0.311 0.73136 -2.38035
0.312 0.533998 -2.20698
0.313 0.331533 -2.02948
0.314 0.124775 -1.84848
0.315 -0.0854461 -1.66461
0.316 -0.298281 -1.47852
0.317 -0.512869 -1.29086
0.318 -0.728335 -1.1023
0.319 -0.943799 -0.913488
0.32 -1.15838 -0.725083
0.321 -1.37119 -0.537742
0.322 -1.58134 -0.352114
0.323 -1.78798 -0.168837
0.324 -1.99022 0.0114572
0.325 -2.18723 0.188154
0.326 -2.37817 0.360652
0.327 -2.56222 0.528369
0.328 -2.73862 0.690742
0.329 -2.90658 0.847232
0.33 -3.0654 0.997323
0.331 -3.21437 1.14053
0.332 -3.35283 1.27638
0.333 -3.48017 1.40445
0.334 -3.59581 1.52434
0.335 -3.69923 1.63569
0.336 -3.78993 1.73816
0.337 -3.86749 1.83146
0.338 -3.93152 1.91532
0.339 -3.98169 1.98953
0.34 -4.01772 2.05391
0.341 -4.03939 2.10831
0.342 -4.04654 2.15263
0.343 -4.03907 2.1868
0.344 -4.01693 2.21081
0.345 -3.98012 2.22467
0.346 -3.92871 2.22844
0.347 -3.86285 2.22223
0.348 -3.7827 2.20616
0.349 -3.68853 2.18042
0.35 -3.58062 2.14521
0.351 -3.45934 2.10081
0.352 -3.32511 2.04748
0.353 -3.17838 1.98556
0.354 -3.01968 1.91541
0.355 -2.84957 1.83741
0.356 -2.66867 1.75198
0.357 -2.47764 1.65958
0.358 -2.27718 1.56067
0.359 -2.06804 1.45577
0.36 -1.85099 1.34539
0.361 -1.62685 1.23007
0.362 -1.39647 1.11039
0.363 -1.16072 0.986915
0.364 -0.920489 0.860241
0.365 -0.676701 0.730973
0.366 -0.430287 0.599722
0.367 -0.182194 0.467107
0.368 0.0666221 0.333749
0.369 0.315199 0.200273
0.37 0.562576 0.067299
0.371 0.807791 -0.0645544
0.372 1.04989 -0.194677
0.373 1.28793 -0.322466
0.374 1.52099 -0.447333
0.375 1.74814 -0.568701
0.376 1.96851 -0.686012
0.377 2.18122 -0.798724
0.378 2.38544 -0.90632
0.379 2.58038 -1.0083
0.38 2.76525 -1.1042
0.381 2.93934 -1.19357
0.382 3.10197 -1.276
0.383 3.25248 -1.3511
0.384 3.39029 -1.41853
0.385 3.51486 -1.47797
0.386 3.6257 -1.52913
0.387 3.72237 -1.57177
0.388 3.8045 -1.60569
0.389 3.87176 -1.63071
0.39 3.92391 -1.6467
0.391 3.96074 -1.65358
0.392 3.98212 -1.65129
0.393 3.98798 -1.63982
0.394 3.97831 -1.6192
0.395 3.95316 -1.5895
0.396 3.91265 -1.55083
0.397 3.85697 -1.50334
0.398 3.78636 -1.44722
0.399 3.70112 -1.38269
0.4 3.60163 -1.31002
0.401 3.48831 -1.2295
0.402 3.36164 -1.14148
0.403 3.22217 -1.0463
0.404 3.0705 -0.944379
0.405 2.90725 -0.836139
0.406 2.73314 -0.722036
0.407 2.54891 -0.602552
0.408 2.35533 -0.478196
0.409 2.15323 -0.349496
0.41 1.94348 -0.217
0.411 1.72697 -0.081275
0.412 1.50463 0.0570987
0.413 1.2774 0.197527
0.414 1.04627 0.339406
0.415 0.812221 0.482126
0.416 0.576263 0.62507
0.417 0.339413 0.76762
0.418 0.102693 0.909159
0.419 -0.132872 1.04907
0.42 -0.366261 1.18675
0.421 -0.596457 1.3216
0.422 -0.822456 1.45303
0.423 -1.04327 1.58046
0.424 -1.25793 1.70333
0.425 -1.46548 1.82111
0.426 -1.66501 1.93328
0.427 -1.85564 2.03934
0.428 -2.03649 2.13882
0.429 -2.20677 2.23128
0.43 -2.36571 2.3163
0.431 -2.51256 2.39351
0.432 -2.64665 2.46256
0.433 -2.76737 2.52314
0.434 -2.87413 2.57496
0.435 -2.96642 2.61779
0.436 -3.04378 2.65143
0.437 -3.10582 2.67572
0.438 -3.1522 2.69054
0.439 -3.18266 2.69581
0.44 -3.197 2.6915
0.441 -3.19508 2.6776
0.442 -3.17684 2.65417
0.443 -3.14227 2.6213
0.444 -3.09145 2.57911
0.445 -3.02452 2.52778
0.446 -2.94168 2.46753
0.447 -2.8432 2.3986
0.448 -2.72943 2.32129
0.449 -2.60077 2.23592
0.45 -2.4577 2.14287
0.451 -2.30074 2.04255
0.452 -2.13048 1.93537
0.453 -1.94759 1.82181
0.454 -1.75275 1.70238
0.455 -1.54674 1.57759
0.456 -1.33035 1.44799
0.457 -1.10444 1.31417
0.458 -0.869916 1.17671
0.459 -0.627706 1.03624
0.46 -0.378786 0.893373
0.461 -0.124161 0.748767
0.462 0.135137 0.603073
0.463 0.39805 0.456955
0.464 0.663503 0.311079
0.465 0.930405 0.166117
0.466 1.19765 0.0227379
0.467 1.46414 -0.118392
0.468 1.72875 -0.256613
0.469 1.99039 -0.391274
0.47 2.24795 -0.521737
0.471 2.50035 -0.647378
0.472 2.74651 -0.767592
0.473 2.98539 -0.881793
0.474 3.21596 -0.989418
0.475 3.43722 -1.08993
0.476 3.64823 -1.18282
0.477 3.84805 -1.26761
0.478 4.03581 -1.34386
0.479 4.21067 -1.41114
0.48 4.37185 -1.4691
0.481 4.51861 -1.51738
0.482 4.65028 -1.5557
0.483 4.76624 -1.58379
0.484 4.86593 -1.60145
0.485 4.94887 -1.60851
0.486 5.01463 -1.60485
0.487 5.06285 -1.59038
0.488 5.09325 -1.56508
0.489 5.1056 -1.52897
0.49 5.09977 -1.4821
0.491 5.07569 -1.42458
0.492 5.03336 -1.35658
0.493 4.97286 -1.2783
0.494 4.89435 -1.18998
0.495 4.79804 -1.09192
0.496 4.68425 -0.984462
0.497 4.55334 -0.867987
0.498 4.40576 -0.742918
0.499 4.24201 -0.609719
0.5 4.06268 -0.468895
0.501 3.86842 -0.320984
0.502 3.65992 -0.166561
0.503 3.43796 -0.00623341
0.504 3.20336 0.159361
0.505 2.95701 0.329558
0.506 2.69983 0.503666
0.507 2.43279 0.680972
0.508 2.15693 0.860743
0.509 1.87329 1.04223
0.51 1.58297 1.22467
0.511 1.28711 1.40728
0.512 0.986835 1.58929
0.513 0.683334 1.76991
0.514 0.377793 1.94835
0.515 0.071413 2.12383
0.516 -0.234598 2.29556
0.517 -0.539028 2.46277
0.518 -0.84067 2.6247
0.519 -1.13832 2.7806
0.52 -1.4308 2.92975
0.521 -1.71693 3.07144
0.522 -1.99556 3.20498
0.523 -2.26557 3.32973
0.524 -2.52587 3.44504
0.525 -2.77542 3.55034
0.526 -3.01318 3.64506
0.527 -3.2382 3.72868
0.528 -3.44956 3.80072
0.529 -3.64638 3.86074
0.53 -3.82787 3.90835
0.531 -3.99326 3.9432
0.532 -4.14186 3.96499
0.533 -4.27307 3.97346
0.534 -4.38631 3.96842
0.535 -4.48112 3.94973
0.536 -4.55709 3.91727
0.537 -4.61387 3.87102
0.538 -4.65122 3.81097
0.539 -4.66896 3.73721
0.54 -4.66698 3.64984
0.541 -4.64528 3.54905
0.542 -4.6039 3.43506
0.543 -4.543 3.30815
0.544 -4.46278 3.16865
0.545 -4.36356 3.01696
0.546 -4.24571 2.85349
0.547 -4.10968 2.67875
0.548 -3.956 2.49326
0.549 -3.78528 2.29759
0.55 -3.59819 2.09236
0.551 -3.39547 1.87824
0.552 -3.17793 1.65592
0.553 -2.94644 1.42614
0.554 -2.70193 1.18966
0.555 -2.44538 0.947294
0.556 -2.17783 0.699857
0.557 -1.90037 0.448201
0.558 -1.61411 0.1932
0.559 -1.32024 -0.0642551
0.56 -1.01994 -0.323261
0.561 -0.714459 -0.5829
0.562 -0.405039 -0.842251
0.563 -0.0929577 -1.10038
0.564 0.220495 -1.35637
0.565 0.534021 -1.60929
0.566 0.846317 -1.85822
0.567 1.15608 -2.10225
0.568 1.46202 -2.3405
0.569 1.76285 -2.57208
0.57 2.0573 -2.79614
0.571 2.34414 -3.01184
0.572 2.62213 -3.2184
0.573 2.89011 -3.41502
0.574 3.14691 -3.60099
0.575 3.39144 -3.77559
0.576 3.62263 -3.93816
0.577 3.83947 -4.08809
0.578 4.04101 -4.2248
0.579 4.22636 -4.34778
0.58 4.39469 -4.45654
0.581 4.54522 -4.55066
0.582 4.67726 -4.62977
0.583 4.79018 -4.69356
0.584 4.88345 -4.74178
0.585 4.95658 -4.77421
0.586 5.00919 -4.79073
0.587 5.04096 -4.79124
0.588 5.05167 -4.77574
0.589 5.04118 -4.74426
0.59 5.00943 -4.69691
0.591 4.95644 -4.63383
0.592 4.88234 -4.55526
0.593 4.78731 -4.46148
0.594 4.67164 -4.35282
0.595 4.5357 -4.22968
0.596 4.37994 -4.09251
0.597 4.20489 -3.94182
0.598 4.01115 -3.77816
0.599 3.79941 -3.60215
0.6 3.57044 -3.41444
0.601 3.32505 -3.21574
0.602 3.06416 -3.00679
0.603 2.78872 -2.78837
0.604 2.49976 -2.56132
0.605 2.19836 -2.32649
0.606 1.88565 -2.08477
0.607 1.56281 -1.83707
0.608 1.23108 -1.58435
0.609 0.89171 -1.32756
0.61 0.546003 -1.06768
0.611 0.195286 -0.80571
0.612 -0.159092 -0.542647
0.613 -0.515762 -0.2795
0.614 -0.873344 -0.0172809
0.615 -1.23045 0.243003
0.616 -1.58569 0.50035
0.617 -1.93768 0.753767
0.618 -2.28505 1.00228
0.619 -2.62642 1.24492
0.62 -2.96048 1.48075
0.621 -3.28589 1.70886
0.622 -3.60138 1.92836
0.623 -3.9057 2.13839
0.624 -4.19765 2.33815
0.625 -4.47607 2.52684
0.626 -4.73985 2.70373
0.627 -4.98795 2.86813
0.628 -5.21937 3.01939
0.629 -5.43318 3.15691
0.63 -5.62853 3.28015
0.631 -5.80464 3.38862
0.632 -5.96078 3.48188
0.633 -6.09632 3.55957
0.634 -6.21071 3.62136
0.635 -6.30349 3.667
0.636 -6.37425 3.6963
0.637 -6.42271 3.70913
0.638 -6.44864 3.70543
0.639 -6.45194 3.68518
0.64 -6.43255 3.64846
0.641 -6.39055 3.59539
0.642 -6.32607 3.52615
0.643 -6.23935 3.44101
0.644 -6.13072 3.34026
0.645 -6.00057 3.22429
0.646 -5.84942 3.09352
0.647 -5.67783 2.94845
0.648 -5.48648 2.78963
0.649 -5.27609 2.61764
0.65 -5.0475 2.43315
0.651 -4.80158 2.23684
0.652 -4.53929 2.02947
0.653 -4.26167 1.81182
0.654 -3.9698 1.58472
0.655 -3.66482 1.34904
0.656 -3.34793 1.10567
0.657 -3.02037 0.855545
0.658 -2.68344 0.599617
0.659 -2.33846 0.338864
0.66 -1.98678 0.074283
0.661 -1.62981 -0.193114
0.662 -1.26894 -0.462304
0.663 -0.90561 -0.732257
0.664 -0.541243 -1.00194
0.665 -0.177286 -1.27032
0.666 0.184822 -1.53637
0.667 0.543649 -1.79907
0.668 0.897772 -2.05742
0.669 1.24579 -2.31043
0.67 1.58633 -2.55712
0.671 1.91803 -2.79656
0.672 2.23958 -3.02783
0.673 2.54972 -3.25005
0.674 2.8472 -3.46237
0.675 3.13086 -3.66397
0.676 3.39957 -3.8541
0.677 3.65227 -4.03202
0.678 3.88795 -4.19706
0.679 4.10568 -4.34859
0.68 4.30462 -4.48604
0.681 4.48396 -4.6089
0.682 4.64302 -4.71669
0.683 4.78116 -4.80902
0.684 4.89784 -4.88554
0.685 4.99262 -4.94597
0.686 5.06512 -4.99009
0.687 5.11508 -5.01774
0.688 5.14231 -5.02884
0.689 5.14671 -5.02334
0.69 5.1283 -5.0013
0.691 5.08715 -4.9628
0.692 5.02346 -4.90802
0.693 4.93751 -4.83717
0.694 4.82965 -4.75055
0.695 4.70035 -4.6485
0.696 4.55014 -4.53144
0.697 4.37966 -4.39983
0.698 4.18962 -4.25419
0.699 3.9808 -4.0951
0.7 3.75407 -3.92318
0.701 3.51038 -3.7391
0.702 3.25073 -3.5436
0.703 2.97619 -3.33744
0.704 2.68791 -3.12141
0.705 2.38707 -2.89636
0.706 2.07492 -2.66317
0.707 1.75275 -2.42273
0.708 1.4219 -2.17598
0.709 1.08372 -1.92388
0.71 0.739622 -1.66739
0.711 0.391029 -1.4075
0.712 0.0393835 -1.14521
0.713 -0.313856 -0.881522
0.714 -0.667227 -0.617441
0.715 -1.01926 -0.353974
0.716 -1.3685 -0.0921211
0.717 -1.71348 0.167127
0.718 -2.05278 0.422792
0.719 -2.38498 0.673915
0.72 -2.70869 0.919554
0.721 -3.02257 1.1588
0.722 -3.32529 1.39075
0.723 -3.61559 1.61457
0.724 -3.89225 1.82944
0.725 -4.1541 2.03456
0.726 -4.40003 2.2292
0.727 -4.62901 2.41268
0.728 -4.84005 2.58433
0.729 -5.03225 2.74357
0.73 -5.2048 2.88984
0.731 -5.35692 3.02266
0.732 -5.48797 3.14159
0.733 -5.59736 3.24626
0.734 -5.6846 3.33634
0.735 -5.74927 3.41158
0.736 -5.79108 3.47178
0.737 -5.80979 3.51681
0.738 -5.80528 3.5466
0.739 -5.77752 3.56114
0.74 -5.72657 3.56048
0.741 -5.65258 3.54474
0.742 -5.5558 3.5141
0.743 -5.43658 3.4688
0.744 -5.29534 3.40913
0.745 -5.13261 3.33546
0.746 -4.949 3.2482
0.747 -4.7452 3.14781
0.748 -4.52199 3.03483
0.749 -4.28023 2.90983
0.75 -4.02085 2.77343
0.751 -3.74485 2.62629
0.752 -3.45331 2.46914
0.753 -3.14737 2.30271
0.754 -2.82821 2.12781
0.755 -2.49709 1.94525
0.756 -2.15531 1.75589
0.757 -1.80422 1.5606
0.758 -1.44519 1.36029
0.759 -1.07964 1.15588
0.76 -0.709024 0.948298
0.761 -0.334794 0.738502
0.762 0.041566 0.527443
0.763 0.418564 0.316082
0.764 0.794708 0.105375
0.765 1.1685 -0.103724
0.766 1.53847 -0.310268
0.767 1.90314 -0.513326
0.768 2.26106 -0.711981
0.769 2.61082 -0.905337
0.77 2.95102 -1.09252
0.771 3.28031 -1.27269
0.772 3.59738 -1.44502
0.773 3.90098 -1.60875
0.774 4.1899 -1.76313
0.775 4.46299 -1.90745
0.776 4.71916 -2.04106
0.777 4.95741 -2.16335
0.778 5.17679 -2.27375
0.779 5.37644 -2.37176
0.78 5.55555 -2.45692
0.781 5.71344 -2.52883
0.782 5.84948 -2.58714
0.783 5.96313 -2.63156
0.784 6.05397 -2.66187
0.785 6.12164 -2.67791
0.786 6.16589 -2.67956
0.787 6.18656 -2.66678
0.788 6.18358 -2.6396
0.789 6.157 -2.5981
0.79 6.10693 -2.54241
0.791 6.0336 -2.47274
0.792 5.93733 -2.38936
0.793 5.81853 -2.29258
0.794 5.67771 -2.1828
0.795 5.51546 -2.06044
0.796 5.33247 -1.926
0.797 5.12948 -1.78001
0.798 4.90736 -1.62309
0.799 4.66704 -1.45586
0.8 4.4095 -1.27902
0.801 4.13582 -1.09328
0.802 3.84714 -0.899435
0.803 3.54465 -0.698271
0.804 3.22962 -0.49063
0.805 2.90334 -0.277378
0.806 2.56718 -0.0594067
0.807 2.22252 0.162371
0.808 1.8708 0.387022
0.809 1.51347 0.613602
0.81 1.15202 0.841154
0.811 0.787948 1.06872
0.812 0.422762 1.29532
0.813 0.0579808 1.52002
0.814 -0.30488 1.74183
0.815 -0.664312 1.95983
0.816 -1.01882 2.17307
0.817 -1.36693 2.38065
0.818 -1.70718 2.58166
0.819 -2.03817 2.77524
0.82 -2.35851 2.96056
0.821 -2.66686 3.13679
0.822 -2.96192 3.30318
0.823 -3.24247 3.459
0.824 -3.50733 3.60355
0.825 -3.75537 3.73619
0.826 -3.98556 3.85633
0.827 -4.19692 3.96342
0.828 -4.38855 4.05697
0.829 -4.55964 4.13655
0.83 -4.70945 4.20178
0.831 -4.83735 4.25234
0.832 -4.94276 4.28796
0.833 -5.02523 4.30846
0.834 -5.08438 4.31369
0.835 -5.11995 4.30359
0.836 -5.13175 4.27814
0.837 -5.1197 4.2374
0.838 -5.08382 4.1815
0.839 -5.02423 4.11061
0.84 -4.94113 4.02497
0.841 -4.83484 3.9249
0.842 -4.70575 3.81076
0.843 -4.55438 3.68298
0.844 -4.38131 3.54205
0.845 -4.18723 3.38849
0.846 -3.97289 3.22292
0.847 -3.73917 3.04596
0.848 -3.48698 2.85833
0.849 -3.21734 2.66075
0.85 -2.93134 2.45401
0.851 -2.63012 2.23893
0.852 -2.31491 2.01637
0.853 -1.98698 1.78723
0.854 -1.64765 1.55242
0.855 -1.29832 1.31291
0.856 -0.940399 1.06964
0.857 -0.575348 0.82362
0.858 -0.204658 0.575844
0.859 0.170152 0.327326
0.86 0.547548 0.0790831
0.861 0.925979 -0.167865
0.862 1.30389 -0.412503
0.863 1.67972 -0.653819
0.864 2.05193 -0.890815
0.865 2.41896 -1.12251
0.866 2.77931 -1.34793
0.867 3.13147 -1.56615
0.868 3.47399 -1.77623
0.869 3.80542 -1.97732
0.87 4.12439 -2.16854
0.871 4.42955 -2.3491
0.872 4.71963 -2.51822
0.873 4.99339 -2.67518
0.874 5.24967 -2.81931
0.875 5.48738 -2.94997
0.876 5.7055 -3.0666
0.877 5.90309 -3.16868
0.878 6.07928 -3.25576
0.879 6.23331 -3.32743
0.88 6.36447 -3.38337
0.881 6.47219 -3.42329
0.882 6.55594 -3.447
0.883 6.61533 -3.45435
0.884 6.65004 -3.44528
0.885 6.65987 -3.41977
0.886 6.6447 -3.37788
0.887 6.60453 -3.31974
0.888 6.53944 -3.24556
0.889 6.44962 -3.15558
0.89 6.33536 -3.05014
0.891 6.19706 -2.92962
0.892 6.0352 -2.79449
0.893 5.85036 -2.64526
0.894 5.64322 -2.4825
0.895 5.41454 -2.30684
0.896 5.16517 -2.11898
0.897 4.89605 -1.91965
0.898 4.60821 -1.70964
0.899 4.30273 -1.48978
0.9 3.98077 -1.26095
0.901 3.64359 -1.02407
0.902 3.29246 -0.7801
0.903 2.92875 -0.530015
0.904 2.55386 -0.274832
0.905 2.16925 -0.0155913
0.906 1.7764 0.24665
0.907 1.37685 0.510816
0.908 0.97215 0.775821
0.909 0.563885 1.04057
0.91 0.153648 1.30397
0.911 -0.256957 1.56491
0.912 -0.66632 1.82232
0.913 -1.07284 2.07511
0.914 -1.47491 2.32222
0.915 -1.87097 2.56259
0.916 -2.25945 2.79521
0.917 -2.63883 3.01908
0.918 -3.00761 3.23323
0.919 -3.36434 3.43673
0.92 -3.70762 3.62869
0.921 -4.0361 3.80826
0.922 -4.34847 3.97465
0.923 -4.64352 4.12709
0.924 -4.92008 4.26488
0.925 -5.17705 4.38739
0.926 -5.41344 4.49402
0.927 -5.6283 4.58424
0.928 -5.8208 4.6576
0.929 -5.99017 4.7137
0.93 -6.13576 4.7522
0.931 -6.25699 4.77284
0.932 -6.35339 4.77542
0.933 -6.4246 4.75983
0.934 -6.47034 4.72601
0.935 -6.49044 4.67397
0.936 -6.48482 4.60381
0.937 -6.45354 4.51569
0.938 -6.39672 4.40985
0.939 -6.31461 4.28657
0.94 -6.20755 4.14624
0.941 -6.07599 3.98929
0.942 -5.92045 3.81623
0.943 -5.74159 3.62763
0.944 -5.54013 3.42412
0.945 -5.3169 3.20638
0.946 -5.0728 2.97517
0.947 -4.80884 2.7313
0.948 -4.52608 2.47561
0.949 -4.22568 2.209
0.95 -3.90886 1.93243
0.951 -3.5769 1.64689
0.952 -3.23117 1.35339
0.953 -2.87307 1.05299
0.954 -2.50404 0.746793
0.955 -2.1256 0.4359
0.956 -1.73929 0.121447
0.957 -1.34668 -0.195415
0.958 -0.949362 -0.513526
0.959 -0.548961 -0.831717
0.96 -0.147108 -1.14882
0.961 0.254558 -1.46365
0.962 0.654397 -1.77506
0.963 1.05078 -2.0819
0.964 1.44208 -2.38302
0.965 1.82671 -2.67731
0.966 2.20308 -2.96367
0.967 2.56966 -3.24105
0.968 2.92494 -3.5084
0.969 3.26747 -3.76475
0.97 3.59583 -4.00912
0.971 3.90868 -4.24062
0.972 4.20472 -4.45839
0.973 4.48272 -4.66161
0.974 4.74154 -4.84952
0.975 4.98011 -5.02144
0.976 5.19742 -5.17673
0.977 5.39256 -5.31481
0.978 5.56472 -5.43517
0.979 5.71316 -5.53739
0.98 5.83725 -5.62107
0.981 5.93645 -5.68593
0.982 6.01032 -5.73173
0.983 6.05853 -5.75832
0.984 6.08084 -5.76561
0.985 6.07712 -5.7536
0.986 6.04735 -5.72235
0.987 5.9916 -5.67201
0.988 5.91007 -5.60277
0.989 5.80303 -5.51493
0.99 5.67087 -5.40884
0.991 5.51409 -5.28493
0.992 5.33328 -5.14369
0.993 5.12912 -4.98568
0.994 4.90239 -4.81153
0.995 4.65397 -4.62192
0.996 4.3848 -4.41759
0.997 4.09595 -4.19935
0.998 3.78852 -3.96805
0.999 3.46372 -3.7246
1 3.1228 -3.46994
