0.001 3.43221e-008 2.48437e-009
0.002 3.12306e-007 1.9959e-008
0.003 1.47143e-006 8.28663e-008
0.004 4.87163e-006 2.43346e-007
0.005 1.2886e-005 5.77774e-007
0.006 2.91816e-005 1.19101e-006
0.007 5.89876e-005 2.22283e-006
0.008 0.000109348 3.85687e-006
0.009 0.000189359 6.33268e-006
0.01 0.000310381 9.96095e-006
0.011 0.000486238 1.51425e-005
0.012 0.000733384 2.23913e-005
0.013 0.00107105 3.23611e-005
0.014 0.00152136 4.58774e-005
0.015 0.00210943 6.39728e-005
0.016 0.0028634 8.79274e-005
0.017 0.00381449 0.000119314
0.018 0.00499699 0.000160047
0.019 0.00644821 0.000212437
0.02 0.00820843 0.000279247
0.021 0.0103208 0.000363756
0.022 0.0128311 0.000469825
0.023 0.0157879 0.000601965
0.024 0.0192418 0.000765406
0.025 0.0232457 0.000966179
0.026 0.0278545 0.00121118
0.027 0.0331244 0.00150827
0.028 0.0391129 0.00186632
0.029 0.0458786 0.00229532
0.03 0.0534804 0.00280645
0.031 0.0619775 0.00341213
0.032 0.0714287 0.00412613
0.033 0.0818921 0.00496363
0.034 0.0934249 0.00594128
0.035 0.106082 0.00707726
0.036 0.119918 0.00839136
0.037 0.134981 0.009905
0.038 0.151322 0.0116413
0.039 0.168983 0.0136251
0.04 0.188004 0.015883
0.041 0.208422 0.0184433
0.042 0.230267 0.0213361
0.043 0.253564 0.0245935
0.044 0.278333 0.0282489
0.045 0.304588 0.0323379
0.046 0.332334 0.0368973
0.047 0.361571 0.041966
0.048 0.392292 0.0475841
0.049 0.424481 0.0537933
0.05 0.458114 0.0606367
0.051 0.49316 0.0681584
0.052 0.529578 0.0764041
0.053 0.56732 0.0854199
0.054 0.606328 0.0952531
0.055 0.646536 0.105952
0.056 0.687869 0.117563
0.057 0.730242 0.130137
0.058 0.773564 0.143721
0.059 0.817732 0.158363
0.06 0.862636 0.174111
0.061 0.908159 0.191013
0.062 0.954175 0.209113
0.063 1.00055 0.228457
0.064 1.04714 0.249088
0.065 1.0938 0.271046
0.066 1.14037 0.29437
0.067 1.1867 0.319097
0.068 1.23262 0.34526
0.069 1.27795 0.372888
0.07 1.32253 0.40201
0.071 1.36617 0.432646
0.072 1.4087 0.464817
0.073 1.44992 0.498535
0.074 1.48967 0.533811
0.075 1.52774 0.570647
0.076 1.56397 0.609043
0.077 1.59817 0.648992
0.078 1.63015 0.69048
0.079 1.65975 0.733487
0.08 1.68678 0.777988
0.081 1.71108 0.82395
0.082 1.73249 0.871333
0.083 1.75086 0.920091
0.084 1.76604 0.970168
0.085 1.77788 1.0215
0.086 1.78626 1.07403
0.087 1.79107 1.12766
0.088 1.79219 1.18232
0.089 1.78952 1.23792
0.09 1.78299 1.29435
0.091 1.77253 1.35151
0.092 1.75807 1.40928
0.093 1.73958 1.46753
0.094 1.71704 1.52615
0.095 1.69042 1.58498
0.096 1.65975 1.6439
0.097 1.62503 1.70273
0.098 1.58631 1.76134
0.099 1.54364 1.81955
0.1 1.4971 1.87719
0.101 1.44678 1.9341
0.102 1.39278 1.99009
0.103 1.33523 2.04498
0.104 1.27426 2.09858
0.105 1.21005 2.15071
0.106 1.14276 2.20117
0.107 1.07258 2.24977
0.108 0.999721 2.29631
0.109 0.924401 2.34059
0.11 0.846857 2.38242
0.111 0.767338 2.4216
0.112 0.686106 2.45794
0.113 0.603434 2.49125
0.114 0.519608 2.52134
0.115 0.434922 2.54802
0.116 0.349682 2.57112
0.117 0.264199 2.59045
0.118 0.178791 2.60586
0.119 0.0937838 2.61717
0.12 0.00950491 2.62424
0.121 -0.0737142 2.62692
0.122 -0.15554 2.62508
0.123 -0.235641 2.61858
0.124 -0.313684 2.60732
0.125 -0.38934 2.59119
0.126 -0.462285 2.57011
0.127 -0.532199 2.54399
0.128 -0.598769 2.51277
0.129 -0.661692 2.4764
0.13 -0.720674 2.43485
0.131 -0.775433 2.38809
0.132 -0.825698 2.33613
0.133 -0.871214 2.27897
0.134 -0.91174 2.21665
0.135 -0.947054 2.1492
0.136 -0.976948 2.0767
0.137 -1.00124 1.99923
0.138 -1.01975 1.91687
0.139 -1.03235 1.82975
0.14 -1.03891 1.738
0.141 -1.03933 1.64178
0.142 -1.03353 1.54124
0.143 -1.02147 1.43657
0.144 -1.00311 1.32798
0.145 -0.978452 1.21569
0.146 -0.947527 1.09992
0.147 -0.910384 0.980939
0.148 -0.8671 0.859002
0.149 -0.817782 0.734393
0.15 -0.76256 0.607407
0.151 -0.701593 0.478351
0.152 -0.635066 0.347545
0.153 -0.563187 0.215322
0.154 -0.486194 0.082024
0.155 -0.404347 -0.051997
0.156 -0.317929 -0.18638
0.157 -0.227249 -0.320757
0.158 -0.132637 -0.454753
0.159 -0.0344441 -0.587989
0.16 0.0669583 -0.720081
0.161 0.17118 -0.850642
0.162 0.277813 -0.979284
0.163 0.386433 -1.10562
0.164 0.496602 -1.22926
0.165 0.607868 -1.34983
0.166 0.719769 -1.46694
0.167 0.831833 -1.58022
0.168 0.943579 -1.68929
0.169 1.05452 -1.79381
0.17 1.16417 -1.89343
0.171 1.27204 -1.98779
0.172 1.37763 -2.07659
0.173 1.48045 -2.15949
0.174 1.58002 -2.23621
0.175 1.67586 -2.30647
0.176 1.7675 -2.37
0.177 1.85448 -2.42656
0.178 1.93634 -2.47591
0.179 2.01266 -2.51786
0.18 2.08302 -2.55222
0.181 2.14701 -2.57884
0.182 2.20426 -2.59758
0.183 2.25441 -2.60832
0.184 2.29711 -2.61098
0.185 2.33207 -2.6055
0.186 2.359 -2.59185
0.187 2.37765 -2.57002
0.188 2.38778 -2.54003
0.189 2.38921 -2.50193
0.19 2.38177 -2.45579
0.191 2.36534 -2.40173
0.192 2.33981 -2.33987
0.193 2.30513 -2.27036
0.194 2.26127 -2.19341
0.195 2.20825 -2.10923
0.196 2.14611 -2.01805
0.197 2.07493 -1.92015
0.198 1.99483 -1.81581
0.199 1.90597 -1.70536
0.2 1.80855 -1.58914
0.201 1.70279 -1.46751
0.202 1.58895 -1.34087
0.203 1.46734 -1.20962
0.204 1.33829 -1.07419
0.205 1.20216 -0.935025
0.206 1.05936 -0.792593
0.207 0.910303 -0.647372
0.208 0.755456 -0.499857
0.209 0.5953 -0.350553
0.21 0.430349 -0.199978
0.211 0.261136 -0.0486569
0.212 0.0882198 0.102876
0.213 -0.0878219 0.254082
0.214 -0.266393 0.404419
0.215 -0.446881 0.553342
0.216 -0.628661 0.700308
0.217 -0.811095 0.844775
0.218 -0.993536 0.986205
0.219 -1.17533 1.12407
0.22 -1.35583 1.25784
0.221 -1.53436 1.387
0.222 -1.71028 1.51106
0.223 -1.88293 1.62953
0.224 -2.05167 1.74193
0.225 -2.21585 1.8478
0.226 -2.37485 1.94672
0.227 -2.52807 2.03827
0.228 -2.6749 2.12206
0.229 -2.81477 2.19772
0.23 -2.94713 2.2649
0.231 -3.07145 2.3233
0.232 -3.18723 2.37263
0.233 -3.29398 2.41262
0.234 -3.39128 2.44307
0.235 -3.47871 2.46377
0.236 -3.5559 2.47456
0.237 -3.62249 2.47531
0.238 -3.67821 2.46594
0.239 -3.72277 2.44639
0.24 -3.75597 2.41663
0.241 -3.77763 2.37669
0.242 -3.7876 2.3266
0.243 -3.78581 2.26646
0.244 -3.77219 2.19638
0.245 -3.74676 2.11654
0.246 -3.70955 2.02711
0.247 -3.66065 1.92833
0.248 -3.60021 1.82047
0.249 -3.5284 1.70381
0.25 -3.44544 1.57869
0.251 -3.35161 1.44547
0.252 -3.24723 1.30455
0.253 -3.13264 1.15633
0.254 -3.00824 1.00128
0.255 -2.87449 0.839877
0.256 -2.73184 0.672611
0.257 -2.58082 0.500013
0.258 -2.42198 0.32263
0.259 -2.25589 0.141028
0.26 -2.08317 -0.0442086
0.261 -1.90448 -0.232479
0.262 -1.72046 -0.423169
0.263 -1.53183 -0.615652
0.264 -1.33929 -0.809294
0.265 -1.14358 -1.00345
0.266 -0.945449 -1.19748
0.267 -0.745659 -1.39073
0.268 -0.544984 -1.58254
0.269 -0.344204 -1.77228
0.27 -0.144103 -1.9593
0.271 0.0545327 -2.14295
0.272 0.250921 -2.32263
0.273 0.444285 -2.4977
0.274 0.633854 -2.66757
0.275 0.818873 -2.83166
0.276 0.998597 -2.98939
0.277 1.1723 -3.14022
0.278 1.33928 -3.28362
0.279 1.49886 -3.4191
0.28 1.65038 -3.54618
0.281 1.79322 -3.66442
0.282 1.92679 -3.77339
0.283 2.05052 -3.87273
0.284 2.16389 -3.96207
0.285 2.26643 -4.0411
0.286 2.35769 -4.10954
0.287 2.43728 -4.16714
0.288 2.50484 -4.2137
0.289 2.56006 -4.24906
0.29 2.60269 -4.27307
0.291 2.63253 -4.28567
0.292 2.6494 -4.28678
0.293 2.65321 -4.27642
0.294 2.6439 -4.25461
0.295 2.62147 -4.22142
0.296 2.58598 -4.17697
0.297 2.53751 -4.12142
0.298 2.47624 -4.05495
0.299 2.40237 -3.97781
0.3 2.31615 -3.89025
0.301 2.21791 -3.79259
0.302 2.108 -3.68518
0.303 1.98683 -3.56838
0.304 1.85486 -3.44262
0.305 1.71259 -3.30833
0.306 1.56057 -3.16599
0.307 1.39938 -3.01611
0.308 1.22965 -2.8592
0.309 1.05205 -2.69583
0.31 0.867273 -2.52658
0.311 0.676052 -2.35203
0.312 0.479147 -2.17281
0.313 0.277344 -1.98954
0.314 0.0714527 -1.80287
0.315 -0.137697 -1.61346
0.316 -0.349259 -1.42197
0.317 -0.562374 -1.22906
0.318 -0.776173 -1.03543
0.319 -0.989779 -0.841725
0.32 -1.20231 -0.648637
0.321 -1.4129 -0.456829
0.322 -1.62066 -0.266966
0.323 -1.82473 -0.079699
0.324 -2.02425 0.10433
0.325 -2.21838 0.284493
0.326 -2.40631 0.46018
0.327 -2.58723 0.6308
0.328 -2.76036 0.795781
0.329 -2.92495 0.954576
0.33 -3.0803 1.10666
0.331 -3.22571 1.25155
0.332 -3.36054 1.38877
0.333 -3.48419 1.51789
0.334 -3.5961 1.63851
0.335 -3.69574 1.75026
0.336 -3.78264 1.85281
0.337 -3.8564 1.94587
0.338 -3.91662 2.02918
0.339 -3.96301 2.10252
0.34 -3.99529 2.16572
0.341 -4.01325 2.21864
0.342 -4.01676 2.26119
0.343 -4.00571 2.29331
0.344 -3.98008 2.31498
0.345 -3.93988 2.32624
0.346 -3.88519 2.32715
0.347 -3.81616 2.31783
0.348 -3.73299 2.29842
0.349 -3.63594 2.26912
0.35 -3.5253 2.23016
0.351 -3.40147 2.1818
0.352 -3.26485 2.12435
0.353 -3.11592 2.05815
0.354 -2.9552 1.98357
0.355 -2.78329 1.90102
0.356 -2.60078 1.81094
0.357 -2.40836 1.71379
0.358 -2.20673 1.61006
0.359 -1.99663 1.50028
0.36 -1.77886 1.38499
0.361 -1.55422 1.26474
0.362 -1.32356 1.14012
0.363 -1.08776 1.01172
0.364 -0.847716 0.880164
0.365 -0.604338 0.746059
0.366 -0.35856 0.610038
0.367 -0.111325 0.472736
0.368 0.136414 0.334792
0.369 0.383701 0.196843
0.37 0.629579 0.0595273
0.371 0.873095 -0.0765242
0.372 1.1133 -0.210687
0.373 1.34926 -0.342347
0.374 1.58006 -0.470901
0.375 1.80479 -0.595763
0.376 2.02258 -0.716363
0.377 2.23256 -0.832152
0.378 2.43393 -0.942601
0.379 2.62588 -1.04721
0.38 2.80767 -1.14549
0.381 2.97857 -1.23701
0.382 3.13793 -1.32134
0.383 3.28511 -1.39809
0.384 3.41953 -1.46692
0.385 3.54067 -1.52749
0.386 3.64806 -1.57954
0.387 3.74127 -1.62282
0.388 3.81995 -1.65712
0.389 3.88378 -1.68227
0.39 3.93253 -1.69814
0.391 3.96602 -1.70466
0.392 3.98412 -1.70178
0.393 3.98678 -1.68948
0.394 3.974 -1.66781
0.395 3.94586 -1.63685
0.396 3.90248 -1.59672
0.397 3.84406 -1.54756
0.398 3.77085 -1.48959
0.399 3.68319 -1.42304
0.4 3.58143 -1.34818
0.401 3.46603 -1.26532
0.402 3.33747 -1.17481
0.403 3.1963 -1.07703
0.404 3.04313 -0.972393
0.405 2.87862 -0.861336
0.406 2.70345 -0.744332
0.407 2.51838 -0.621878
0.408 2.3242 -0.494494
0.409 2.12173 -0.362723
0.41 1.91184 -0.22713
0.411 1.69543 -0.0882927
0.412 1.47342 0.053192
0.413 1.24677 0.196717
0.414 1.01644 0.341665
0.415 0.783419 0.487413
0.416 0.548718 0.63333
0.417 0.313345 0.778787
0.418 0.0783162 0.923155
0.419 -0.155351 1.06581
0.42 -0.386642 1.20613
0.421 -0.614551 1.3435
0.422 -0.838083 1.47733
0.423 -1.05626 1.60704
0.424 -1.26813 1.73205
0.425 -1.47274 1.85183
0.426 -1.66921 1.96584
0.427 -1.85664 2.07358
0.428 -2.03421 2.17458
0.429 -2.20112 2.2684
0.43 -2.3566 2.35461
0.431 -2.49995 2.43284
0.432 -2.6305 2.50274
0.433 -2.74765 2.56398
0.434 -2.85084 2.6163
0.435 -2.93957 2.65947
0.436 -3.0134 2.69327
0.437 -3.07196 2.71755
0.438 -3.11493 2.73221
0.439 -3.14205 2.73715
0.44 -3.15315 2.73236
0.441 -3.14811 2.71784
0.442 -3.12688 2.69366
0.443 -3.08947 2.65989
0.444 -3.03597 2.61669
0.445 -2.96653 2.56424
0.446 -2.88138 2.50275
0.447 -2.7808 2.43249
0.448 -2.66514 2.35377
0.449 -2.53483 2.26692
0.45 -2.39034 2.17233
0.451 -2.23222 2.0704
0.452 -2.06107 1.96158
0.453 -1.87754 1.84636
0.454 -1.68235 1.72523
0.455 -1.47626 1.59875
0.456 -1.26009 1.46747
0.457 -1.03468 1.33197
0.458 -0.800952 1.19287
0.459 -0.559831 1.05079
0.46 -0.312293 0.906368
0.461 -0.0593418 0.760266
0.462 0.197993 0.613145
0.463 0.458659 0.465678
0.464 0.721584 0.318542
0.465 0.985685 0.172416
0.466 1.24987 0.0279755
0.467 1.51303 -0.114104
0.468 1.77408 -0.253158
0.469 2.03191 -0.388529
0.47 2.28544 -0.519575
0.471 2.53361 -0.645668
0.472 2.77534 -0.766198
0.473 3.00961 -0.880578
0.474 3.23541 -0.988245
0.475 3.45176 -1.08866
0.476 3.65772 -1.18131
0.477 3.85239 -1.26573
0.478 4.03491 -1.34147
0.479 4.20447 -1.40811
0.48 4.36029 -1.46529
0.481 4.50167 -1.51268
0.482 4.62795 -1.54999
0.483 4.73854 -1.57696
0.484 4.8329 -1.5934
0.485 4.91056 -1.59914
0.486 4.97113 -1.59406
0.487 5.01425 -1.57811
0.488 5.03968 -1.55126
0.489 5.04721 -1.51353
0.49 5.03672 -1.465
0.491 5.00817 -1.4058
0.492 4.96157 -1.33609
0.493 4.89703 -1.25609
0.494 4.81472 -1.16606
0.495 4.71487 -1.06631
0.496 4.59782 -0.957199
0.497 4.46394 -0.839112
0.498 4.31369 -0.712493
0.499 4.14759 -0.57782
0.5 3.96625 -0.435609
0.501 3.77031 -0.286413
0.502 3.56049 -0.130822
0.503 3.33758 0.0305439
0.504 3.10239 0.197035
0.505 2.85581 0.367973
0.506 2.59878 0.542655
0.507 2.33228 0.720357
0.508 2.05733 0.900334
0.509 1.77499 1.08183
0.51 1.48634 1.26406
0.511 1.19251 1.44626
0.512 0.894644 1.62762
0.513 0.593909 1.80736
0.514 0.291484 1.98468
0.515 -0.011439 2.15879
0.516 -0.313663 2.32891
0.517 -0.613991 2.49426
0.518 -0.911229 2.65407
0.519 -1.20419 2.80761
0.52 -1.49171 2.95414
0.521 -1.77263 3.09296
0.522 -2.04582 3.22338
0.523 -2.31018 3.34476
0.524 -2.56465 3.45647
0.525 -2.80819 3.55793
0.526 -3.03981 3.64859
0.527 -3.25857 3.72793
0.528 -3.46357 3.79549
0.529 -3.65397 3.85083
0.53 -3.82899 3.89358
0.531 -3.9879 3.92339
0.532 -4.13005 3.93999
0.533 -4.25483 3.94314
0.534 -4.36173 3.93265
0.535 -4.45027 3.90839
0.536 -4.5201 3.87029
0.537 -4.57089 3.81831
0.538 -4.60243 3.7525
0.539 -4.61455 3.67293
0.54 -4.60718 3.57976
0.541 -4.58034 3.47316
0.542 -4.5341 3.3534
0.543 -4.46862 3.22077
0.544 -4.38416 3.07563
0.545 -4.28103 2.91839
0.546 -4.15962 2.7495
0.547 -4.02042 2.56947
0.548 -3.86397 2.37886
0.549 -3.69088 2.17825
0.55 -3.50184 1.9683
0.551 -3.29761 1.74967
0.552 -3.07901 1.5231
0.553 -2.84692 1.28933
0.554 -2.60226 1.04915
0.555 -2.34604 0.803379
0.556 -2.07929 0.552864
0.557 -1.8031 0.298471
0.558 -1.5186 0.0410859
0.559 -1.22694 -0.218385
0.56 -0.929336 -0.479025
0.561 -0.627001 -0.739905
0.562 -0.321185 -1.00009
0.563 -0.013154 -1.25865
0.564 0.295816 -1.51463
0.565 0.604438 -1.76712
0.566 0.911426 -2.01519
0.567 1.2155 -2.25792
0.568 1.51537 -2.49443
0.569 1.80978 -2.72383
0.57 2.09749 -2.94527
0.571 2.37728 -3.15793
0.572 2.64795 -3.361
0.573 2.90834 -3.55372
0.574 3.15733 -3.73536
0.575 3.39385 -3.90522
0.576 3.61686 -4.06267
0.577 3.82539 -4.20709
0.578 4.01851 -4.33792
0.579 4.19536 -4.45466
0.58 4.35513 -4.55685
0.581 4.4971 -4.64408
0.582 4.6206 -4.716
0.583 4.72504 -4.77233
0.584 4.80991 -4.81282
0.585 4.87476 -4.8373
0.586 4.91924 -4.84565
0.587 4.94307 -4.83783
0.588 4.94606 -4.81383
0.589 4.92809 -4.77373
0.59 4.88913 -4.71765
0.591 4.82926 -4.64578
0.592 4.7486 -4.55837
0.593 4.64738 -4.45574
0.594 4.52592 -4.33825
0.595 4.38459 -4.20632
0.596 4.22389 -4.06045
0.597 4.04435 -3.90116
0.598 3.84662 -3.72904
0.599 3.63138 -3.54473
0.6 3.39942 -3.34893
0.601 3.15159 -3.14235
0.602 2.8888 -2.92578
0.603 2.61201 -2.70002
0.604 2.32227 -2.46594
0.605 2.02066 -2.22441
0.606 1.70832 -1.97635
0.607 1.38643 -1.72269
0.608 1.05623 -1.46441
0.609 0.718967 -1.20249
0.61 0.375941 -0.937928
0.611 0.0284717 -0.671732
0.612 -0.3221 -0.404924
0.613 -0.674416 -0.138528
0.614 -1.02711 0.126435
0.615 -1.37881 0.388942
0.616 -1.72814 0.647984
0.617 -2.07373 0.90256
0.618 -2.41424 1.15168
0.619 -2.74833 1.39439
0.62 -3.07467 1.62975
0.621 -3.39198 1.85682
0.622 -3.69902 2.07475
0.623 -3.99455 2.28266
0.624 -4.27741 2.47976
0.625 -4.54648 2.66527
0.626 -4.80067 2.83845
0.627 -5.03898 2.99863
0.628 -5.26045 3.14518
0.629 -5.46418 3.2775
0.63 -5.64936 3.39509
0.631 -5.81524 3.49746
0.632 -5.96114 3.5842
0.633 -6.08646 3.65496
0.634 -6.19069 3.70944
0.635 -6.2734 3.74743
0.636 -6.33423 3.76875
0.637 -6.37292 3.7733
0.638 -6.3893 3.76104
0.639 -6.38328 3.732
0.64 -6.35485 3.68628
0.641 -6.30412 3.62402
0.642 -6.23126 3.54546
0.643 -6.13653 3.45088
0.644 -6.02029 3.34061
0.645 -5.88297 3.21508
0.646 -5.72511 3.07474
0.647 -5.5473 2.92012
0.648 -5.35022 2.7518
0.649 -5.13465 2.57042
0.65 -4.90142 2.37665
0.651 -4.65143 2.17123
0.652 -4.38565 1.95493
0.653 -4.10514 1.72858
0.654 -3.81097 1.49304
0.655 -3.50431 1.2492
0.656 -3.18636 0.997993
0.657 -2.85837 0.740371
0.658 -2.52162 0.477318
0.659 -2.17745 0.209839
0.66 -1.8272 -0.061045
0.661 -1.47227 -0.334299
0.662 -1.11404 -0.608878
0.663 -0.75393 -0.883733
0.664 -0.393367 -1.15781
0.665 -0.0337748 -1.43006
0.666 0.323427 -1.69945
0.667 0.676824 -1.96494
0.668 1.02502 -2.22552
0.669 1.36664 -2.48018
0.67 1.70032 -2.72796
0.671 2.02475 -2.9679
0.672 2.33865 -3.19909
0.673 2.64076 -3.42064
0.674 2.92991 -3.63171
0.675 3.20493 -3.83149
0.676 3.46475 -4.01922
0.677 3.70834 -4.19419
0.678 3.93473 -4.35571
0.679 4.14304 -4.50319
0.68 4.33244 -4.63606
0.681 4.50219 -4.75382
0.682 4.65163 -4.85602
0.683 4.78017 -4.94228
0.684 4.88731 -5.01228
0.685 4.97264 -5.06575
0.686 5.03583 -5.10251
0.687 5.07665 -5.12241
0.688 5.09495 -5.1254
0.689 5.09068 -5.11147
0.69 5.06388 -5.08069
0.691 5.01467 -5.03318
0.692 4.94327 -4.96915
0.693 4.85 -4.88884
0.694 4.73524 -4.79259
0.695 4.59949 -4.68077
0.696 4.44331 -4.55382
0.697 4.26737 -4.41224
0.698 4.07238 -4.25659
0.699 3.85917 -4.08747
0.7 3.62862 -3.90556
0.701 3.38169 -3.71154
0.702 3.1194 -3.50619
0.703 2.84284 -3.29028
0.704 2.55315 -3.06467
0.705 2.25154 -2.83023
0.706 1.93925 -2.58785
0.707 1.61757 -2.33847
0.708 1.28784 -2.08305
0.709 0.951425 -1.82257
0.71 0.609716 -1.55802
0.711 0.264129 -1.29042
0.712 -0.0839023 -1.02079
0.713 -0.432935 -0.750154
0.714 -0.78152 -0.479535
0.715 -1.12821 -0.209957
0.716 -1.47156 0.0575615
0.717 -1.81014 0.322016
0.718 -2.14255 0.582416
0.719 -2.4674 0.83779
0.72 -2.78332 1.08719
0.721 -3.089 1.32969
0.722 -3.38316 1.56441
0.723 -3.66456 1.79048
0.724 -3.93201 2.00708
0.725 -4.18439 2.21344
0.726 -4.42063 2.40881
0.727 -4.63973 2.59251
0.728 -4.84074 2.7639
0.729 -5.02281 2.92238
0.73 -5.18516 3.06742
0.731 -5.32706 3.19854
0.732 -5.44791 3.31532
0.733 -5.54715 3.4174
0.734 -5.62434 3.50447
0.735 -5.67912 3.5763
0.736 -5.71121 3.6327
0.737 -5.72043 3.67358
0.738 -5.70669 3.69886
0.739 -5.67 3.70858
0.74 -5.61045 3.7028
0.741 -5.52824 3.68167
0.742 -5.42365 3.64539
0.743 -5.29705 3.59423
0.744 -5.14891 3.52851
0.745 -4.97978 3.44862
0.746 -4.79029 3.355
0.747 -4.58117 3.24815
0.748 -4.35321 3.12861
0.749 -4.10729 2.99699
0.75 -3.84436 2.85394
0.751 -3.56544 2.70016
0.752 -3.27161 2.53638
0.753 -2.96403 2.36338
0.754 -2.64389 2.18197
0.755 -2.31245 1.99301
0.756 -1.97102 1.79737
0.757 -1.62093 1.59595
0.758 -1.26356 1.38967
0.759 -0.900324 1.17948
0.76 -0.532656 0.966339
0.761 -0.162008 0.751207
0.762 0.210154 0.535059
0.763 0.582356 0.31887
0.764 0.953125 0.103612
0.765 1.32099 -0.109747
0.766 1.6845 -0.320252
0.767 2.0422 -0.526958
0.768 2.39268 -0.728941
0.769 2.73455 -0.925298
0.77 3.06644 -1.11515
0.771 3.38706 -1.29765
0.772 3.69511 -1.47199
0.773 3.98939 -1.63737
0.774 4.26872 -1.79307
0.775 4.53199 -1.93838
0.776 4.77817 -2.07265
0.777 5.00629 -2.19528
0.778 5.21544 -2.30571
0.779 5.40479 -2.40344
0.78 5.57361 -2.48802
0.781 5.72123 -2.55906
0.782 5.84708 -2.61623
0.783 5.95067 -2.65927
0.784 6.0316 -2.68795
0.785 6.08957 -2.70213
0.786 6.12437 -2.70171
0.787 6.13587 -2.68669
0.788 6.12405 -2.65708
0.789 6.08899 -2.613
0.79 6.03085 -2.55461
0.791 5.94988 -2.48213
0.792 5.84645 -2.39585
0.793 5.72099 -2.29611
0.794 5.57403 -2.18331
0.795 5.4062 -2.05792
0.796 5.21821 -1.92044
0.797 5.01083 -1.77144
0.798 4.78495 -1.61153
0.799 4.54149 -1.44139
0.8 4.28148 -1.26171
0.801 4.006 -1.07325
0.802 3.71619 -0.876784
0.803 3.41325 -0.673147
0.804 3.09846 -0.463189
0.805 2.7731 -0.247793
0.806 2.43854 -0.0278662
0.807 2.09616 0.195664
0.808 1.74738 0.421852
0.809 1.39364 0.649741
0.81 1.03643 0.878363
0.811 0.677214 1.10675
0.812 0.317488 1.33392
0.813 -0.0412533 1.55891
0.814 -0.397521 1.78077
0.815 -0.749833 1.99853
0.816 -1.09673 2.21126
0.817 -1.43676 2.41805
0.818 -1.76851 2.61801
0.819 -2.0906 2.81026
0.82 -2.40169 2.99398
0.821 -2.70048 3.16836
0.822 -2.98571 3.33265
0.823 -3.2562 3.48611
0.824 -3.51081 3.62807
0.825 -3.74848 3.75789
0.826 -3.9682 3.87501
0.827 -4.16904 3.97887
0.828 -4.35016 4.06902
0.829 -4.51078 4.14502
0.83 -4.65023 4.20652
0.831 -4.7679 4.25322
0.832 -4.86329 4.28488
0.833 -4.93597 4.30131
0.834 -4.98561 4.30241
0.835 -5.012 4.28812
0.836 -5.01499 4.25846
0.837 -4.99455 4.2135
0.838 -4.95073 4.15339
0.839 -4.88369 4.07833
0.84 -4.79367 3.98858
0.841 -4.68103 3.88448
0.842 -4.54619 3.76641
0.843 -4.38969 3.63484
0.844 -4.21216 3.49025
0.845 -4.01428 3.33322
0.846 -3.79687 3.16435
0.847 -3.56078 2.98432
0.848 -3.30697 2.79383
0.849 -3.03647 2.59364
0.85 -2.75037 2.38457
0.851 -2.44983 2.16743
0.852 -2.13607 1.94311
0.853 -1.81037 1.71252
0.854 -1.47405 1.47659
0.855 -1.1285 1.23627
0.856 -0.775121 0.992554
0.857 -0.415364 0.746432
0.858 -0.0507052 0.498912
0.859 0.317357 0.251012
0.86 0.687306 0.00375206
0.861 1.05762 -0.241846
0.862 1.42676 -0.484767
0.863 1.79322 -0.724003
0.864 2.15546 -0.958558
0.865 2.51198 -1.18745
0.866 2.86131 -1.40973
0.867 3.20198 -1.62447
0.868 3.53257 -1.83075
0.869 3.8517 -2.0277
0.87 4.15802 -2.2145
0.871 4.45025 -2.39035
0.872 4.72715 -2.55449
0.873 4.98754 -2.70623
0.874 5.23032 -2.84489
0.875 5.45444 -2.96989
0.876 5.65893 -3.08068
0.877 5.84291 -3.17675
0.878 6.00556 -3.25768
0.879 6.14618 -3.3231
0.88 6.26411 -3.3727
0.881 6.35883 -3.40624
0.882 6.42986 -3.42353
0.883 6.47687 -3.42447
0.884 6.49959 -3.40902
0.885 6.49786 -3.37719
0.886 6.47162 -3.32908
0.887 6.42089 -3.26484
0.888 6.34582 -3.1847
0.889 6.24664 -3.08896
0.89 6.12368 -2.97796
0.891 5.97735 -2.85213
0.892 5.8082 -2.71195
0.893 5.61682 -2.55797
0.894 5.40392 -2.39078
0.895 5.17029 -2.21104
0.896 4.91682 -2.01947
0.897 4.64444 -1.81683
0.898 4.35421 -1.60393
0.899 4.04722 -1.38162
0.9 3.72465 -1.15081
0.901 3.38775 -0.912417
0.902 3.0378 -0.667424
0.903 2.67617 -0.416826
0.904 2.30425 -0.16165
0.905 1.92348 0.0970545
0.906 1.53536 0.358221
0.907 1.14139 0.620769
0.908 0.743107 0.883606
0.909 0.342071 1.14564
0.91 -0.0601491 1.40577
0.911 -0.461978 1.6629
0.912 -0.86184 1.91595
0.913 -1.25817 2.16384
0.914 -1.6494 2.40552
0.915 -2.034 2.63996
0.916 -2.41046 2.86613
0.917 -2.77729 3.08307
0.918 -3.13305 3.28982
0.919 -3.47634 3.48547
0.92 -3.80581 3.66915
0.921 -4.12016 3.84005
0.922 -4.41815 3.99737
0.923 -4.6986 4.14039
0.924 -4.96041 4.26845
0.925 -5.20256 4.38093
0.926 -5.42408 4.47726
0.927 -5.62411 4.55697
0.928 -5.80186 4.61962
0.929 -5.95664 4.66485
0.93 -6.08784 4.69236
0.931 -6.19494 4.70193
0.932 -6.27755 4.6934
0.933 -6.33533 4.66669
0.934 -6.36807 4.62178
0.935 -6.37566 4.55873
0.936 -6.35807 4.47767
0.937 -6.3154 4.3788
0.938 -6.24783 4.2624
0.939 -6.15565 4.1288
0.94 -6.03923 3.97841
0.941 -5.89907 3.81171
0.942 -5.73574 3.62925
0.943 -5.54991 3.43163
0.944 -5.34234 3.21951
0.945 -5.11389 2.99362
0.946 -4.86548 2.75474
0.947 -4.59813 2.50371
0.948 -4.31294 2.24141
0.949 -4.01106 1.96876
0.95 -3.69373 1.68675
0.951 -3.36223 1.39639
0.952 -3.01794 1.09872
0.953 -2.66223 0.794812
0.954 -2.29658 0.485785
0.955 -1.92246 0.172762
0.956 -1.5414 -0.143111
0.957 -1.15496 -0.460673
0.958 -0.76471 -0.778755
0.959 -0.37225 -1.09618
0.96 0.0208218 -1.41178
0.961 0.412898 -1.72438
0.962 0.802376 -2.03282
0.963 1.18766 -2.33596
0.964 1.56718 -2.63266
0.965 1.93938 -2.92181
0.966 2.30272 -3.20234
0.967 2.65573 -3.47321
0.968 2.99695 -3.73338
0.969 3.32497 -3.9819
0.97 3.63844 -4.21783
0.971 3.93608 -4.44029
0.972 4.21664 -4.64843
0.973 4.47897 -4.8415
0.974 4.72198 -5.01875
0.975 4.94465 -5.17953
0.976 5.14605 -5.32323
0.977 5.32533 -5.44932
0.978 5.48175 -5.55733
0.979 5.61462 -5.64686
0.98 5.72338 -5.71757
0.981 5.80755 -5.76922
0.982 5.86676 -5.80161
0.983 5.90072 -5.81462
0.984 5.90927 -5.80823
0.985 5.89232 -5.78247
0.986 5.84992 -5.73745
0.987 5.78218 -5.67335
0.988 5.68934 -5.59042
0.989 5.57173 -5.48901
0.99 5.4298 -5.3695
0.991 5.26406 -5.23238
0.992 5.07516 -5.07817
0.993 4.8638 -4.90747
0.994 4.6308 -4.72096
0.995 4.37706 -4.51936
0.996 4.10357 -4.30346
0.997 3.81138 -4.07409
0.998 3.50163 -3.83214
0.999 3.17554 -3.57856
1 2.83438 -3.31432
