0.001 3.42827e-08 2.58461e-09
0.002 3.1199e-07 2.07579e-08
0.003 1.47013e-06 8.61442e-08
0.004 4.86784e-06 2.52811e-07
0.005 1.28771e-05 5.99737e-07
0.006 2.91636e-05 1.23496e-06
0.007 5.89546e-05 2.30182e-06
0.008 0.000109292 3.98776e-06
0.009 0.000189269 6.53602e-06
0.01 0.000310245 1.02606e-05
0.011 0.00048604 1.55649e-05
0.012 0.000733104 2.29639e-05
0.013 0.00107067 3.31109e-05
0.014 0.00152084 4.6828e-05
0.015 0.00210874 6.51414e-05
0.016 0.00286251 8.93208e-05
0.017 0.00381335 0.000120924
0.018 0.00499555 0.000161843
0.019 0.00644642 0.000214361
0.02 0.00820622 0.000281204
0.021 0.0103181 0.000365607
0.022 0.0128279 0.000471373
0.023 0.015784 0.000602945
0.024 0.0192371 0.000765475
0.025 0.0232402 0.000964897
0.026 0.027848 0.001208
0.027 0.0331167 0.00150251
0.028 0.039104 0.00185715
0.029 0.0458682 0.00228176
0.03 0.0534684 0.00278731
0.031 0.0619637 0.00338602
0.032 0.0714129 0.00409145
0.033 0.081874 0.00491849
0.034 0.0934042 0.00588353
0.035 0.106059 0.00700443
0.036 0.119891 0.00830065
0.037 0.134951 0.00979324
0.038 0.151288 0.0115049
0.039 0.168944 0.0134602
0.04 0.187961 0.015685
0.041 0.208373 0.0182075
0.042 0.230212 0.0210571
0.043 0.253503 0.0242653
0.044 0.278264 0.0278651
0.045 0.304511 0.0318914
0.046 0.332248 0.0363806
0.047 0.361475 0.0413707
0.048 0.392185 0.0469014
0.049 0.424361 0.0530137
0.05 0.457981 0.0597499
0.051 0.493011 0.0671538
0.052 0.529413 0.0752699
0.053 0.567137 0.084144
0.054 0.606125 0.0938226
0.055 0.646311 0.104353
0.056 0.68762 0.115782
0.057 0.729967 0.128158
0.058 0.773259 0.141529
0.059 0.817395 0.155943
0.06 0.862265 0.171446
0.061 0.90775 0.188084
0.062 0.953724 0.205904
0.063 1.00005 0.224949
0.064 1.04659 0.245262
0.065 1.0932 0.266884
0.066 1.13972 0.289852
0.067 1.18598 0.314204
0.068 1.23183 0.339972
0.069 1.27709 0.367186
0.07 1.32159 0.395874
0.071 1.36515 0.426057
0.072 1.40758 0.457755
0.073 1.44871 0.490982
0.074 1.48835 0.525747
0.075 1.52632 0.562056
0.076 1.56242 0.599907
0.077 1.59649 0.639293
0.078 1.62834 0.680204
0.079 1.65778 0.722619
0.08 1.68466 0.766515
0.081 1.7088 0.81186
0.082 1.73004 0.858615
0.083 1.74822 0.906735
0.084 1.7632 0.956167
0.085 1.77484 1.00685
0.086 1.783 1.05872
0.087 1.78758 1.1117
0.088 1.78845 1.16571
0.089 1.78554 1.22065
0.09 1.77874 1.27644
0.091 1.768 1.33296
0.092 1.75326 1.3901
0.093 1.73447 1.44774
0.094 1.71161 1.50576
0.095 1.68467 1.56401
0.096 1.65366 1.62237
0.097 1.61859 1.68067
0.098 1.57951 1.73877
0.099 1.53647 1.79651
0.1 1.48955 1.85372
0.101 1.43883 1.91023
0.102 1.38443 1.96586
0.103 1.32646 2.02044
0.104 1.26508 2.07378
0.105 1.20044 2.12569
0.106 1.13271 2.17599
0.107 1.06208 2.22449
0.108 0.988771 2.27098
0.109 0.912995 2.31528
0.11 0.834991 2.3572
0.111 0.755009 2.39654
0.112 0.673311 2.43311
0.113 0.590174 2.46672
0.114 0.505884 2.49718
0.115 0.420736 2.52432
0.116 0.335038 2.54795
0.117 0.249102 2.5679
0.118 0.163249 2.584
0.119 0.0778053 2.59609
0.12 -0.0068995 2.60403
0.121 -0.090532 2.60766
0.122 -0.172757 2.60685
0.123 -0.253241 2.60148
0.124 -0.331648 2.59142
0.125 -0.407648 2.57659
0.126 -0.480914 2.55688
0.127 -0.551125 2.53221
0.128 -0.617966 2.50253
0.129 -0.681131 2.46777
0.13 -0.740323 2.42791
0.131 -0.795259 2.38292
0.132 -0.845666 2.33279
0.133 -0.891287 2.27753
0.134 -0.931879 2.21718
0.135 -0.967215 2.15176
0.136 -0.99709 2.08133
0.137 -1.02131 2.00599
0.138 -1.03972 1.92581
0.139 -1.05215 1.8409
0.14 -1.0585 1.7514
0.141 -1.05865 1.65745
0.142 -1.05253 1.55921
0.143 -1.04009 1.45685
0.144 -1.0213 1.35059
0.145 -0.996148 1.24061
0.146 -0.96467 1.12717
0.147 -0.926914 1.01049
0.148 -0.882957 0.890834
0.149 -0.832903 0.768481
0.15 -0.776883 0.643714
0.151 -0.715056 0.516834
0.152 -0.647605 0.388153
0.153 -0.574741 0.257995
0.154 -0.496701 0.126695
0.155 -0.413744 -0.00540398
0.156 -0.326156 -0.137948
0.157 -0.234247 -0.270576
0.158 -0.138346 -0.402922
0.159 -0.0388078 -0.534613
0.16 0.0639955 -0.665272
0.161 0.169671 -0.794521
0.162 0.27781 -0.921978
0.163 0.387985 -1.04726
0.164 0.499754 -1.16999
0.165 0.612665 -1.28979
0.166 0.726251 -1.40628
0.167 0.840037 -1.5191
0.168 0.953538 -1.62787
0.169 1.06627 -1.73225
0.17 1.17773 -1.8319
0.171 1.28743 -1.92646
0.172 1.39486 -2.01563
0.173 1.49955 -2.09908
0.174 1.60099 -2.17653
0.175 1.69871 -2.24769
0.176 1.79222 -2.3123
0.177 1.88107 -2.37012
0.178 1.96479 -2.42091
0.179 2.04294 -2.46447
0.18 2.11511 -2.50062
0.181 2.18089 -2.52919
0.182 2.23989 -2.55004
0.183 2.29174 -2.56306
0.184 2.33611 -2.56816
0.185 2.37269 -2.56528
0.186 2.40118 -2.55436
0.187 2.42132 -2.5354
0.188 2.43288 -2.50841
0.189 2.43566 -2.47344
0.19 2.4295 -2.43055
0.191 2.41426 -2.37983
0.192 2.38983 -2.32141
0.193 2.35616 -2.25544
0.194 2.31322 -2.18209
0.195 2.261 -2.10157
0.196 2.19956 -2.01411
0.197 2.12897 -1.91996
0.198 2.04934 -1.81941
0.199 1.96084 -1.71276
0.2 1.86366 -1.60034
0.201 1.75801 -1.48251
0.202 1.64415 -1.35963
0.203 1.5224 -1.23211
0.204 1.39307 -1.10036
0.205 1.25654 -0.964812
0.206 1.11319 -0.825918
0.207 0.963465 -0.684144
0.208 0.80781 -0.53997
0.209 0.646715 -0.39389
0.21 0.480691 -0.246408
0.211 0.310275 -0.0980371
0.212 0.136027 0.0507012
0.213 -0.0414744 0.19928
0.214 -0.22163 0.347169
0.215 -0.403824 0.493835
0.216 -0.587427 0.638744
0.217 -0.771798 0.781365
0.218 -0.956287 0.921169
0.219 -1.14024 1.05763
0.22 -1.32298 1.19025
0.221 -1.50386 1.3185
0.222 -1.68221 1.44189
0.223 -1.85738 1.55995
0.224 -2.0287 1.6722
0.225 -2.19554 1.7782
0.226 -2.35725 1.87751
0.227 -2.51323 1.96972
0.228 -2.66287 2.05444
0.229 -2.80559 2.1313
0.23 -2.94082 2.19997
0.231 -3.06802 2.26012
0.232 -3.18669 2.31147
0.233 -3.29635 2.35375
0.234 -3.39653 2.38675
0.235 -3.48682 2.41025
0.236 -3.56684 2.42409
0.237 -3.63623 2.42814
0.238 -3.69469 2.4223
0.239 -3.74195 2.4065
0.24 -3.77777 2.38071
0.241 -3.80197 2.34494
0.242 -3.8144 2.29921
0.243 -3.81497 2.24361
0.244 -3.80361 2.17824
0.245 -3.78032 2.10326
0.246 -3.74514 2.01883
0.247 -3.69814 1.92516
0.248 -3.63946 1.82252
0.249 -3.56927 1.71117
0.25 -3.48778 1.59144
0.251 -3.39527 1.46365
0.252 -3.29203 1.3282
0.253 -3.17843 1.18548
0.254 -3.05484 1.03592
0.255 -2.92172 0.879976
0.256 -2.77953 0.718141
0.257 -2.62878 0.550915
0.258 -2.47002 0.378828
0.259 -2.30384 0.202426
0.26 -2.13083 0.0222772
0.261 -1.95166 -0.161038
0.262 -1.76698 -0.346923
0.263 -1.57749 -0.534771
0.264 -1.38391 -0.723962
0.265 -1.18698 -0.913872
0.266 -0.987444 -1.10387
0.267 -0.786073 -1.29332
0.268 -0.583644 -1.48159
0.269 -0.380942 -1.66805
0.27 -0.178757 -1.85207
0.271 0.0221181 -2.03301
0.272 0.220895 -2.21028
0.273 0.416788 -2.38325
0.274 0.60902 -2.55135
0.275 0.796825 -2.714
0.276 0.97945 -2.87063
0.277 1.15616 -3.0207
0.278 1.32625 -3.16371
0.279 1.48901 -3.29914
0.28 1.64379 -3.42654
0.281 1.78995 -3.54545
0.282 1.92688 -3.65547
0.283 2.05402 -3.7562
0.284 2.17082 -3.84731
0.285 2.27681 -3.92846
0.286 2.37151 -3.99937
0.287 2.45452 -4.0598
0.288 2.52548 -4.10952
0.289 2.58407 -4.14837
0.29 2.63001 -4.17621
0.291 2.66309 -4.19294
0.292 2.68313 -4.1985
0.293 2.69001 -4.19287
0.294 2.68367 -4.17607
0.295 2.6641 -4.14816
0.296 2.63133 -4.10923
0.297 2.58545 -4.05944
0.298 2.52662 -3.99894
0.299 2.45502 -3.92796
0.3 2.37092 -3.84675
0.301 2.2746 -3.75559
0.302 2.16643 -3.65482
0.303 2.0468 -3.54479
0.304 1.91616 -3.42588
0.305 1.77501 -3.29853
0.306 1.62389 -3.16319
0.307 1.46338 -3.02033
0.308 1.2941 -2.87046
0.309 1.11672 -2.71412
0.31 0.931927 -2.55186
0.311 0.740451 -2.38425
0.312 0.543052 -2.21189
0.313 0.340516 -2.03539
0.314 0.133654 -1.85537
0.315 -0.0767045 -1.67246
0.316 -0.289711 -1.48732
0.317 -0.504501 -1.30058
0.318 -0.720203 -1.1129
0.319 -0.935935 -0.924952
0.32 -1.15081 -0.737376
0.321 -1.36395 -0.550828
0.322 -1.57447 -0.365954
0.323 -1.78149 -0.183393
0.324 -1.98415 -0.00377166
0.325 -2.18159 0.172296
0.326 -2.373 0.34421
0.327 -2.55754 0.511391
0.328 -2.73444 0.673278
0.329 -2.90294 0.829332
0.33 -3.0623 0.979039
0.331 -3.21183 1.12191
0.332 -3.35088 1.25748
0.333 -3.47881 1.38533
0.334 -3.59505 1.50506
0.335 -3.69908 1.61629
0.336 -3.7904 1.7187
0.337 -3.86857 1.81199
0.338 -3.93322 1.8959
0.339 -3.98401 1.97022
0.34 -4.02066 2.03475
0.341 -4.04295 2.08936
0.342 -4.05071 2.13394
0.343 -4.04384 2.16842
0.344 -4.02228 2.19279
0.345 -3.98604 2.20705
0.346 -3.9352 2.21128
0.347 -3.86987 2.20555
0.348 -3.79025 2.19002
0.349 -3.69657 2.16485
0.35 -3.58914 2.13026
0.351 -3.46832 2.0865
0.352 -3.33451 2.03385
0.353 -3.18817 1.97263
0.354 -3.02984 1.90321
0.355 -2.86007 1.82597
0.356 -2.67947 1.74132
0.357 -2.48871 1.64971
0.358 -2.28849 1.55161
0.359 -2.07955 1.44753
0.36 -1.86267 1.33797
0.361 -1.63867 1.2235
0.362 -1.40838 1.10465
0.363 -1.17268 0.982012
0.364 -0.932474 0.856172
0.365 -0.688668 0.727731
0.366 -0.442199 0.597298
0.367 -0.194014 0.465489
0.368 0.054929 0.332922
0.369 0.30367 0.200219
0.37 0.551244 0.0679988
0.371 0.796691 -0.063124
0.372 1.03906 -0.192541
0.373 1.27739 -0.319652
0.374 1.51078 -0.443871
0.375 1.73829 -0.564623
0.376 1.95904 -0.68135
0.377 2.17216 -0.793514
0.378 2.37682 -0.900598
0.379 2.57221 -1.00211
0.38 2.75756 -1.09757
0.381 2.93215 -1.18655
0.382 3.09528 -1.26863
0.383 3.24632 -1.34342
0.384 3.38466 -1.41058
0.385 3.50978 -1.4698
0.386 3.62117 -1.52078
0.387 3.71839 -1.56329
0.388 3.80108 -1.59711
0.389 3.8689 -1.62208
0.39 3.92161 -1.63806
0.391 3.95899 -1.64497
0.392 3.98091 -1.64276
0.393 3.9873 -1.6314
0.394 3.97815 -1.61093
0.395 3.9535 -1.58143
0.396 3.91348 -1.54299
0.397 3.85827 -1.49576
0.398 3.7881 -1.43993
0.399 3.70329 -1.37573
0.4 3.6042 -1.30341
0.401 3.49125 -1.22328
0.402 3.36493 -1.13566
0.403 3.22577 -1.04092
0.404 3.07437 -0.939445
0.405 2.91138 -0.831674
0.406 2.73748 -0.718057
0.407 2.55342 -0.599073
0.408 2.35999 -0.475227
0.409 2.158 -0.347046
0.41 1.94831 -0.215075
0.411 1.73183 -0.0798792
0.412 1.50948 0.0579639
0.413 1.28221 0.197863
0.414 1.05099 0.339216
0.415 0.81682 0.481415
0.416 0.580702 0.623847
0.417 0.343655 0.765894
0.418 0.106702 0.906944
0.419 -0.129131 1.04638
0.42 -0.36282 1.1836
0.421 -0.59335 1.31801
0.422 -0.819713 1.44902
0.423 -1.04092 1.57605
0.424 -1.256 1.69854
0.425 -1.464 1.81597
0.426 -1.66401 1.92781
0.427 -1.85512 2.03357
0.428 -2.03649 2.13278
0.429 -2.2073 2.22499
0.43 -2.36678 2.3098
0.431 -2.51418 2.38682
0.432 -2.64885 2.45571
0.433 -2.77013 2.51616
0.434 -2.87747 2.56788
0.435 -2.97033 2.61065
0.436 -3.04827 2.64425
0.437 -3.11088 2.66853
0.438 -3.15783 2.68337
0.439 -3.18885 2.68869
0.44 -3.20373 2.68445
0.441 -3.20233 2.67065
0.442 -3.1846 2.64735
0.443 -3.15052 2.61462
0.444 -3.10016 2.57261
0.445 -3.03366 2.52147
0.446 -2.95123 2.46142
0.447 -2.85313 2.39272
0.448 -2.7397 2.31565
0.449 -2.61135 2.23055
0.45 -2.46855 2.13777
0.451 -2.31182 2.03772
0.452 -2.14176 1.93083
0.453 -1.95901 1.81757
0.454 -1.76428 1.69843
0.455 -1.55832 1.57394
0.456 -1.34195 1.44465
0.457 -1.11601 1.31112
0.458 -0.881403 1.17396
0.459 -0.639066 1.03377
0.46 -0.389971 0.891192
0.461 -0.135122 0.746858
0.462 0.124447 0.601426
0.463 0.387678 0.455555
0.464 0.653497 0.309912
0.465 0.920809 0.165167
0.466 1.18851 0.0219873
0.467 1.4555 -0.118962
0.468 1.72065 -0.257023
0.469 1.98287 -0.391545
0.47 2.24105 -0.521891
0.471 2.49411 -0.647439
0.472 2.74096 -0.767582
0.473 2.98056 -0.881737
0.474 3.21188 -0.989341
0.475 3.43393 -1.08986
0.476 3.64574 -1.18278
0.477 3.84639 -1.26762
0.478 4.03499 -1.34394
0.479 4.21071 -1.41133
0.48 4.37276 -1.46941
0.481 4.5204 -1.51784
0.482 4.65295 -1.55633
0.483 4.7698 -1.58462
0.484 4.87038 -1.60249
0.485 4.9542 -1.60979
0.486 5.02082 -1.60637
0.487 5.0699 -1.59217
0.488 5.10113 -1.56714
0.489 5.11431 -1.53132
0.49 5.10928 -1.48475
0.491 5.08597 -1.42754
0.492 5.04438 -1.35985
0.493 4.98459 -1.28189
0.494 4.90674 -1.19389
0.495 4.81107 -1.09615
0.496 4.69787 -0.989005
0.497 4.5675 -0.87284
0.498 4.42041 -0.748073
0.499 4.25711 -0.615166
0.5 4.07818 -0.47462
0.501 3.88425 -0.326972
0.502 3.67604 -0.172795
0.503 3.45431 -0.0126923
0.504 3.21988 0.1527
0.505 2.97364 0.322719
0.506 2.7165 0.496676
0.507 2.44945 0.673861
0.508 2.17351 0.853542
0.509 1.88974 1.03497
0.51 1.59922 1.21739
0.511 1.30309 1.40002
0.512 1.00249 1.58208
0.513 0.698606 1.7628
0.514 0.392621 1.94137
0.515 0.0857385 2.11702
0.516 -0.220831 2.28897
0.517 -0.525875 2.45644
0.518 -0.828182 2.61868
0.519 -1.12655 2.77493
0.52 -1.41979 2.92448
0.521 -1.70673 3.06661
0.522 -1.98621 3.20064
0.523 -2.25711 3.32591
0.524 -2.51834 3.4418
0.525 -2.76883 3.54772
0.526 -3.00758 3.6431
0.527 -3.23361 3.72741
0.528 -3.446 3.80019
0.529 -3.64387 3.86098
0.53 -3.82641 3.9094
0.531 -3.99286 3.94509
0.532 -4.14253 3.96775
0.533 -4.2748 3.97712
0.534 -4.38911 3.97301
0.535 -4.48497 3.95526
0.536 -4.56197 3.92377
0.537 -4.61977 3.87851
0.538 -4.65811 3.81946
0.539 -4.67681 3.74671
0.54 -4.67577 3.66036
0.541 -4.65496 3.56058
0.542 -4.61444 3.44761
0.543 -4.55435 3.32171
0.544 -4.4749 3.18322
0.545 -4.37639 3.03252
0.546 -4.25919 2.87004
0.547 -4.12376 2.69625
0.548 -3.97062 2.5117
0.549 -3.80037 2.31693
0.55 -3.61368 2.11259
0.551 -3.4113 1.89931
0.552 -3.19402 1.6778
0.553 -2.96272 1.44878
0.554 -2.71833 1.21302
0.555 -2.46182 0.971323
0.556 -2.19423 0.724503
0.557 -1.91665 0.47341
0.558 -1.6302 0.218914
0.559 -1.33606 -0.0380972
0.56 -1.03541 -0.296722
0.561 -0.729499 -0.556047
0.562 -0.419573 -0.815149
0.563 -0.106912 -1.0731
0.564 0.207196 -1.32899
0.565 0.521448 -1.58187
0.566 0.834541 -1.83084
0.567 1.14517 -2.07499
0.568 1.45204 -2.31343
0.569 1.75386 -2.54527
0.57 2.04936 -2.76968
0.571 2.3373 -2.98581
0.572 2.61645 -3.19285
0.573 2.88563 -3.39005
0.574 3.14368 -3.57666
0.575 3.38949 -3.75198
0.576 3.622 -3.91534
0.577 3.8402 -4.06613
0.578 4.04311 -4.20377
0.579 4.22986 -4.32774
0.58 4.39959 -4.43755
0.581 4.55154 -4.53278
0.582 4.685 -4.61307
0.583 4.79934 -4.67808
0.584 4.89402 -4.72756
0.585 4.96855 -4.76132
0.586 5.02253 -4.77919
0.587 5.05566 -4.78111
0.588 5.0677 -4.76703
0.589 5.05851 -4.73701
0.59 5.02801 -4.69114
0.591 4.97623 -4.62956
0.592 4.90329 -4.55251
0.593 4.80936 -4.46025
0.594 4.69474 -4.35312
0.595 4.55979 -4.2315
0.596 4.40494 -4.09585
0.597 4.23073 -3.94667
0.598 4.03776 -3.78451
0.599 3.82672 -3.60997
0.6 3.59835 -3.4237
0.601 3.35349 -3.22641
0.602 3.09303 -3.01883
0.603 2.81794 -2.80174
0.604 2.52923 -2.57598
0.605 2.22799 -2.34238
0.606 1.91535 -2.10183
0.607 1.59248 -1.85526
0.608 1.26062 -1.60358
0.609 0.921034 -1.34778
0.61 0.575011 -1.08881
0.611 0.223882 -0.827675
0.612 -0.131001 -0.565369
0.613 -0.488271 -0.302898
0.614 -0.846543 -0.0412703
0.615 -1.20443 0.218509
0.616 -1.56054 0.47544
0.617 -1.91348 0.728533
0.618 -2.26187 0.976809
0.619 -2.60436 1.21931
0.62 -2.9396 1.4551
0.621 -3.26626 1.68325
0.622 -3.58307 1.9029
0.623 -3.88878 2.11317
0.624 -4.18217 2.31326
0.625 -4.46207 2.50237
0.626 -4.72739 2.67978
0.627 -4.97707 2.84479
0.628 -5.2101 2.99674
0.629 -5.42555 3.13504
0.63 -5.62257 3.25915
0.631 -5.80035 3.36856
0.632 -5.95818 3.46285
0.633 -6.09543 3.54163
0.634 -6.21152 3.60459
0.635 -6.30598 3.65147
0.636 -6.37842 3.68206
0.637 -6.42853 3.69625
0.638 -6.4561 3.69395
0.639 -6.46099 3.67516
0.64 -6.44317 3.63994
0.641 -6.40268 3.5884
0.642 -6.33967 3.52073
0.643 -6.25436 3.43718
0.644 -6.14708 3.33805
0.645 -6.01823 3.22371
0.646 -5.86829 3.09458
0.647 -5.69785 2.95116
0.648 -5.50756 2.79397
0.649 -5.29816 2.62362
0.65 -5.07046 2.44075
0.651 -4.82534 2.24604
0.652 -4.56377 2.04025
0.653 -4.28677 1.82414
0.654 -3.99542 1.59855
0.655 -3.69086 1.36434
0.656 -3.37429 1.12239
0.657 -3.04695 0.873624
0.658 -2.71013 0.619003
0.659 -2.36516 0.359495
0.66 -2.0134 0.0960918
0.661 -1.65624 -0.170199
0.662 -1.29508 -0.438358
0.663 -0.931348 -0.707359
0.664 -0.56649 -0.976173
0.665 -0.201944 -1.24377
0.666 0.160846 -1.50913
0.667 0.520445 -1.77123
0.668 0.875429 -2.02906
0.669 1.22439 -2.28166
0.67 1.56595 -2.52804
0.671 1.89876 -2.76726
0.672 2.22148 -2.99841
0.673 2.53286 -3.22061
0.674 2.83164 -3.43301
0.675 3.11665 -3.63479
0.676 3.38677 -3.8252
0.677 3.64091 -4.0035
0.678 3.87808 -4.16901
0.679 4.09734 -4.32112
0.68 4.29782 -4.45924
0.681 4.47873 -4.58285
0.682 4.63937 -4.69149
0.683 4.77909 -4.78475
0.684 4.89736 -4.86228
0.685 4.99372 -4.9238
0.686 5.06779 -4.96909
0.687 5.11929 -4.99798
0.688 5.14804 -5.01038
0.689 5.15393 -5.00626
0.69 5.13696 -4.98564
0.691 5.09722 -4.94863
0.692 5.03488 -4.89537
0.693 4.95022 -4.82609
0.694 4.84359 -4.74108
0.695 4.71546 -4.64067
0.696 4.56634 -4.52528
0.697 4.39688 -4.39535
0.698 4.20777 -4.25141
0.699 3.9998 -4.09403
0.7 3.77383 -3.92382
0.701 3.53081 -3.74146
0.702 3.27173 -3.54766
0.703 2.99767 -3.34318
0.704 2.70976 -3.12882
0.705 2.40919 -2.90542
0.706 2.09721 -2.67384
0.707 1.7751 -2.43499
0.708 1.4442 -2.18978
0.709 1.10587 -1.93917
0.71 0.761525 -1.68413
0.711 0.412576 -1.42563
0.712 0.0604726 -1.16467
0.713 -0.293327 -0.90225
0.714 -0.647356 -0.639373
0.715 -1.00014 -0.377041
0.716 -1.35023 -0.116249
0.717 -1.69615 0.142012
0.718 -2.03648 0.396769
0.719 -2.36979 0.647064
0.72 -2.69469 0.891957
0.721 -3.00982 1.13054
0.722 -3.31388 1.36192
0.723 -3.60557 1.58525
0.724 -3.88368 1.79971
0.725 -4.14703 2.00451
0.726 -4.39451 2.19893
0.727 -4.62508 2.38226
0.728 -4.83774 2.55385
0.729 -5.03159 2.71312
0.73 -5.2058 2.8595
0.731 -5.35962 2.99251
0.732 -5.49235 3.11172
0.733 -5.60343 3.21673
0.734 -5.69235 3.30724
0.735 -5.75869 3.38298
0.736 -5.80214 3.44375
0.737 -5.82247 3.48941
0.738 -5.81955 3.5199
0.739 -5.79333 3.53519
0.74 -5.74387 3.53535
0.741 -5.67133 3.52047
0.742 -5.57593 3.49074
0.743 -5.45803 3.44639
0.744 -5.31804 3.38772
0.745 -5.15648 3.31507
0.746 -4.97396 3.22886
0.747 -4.77117 3.12956
0.748 -4.54887 3.01768
0.749 -4.30794 2.89379
0.75 -4.04928 2.75851
0.751 -3.77391 2.6125
0.752 -3.48289 2.45648
0.753 -3.17736 2.29118
0.754 -2.85852 2.1174
0.755 -2.5276 1.93595
0.756 -2.18592 1.74767
0.757 -1.83481 1.55345
0.758 -1.47566 1.35419
0.759 -1.10988 1.15079
0.76 -0.73892 0.944191
0.761 -0.364242 0.735341
0.762 0.0126694 0.52519
0.763 0.390323 0.314693
0.764 0.767221 0.104806
0.765 1.14187 -0.10352
0.766 1.51278 -0.309343
0.767 1.87849 -0.51173
0.768 2.23753 -0.709768
0.769 2.58848 -0.902562
0.77 2.92996 -1.08924
0.771 3.2606 -1.26896
0.772 3.57908 -1.44091
0.773 3.88415 -1.6043
0.774 4.17459 -1.7584
0.775 4.44924 -1.90251
0.776 4.70703 -2.03596
0.777 4.94692 -2.15815
0.778 5.16796 -2.26851
0.779 5.36929 -2.36654
0.78 5.5501 -2.45176
0.781 5.70969 -2.52378
0.782 5.84742 -2.58225
0.783 5.96277 -2.62688
0.784 6.05528 -2.65745
0.785 6.1246 -2.67378
0.786 6.17046 -2.67577
0.787 6.1927 -2.66337
0.788 6.19126 -2.63659
0.789 6.16615 -2.59552
0.79 6.1175 -2.54029
0.791 6.04553 -2.47111
0.792 5.95055 -2.38823
0.793 5.83296 -2.29197
0.794 5.69327 -2.18271
0.795 5.53206 -2.06089
0.796 5.35002 -1.92699
0.797 5.14789 -1.78155
0.798 4.92653 -1.62516
0.799 4.68686 -1.45846
0.8 4.42987 -1.28213
0.801 4.15664 -1.09691
0.802 3.86829 -0.903542
0.803 3.56603 -0.702843
0.804 3.25111 -0.495642
0.805 2.92483 -0.282802
0.806 2.58855 -0.065213
0.807 2.24366 0.156216
0.808 1.89159 0.380555
0.809 1.53381 0.60686
0.81 1.1718 0.834178
0.811 0.807055 1.06155
0.812 0.441095 1.28801
0.813 0.0754388 1.5126
0.814 -0.288394 1.73436
0.815 -0.648892 1.95235
0.816 -1.00455 2.16563
0.817 -1.3539 2.3733
0.818 -1.69547 2.57445
0.819 -2.02785 2.76822
0.82 -2.34965 2.95377
0.821 -2.65951 3.13029
0.822 -2.95615 3.29701
0.823 -3.23832 3.4532
0.824 -3.50483 3.59817
0.825 -3.75457 3.73127
0.826 -3.98648 3.85191
0.827 -4.19957 3.95955
0.828 -4.39295 4.05368
0.829 -4.56579 4.13387
0.83 -4.71734 4.19974
0.831 -4.84696 4.25096
0.832 -4.95408 4.28728
0.833 -5.03823 4.3085
0.834 -5.09903 4.31446
0.835 -5.1362 4.30511
0.836 -5.14954 4.28042
0.837 -5.13898 4.24045
0.838 -5.10452 4.18531
0.839 -5.04627 4.11518
0.84 -4.96444 4.03031
0.841 -4.85932 3.93099
0.842 -4.73133 3.81759
0.843 -4.58095 3.69054
0.844 -4.40876 3.5503
0.845 -4.21546 3.39742
0.846 -4.00179 3.23249
0.847 -3.76862 3.05616
0.848 -3.51686 2.8691
0.849 -3.24753 2.67206
0.85 -2.96172 2.46581
0.851 -2.66056 2.25119
0.852 -2.34527 2.02903
0.853 -2.01714 1.80024
0.854 -1.67749 1.56573
0.855 -1.32769 1.32645
0.856 -0.969184 1.08337
0.857 -0.603416 0.837471
0.858 -0.231883 0.589754
0.859 0.143894 0.341232
0.86 0.522377 0.0929206
0.861 0.902013 -0.154161
0.862 1.28124 -0.398997
0.863 1.6585 -0.640577
0.864 2.03224 -0.877903
0.865 2.40091 -1.10999
0.866 2.76299 -1.33587
0.867 3.11696 -1.5546
0.868 3.46137 -1.76528
0.869 3.79478 -1.967
0.87 4.11578 -2.15892
0.871 4.42304 -2.34023
0.872 4.71526 -2.51016
0.873 4.99121 -2.66798
0.874 5.24972 -2.81301
0.875 5.48969 -2.94462
0.876 5.71008 -3.06223
0.877 5.90995 -3.16534
0.878 6.08843 -3.25347
0.879 6.24472 -3.32622
0.88 6.37815 -3.38325
0.881 6.48809 -3.4243
0.882 6.57404 -3.44914
0.883 6.63558 -3.45764
0.884 6.67239 -3.4497
0.885 6.68425 -3.42533
0.886 6.67105 -3.38458
0.887 6.63277 -3.32757
0.888 6.56948 -3.25449
0.889 6.48137 -3.16559
0.89 6.36873 -3.0612
0.891 6.23194 -2.94171
0.892 6.07147 -2.80756
0.893 5.88791 -2.65926
0.894 5.68192 -2.49739
0.895 5.45426 -2.32257
0.896 5.20578 -2.13548
0.897 4.93741 -1.93687
0.898 4.65017 -1.7275
0.899 4.34516 -1.50822
0.9 4.02352 -1.27989
0.901 3.68651 -1.04344
0.902 3.3354 -0.799806
0.903 2.97156 -0.549978
0.904 2.59639 -0.294965
0.905 2.21135 -0.0358035
0.906 1.81792 0.22645
0.907 1.41765 0.490722
0.908 1.01208 0.755927
0.909 0.602809 1.02097
0.91 0.191424 1.28476
0.911 -0.220461 1.5462
0.912 -0.631235 1.80419
0.913 -1.03929 2.05767
0.914 -1.44302 2.30555
0.915 -1.84084 2.54679
0.916 -2.23119 2.78037
0.917 -2.61253 3.00529
0.918 -2.98337 3.22058
0.919 -3.34224 3.42531
0.92 -3.68774 3.61858
0.921 -4.0185 3.79954
0.922 -4.33321 3.96738
0.923 -4.63065 4.12135
0.924 -4.90963 4.26074
0.925 -5.16906 4.3849
0.926 -5.40792 4.49324
0.927 -5.62527 4.58523
0.928 -5.82025 4.66039
0.929 -5.99209 4.71833
0.93 -6.14014 4.7587
0.931 -6.26379 4.78124
0.932 -6.36258 4.78575
0.933 -6.43613 4.77209
0.934 -6.48414 4.74021
0.935 -6.50644 4.69012
0.936 -6.50297 4.62189
0.937 -6.47373 4.53569
0.938 -6.41886 4.43175
0.939 -6.3386 4.31034
0.94 -6.23328 4.17185
0.941 -6.10334 4.01669
0.942 -5.9493 3.84538
0.943 -5.77181 3.65847
0.944 -5.57158 3.45658
0.945 -5.34944 3.24041
0.946 -5.10629 3.01069
0.947 -4.84312 2.76823
0.948 -4.561 2.51386
0.949 -4.26109 2.24849
0.95 -3.94459 1.97306
0.951 -3.6128 1.68855
0.952 -3.26707 1.39598
0.953 -2.9088 1.09641
0.954 -2.53946 0.79092
0.955 -2.16053 0.480623
0.956 -1.77358 0.166646
0.957 -1.38016 -0.149861
0.958 -0.981884 -0.467741
0.959 -0.580373 -0.785825
0.96 -0.177262 -1.10294
0.961 0.225805 -1.41793
0.962 0.627184 -1.72962
0.963 1.02524 -2.03685
0.964 1.41834 -2.3385
0.965 1.80488 -2.63345
0.966 2.18328 -2.92059
0.967 2.55199 -3.19887
0.968 2.9095 -3.46725
0.969 3.25434 -3.72474
0.97 3.5851 -3.97037
0.971 3.90041 -4.20324
0.972 4.19896 -4.42248
0.973 4.47954 -4.62727
0.974 4.74097 -4.81686
0.975 4.98217 -4.99055
0.976 5.20214 -5.14769
0.977 5.39994 -5.2877
0.978 5.57476 -5.41008
0.979 5.72585 -5.51436
0.98 5.85256 -5.60019
0.981 5.95435 -5.66724
0.982 6.03077 -5.71528
0.983 6.08146 -5.74415
0.984 6.1062 -5.75376
0.985 6.10483 -5.74409
0.986 6.07732 -5.71521
0.987 6.02374 -5.66723
0.988 5.94427 -5.60036
0.989 5.83919 -5.51489
0.99 5.70887 -5.41115
0.991 5.5538 -5.28957
0.992 5.37456 -5.15064
0.993 5.17183 -4.99489
0.994 4.94639 -4.82296
0.995 4.6991 -4.63552
0.996 4.43091 -4.4333
0.997 4.14287 -4.21711
0.998 3.83609 -3.98778
0.999 3.51177 -3.74623
1 3.17117 -3.49338
