0.001 3.53419e-008 2.76143e-009
0.002 3.20441e-007 2.21753e-008
0.003 1.50486e-006 9.20065e-008
0.004 4.96836e-006 2.69924e-007
0.005 1.31113e-005 6.40017e-007
0.006 2.96348e-005 1.317e-006
0.007 5.98083e-005 2.45255e-006
0.008 0.000110722 4.24417e-006
0.009 0.000191521 6.94703e-006
0.01 0.000313621 1.0889e-005
0.011 0.000490903 1.64893e-005
0.012 0.000739877 2.42811e-005
0.013 0.00107983 3.49381e-005
0.014 0.00153295 4.93053e-005
0.015 0.0021244 6.84342e-005
0.016 0.00288237 9.36224e-005
0.017 0.00383813 0.000126458
0.018 0.00502601 0.000168868
0.019 0.00648335 0.000223169
0.02 0.00825044 0.00029213
0.021 0.0103704 0.000379024
0.022 0.0128892 0.000487702
0.023 0.0158551 0.000622653
0.024 0.0193189 0.000789078
0.025 0.0233334 0.000992964
0.026 0.0279533 0.00124116
0.027 0.0332349 0.00154143
0.028 0.0392355 0.00190259
0.029 0.0460137 0.0023345
0.03 0.0536281 0.00284822
0.031 0.0621378 0.00345603
0.032 0.0716015 0.00417152
0.033 0.0820771 0.00500968
0.034 0.0936214 0.00598694
0.035 0.10629 0.00712122
0.036 0.120135 0.00843203
0.037 0.135207 0.00994049
0.038 0.151554 0.0116694
0.039 0.16922 0.0136431
0.04 0.188244 0.0158879
0.041 0.208661 0.0184317
0.042 0.230503 0.0213042
0.043 0.253794 0.0245366
0.044 0.278553 0.0281622
0.045 0.304794 0.0322157
0.046 0.332521 0.0367336
0.047 0.361735 0.0417538
0.048 0.392427 0.047316
0.049 0.424581 0.0534611
0.05 0.458173 0.0602314
0.051 0.493172 0.0676705
0.052 0.529536 0.0758229
0.053 0.567217 0.0847343
0.054 0.606156 0.0944509
0.055 0.646287 0.10502
0.056 0.687535 0.116488
0.057 0.729814 0.128904
0.058 0.773033 0.142315
0.059 0.817089 0.156768
0.06 0.861871 0.172309
0.061 0.907263 0.188986
0.062 0.953137 0.206843
0.063 0.99936 0.225925
0.064 1.04579 0.246272
0.065 1.09228 0.267926
0.066 1.13867 0.290925
0.067 1.1848 0.315304
0.068 1.23052 0.341096
0.069 1.27564 0.368332
0.07 1.31999 0.397036
0.071 1.3634 0.427231
0.072 1.40568 0.458937
0.073 1.44666 0.492166
0.074 1.48614 0.526928
0.075 1.52395 0.563227
0.076 1.5599 0.601061
0.077 1.5938 0.640424
0.078 1.62549 0.681303
0.079 1.65478 0.723679
0.08 1.6815 0.767527
0.081 1.70549 0.812815
0.082 1.72658 0.859504
0.083 1.74462 0.907548
0.084 1.75946 0.956893
0.085 1.77097 1.00748
0.086 1.77902 1.05924
0.087 1.78348 1.1121
0.088 1.78425 1.16598
0.089 1.78125 1.22078
0.09 1.77437 1.27641
0.091 1.76356 1.33277
0.092 1.74876 1.38973
0.093 1.72994 1.44718
0.094 1.70705 1.50499
0.095 1.68011 1.56303
0.096 1.6491 1.62116
0.097 1.61406 1.67923
0.098 1.57502 1.73708
0.099 1.53204 1.79455
0.1 1.4852 1.85149
0.101 1.43458 1.90771
0.102 1.3803 1.96305
0.103 1.32248 2.01732
0.104 1.26125 2.07035
0.105 1.19679 2.12194
0.106 1.12925 2.17191
0.107 1.05885 2.22007
0.108 0.985776 2.26622
0.109 0.910257 2.31017
0.11 0.832529 2.35174
0.111 0.75284 2.39072
0.112 0.671453 2.42693
0.113 0.588643 2.46019
0.114 0.504695 2.49029
0.115 0.419905 2.51707
0.116 0.334577 2.54035
0.117 0.249023 2.55995
0.118 0.163563 2.57571
0.119 0.0785213 2.58747
0.12 -0.00577379 2.59509
0.121 -0.0889905 2.5984
0.122 -0.170796 2.59729
0.123 -0.250856 2.59163
0.124 -0.32884 2.5813
0.125 -0.404419 2.56621
0.126 -0.477266 2.54626
0.127 -0.547063 2.52138
0.128 -0.613498 2.4915
0.129 -0.676266 2.45657
0.13 -0.735074 2.41656
0.131 -0.789639 2.37145
0.132 -0.839691 2.32123
0.133 -0.884974 2.2659
0.134 -0.925248 2.20551
0.135 -0.96029 2.14008
0.136 -0.989894 2.06969
0.137 -1.01387 1.9944
0.138 -1.03206 1.91431
0.139 -1.04431 1.82954
0.14 -1.0505 1.74021
0.141 -1.05053 1.64646
0.142 -1.04433 1.54845
0.143 -1.03184 1.44638
0.144 -1.01303 1.34042
0.145 -0.987914 1.23081
0.146 -0.956505 1.11775
0.147 -0.918859 1.0015
0.148 -0.875053 0.882311
0.149 -0.825193 0.760461
0.15 -0.76941 0.636234
0.151 -0.707863 0.509929
0.152 -0.640736 0.381858
0.153 -0.568238 0.252343
0.154 -0.490606 0.121719
0.155 -0.4081 -0.00967205
0.156 -0.321005 -0.141479
0.157 -0.229628 -0.273342
0.158 -0.134299 -0.404896
0.159 -0.0353705 -0.535772
0.16 0.0667868 -0.665594
0.161 0.171782 -0.793986
0.162 0.279208 -0.920568
0.163 0.38864 -1.04496
0.164 0.499638 -1.16679
0.165 0.611753 -1.28568
0.166 0.72452 -1.40125
0.167 0.837466 -1.51314
0.168 0.950112 -1.621
0.169 1.06197 -1.72446
0.17 1.17255 -1.82319
0.171 1.28136 -1.91685
0.172 1.38791 -2.00512
0.173 1.49171 -2.0877
0.174 1.59227 -2.16429
0.175 1.68911 -2.23461
0.176 1.78176 -2.29841
0.177 1.86975 -2.35544
0.178 1.95265 -2.40548
0.179 2.03 -2.44833
0.18 2.10139 -2.4838
0.181 2.16642 -2.51173
0.182 2.22471 -2.532
0.183 2.2759 -2.54448
0.184 2.31964 -2.54909
0.185 2.35564 -2.54576
0.186 2.3836 -2.53446
0.187 2.40326 -2.51518
0.188 2.41441 -2.48793
0.189 2.41683 -2.45275
0.19 2.41037 -2.40972
0.191 2.3949 -2.35893
0.192 2.37032 -2.30051
0.193 2.33656 -2.2346
0.194 2.29359 -2.16139
0.195 2.24143 -2.08108
0.196 2.18012 -1.99389
0.197 2.10974 -1.9001
0.198 2.0304 -1.79996
0.199 1.94227 -1.69381
0.2 1.84552 -1.58195
0.201 1.74039 -1.46475
0.202 1.62714 -1.34258
0.203 1.50606 -1.21583
0.204 1.37748 -1.08491
0.205 1.24178 -0.950264
0.206 1.09933 -0.812332
0.207 0.950575 -0.67158
0.208 0.795961 -0.528486
0.209 0.635972 -0.38354
0.21 0.471117 -0.237244
0.211 0.301931 -0.090106
0.212 0.128967 0.0573548
0.213 -0.0471972 0.204616
0.214 -0.225967 0.351151
0.215 -0.406733 0.49643
0.216 -0.588869 0.639925
0.217 -0.771739 0.781109
0.218 -0.954698 0.919458
0.219 -1.13709 1.05445
0.22 -1.31827 1.18559
0.221 -1.49757 1.31236
0.222 -1.67433 1.43427
0.223 -1.84791 1.55086
0.224 -2.01765 1.66165
0.225 -2.18291 1.76621
0.226 -2.34308 1.86411
0.227 -2.49753 1.95493
0.228 -2.64568 2.0383
0.229 -2.78693 2.11385
0.23 -2.92075 2.18124
0.231 -3.04659 2.24017
0.232 -3.16395 2.29036
0.233 -3.27235 2.33154
0.234 -3.37135 2.36349
0.235 -3.46053 2.38602
0.236 -3.53951 2.39897
0.237 -3.60795 2.4022
0.238 -3.66555 2.39562
0.239 -3.71203 2.37917
0.24 -3.74717 2.35282
0.241 -3.7708 2.31657
0.242 -3.78275 2.27047
0.243 -3.78295 2.2146
0.244 -3.77133 2.14905
0.245 -3.7479 2.07399
0.246 -3.71268 1.98959
0.247 -3.66576 1.89606
0.248 -3.60727 1.79366
0.249 -3.53739 1.68265
0.25 -3.45633 1.56337
0.251 -3.36435 1.43614
0.252 -3.26177 1.30135
0.253 -3.14894 1.15939
0.254 -3.02624 1.0107
0.255 -2.8941 0.855732
0.256 -2.75301 0.694965
0.257 -2.60346 0.528905
0.258 -2.446 0.358076
0.259 -2.28121 0.183022
0.26 -2.10969 0.00430703
0.261 -1.93209 -0.177492
0.262 -1.74906 -0.361784
0.263 -1.5613 -0.547964
0.264 -1.36951 -0.735421
0.265 -1.17444 -0.923534
0.266 -0.976813 -1.11168
0.267 -0.777402 -1.29922
0.268 -0.576974 -1.48554
0.269 -0.376307 -1.67001
0.27 -0.176182 -1.852
0.271 0.0226172 -2.0309
0.272 0.219308 -2.2061
0.273 0.413115 -2.377
0.274 0.603268 -2.54301
0.275 0.78901 -2.70357
0.276 0.969598 -2.85813
0.277 1.14431 -3.00615
0.278 1.31243 -3.14712
0.279 1.47328 -3.28055
0.28 1.6262 -3.40598
0.281 1.77057 -3.52297
0.282 1.90579 -3.63111
0.283 2.03129 -3.73004
0.284 2.14655 -3.81939
0.285 2.25108 -3.89887
0.286 2.34444 -3.96818
0.287 2.42622 -4.02709
0.288 2.49605 -4.07539
0.289 2.55364 -4.1129
0.29 2.5987 -4.13951
0.291 2.63103 -4.1551
0.292 2.65046 -4.15963
0.293 2.65687 -4.15309
0.294 2.65021 -4.13549
0.295 2.63044 -4.10689
0.296 2.59763 -4.06741
0.297 2.55186 -4.01717
0.298 2.49328 -3.95636
0.299 2.42208 -3.8852
0.3 2.33853 -3.80393
0.301 2.24291 -3.71284
0.302 2.13557 -3.61227
0.303 2.01693 -3.50256
0.304 1.88741 -3.3841
0.305 1.74752 -3.25733
0.306 1.5978 -3.12268
0.307 1.43881 -2.98064
0.308 1.27117 -2.83171
0.309 1.09554 -2.67642
0.31 0.912619 -2.51532
0.311 0.723115 -2.34899
0.312 0.527784 -2.178
0.313 0.327405 -2.00297
0.314 0.122779 -1.82451
0.315 -0.0852717 -1.64325
0.316 -0.295908 -1.45984
0.317 -0.508275 -1.27491
0.318 -0.72151 -1.08911
0.319 -0.934742 -0.903092
0.32 -1.1471 -0.717506
0.321 -1.3577 -0.532996
0.322 -1.56567 -0.3502
0.323 -1.77016 -0.169749
0.324 -1.9703 0.00773679
0.325 -2.16527 0.181652
0.326 -2.35422 0.351405
0.327 -2.53637 0.516423
0.328 -2.71094 0.676153
0.329 -2.87717 0.830065
0.33 -3.03435 0.97765
0.331 -3.18178 1.11843
0.332 -3.31883 1.25195
0.333 -3.44487 1.37779
0.334 -3.55935 1.49555
0.335 -3.66172 1.60489
0.336 -3.75153 1.70546
0.337 -3.82833 1.79699
0.338 -3.89176 1.87922
0.339 -3.94147 1.95193
0.34 -3.97721 2.01495
0.341 -3.99875 2.06814
0.342 -4.00593 2.11139
0.343 -3.99864 2.14466
0.344 -3.97684 2.16792
0.345 -3.94055 2.18118
0.346 -3.88982 2.18452
0.347 -3.82479 2.17802
0.348 -3.74564 2.16184
0.349 -3.65262 2.13613
0.35 -3.54602 2.10113
0.351 -3.4262 2.05707
0.352 -3.29356 2.00425
0.353 -3.14858 1.94299
0.354 -2.99175 1.87363
0.355 -2.82364 1.79657
0.356 -2.64486 1.71222
0.357 -2.45607 1.62103
0.358 -2.25795 1.52346
0.359 -2.05124 1.42001
0.36 -1.83671 1.3112
0.361 -1.61517 1.19756
0.362 -1.38745 1.07965
0.363 -1.15442 0.958032
0.364 -0.916956 0.8333
0.365 -0.675968 0.706046
0.366 -0.432378 0.576873
0.367 -0.187122 0.44639
0.368 0.0588566 0.31521
0.369 0.304607 0.183947
0.37 0.549179 0.0532133
0.371 0.791623 -0.0763841
0.372 1.031 -0.204244
0.373 1.26637 -0.329773
0.374 1.49682 -0.452393
0.375 1.72145 -0.571537
0.376 1.93939 -0.686654
0.377 2.14977 -0.797215
0.378 2.35177 -0.902708
0.379 2.5446 -1.00265
0.38 2.7275 -1.09657
0.381 2.89976 -1.18404
0.382 3.06069 -1.26465
0.383 3.20967 -1.33803
0.384 3.34611 -1.40383
0.385 3.46947 -1.46174
0.386 3.57927 -1.51149
0.387 3.67509 -1.55284
0.388 3.75654 -1.58558
0.389 3.82332 -1.60955
0.39 3.87517 -1.62462
0.391 3.91189 -1.63071
0.392 3.93335 -1.62777
0.393 3.93949 -1.61578
0.394 3.93028 -1.59479
0.395 3.90579 -1.56486
0.396 3.86613 -1.52609
0.397 3.81149 -1.47865
0.398 3.74209 -1.42272
0.399 3.65825 -1.35851
0.4 3.56032 -1.2863
0.401 3.44874 -1.20637
0.402 3.32396 -1.11906
0.403 3.18654 -1.02473
0.404 3.03705 -0.923766
0.405 2.87613 -0.816602
0.406 2.70447 -0.703685
0.407 2.5228 -0.58549
0.408 2.33189 -0.462518
0.409 2.13255 -0.33529
0.41 1.92564 -0.204349
0.411 1.71205 -0.0702508
0.412 1.49267 0.0664302
0.413 1.26846 0.205109
0.414 1.04037 0.345192
0.415 0.809382 0.486075
0.416 0.576489 0.627154
0.417 0.342695 0.767818
0.418 0.109007 0.907461
0.419 -0.123563 1.04548
0.42 -0.354006 1.18127
0.421 -0.58132 1.31424
0.422 -0.804515 1.44383
0.423 -1.02261 1.56945
0.424 -1.23466 1.69056
0.425 -1.43972 1.80663
0.426 -1.63688 1.91715
0.427 -1.82527 2.02163
0.428 -2.00405 2.11961
0.429 -2.17241 2.21066
0.43 -2.32958 2.29437
0.431 -2.47486 2.37037
0.432 -2.60757 2.4383
0.433 -2.72709 2.49788
0.434 -2.83286 2.54882
0.435 -2.92436 2.5909
0.436 -3.00115 2.62391
0.437 -3.06283 2.6477
0.438 -3.10907 2.66215
0.439 -3.13962 2.66719
0.44 -3.15426 2.66278
0.441 -3.15287 2.64893
0.442 -3.13538 2.62568
0.443 -3.10179 2.59312
0.444 -3.05216 2.55138
0.445 -2.98663 2.50064
0.446 -2.90541 2.4411
0.447 -2.80876 2.37302
0.448 -2.69701 2.29668
0.449 -2.57056 2.2124
0.45 -2.42989 2.12056
0.451 -2.2755 2.02154
0.452 -2.10798 1.91579
0.453 -1.92797 1.80374
0.454 -1.73617 1.68591
0.455 -1.53332 1.5628
0.456 -1.32021 1.43496
0.457 -1.09769 1.30295
0.458 -0.866637 1.16737
0.459 -0.627977 1.02881
0.46 -0.382668 0.887896
0.461 -0.131698 0.745268
0.462 0.123915 0.601566
0.463 0.38313 0.457443
0.464 0.644886 0.313557
0.465 0.90811 0.170567
0.466 1.17172 0.0291322
0.467 1.43461 -0.110091
0.468 1.6957 -0.246454
0.469 1.9539 -0.379317
0.47 2.20812 -0.508052
0.471 2.45728 -0.632044
0.472 2.70035 -0.750698
0.473 2.93627 -0.863437
0.474 3.16405 -0.969709
0.475 3.3827 -1.06899
0.476 3.59127 -1.16076
0.477 3.78885 -1.24457
0.478 3.97458 -1.31998
0.479 4.14763 -1.38657
0.48 4.30723 -1.44398
0.481 4.45265 -1.49188
0.482 4.58323 -1.52997
0.483 4.69835 -1.55801
0.484 4.79747 -1.57578
0.485 4.8801 -1.58313
0.486 4.94581 -1.57992
0.487 4.99426 -1.56608
0.488 5.02516 -1.54158
0.489 5.03829 -1.50644
0.49 5.03352 -1.46071
0.491 5.01076 -1.40451
0.492 4.97002 -1.33799
0.493 4.91138 -1.26134
0.494 4.83498 -1.17482
0.495 4.74105 -1.07871
0.496 4.62987 -0.973346
0.497 4.50181 -0.859099
0.498 4.35731 -0.736386
0.499 4.19686 -0.605665
0.5 4.02103 -0.467428
0.501 3.83045 -0.322205
0.502 3.62583 -0.17056
0.503 3.4079 -0.0130893
0.504 3.17749 0.149581
0.505 2.93545 0.316799
0.506 2.6827 0.487886
0.507 2.4202 0.662141
0.508 2.14895 0.838846
0.509 1.86998 1.01726
0.51 1.58438 1.19665
0.511 1.29325 1.37623
0.512 0.99773 1.55525
0.513 0.698961 1.73293
0.514 0.398117 1.9085
0.515 0.0963807 2.08119
0.516 -0.205059 2.25022
0.517 -0.505012 2.41485
0.518 -0.802287 2.57432
0.519 -1.0957 2.7279
0.52 -1.38409 2.87487
0.521 -1.6663 3.01455
0.522 -1.94119 3.14625
0.523 -2.20767 3.26934
0.524 -2.46466 3.3832
0.525 -2.71111 3.48724
0.526 -2.94604 3.58091
0.527 -3.16848 3.66371
0.528 -3.37753 3.73516
0.529 -3.57232 3.79483
0.53 -3.75207 3.84233
0.531 -3.91603 3.87731
0.532 -4.06352 3.89949
0.533 -4.19393 3.9086
0.534 -4.3067 3.90447
0.535 -4.40135 3.88693
0.536 -4.4775 3.85589
0.537 -4.53479 3.81131
0.538 -4.57298 3.7532
0.539 -4.59188 3.68162
0.54 -4.5914 3.59668
0.541 -4.57152 3.49856
0.542 -4.53227 3.38747
0.543 -4.47381 3.2637
0.544 -4.39635 3.12756
0.545 -4.30017 2.97944
0.546 -4.18563 2.81974
0.547 -4.0532 2.64896
0.548 -3.90337 2.46761
0.549 -3.73674 2.27624
0.55 -3.55396 2.07547
0.551 -3.35577 1.86594
0.552 -3.14294 1.64833
0.553 -2.91634 1.42337
0.554 -2.67688 1.1918
0.555 -2.42551 0.954409
0.556 -2.16325 0.712004
0.557 -1.89117 0.465419
0.558 -1.61037 0.215507
0.559 -1.322 -0.0368601
0.56 -1.02723 -0.290796
0.561 -0.727279 -0.545404
0.562 -0.423366 -0.799778
0.563 -0.116747 -1.05301
0.564 0.19131 -1.30419
0.565 0.499532 -1.55242
0.566 0.806637 -1.79678
0.567 1.11135 -2.03641
0.568 1.41239 -2.2704
0.569 1.70851 -2.49792
0.57 1.99844 -2.71812
0.571 2.28098 -2.93018
0.572 2.55493 -3.13332
0.573 2.81911 -3.32678
0.574 3.0724 -3.50983
0.575 3.3137 -3.6818
0.576 3.54198 -3.84202
0.577 3.75624 -3.9899
0.578 3.95553 -4.12487
0.579 4.13898 -4.24641
0.58 4.30576 -4.35406
0.581 4.45512 -4.4474
0.582 4.58637 -4.52607
0.583 4.69888 -4.58975
0.584 4.79212 -4.6382
0.585 4.86562 -4.67121
0.586 4.91898 -4.68865
0.587 4.95191 -4.69043
0.588 4.96416 -4.67653
0.589 4.95559 -4.647
0.59 4.92615 -4.60191
0.591 4.87584 -4.54144
0.592 4.80479 -4.46579
0.593 4.71317 -4.37523
0.594 4.60126 -4.2701
0.595 4.4694 -4.15077
0.596 4.31805 -4.0177
0.597 4.14771 -3.87136
0.598 3.95897 -3.71231
0.599 3.7525 -3.54113
0.6 3.52904 -3.35848
0.601 3.2894 -3.16503
0.602 3.03446 -2.96151
0.603 2.76516 -2.74869
0.604 2.4825 -2.52737
0.605 2.18753 -2.2984
0.606 1.88138 -2.06264
0.607 1.56518 -1.82098
0.608 1.24015 -1.57436
0.609 0.907513 -1.3237
0.61 0.56855 -1.06996
0.611 0.224558 -0.814124
0.612 -0.12314 -0.557161
0.613 -0.473202 -0.300061
0.614 -0.824275 -0.0438091
0.615 -1.175 0.210607
0.616 -1.52401 0.462209
0.617 -1.86994 0.710025
0.618 -2.21145 0.953099
0.619 -2.54721 1.19049
0.62 -2.87588 1.42128
0.621 -3.19619 1.64457
0.622 -3.50687 1.8595
0.623 -3.8067 2.06522
0.624 -4.09449 2.26095
0.625 -4.3691 2.4459
0.626 -4.62945 2.61937
0.627 -4.8745 2.78067
0.628 -5.10326 2.92916
0.629 -5.31483 3.06426
0.63 -5.50837 3.18544
0.631 -5.68308 3.29221
0.632 -5.83827 3.38416
0.633 -5.97331 3.4609
0.634 -6.08764 3.52213
0.635 -6.18081 3.56761
0.636 -6.25242 3.59713
0.637 -6.30217 3.61056
0.638 -6.32984 3.60785
0.639 -6.33531 3.58899
0.64 -6.31855 3.55403
0.641 -6.27958 3.50309
0.642 -6.21856 3.43636
0.643 -6.13569 3.35407
0.644 -6.0313 3.25654
0.645 -5.90578 3.14412
0.646 -5.7596 3.01723
0.647 -5.59332 2.87635
0.648 -5.4076 2.722
0.649 -5.20314 2.55478
0.65 -4.98074 2.37531
0.651 -4.74127 2.18427
0.652 -4.48567 1.9824
0.653 -4.21492 1.77045
0.654 -3.93009 1.54923
0.655 -3.6323 1.31959
0.656 -3.32272 1.08241
0.657 -3.00256 0.838582
0.658 -2.67308 0.589045
0.659 -2.33558 0.334753
0.66 -1.99139 0.0766774
0.661 -1.64187 -0.184194
0.662 -1.28839 -0.446863
0.663 -0.93236 -0.710324
0.664 -0.575173 -0.973568
0.665 -0.218247 -1.23559
0.666 0.137008 -1.49538
0.667 0.489187 -1.75195
0.668 0.836895 -2.00431
0.669 1.17876 -2.2515
0.67 1.51342 -2.49257
0.671 1.83956 -2.7266
0.672 2.15588 -2.9527
0.673 2.46114 -3.16999
0.674 2.75412 -3.37766
0.675 3.03366 -3.57491
0.676 3.29867 -3.76098
0.677 3.54808 -3.93517
0.678 3.78092 -4.09681
0.679 3.99627 -4.2453
0.68 4.19328 -4.38006
0.681 4.37117 -4.5006
0.682 4.52925 -4.60645
0.683 4.66689 -4.69722
0.684 4.78357 -4.77258
0.685 4.87882 -4.83224
0.686 4.95228 -4.87598
0.687 5.00368 -4.90366
0.688 5.03282 -4.91518
0.689 5.03961 -4.9105
0.69 5.02403 -4.88966
0.691 4.98618 -4.85276
0.692 4.92621 -4.79995
0.693 4.8444 -4.73145
0.694 4.74109 -4.64753
0.695 4.61673 -4.54855
0.696 4.47182 -4.43488
0.697 4.30699 -4.30699
0.698 4.12291 -4.16539
0.699 3.92036 -4.01062
0.7 3.70017 -3.8433
0.701 3.46325 -3.6641
0.702 3.2106 -3.4737
0.703 2.94324 -3.27285
0.704 2.6623 -3.06234
0.705 2.36893 -2.84299
0.706 2.06435 -2.61565
0.707 1.74981 -2.3812
0.708 1.42661 -2.14055
0.709 1.0961 -1.89462
0.71 0.759633 -1.64437
0.711 0.418608 -1.39075
0.712 0.0744353 -1.13475
0.713 -0.271459 -0.877337
0.714 -0.617642 -0.619495
0.715 -0.962679 -0.362208
0.716 -1.30514 -0.106452
0.717 -1.64359 0.146806
0.718 -1.97664 0.39661
0.719 -2.30289 0.642022
0.72 -2.62098 0.882123
0.721 -2.92959 1.11602
0.722 -3.22742 1.34285
0.723 -3.51323 1.56176
0.724 -3.78582 1.77197
0.725 -4.04404 1.97271
0.726 -4.28679 2.16325
0.727 -4.51306 2.34292
0.728 -4.72187 2.51107
0.729 -4.91234 2.66712
0.73 -5.08365 2.81055
0.731 -5.23506 2.94086
0.732 -5.36589 3.05763
0.733 -5.47559 3.16048
0.734 -5.56365 3.24911
0.735 -5.62966 3.32326
0.736 -5.67331 3.38274
0.737 -5.69438 3.4274
0.738 -5.69272 3.45719
0.739 -5.6683 3.47208
0.74 -5.62116 3.47213
0.741 -5.55144 3.45744
0.742 -5.45938 3.4282
0.743 -5.3453 3.38462
0.744 -5.20961 3.327
0.745 -5.05281 3.25568
0.746 -4.87549 3.17107
0.747 -4.67833 3.07362
0.748 -4.46206 2.96384
0.749 -4.22752 2.84229
0.75 -3.97562 2.70957
0.751 -3.70732 2.56633
0.752 -3.42367 2.41327
0.753 -3.12577 2.25111
0.754 -2.8148 2.08064
0.755 -2.49195 1.90264
0.756 -2.1585 1.71794
0.757 -1.81577 1.52741
0.758 -1.46509 1.33193
0.759 -1.10785 1.13239
0.76 -0.745458 0.9297
0.761 -0.379345 0.724795
0.762 -0.0109576 0.518604
0.763 0.358247 0.312063
0.764 0.726809 0.106107
0.765 1.09327 -0.0983314
0.766 1.45617 -0.300329
0.767 1.81408 -0.498973
0.768 2.16557 -0.693368
0.769 2.50926 -0.882638
0.77 2.84377 -1.06593
0.771 3.16779 -1.24241
0.772 3.48002 -1.41129
0.773 3.77923 -1.57181
0.774 4.06424 -1.72323
0.775 4.3339 -1.86487
0.776 4.58715 -1.99608
0.777 4.823 -2.11626
0.778 5.04051 -2.22487
0.779 5.23882 -2.32139
0.78 5.41714 -2.40538
0.781 5.57479 -2.47645
0.782 5.71113 -2.53424
0.783 5.82565 -2.57848
0.784 5.91789 -2.60893
0.785 5.98751 -2.62545
0.786 6.03425 -2.6279
0.787 6.05793 -2.61626
0.788 6.05848 -2.59053
0.789 6.03592 -2.55079
0.79 5.99036 -2.49717
0.791 5.92201 -2.42987
0.792 5.83116 -2.34913
0.793 5.71822 -2.25528
0.794 5.58365 -2.14867
0.795 5.42802 -2.02974
0.796 5.25199 -1.89894
0.797 5.0563 -1.75682
0.798 4.84176 -1.60395
0.799 4.60927 -1.44095
0.8 4.35979 -1.26849
0.801 4.09437 -1.08727
0.802 3.81409 -0.898045
0.803 3.52014 -0.701597
0.804 3.21372 -0.49874
0.805 2.8961 -0.290318
0.806 2.56861 -0.0771976
0.807 2.2326 0.139729
0.808 1.88947 0.359555
0.809 1.54063 0.581356
0.81 1.18753 0.804201
0.811 0.831635 1.02715
0.812 0.474423 1.24926
0.813 0.117374 1.46959
0.814 -0.238028 1.68721
0.815 -0.59031 1.90119
0.816 -0.938006 2.11061
0.817 -1.27967 2.31459
0.818 -1.61388 2.51225
0.819 -1.93925 2.70273
0.82 -2.25442 2.88521
0.821 -2.55806 3.05891
0.822 -2.84893 3.22307
0.823 -3.12579 3.37696
0.824 -3.38749 3.51992
0.825 -3.63292 3.6513
0.826 -3.86106 3.77053
0.827 -4.07094 3.87706
0.828 -4.26167 3.97041
0.829 -4.43244 4.05015
0.83 -4.58253 4.11591
0.831 -4.71128 4.16735
0.832 -4.81814 4.20423
0.833 -4.90265 4.22635
0.834 -4.96441 4.23356
0.835 -5.00316 4.22578
0.836 -5.01869 4.203
0.837 -5.01092 4.16528
0.838 -4.97985 4.1127
0.839 -4.92557 4.04545
0.84 -4.84827 3.96376
0.841 -4.74824 3.86792
0.842 -4.62586 3.75828
0.843 -4.48161 3.63525
0.844 -4.31605 3.49929
0.845 -4.12982 3.35093
0.846 -3.92367 3.19074
0.847 -3.69841 3.01934
0.848 -3.45495 2.8374
0.849 -3.19425 2.64564
0.85 -2.91738 2.44482
0.851 -2.62543 2.23573
0.852 -2.31959 2.01921
0.853 -2.00109 1.79613
0.854 -1.67124 1.56738
0.855 -1.33135 1.33389
0.856 -0.982827 1.0966
0.857 -0.627077 0.856461
0.858 -0.265555 0.614461
0.859 0.100261 0.371583
0.86 0.468875 0.128819
0.861 0.838775 -0.112837
0.862 1.20844 -0.352392
0.863 1.57635 -0.58886
0.864 1.941 -0.821265
0.865 2.30087 -1.04864
0.866 2.65447 -1.27006
0.867 3.00034 -1.48458
0.868 3.33705 -1.69131
0.869 3.66319 -1.88939
0.87 3.9774 -2.07799
0.871 4.27836 -2.2563
0.872 4.56482 -2.42358
0.873 4.83555 -2.5791
0.874 5.08942 -2.72221
0.875 5.32534 -2.85229
0.876 5.54232 -2.96876
0.877 5.7394 -3.07112
0.878 5.91574 -3.15892
0.879 6.07056 -3.23176
0.88 6.20318 -3.28929
0.881 6.313 -3.33126
0.882 6.3995 -3.35744
0.883 6.46228 -3.36769
0.884 6.50101 -3.36193
0.885 6.51546 -3.34013
0.886 6.50552 -3.30236
0.887 6.47115 -3.24872
0.888 6.41243 -3.17939
0.889 6.32951 -3.09462
0.89 6.22267 -2.99472
0.891 6.09227 -2.88005
0.892 5.93876 -2.75105
0.893 5.76269 -2.60821
0.894 5.56471 -2.45209
0.895 5.34554 -2.28329
0.896 5.106 -2.10246
0.897 4.84699 -1.91033
0.898 4.56949 -1.70765
0.899 4.27455 -1.49522
0.9 3.9633 -1.27391
0.901 3.63692 -1.04458
0.902 3.29668 -0.808167
0.903 2.94388 -0.565626
0.904 2.57988 -0.317937
0.905 2.2061 -0.0661081
0.906 1.82399 0.188833
0.907 1.43502 0.445842
0.908 1.04071 0.703863
0.909 0.642604 0.961833
0.91 0.24225 1.21868
0.911 -0.158786 1.47334
0.912 -0.558936 1.72476
0.913 -0.956632 1.97187
0.914 -1.35032 2.21364
0.915 -1.73845 2.44904
0.916 -2.1195 2.67708
0.917 -2.49197 2.89678
0.918 -2.85441 3.10719
0.919 -3.20539 3.3074
0.92 -3.54352 3.49655
0.921 -3.86748 3.67379
0.922 -4.17599 3.83834
0.923 -4.46785 3.98945
0.924 -4.74189 4.12644
0.925 -4.99705 4.24866
0.926 -5.23233 4.35554
0.927 -5.44679 4.44655
0.928 -5.6396 4.52124
0.929 -5.81001 4.57919
0.93 -5.95734 4.62009
0.931 -6.08102 4.64365
0.932 -6.18057 4.64969
0.933 -6.25562 4.63806
0.934 -6.30586 4.6087
0.935 -6.33112 4.56162
0.936 -6.33131 4.4969
0.937 -6.30645 4.41467
0.938 -6.25664 4.31515
0.939 -6.1821 4.19862
0.94 -6.08314 4.06544
0.941 -5.96017 3.91601
0.942 -5.81371 3.75081
0.943 -5.64435 3.57039
0.944 -5.45279 3.37536
0.945 -5.23981 3.16636
0.946 -5.00628 2.94412
0.947 -4.75315 2.70941
0.948 -4.48145 2.46305
0.949 -4.19229 2.20591
0.95 -3.88685 1.93891
0.951 -3.56637 1.66299
0.952 -3.23215 1.37914
0.953 -2.88556 1.08839
0.954 -2.528 0.791799
0.955 -2.16092 0.490432
0.956 -1.78583 0.185391
0.957 -1.40425 -0.122209
0.958 -1.01772 -0.431242
0.959 -0.627835 -0.740573
0.96 -0.236171 -1.04906
0.961 0.155674 -1.35558
0.962 0.5461 -1.65898
0.963 0.933516 -1.95815
0.964 1.31634 -2.25199
0.965 1.69301 -2.53939
0.966 2.06198 -2.8193
0.967 2.42174 -3.09068
0.968 2.77082 -3.35252
0.969 3.10779 -3.60385
0.97 3.43127 -3.84373
0.971 3.73992 -4.07127
0.972 4.03246 -4.28563
0.973 4.30771 -4.48601
0.974 4.5645 -4.67167
0.975 4.80179 -4.84192
0.976 5.01857 -4.99613
0.977 5.21395 -5.13373
0.978 5.38711 -5.25423
0.979 5.53731 -5.35717
0.98 5.66391 -5.44219
0.981 5.76637 -5.50898
0.982 5.84423 -5.55731
0.983 5.89715 -5.587
0.984 5.92488 -5.59798
0.985 5.92726 -5.5902
0.986 5.90425 -5.56374
0.987 5.8559 -5.5187
0.988 5.78236 -5.45527
0.989 5.68389 -5.37373
0.99 5.56086 -5.27441
0.991 5.4137 -5.15769
0.992 5.24298 -5.02406
0.993 5.04935 -4.87404
0.994 4.83353 -4.70823
0.995 4.59636 -4.52728
0.996 4.33875 -4.33191
0.997 4.06171 -4.12287
0.998 3.7663 -3.901
0.999 3.45367 -3.66717
1 3.12505 -3.42227
