0.001 3.40379e-008 2.53012e-009
0.002 3.10038e-007 2.03218e-008
0.003 1.46211e-006 8.43438e-008
0.004 4.84462e-006 2.47569e-007
0.005 1.2823e-005 5.87439e-007
0.006 2.90547e-005 1.21001e-006
0.007 5.87574e-005 2.25621e-006
0.008 0.000108962 3.91063e-006
0.009 0.00018875 6.41324e-006
0.01 0.000309466 1.00744e-005
0.011 0.000484918 1.52933e-005
0.012 0.000731542 2.25807e-005
0.013 0.00106855 3.25852e-005
0.014 0.00151805 4.61239e-005
0.015 0.00210514 6.42179e-005
0.016 0.00285793 8.81318e-005
0.017 0.00380765 0.000119418
0.018 0.00498855 0.000159964
0.019 0.00643793 0.000212047
0.02 0.00819607 0.000278391
0.021 0.0103061 0.000362225
0.022 0.0128138 0.00046735
0.023 0.0157677 0.000598206
0.024 0.0192184 0.000759945
0.025 0.0232189 0.000958499
0.026 0.0278239 0.00120066
0.027 0.0330898 0.00149416
0.028 0.0390741 0.00184773
0.029 0.0458352 0.0022712
0.03 0.0534323 0.00277558
0.031 0.0619244 0.00337308
0.032 0.0713703 0.00407728
0.033 0.0818284 0.0049031
0.034 0.0933556 0.00586694
0.035 0.106007 0.0069867
0.036 0.119837 0.00828186
0.037 0.134895 0.00977352
0.038 0.151229 0.0114844
0.039 0.168884 0.0134391
0.04 0.187899 0.0156637
0.041 0.208311 0.0181861
0.042 0.23015 0.0210361
0.043 0.253442 0.0242451
0.044 0.278205 0.0278462
0.045 0.304454 0.0318744
0.046 0.332194 0.0363662
0.047 0.361426 0.0413597
0.048 0.392141 0.0468946
0.049 0.424325 0.053012
0.05 0.457953 0.0597544
0.051 0.492993 0.0671656
0.052 0.529406 0.0752904
0.053 0.567142 0.0841745
0.054 0.606145 0.0938647
0.055 0.646346 0.104408
0.056 0.687673 0.115852
0.057 0.730039 0.128246
0.058 0.773353 0.141636
0.059 0.817512 0.15607
0.06 0.862407 0.171596
0.061 0.90792 0.188261
0.062 0.953923 0.206109
0.063 1.00028 0.225185
0.064 1.04686 0.245532
0.065 1.0935 0.267191
0.066 1.14005 0.2902
0.067 1.18636 0.314595
0.068 1.23225 0.34041
0.069 1.27755 0.367674
0.07 1.32209 0.396416
0.071 1.3657 0.426656
0.072 1.40818 0.458415
0.073 1.44936 0.491707
0.074 1.48905 0.526541
0.075 1.52707 0.562922
0.076 1.56323 0.60085
0.077 1.59735 0.640317
0.078 1.62925 0.681311
0.079 1.65875 0.723815
0.08 1.68569 0.767803
0.081 1.70988 0.813243
0.082 1.73118 0.860098
0.083 1.74942 0.908321
0.084 1.76446 0.957859
0.085 1.77615 1.00865
0.086 1.78438 1.06064
0.087 1.78901 1.11373
0.088 1.78994 1.16786
0.089 1.78708 1.22292
0.09 1.78034 1.27883
0.091 1.76966 1.33547
0.092 1.75496 1.39274
0.093 1.73622 1.45051
0.094 1.71341 1.50866
0.095 1.68652 1.56704
0.096 1.65555 1.62552
0.097 1.62052 1.68396
0.098 1.58148 1.74218
0.099 1.53848 1.80005
0.1 1.49158 1.85738
0.101 1.4409 1.91401
0.102 1.38652 1.96976
0.103 1.32858 2.02446
0.104 1.26721 2.07791
0.105 1.20258 2.12993
0.106 1.13486 2.18033
0.107 1.06425 2.22891
0.108 0.99094 2.2755
0.109 0.915165 2.31988
0.11 0.837157 2.36187
0.111 0.757167 2.40127
0.112 0.675458 2.4379
0.113 0.592306 2.47155
0.114 0.507996 2.50205
0.115 0.422827 2.52921
0.116 0.337102 2.55286
0.117 0.251136 2.57281
0.118 0.16525 2.5889
0.119 0.0797697 2.60097
0.12 -0.00497491 2.60887
0.121 -0.0886503 2.61245
0.122 -0.170921 2.61158
0.123 -0.251453 2.60612
0.124 -0.329912 2.59597
0.125 -0.405965 2.58103
0.126 -0.479287 2.56119
0.127 -0.549556 2.53639
0.128 -0.616456 2.50655
0.129 -0.679682 2.47162
0.13 -0.738937 2.43157
0.131 -0.793936 2.38637
0.132 -0.844408 2.33602
0.133 -0.890094 2.28053
0.134 -0.930751 2.21992
0.135 -0.966153 2.15423
0.136 -0.996094 2.08353
0.137 -1.02038 2.00788
0.138 -1.03885 1.92739
0.139 -1.05135 1.84216
0.14 -1.05776 1.75232
0.141 -1.05798 1.65802
0.142 -1.05192 1.55941
0.143 -1.03954 1.45669
0.144 -1.0208 1.35004
0.145 -0.995715 1.23967
0.146 -0.964294 1.12582
0.147 -0.926592 1.00873
0.148 -0.882688 0.888665
0.149 -0.832685 0.765891
0.15 -0.776714 0.6407
0.151 -0.714934 0.513392
0.152 -0.647529 0.384281
0.153 -0.574709 0.253694
0.154 -0.49671 0.121965
0.155 -0.413793 -0.0105598
0.156 -0.326244 -0.143526
0.157 -0.234371 -0.276571
0.158 -0.138506 -0.409327
0.159 -0.0390013 -0.54142
0.16 0.0637691 -0.672472
0.161 0.169413 -0.802103
0.162 0.27752 -0.929929
0.163 0.387665 -1.05557
0.164 0.499405 -1.17864
0.165 0.612285 -1.29876
0.166 0.725841 -1.41555
0.167 0.839596 -1.52865
0.168 0.953067 -1.63769
0.169 1.06576 -1.74232
0.17 1.17719 -1.84218
0.171 1.28686 -1.93694
0.172 1.39426 -2.02627
0.173 1.49891 -2.10986
0.174 1.60031 -2.18743
0.175 1.69798 -2.25867
0.176 1.79145 -2.32333
0.177 1.88024 -2.38117
0.178 1.96391 -2.43195
0.179 2.04201 -2.47548
0.18 2.11412 -2.51155
0.181 2.17984 -2.54002
0.182 2.23877 -2.56073
0.183 2.29055 -2.57359
0.184 2.33485 -2.57848
0.185 2.37135 -2.57536
0.186 2.39975 -2.56417
0.187 2.4198 -2.54491
0.188 2.43127 -2.51759
0.189 2.43395 -2.48226
0.19 2.42769 -2.43897
0.191 2.41234 -2.38782
0.192 2.3878 -2.32895
0.193 2.35402 -2.26249
0.194 2.31095 -2.18864
0.195 2.25861 -2.10758
0.196 2.19704 -2.01956
0.197 2.12632 -1.92483
0.198 2.04656 -1.82368
0.199 1.95792 -1.71641
0.2 1.86059 -1.60335
0.201 1.7548 -1.48486
0.202 1.64081 -1.36132
0.203 1.51891 -1.23312
0.204 1.38943 -1.10068
0.205 1.25275 -0.964432
0.206 1.10926 -0.824836
0.207 0.959389 -0.682358
0.208 0.803591 -0.53748
0.209 0.642354 -0.390698
0.21 0.476192 -0.242519
0.211 0.305641 -0.093458
0.212 0.13126 0.0559604
0.213 -0.0463677 0.205207
0.214 -0.226644 0.353749
0.215 -0.408954 0.50105
0.216 -0.592666 0.646576
0.217 -0.777139 0.78979
0.218 -0.961722 0.930164
0.219 -1.14576 1.06717
0.22 -1.32858 1.2003
0.221 -1.50952 1.32903
0.222 -1.68793 1.45287
0.223 -1.86314 1.57134
0.224 -2.0345 1.68397
0.225 -2.20135 1.7903
0.226 -2.36308 1.8899
0.227 -2.51905 1.98236
0.228 -2.66868 2.06729
0.229 -2.81136 2.14432
0.23 -2.94654 2.2131
0.231 -3.07369 2.27331
0.232 -3.19229 2.32468
0.233 -3.30185 2.36693
0.234 -3.40193 2.39984
0.235 -3.4921 2.42321
0.236 -3.57199 2.43687
0.237 -3.64123 2.44069
0.238 -3.69953 2.43456
0.239 -3.74661 2.41842
0.24 -3.78224 2.39225
0.241 -3.80623 2.35604
0.242 -3.81845 2.30983
0.243 -3.81878 2.2537
0.244 -3.80718 2.18775
0.245 -3.78364 2.11214
0.246 -3.74819 2.02705
0.247 -3.70092 1.93268
0.248 -3.64195 1.82929
0.249 -3.57147 1.71716
0.25 -3.48968 1.5966
0.251 -3.39685 1.46796
0.252 -3.2933 1.33163
0.253 -3.17938 1.18799
0.254 -3.05547 1.0375
0.255 -2.92202 0.880599
0.256 -2.7795 0.717787
0.257 -2.62843 0.549569
0.258 -2.46934 0.376476
0.259 -2.30283 0.19906
0.26 -2.1295 0.0178901
0.261 -1.95001 -0.166449
0.262 -1.76502 -0.353356
0.263 -1.57523 -0.542222
0.264 -1.38136 -0.732424
0.265 -1.18414 -0.923333
0.266 -0.984325 -1.11432
0.267 -0.782691 -1.30473
0.268 -0.580013 -1.49395
0.269 -0.377076 -1.68132
0.27 -0.174673 -1.86623
0.271 0.0264049 -2.04803
0.272 0.225366 -2.22612
0.273 0.421424 -2.39988
0.274 0.613802 -2.56873
0.275 0.801732 -2.73207
0.276 0.984461 -2.88935
0.277 1.16125 -3.04003
0.278 1.3314 -3.18358
0.279 1.4942 -3.31951
0.28 1.64899 -3.44735
0.281 1.79513 -3.56664
0.282 1.93203 -3.67698
0.283 2.0591 -3.77798
0.284 2.17582 -3.86928
0.285 2.28169 -3.95056
0.286 2.37626 -4.02154
0.287 2.45911 -4.08196
0.288 2.52988 -4.13163
0.289 2.58826 -4.17034
0.29 2.63397 -4.19798
0.291 2.66679 -4.21445
0.292 2.68655 -4.21967
0.293 2.69314 -4.21364
0.294 2.68648 -4.19638
0.295 2.66657 -4.16794
0.296 2.63344 -4.12843
0.297 2.58719 -4.07798
0.298 2.52797 -4.01677
0.299 2.45597 -3.94503
0.3 2.37144 -3.863
0.301 2.2747 -3.77097
0.302 2.16609 -3.66927
0.303 2.04601 -3.55827
0.304 1.91492 -3.43836
0.305 1.77332 -3.30995
0.306 1.62174 -3.17351
0.307 1.46077 -3.02953
0.308 1.29103 -2.87851
0.309 1.11319 -2.72098
0.31 0.927943 -2.55752
0.311 0.736022 -2.38868
0.312 0.538186 -2.21509
0.313 0.335225 -2.03733
0.314 0.127949 -1.85605
0.315 -0.0828078 -1.67188
0.316 -0.296196 -1.48548
0.317 -0.511351 -1.29748
0.318 -0.727397 -1.10857
0.319 -0.943452 -0.919381
0.32 -1.15863 -0.73059
0.321 -1.37204 -0.542849
0.322 -1.5828 -0.356808
0.323 -1.79004 -0.173108
0.324 -1.99289 0.00761825
0.325 -2.1905 0.184754
0.326 -2.38203 0.357698
0.327 -2.56668 0.525864
0.328 -2.74364 0.68869
0.329 -2.91216 0.845633
0.33 -3.07152 0.996176
0.331 -3.22101 1.13983
0.332 -3.35997 1.27613
0.333 -3.48779 1.40464
0.334 -3.60388 1.52497
0.335 -3.70772 1.63674
0.336 -3.79882 1.73962
0.337 -3.87674 1.83332
0.338 -3.94109 1.91757
0.339 -3.99155 1.99215
0.34 -4.02784 2.05689
0.341 -4.04974 2.11163
0.342 -4.05707 2.15627
0.343 -4.04974 2.19074
0.344 -4.02769 2.21504
0.345 -3.99094 2.22916
0.346 -3.93956 2.23317
0.347 -3.87366 2.22717
0.348 -3.79345 2.21129
0.349 -3.69917 2.18572
0.35 -3.59111 2.15066
0.351 -3.46964 2.10637
0.352 -3.33517 2.05314
0.353 -3.18816 1.99129
0.354 -3.02915 1.92118
0.355 -2.85869 1.84319
0.356 -2.6774 1.75776
0.357 -2.48594 1.66533
0.358 -2.28502 1.56637
0.359 -2.07539 1.46138
0.36 -1.85782 1.3509
0.361 -1.63313 1.23546
0.362 -1.40217 1.11563
0.363 -1.16582 0.991994
0.364 -0.924962 0.865135
0.365 -0.68053 0.735662
0.366 -0.433456 0.60419
0.367 -0.184689 0.471337
0.368 0.0648123 0.337727
0.369 0.314084 0.203984
0.37 0.56216 0.0707323
0.371 0.808077 -0.0614102
0.372 1.05088 -0.191831
0.373 1.28962 -0.319927
0.374 1.52337 -0.445106
0.375 1.7512 -0.566791
0.376 1.97224 -0.684422
0.377 2.18561 -0.797457
0.378 2.39047 -0.905374
0.379 2.58603 -1.00768
0.38 2.7715 -1.10389
0.381 2.94616 -1.19357
0.382 3.10932 -1.27631
0.383 3.26035 -1.35171
0.384 3.39864 -1.41943
0.385 3.52365 -1.47915
0.386 3.63489 -1.53057
0.387 3.73192 -1.57347
0.388 3.81438 -1.60763
0.389 3.88192 -1.63287
0.39 3.93431 -1.64907
0.391 3.97133 -1.65614
0.392 3.99286 -1.65402
0.393 3.99882 -1.6427
0.394 3.9892 -1.62221
0.395 3.96405 -1.59263
0.396 3.9235 -1.55405
0.397 3.86772 -1.50663
0.398 3.79697 -1.45056
0.399 3.71155 -1.38606
0.4 3.61182 -1.31339
0.401 3.49822 -1.23286
0.402 3.37122 -1.14479
0.403 3.23138 -1.04956
0.404 3.07929 -0.94756
0.405 2.9156 -0.839219
0.406 2.74099 -0.724996
0.407 2.55622 -0.605373
0.408 2.36208 -0.480859
0.409 2.15939 -0.351984
0.41 1.94901 -0.219296
0.411 1.73184 -0.0833633
0.412 1.50882 0.0552323
0.413 1.28089 0.195896
0.414 1.04904 0.338022
0.415 0.814253 0.480999
0.416 0.577546 0.62421
0.417 0.339938 0.767035
0.418 0.102455 0.908855
0.419 -0.133876 1.04905
0.42 -0.368028 1.18702
0.421 -0.598984 1.32216
0.422 -0.825735 1.45388
0.423 -1.04729 1.5816
0.424 -1.26267 1.70476
0.425 -1.47093 1.82282
0.426 -1.67115 1.93526
0.427 -1.86243 2.04158
0.428 -2.04392 2.14132
0.429 -2.2148 2.23402
0.43 -2.3743 2.31928
0.431 -2.52168 2.39671
0.432 -2.65627 2.46596
0.433 -2.77743 2.52673
0.434 -2.88459 2.57872
0.435 -2.97723 2.6217
0.436 -3.0549 2.65547
0.437 -3.1172 2.67987
0.438 -3.16378 2.69478
0.439 -3.1944 2.70012
0.44 -3.20883 2.69585
0.441 -3.20695 2.68197
0.442 -3.18869 2.65854
0.443 -3.15405 2.62564
0.444 -3.1031 2.5834
0.445 -3.03597 2.532
0.446 -2.95289 2.47164
0.447 -2.85411 2.40259
0.448 -2.73998 2.32513
0.449 -2.61091 2.2396
0.45 -2.46737 2.14636
0.451 -2.30989 2.04581
0.452 -2.13907 1.9384
0.453 -1.95556 1.82459
0.454 -1.76006 1.70488
0.455 -1.55334 1.5798
0.456 -1.33621 1.4499
0.457 -1.10952 1.31575
0.458 -0.874176 1.17796
0.459 -0.631116 1.03713
0.46 -0.381317 0.893911
0.461 -0.125787 0.748938
0.462 0.134436 0.602871
0.463 0.398292 0.456373
0.464 0.664702 0.310116
0.465 0.932569 0.164771
0.466 1.20079 0.0210102
0.467 1.46825 -0.120498
0.468 1.73384 -0.259093
0.469 1.99644 -0.394121
0.47 2.25495 -0.524941
0.471 2.50828 -0.650929
0.472 2.75536 -0.771476
0.473 2.99514 -0.885994
0.474 3.22658 -0.99392
0.475 3.44868 -1.09471
0.476 3.66049 -1.18787
0.477 3.86108 -1.2729
0.478 4.04956 -1.34935
0.479 4.22509 -1.41683
0.48 4.38689 -1.47494
0.481 4.53423 -1.52336
0.482 4.66642 -1.56178
0.483 4.78284 -1.58994
0.484 4.88294 -1.60764
0.485 4.96622 -1.61471
0.486 5.03225 -1.61101
0.487 5.08068 -1.59648
0.488 5.11122 -1.57108
0.489 5.12364 -1.53483
0.49 5.11782 -1.48779
0.491 5.09367 -1.43006
0.492 5.0512 -1.36182
0.493 4.99049 -1.28325
0.494 4.9117 -1.19462
0.495 4.81504 -1.09621
0.496 4.70083 -0.988374
0.497 4.56943 -0.871483
0.498 4.4213 -0.745966
0.499 4.25693 -0.612289
0.5 4.07692 -0.470957
0.501 3.88191 -0.322511
0.502 3.67262 -0.167527
0.503 3.4498 -0.0066143
0.504 3.2143 0.159588
0.505 2.96699 0.330412
0.506 2.70881 0.505165
0.507 2.44073 0.683132
0.508 2.16379 0.863578
0.509 1.87904 1.04575
0.51 1.58758 1.22888
0.511 1.29055 1.41219
0.512 0.989095 1.59491
0.513 0.684394 1.77623
0.514 0.377642 1.95536
0.515 0.0700455 2.13153
0.516 -0.237182 2.30394
0.517 -0.542824 2.47182
0.518 -0.845668 2.63441
0.519 -1.14451 2.79095
0.52 -1.43815 2.94072
0.521 -1.72542 3.083
0.522 -2.00517 3.21711
0.523 -2.27626 3.3424
0.524 -2.53761 3.45823
0.525 -2.78815 3.564
0.526 -3.02686 3.65916
0.527 -3.25278 3.74318
0.528 -3.46498 3.81558
0.529 -3.66259 3.87592
0.53 -3.84479 3.9238
0.531 -4.01083 3.95887
0.532 -4.16001 3.98083
0.533 -4.29172 3.98943
0.534 -4.4054 3.98447
0.535 -4.50057 3.9658
0.536 -4.57681 3.93331
0.537 -4.63378 3.88697
0.538 -4.67124 3.82679
0.539 -4.689 3.75284
0.54 -4.68697 3.66523
0.541 -4.66512 3.56413
0.542 -4.62351 3.44978
0.543 -4.56229 3.32246
0.544 -4.48168 3.18251
0.545 -4.38198 3.0303
0.546 -4.26356 2.86627
0.547 -4.12689 2.69091
0.548 -3.9725 2.50475
0.549 -3.80098 2.30838
0.55 -3.61302 2.1024
0.551 -3.40937 1.88748
0.552 -3.19082 1.66433
0.553 -2.95827 1.43368
0.554 -2.71264 1.1963
0.555 -2.45491 0.952996
0.556 -2.18614 0.704594
0.557 -1.9074 0.45195
0.558 -1.61984 0.195938
0.559 -1.32462 -0.0625476
0.56 -1.02295 -0.322598
0.561 -0.716066 -0.583294
0.562 -0.405228 -0.843708
0.563 -0.0917165 -1.10291
0.564 0.223173 -1.35996
0.565 0.538137 -1.61395
0.566 0.851867 -1.86393
0.567 1.16305 -2.10901
0.568 1.4704 -2.34829
0.569 1.77261 -2.58088
0.57 2.06842 -2.80593
0.571 2.35658 -3.0226
0.572 2.63586 -3.23009
0.573 2.90507 -3.42761
0.574 3.16305 -3.61444
0.575 3.40871 -3.78986
0.576 3.64097 -3.95321
0.577 3.85882 -4.10387
0.578 4.0613 -4.24127
0.579 4.24751 -4.36488
0.58 4.41661 -4.47421
0.581 4.56784 -4.56885
0.582 4.7005 -4.64842
0.583 4.81395 -4.71261
0.584 4.90765 -4.76115
0.585 4.98112 -4.79386
0.586 5.03398 -4.81058
0.587 5.0659 -4.81123
0.588 5.07666 -4.7958
0.589 5.06612 -4.76432
0.59 5.03422 -4.71689
0.591 4.98099 -4.65368
0.592 4.90654 -4.5749
0.593 4.81106 -4.48084
0.594 4.69485 -4.37184
0.595 4.55827 -4.24829
0.596 4.40178 -4.11065
0.597 4.2259 -3.95942
0.598 4.03125 -3.79516
0.599 3.81851 -3.61849
0.6 3.58845 -3.43006
0.601 3.34191 -3.23059
0.602 3.07978 -3.02081
0.603 2.80304 -2.80152
0.604 2.51271 -2.57354
0.605 2.20988 -2.33774
0.606 1.89568 -2.09501
0.607 1.57132 -1.84627
0.608 1.23801 -1.59247
0.609 0.897023 -1.33458
0.61 0.549671 -1.07357
0.611 0.197284 -0.810445
0.612 -0.158781 -0.546214
0.613 -0.517151 -0.281887
0.614 -0.876438 -0.0184795
0.615 -1.23525 0.242996
0.616 -1.59218 0.501534
0.617 -1.94585 0.756136
0.618 -2.29488 1.00582
0.619 -2.63788 1.24962
0.62 -2.97353 1.4866
0.621 -3.3005 1.71583
0.622 -3.61749 1.93642
0.623 -3.92327 2.14751
0.624 -4.21661 2.3483
0.625 -4.49636 2.53797
0.626 -4.7614 2.71581
0.627 -5.01067 2.8811
0.628 -5.24319 3.03321
0.629 -5.45802 3.17152
0.63 -5.6543 3.2955
0.631 -5.83123 3.40464
0.632 -5.9881 3.49852
0.633 -6.12428 3.57676
0.634 -6.2392 3.63904
0.635 -6.3324 3.68509
0.636 -6.40348 3.71474
0.637 -6.45214 3.72784
0.638 -6.47817 3.72434
0.639 -6.48145 3.70422
0.64 -6.46194 3.66755
0.641 -6.4197 3.61446
0.642 -6.35487 3.54513
0.643 -6.2677 3.45981
0.644 -6.1585 3.35882
0.645 -6.02768 3.24253
0.646 -5.87576 3.11137
0.647 -5.7033 2.96585
0.648 -5.51097 2.80649
0.649 -5.29952 2.63391
0.65 -5.06978 2.44876
0.651 -4.82262 2.25173
0.652 -4.55902 2.04358
0.653 -4.28 1.8251
0.654 -3.98667 1.59711
0.655 -3.68016 1.36049
0.656 -3.36169 1.11613
0.657 -3.0325 0.864976
0.658 -2.69389 0.60798
0.659 -2.34719 0.346124
0.66 -1.99377 0.0804099
0.661 -1.63503 -0.188147
0.662 -1.27237 -0.458519
0.663 -0.907243 -0.729671
0.664 -0.541077 -1.00057
0.665 -0.175325 -1.27017
0.666 0.188565 -1.53744
0.667 0.549154 -1.80137
0.668 0.905013 -2.06094
0.669 1.25473 -2.31515
0.67 1.59693 -2.56304
0.671 1.93024 -2.80365
0.672 2.25336 -3.03608
0.673 2.56499 -3.25942
0.674 2.86391 -3.47283
0.675 3.14892 -3.67549
0.676 3.41891 -3.86662
0.677 3.67279 -4.04552
0.678 3.90958 -4.21148
0.679 4.12833 -4.36389
0.68 4.32817 -4.50216
0.681 4.50833 -4.62578
0.682 4.66808 -4.73428
0.683 4.80682 -4.82725
0.684 4.92398 -4.90434
0.685 5.01913 -4.96528
0.686 5.09189 -5.00985
0.687 5.14198 -5.03787
0.688 5.16923 -5.04927
0.689 5.17354 -5.04401
0.69 5.1549 -5.02212
0.691 5.11343 -4.98371
0.692 5.04929 -4.92894
0.693 4.96277 -4.85803
0.694 4.85424 -4.77128
0.695 4.72415 -4.66903
0.696 4.57306 -4.5517
0.697 4.40159 -4.41975
0.698 4.21046 -4.2737
0.699 4.00045 -4.11414
0.7 3.77245 -3.94169
0.701 3.5274 -3.75702
0.702 3.26631 -3.56087
0.703 2.99027 -3.354
0.704 2.70041 -3.13721
0.705 2.39793 -2.91136
0.706 2.08409 -2.67731
0.707 1.76018 -2.43599
0.708 1.42755 -2.18832
0.709 1.08756 -1.93525
0.71 0.741632 -1.67777
0.711 0.391188 -1.41687
0.712 0.0376838 -1.15354
0.713 -0.317417 -0.888802
0.714 -0.672641 -0.623657
0.715 -1.02652 -0.35912
0.716 -1.37757 -0.0961928
0.717 -1.72434 0.164127
0.718 -2.06539 0.420859
0.719 -2.3993 0.673038
0.72 -2.72466 0.919719
0.721 -3.04013 1.15998
0.722 -3.34439 1.39294
0.723 -3.63614 1.61773
0.724 -3.91418 1.83354
0.725 -4.17732 2.03957
0.726 -4.42445 2.23509
0.727 -4.65453 2.41939
0.728 -4.86658 2.59182
0.729 -5.05968 2.7518
0.73 -5.23301 2.89875
0.731 -5.38582 3.03221
0.732 -5.51743 3.15171
0.733 -5.62726 3.2569
0.734 -5.71481 3.34744
0.735 -5.77968 3.42308
0.736 -5.82156 3.48362
0.737 -5.84022 3.52892
0.738 -5.83554 3.55892
0.739 -5.80747 3.57361
0.74 -5.7561 3.57303
0.741 -5.68156 3.55731
0.742 -5.58411 3.52663
0.743 -5.4641 3.48122
0.744 -5.32197 3.42138
0.745 -5.15822 3.34748
0.746 -4.97349 3.25993
0.747 -4.76847 3.1592
0.748 -4.54394 3.04582
0.749 -4.30077 2.92036
0.75 -4.03988 2.78346
0.751 -3.7623 2.63577
0.752 -3.4691 2.47802
0.753 -3.16143 2.31096
0.754 -2.84048 2.13538
0.755 -2.50752 1.95212
0.756 -2.16385 1.76201
0.757 -1.81082 1.56596
0.758 -1.44984 1.36486
0.759 -1.08231 1.15964
0.76 -0.709686 0.951234
0.761 -0.33345 0.740604
0.762 0.0449127 0.528706
0.763 0.423904 0.316503
0.764 0.802022 0.104957
0.765 1.17777 -0.104974
0.766 1.54965 -0.31234
0.767 1.91619 -0.516204
0.768 2.27593 -0.715646
0.769 2.62745 -0.909766
0.77 2.96934 -1.09769
0.771 3.30025 -1.27856
0.772 3.61887 -1.45157
0.773 3.92392 -1.61593
0.774 4.2142 -1.77089
0.775 4.48855 -1.91576
0.776 4.74588 -2.04987
0.777 4.98518 -2.1726
0.778 5.20549 -2.28341
0.779 5.40595 -2.38176
0.78 5.58576 -2.4672
0.781 5.74421 -2.53933
0.782 5.88069 -2.5978
0.783 5.99466 -2.64232
0.784 6.08567 -2.67267
0.785 6.15339 -2.68868
0.786 6.19755 -2.69025
0.787 6.218 -2.67732
0.788 6.21467 -2.64993
0.789 6.1876 -2.60814
0.79 6.13692 -2.55211
0.791 6.06285 -2.48205
0.792 5.96572 -2.3982
0.793 5.84594 -2.30091
0.794 5.70401 -2.19055
0.795 5.54055 -2.06756
0.796 5.35623 -1.93244
0.797 5.15182 -1.78574
0.798 4.92818 -1.62804
0.799 4.68624 -1.46
0.8 4.42701 -1.2823
0.801 4.15156 -1.09569
0.802 3.86104 -0.900919
0.803 3.55666 -0.698812
0.804 3.23967 -0.490204
0.805 2.91139 -0.275968
0.806 2.57319 -0.0569973
0.807 2.22647 0.165788
0.808 1.87266 0.391453
0.809 1.51324 0.619047
0.81 1.14969 0.847608
0.811 0.783529 1.07617
0.812 0.416269 1.30377
0.813 0.0494405 1.52942
0.814 -0.315434 1.75219
0.815 -0.676837 1.9711
0.816 -1.03326 2.18523
0.817 -1.38323 2.39365
0.818 -1.72528 2.59548
0.819 -2.05798 2.78982
0.82 -2.37995 2.97585
0.821 -2.68984 3.15275
0.822 -2.98635 3.31975
0.823 -3.26823 3.47612
0.824 -3.53431 3.62115
0.825 -3.78347 3.75422
0.826 -4.01465 3.87471
0.827 -4.22687 3.98209
0.828 -4.41923 4.07585
0.829 -4.59092 4.15557
0.83 -4.74119 4.22087
0.831 -4.8694 4.27141
0.832 -4.97499 4.30695
0.833 -5.0575 4.32729
0.834 -5.11654 4.33228
0.835 -5.15185 4.32186
0.836 -5.16325 4.29602
0.837 -5.15066 4.25482
0.838 -5.1141 4.19837
0.839 -5.05368 4.12687
0.84 -4.96962 4.04055
0.841 -4.86223 3.93972
0.842 -4.73192 3.82477
0.843 -4.5792 3.69611
0.844 -4.40466 3.55423
0.845 -4.20899 3.39968
0.846 -3.99297 3.23306
0.847 -3.75745 3.05501
0.848 -3.50337 2.86623
0.849 -3.23176 2.66747
0.85 -2.9437 2.45952
0.851 -2.64036 2.24319
0.852 -2.32295 2.01936
0.853 -1.99278 1.78893
0.854 -1.65117 1.55282
0.855 -1.29951 1.31198
0.856 -0.939235 1.0674
0.857 -0.571817 0.820061
0.858 -0.198753 0.570974
0.859 0.178429 0.321157
0.86 0.558183 0.0716331
0.861 0.93895 -0.176572
0.862 1.31916 -0.422438
0.863 1.69726 -0.664947
0.864 2.07167 -0.903097
0.865 2.44086 -1.1359
0.866 2.80329 -1.36238
0.867 3.15745 -1.5816
0.868 3.50188 -1.79263
0.869 3.83513 -1.99459
0.87 4.15581 -2.18662
0.871 4.46257 -2.36792
0.872 4.75413 -2.5377
0.873 5.02925 -2.69525
0.874 5.28676 -2.83987
0.875 5.52556 -2.97095
0.876 5.74463 -3.0879
0.877 5.94302 -3.19022
0.878 6.11987 -3.27744
0.879 6.27439 -3.34916
0.88 6.4059 -3.40505
0.881 6.51379 -3.44483
0.882 6.59757 -3.46831
0.883 6.65682 -3.47533
0.884 6.69124 -3.46583
0.885 6.70061 -3.43979
0.886 6.68482 -3.39729
0.887 6.64387 -3.33845
0.888 6.57785 -3.26346
0.889 6.48695 -3.1726
0.89 6.37146 -3.06619
0.891 6.23179 -2.94463
0.892 6.06841 -2.80837
0.893 5.88193 -2.65794
0.894 5.67301 -2.49391
0.895 5.44243 -2.31692
0.896 5.19106 -2.12766
0.897 4.91983 -1.92688
0.898 4.62977 -1.71536
0.899 4.32199 -1.49395
0.9 3.99765 -1.26354
0.901 3.65802 -1.02505
0.902 3.30438 -0.779425
0.903 2.9381 -0.527672
0.904 2.56061 -0.270808
0.905 2.17336 -0.00987687
0.906 1.77785 0.254056
0.907 1.37564 0.519908
0.908 0.968273 0.786587
0.909 0.557354 1.05299
0.91 0.144485 1.31802
0.911 -0.268718 1.58057
0.912 -0.680637 1.83954
0.913 -1.08966 2.09384
0.914 -1.49417 2.34241
0.915 -1.89259 2.5842
0.916 -2.28335 2.81816
0.917 -2.66492 3.04331
0.918 -3.03578 3.25866
0.919 -3.39449 3.46329
0.92 -3.73963 3.65629
0.921 -4.06983 3.83682
0.922 -4.3838 4.00407
0.923 -4.6803 4.15727
0.924 -4.95817 4.29573
0.925 -5.2163 4.41879
0.926 -5.45368 4.52588
0.927 -5.66938 4.61645
0.928 -5.86254 4.69004
0.929 -6.03242 4.74626
0.93 -6.17834 4.78477
0.931 -6.29973 4.8053
0.932 -6.39612 4.80766
0.933 -6.46714 4.79173
0.934 -6.51251 4.75746
0.935 -6.53207 4.70486
0.936 -6.52575 4.63402
0.937 -6.49359 4.54512
0.938 -6.43574 4.43838
0.939 -6.35243 4.3141
0.94 -6.24401 4.17267
0.941 -6.11093 4.01452
0.942 -5.95375 3.84017
0.943 -5.77309 3.65018
0.944 -5.56971 3.4452
0.945 -5.34443 3.22591
0.946 -5.09816 2.99308
0.947 -4.83193 2.7475
0.948 -4.54679 2.49005
0.949 -4.24393 2.22163
0.95 -3.92457 1.94319
0.951 -3.59001 1.65573
0.952 -3.24161 1.36028
0.953 -2.88078 1.0579
0.954 -2.509 0.749698
0.955 -2.12779 0.436783
0.956 -1.73868 0.120299
0.957 -1.34327 -0.198598
0.958 -0.943162 -0.518737
0.959 -0.539991 -0.838942
0.96 -0.135399 -1.15804
0.961 0.268963 -1.47484
0.962 0.671447 -1.78818
0.963 1.07041 -2.09691
0.964 1.46422 -2.39987
0.965 1.85126 -2.69594
0.966 2.22996 -2.98403
0.967 2.59876 -3.26307
0.968 2.95614 -3.532
0.969 3.30065 -3.78985
0.97 3.63086 -4.03564
0.971 3.94542 -4.26846
0.972 4.24302 -4.48746
0.973 4.52244 -4.6918
0.974 4.78251 -4.88074
0.975 5.02216 -5.05358
0.976 5.24038 -5.20967
0.977 5.43627 -5.34843
0.978 5.60899 -5.46937
0.979 5.75781 -5.57203
0.98 5.88211 -5.65605
0.981 5.98132 -5.72112
0.982 6.05503 -5.76701
0.983 6.10289 -5.79356
0.984 6.12467 -5.8007
0.985 6.12024 -5.78841
0.986 6.08958 -5.75677
0.987 6.03277 -5.7059
0.988 5.94999 -5.63603
0.989 5.84155 -5.54745
0.99 5.70783 -5.4405
0.991 5.54933 -5.31563
0.992 5.36664 -5.17332
0.993 5.16047 -5.01415
0.994 4.9316 -4.83873
0.995 4.6809 -4.64777
0.996 4.40935 -4.44201
0.997 4.11799 -4.22225
0.998 3.80797 -3.98937
0.999 3.48049 -3.74426
1 3.13682 -3.48789
