0.001 2.47034e-008 1.15893e-008
0.002 2.35556e-007 9.27573e-008
0.003 1.15598e-006 3.83071e-007
0.004 3.95824e-006 1.11697e-006
0.005 1.07578e-005 2.62835e-006
0.006 2.48985e-005 5.3597e-006
0.007 5.12273e-005 9.87764e-006
0.008 9.63538e-005 1.68964e-005
0.009 0.000168895 2.7311e-005
0.01 0.000279699 4.22404e-005
0.011 0.000442052 6.30842e-005
0.012 0.000671858 9.15905e-005
0.013 0.000987797 0.000129938
0.014 0.00141145 0.000180834
0.015 0.00196743 0.000247624
0.016 0.0026834 0.000334414
0.017 0.00359017 0.000446218
0.018 0.00472168 0.000589101
0.019 0.00611501 0.000770351
0.02 0.00781029 0.000998653
0.021 0.00985064 0.00128428
0.022 0.0122821 0.00163928
0.023 0.0151533 0.00207769
0.024 0.0185155 0.00261574
0.025 0.0224224 0.00327205
0.026 0.0269296 0.00406786
0.027 0.0320947 0.00502721
0.028 0.0379766 0.00617716
0.029 0.0446358 0.00754798
0.03 0.0521332 0.00917331
0.031 0.0605306 0.0110903
0.032 0.0698897 0.01334
0.033 0.0802719 0.0159669
0.034 0.0917382 0.0190196
0.035 0.104348 0.0225508
0.036 0.11816 0.026617
0.037 0.133229 0.0312788
0.038 0.149609 0.0366009
0.039 0.167352 0.0426516
0.04 0.186504 0.0495033
0.041 0.20711 0.0572319
0.042 0.229207 0.0659167
0.043 0.252832 0.0756403
0.044 0.278013 0.086488
0.045 0.304775 0.0985478
0.046 0.333136 0.11191
0.047 0.363108 0.126665
0.048 0.394697 0.142908
0.049 0.427902 0.160731
0.05 0.462714 0.180227
0.051 0.499118 0.201491
0.052 0.53709 0.224613
0.053 0.5766 0.249684
0.054 0.61761 0.276791
0.055 0.660072 0.306017
0.056 0.703933 0.337442
0.057 0.749128 0.37114
0.058 0.795589 0.407179
0.059 0.843236 0.44562
0.06 0.891984 0.486519
0.061 0.941738 0.529919
0.062 0.992396 0.575857
0.063 1.04385 0.624358
0.064 1.09599 0.675437
0.065 1.14868 0.729097
0.066 1.2018 0.785328
0.067 1.25522 0.844107
0.068 1.30879 0.905397
0.069 1.36237 0.969145
0.07 1.41581 1.03528
0.071 1.46895 1.10373
0.072 1.52164 1.17439
0.073 1.57372 1.24715
0.074 1.62503 1.32186
0.075 1.67539 1.39839
0.076 1.72464 1.47657
0.077 1.77262 1.55621
0.078 1.81916 1.63711
0.079 1.8641 1.71907
0.08 1.90726 1.80183
0.081 1.94849 1.88517
0.082 1.98763 1.96881
0.083 2.02452 2.05247
0.084 2.059 2.13586
0.085 2.09094 2.21867
0.086 2.12018 2.3006
0.087 2.14659 2.3813
0.088 2.17004 2.46045
0.089 2.1904 2.53769
0.09 2.20757 2.61267
0.091 2.22143 2.68503
0.092 2.23188 2.75441
0.093 2.23883 2.82045
0.094 2.2422 2.88277
0.095 2.24192 2.94102
0.096 2.23793 2.99482
0.097 2.23018 3.04384
0.098 2.21862 3.08771
0.099 2.20323 3.12609
0.1 2.184 3.15865
0.101 2.1609 3.18509
0.102 2.13396 3.20508
0.103 2.10318 3.21835
0.104 2.06859 3.22462
0.105 2.03024 3.22365
0.106 1.98817 3.21522
0.107 1.94245 3.19911
0.108 1.89315 3.17515
0.109 1.84036 3.14319
0.11 1.78417 3.10312
0.111 1.72469 3.05482
0.112 1.66204 2.99825
0.113 1.59634 2.93337
0.114 1.52774 2.86019
0.115 1.45637 2.77873
0.116 1.38241 2.68909
0.117 1.306 2.59135
0.118 1.22732 2.48565
0.119 1.14655 2.37219
0.12 1.06389 2.25116
0.121 0.979513 2.12282
0.122 0.893631 1.98744
0.123 0.806446 1.84534
0.124 0.718168 1.69688
0.125 0.629009 1.54243
0.126 0.539188 1.3824
0.127 0.448925 1.21725
0.128 0.358442 1.04743
0.129 0.267963 0.873466
0.13 0.177712 0.695866
0.131 0.0879153 0.515185
0.132 -0.00120322 0.331992
0.133 -0.0894199 0.146879
0.134 -0.176513 -0.0395485
0.135 -0.262264 -0.226667
0.136 -0.346455 -0.413843
0.137 -0.428876 -0.600433
0.138 -0.509317 -0.785786
0.139 -0.587576 -0.969248
0.14 -0.663456 -1.15016
0.141 -0.736765 -1.32788
0.142 -0.807319 -1.50174
0.143 -0.874941 -1.67111
0.144 -0.939463 -1.83535
0.145 -1.00072 -1.99385
0.146 -1.05857 -2.14601
0.147 -1.11287 -2.29123
0.148 -1.16348 -2.42896
0.149 -1.21028 -2.55867
0.15 -1.25316 -2.67983
0.151 -1.29203 -2.79197
0.152 -1.3268 -2.89464
0.153 -1.35738 -2.98742
0.154 -1.38372 -3.06994
0.155 -1.40576 -3.14184
0.156 -1.42347 -3.20284
0.157 -1.43683 -3.25266
0.158 -1.44581 -3.2911
0.159 -1.45042 -3.31797
0.16 -1.45068 -3.33315
0.161 -1.44662 -3.33655
0.162 -1.43827 -3.32815
0.163 -1.42569 -3.30795
0.164 -1.40895 -3.27601
0.165 -1.38813 -3.23243
0.166 -1.36333 -3.17737
0.167 -1.33465 -3.11104
0.168 -1.30222 -3.03366
0.169 -1.26617 -2.94555
0.17 -1.22665 -2.84702
0.171 -1.18381 -2.73847
0.172 -1.13783 -2.62031
0.173 -1.08888 -2.493
0.174 -1.03717 -2.35704
0.175 -0.982882 -2.21297
0.176 -0.926239 -2.06135
0.177 -0.867462 -1.90279
0.178 -0.80678 -1.73791
0.179 -0.744433 -1.56738
0.18 -0.680664 -1.39188
0.181 -0.615728 -1.2121
0.182 -0.549882 -1.02878
0.183 -0.483389 -0.842655
0.184 -0.416519 -0.654469
0.185 -0.349541 -0.464986
0.186 -0.28273 -0.274974
0.187 -0.216363 -0.0852051
0.188 -0.150715 0.103549
0.189 -0.0860639 0.290519
0.19 -0.0226854 0.474942
0.191 0.0391466 0.656062
0.192 0.0991608 0.833135
0.193 0.15709 1.00543
0.194 0.212671 1.17225
0.195 0.265647 1.33288
0.196 0.315769 1.48668
0.197 0.362792 1.63298
0.198 0.406484 1.77118
0.199 0.44662 1.9007
0.2 0.482986 2.02099
0.201 0.515378 2.13152
0.202 0.543607 2.23182
0.203 0.567494 2.32145
0.204 0.586877 2.4
0.205 0.601606 2.46713
0.206 0.611547 2.5225
0.207 0.616583 2.56585
0.208 0.616612 2.59695
0.209 0.611552 2.61561
0.21 0.601335 2.62171
0.211 0.585916 2.61515
0.212 0.565263 2.59589
0.213 0.539369 2.56393
0.214 0.508242 2.51932
0.215 0.471911 2.46217
0.216 0.430426 2.39261
0.217 0.383855 2.31083
0.218 0.332287 2.21706
0.219 0.27583 2.11159
0.22 0.214612 1.99472
0.221 0.14878 1.86683
0.222 0.0785024 1.72831
0.223 0.00396279 1.57959
0.224 -0.0746346 1.42116
0.225 -0.157068 1.25352
0.226 -0.2431 1.07721
0.227 -0.332474 0.892818
0.228 -0.42492 0.700937
0.229 -0.520151 0.502201
0.23 -0.617868 0.297264
0.231 -0.717758 0.0868046
0.232 -0.819495 -0.128479
0.233 -0.922743 -0.347872
0.234 -1.02716 -0.570641
0.235 -1.13238 -0.796042
0.236 -1.23805 -1.02332
0.237 -1.3438 -1.25171
0.238 -1.44926 -1.48044
0.239 -1.55404 -1.70875
0.24 -1.65778 -1.93585
0.241 -1.76008 -2.16098
0.242 -1.86058 -2.38337
0.243 -1.95888 -2.60226
0.244 -2.05463 -2.81689
0.245 -2.14744 -3.02653
0.246 -2.23697 -3.23045
0.247 -2.32284 -3.42795
0.248 -2.40472 -3.61832
0.249 -2.48227 -3.80089
0.25 -2.55517 -3.97502
0.251 -2.62311 -4.14009
0.252 -2.68579 -4.29548
0.253 -2.74293 -4.44064
0.254 -2.79428 -4.57502
0.255 -2.83957 -4.69811
0.256 -2.8786 -4.80944
0.257 -2.91114 -4.90856
0.258 -2.93703 -4.99508
0.259 -2.95608 -5.06863
0.26 -2.96817 -5.12887
0.261 -2.97318 -5.17552
0.262 -2.97101 -5.20834
0.263 -2.96158 -5.22712
0.264 -2.94487 -5.2317
0.265 -2.92085 -5.22195
0.266 -2.88951 -5.19781
0.267 -2.85091 -5.15925
0.268 -2.80508 -5.10627
0.269 -2.75211 -5.03894
0.27 -2.69212 -4.95737
0.271 -2.62522 -4.8617
0.272 -2.55158 -4.75212
0.273 -2.47137 -4.62888
0.274 -2.38481 -4.49227
0.275 -2.29211 -4.3426
0.276 -2.19352 -4.18024
0.277 -2.08931 -4.00562
0.278 -1.97978 -3.81917
0.279 -1.86523 -3.62141
0.28 -1.74598 -3.41284
0.281 -1.62239 -3.19406
0.282 -1.49481 -2.96565
0.283 -1.36362 -2.72827
0.284 -1.2292 -2.48258
0.285 -1.09195 -2.22929
0.286 -0.952282 -1.96914
0.287 -0.810617 -1.70288
0.288 -0.667379 -1.43129
0.289 -0.522999 -1.15519
0.29 -0.377913 -0.875406
0.291 -0.232561 -0.59278
0.292 -0.0873804 -0.308174
0.293 0.057188 -0.022462
0.294 0.200708 0.263473
0.295 0.342745 0.548741
0.296 0.482872 0.832448
0.297 0.620667 1.1137
0.298 0.755718 1.39159
0.299 0.887621 1.66525
0.3 1.01598 1.93379
0.301 1.14043 2.19633
0.302 1.26059 2.45202
0.303 1.37611 2.70003
0.304 1.48666 2.93952
0.305 1.59194 3.16971
0.306 1.69163 3.38981
0.307 1.78546 3.5991
0.308 1.87317 3.79686
0.309 1.95454 3.98241
0.31 2.02934 4.15512
0.311 2.09739 4.31438
0.312 2.15852 4.45964
0.313 2.21259 4.59039
0.314 2.25949 4.70616
0.315 2.29912 4.80654
0.316 2.33141 4.89117
0.317 2.35633 4.95972
0.318 2.37386 5.01196
0.319 2.38401 5.04766
0.32 2.38682 5.0667
0.321 2.38234 5.06899
0.322 2.37066 5.05449
0.323 2.35189 5.02325
0.324 2.32617 4.97536
0.325 2.29366 4.91098
0.326 2.25452 4.83032
0.327 2.20898 4.73365
0.328 2.15724 4.62131
0.329 2.09956 4.49369
0.33 2.03619 4.35125
0.331 1.96743 4.1945
0.332 1.89357 4.024
0.333 1.81493 3.84036
0.334 1.73183 3.64425
0.335 1.64463 3.4364
0.336 1.55369 3.21756
0.337 1.45937 2.98856
0.338 1.36206 2.75023
0.339 1.26214 2.50347
0.34 1.16001 2.2492
0.341 1.05607 1.98839
0.342 0.950742 1.72202
0.343 0.844424 1.45109
0.344 0.737533 1.17665
0.345 0.630481 0.899747
0.346 0.523683 0.621438
0.347 0.417549 0.342798
0.348 0.312485 0.0649069
0.349 0.208893 -0.211157
0.35 0.107169 -0.484317
0.351 0.00769936 -0.753506
0.352 -0.0891361 -1.01767
0.353 -0.182969 -1.27576
0.354 -0.273443 -1.52676
0.355 -0.360214 -1.76968
0.356 -0.44295 -2.00354
0.357 -0.521336 -2.22741
0.358 -0.595072 -2.44039
0.359 -0.663876 -2.64163
0.36 -0.727481 -2.8303
0.361 -0.785641 -3.00563
0.362 -0.83813 -3.16691
0.363 -0.884739 -3.31347
0.364 -0.925282 -3.4447
0.365 -0.959595 -3.56005
0.366 -0.987534 -3.65902
0.367 -1.00898 -3.7412
0.368 -1.02383 -3.8062
0.369 -1.03202 -3.85374
0.37 -1.03349 -3.88359
0.371 -1.02821 -3.89559
0.372 -1.01619 -3.88965
0.373 -0.997429 -3.86574
0.374 -0.971984 -3.82392
0.375 -0.939918 -3.76431
0.376 -0.901321 -3.68709
0.377 -0.856305 -3.59252
0.378 -0.805005 -3.48093
0.379 -0.747578 -3.35272
0.38 -0.684205 -3.20834
0.381 -0.615085 -3.04831
0.382 -0.540438 -2.87323
0.383 -0.460507 -2.68372
0.384 -0.375549 -2.48049
0.385 -0.285844 -2.26429
0.386 -0.191687 -2.03594
0.387 -0.0933895 -1.79626
0.388 0.00872143 -1.54617
0.389 0.114304 -1.2866
0.39 0.223003 -1.01852
0.391 0.33445 -0.742937
0.392 0.448269 -0.460881
0.393 0.564071 -0.173413
0.394 0.681459 0.118388
0.395 0.800029 0.413427
0.396 0.919371 0.710596
0.397 1.03907 1.00878
0.398 1.15871 1.30686
0.399 1.27787 1.60373
0.4 1.39614 1.89827
0.401 1.51308 2.18938
0.402 1.62829 2.47597
0.403 1.74134 2.75698
0.404 1.85185 3.03136
0.405 1.95939 3.29809
0.406 2.06358 3.55618
0.407 2.16403 3.80468
0.408 2.26038 4.04268
0.409 2.35225 4.26929
0.41 2.4393 4.48368
0.411 2.52119 4.68506
0.412 2.5976 4.87271
0.413 2.66824 5.04594
0.414 2.73282 5.20412
0.415 2.79106 5.34668
0.416 2.84274 5.4731
0.417 2.88761 5.58294
0.418 2.92548 5.67581
0.419 2.95616 5.75137
0.42 2.9795 5.80936
0.421 2.99537 5.84958
0.422 3.00365 5.8719
0.423 3.00426 5.87624
0.424 2.99713 5.8626
0.425 2.98224 5.83104
0.426 2.95958 5.78168
0.427 2.92916 5.7147
0.428 2.89102 5.63035
0.429 2.84524 5.52893
0.43 2.79192 5.41082
0.431 2.73116 5.27642
0.432 2.66312 5.12622
0.433 2.58797 4.96075
0.434 2.5059 4.78058
0.435 2.41714 4.58635
0.436 2.32192 4.37873
0.437 2.22051 4.15843
0.438 2.11319 3.92622
0.439 2.00028 3.68288
0.44 1.88209 3.42923
0.441 1.75897 3.16615
0.442 1.63128 2.89451
0.443 1.49941 2.61523
0.444 1.36373 2.32923
0.445 1.22467 2.03745
0.446 1.08262 1.74087
0.447 0.938037 1.44045
0.448 0.791341 1.13717
0.449 0.64298 0.832022
0.45 0.493406 0.525976
0.451 0.343073 0.220016
0.452 0.192438 -0.0848828
0.453 0.0419616 -0.387757
0.454 -0.1079 -0.687656
0.455 -0.256689 -0.983644
0.456 -0.403956 -1.2748
0.457 -0.549253 -1.56024
0.458 -0.692141 -1.83908
0.459 -0.83219 -2.11048
0.46 -0.96898 -2.37363
0.461 -1.1021 -2.62774
0.462 -1.23116 -2.87208
0.463 -1.35578 -3.10591
0.464 -1.47559 -3.32859
0.465 -1.59025 -3.53946
0.466 -1.69943 -3.73795
0.467 -1.80282 -3.9235
0.468 -1.90013 -4.09561
0.469 -1.99111 -4.25384
0.47 -2.0755 -4.39777
0.471 -2.1531 -4.52705
0.472 -2.22371 -4.64137
0.473 -2.28716 -4.74047
0.474 -2.34331 -4.82414
0.475 -2.39205 -4.89223
0.476 -2.43328 -4.94463
0.477 -2.46696 -4.98129
0.478 -2.49303 -5.00221
0.479 -2.5115 -5.00743
0.48 -2.52239 -4.99705
0.481 -2.52574 -4.97123
0.482 -2.52163 -4.93015
0.483 -2.51017 -4.87408
0.484 -2.49147 -4.80329
0.485 -2.46569 -4.71814
0.486 -2.43301 -4.61901
0.487 -2.39363 -4.50632
0.488 -2.34778 -4.38056
0.489 -2.29569 -4.24223
0.49 -2.23765 -4.09188
0.491 -2.17393 -3.93011
0.492 -2.10485 -3.75754
0.493 -2.03073 -3.57483
0.494 -1.95192 -3.38266
0.495 -1.86876 -3.18176
0.496 -1.78162 -2.97287
0.497 -1.6909 -2.75676
0.498 -1.59698 -2.53422
0.499 -1.50027 -2.30605
0.5 -1.40116 -2.0731
0.501 -1.30009 -1.83619
0.502 -1.19747 -1.59618
0.503 -1.09371 -1.35394
0.504 -0.989255 -1.11033
0.505 -0.884512 -0.866216
0.506 -0.779906 -0.622476
0.507 -0.675853 -0.379977
0.508 -0.572765 -0.139583
0.509 -0.471047 0.0978522
0.51 -0.371094 0.331482
0.511 -0.273293 0.560477
0.512 -0.178019 0.784021
0.513 -0.0856342 1.00132
0.514 0.0035117 1.2116
0.515 0.0890855 1.41411
0.516 0.17077 1.60813
0.517 0.248264 1.79296
0.518 0.321287 1.96795
0.519 0.389576 2.13247
0.52 0.452889 2.28593
0.521 0.511003 2.42777
0.522 0.56372 2.55749
0.523 0.610861 2.67462
0.524 0.652271 2.77873
0.525 0.687819 2.86944
0.526 0.717396 2.94643
0.527 0.740916 3.00942
0.528 0.758318 3.05816
0.529 0.769566 3.09248
0.53 0.774646 3.11225
0.531 0.773566 3.1174
0.532 0.766362 3.10789
0.533 0.753089 3.08376
0.534 0.733827 3.0451
0.535 0.708676 2.99203
0.536 0.67776 2.92475
0.537 0.641223 2.84349
0.538 0.599229 2.74856
0.539 0.551962 2.64029
0.54 0.499625 2.51908
0.541 0.442437 2.38538
0.542 0.380637 2.23967
0.543 0.314477 2.0825
0.544 0.244225 1.91443
0.545 0.170162 1.7361
0.546 0.0925835 1.54816
0.547 0.011794 1.35131
0.548 -0.0718906 1.14629
0.549 -0.158146 0.933867
0.55 -0.246639 0.714831
0.551 -0.337031 0.490006
0.552 -0.428978 0.260238
0.553 -0.522132 0.0263937
0.554 -0.616141 -0.210645
0.555 -0.710655 -0.449981
0.556 -0.80532 -0.690707
0.557 -0.899785 -0.93191
0.558 -0.993701 -1.17267
0.559 -1.08672 -1.41207
0.56 -1.17851 -1.64921
0.561 -1.26872 -1.88316
0.562 -1.35704 -2.11304
0.563 -1.44313 -2.33797
0.564 -1.52669 -2.55708
0.565 -1.60742 -2.76953
0.566 -1.68503 -2.97451
0.567 -1.75924 -3.17123
0.568 -1.82978 -3.35892
0.569 -1.89639 -3.53687
0.57 -1.95885 -3.70439
0.571 -2.01692 -3.86084
0.572 -2.07041 -4.0056
0.573 -2.11911 -4.13812
0.574 -2.16285 -4.25788
0.575 -2.20148 -4.36443
0.576 -2.23485 -4.45735
0.577 -2.26284 -4.53629
0.578 -2.28534 -4.60093
0.579 -2.30227 -4.65102
0.58 -2.31356 -4.68638
0.581 -2.31915 -4.70687
0.582 -2.31902 -4.7124
0.583 -2.31316 -4.70296
0.584 -2.30157 -4.67859
0.585 -2.28426 -4.63936
0.586 -2.26129 -4.58545
0.587 -2.23272 -4.51705
0.588 -2.19861 -4.43442
0.589 -2.15906 -4.33789
0.59 -2.11419 -4.22782
0.591 -2.06411 -4.10463
0.592 -2.00898 -3.96879
0.593 -1.94894 -3.82082
0.594 -1.88418 -3.66127
0.595 -1.81487 -3.49076
0.596 -1.74122 -3.30992
0.597 -1.66343 -3.11943
0.598 -1.58173 -2.92001
0.599 -1.49635 -2.7124
0.6 -1.40754 -2.49738
0.601 -1.31556 -2.27573
0.602 -1.22065 -2.04827
0.603 -1.1231 -1.81585
0.604 -1.02318 -1.5793
0.605 -0.921179 -1.33948
0.606 -0.817373 -1.09726
0.607 -0.712059 -0.853514
0.608 -0.605531 -0.609097
0.609 -0.498086 -0.364876
0.61 -0.390022 -0.121706
0.611 -0.281636 0.11957
0.612 -0.173226 0.358123
0.613 -0.0650876 0.593141
0.614 0.0424863 0.823834
0.615 0.149206 1.04944
0.616 0.254787 1.26921
0.617 0.358949 1.48245
0.618 0.461418 1.68847
0.619 0.561929 1.88664
0.62 0.660221 2.07635
0.621 0.756046 2.25704
0.622 0.849162 2.42818
0.623 0.939339 2.58931
0.624 1.02636 2.73997
0.625 1.11001 2.87979
0.626 1.1901 3.00843
0.627 1.26644 3.12558
0.628 1.33887 3.23102
0.629 1.40722 3.32453
0.63 1.47136 3.40597
0.631 1.53116 3.47526
0.632 1.58651 3.53233
0.633 1.63731 3.57719
0.634 1.68347 3.60989
0.635 1.72494 3.63053
0.636 1.76166 3.63924
0.637 1.79361 3.63622
0.638 1.82075 3.62169
0.639 1.8431 3.59592
0.64 1.86067 3.55923
0.641 1.87348 3.51196
0.642 1.88159 3.4545
0.643 1.88506 3.38728
0.644 1.88396 3.31073
0.645 1.87838 3.22535
0.646 1.86844 3.13164
0.647 1.85425 3.03014
0.648 1.83595 2.92139
0.649 1.81368 2.80597
0.65 1.78761 2.68446
0.651 1.7579 2.55748
0.652 1.72475 2.42563
0.653 1.68833 2.28954
0.654 1.64885 2.14984
0.655 1.60653 2.00715
0.656 1.56159 1.8621
0.657 1.51424 1.71533
0.658 1.46473 1.56745
0.659 1.41328 1.41909
0.66 1.36015 1.27085
0.661 1.30558 1.12332
0.662 1.24981 0.977094
0.663 1.1931 0.832725
0.664 1.13569 0.690762
0.665 1.07784 0.551732
0.666 1.01979 0.41614
0.667 0.961795 0.284467
0.668 0.904091 0.157171
0.669 0.846917 0.0346808
0.67 0.790509 -0.0825986
0.671 0.735092 -0.194292
0.672 0.680889 -0.300054
0.673 0.62811 -0.399568
0.674 0.576961 -0.492547
0.675 0.527637 -0.578739
0.676 0.480322 -0.657918
0.677 0.435191 -0.729893
0.678 0.392407 -0.794504
0.679 0.35212 -0.851622
0.68 0.31447 -0.901151
0.681 0.279581 -0.943023
0.682 0.247567 -0.977204
0.683 0.218526 -1.00369
0.684 0.192542 -1.0225
0.685 0.169685 -1.03369
0.686 0.150013 -1.03735
0.687 0.133565 -1.03357
0.688 0.120369 -1.02251
0.689 0.110438 -1.0043
0.69 0.103767 -0.97915
0.691 0.100342 -0.947252
0.692 0.10013 -0.90884
0.693 0.103087 -0.86416
0.694 0.109155 -0.813482
0.695 0.118261 -0.757092
0.696 0.130322 -0.695291
0.697 0.145239 -0.628397
0.698 0.162905 -0.55674
0.699 0.183199 -0.480665
0.7 0.205992 -0.400524
0.701 0.231141 -0.316681
0.702 0.258498 -0.229508
0.703 0.287905 -0.139382
0.704 0.319196 -0.0466862
0.705 0.352198 0.0481918
0.706 0.386732 0.144863
0.707 0.422615 0.242936
0.708 0.459657 0.342021
0.709 0.497669 0.441729
0.71 0.536455 0.541673
0.711 0.575819 0.64147
0.712 0.615564 0.740742
0.713 0.655495 0.839119
0.714 0.695415 0.936235
0.715 0.735131 1.03173
0.716 0.774451 1.12527
0.717 0.813188 1.21651
0.718 0.851159 1.30512
0.719 0.888185 1.39079
0.72 0.924094 1.47321
0.721 0.958719 1.55212
0.722 0.991902 1.62722
0.723 1.02349 1.69826
0.724 1.05335 1.76501
0.725 1.08133 1.82723
0.726 1.10732 1.88471
0.727 1.1312 1.93727
0.728 1.15286 1.98473
0.729 1.17222 2.02694
0.73 1.18918 2.06375
0.731 1.20368 2.09505
0.732 1.21565 2.12074
0.733 1.22505 2.14075
0.734 1.23183 2.15501
0.735 1.23596 2.16347
0.736 1.23743 2.16613
0.737 1.23624 2.16298
0.738 1.23238 2.15404
0.739 1.22587 2.13934
0.74 1.21674 2.11894
0.741 1.20502 2.09293
0.742 1.19077 2.06139
0.743 1.17402 2.02443
0.744 1.15486 1.9822
0.745 1.13334 1.93484
0.746 1.10956 1.88252
0.747 1.08358 1.82541
0.748 1.05552 1.76372
0.749 1.02547 1.69767
0.75 0.993527 1.62748
0.751 0.959812 1.55339
0.752 0.924437 1.47567
0.753 0.887519 1.39457
0.754 0.84918 1.31039
0.755 0.809543 1.22339
0.756 0.768733 1.1339
0.757 0.726878 1.0422
0.758 0.684104 0.948622
0.759 0.640537 0.853473
0.76 0.596304 0.757079
0.761 0.551529 0.659767
0.762 0.506334 0.561866
0.763 0.460841 0.463703
0.764 0.415167 0.365608
0.765 0.369425 0.267907
0.766 0.323725 0.170924
0.767 0.278173 0.0749773
0.768 0.23287 -0.0196203
0.769 0.187912 -0.112563
0.77 0.14339 -0.203553
0.771 0.0993892 -0.292303
0.772 0.0559878 -0.378537
0.773 0.0132594 -0.46199
0.774 -0.028729 -0.542411
0.775 -0.0699169 -0.619564
0.776 -0.11025 -0.693228
0.777 -0.149681 -0.763198
0.778 -0.188168 -0.829289
0.779 -0.225676 -0.891331
0.78 -0.262177 -0.949177
0.781 -0.297649 -1.0027
0.782 -0.332075 -1.05178
0.783 -0.365445 -1.09635
0.784 -0.397755 -1.13633
0.785 -0.429005 -1.17167
0.786 -0.459201 -1.20237
0.787 -0.488356 -1.22842
0.788 -0.516484 -1.24984
0.789 -0.543607 -1.26669
0.79 -0.569747 -1.27902
0.791 -0.594933 -1.28693
0.792 -0.619197 -1.29053
0.793 -0.642572 -1.28996
0.794 -0.665095 -1.28536
0.795 -0.686805 -1.27692
0.796 -0.707743 -1.26482
0.797 -0.72795 -1.24926
0.798 -0.74747 -1.23049
0.799 -0.766346 -1.20873
0.8 -0.784623 -1.18425
0.801 -0.802343 -1.15731
0.802 -0.819551 -1.1282
0.803 -0.83629 -1.0972
0.804 -0.8526 -1.06461
0.805 -0.868521 -1.03075
0.806 -0.884093 -0.995918
0.807 -0.899351 -0.960433
0.808 -0.914329 -0.924611
0.809 -0.929059 -0.888769
0.81 -0.94357 -0.853223
0.811 -0.957888 -0.818285
0.812 -0.972036 -0.78426
0.813 -0.986033 -0.751448
0.814 -0.999895 -0.720139
0.815 -1.01364 -0.690614
0.816 -1.02727 -0.66314
0.817 -1.04079 -0.637971
0.818 -1.05421 -0.615347
0.819 -1.06753 -0.59549
0.82 -1.08073 -0.578603
0.821 -1.09382 -0.564871
0.822 -1.10678 -0.554459
0.823 -1.1196 -0.547508
0.824 -1.13226 -0.544139
0.825 -1.14473 -0.544448
0.826 -1.15699 -0.548507
0.827 -1.16902 -0.556363
0.828 -1.18079 -0.568039
0.829 -1.19225 -0.58353
0.83 -1.20339 -0.602809
0.831 -1.21416 -0.625821
0.832 -1.22453 -0.652485
0.833 -1.23444 -0.682696
0.834 -1.24388 -0.716324
0.835 -1.25278 -0.753214
0.836 -1.26111 -0.793188
0.837 -1.26882 -0.836045
0.838 -1.27587 -0.881564
0.839 -1.28222 -0.929501
0.84 -1.28781 -0.979593
0.841 -1.29262 -1.03156
0.842 -1.29658 -1.08511
0.843 -1.29967 -1.13993
0.844 -1.30183 -1.19569
0.845 -1.30304 -1.25205
0.846 -1.30324 -1.30868
0.847 -1.30242 -1.36522
0.848 -1.30052 -1.42131
0.849 -1.29751 -1.47659
0.85 -1.29338 -1.5307
0.851 -1.28808 -1.58327
0.852 -1.2816 -1.63394
0.853 -1.27391 -1.68235
0.854 -1.265 -1.72817
0.855 -1.25485 -1.77104
0.856 -1.24345 -1.81065
0.857 -1.23078 -1.84667
0.858 -1.21685 -1.8788
0.859 -1.20165 -1.90676
0.86 -1.18519 -1.93028
0.861 -1.16746 -1.94912
0.862 -1.14849 -1.96305
0.863 -1.12829 -1.97187
0.864 -1.10687 -1.9754
0.865 -1.08426 -1.9735
0.866 -1.06047 -1.96604
0.867 -1.03556 -1.95291
0.868 -1.00953 -1.93406
0.869 -0.982443 -1.90944
0.87 -0.95433 -1.87905
0.871 -0.925239 -1.84289
0.872 -0.895218 -1.80102
0.873 -0.86432 -1.75353
0.874 -0.832602 -1.70051
0.875 -0.800124 -1.64211
0.876 -0.766948 -1.5785
0.877 -0.733142 -1.50986
0.878 -0.698773 -1.43642
0.879 -0.663915 -1.35843
0.88 -0.628641 -1.27616
0.881 -0.59303 -1.18992
0.882 -0.55716 -1.10001
0.883 -0.521113 -1.00679
0.884 -0.484972 -0.910609
0.885 -0.448822 -0.811848
0.886 -0.412749 -0.710901
0.887 -0.376841 -0.608175
0.888 -0.341184 -0.504091
0.889 -0.305869 -0.399076
0.89 -0.270983 -0.293568
0.891 -0.236616 -0.188009
0.892 -0.202856 -0.0828441
0.893 -0.16979 0.0214806
0.894 -0.137505 0.12452
0.895 -0.106087 0.225833
0.896 -0.075619 0.324984
0.897 -0.0461834 0.421545
0.898 -0.0178594 0.515099
0.899 0.00927609 0.605241
0.9 0.0351493 0.691579
0.901 0.0596896 0.77374
0.902 0.0828301 0.851365
0.903 0.104508 0.924119
0.904 0.124665 0.991687
0.905 0.143246 1.05378
0.906 0.160203 1.11012
0.907 0.175492 1.16048
0.908 0.189074 1.20464
0.909 0.200918 1.24241
0.91 0.210996 1.27364
0.911 0.21929 1.2982
0.912 0.225784 1.316
0.913 0.230473 1.32697
0.914 0.233357 1.33108
0.915 0.234442 1.32833
0.916 0.233745 1.31875
0.917 0.231286 1.3024
0.918 0.227096 1.27937
0.919 0.221212 1.24979
0.92 0.213678 1.21381
0.921 0.204546 1.17162
0.922 0.193878 1.12343
0.923 0.181739 1.06948
0.924 0.168206 1.01004
0.925 0.153361 0.945396
0.926 0.137292 0.875873
0.927 0.120097 0.801807
0.928 0.101879 0.723558
0.929 0.0827475 0.641506
0.93 0.0628182 0.55605
0.931 0.0422132 0.467603
0.932 0.0210597 0.376592
0.933 -0.000509897 0.283457
0.934 -0.0223585 0.188649
0.935 -0.0443449 0.0926271
0.936 -0.066324 -0.00414501
0.937 -0.0881477 -0.101198
0.938 -0.109665 -0.198059
0.939 -0.130724 -0.294259
0.94 -0.151169 -0.389325
0.941 -0.170846 -0.482793
0.942 -0.189599 -0.574202
0.943 -0.207273 -0.663097
0.944 -0.223715 -0.749037
0.945 -0.238773 -0.831589
0.946 -0.252298 -0.910332
0.947 -0.264143 -0.984863
0.948 -0.274166 -1.05479
0.949 -0.28223 -1.11975
0.95 -0.288202 -1.17939
0.951 -0.291957 -1.23337
0.952 -0.293374 -1.28139
0.953 -0.292342 -1.32316
0.954 -0.288756 -1.35842
0.955 -0.282521 -1.38693
0.956 -0.273551 -1.40849
0.957 -0.261768 -1.4229
0.958 -0.247107 -1.43002
0.959 -0.229512 -1.42971
0.96 -0.208939 -1.42187
0.961 -0.185356 -1.40643
0.962 -0.158742 -1.38335
0.963 -0.129089 -1.35262
0.964 -0.0964027 -1.31424
0.965 -0.0607 -1.26826
0.966 -0.0220121 -1.21476
0.967 0.0196169 -1.15383
0.968 0.0641294 -1.08561
0.969 0.111455 -1.01025
0.97 0.161509 -0.927933
0.971 0.214194 -0.838869
0.972 0.269401 -0.743293
0.973 0.327005 -0.641467
0.974 0.386871 -0.533672
0.975 0.448853 -0.420218
0.976 0.512789 -0.301431
0.977 0.578509 -0.177663
0.978 0.645831 -0.0492805
0.979 0.714564 0.0833272
0.98 0.784507 0.219756
0.981 0.855448 0.359584
0.982 0.92717 0.502377
0.983 0.999447 0.647686
0.984 1.07205 0.79505
0.985 1.14473 0.944
0.986 1.21725 1.09405
0.987 1.28937 1.24473
0.988 1.36084 1.39553
0.989 1.4314 1.54595
0.99 1.50079 1.69551
0.991 1.56878 1.84369
0.992 1.6351 1.99
0.993 1.69951 2.13393
0.994 1.76177 2.275
0.995 1.82162 2.41271
0.996 1.87883 2.54657
0.997 1.93318 2.67612
0.998 1.98444 2.80088
0.999 2.03239 2.9204
1 2.07683 3.03424
