0.001 3.46646e-008 2.07219e-009
0.002 3.15042e-007 1.6674e-008
0.003 1.4827e-006 6.93904e-008
0.004 4.90432e-006 2.04442e-007
0.005 1.29624e-005 4.87513e-007
0.006 2.93359e-005 1.01044e-006
0.007 5.92682e-005 1.89828e-006
0.008 0.00010982 3.31909e-006
0.009 0.000190106 5.49705e-006
0.01 0.000311508 8.72907e-006
0.011 0.000487872 1.34054e-005
0.012 0.000735678 2.00343e-005
0.013 0.00107418 2.92715e-005
0.014 0.00152553 4.1954e-005
0.015 0.00211487 5.91385e-005
0.016 0.00287037 8.21452e-005
0.017 0.00382329 0.000112606
0.018 0.00500793 0.000152518
0.019 0.00646165 0.000204299
0.02 0.00822475 0.000270854
0.021 0.0103404 0.000355639
0.022 0.0128545 0.000462729
0.023 0.0158154 0.000596895
0.024 0.0192741 0.000763683
0.025 0.0232833 0.000969488
0.026 0.0278979 0.00122164
0.027 0.0331742 0.00152847
0.028 0.0391699 0.00189944
0.029 0.0459433 0.00234516
0.03 0.0535537 0.00287753
0.031 0.06206 0.00350977
0.032 0.0715214 0.00425655
0.033 0.0819958 0.00513403
0.034 0.0935404 0.00615992
0.035 0.106211 0.0073536
0.036 0.12006 0.00873611
0.037 0.135139 0.0103303
0.038 0.151496 0.0121607
0.039 0.169174 0.0142537
0.04 0.188215 0.0166377
0.041 0.208654 0.0193427
0.042 0.230521 0.0224008
0.043 0.253843 0.0258459
0.044 0.278639 0.0297137
0.045 0.304922 0.0340417
0.046 0.3327 0.0388692
0.047 0.361971 0.0442371
0.048 0.39273 0.0501881
0.049 0.424959 0.0567663
0.05 0.458637 0.0640171
0.051 0.493732 0.0719873
0.052 0.530204 0.0807249
0.053 0.568005 0.0902788
0.054 0.607078 0.100699
0.055 0.647357 0.112034
0.056 0.688767 0.124337
0.057 0.731226 0.137658
0.058 0.774641 0.152046
0.059 0.818912 0.167554
0.06 0.863929 0.184229
0.061 0.909575 0.202122
0.062 0.955725 0.22128
0.063 1.00225 0.24175
0.064 1.049 0.263574
0.065 1.09583 0.286796
0.066 1.1426 0.311455
0.067 1.18913 0.337588
0.068 1.23528 0.365229
0.069 1.28086 0.394408
0.07 1.3257 0.425151
0.071 1.36963 0.457479
0.072 1.41247 0.491412
0.073 1.45403 0.52696
0.074 1.49414 0.564132
0.075 1.53261 0.602928
0.076 1.56926 0.643346
0.077 1.6039 0.685373
0.078 1.63637 0.728995
0.079 1.66648 0.774186
0.08 1.69407 0.820916
0.081 1.71896 0.869148
0.082 1.741 0.918835
0.083 1.76003 0.969924
0.084 1.77591 1.02236
0.085 1.7885 1.07606
0.086 1.79767 1.13096
0.087 1.80331 1.18697
0.088 1.8053 1.244
0.089 1.80356 1.30195
0.09 1.798 1.3607
0.091 1.78855 1.42014
0.092 1.77516 1.48014
0.093 1.75778 1.54057
0.094 1.73639 1.6013
0.095 1.71098 1.66216
0.096 1.68155 1.72301
0.097 1.64813 1.78368
0.098 1.61075 1.844
0.099 1.56947 1.9038
0.1 1.52436 1.9629
0.101 1.47551 2.02111
0.102 1.42302 2.07824
0.103 1.36702 2.13409
0.104 1.30764 2.18847
0.105 1.24505 2.24118
0.106 1.17941 2.29201
0.107 1.1109 2.34075
0.108 1.03974 2.38721
0.109 0.966144 2.43116
0.11 0.890335 2.47241
0.111 0.812561 2.51076
0.112 0.73308 2.54599
0.113 0.652161 2.57791
0.114 0.570083 2.60632
0.115 0.487137 2.63103
0.116 0.403619 2.65186
0.117 0.319836 2.66862
0.118 0.2361 2.68115
0.119 0.152729 2.68927
0.12 0.070044 2.69284
0.121 -0.0116311 2.6917
0.122 -0.0919708 2.68572
0.123 -0.17065 2.67478
0.124 -0.247344 2.65877
0.125 -0.321732 2.63758
0.126 -0.393498 2.61113
0.127 -0.46233 2.57935
0.128 -0.527924 2.54218
0.129 -0.589985 2.49958
0.13 -0.648227 2.45153
0.131 -0.702376 2.39802
0.132 -0.752171 2.33905
0.133 -0.797364 2.27466
0.134 -0.837722 2.20489
0.135 -0.873031 2.12979
0.136 -0.903092 2.04946
0.137 -0.927726 1.96398
0.138 -0.946774 1.87349
0.139 -0.960098 1.77811
0.14 -0.96758 1.678
0.141 -0.969129 1.57333
0.142 -0.964672 1.46431
0.143 -0.954164 1.35113
0.144 -0.937584 1.23402
0.145 -0.914934 1.11324
0.146 -0.886244 0.989037
0.147 -0.851569 0.861699
0.148 -0.81099 0.731519
0.149 -0.764613 0.598806
0.15 -0.71257 0.463884
0.151 -0.655022 0.327089
0.152 -0.592151 0.188773
0.153 -0.524166 0.049296
0.154 -0.451301 -0.0909701
0.155 -0.373814 -0.231644
0.156 -0.291985 -0.372336
0.157 -0.206118 -0.512651
0.158 -0.116536 -0.652185
0.159 -0.0235853 -0.790533
0.16 0.0723706 -0.927285
0.161 0.170949 -1.06203
0.162 0.271753 -1.19435
0.163 0.374367 -1.32385
0.164 0.478364 -1.4501
0.165 0.583304 -1.57272
0.166 0.688738 -1.6913
0.167 0.794208 -1.80544
0.168 0.899246 -1.91477
0.169 1.00338 -2.01892
0.17 1.10615 -2.11752
0.171 1.20706 -2.21022
0.172 1.30565 -2.2967
0.173 1.40145 -2.37663
0.174 1.49398 -2.44971
0.175 1.58279 -2.51567
0.176 1.66743 -2.57424
0.177 1.74746 -2.62517
0.178 1.82245 -2.66826
0.179 1.89198 -2.70331
0.18 1.95566 -2.73014
0.181 2.01311 -2.74861
0.182 2.06397 -2.7586
0.183 2.10791 -2.76002
0.184 2.14461 -2.75281
0.185 2.17379 -2.73692
0.186 2.19517 -2.71236
0.187 2.20854 -2.67913
0.188 2.21368 -2.63731
0.189 2.21042 -2.58696
0.19 2.19861 -2.52819
0.191 2.17816 -2.46116
0.192 2.14898 -2.38603
0.193 2.11102 -2.303
0.194 2.06429 -2.2123
0.195 2.00881 -2.11419
0.196 1.94463 -2.00895
0.197 1.87186 -1.89691
0.198 1.79063 -1.7784
0.199 1.70111 -1.6538
0.2 1.6035 -1.52348
0.201 1.49804 -1.38788
0.202 1.38501 -1.24742
0.203 1.2647 -1.10256
0.204 1.13745 -0.953795
0.205 1.00364 -0.801609
0.206 0.863659 -0.646522
0.207 0.717938 -0.489062
0.208 0.566933 -0.329771
0.209 0.411125 -0.169206
0.21 0.251019 -0.0079294
0.211 0.087143 0.153486
0.212 -0.079954 0.314463
0.213 -0.249705 0.474419
0.214 -0.421527 0.632772
0.215 -0.594822 0.788938
0.216 -0.76898 0.942336
0.217 -0.943381 1.09239
0.218 -1.1174 1.23853
0.219 -1.2904 1.3802
0.22 -1.46176 1.51684
0.221 -1.63083 1.64793
0.222 -1.797 1.77293
0.223 -1.95962 1.89134
0.224 -2.11809 2.00268
0.225 -2.27179 2.10648
0.226 -2.42014 2.2023
0.227 -2.56255 2.28971
0.228 -2.69846 2.36834
0.229 -2.82733 2.43782
0.23 -2.94865 2.4978
0.231 -3.06191 2.548
0.232 -3.16666 2.58813
0.233 -3.26246 2.61796
0.234 -3.34889 2.63729
0.235 -3.4256 2.64595
0.236 -3.49223 2.6438
0.237 -3.54849 2.63076
0.238 -3.59411 2.60678
0.239 -3.62887 2.57182
0.24 -3.65258 2.52592
0.241 -3.6651 2.46914
0.242 -3.66633 2.40157
0.243 -3.65621 2.32336
0.244 -3.63473 2.23467
0.245 -3.60192 2.13574
0.246 -3.55785 2.02681
0.247 -3.50264 1.90816
0.248 -3.43645 1.78014
0.249 -3.35949 1.6431
0.25 -3.27201 1.49744
0.251 -3.17429 1.34359
0.252 -3.06668 1.18201
0.253 -2.94955 1.0132
0.254 -2.8233 0.837667
0.255 -2.6884 0.655972
0.256 -2.54532 0.468685
0.257 -2.39459 0.276403
0.258 -2.23677 0.0797427
0.259 -2.07244 -0.120657
0.26 -1.90221 -0.324144
0.261 -1.72672 -0.530048
0.262 -1.54665 -0.737688
0.263 -1.36267 -0.946374
0.264 -1.17548 -1.15541
0.265 -0.985823 -1.36408
0.266 -0.794414 -1.5717
0.267 -0.602004 -1.77755
0.268 -0.409343 -1.98093
0.269 -0.217188 -2.18114
0.27 -0.0262973 -2.37749
0.271 0.162574 -2.56931
0.272 0.348674 -2.75593
0.273 0.531259 -2.9367
0.274 0.709595 -3.11098
0.275 0.882963 -3.27816
0.276 1.05066 -3.43766
0.277 1.212 -3.5889
0.278 1.36633 -3.73136
0.279 1.51301 -3.86451
0.28 1.65143 -3.98789
0.281 1.78101 -4.10104
0.282 1.90121 -4.20357
0.283 2.01153 -4.29508
0.284 2.11148 -4.37526
0.285 2.20064 -4.44379
0.286 2.27862 -4.50043
0.287 2.34507 -4.54495
0.288 2.3997 -4.57719
0.289 2.44223 -4.59701
0.29 2.47248 -4.60433
0.291 2.49027 -4.59911
0.292 2.49551 -4.58134
0.293 2.48813 -4.55108
0.294 2.46812 -4.50841
0.295 2.43553 -4.45347
0.296 2.39045 -4.38644
0.297 2.33303 -4.30754
0.298 2.26347 -4.21703
0.299 2.18201 -4.11522
0.3 2.08894 -4.00246
0.301 1.98462 -3.87913
0.302 1.86943 -3.74566
0.303 1.74382 -3.6025
0.304 1.60825 -3.45015
0.305 1.46326 -3.28914
0.306 1.30942 -3.12002
0.307 1.14732 -2.94338
0.308 0.977607 -2.75984
0.309 0.800953 -2.57004
0.31 0.618062 -2.37462
0.311 0.429668 -2.17429
0.312 0.23653 -1.96972
0.313 0.0394296 -1.76164
0.314 -0.160833 -1.55077
0.315 -0.363439 -1.33784
0.316 -0.567558 -1.12358
0.317 -0.77235 -0.908746
0.318 -0.976967 -0.694075
0.319 -1.18056 -0.48031
0.32 -1.38228 -0.268185
0.321 -1.58128 -0.0584304
0.322 -1.77671 0.148238
0.323 -1.96776 0.351114
0.324 -2.15361 0.549509
0.325 -2.33346 0.742754
0.326 -2.50654 0.930198
0.327 -2.67209 1.11122
0.328 -2.8294 1.28521
0.329 -2.97776 1.45161
0.33 -3.11651 1.60987
0.331 -3.24503 1.75948
0.332 -3.36274 1.89998
0.333 -3.46908 2.03092
0.334 -3.56356 2.1519
0.335 -3.64572 2.26256
0.336 -3.71515 2.36258
0.337 -3.77149 2.45169
0.338 -3.81444 2.52965
0.339 -3.84374 2.59627
0.34 -3.8592 2.65141
0.341 -3.86065 2.69495
0.342 -3.84803 2.72685
0.343 -3.82129 2.7471
0.344 -3.78045 2.75573
0.345 -3.7256 2.75283
0.346 -3.65687 2.73851
0.347 -3.57445 2.71295
0.348 -3.47861 2.67637
0.349 -3.36962 2.62902
0.35 -3.24787 2.5712
0.351 -3.11375 2.50324
0.352 -2.96773 2.42554
0.353 -2.81032 2.33849
0.354 -2.64207 2.24256
0.355 -2.46359 2.13824
0.356 -2.27553 2.02603
0.357 -2.07857 1.90648
0.358 -1.87344 1.78017
0.359 -1.6609 1.6477
0.36 -1.44174 1.5097
0.361 -1.21678 1.3668
0.362 -0.986876 1.21966
0.363 -0.752885 1.06896
0.364 -0.515701 0.915397
0.365 -0.276227 0.759653
0.366 -0.035378 0.602436
0.367 0.205923 0.444453
0.368 0.446749 0.286411
0.369 0.686173 0.129015
0.37 0.923269 -0.0270364
0.371 1.15712 -0.18105
0.372 1.38682 -0.332345
0.373 1.61148 -0.480255
0.374 1.83022 -0.624128
0.375 2.0422 -0.763333
0.376 2.24658 -0.897259
0.377 2.44257 -1.02532
0.378 2.62941 -1.14695
0.379 2.80636 -1.26163
0.38 2.97273 -1.36885
0.381 3.12788 -1.46815
0.382 3.2712 -1.55909
0.383 3.40214 -1.64128
0.384 3.52017 -1.71436
0.385 3.62485 -1.77802
0.386 3.71578 -1.83197
0.387 3.79259 -1.87598
0.388 3.85501 -1.90986
0.389 3.90279 -1.93346
0.39 3.93577 -1.94668
0.391 3.95382 -1.94946
0.392 3.9569 -1.94179
0.393 3.94501 -1.92369
0.394 3.91823 -1.89525
0.395 3.87668 -1.85658
0.396 3.82055 -1.80785
0.397 3.75009 -1.74927
0.398 3.66562 -1.68108
0.399 3.56751 -1.60358
0.4 3.45617 -1.5171
0.401 3.33208 -1.42201
0.402 3.19579 -1.31872
0.403 3.04788 -1.20766
0.404 2.88897 -1.08932
0.405 2.71976 -0.964196
0.406 2.54096 -0.832828
0.407 2.35333 -0.695779
0.408 2.15769 -0.553635
0.409 1.95486 -0.407005
0.41 1.74571 -0.256517
0.411 1.53115 -0.102817
0.412 1.31208 0.053437
0.413 1.08945 0.211575
0.414 0.864218 0.37092
0.415 0.637346 0.530788
0.416 0.409813 0.690494
0.417 0.182601 0.849353
0.418 -0.0433083 1.00668
0.419 -0.266938 1.16181
0.42 -0.487316 1.31407
0.421 -0.703486 1.46281
0.422 -0.914504 1.60739
0.423 -1.11945 1.74719
0.424 -1.31742 1.88161
0.425 -1.50754 2.01008
0.426 -1.68898 2.13204
0.427 -1.86093 2.24698
0.428 -2.02262 2.35439
0.429 -2.17332 2.45383
0.43 -2.31236 2.54486
0.431 -2.43909 2.62711
0.432 -2.55295 2.70021
0.433 -2.65338 2.76385
0.434 -2.73993 2.81778
0.435 -2.81216 2.86176
0.436 -2.86973 2.8956
0.437 -2.91234 2.91918
0.438 -2.93974 2.93239
0.439 -2.95177 2.93519
0.44 -2.94831 2.92757
0.441 -2.92934 2.90958
0.442 -2.89486 2.8813
0.443 -2.84496 2.84287
0.444 -2.77981 2.79447
0.445 -2.69961 2.73633
0.446 -2.60465 2.6687
0.447 -2.49527 2.5919
0.448 -2.37189 2.50628
0.449 -2.23496 2.41223
0.45 -2.08502 2.31017
0.451 -1.92265 2.20058
0.452 -1.74848 2.08395
0.453 -1.5632 1.9608
0.454 -1.36755 1.83171
0.455 -1.16232 1.69725
0.456 -0.948326 1.55805
0.457 -0.72644 1.41474
0.458 -0.497563 1.26797
0.459 -0.262632 1.11842
0.46 -0.0226111 0.966773
0.461 0.221511 0.813731
0.462 0.468725 0.659999
0.463 0.718002 0.506288
0.464 0.968305 0.353312
0.465 1.21858 0.201784
0.466 1.46779 0.0524124
0.467 1.71487 -0.0941026
0.468 1.95878 -0.23707
0.469 2.19848 -0.375812
0.47 2.43295 -0.509669
0.471 2.66118 -0.637999
0.472 2.88219 -0.760183
0.473 3.09502 -0.875627
0.474 3.29874 -0.983765
0.475 3.49246 -1.08406
0.476 3.67532 -1.17601
0.477 3.84652 -1.25915
0.478 4.00527 -1.33304
0.479 4.15086 -1.3973
0.48 4.28262 -1.45158
0.481 4.39994 -1.49557
0.482 4.50226 -1.529
0.483 4.58908 -1.55166
0.484 4.65996 -1.56338
0.485 4.71454 -1.56404
0.486 4.7525 -1.55357
0.487 4.77361 -1.53194
0.488 4.7777 -1.49918
0.489 4.76466 -1.45536
0.49 4.73446 -1.40062
0.491 4.68714 -1.33512
0.492 4.62282 -1.2591
0.493 4.54165 -1.17282
0.494 4.4439 -1.07661
0.495 4.32989 -0.97083
0.496 4.19998 -0.855893
0.497 4.05465 -0.732255
0.498 3.89439 -0.600413
0.499 3.71979 -0.460904
0.5 3.53148 -0.314302
0.501 3.33016 -0.161218
0.502 3.11659 -0.00229454
0.503 2.89156 0.161793
0.504 2.65593 0.330344
0.505 2.41059 0.502629
0.506 2.15649 0.677901
0.507 1.8946 0.855389
0.508 1.62595 1.03431
0.509 1.35156 1.21386
0.51 1.07252 1.39325
0.511 0.789922 1.57164
0.512 0.504868 1.74823
0.513 0.218484 1.92221
0.514 -0.0680964 2.09276
0.515 -0.353738 2.25907
0.516 -0.637306 2.42036
0.517 -0.917671 2.57584
0.518 -1.19371 2.72476
0.519 -1.46432 2.86637
0.52 -1.72842 2.99995
0.521 -1.98495 3.12483
0.522 -2.23286 3.24034
0.523 -2.47116 3.34586
0.524 -2.69889 3.44079
0.525 -2.91512 3.5246
0.526 -3.11896 3.59676
0.527 -3.3096 3.65681
0.528 -3.48626 3.70435
0.529 -3.6482 3.73898
0.53 -3.79476 3.7604
0.531 -3.92534 3.76834
0.532 -4.03941 3.76257
0.533 -4.13647 3.74293
0.534 -4.21614 3.70932
0.535 -4.27808 3.66168
0.536 -4.32201 3.60002
0.537 -4.34776 3.5244
0.538 -4.3552 3.43494
0.539 -4.3443 3.33181
0.54 -4.31508 3.21524
0.541 -4.26766 3.08552
0.542 -4.20222 2.943
0.543 -4.11902 2.78806
0.544 -4.01838 2.62116
0.545 -3.90072 2.4428
0.546 -3.7665 2.25353
0.547 -3.61628 2.05394
0.548 -3.45065 1.84468
0.549 -3.2703 1.62643
0.55 -3.07597 1.39991
0.551 -2.86844 1.1659
0.552 -2.64857 0.925187
0.553 -2.41728 0.678606
0.554 -2.1755 0.427018
0.555 -1.92425 0.171307
0.556 -1.66456 -0.0876179
0.557 -1.39751 -0.348831
0.558 -1.12421 -0.61139
0.559 -0.845811 -0.874341
0.56 -0.563468 -1.13672
0.561 -0.278366 -1.39757
0.562 0.00829609 -1.65592
0.563 0.295312 -1.91081
0.564 0.58147 -2.16129
0.565 0.865558 -2.40641
0.566 1.14637 -2.64524
0.567 1.42271 -2.87688
0.568 1.69339 -3.10044
0.569 1.95726 -3.31506
0.57 2.21318 -3.51991
0.571 2.46004 -3.7142
0.572 2.69677 -3.89716
0.573 2.92234 -4.06807
0.574 3.13574 -4.22625
0.575 3.33605 -4.37108
0.576 3.52236 -4.50196
0.577 3.69383 -4.61837
0.578 3.84969 -4.71981
0.579 3.98922 -4.80588
0.58 4.11176 -4.87619
0.581 4.21672 -4.93044
0.582 4.30359 -4.96838
0.583 4.37192 -4.98982
0.584 4.42135 -4.99463
0.585 4.45158 -4.98276
0.586 4.46239 -4.95421
0.587 4.45364 -4.90903
0.588 4.42529 -4.84736
0.589 4.37733 -4.7694
0.59 4.30989 -4.6754
0.591 4.22314 -4.56568
0.592 4.11733 -4.44061
0.593 3.9928 -4.30064
0.594 3.84998 -4.14627
0.595 3.68934 -3.97806
0.596 3.51146 -3.79661
0.597 3.31696 -3.60259
0.598 3.10655 -3.39671
0.599 2.88101 -3.17974
0.6 2.64116 -2.95248
0.601 2.3879 -2.71578
0.602 2.12218 -2.47052
0.603 1.84501 -2.21763
0.604 1.55744 -1.95807
0.605 1.26056 -1.69282
0.606 0.955524 -1.42288
0.607 0.643495 -1.14928
0.608 0.325683 -0.873067
0.609 0.00332006 -0.595301
0.61 -0.322338 -0.317046
0.611 -0.650021 -0.0393718
0.612 -0.978446 0.236649
0.613 -1.30632 0.509951
0.614 -1.63236 0.779474
0.615 -1.95528 1.04417
0.616 -2.2738 1.30301
0.617 -2.58665 1.55498
0.618 -2.8926 1.7991
0.619 -3.19042 2.03441
0.62 -3.47893 2.25998
0.621 -3.75697 2.47493
0.622 -4.02343 2.67839
0.623 -4.27723 2.86956
0.624 -4.51736 3.04769
0.625 -4.74283 3.21205
0.626 -4.95274 3.36199
0.627 -5.14623 3.49689
0.628 -5.32251 3.6162
0.629 -5.48085 3.71944
0.63 -5.62061 3.80618
0.631 -5.74119 3.87604
0.632 -5.8421 3.92872
0.633 -5.9229 3.96399
0.634 -5.98324 3.98168
0.635 -6.02286 3.98169
0.636 -6.04157 3.96398
0.637 -6.03926 3.92858
0.638 -6.01591 3.87561
0.639 -5.97159 3.80523
0.64 -5.90644 3.71767
0.641 -5.8207 3.61325
0.642 -5.71466 3.49234
0.643 -5.58874 3.35538
0.644 -5.44339 3.20285
0.645 -5.27917 3.03533
0.646 -5.09671 2.85342
0.647 -4.8967 2.65781
0.648 -4.67991 2.44923
0.649 -4.44718 2.22844
0.65 -4.19941 1.99629
0.651 -3.93757 1.75364
0.652 -3.66267 1.50141
0.653 -3.37578 1.24055
0.654 -3.07803 0.972051
0.655 -2.77058 0.696929
0.656 -2.45464 0.41623
0.657 -2.13143 0.131021
0.658 -1.80224 -0.157611
0.659 -1.46836 -0.448564
0.66 -1.1311 -0.740729
0.661 -0.791776 -1.03299
0.662 -0.451739 -1.32422
0.663 -0.112323 -1.61332
0.664 0.225133 -1.89916
0.665 0.559299 -2.18067
0.666 0.888857 -2.45674
0.667 1.21251 -2.72633
0.668 1.52897 -2.9884
0.669 1.837 -3.24193
0.67 2.13539 -3.48595
0.671 2.42295 -3.71952
0.672 2.69855 -3.94175
0.673 2.96111 -4.15176
0.674 3.2096 -4.34875
0.675 3.44303 -4.53196
0.676 3.66049 -4.70067
0.677 3.86113 -4.85424
0.678 4.04416 -4.99207
0.679 4.20887 -5.11362
0.68 4.35462 -5.21842
0.681 4.48084 -5.30606
0.682 4.58706 -5.3762
0.683 4.67286 -5.42855
0.684 4.73793 -5.46291
0.685 4.78202 -5.47915
0.686 4.80499 -5.47719
0.687 4.80676 -5.45703
0.688 4.78736 -5.41874
0.689 4.74689 -5.36246
0.69 4.68553 -5.28841
0.691 4.60358 -5.19684
0.692 4.50137 -5.08811
0.693 4.37935 -4.96263
0.694 4.23805 -4.82086
0.695 4.07806 -4.66335
0.696 3.90006 -4.49068
0.697 3.7048 -4.3035
0.698 3.49309 -4.10253
0.699 3.26583 -3.88851
0.7 3.02396 -3.66227
0.701 2.7685 -3.42464
0.702 2.50051 -3.17653
0.703 2.22111 -2.91887
0.704 1.93145 -2.65262
0.705 1.63276 -2.3788
0.706 1.32627 -2.09842
0.707 1.01326 -1.81255
0.708 0.695029 -1.52224
0.709 0.372907 -1.22858
0.71 0.0482338 -0.932678
0.711 -0.277636 -0.635625
0.712 -0.603346 -0.338527
0.713 -0.927535 -0.0424854
0.714 -1.24885 0.251405
0.715 -1.56595 0.542062
0.716 -1.87751 0.828416
0.717 -2.18222 1.10942
0.718 -2.47881 1.38405
0.719 -2.76603 1.65131
0.72 -3.04268 1.91023
0.721 -3.30758 2.15989
0.722 -3.55962 2.39939
0.723 -3.79774 2.62789
0.724 -4.02091 2.84458
0.725 -4.2282 3.04871
0.726 -4.41872 3.23959
0.727 -4.59164 3.41655
0.728 -4.74621 3.57903
0.729 -4.88177 3.72647
0.73 -4.99772 3.85842
0.731 -5.09353 3.97447
0.732 -5.16877 4.07428
0.733 -5.22309 4.15758
0.734 -5.25622 4.22414
0.735 -5.26798 4.27384
0.736 -5.25827 4.30661
0.737 -5.22708 4.32242
0.738 -5.17449 4.32135
0.739 -5.10066 4.30354
0.74 -5.00585 4.26916
0.741 -4.89039 4.2185
0.742 -4.75471 4.15188
0.743 -4.5993 4.06968
0.744 -4.42476 3.97236
0.745 -4.23173 3.86044
0.746 -4.02097 3.73448
0.747 -3.79327 3.5951
0.748 -3.54952 3.443
0.749 -3.29065 3.27888
0.75 -3.01768 3.10354
0.751 -2.73167 2.91777
0.752 -2.43373 2.72244
0.753 -2.12504 2.51844
0.754 -1.80679 2.3067
0.755 -1.48024 2.08816
0.756 -1.14667 1.86381
0.757 -0.807403 1.63464
0.758 -0.463761 1.40167
0.759 -0.117103 1.16593
0.76 0.231203 0.928445
0.761 0.579782 0.690264
0.762 0.92726 0.452422
0.763 1.27226 0.215953
0.764 1.61343 -0.0181189
0.765 1.94941 -0.248782
0.766 2.27888 -0.475041
0.767 2.60054 -0.695925
0.768 2.91311 -0.910486
0.769 3.21537 -1.11781
0.77 3.50612 -1.317
0.771 3.78422 -1.50722
0.772 4.04856 -1.68765
0.773 4.29812 -1.85754
0.774 4.53191 -2.01616
0.775 4.74901 -2.16285
0.776 4.94858 -2.29699
0.777 5.12983 -2.41801
0.778 5.29207 -2.52541
0.779 5.43467 -2.61874
0.78 5.55707 -2.69762
0.781 5.65882 -2.76172
0.782 5.73953 -2.81078
0.783 5.7989 -2.84461
0.784 5.83673 -2.86307
0.785 5.85289 -2.8661
0.786 5.84733 -2.85369
0.787 5.82013 -2.82592
0.788 5.77141 -2.78292
0.789 5.70141 -2.72487
0.79 5.61044 -2.65205
0.791 5.49889 -2.56477
0.792 5.36725 -2.46341
0.793 5.21608 -2.34842
0.794 5.04604 -2.2203
0.795 4.85782 -2.07961
0.796 4.65224 -1.92696
0.797 4.43014 -1.763
0.798 4.19247 -1.58844
0.799 3.94022 -1.40404
0.8 3.67444 -1.21059
0.801 3.39623 -1.00893
0.802 3.10676 -0.79991
0.803 2.80723 -0.584443
0.804 2.49888 -0.363449
0.805 2.18299 -0.137879
0.806 1.86087 0.0913005
0.807 1.53386 0.323105
0.808 1.20331 0.556541
0.809 0.870592 0.790606
0.81 0.53708 1.0243
0.811 0.204156 1.25661
0.812 -0.126805 1.48654
0.813 -0.454433 1.71312
0.814 -0.777374 1.93535
0.815 -1.09429 2.1523
0.816 -1.40388 2.36302
0.817 -1.70486 2.5666
0.818 -1.99598 2.76218
0.819 -2.27605 2.9489
0.82 -2.5439 3.12597
0.821 -2.79843 3.2926
0.822 -3.03859 3.44809
0.823 -3.26339 3.59175
0.824 -3.47189 3.72296
0.825 -3.66324 3.84114
0.826 -3.83664 3.94578
0.827 -3.99138 4.03641
0.828 -4.12681 4.11263
0.829 -4.24239 4.17409
0.83 -4.33762 4.22052
0.831 -4.41212 4.25169
0.832 -4.46558 4.26746
0.833 -4.49777 4.26773
0.834 -4.50856 4.25247
0.835 -4.49791 4.22174
0.836 -4.46586 4.17564
0.837 -4.41254 4.11434
0.838 -4.33817 4.03807
0.839 -4.24306 3.94714
0.84 -4.1276 3.84191
0.841 -3.99226 3.72279
0.842 -3.83762 3.59027
0.843 -3.6643 3.44489
0.844 -3.47302 3.28724
0.845 -3.26458 3.11796
0.846 -3.03984 2.93775
0.847 -2.79974 2.74734
0.848 -2.54526 2.54753
0.849 -2.27746 2.33914
0.85 -1.99746 2.12302
0.851 -1.70641 1.90008
0.852 -1.40554 1.67123
0.853 -1.09608 1.43743
0.854 -0.779337 1.19966
0.855 -0.456616 0.958892
0.856 -0.129268 0.716143
0.857 0.201342 0.472422
0.858 0.533833 0.22875
0.859 0.866815 -0.013855
0.86 1.19889 -0.254375
0.861 1.52868 -0.491802
0.862 1.85478 -0.725139
0.863 2.17584 -0.953402
0.864 2.4905 -1.17563
0.865 2.79744 -1.39089
0.866 3.09535 -1.59827
0.867 3.38298 -1.79689
0.868 3.6591 -1.98591
0.869 3.92255 -2.16453
0.87 4.17219 -2.33199
0.871 4.40696 -2.48757
0.872 4.62585 -2.63061
0.873 4.8279 -2.76049
0.874 5.01225 -2.87666
0.875 5.17809 -2.97862
0.876 5.32467 -3.06591
0.877 5.45135 -3.13817
0.878 5.55755 -3.19506
0.879 5.64278 -3.23634
0.88 5.70662 -3.26182
0.881 5.74877 -3.27136
0.882 5.76897 -3.26492
0.883 5.7671 -3.2425
0.884 5.74308 -3.20419
0.885 5.69697 -3.15012
0.886 5.62888 -3.08051
0.887 5.53902 -2.99564
0.888 5.4277 -2.89585
0.889 5.29531 -2.78155
0.89 5.14232 -2.6532
0.891 4.9693 -2.51134
0.892 4.77688 -2.35655
0.893 4.56578 -2.18948
0.894 4.3368 -2.01081
0.895 4.09081 -1.82131
0.896 3.82875 -1.62176
0.897 3.55162 -1.41301
0.898 3.2605 -1.19593
0.899 2.9565 -0.971438
0.9 2.64081 -0.740497
0.901 2.31464 -0.504085
0.902 1.97928 -0.26321
0.903 1.63603 -0.0189025
0.904 1.28622 0.227788
0.905 0.931238 0.475801
0.906 0.57246 0.724063
0.907 0.211297 0.9715
0.908 -0.150833 1.21703
0.909 -0.512508 1.45959
0.91 -0.872305 1.69811
0.911 -1.22881 1.93154
0.912 -1.58062 2.15884
0.913 -1.92634 2.379
0.914 -2.26463 2.59104
0.915 -2.59414 2.79399
0.916 -2.91357 2.98693
0.917 -3.22168 3.16898
0.918 -3.51724 3.33929
0.919 -3.79909 3.49705
0.92 -4.06612 3.64153
0.921 -4.31729 3.77201
0.922 -4.5516 3.88785
0.923 -4.76814 3.98846
0.924 -4.96607 4.07331
0.925 -5.14459 4.14193
0.926 -5.30303 4.19392
0.927 -5.44077 4.22895
0.928 -5.55727 4.24674
0.929 -5.65209 4.24708
0.93 -5.72486 4.22986
0.931 -5.77533 4.195
0.932 -5.8033 4.14253
0.933 -5.80869 4.07251
0.934 -5.7915 3.98509
0.935 -5.75182 3.88052
0.936 -5.68983 3.75906
0.937 -5.60581 3.62109
0.938 -5.50012 3.46703
0.939 -5.3732 3.29738
0.94 -5.22559 3.11269
0.941 -5.05792 2.91359
0.942 -4.87087 2.70076
0.943 -4.66523 2.47493
0.944 -4.44184 2.23689
0.945 -4.20165 1.9875
0.946 -3.94563 1.72763
0.947 -3.67484 1.45823
0.948 -3.39041 1.18027
0.949 -3.0935 0.894773
0.95 -2.78534 0.602779
0.951 -2.46719 0.305369
0.952 -2.14037 0.00364324
0.953 -1.80622 -0.301275
0.954 -1.46611 -0.608246
0.955 -1.12144 -0.91612
0.956 -0.773635 -1.22374
0.957 -0.424119 -1.52994
0.958 -0.074332 -1.83356
0.959 0.274287 -2.13346
0.96 0.620304 -2.42849
0.961 0.962293 -2.71753
0.962 1.29885 -2.99946
0.963 1.62858 -3.27321
0.964 1.95012 -3.53773
0.965 2.26216 -3.79199
0.966 2.5634 -4.03502
0.967 2.85259 -4.26588
0.968 3.12854 -4.48366
0.969 3.39011 -4.68752
0.97 3.6362 -4.87666
0.971 3.8658 -5.05035
0.972 4.07795 -5.20789
0.973 4.27175 -5.34868
0.974 4.44641 -5.47215
0.975 4.60117 -5.5778
0.976 4.73539 -5.66522
0.977 4.84849 -5.73405
0.978 4.93999 -5.784
0.979 5.00948 -5.81486
0.98 5.05665 -5.8265
0.981 5.08129 -5.81884
0.982 5.08326 -5.79191
0.983 5.06252 -5.74577
0.984 5.01913 -5.6806
0.985 4.95322 -5.59661
0.986 4.86505 -5.49412
0.987 4.75493 -5.3735
0.988 4.62328 -5.2352
0.989 4.47059 -5.07972
0.99 4.29747 -4.90766
0.991 4.10458 -4.71965
0.992 3.89266 -4.5164
0.993 3.66255 -4.29869
0.994 3.41515 -4.06732
0.995 3.15143 -3.82318
0.996 2.87243 -3.56719
0.997 2.57925 -3.30032
0.998 2.27305 -3.02359
0.999 1.95504 -2.73805
1 1.62647 -2.44478
