0.001 3.40494e-008 2.54819e-009
0.002 3.10129e-007 2.04659e-008
0.003 1.46248e-006 8.49356e-008
0.004 4.8457e-006 2.4928e-007
0.005 1.28255e-005 5.9142e-007
0.006 2.90598e-005 1.218e-006
0.007 5.87665e-005 2.27062e-006
0.008 0.000108977 3.9346e-006
0.009 0.000188773 6.45066e-006
0.01 0.000309501 1.01299e-005
0.011 0.000484968 1.53721e-005
0.012 0.000731611 2.26884e-005
0.013 0.00106864 3.27276e-005
0.014 0.00151817 4.63068e-005
0.015 0.00210529 6.44463e-005
0.016 0.00285812 8.84095e-005
0.017 0.00380788 0.000119746
0.018 0.00498883 0.000160343
0.019 0.00643827 0.000212471
0.02 0.00819646 0.00027885
0.021 0.0103065 0.000362702
0.022 0.0128143 0.00046782
0.023 0.0157682 0.000598636
0.024 0.019219 0.000760286
0.025 0.0232196 0.000958692
0.026 0.0278247 0.00120063
0.027 0.0330906 0.0014938
0.028 0.0390749 0.00184693
0.029 0.045836 0.00226982
0.03 0.0534331 0.00277343
0.031 0.0619251 0.00336997
0.032 0.071371 0.00407297
0.033 0.081829 0.0048973
0.034 0.0933559 0.00585933
0.035 0.106007 0.00697692
0.036 0.119837 0.00826947
0.037 0.134894 0.00975805
0.038 0.151228 0.0114654
0.039 0.168882 0.0134158
0.04 0.187897 0.0156354
0.041 0.208308 0.0181522
0.042 0.230146 0.0209957
0.043 0.253437 0.0241973
0.044 0.278199 0.0277901
0.045 0.304446 0.0318088
0.046 0.332185 0.0362899
0.047 0.361415 0.0412715
0.048 0.392129 0.046793
0.049 0.42431 0.0528956
0.05 0.457935 0.0596217
0.051 0.492972 0.0670148
0.052 0.529382 0.0751196
0.053 0.567115 0.0839819
0.054 0.606113 0.0936482
0.055 0.646311 0.104166
0.056 0.687632 0.115582
0.057 0.729993 0.127944
0.058 0.773301 0.141301
0.059 0.817454 0.1557
0.06 0.862342 0.171188
0.061 0.907847 0.187812
0.062 0.953842 0.205616
0.063 1.00019 0.224646
0.064 1.04676 0.244943
0.065 1.09339 0.266549
0.066 1.13993 0.289502
0.067 1.18622 0.313838
0.068 1.2321 0.339591
0.069 1.27739 0.36679
0.07 1.32192 0.395463
0.071 1.36551 0.425632
0.072 1.40797 0.457316
0.073 1.44913 0.49053
0.074 1.4888 0.525283
0.075 1.5268 0.56158
0.076 1.56294 0.59942
0.077 1.59704 0.638798
0.078 1.62891 0.679701
0.079 1.65839 0.72211
0.08 1.6853 0.766001
0.081 1.70947 0.811342
0.082 1.73073 0.858096
0.083 1.74894 0.906216
0.084 1.76395 0.955651
0.085 1.77561 1.00634
0.086 1.78379 1.05822
0.087 1.78839 1.11121
0.088 1.78928 1.16523
0.089 1.78638 1.22018
0.09 1.7796 1.27599
0.091 1.76886 1.33253
0.092 1.75413 1.38969
0.093 1.73534 1.44736
0.094 1.71248 1.5054
0.095 1.68553 1.56369
0.096 1.65451 1.62208
0.097 1.61943 1.68043
0.098 1.58033 1.73857
0.099 1.53726 1.79635
0.1 1.49031 1.85361
0.101 1.43957 1.91017
0.102 1.38513 1.96586
0.103 1.32712 2.0205
0.104 1.26569 2.0739
0.105 1.201 2.12588
0.106 1.13321 2.17625
0.107 1.06253 2.22481
0.108 0.989152 2.27138
0.109 0.913308 2.31576
0.11 0.835232 2.35776
0.111 0.755173 2.39718
0.112 0.673395 2.43383
0.113 0.590174 2.46752
0.114 0.505796 2.49808
0.115 0.420559 2.5253
0.116 0.334767 2.54902
0.117 0.248735 2.56906
0.118 0.162785 2.58526
0.119 0.0772409 2.59744
0.12 -0.00756506 2.60547
0.121 -0.0912997 2.6092
0.122 -0.173628 2.60848
0.123 -0.254214 2.6032
0.124 -0.332724 2.59323
0.125 -0.408826 2.57849
0.126 -0.482193 2.55886
0.127 -0.552503 2.53428
0.128 -0.61944 2.50468
0.129 -0.682698 2.47001
0.13 -0.741981 2.43022
0.131 -0.797004 2.3853
0.132 -0.847493 2.33524
0.133 -0.893191 2.28005
0.134 -0.933855 2.21975
0.135 -0.969257 2.15438
0.136 -0.999191 2.084
0.137 -1.02347 2.0087
0.138 -1.04192 1.92855
0.139 -1.05439 1.84367
0.14 -1.06076 1.75419
0.141 -1.06094 1.66025
0.142 -1.05483 1.56202
0.143 -1.04239 1.45966
0.144 -1.02359 1.35339
0.145 -0.998419 1.2434
0.146 -0.966913 1.12992
0.147 -0.929118 1.01321
0.148 -0.88511 0.893511
0.149 -0.834995 0.771104
0.15 -0.778903 0.646276
0.151 -0.716993 0.519325
0.152 -0.649448 0.390564
0.153 -0.576479 0.260318
0.154 -0.498322 0.12892
0.155 -0.415238 -0.00328498
0.156 -0.327512 -0.135943
0.157 -0.235454 -0.268695
0.158 -0.139395 -0.401172
0.159 -0.0396886 -0.533003
0.16 0.0632923 -0.663809
0.161 0.169155 -0.793213
0.162 0.277488 -0.920831
0.163 0.387866 -1.04628
0.164 0.499847 -1.16919
0.165 0.612975 -1.28917
0.166 0.726784 -1.40584
0.167 0.840798 -1.51885
0.168 0.954533 -1.62782
0.169 1.0675 -1.7324
0.17 1.1792 -1.83224
0.171 1.28914 -1.92701
0.172 1.39682 -2.01638
0.173 1.50175 -2.10005
0.174 1.60344 -2.1777
0.175 1.7014 -2.24907
0.176 1.79515 -2.31388
0.177 1.88422 -2.3719
0.178 1.96817 -2.42289
0.179 2.04655 -2.46665
0.18 2.11894 -2.50299
0.181 2.18493 -2.53175
0.182 2.24413 -2.55279
0.183 2.29618 -2.56599
0.184 2.34073 -2.57126
0.185 2.37747 -2.56853
0.186 2.40612 -2.55777
0.187 2.4264 -2.53895
0.188 2.43809 -2.5121
0.189 2.44099 -2.47725
0.19 2.43493 -2.43447
0.191 2.41977 -2.38385
0.192 2.39541 -2.32552
0.193 2.36178 -2.25962
0.194 2.31887 -2.18634
0.195 2.26666 -2.10586
0.196 2.20521 -2.01844
0.197 2.13459 -1.92431
0.198 2.05492 -1.82376
0.199 1.96635 -1.7171
0.2 1.86907 -1.60465
0.201 1.76331 -1.48678
0.202 1.64932 -1.36384
0.203 1.52742 -1.23625
0.204 1.39792 -1.10441
0.205 1.26119 -0.968753
0.206 1.11764 -0.829737
0.207 0.967677 -0.687826
0.208 0.811774 -0.5435
0.209 0.650412 -0.397253
0.21 0.484104 -0.249589
0.211 0.313388 -0.101023
0.212 0.138823 0.047925
0.213 -0.0390097 0.196727
0.214 -0.21951 0.344851
0.215 -0.402061 0.491763
0.216 -0.586034 0.63693
0.217 -0.770785 0.77982
0.218 -0.955662 0.919902
0.219 -1.14001 1.05665
0.22 -1.32316 1.18956
0.221 -1.50445 1.31811
0.222 -1.68321 1.44181
0.223 -1.85879 1.56018
0.224 -2.03052 1.67275
0.225 -2.19777 1.77907
0.226 -2.3599 1.8787
0.227 -2.51629 1.97123
0.228 -2.66633 2.05627
0.229 -2.80944 2.13346
0.23 -2.94506 2.20244
0.231 -3.07264 2.2629
0.232 -3.19167 2.31456
0.233 -3.30167 2.35714
0.234 -3.40219 2.39043
0.235 -3.4928 2.41421
0.236 -3.57312 2.42833
0.237 -3.6428 2.43264
0.238 -3.70152 2.42705
0.239 -3.74901 2.41149
0.24 -3.78505 2.38593
0.241 -3.80944 2.35036
0.242 -3.82204 2.30483
0.243 -3.82275 2.2494
0.244 -3.81151 2.18419
0.245 -3.78831 2.10935
0.246 -3.75319 2.02504
0.247 -3.70623 1.93147
0.248 -3.64755 1.82891
0.249 -3.57733 1.71762
0.25 -3.49579 1.59792
0.251 -3.40319 1.47015
0.252 -3.29984 1.33469
0.253 -3.18609 1.19194
0.254 -3.06234 1.04233
0.255 -2.92902 0.886313
0.256 -2.7866 0.72438
0.257 -2.63559 0.557035
0.258 -2.47655 0.384806
0.259 -2.31006 0.20824
0.26 -2.13672 0.0279048
0.261 -1.95719 -0.155618
0.262 -1.77213 -0.341732
0.263 -1.58224 -0.529827
0.264 -1.38824 -0.719287
0.265 -1.19087 -0.909484
0.266 -0.990873 -1.09979
0.267 -0.78903 -1.28956
0.268 -0.586116 -1.47817
0.269 -0.382918 -1.66498
0.27 -0.180227 -1.84936
0.271 0.0211634 -2.03069
0.272 0.22046 -2.20835
0.273 0.416878 -2.38173
0.274 0.609635 -2.55024
0.275 0.797966 -2.71331
0.276 0.981115 -2.87037
0.277 1.15835 -3.02087
0.278 1.32894 -3.16431
0.279 1.49221 -3.30018
0.28 1.64748 -3.42802
0.281 1.79412 -3.54737
0.282 1.93151 -3.65783
0.283 2.0591 -3.75899
0.284 2.17633 -3.85053
0.285 2.28272 -3.9321
0.286 2.37781 -4.00342
0.287 2.46119 -4.06426
0.288 2.53248 -4.11438
0.289 2.59138 -4.15361
0.29 2.6376 -4.18182
0.291 2.67092 -4.1989
0.292 2.69118 -4.2048
0.293 2.69825 -4.19949
0.294 2.69206 -4.18299
0.295 2.6726 -4.15536
0.296 2.63991 -4.11669
0.297 2.59408 -4.06714
0.298 2.53525 -4.00686
0.299 2.46363 -3.93608
0.3 2.37945 -3.85504
0.301 2.28303 -3.76403
0.302 2.17472 -3.66338
0.303 2.05491 -3.55345
0.304 1.92406 -3.43462
0.305 1.78267 -3.30732
0.306 1.63127 -3.172
0.307 1.47044 -3.02913
0.308 1.30081 -2.87924
0.309 1.12305 -2.72285
0.31 0.937842 -2.5605
0.311 0.745926 -2.39279
0.312 0.54806 -2.22031
0.313 0.345031 -2.04365
0.314 0.137651 -1.86345
0.315 -0.0732463 -1.68035
0.316 -0.286811 -1.49498
0.317 -0.502178 -1.308
0.318 -0.718472 -1.12007
0.319 -0.934809 -0.931837
0.32 -1.1503 -0.743962
0.321 -1.36406 -0.5571
0.322 -1.57521 -0.371896
0.323 -1.78286 -0.188991
0.324 -1.98616 -0.00901211
0.325 -2.18424 0.167424
0.326 -2.37627 0.339718
0.327 -2.56143 0.507287
0.328 -2.73895 0.669568
0.329 -2.90804 0.826023
0.33 -3.06799 0.976134
0.331 -3.21809 1.11941
0.332 -3.35768 1.2554
0.333 -3.48613 1.38365
0.334 -3.60288 1.50378
0.335 -3.70738 1.61542
0.336 -3.79915 1.71823
0.337 -3.87774 1.81191
0.338 -3.94277 1.89621
0.339 -3.99391 1.9709
0.34 -4.03087 2.0358
0.341 -4.05344 2.09076
0.342 -4.06144 2.13567
0.343 -4.05476 2.17048
0.344 -4.03336 2.19516
0.345 -3.99724 2.20972
0.346 -3.94646 2.21422
0.347 -3.88117 2.20876
0.348 -3.80153 2.19346
0.349 -3.7078 2.16851
0.35 -3.60027 2.13412
0.351 -3.4793 2.09054
0.352 -3.3453 2.03805
0.353 -3.19874 1.97697
0.354 -3.04013 1.90766
0.355 -2.87005 1.8305
0.356 -2.6891 1.74592
0.357 -2.49795 1.65436
0.358 -2.2973 1.55629
0.359 -2.0879 1.45221
0.36 -1.87052 1.34264
0.361 -1.64599 1.22812
0.362 -1.41515 1.10921
0.363 -1.17886 0.986491
0.364 -0.938043 0.860551
0.365 -0.693604 0.731991
0.366 -0.446482 0.60142
0.367 -0.197628 0.469457
0.368 0.0520003 0.33672
0.369 0.301438 0.203832
0.37 0.549718 0.0714124
0.371 0.795877 -0.0599222
0.372 1.03896 -0.189562
0.373 1.27801 -0.316908
0.374 1.5121 -0.441368
0.375 1.74032 -0.56237
0.376 1.96177 -0.679354
0.377 2.17557 -0.79178
0.378 2.3809 -0.899128
0.379 2.57694 -1.0009
0.38 2.76293 -1.09664
0.381 2.93812 -1.18588
0.382 3.10184 -1.26822
0.383 3.25343 -1.34328
0.384 3.3923 -1.4107
0.385 3.5179 -1.47016
0.386 3.62974 -1.52139
0.387 3.72738 -1.56413
0.388 3.81044 -1.59818
0.389 3.87859 -1.62336
0.39 3.93159 -1.63954
0.391 3.96921 -1.64664
0.392 3.99133 -1.6446
0.393 3.99787 -1.6334
0.394 3.98882 -1.61308
0.395 3.96423 -1.5837
0.396 3.92421 -1.54537
0.397 3.86896 -1.49824
0.398 3.7987 -1.44249
0.399 3.71374 -1.37835
0.4 3.61446 -1.30607
0.401 3.50127 -1.22595
0.402 3.37466 -1.13833
0.403 3.23517 -1.04357
0.404 3.0834 -0.942067
0.405 2.91998 -0.834243
0.406 2.74562 -0.720554
0.407 2.56106 -0.601481
0.408 2.36708 -0.477529
0.409 2.16451 -0.349225
0.41 1.95422 -0.217117
0.411 1.7371 -0.0817681
0.412 1.51408 0.0562418
0.413 1.28611 0.19632
0.414 1.05418 0.337865
0.415 0.819274 0.480267
0.416 0.582405 0.622911
0.417 0.344595 0.76518
0.418 0.106871 0.906457
0.419 -0.129739 1.04613
0.42 -0.364209 1.18359
0.421 -0.595517 1.31824
0.422 -0.822655 1.44949
0.423 -1.04463 1.57676
0.424 -1.26046 1.6995
0.425 -1.4692 1.81717
0.426 -1.66992 1.92925
0.427 -1.86173 2.03524
0.428 -2.04378 2.13467
0.429 -2.21523 2.2271
0.43 -2.37531 2.31212
0.431 -2.5233 2.38934
0.432 -2.6585 2.45841
0.433 -2.78028 2.51903
0.434 -2.88807 2.57091
0.435 -2.98134 2.61382
0.436 -3.05963 2.64754
0.437 -3.12255 2.67193
0.438 -3.16976 2.68686
0.439 -3.20098 2.69225
0.44 -3.21601 2.68806
0.441 -3.2147 2.67429
0.442 -3.197 2.65099
0.443 -3.1629 2.61825
0.444 -3.11246 2.5762
0.445 -3.04582 2.52501
0.446 -2.96318 2.46488
0.447 -2.86482 2.39608
0.448 -2.75108 2.31889
0.449 -2.62236 2.23364
0.45 -2.47913 2.1407
0.451 -2.32191 2.04047
0.452 -2.15131 1.93338
0.453 -1.96798 1.81989
0.454 -1.77261 1.70051
0.455 -1.56597 1.57576
0.456 -1.34886 1.4462
0.457 -1.12215 1.31238
0.458 -0.886733 1.17492
0.459 -0.643549 1.03442
0.46 -0.393573 0.891509
0.461 -0.137815 0.74684
0.462 0.122688 0.601064
0.463 0.386877 0.454845
0.464 0.653671 0.308849
0.465 0.921972 0.163748
0.466 1.19068 0.0202111
0.467 1.45867 -0.121094
0.468 1.72483 -0.259507
0.469 1.98805 -0.394377
0.47 2.24723 -0.525064
0.471 2.50127 -0.650944
0.472 2.7491 -0.77141
0.473 2.98965 -0.885874
0.474 3.2219 -0.993773
0.475 3.44485 -1.09457
0.476 3.65753 -1.18775
0.477 3.85901 -1.27283
0.478 4.0484 -1.34937
0.479 4.22487 -1.41696
0.48 4.38762 -1.47521
0.481 4.53591 -1.52379
0.482 4.66907 -1.56239
0.483 4.78646 -1.59077
0.484 4.88752 -1.6087
0.485 4.97176 -1.61602
0.486 5.03874 -1.6126
0.487 5.08811 -1.59836
0.488 5.11957 -1.57327
0.489 5.13289 -1.53734
0.49 5.12794 -1.49063
0.491 5.10464 -1.43325
0.492 5.06299 -1.36536
0.493 5.00307 -1.28715
0.494 4.92502 -1.19887
0.495 4.82907 -1.10082
0.496 4.71551 -0.993338
0.497 4.58472 -0.876796
0.498 4.43714 -0.75162
0.499 4.27328 -0.618272
0.5 4.09372 -0.477256
0.501 3.8991 -0.329109
0.502 3.69013 -0.174405
0.503 3.46759 -0.0137505
0.504 3.23229 0.152218
0.505 2.98511 0.322836
0.506 2.727 0.497412
0.507 2.45893 0.675234
0.508 2.18192 0.855568
0.509 1.89704 1.03767
0.51 1.60538 1.22076
0.511 1.30808 1.40408
0.512 1.00629 1.58684
0.513 0.701187 1.76825
0.514 0.393969 1.94752
0.515 0.0858416 2.12387
0.516 -0.221978 2.29651
0.517 -0.528274 2.46467
0.518 -0.831829 2.62758
0.519 -1.13144 2.7845
0.52 -1.4259 2.93469
0.521 -1.71404 3.07745
0.522 -1.9947 3.21209
0.523 -2.26675 3.33795
0.524 -2.5291 3.4544
0.525 -2.78067 3.56084
0.526 -3.02045 3.65672
0.527 -3.24747 3.7415
0.528 -3.46078 3.81471
0.529 -3.65952 3.87589
0.53 -3.84287 3.92466
0.531 -4.01007 3.96065
0.532 -4.16043 3.98357
0.533 -4.2933 3.99316
0.534 -4.40814 3.98922
0.535 -4.50446 3.97159
0.536 -4.58183 3.94017
0.537 -4.63992 3.89492
0.538 -4.67847 3.83584
0.539 -4.6973 3.763
0.54 -4.69629 3.67651
0.541 -4.67543 3.57655
0.542 -4.63478 3.46333
0.543 -4.57446 3.33713
0.544 -4.4947 3.19829
0.545 -4.39579 3.04718
0.546 -4.27811 2.88425
0.547 -4.14211 2.70996
0.548 -3.98832 2.52484
0.549 -3.81734 2.32948
0.55 -3.62984 2.12448
0.551 -3.42657 1.91051
0.552 -3.20834 1.68826
0.553 -2.97602 1.45847
0.554 -2.73053 1.2219
0.555 -2.47287 0.979347
0.556 -2.20408 0.731643
0.557 -1.92524 0.479636
0.558 -1.63749 0.224199
0.559 -1.34199 -0.0337785
0.56 -1.03996 -0.29339
0.561 -0.732635 -0.553719
0.562 -0.421268 -0.813841
0.563 -0.107144 -1.07283
0.564 0.208439 -1.32975
0.565 0.524177 -1.58367
0.566 0.838757 -1.83368
0.567 1.15087 -2.07887
0.568 1.45921 -2.31834
0.569 1.76249 -2.55121
0.57 2.05943 -2.77662
0.571 2.34878 -2.99373
0.572 2.62931 -3.20175
0.573 2.89982 -3.39989
0.574 3.15916 -3.58741
0.575 3.40622 -3.7636
0.576 3.63991 -3.92781
0.577 3.85923 -4.0794
0.578 4.0632 -4.21781
0.579 4.25093 -4.34249
0.58 4.42158 -4.45298
0.581 4.57435 -4.54883
0.582 4.70856 -4.62968
0.583 4.82357 -4.69521
0.584 4.91882 -4.74515
0.585 4.99383 -4.7793
0.586 5.0482 -4.79751
0.587 5.08161 -4.7997
0.588 5.09384 -4.78584
0.589 5.08473 -4.75597
0.59 5.05421 -4.71017
0.591 5.00232 -4.64862
0.592 4.92915 -4.57151
0.593 4.8349 -4.47914
0.594 4.71986 -4.37182
0.595 4.58438 -4.24996
0.596 4.4289 -4.114
0.597 4.25397 -3.96444
0.598 4.06019 -3.80184
0.599 3.84823 -3.6268
0.6 3.61886 -3.43998
0.601 3.37292 -3.24207
0.602 3.1113 -3.03381
0.603 2.83496 -2.81601
0.604 2.54494 -2.58946
0.605 2.24231 -2.35504
0.606 1.92822 -2.11362
0.607 1.60385 -1.86614
0.608 1.27043 -1.61352
0.609 0.929239 -1.35672
0.61 0.581571 -1.09674
0.611 0.228763 -0.83456
0.612 -0.127828 -0.571185
0.613 -0.486825 -0.307625
0.614 -0.846839 -0.0448915
0.615 -1.20647 0.216006
0.616 -1.56433 0.474063
0.617 -1.91902 0.728285
0.618 -2.26915 0.97769
0.619 -2.61335 1.22132
0.62 -2.95027 1.45822
0.621 -3.27859 1.68748
0.622 -3.59701 1.90821
0.623 -3.90428 2.11955
0.624 -4.19918 2.32067
0.625 -4.48054 2.5108
0.626 -4.74725 2.68919
0.627 -4.99824 2.85513
0.628 -5.23252 3.00799
0.629 -5.44913 3.14715
0.63 -5.64723 3.27206
0.631 -5.826 3.38223
0.632 -5.98472 3.47723
0.633 -6.12276 3.55666
0.634 -6.23954 3.62021
0.635 -6.33459 3.66762
0.636 -6.40751 3.69869
0.637 -6.458 3.71328
0.638 -6.48583 3.71132
0.639 -6.49087 3.6928
0.64 -6.47308 3.65778
0.641 -6.43252 3.60638
0.642 -6.36932 3.53877
0.643 -6.28371 3.45522
0.644 -6.17601 3.35601
0.645 -6.04663 3.24152
0.646 -5.89606 3.11218
0.647 -5.72488 2.96848
0.648 -5.53375 2.81094
0.649 -5.3234 2.64017
0.65 -5.09466 2.45682
0.651 -4.84842 2.26157
0.652 -4.58563 2.05517
0.653 -4.30733 1.8384
0.654 -4.01459 1.61209
0.655 -3.70858 1.3771
0.656 -3.39049 1.13432
0.657 -3.06157 0.884693
0.658 -2.72312 0.629157
0.659 -2.37647 0.368694
0.66 -2.02299 0.104299
0.661 -1.66407 -0.163017
0.662 -1.30112 -0.43223
0.663 -0.935591 -0.702311
0.664 -0.568917 -0.972225
0.665 -0.202551 -1.24094
0.666 0.162058 -1.50743
0.667 0.523465 -1.77066
0.668 0.88024 -2.02965
0.669 1.23097 -2.28338
0.67 1.57426 -2.5309
0.671 1.90876 -2.77125
0.672 2.23314 -3.00352
0.673 2.54611 -3.22682
0.674 2.84643 -3.44029
0.675 3.13291 -3.64313
0.676 3.40442 -3.83456
0.677 3.65989 -4.01385
0.678 3.89829 -4.18031
0.679 4.1187 -4.33333
0.68 4.32023 -4.47232
0.681 4.5021 -4.59676
0.682 4.66358 -4.70617
0.683 4.80405 -4.80015
0.684 4.92296 -4.87835
0.685 5.01984 -4.94049
0.686 5.09432 -4.98633
0.687 5.14612 -5.01571
0.688 5.17504 -5.02854
0.689 5.18099 -5.02478
0.69 5.16396 -5.00446
0.691 5.12403 -4.96767
0.692 5.0614 -4.91458
0.693 4.97632 -4.8454
0.694 4.86916 -4.76042
0.695 4.74037 -4.65998
0.696 4.5905 -4.54449
0.697 4.42017 -4.4144
0.698 4.23009 -4.27023
0.699 4.02104 -4.11256
0.7 3.79391 -3.942
0.701 3.54962 -3.75923
0.702 3.28919 -3.56496
0.703 3.01369 -3.35996
0.704 2.72427 -3.14503
0.705 2.42213 -2.921
0.706 2.1085 -2.68875
0.707 1.7847 -2.44918
0.708 1.45205 -2.20322
0.709 1.11194 -1.95182
0.71 0.765763 -1.69595
0.711 0.414963 -1.4366
0.712 0.060988 -1.17476
0.713 -0.294694 -0.911433
0.714 -0.65061 -0.647635
0.715 -1.00528 -0.384366
0.716 -1.35724 -0.122629
0.717 -1.70501 0.136585
0.718 -2.04716 0.392296
0.719 -2.38225 0.643543
0.72 -2.7089 0.889383
0.721 -3.02573 1.1289
0.722 -3.33142 1.3612
0.723 -3.62468 1.58544
0.724 -3.90429 1.80078
0.725 -4.16906 2.00644
0.726 -4.41788 2.20169
0.727 -4.6497 2.38581
0.728 -4.86351 2.55817
0.729 -5.05842 2.71816
0.73 -5.23357 2.86522
0.731 -5.38822 2.99888
0.732 -5.52168 3.11867
0.733 -5.63337 3.22423
0.734 -5.72277 3.31523
0.735 -5.78948 3.39141
0.736 -5.83317 3.45257
0.737 -5.85361 3.49856
0.738 -5.85068 3.52933
0.739 -5.82432 3.54484
0.74 -5.7746 3.54515
0.741 -5.70167 3.53038
0.742 -5.60576 3.5007
0.743 -5.48722 3.45634
0.744 -5.34647 3.39759
0.745 -5.18404 3.32482
0.746 -5.00054 3.23843
0.747 -4.79665 3.1389
0.748 -4.57315 3.02673
0.749 -4.33091 2.90251
0.75 -4.07085 2.76684
0.751 -3.79399 2.62041
0.752 -3.5014 2.46391
0.753 -3.19422 2.2981
0.754 -2.87365 2.12377
0.755 -2.54095 1.94173
0.756 -2.19742 1.75284
0.757 -1.84441 1.55797
0.758 -1.48332 1.35803
0.759 -1.11558 1.15394
0.76 -0.742617 0.946631
0.761 -0.365925 0.737056
0.762 0.0130099 0.52617
0.763 0.392687 0.314932
0.764 0.771601 0.104302
0.765 1.14825 -0.104766
0.766 1.52114 -0.311324
0.767 1.88878 -0.514437
0.768 2.24973 -0.713188
0.769 2.60253 -0.906677
0.77 2.9458 -1.09403
0.771 3.27817 -1.2744
0.772 3.59831 -1.44696
0.773 3.90496 -1.61095
0.774 4.19689 -1.7656
0.775 4.47295 -1.91023
0.776 4.73203 -2.04415
0.777 4.97312 -2.16677
0.778 5.19525 -2.27752
0.779 5.39755 -2.37588
0.78 5.57922 -2.46138
0.781 5.73954 -2.53364
0.782 5.87788 -2.59228
0.783 5.99371 -2.63704
0.784 6.08657 -2.66767
0.785 6.1561 -2.68401
0.786 6.20204 -2.68594
0.787 6.22423 -2.67343
0.788 6.2226 -2.64648
0.789 6.19717 -2.60518
0.79 6.14806 -2.54966
0.791 6.07551 -2.48013
0.792 5.97981 -2.39685
0.793 5.86138 -2.30013
0.794 5.72072 -2.19037
0.795 5.55843 -2.06798
0.796 5.37519 -1.93346
0.797 5.17175 -1.78736
0.798 4.94898 -1.63027
0.799 4.70779 -1.46282
0.8 4.4492 -1.28571
0.801 4.17427 -1.09966
0.802 3.88415 -0.905444
0.803 3.58004 -0.703862
0.804 3.26321 -0.495753
0.805 2.93497 -0.281985
0.806 2.59667 -0.0634494
0.807 2.24973 0.158938
0.808 1.89559 0.384244
0.809 1.5357 0.611521
0.81 1.17157 0.839811
0.811 0.804703 1.06815
0.812 0.436627 1.29557
0.813 0.0688685 1.5211
0.814 -0.297044 1.74379
0.815 -0.659588 1.96268
0.816 -1.01726 2.17685
0.817 -1.36856 2.38536
0.818 -1.71203 2.58732
0.819 -2.04624 2.78187
0.82 -2.36978 2.96815
0.821 -2.68132 3.14535
0.822 -2.97954 3.31271
0.823 -3.26319 3.46948
0.824 -3.53108 3.61498
0.825 -3.78209 3.74855
0.826 -4.01514 3.86959
0.827 -4.22927 3.97756
0.828 -4.42355 4.07197
0.829 -4.59715 4.15236
0.83 -4.74934 4.21836
0.831 -4.87946 4.26965
0.832 -4.98693 4.30596
0.833 -5.07129 4.32709
0.834 -5.13215 4.3329
0.835 -5.16923 4.32331
0.836 -5.18234 4.29831
0.837 -5.1714 4.25796
0.838 -5.13642 4.20237
0.839 -5.0775 4.13172
0.84 -4.99486 4.04626
0.841 -4.88879 3.94628
0.842 -4.75971 3.83215
0.843 -4.60811 3.7043
0.844 -4.43458 3.56322
0.845 -4.2398 3.40943
0.846 -4.02454 3.24354
0.847 -3.78966 3.06618
0.848 -3.5361 2.87806
0.849 -3.26486 2.67992
0.85 -2.97705 2.47253
0.851 -2.67381 2.25672
0.852 -2.35637 2.03335
0.853 -2.02601 1.80333
0.854 -1.68408 1.56756
0.855 -1.33195 1.32701
0.856 -0.971072 1.08265
0.857 -0.602905 0.835459
0.858 -0.228954 0.586456
0.859 0.149252 0.336652
0.86 0.530165 0.0870708
0.861 0.912221 -0.161265
0.862 1.29385 -0.407333
0.863 1.67348 -0.650118
0.864 2.04955 -0.888616
0.865 2.4205 -1.12184
0.866 2.7848 -1.34881
0.867 3.14093 -1.56859
0.868 3.48741 -1.78025
0.869 3.82281 -1.98291
0.87 4.14571 -2.17571
0.871 4.45476 -2.35783
0.872 4.74867 -2.5285
0.873 5.02618 -2.68699
0.874 5.28613 -2.8326
0.875 5.5274 -2.96472
0.876 5.74896 -3.08277
0.877 5.94986 -3.18621
0.878 6.12922 -3.27459
0.879 6.28624 -3.34751
0.88 6.42024 -3.40462
0.881 6.53059 -3.44565
0.882 6.61679 -3.47039
0.883 6.67842 -3.47868
0.884 6.71516 -3.47045
0.885 6.72679 -3.44569
0.886 6.71319 -3.40445
0.887 6.67434 -3.34687
0.888 6.61033 -3.27312
0.889 6.52134 -3.18347
0.89 6.40766 -3.07825
0.891 6.26968 -2.95783
0.892 6.10787 -2.82268
0.893 5.92283 -2.67331
0.894 5.71521 -2.51028
0.895 5.4858 -2.33424
0.896 5.23544 -2.14586
0.897 4.96508 -1.94589
0.898 4.67574 -1.73512
0.899 4.36851 -1.51438
0.9 4.04457 -1.28455
0.901 3.70517 -1.04655
0.902 3.3516 -0.801334
0.903 2.98523 -0.549894
0.904 2.60747 -0.293246
0.905 2.21979 -0.0324321
0.906 1.8237 0.231485
0.907 1.42073 0.497425
0.908 1.01246 0.764298
0.909 0.600469 1.031
0.91 0.18638 1.29644
0.911 -0.228192 1.5595
0.912 -0.641624 1.81909
0.913 -1.05229 2.07413
0.914 -1.45859 2.32353
0.915 -1.85892 2.56626
0.916 -2.2517 2.80126
0.917 -2.6354 3.02755
0.918 -3.00851 3.24415
0.919 -3.36955 3.45011
0.92 -3.7171 3.64455
0.921 -4.0498 3.82659
0.922 -4.36633 3.99544
0.923 -4.66544 4.15032
0.924 -4.94596 4.29053
0.925 -5.20679 4.41542
0.926 -5.44689 4.52439
0.927 -5.66532 4.6169
0.928 -5.86122 4.69249
0.929 -6.03382 4.75074
0.93 -6.18244 4.79133
0.931 -6.30651 4.81397
0.932 -6.40554 4.81846
0.933 -6.47915 4.80468
0.934 -6.52704 4.77256
0.935 -6.54906 4.72212
0.936 -6.54511 4.65344
0.937 -6.51523 4.56667
0.938 -6.45955 4.46205
0.939 -6.37831 4.33986
0.94 -6.27184 4.20048
0.941 -6.14059 4.04434
0.942 -5.98509 3.87194
0.943 -5.80598 3.68385
0.944 -5.60399 3.48069
0.945 -5.37996 3.26316
0.946 -5.13478 3.03201
0.947 -4.86946 2.78802
0.948 -4.58508 2.53207
0.949 -4.2828 2.26504
0.95 -3.96384 1.9879
0.951 -3.62951 1.70162
0.952 -3.28116 1.40723
0.953 -2.92021 1.1058
0.954 -2.54812 0.798422
0.955 -2.16642 0.486202
0.956 -1.77665 0.170281
0.957 -1.3804 -0.148186
0.958 -0.979287 -0.468033
0.959 -0.574939 -0.788085
0.96 -0.169006 -1.10716
0.961 0.236856 -1.4241
0.962 0.640994 -1.73771
0.963 1.04176 -2.04685
0.964 1.43751 -2.35036
0.965 1.82663 -2.64713
0.966 2.20752 -2.93605
0.967 2.57864 -3.21605
0.968 2.93845 -3.4861
0.969 3.28548 -3.74518
0.97 3.61831 -3.99233
0.971 3.93556 -4.22664
0.972 4.23592 -4.44724
0.973 4.51815 -4.65331
0.974 4.78109 -4.84408
0.975 5.02363 -5.01885
0.976 5.24478 -5.17698
0.977 5.4436 -5.31787
0.978 5.61925 -5.44102
0.979 5.771 -5.54597
0.98 5.89819 -5.63235
0.981 6.00027 -5.69984
0.982 6.07679 -5.7482
0.983 6.12741 -5.77728
0.984 6.15188 -5.78698
0.985 6.15006 -5.77729
0.986 6.12192 -5.74826
0.987 6.06753 -5.70002
0.988 5.98707 -5.63279
0.989 5.88081 -5.54683
0.99 5.74915 -5.4425
0.991 5.59257 -5.32022
0.992 5.41166 -5.18048
0.993 5.20711 -5.02382
0.994 4.9797 -4.85089
0.995 4.7303 -4.66235
0.996 4.45987 -4.45894
0.997 4.16947 -4.24148
0.998 3.86021 -4.01081
0.999 3.53331 -3.76783
1 3.19003 -3.51349
