0.001 3.41815e-008 2.54429e-009
0.002 3.11183e-007 2.04358e-008
0.003 1.46682e-006 8.48175e-008
0.004 4.85825e-006 2.48961e-007
0.005 1.28548e-005 5.90746e-007
0.006 2.91187e-005 1.21682e-006
0.007 5.88733e-005 2.26888e-006
0.008 0.000109156 3.93251e-006
0.009 0.000189056 6.4489e-006
0.01 0.000309925 1.01299e-005
0.011 0.000485579 1.53768e-005
0.012 0.000732463 2.27023e-005
0.013 0.0010698 3.2758e-005
0.014 0.0015197 4.63643e-005
0.015 0.00210727 6.45463e-005
0.016 0.00286064 8.85732e-005
0.017 0.00381103 0.000120003
0.018 0.00499271 0.000160729
0.019 0.00644298 0.000213038
0.02 0.00820212 0.000279659
0.021 0.0103133 0.000363834
0.022 0.0128222 0.000469373
0.023 0.0157774 0.000600731
0.024 0.0192297 0.000763071
0.025 0.0232318 0.000962344
0.026 0.0278385 0.00120536
0.027 0.0331062 0.00149986
0.028 0.0390923 0.00185461
0.029 0.0458554 0.00227947
0.03 0.0534545 0.00278544
0.031 0.0619487 0.00338481
0.032 0.0713968 0.00409114
0.033 0.081857 0.00491941
0.034 0.0933863 0.00588605
0.035 0.10604 0.00700899
0.036 0.119871 0.00830776
0.037 0.134931 0.00980349
0.038 0.151268 0.011519
0.039 0.168924 0.0134788
0.04 0.187941 0.0157091
0.041 0.208354 0.0182379
0.042 0.230194 0.0210949
0.043 0.253486 0.0243117
0.044 0.27825 0.0279215
0.045 0.304499 0.0319592
0.046 0.332239 0.0364613
0.047 0.36147 0.0414661
0.048 0.392184 0.0470133
0.049 0.424365 0.0531442
0.05 0.457991 0.0599011
0.051 0.493028 0.067328
0.052 0.529438 0.0754697
0.053 0.56717 0.084372
0.054 0.606168 0.0940817
0.055 0.646365 0.104646
0.056 0.687685 0.116113
0.057 0.730045 0.128529
0.058 0.773352 0.141945
0.059 0.817503 0.156406
0.06 0.86239 0.17196
0.061 0.907894 0.188654
0.062 0.953887 0.206534
0.063 1.00024 0.225643
0.064 1.0468 0.246024
0.065 1.09343 0.267719
0.066 1.13998 0.290765
0.067 1.18627 0.315199
0.068 1.23215 0.341053
0.069 1.27744 0.36836
0.07 1.32197 0.397144
0.071 1.36556 0.427428
0.072 1.40803 0.459233
0.073 1.4492 0.492571
0.074 1.48888 0.527452
0.075 1.52689 0.563882
0.076 1.56304 0.601858
0.077 1.59715 0.641375
0.078 1.62904 0.682419
0.079 1.65854 0.724973
0.08 1.68547 0.769012
0.081 1.70966 0.814502
0.082 1.73095 0.861407
0.083 1.74919 0.909679
0.084 1.76423 0.959267
0.085 1.77593 1.01011
0.086 1.78416 1.06214
0.087 1.7888 1.11528
0.088 1.78974 1.16945
0.089 1.78689 1.22456
0.09 1.78016 1.28051
0.091 1.76949 1.33719
0.092 1.75482 1.39449
0.093 1.7361 1.45229
0.094 1.71332 1.51047
0.095 1.68645 1.56888
0.096 1.65551 1.62738
0.097 1.62052 1.68583
0.098 1.58152 1.74408
0.099 1.53856 1.80195
0.1 1.49172 1.85929
0.101 1.44108 1.91592
0.102 1.38675 1.97166
0.103 1.32887 2.02635
0.104 1.26756 2.07978
0.105 1.203 2.13178
0.106 1.13535 2.18215
0.107 1.0648 2.2307
0.108 0.991569 2.27725
0.109 0.91587 2.32158
0.11 0.837942 2.36352
0.111 0.758034 2.40286
0.112 0.67641 2.43942
0.113 0.593345 2.473
0.114 0.509125 2.50342
0.115 0.424046 2.53049
0.116 0.338413 2.55403
0.117 0.252541 2.57388
0.118 0.166748 2.58986
0.119 0.0813623 2.60182
0.12 -0.00328792 2.60959
0.121 -0.0868692 2.61304
0.122 -0.169047 2.61203
0.123 -0.249487 2.60644
0.124 -0.327855 2.59614
0.125 -0.40382 2.58104
0.126 -0.477056 2.56105
0.127 -0.547241 2.53608
0.128 -0.614062 2.50607
0.129 -0.677212 2.47097
0.13 -0.736396 2.43074
0.131 -0.791329 2.38536
0.132 -0.84174 2.33483
0.133 -0.887371 2.27915
0.134 -0.927979 2.21835
0.135 -0.96334 2.15247
0.136 -0.993246 2.08158
0.137 -1.01751 2.00574
0.138 -1.03596 1.92506
0.139 -1.04845 1.83964
0.14 -1.05486 1.74961
0.141 -1.05508 1.65512
0.142 -1.04904 1.55633
0.143 -1.03669 1.45343
0.144 -1.01799 1.3466
0.145 -0.992953 1.23606
0.146 -0.961592 1.12205
0.147 -0.923961 1.0048
0.148 -0.88014 0.88458
0.149 -0.830231 0.761661
0.15 -0.774366 0.636332
0.151 -0.712703 0.508896
0.152 -0.645426 0.379667
0.153 -0.572746 0.24897
0.154 -0.494899 0.117143
0.155 -0.412145 -0.0154691
0.156 -0.32477 -0.148511
0.157 -0.233082 -0.28162
0.158 -0.137413 -0.414427
0.159 -0.0381152 -0.546558
0.16 0.0644388 -0.677635
0.161 0.169857 -0.807276
0.162 0.277729 -0.935099
0.163 0.387629 -1.06072
0.164 0.499117 -1.18376
0.165 0.611739 -1.30383
0.166 0.725029 -1.42056
0.167 0.838511 -1.53359
0.168 0.951704 -1.64254
0.169 1.06412 -1.74705
0.17 1.17526 -1.84679
0.171 1.28463 -1.94141
0.172 1.39175 -2.0306
0.173 1.4961 -2.11403
0.174 1.59721 -2.19141
0.175 1.69459 -2.26246
0.176 1.78777 -2.32692
0.177 1.87628 -2.38453
0.178 1.95966 -2.43509
0.179 2.03748 -2.47836
0.18 2.10932 -2.51418
0.181 2.17477 -2.54239
0.182 2.23344 -2.56283
0.183 2.28497 -2.5754
0.184 2.32903 -2.58
0.185 2.3653 -2.57658
0.186 2.39348 -2.56509
0.187 2.41333 -2.54552
0.188 2.42461 -2.51789
0.189 2.42712 -2.48223
0.19 2.42069 -2.43862
0.191 2.4052 -2.38716
0.192 2.38054 -2.32796
0.193 2.34664 -2.26119
0.194 2.30349 -2.18701
0.195 2.25108 -2.10564
0.196 2.18945 -2.01731
0.197 2.1187 -1.92228
0.198 2.03894 -1.82083
0.199 1.95031 -1.71327
0.2 1.85302 -1.59993
0.201 1.74728 -1.48117
0.202 1.63337 -1.35736
0.203 1.51157 -1.22892
0.204 1.38222 -1.09624
0.205 1.24568 -0.959778
0.206 1.10236 -0.819977
0.207 0.952675 -0.677311
0.208 0.797088 -0.532262
0.209 0.636084 -0.385328
0.21 0.470175 -0.237015
0.211 0.299898 -0.0878401
0.212 0.125811 0.0616723
0.213 -0.0515053 0.210992
0.214 -0.231452 0.359586
0.215 -0.413414 0.506917
0.216 -0.596763 0.65245
0.217 -0.780857 0.795649
0.218 -0.965046 0.935985
0.219 -1.14867 1.07293
0.22 -1.33108 1.20597
0.221 -1.5116 1.3346
0.222 -1.68957 1.45831
0.223 -1.86433 1.57662
0.224 -2.03523 1.68908
0.225 -2.20164 1.79521
0.226 -2.3629 1.89459
0.227 -2.51842 1.98681
0.228 -2.66758 2.07148
0.229 -2.8098 2.14822
0.23 -2.94453 2.2167
0.231 -3.07123 2.27659
0.232 -3.18938 2.32762
0.233 -3.2985 2.36951
0.234 -3.39815 2.40205
0.235 -3.48791 2.42503
0.236 -3.56739 2.43829
0.237 -3.63625 2.4417
0.238 -3.69418 2.43514
0.239 -3.7409 2.41858
0.24 -3.77619 2.39196
0.241 -3.79987 2.3553
0.242 -3.81179 2.30863
0.243 -3.81185 2.25204
0.244 -3.80001 2.18564
0.245 -3.77624 2.10957
0.246 -3.7406 2.02401
0.247 -3.69315 1.92918
0.248 -3.63404 1.82534
0.249 -3.56344 1.71276
0.25 -3.48157 1.59176
0.251 -3.38869 1.46269
0.252 -3.28512 1.32593
0.253 -3.1712 1.18189
0.254 -3.04733 1.03099
0.255 -2.91395 0.873716
0.256 -2.77153 0.710538
0.257 -2.62059 0.541972
0.258 -2.46166 0.36855
0.259 -2.29534 0.190826
0.26 -2.12224 0.00936984
0.261 -1.94299 -0.175232
0.262 -1.75828 -0.362379
0.263 -1.5688 -0.551459
0.264 -1.37526 -0.741849
0.265 -1.17839 -0.932919
0.266 -0.978964 -1.12404
0.267 -0.777735 -1.31456
0.268 -0.575484 -1.50385
0.269 -0.372994 -1.69127
0.27 -0.171056 -1.87619
0.271 0.0295391 -2.05798
0.272 0.228003 -2.23603
0.273 0.42355 -2.40971
0.274 0.615405 -2.57845
0.275 0.802803 -2.74166
0.276 0.984992 -2.89877
0.277 1.16124 -3.04925
0.278 1.33083 -3.19258
0.279 1.49308 -3.32825
0.28 1.64732 -3.4558
0.281 1.79292 -3.57479
0.282 1.92927 -3.68479
0.283 2.05581 -3.78542
0.284 2.17201 -3.87632
0.285 2.27737 -3.95719
0.286 2.37143 -4.02773
0.287 2.4538 -4.0877
0.288 2.52411 -4.13688
0.289 2.58204 -4.1751
0.29 2.62732 -4.20223
0.291 2.65973 -4.21816
0.292 2.67912 -4.22284
0.293 2.68535 -4.21625
0.294 2.67837 -4.19842
0.295 2.65817 -4.1694
0.296 2.62478 -4.12931
0.297 2.5783 -4.07827
0.298 2.51888 -4.01647
0.299 2.44671 -3.94412
0.3 2.36206 -3.8615
0.301 2.26523 -3.76888
0.302 2.15656 -3.66659
0.303 2.03647 -3.555
0.304 1.9054 -3.43451
0.305 1.76386 -3.30554
0.306 1.61237 -3.16854
0.307 1.45154 -3.02401
0.308 1.28197 -2.87246
0.309 1.10434 -2.71442
0.31 0.919343 -2.55045
0.311 0.727704 -2.38114
0.312 0.530186 -2.20708
0.313 0.327575 -2.02889
0.314 0.120684 -1.8472
0.315 -0.0896581 -1.66264
0.316 -0.302601 -1.47587
0.317 -0.517281 -1.28754
0.318 -0.732826 -1.09831
0.319 -0.948353 -0.908844
0.32 -1.16298 -0.7198
0.321 -1.37582 -0.531835
0.322 -1.58599 -0.345599
0.323 -1.79262 -0.161736
0.324 -1.99485 0.0191229
0.325 -2.19182 0.196361
0.326 -2.38271 0.369375
0.327 -2.56669 0.537581
0.328 -2.743 0.700415
0.329 -2.91086 0.857335
0.33 -3.06955 1.00783
0.331 -3.21838 1.15139
0.332 -3.35669 1.28758
0.333 -3.48386 1.41595
0.334 -3.59931 1.53611
0.335 -3.70253 1.64768
0.336 -3.79301 1.75034
0.337 -3.87034 1.84379
0.338 -3.93412 1.92777
0.339 -3.98402 2.00206
0.34 -4.01978 2.06648
0.341 -4.04117 2.12088
0.342 -4.04803 2.16516
0.343 -4.04026 2.19927
0.344 -4.0178 2.22317
0.345 -3.98067 2.23688
0.346 -3.92894 2.24047
0.347 -3.86274 2.23404
0.348 -3.78226 2.21773
0.349 -3.68774 2.1917
0.35 -3.5795 2.15619
0.351 -3.45788 2.11144
0.352 -3.3233 2.05774
0.353 -3.17623 1.99543
0.354 -3.01719 1.92485
0.355 -2.84674 1.8464
0.356 -2.66551 1.76051
0.357 -2.47416 1.66762
0.358 -2.27339 1.56821
0.359 -2.06394 1.46278
0.36 -1.84659 1.35187
0.361 -1.62217 1.23601
0.362 -1.39152 1.11577
0.363 -1.1555 0.991728
0.364 -0.915024 0.864485
0.365 -0.671003 0.734644
0.366 -0.424372 0.60282
0.367 -0.176079 0.469632
0.368 0.0729203 0.335706
0.369 0.321663 0.201666
0.37 0.569185 0.0681368
0.371 0.814527 -0.0642628
0.372 1.05673 -0.19492
0.373 1.29486 -0.32323
0.374 1.52798 -0.448603
0.375 1.75518 -0.57046
0.376 1.97557 -0.68824
0.377 2.18829 -0.801401
0.378 2.3925 -0.909423
0.379 2.58739 -1.01181
0.38 2.77221 -1.10809
0.381 2.94622 -1.19781
0.382 3.10874 -1.28056
0.383 3.25914 -1.35596
0.384 3.39681 -1.42366
0.385 3.52122 -1.48334
0.386 3.63188 -1.53471
0.387 3.72835 -1.57753
0.388 3.81027 -1.61159
0.389 3.87731 -1.63672
0.39 3.92922 -1.6528
0.391 3.96579 -1.65972
0.392 3.9869 -1.65745
0.393 3.99248 -1.64597
0.394 3.98251 -1.6253
0.395 3.95706 -1.59553
0.396 3.91625 -1.55676
0.397 3.86025 -1.50914
0.398 3.78932 -1.45286
0.399 3.70376 -1.38815
0.4 3.60394 -1.31526
0.401 3.49029 -1.23451
0.402 3.36329 -1.14622
0.403 3.2235 -1.05077
0.404 3.07149 -0.948543
0.405 2.90793 -0.839982
0.406 2.73351 -0.725542
0.407 2.54896 -0.605706
0.408 2.35508 -0.480984
0.409 2.1527 -0.351906
0.41 1.94267 -0.219022
0.411 1.72589 -0.0829002
0.412 1.5033 0.0558759
0.413 1.27583 0.196711
0.414 1.04448 0.339
0.415 0.810224 0.482129
0.416 0.574078 0.625481
0.417 0.337058 0.768437
0.418 0.100187 0.910376
0.419 -0.135509 1.05068
0.42 -0.369007 1.18875
0.421 -0.599292 1.32397
0.422 -0.825358 1.45576
0.423 -1.04622 1.58354
0.424 -1.2609 1.70675
0.425 -1.46845 1.82485
0.426 -1.66796 1.93732
0.427 -1.85854 2.04365
0.428 -2.03933 2.14339
0.429 -2.20952 2.23609
0.43 -2.36834 2.32134
0.431 -2.51507 2.39874
0.432 -2.64901 2.46796
0.433 -2.76955 2.52868
0.434 -2.87612 2.58063
0.435 -2.9682 2.62356
0.436 -3.04533 2.65727
0.437 -3.10713 2.68161
0.438 -3.15325 2.69645
0.439 -3.18344 2.70172
0.44 -3.19749 2.69737
0.441 -3.19527 2.68343
0.442 -3.17672 2.65992
0.443 -3.14183 2.62695
0.444 -3.09068 2.58464
0.445 -3.02342 2.53317
0.446 -2.94024 2.47275
0.447 -2.84142 2.40364
0.448 -2.72731 2.32612
0.449 -2.59831 2.24054
0.45 -2.4549 2.14726
0.451 -2.29761 2.04668
0.452 -2.12702 1.93924
0.453 -1.9438 1.82542
0.454 -1.74865 1.7057
0.455 -1.54233 1.58062
0.456 -1.32565 1.45072
0.457 -1.09947 1.3166
0.458 -0.864681 1.17884
0.459 -0.622225 1.03806
0.46 -0.373076 0.894889
0.461 -0.118241 0.749981
0.462 0.141246 0.60399
0.463 0.404328 0.457579
0.464 0.669926 0.311419
0.465 0.936949 0.166181
0.466 1.20429 0.0225379
0.467 1.47085 -0.118844
0.468 1.73551 -0.257303
0.469 1.99717 -0.392186
0.47 2.25472 -0.522855
0.471 2.50708 -0.648684
0.472 2.75318 -0.769067
0.473 2.99196 -0.883416
0.474 3.22241 -0.991169
0.475 3.44353 -1.09179
0.476 3.65436 -1.18476
0.477 3.85398 -1.26961
0.478 4.04151 -1.34589
0.479 4.21611 -1.41319
0.48 4.37701 -1.47113
0.481 4.52346 -1.51937
0.482 4.6548 -1.55762
0.483 4.77041 -1.58563
0.484 4.86973 -1.60318
0.485 4.95228 -1.61011
0.486 5.01762 -1.60629
0.487 5.06541 -1.59164
0.488 5.09536 -1.56614
0.489 5.10725 -1.52979
0.49 5.10094 -1.48268
0.491 5.07638 -1.4249
0.492 5.03355 -1.35662
0.493 4.97255 -1.27804
0.494 4.89353 -1.18942
0.495 4.79672 -1.09104
0.496 4.68242 -0.983247
0.497 4.551 -0.86643
0.498 4.40291 -0.741012
0.499 4.23866 -0.607459
0.5 4.05884 -0.466277
0.501 3.86409 -0.318007
0.502 3.65512 -0.163226
0.503 3.4327 -0.00254337
0.504 3.19766 0.163401
0.505 2.95088 0.333941
0.506 2.69329 0.508382
0.507 2.42587 0.68601
0.508 2.14964 0.866089
0.509 1.86567 1.04787
0.51 1.57504 1.23058
0.511 1.27889 1.41345
0.512 0.97836 1.59569
0.513 0.674635 1.77652
0.514 0.3689 1.95514
0.515 0.0623592 2.13077
0.516 -0.243779 2.30263
0.517 -0.548302 2.46993
0.518 -0.850003 2.63193
0.519 -1.14768 2.78786
0.52 -1.44014 2.93701
0.521 -1.72622 3.07866
0.522 -2.00477 3.21213
0.523 -2.27466 3.33676
0.524 -2.5348 3.45193
0.525 -2.78415 3.55704
0.526 -3.02169 3.65153
0.527 -3.24645 3.73488
0.528 -3.45752 3.80662
0.529 -3.65401 3.8663
0.53 -3.83514 3.91353
0.531 -4.00014 3.94796
0.532 -4.14833 3.96929
0.533 -4.27909 3.97728
0.534 -4.39187 3.97172
0.535 -4.48619 3.95246
0.536 -4.56164 3.91941
0.537 -4.61789 3.87254
0.538 -4.65469 3.81185
0.539 -4.67186 3.73741
0.54 -4.66931 3.64935
0.541 -4.64701 3.54783
0.542 -4.60504 3.4331
0.543 -4.54353 3.30543
0.544 -4.46271 3.16516
0.545 -4.36288 3.01268
0.546 -4.24443 2.84842
0.547 -4.1078 2.67287
0.548 -3.95353 2.48657
0.549 -3.78223 2.29009
0.55 -3.59457 2.08406
0.551 -3.3913 1.86913
0.552 -3.17322 1.64602
0.553 -2.94121 1.41546
0.554 -2.69621 1.17821
0.555 -2.43919 0.935094
0.556 -2.1712 0.686926
0.557 -1.89333 0.434563
0.558 -1.6067 0.178881
0.559 -1.31248 -0.0792257
0.56 -1.01187 -0.338851
0.561 -0.706114 -0.599075
0.562 -0.396459 -0.858971
0.563 -0.0841836 -1.11761
0.564 0.229422 -1.37406
0.565 0.543058 -1.6274
0.566 0.855421 -1.8767
0.567 1.16521 -2.12106
0.568 1.47112 -2.35957
0.569 1.77189 -2.59137
0.57 2.06623 -2.8156
0.571 2.3529 -3.03141
0.572 2.63069 -3.23802
0.573 2.89841 -3.43464
0.574 3.15492 -3.62054
0.575 3.39911 -3.79502
0.576 3.62992 -3.95741
0.577 3.84633 -4.1071
0.578 4.04741 -4.24352
0.579 4.23226 -4.36614
0.58 4.40004 -4.47448
0.581 4.54999 -4.56813
0.582 4.68141 -4.64672
0.583 4.79369 -4.70992
0.584 4.88628 -4.7575
0.585 4.95871 -4.78925
0.586 5.01058 -4.80503
0.587 5.04161 -4.80476
0.588 5.05155 -4.78843
0.589 5.04027 -4.75608
0.59 5.00771 -4.70781
0.591 4.95391 -4.64378
0.592 4.87898 -4.56423
0.593 4.78313 -4.46943
0.594 4.66663 -4.35973
0.595 4.52987 -4.23552
0.596 4.37328 -4.09727
0.597 4.19741 -3.94547
0.598 4.00287 -3.7807
0.599 3.79035 -3.60356
0.6 3.5606 -3.41472
0.601 3.31447 -3.21488
0.602 3.05285 -3.0048
0.603 2.77671 -2.78526
0.604 2.48708 -2.55709
0.605 2.18505 -2.32116
0.606 1.87174 -2.07836
0.607 1.54834 -1.82961
0.608 1.21609 -1.57585
0.609 0.876244 -1.31806
0.61 0.530106 -1.05721
0.611 0.179005 -0.794307
0.612 -0.175707 -0.530354
0.613 -0.532661 -0.266362
0.614 -0.890474 -0.00334456
0.615 -1.24776 0.257687
0.616 -1.60312 0.515727
0.617 -1.95518 0.769782
0.618 -2.30255 1.01887
0.619 -2.64388 1.26203
0.62 -2.97783 1.49831
0.621 -3.30308 1.72681
0.622 -3.61835 1.94663
0.623 -3.92239 2.15692
0.624 -4.21401 2.35686
0.625 -4.49204 2.54567
0.626 -4.75538 2.7226
0.627 -5.00298 2.88697
0.628 -5.23386 3.03813
0.629 -5.44707 3.17547
0.63 -5.64178 3.29847
0.631 -5.81719 3.40663
0.632 -5.9726 3.49951
0.633 -6.10737 3.57674
0.634 -6.22095 3.63801
0.635 -6.31287 3.68307
0.636 -6.38276 3.71172
0.637 -6.4303 3.72384
0.638 -6.4553 3.71936
0.639 -6.45764 3.69829
0.64 -6.43728 3.66069
0.641 -6.39428 3.60669
0.642 -6.32879 3.53648
0.643 -6.24106 3.45031
0.644 -6.1314 3.3485
0.645 -6.00024 3.23143
0.646 -5.84806 3.09954
0.647 -5.67547 2.95331
0.648 -5.48311 2.7933
0.649 -5.27174 2.62011
0.65 -5.04217 2.4344
0.651 -4.79531 2.23686
0.652 -4.5321 2.02825
0.653 -4.25359 1.80937
0.654 -3.96085 1.58103
0.655 -3.65504 1.34412
0.656 -3.33737 1.09953
0.657 -3.00906 0.848201
0.658 -2.67143 0.591089
0.659 -2.32579 0.329178
0.66 -1.97352 0.0634668
0.661 -1.61599 -0.205027
0.662 -1.25463 -0.475277
0.663 -0.890852 -0.746249
0.664 -0.526101 -1.01691
0.665 -0.161819 -1.28621
0.666 0.200553 -1.55314
0.667 0.559582 -1.81666
0.668 0.913845 -2.07577
0.669 1.26194 -2.32947
0.67 1.60249 -2.5768
0.671 1.93414 -2.81681
0.672 2.25558 -3.04858
0.673 2.56554 -3.27123
0.674 2.86279 -3.4839
0.675 3.14615 -3.68579
0.676 3.4145 -3.87613
0.677 3.66678 -4.05418
0.678 3.90199 -4.21928
0.679 4.1192 -4.37079
0.68 4.31755 -4.50815
0.681 4.49626 -4.63084
0.682 4.65464 -4.73839
0.683 4.79206 -4.83039
0.684 4.90797 -4.90652
0.685 5.00195 -4.96648
0.686 5.07361 -5.01007
0.687 5.1227 -5.03711
0.688 5.14902 -5.04753
0.689 5.1525 -5.0413
0.69 5.13314 -5.01846
0.691 5.09103 -4.97911
0.692 5.02637 -4.92341
0.693 4.93942 -4.85159
0.694 4.83058 -4.76396
0.695 4.70028 -4.66085
0.696 4.54909 -4.54269
0.697 4.37763 -4.40994
0.698 4.18662 -4.26312
0.699 3.97684 -4.10282
0.7 3.74918 -3.92967
0.701 3.50458 -3.74435
0.702 3.24405 -3.54759
0.703 2.96866 -3.34014
0.704 2.67956 -3.12283
0.705 2.37794 -2.89649
0.706 2.06505 -2.66201
0.707 1.74219 -2.42029
0.708 1.41069 -2.17227
0.709 1.07192 -1.91891
0.71 0.727279 -1.66118
0.711 0.3782 -1.40008
0.712 0.0261282 -1.1366
0.713 -0.327479 -0.871758
0.714 -0.681155 -0.606557
0.715 -1.03343 -0.342009
0.716 -1.38284 -0.0791176
0.717 -1.72794 0.181123
0.718 -2.06729 0.437731
0.719 -2.39947 0.689745
0.72 -2.7231 0.93622
0.721 -3.03682 1.17624
0.722 -3.33932 1.40892
0.723 -3.62934 1.63339
0.724 -3.90565 1.84885
0.725 -4.16709 2.0545
0.726 -4.41255 2.24961
0.727 -4.64099 2.43347
0.728 -4.85144 2.60545
0.729 -5.043 2.76494
0.73 -5.21484 2.9114
0.731 -5.36622 3.04434
0.732 -5.49647 3.16332
0.733 -5.60502 3.26797
0.734 -5.69137 3.35796
0.735 -5.75512 3.43305
0.736 -5.79597 3.49303
0.737 -5.81369 3.53778
0.738 -5.80817 3.56723
0.739 -5.77937 3.58136
0.74 -5.72737 3.58024
0.741 -5.65231 3.56399
0.742 -5.55445 3.53278
0.743 -5.43414 3.48686
0.744 -5.29182 3.42653
0.745 -5.12801 3.35215
0.746 -4.94332 3.26415
0.747 -4.73846 3.16298
0.748 -4.51421 3.04919
0.749 -4.27142 2.92334
0.75 -4.01104 2.78607
0.751 -3.73407 2.63805
0.752 -3.44159 2.47999
0.753 -3.13474 2.31265
0.754 -2.81472 2.13682
0.755 -2.48279 1.95332
0.756 -2.14024 1.76303
0.757 -1.78843 1.56681
0.758 -1.42873 1.36557
0.759 -1.06258 1.16024
0.76 -0.691405 0.95176
0.761 -0.316685 0.74108
0.762 0.0601005 0.529159
0.763 0.43746 0.31696
0.764 0.813897 0.105444
0.765 1.18792 -0.104432
0.766 1.55804 -0.31172
0.767 1.9228 -0.515485
0.768 2.28074 -0.714807
0.769 2.63044 -0.908787
0.77 2.97052 -1.09655
0.771 3.29962 -1.27725
0.772 3.61643 -1.45008
0.773 3.9197 -1.61424
0.774 4.20822 -1.769
0.775 4.48085 -1.91366
0.776 4.7365 -2.04755
0.777 4.97416 -2.17007
0.778 5.1929 -2.28065
0.779 5.39184 -2.37878
0.78 5.57021 -2.46401
0.781 5.72729 -2.53593
0.782 5.86248 -2.5942
0.783 5.97525 -2.63853
0.784 6.06515 -2.6687
0.785 6.13186 -2.68454
0.786 6.17511 -2.68596
0.787 6.19475 -2.6729
0.788 6.19073 -2.6454
0.789 6.16307 -2.60352
0.79 6.11192 -2.54743
0.791 6.0375 -2.47732
0.792 5.94014 -2.39346
0.793 5.82025 -2.29618
0.794 5.67834 -2.18586
0.795 5.51501 -2.06294
0.796 5.33094 -1.92791
0.797 5.1269 -1.78133
0.798 4.90376 -1.62379
0.799 4.66243 -1.45593
0.8 4.40392 -1.27845
0.801 4.12931 -1.09208
0.802 3.83973 -0.897595
0.803 3.5364 -0.695794
0.804 3.22056 -0.487522
0.805 2.89353 -0.273648
0.806 2.55667 -0.0550686
0.807 2.21137 0.167301
0.808 1.85907 0.392524
0.809 1.50122 0.619653
0.81 1.13931 0.847729
0.811 0.774848 1.07579
0.812 0.409341 1.30286
0.813 0.0443091 1.52798
0.814 -0.318731 1.75019
0.815 -0.678271 1.96854
0.816 -1.03281 2.18209
0.817 -1.38088 2.38994
0.818 -1.72103 2.59117
0.819 -2.05184 2.78494
0.82 -2.37192 2.97038
0.821 -2.67994 3.1467
0.822 -2.97462 3.31313
0.823 -3.2547 3.46893
0.824 -3.51903 3.61341
0.825 -3.76648 3.74594
0.826 -3.99602 3.86591
0.827 -4.20667 3.97278
0.828 -4.39753 4.06608
0.829 -4.5678 4.14534
0.83 -4.71675 4.21021
0.831 -4.84373 4.26037
0.832 -4.94819 4.29555
0.833 -5.02967 4.31556
0.834 -5.08781 4.32026
0.835 -5.12233 4.30959
0.836 -5.13305 4.28355
0.837 -5.11991 4.24218
0.838 -5.08293 4.18561
0.839 -5.02222 4.11403
0.84 -4.938 4.02769
0.841 -4.83059 3.92688
0.842 -4.7004 3.812
0.843 -4.54793 3.68345
0.844 -4.37377 3.54175
0.845 -4.17863 3.38741
0.846 -3.96326 3.22106
0.847 -3.72852 3.04332
0.848 -3.47537 2.85491
0.849 -3.2048 2.65657
0.85 -2.91791 2.44907
0.851 -2.61586 2.23325
0.852 -2.29986 2.00998
0.853 -1.9712 1.78014
0.854 -1.63121 1.54467
0.855 -1.28128 1.30451
0.856 -0.922822 1.06064
0.857 -0.557306 0.814052
0.858 -0.186224 0.565748
0.859 0.188904 0.316743
0.86 0.56654 0.0680592
0.861 0.945132 -0.179283
0.862 1.32312 -0.424263
0.863 1.69896 -0.665871
0.864 2.07108 -0.903104
0.865 2.43795 -1.13498
0.866 2.79805 -1.36053
0.867 3.14989 -1.57881
0.868 3.49199 -1.7889
0.869 3.82294 -1.98993
0.87 4.14134 -2.18105
0.871 4.44585 -2.36143
0.872 4.7352 -2.53032
0.873 5.00817 -2.68699
0.874 5.26359 -2.83076
0.875 5.50036 -2.96102
0.876 5.71749 -3.07718
0.877 5.91402 -3.17874
0.878 6.0891 -3.26524
0.879 6.24196 -3.33629
0.88 6.37191 -3.39155
0.881 6.47836 -3.43076
0.882 6.56082 -3.4537
0.883 6.61887 -3.46025
0.884 6.65222 -3.45033
0.885 6.66066 -3.42394
0.886 6.64409 -3.38114
0.887 6.6025 -3.32208
0.888 6.53598 -3.24693
0.889 6.44473 -3.15598
0.89 6.32905 -3.04955
0.891 6.18934 -2.92803
0.892 6.02608 -2.79189
0.893 5.83986 -2.64165
0.894 5.63136 -2.47788
0.895 5.40136 -2.30123
0.896 5.1507 -2.11238
0.897 4.88035 -1.91208
0.898 4.59131 -1.70112
0.899 4.28468 -1.48034
0.9 3.96165 -1.25062
0.901 3.62344 -1.01288
0.902 3.27135 -0.768089
0.903 2.90675 -0.517227
0.904 2.53105 -0.261314
0.905 2.1457 -0.00139417
0.906 1.7522 0.261472
0.907 1.35208 0.526205
0.908 0.946898 0.791715
0.909 0.538238 1.05691
0.91 0.127696 1.32068
0.911 -0.283121 1.58193
0.912 -0.692604 1.83957
0.913 -1.09915 2.09252
0.914 -1.50116 2.33971
0.915 -1.89705 2.58009
0.916 -2.28527 2.81263
0.917 -2.6643 3.03635
0.918 -3.03263 3.25026
0.919 -3.38883 3.45345
0.92 -3.73149 3.64502
0.921 -4.05925 3.82412
0.922 -4.37083 3.98996
0.923 -4.665 4.14177
0.924 -4.9406 4.27885
0.925 -5.19655 4.40058
0.926 -5.43183 4.50635
0.927 -5.64553 4.59565
0.928 -5.83679 4.66802
0.929 -6.00488 4.72306
0.93 -6.14913 4.76044
0.931 -6.26897 4.7799
0.932 -6.36395 4.78125
0.933 -6.43369 4.76438
0.934 -6.47794 4.72922
0.935 -6.49651 4.67582
0.936 -6.48937 4.60425
0.937 -6.45653 4.51469
0.938 -6.39816 4.40737
0.939 -6.3145 4.2826
0.94 -6.20589 4.14076
0.941 -6.07279 3.9823
0.942 -5.91574 3.80771
0.943 -5.73539 3.61758
0.944 -5.53247 3.41254
0.945 -5.30782 3.19329
0.946 -5.06235 2.96059
0.947 -4.79705 2.71524
0.948 -4.51302 2.4581
0.949 -4.21141 2.19008
0.95 -3.89344 1.91213
0.951 -3.56041 1.62525
0.952 -3.21368 1.33046
0.953 -2.85465 1.02884
0.954 -2.48478 0.721468
0.955 -2.10559 0.409466
0.956 -1.71861 0.0939727
0.957 -1.32543 -0.223859
0.958 -0.927638 -0.542862
0.959 -0.52686 -0.861865
0.96 -0.12473 -1.17969
0.961 0.277112 -1.49517
0.962 0.677026 -1.80714
0.963 1.07338 -2.11443
0.964 1.46455 -2.41592
0.965 1.84894 -2.71048
0.966 2.22497 -2.99701
0.967 2.59112 -3.27446
0.968 2.94586 -3.54179
0.969 3.28775 -3.79801
0.97 3.61538 -4.04216
0.971 3.92739 -4.27333
0.972 4.22251 -4.49066
0.973 4.49952 -4.69335
0.974 4.75725 -4.88065
0.975 4.99465 -5.05185
0.976 5.21072 -5.20632
0.977 5.40455 -5.34349
0.978 5.57533 -5.46286
0.979 5.72233 -5.564
0.98 5.84493 -5.64652
0.981 5.9426 -5.71014
0.982 6.01489 -5.75462
0.983 6.06148 -5.77983
0.984 6.08215 -5.78567
0.985 6.07676 -5.77216
0.986 6.0453 -5.73934
0.987 5.98786 -5.68738
0.988 5.90463 -5.61649
0.989 5.7959 -5.52695
0.99 5.66206 -5.41913
0.991 5.50362 -5.29346
0.992 5.32116 -5.15045
0.993 5.11539 -4.99064
0.994 4.88709 -4.81469
0.995 4.63714 -4.62327
0.996 4.3665 -4.41714
0.997 4.07622 -4.19711
0.998 3.76743 -3.96404
0.999 3.44133 -3.71883
1 3.0992 -3.46245
