0.001 3.40441e-008 2.54152e-009
0.002 3.10087e-007 2.04127e-008
0.003 1.46231e-006 8.47171e-008
0.004 4.8452e-006 2.48648e-007
0.005 1.28244e-005 5.89949e-007
0.006 2.90575e-005 1.21505e-006
0.007 5.87623e-005 2.26529e-006
0.008 0.00010897 3.92573e-006
0.009 0.000188762 6.4368e-006
0.01 0.000309485 1.01093e-005
0.011 0.000484945 1.53428e-005
0.012 0.000731579 2.26484e-005
0.013 0.0010686 3.26746e-005
0.014 0.00151812 4.62385e-005
0.015 0.00210522 6.43609e-005
0.016 0.00285803 8.83053e-005
0.017 0.00380777 0.000119623
0.018 0.00498869 0.000160199
0.019 0.00643811 0.00021231
0.02 0.00819627 0.000278674
0.021 0.0103063 0.000362517
0.022 0.0128141 0.000467635
0.023 0.015768 0.000598461
0.024 0.0192187 0.000760139
0.025 0.0232193 0.000958594
0.026 0.0278243 0.00120061
0.027 0.0330902 0.00149389
0.028 0.0390745 0.00184717
0.029 0.0458356 0.00227026
0.03 0.0534326 0.00277414
0.031 0.0619246 0.00337102
0.032 0.0713706 0.00407443
0.033 0.0818285 0.00489929
0.034 0.0933556 0.00586196
0.035 0.106007 0.00698031
0.036 0.119836 0.00827379
0.037 0.134894 0.00976346
0.038 0.151228 0.011472
0.039 0.168883 0.013424
0.04 0.187898 0.0156454
0.041 0.208309 0.0181642
0.042 0.230147 0.02101
0.043 0.253438 0.0242142
0.044 0.278201 0.02781
0.045 0.304449 0.0318321
0.046 0.332188 0.036317
0.047 0.361419 0.0413028
0.048 0.392133 0.0468291
0.049 0.424315 0.052937
0.05 0.457941 0.0596689
0.051 0.49298 0.0670684
0.052 0.52939 0.0751804
0.053 0.567124 0.0840505
0.054 0.606124 0.0937253
0.055 0.646324 0.104252
0.056 0.687647 0.115678
0.057 0.73001 0.128052
0.058 0.77332 0.141421
0.059 0.817475 0.155832
0.06 0.862366 0.171334
0.061 0.907873 0.187972
0.062 0.953871 0.205792
0.063 1.00023 0.224838
0.064 1.04679 0.245154
0.065 1.09343 0.266778
0.066 1.13998 0.289751
0.067 1.18627 0.314109
0.068 1.23215 0.339884
0.069 1.27745 0.367107
0.07 1.32198 0.395804
0.071 1.36558 0.425999
0.072 1.40805 0.45771
0.073 1.44921 0.490951
0.074 1.48889 0.525734
0.075 1.5269 0.562061
0.076 1.56304 0.599933
0.077 1.59715 0.639343
0.078 1.62904 0.680278
0.079 1.65853 0.722722
0.08 1.68544 0.766647
0.081 1.70962 0.812024
0.082 1.7309 0.858814
0.083 1.74912 0.906972
0.084 1.76414 0.956444
0.085 1.77581 1.00717
0.086 1.78401 1.05909
0.087 1.78862 1.11211
0.088 1.78953 1.16617
0.089 1.78664 1.22117
0.09 1.77987 1.27701
0.091 1.76915 1.33359
0.092 1.75443 1.39079
0.093 1.73566 1.44849
0.094 1.71282 1.50657
0.095 1.68589 1.5649
0.096 1.65489 1.62332
0.097 1.61982 1.6817
0.098 1.58075 1.73987
0.099 1.5377 1.79768
0.1 1.49078 1.85497
0.101 1.44005 1.91155
0.102 1.38563 1.96727
0.103 1.32765 2.02192
0.104 1.26624 2.07534
0.105 1.20157 2.12734
0.106 1.13381 2.17772
0.107 1.06315 2.22629
0.108 0.989798 2.27287
0.109 0.913979 2.31725
0.11 0.835926 2.35924
0.111 0.755892 2.39866
0.112 0.674139 2.4353
0.113 0.590942 2.46898
0.114 0.506588 2.49951
0.115 0.421375 2.52672
0.116 0.335607 2.55041
0.117 0.249599 2.57042
0.118 0.163671 2.58658
0.119 0.0781493 2.59872
0.12 -0.00663509 2.6067
0.121 -0.0903489 2.61038
0.122 -0.172657 2.6096
0.123 -0.253224 2.60426
0.124 -0.331716 2.59423
0.125 -0.407801 2.57941
0.126 -0.481152 2.55971
0.127 -0.551447 2.53505
0.128 -0.618372 2.50537
0.129 -0.681619 2.4706
0.13 -0.740892 2.43072
0.131 -0.795907 2.3857
0.132 -0.84639 2.33554
0.133 -0.892084 2.28024
0.134 -0.932746 2.21982
0.135 -0.968149 2.15434
0.136 -0.998085 2.08385
0.137 -1.02237 2.00842
0.138 -1.04082 1.92815
0.139 -1.05331 1.84314
0.14 -1.05969 1.75354
0.141 -1.05988 1.65947
0.142 -1.05379 1.5611
0.143 -1.04137 1.45861
0.144 -1.02259 1.3522
0.145 -0.997455 1.24207
0.146 -0.965979 1.12846
0.147 -0.928217 1.01161
0.148 -0.884247 0.891781
0.149 -0.834172 0.769242
0.15 -0.778123 0.644282
0.151 -0.716259 0.517202
0.152 -0.648764 0.388315
0.153 -0.575848 0.257945
0.154 -0.497747 0.126428
0.155 -0.414723 -0.00589303
0.156 -0.32706 -0.138663
0.157 -0.235068 -0.271521
0.158 -0.139078 -0.404099
0.159 -0.0394434 -0.536025
0.16 0.0634626 -0.666921
0.161 0.169247 -0.796407
0.162 0.2775 -0.924102
0.163 0.387795 -1.04962
0.164 0.49969 -1.17259
0.165 0.61273 -1.29262
0.166 0.726449 -1.40934
0.167 0.840371 -1.52238
0.168 0.954012 -1.63138
0.169 1.06688 -1.73597
0.17 1.17849 -1.83582
0.171 1.28833 -1.93059
0.172 1.39591 -2.01995
0.173 1.50074 -2.10359
0.174 1.60233 -2.18121
0.175 1.70018 -2.25254
0.176 1.79383 -2.3173
0.177 1.88281 -2.37525
0.178 1.96666 -2.42617
0.179 2.04494 -2.46984
0.18 2.11723 -2.50609
0.181 2.18312 -2.53475
0.182 2.24222 -2.55567
0.183 2.29418 -2.56874
0.184 2.33864 -2.57388
0.185 2.37529 -2.57101
0.186 2.40385 -2.5601
0.187 2.42405 -2.54112
0.188 2.43566 -2.5141
0.189 2.43848 -2.47908
0.19 2.43235 -2.43611
0.191 2.41712 -2.38531
0.192 2.3927 -2.32678
0.193 2.35902 -2.26068
0.194 2.31604 -2.18719
0.195 2.26379 -2.10651
0.196 2.20229 -2.01887
0.197 2.13164 -1.92453
0.198 2.05193 -1.82376
0.199 1.96334 -1.71688
0.2 1.86604 -1.60421
0.201 1.76027 -1.48612
0.202 1.64628 -1.36296
0.203 1.52438 -1.23515
0.204 1.39488 -1.10309
0.205 1.25817 -0.967223
0.206 1.11464 -0.827997
0.207 0.96471 -0.685881
0.208 0.808843 -0.541355
0.209 0.647525 -0.394915
0.21 0.481268 -0.247064
0.211 0.310609 -0.0983186
0.212 0.136109 0.0507999
0.213 -0.0416514 0.199763
0.214 -0.222073 0.348039
0.215 -0.404539 0.495093
0.216 -0.58842 0.640391
0.217 -0.773073 0.783399
0.218 -0.957846 0.923588
0.219 -1.14208 1.06043
0.22 -1.32511 1.19342
0.221 -1.50628 1.32204
0.222 -1.68492 1.44579
0.223 -1.86037 1.5642
0.224 -2.03197 1.67679
0.225 -2.19908 1.78312
0.226 -2.36107 1.88274
0.227 -2.51731 1.97525
0.228 -2.6672 2.06025
0.229 -2.81016 2.13738
0.23 -2.94562 2.20629
0.231 -3.07304 2.26667
0.232 -3.19192 2.31822
0.233 -3.30177 2.36069
0.234 -3.40213 2.39384
0.235 -3.49259 2.41748
0.236 -3.57275 2.43143
0.237 -3.64227 2.43557
0.238 -3.70084 2.42979
0.239 -3.74819 2.41402
0.24 -3.78408 2.38823
0.241 -3.80833 2.35244
0.242 -3.82079 2.30666
0.243 -3.82137 2.25098
0.244 -3.81 2.18551
0.245 -3.78668 2.11039
0.246 -3.75144 2.0258
0.247 -3.70436 1.93195
0.248 -3.64558 1.82909
0.249 -3.57526 1.71749
0.25 -3.49363 1.59749
0.251 -3.40095 1.46941
0.252 -3.29753 1.33363
0.253 -3.18371 1.19056
0.254 -3.05991 1.04063
0.255 -2.92654 0.884296
0.256 -2.78408 0.722046
0.257 -2.63305 0.554386
0.258 -2.47399 0.381844
0.259 -2.30748 0.204972
0.26 -2.13415 0.0243348
0.261 -1.95463 -0.159483
0.262 -1.76959 -0.345884
0.263 -1.57974 -0.534258
0.264 -1.38578 -0.723987
0.265 -1.18846 -0.914442
0.266 -0.98853 -1.10499
0.267 -0.78676 -1.295
0.268 -0.583928 -1.48383
0.269 -0.380821 -1.67085
0.27 -0.178231 -1.85542
0.271 0.0230498 -2.03692
0.272 0.222229 -2.21473
0.273 0.41852 -2.38826
0.274 0.611144 -2.55689
0.275 0.799333 -2.72006
0.276 0.982333 -2.8772
0.277 1.15941 -3.02777
0.278 1.32984 -3.17125
0.279 1.49295 -3.30715
0.28 1.64805 -3.43499
0.281 1.79451 -3.55432
0.282 1.93173 -3.66474
0.283 2.05913 -3.76585
0.284 2.17618 -3.8573
0.285 2.28239 -3.93877
0.286 2.37729 -4.00997
0.287 2.46048 -4.07066
0.288 2.53159 -4.12062
0.289 2.5903 -4.15967
0.29 2.63634 -4.18767
0.291 2.66948 -4.20454
0.292 2.68956 -4.21019
0.293 2.69645 -4.20463
0.294 2.6901 -4.18785
0.295 2.67048 -4.15993
0.296 2.63763 -4.12097
0.297 2.59165 -4.07109
0.298 2.53268 -4.01048
0.299 2.46092 -3.93935
0.3 2.37662 -3.85796
0.301 2.28008 -3.76659
0.302 2.17166 -3.66556
0.303 2.05175 -3.55524
0.304 1.92082 -3.43602
0.305 1.77934 -3.30833
0.306 1.62787 -3.1726
0.307 1.46699 -3.02934
0.308 1.29733 -2.87904
0.309 1.11953 -2.72223
0.31 0.934308 -2.55949
0.311 0.742388 -2.39137
0.312 0.54453 -2.21848
0.313 0.341522 -2.04143
0.314 0.134177 -1.86084
0.315 -0.0766728 -1.67736
0.316 -0.290177 -1.49161
0.317 -0.505471 -1.30427
0.318 -0.721679 -1.11598
0.319 -0.937918 -0.9274
0.32 -1.1533 -0.739194
0.321 -1.36694 -0.552013
0.322 -1.57795 -0.366506
0.323 -1.78546 -0.183313
0.324 -1.9886 -0.00306241
0.325 -2.18651 0.173628
0.326 -2.37837 0.346158
0.327 -2.56335 0.513945
0.328 -2.74067 0.676425
0.329 -2.90956 0.833058
0.33 -3.0693 0.983328
0.331 -3.21918 1.12674
0.332 -3.35854 1.26284
0.333 -3.48677 1.3912
0.334 -3.60329 1.5114
0.335 -3.70755 1.62309
0.336 -3.79908 1.72592
0.337 -3.87743 1.81961
0.338 -3.94222 1.9039
0.339 -3.99312 1.97855
0.34 -4.02984 2.0434
0.341 -4.05217 2.09828
0.342 -4.05993 2.1431
0.343 -4.05302 2.17779
0.344 -4.03138 2.20233
0.345 -3.99504 2.21674
0.346 -3.94404 2.22106
0.347 -3.87853 2.21541
0.348 -3.79869 2.19991
0.349 -3.70475 2.17473
0.35 -3.59703 2.1401
0.351 -3.47588 2.09627
0.352 -3.34171 2.04351
0.353 -3.19499 1.98215
0.354 -3.03623 1.91256
0.355 -2.86601 1.83511
0.356 -2.68494 1.75022
0.357 -2.49368 1.65834
0.358 -2.29293 1.55995
0.359 -2.08344 1.45555
0.36 -1.86599 1.34565
0.361 -1.6414 1.2308
0.362 -1.41051 1.11156
0.363 -1.1742 0.988509
0.364 -0.933365 0.862238
0.365 -0.688925 0.733349
0.366 -0.441817 0.602454
0.367 -0.19299 0.470169
0.368 0.0565967 0.337117
0.369 0.305978 0.203921
0.37 0.554189 0.0712006
0.371 0.800265 -0.060426
0.372 1.04325 -0.190348
0.373 1.28219 -0.317965
0.374 1.51617 -0.442686
0.375 1.74425 -0.563935
0.376 1.96555 -0.681153
0.377 2.17921 -0.7938
0.378 2.38437 -0.901355
0.379 2.58024 -1.00332
0.38 2.76604 -1.09923
0.381 2.94105 -1.18863
0.382 3.10457 -1.27112
0.383 3.25596 -1.3463
0.384 3.39462 -1.41383
0.385 3.52001 -1.47339
0.386 3.63164 -1.52469
0.387 3.72907 -1.56748
0.388 3.81191 -1.60157
0.389 3.87985 -1.62678
0.39 3.93262 -1.64297
0.391 3.97003 -1.65006
0.392 3.99194 -1.64799
0.393 3.99827 -1.63675
0.394 3.98902 -1.61637
0.395 3.96423 -1.58692
0.396 3.92402 -1.5485
0.397 3.86857 -1.50127
0.398 3.79814 -1.4454
0.399 3.71301 -1.38113
0.4 3.61357 -1.30871
0.401 3.50023 -1.22845
0.402 3.37348 -1.14067
0.403 3.23386 -1.04574
0.404 3.08197 -0.944057
0.405 2.91845 -0.836046
0.406 2.744 -0.722165
0.407 2.55936 -0.602895
0.408 2.36532 -0.47874
0.409 2.16271 -0.350231
0.41 1.95238 -0.217914
0.411 1.73524 -0.0823541
0.412 1.51222 0.055867
0.413 1.28426 0.196157
0.414 1.05235 0.337912
0.415 0.817485 0.480521
0.416 0.580671 0.62337
0.417 0.34293 0.765839
0.418 0.105288 0.907313
0.419 -0.131226 1.04718
0.42 -0.365585 1.18482
0.421 -0.596771 1.31965
0.422 -0.823773 1.45107
0.423 -1.0456 1.5785
0.424 -1.26127 1.70139
0.425 -1.46985 1.81921
0.426 -1.67039 1.93141
0.427 -1.86201 2.03753
0.428 -2.04386 2.13707
0.429 -2.21511 2.2296
0.43 -2.37499 2.3147
0.431 -2.52276 2.392
0.432 -2.65774 2.46114
0.433 -2.7793 2.52181
0.434 -2.88687 2.57373
0.435 -2.97991 2.61666
0.436 -3.05799 2.65041
0.437 -3.12068 2.6748
0.438 -3.16767 2.68972
0.439 -3.19867 2.69509
0.44 -3.21348 2.69087
0.441 -3.21197 2.67707
0.442 -3.19407 2.65372
0.443 -3.15977 2.62092
0.444 -3.10915 2.57881
0.445 -3.04233 2.52754
0.446 -2.95953 2.46733
0.447 -2.86102 2.39844
0.448 -2.74714 2.32115
0.449 -2.61829 2.2358
0.45 -2.47495 2.14275
0.451 -2.31764 2.0424
0.452 -2.14695 1.93519
0.453 -1.96355 1.82159
0.454 -1.76813 1.70209
0.455 -1.56146 1.57722
0.456 -1.34434 1.44753
0.457 -1.11763 1.3136
0.458 -0.882237 1.17601
0.459 -0.639093 1.03539
0.46 -0.389176 0.892372
0.461 -0.133496 0.747593
0.462 0.126912 0.601711
0.463 0.390986 0.455389
0.464 0.657646 0.309298
0.465 0.925797 0.164107
0.466 1.19433 0.0204882
0.467 1.46214 -0.120892
0.468 1.7281 -0.259372
0.469 1.9911 -0.3943
0.47 2.25005 -0.525037
0.471 2.50384 -0.650957
0.472 2.7514 -0.771454
0.473 2.99168 -0.885939
0.474 3.22364 -0.993849
0.475 3.44629 -1.09464
0.476 3.65866 -1.18782
0.477 3.85982 -1.27288
0.478 4.04889 -1.34939
0.479 4.22503 -1.41694
0.48 4.38744 -1.47514
0.481 4.53539 -1.52366
0.482 4.6682 -1.5622
0.483 4.78524 -1.5905
0.484 4.88596 -1.60835
0.485 4.96986 -1.61558
0.486 5.0365 -1.61206
0.487 5.08553 -1.59772
0.488 5.11666 -1.57251
0.489 5.12966 -1.53646
0.49 5.12439 -1.48963
0.491 5.10079 -1.43213
0.492 5.05884 -1.36411
0.493 4.99863 -1.28577
0.494 4.92032 -1.19736
0.495 4.82411 -1.09918
0.496 4.71032 -0.991567
0.497 4.57931 -0.874897
0.498 4.43152 -0.749595
0.499 4.26748 -0.616127
0.5 4.08775 -0.474994
0.501 3.89299 -0.326736
0.502 3.6839 -0.171929
0.503 3.46125 -0.0111776
0.504 3.22587 0.154878
0.505 2.97865 0.325574
0.506 2.7205 0.500218
0.507 2.45242 0.678096
0.508 2.17543 0.858474
0.509 1.89059 1.0406
0.51 1.599 1.22371
0.511 1.30179 1.40703
0.512 1.00011 1.58978
0.513 0.695148 1.77116
0.514 0.388091 1.95039
0.515 0.0801481 2.12668
0.516 -0.227465 2.29924
0.517 -0.533532 2.4673
0.518 -0.836838 2.6301
0.519 -1.13618 2.78689
0.52 -1.43035 2.93693
0.521 -1.71818 3.07952
0.522 -1.99852 3.21398
0.523 -2.27023 3.33963
0.524 -2.53222 3.45586
0.525 -2.78343 3.56207
0.526 -3.02283 3.65769
0.527 -3.24946 3.7422
0.528 -3.46238 3.81511
0.529 -3.66071 3.87599
0.53 -3.84365 3.92444
0.531 -4.01044 3.96011
0.532 -4.16038 3.98269
0.533 -4.29284 3.99192
0.534 -4.40726 3.98761
0.535 -4.50316 3.9696
0.536 -4.58013 3.9378
0.537 -4.63782 3.89216
0.538 -4.67598 3.83269
0.539 -4.69442 3.75944
0.54 -4.69305 3.67255
0.541 -4.67183 3.57217
0.542 -4.63083 3.45855
0.543 -4.57018 3.33194
0.544 -4.49011 3.1927
0.545 -4.39091 3.04119
0.546 -4.27297 2.87786
0.547 -4.13672 2.70318
0.548 -3.98271 2.51769
0.549 -3.81153 2.32196
0.55 -3.62386 2.1166
0.551 -3.42045 1.90229
0.552 -3.2021 1.67971
0.553 -2.96969 1.4496
0.554 -2.72414 1.21273
0.555 -2.46645 0.969903
0.556 -2.19766 0.721942
0.557 -1.91885 0.4697
0.558 -1.63116 0.214049
0.559 -1.33576 -0.0441173
0.56 -1.03385 -0.303893
0.561 -0.726674 -0.564361
0.562 -0.41549 -0.824595
0.563 -0.101579 -1.08366
0.564 0.213763 -1.34064
0.565 0.52923 -1.59459
0.566 0.843512 -1.8446
0.567 1.1553 -2.08976
0.568 1.46329 -2.32916
0.569 1.7662 -2.56194
0.57 2.06274 -2.78722
0.571 2.35166 -3.00419
0.572 2.63175 -3.21202
0.573 2.9018 -3.40994
0.574 3.16066 -3.59722
0.575 3.40722 -3.77314
0.576 3.6404 -3.93705
0.577 3.85919 -4.08831
0.578 4.06264 -4.22636
0.579 4.24982 -4.35066
0.58 4.41992 -4.46073
0.581 4.57214 -4.55616
0.582 4.70579 -4.63655
0.583 4.82025 -4.7016
0.584 4.91494 -4.75104
0.585 4.9894 -4.78467
0.586 5.04322 -4.80235
0.587 5.0761 -4.80399
0.588 5.0878 -4.78956
0.589 5.07817 -4.75911
0.59 5.04716 -4.71273
0.591 4.99478 -4.65058
0.592 4.92115 -4.57287
0.593 4.82646 -4.47989
0.594 4.71099 -4.37196
0.595 4.57511 -4.24949
0.596 4.41927 -4.11292
0.597 4.24399 -3.96276
0.598 4.04988 -3.79956
0.599 3.83764 -3.62393
0.6 3.60802 -3.43653
0.601 3.36185 -3.23805
0.602 3.10004 -3.02924
0.603 2.82355 -2.81089
0.604 2.53341 -2.58383
0.605 2.2307 -2.34891
0.606 1.91656 -2.10701
0.607 1.59219 -1.85907
0.608 1.2588 -1.60602
0.609 0.917669 -1.34882
0.61 0.570106 -1.08846
0.611 0.217439 -0.825934
0.612 -0.138972 -0.562244
0.613 -0.497754 -0.2984
0.614 -0.857516 -0.0354162
0.615 -1.21686 0.225697
0.616 -1.5744 0.483935
0.617 -1.92873 0.738302
0.618 -2.27847 0.987816
0.619 -2.62225 1.23151
0.62 -2.95872 1.46845
0.621 -3.28656 1.69771
0.622 -3.60448 1.91839
0.623 -3.91122 2.12965
0.624 -4.20557 2.33066
0.625 -4.48636 2.52064
0.626 -4.75247 2.69883
0.627 -5.00286 2.86455
0.628 -5.2365 3.01714
0.629 -5.45248 3.156
0.63 -5.64993 3.28058
0.631 -5.82804 3.39039
0.632 -5.9861 3.48499
0.633 -6.12347 3.564
0.634 -6.23959 3.6271
0.635 -6.33398 3.67402
0.636 -6.40624 3.70458
0.637 -6.45607 3.71864
0.638 -6.48325 3.71613
0.639 -6.48766 3.69704
0.64 -6.46925 3.66142
0.641 -6.42808 3.60941
0.642 -6.36429 3.54119
0.643 -6.27812 3.457
0.644 -6.16988 3.35715
0.645 -6.03998 3.24202
0.646 -5.88891 3.11202
0.647 -5.71727 2.96766
0.648 -5.5257 2.80947
0.649 -5.31495 2.63804
0.65 -5.08584 2.45404
0.651 -4.83926 2.25815
0.652 -4.57618 2.05111
0.653 -4.29761 1.83372
0.654 -4.00465 1.6068
0.655 -3.69845 1.37122
0.656 -3.38021 1.12787
0.657 -3.05119 0.877687
0.658 -2.71267 0.621619
0.659 -2.36599 0.360649
0.66 -2.01252 0.0957722
0.661 -1.65365 -0.171997
0.662 -1.2908 -0.441634
0.663 -0.925405 -0.712108
0.664 -0.558903 -0.982383
0.665 -0.192747 -1.25142
0.666 0.171614 -1.5182
0.667 0.532737 -1.7817
0.668 0.889193 -2.0409
0.669 1.23957 -2.29481
0.67 1.58248 -2.54247
0.671 1.91656 -2.78292
0.672 2.24049 -3.01526
0.673 2.55299 -3.23858
0.674 2.85281 -3.45204
0.675 3.13878 -3.65482
0.676 3.40975 -3.84615
0.677 3.66465 -4.0253
0.678 3.90248 -4.1916
0.679 4.12229 -4.3444
0.68 4.32322 -4.48314
0.681 4.50448 -4.60729
0.682 4.66535 -4.71638
0.683 4.8052 -4.81
0.684 4.92348 -4.88781
0.685 5.01974 -4.94952
0.686 5.0936 -4.99491
0.687 5.14479 -5.0238
0.688 5.17311 -5.03612
0.689 5.17847 -5.03182
0.69 5.16086 -5.01094
0.691 5.12037 -4.97358
0.692 5.05719 -4.91988
0.693 4.97159 -4.85009
0.694 4.86394 -4.76447
0.695 4.73468 -4.66338
0.696 4.58437 -4.54723
0.697 4.41362 -4.41647
0.698 4.22315 -4.27162
0.699 4.01376 -4.11327
0.7 3.7863 -3.94203
0.701 3.54173 -3.75857
0.702 3.28105 -3.56362
0.703 3.00535 -3.35795
0.704 2.71577 -3.14234
0.705 2.41349 -2.91766
0.706 2.09978 -2.68476
0.707 1.77593 -2.44455
0.708 1.44328 -2.19797
0.709 1.1032 -1.94597
0.71 0.757099 -1.68951
0.711 0.406417 -1.4296
0.712 0.0526002 -1.16722
0.713 -0.302884 -0.903377
0.714 -0.658561 -0.639088
0.715 -1.01296 -0.375357
0.716 -1.3646 -0.113185
0.717 -1.71202 0.146433
0.718 -2.05379 0.402518
0.719 -2.38846 0.654106
0.72 -2.71466 0.900256
0.721 -3.03101 1.14005
0.722 -3.33619 1.37259
0.723 -3.62892 1.59703
0.724 -3.90797 1.81255
0.725 -4.17216 2.01835
0.726 -4.42039 2.2137
0.727 -4.65158 2.3979
0.728 -4.86477 2.57029
0.729 -5.05903 2.73028
0.73 -5.23353 2.87731
0.731 -5.38752 3.01089
0.732 -5.52032 3.13059
0.733 -5.63134 3.23602
0.734 -5.72008 3.32686
0.735 -5.78613 3.40285
0.736 -5.82917 3.46379
0.737 -5.84897 3.50954
0.738 -5.84541 3.54003
0.739 -5.81844 3.55525
0.74 -5.76812 3.55525
0.741 -5.6946 3.54014
0.742 -5.59814 3.51009
0.743 -5.47907 3.46536
0.744 -5.33781 3.40622
0.745 -5.17491 3.33304
0.746 -4.99095 3.24624
0.747 -4.78665 3.14627
0.748 -4.56277 3.03367
0.749 -4.32019 2.909
0.75 -4.05983 2.77289
0.751 -3.7827 2.626
0.752 -3.48988 2.46906
0.753 -3.18251 2.30279
0.754 -2.86179 2.12801
0.755 -2.52899 1.94553
0.756 -2.1854 1.7562
0.757 -1.83237 1.5609
0.758 -1.47131 1.36054
0.759 -1.10363 1.15604
0.76 -0.730781 0.948333
0.761 -0.354242 0.738376
0.762 0.0244989 0.527122
0.763 0.403941 0.315533
0.764 0.78258 0.10457
0.765 1.15891 -0.104812
0.766 1.53145 -0.311664
0.767 1.89871 -0.515052
0.768 2.25923 -0.714055
0.769 2.61158 -0.907775
0.77 2.95437 -1.09534
0.771 3.28622 -1.27589
0.772 3.60582 -1.44862
0.773 3.9119 -1.61274
0.774 4.20325 -1.76751
0.775 4.4787 -1.91222
0.776 4.73716 -2.04622
0.777 4.97761 -2.16888
0.778 5.19909 -2.27965
0.779 5.40074 -2.37801
0.78 5.58174 -2.4635
0.781 5.74139 -2.53571
0.782 5.87907 -2.59429
0.783 5.99423 -2.63897
0.784 6.08642 -2.6695
0.785 6.1553 -2.68572
0.786 6.2006 -2.68752
0.787 6.22217 -2.67485
0.788 6.21992 -2.64775
0.789 6.1939 -2.60627
0.79 6.14422 -2.55057
0.791 6.07112 -2.48084
0.792 5.9749 -2.39736
0.793 5.85598 -2.30043
0.794 5.71486 -2.19045
0.795 5.55214 -2.06785
0.796 5.3685 -1.93311
0.797 5.16471 -1.78679
0.798 4.94162 -1.62947
0.799 4.70015 -1.46181
0.8 4.44132 -1.28449
0.801 4.16619 -1.09823
0.802 3.87592 -0.903809
0.803 3.5717 -0.702034
0.804 3.2548 -0.493742
0.805 2.92654 -0.2798
0.806 2.58827 -0.0611041
0.807 2.24139 0.161431
0.808 1.88736 0.386871
0.809 1.52763 0.614266
0.81 1.16369 0.842658
0.811 0.797068 1.07108
0.812 0.429274 1.29857
0.813 0.0618385 1.52415
0.814 -0.303711 1.74687
0.815 -0.665856 1.96578
0.816 -1.02309 2.17993
0.817 -1.37392 2.38842
0.818 -1.71689 2.59033
0.819 -2.05056 2.78481
0.82 -2.37355 2.971
0.821 -2.6845 3.1481
0.822 -2.98212 3.31533
0.823 -3.26514 3.47196
0.824 -3.53239 3.61729
0.825 -3.78273 3.75068
0.826 -4.01512 3.87153
0.827 -4.22856 3.97929
0.828 -4.42216 4.07346
0.829 -4.59507 4.15362
0.83 -4.74658 4.21936
0.831 -4.87601 4.27038
0.832 -4.98281 4.30641
0.833 -5.0665 4.32726
0.834 -5.1267 4.33277
0.835 -5.16314 4.32288
0.836 -5.17564 4.29758
0.837 -5.1641 4.25692
0.838 -5.12855 4.20102
0.839 -5.06908 4.13006
0.84 -4.98592 4.04428
0.841 -4.87937 3.94399
0.842 -4.74984 3.82956
0.843 -4.59783 3.70142
0.844 -4.42393 3.56004
0.845 -4.22882 3.40597
0.846 -4.01328 3.23981
0.847 -3.77816 3.0622
0.848 -3.5244 2.87384
0.849 -3.25302 2.67546
0.85 -2.9651 2.46786
0.851 -2.66181 2.25186
0.852 -2.34437 2.02832
0.853 -2.01407 1.79814
0.854 -1.67224 1.56225
0.855 -1.32027 1.32159
0.856 -0.959595 1.07713
0.857 -0.591684 0.829885
0.858 -0.218039 0.580844
0.859 0.159812 0.331028
0.86 0.540321 0.0814603
0.861 0.921927 -0.166836
0.862 1.30306 -0.412838
0.863 1.68215 -0.65553
0.864 2.05764 -0.893909
0.865 2.42796 -1.12699
0.866 2.7916 -1.35379
0.867 3.14703 -1.57337
0.868 3.49279 -1.78481
0.869 3.82742 -1.98723
0.87 4.14953 -2.17975
0.871 4.45777 -2.36158
0.872 4.75084 -2.53194
0.873 5.0275 -2.69008
0.874 5.28658 -2.83535
0.875 5.52696 -2.96709
0.876 5.74764 -3.08475
0.877 5.94763 -3.18779
0.878 6.12609 -3.27575
0.879 6.28222 -3.34824
0.88 6.41532 -3.40491
0.881 6.52479 -3.44549
0.882 6.61012 -3.46977
0.883 6.67089 -3.4776
0.884 6.70679 -3.46891
0.885 6.71761 -3.44369
0.886 6.70321 -3.40199
0.887 6.6636 -3.34395
0.888 6.59886 -3.26975
0.889 6.50918 -3.17966
0.89 6.39484 -3.07401
0.891 6.25624 -2.95317
0.892 6.09386 -2.81762
0.893 5.90829 -2.66785
0.894 5.70019 -2.50446
0.895 5.47035 -2.32806
0.896 5.21961 -2.13936
0.897 4.94893 -1.93909
0.898 4.65931 -1.72804
0.899 4.35187 -1.50705
0.9 4.02778 -1.277
0.901 3.68827 -1.03881
0.902 3.33466 -0.793437
0.903 2.96831 -0.541874
0.904 2.59063 -0.285137
0.905 2.20309 -0.0242698
0.906 1.8072 0.239664
0.907 1.40448 0.505584
0.908 0.996521 0.772398
0.909 0.584903 1.03901
0.91 0.171237 1.3043
0.911 -0.242858 1.56719
0.912 -0.65576 1.82657
0.913 -1.06585 2.08135
0.914 -1.47152 2.33047
0.915 -1.87118 2.57286
0.916 -2.26325 2.80751
0.917 -2.64619 3.03339
0.918 -3.0185 3.24955
0.919 -3.37871 3.45504
0.92 -3.72541 3.64897
0.921 -4.05722 3.83047
0.922 -4.37283 3.99875
0.923 -4.67102 4.15303
0.924 -4.95059 4.29262
0.925 -5.21045 4.41685
0.926 -5.44958 4.52515
0.927 -5.66703 4.61696
0.928 -5.86195 4.69184
0.929 -6.03357 4.74936
0.93 -6.18123 4.7892
0.931 -6.30433 4.81108
0.932 -6.40241 4.8148
0.933 -6.47508 4.80025
0.934 -6.52207 4.76735
0.935 -6.54319 4.71613
0.936 -6.53839 4.64667
0.937 -6.50768 4.55913
0.938 -6.45121 4.45374
0.939 -6.36922 4.33079
0.94 -6.26204 4.19067
0.941 -6.13012 4.0338
0.942 -5.97401 3.86069
0.943 -5.79433 3.6719
0.944 -5.59183 3.46808
0.945 -5.36733 3.24991
0.946 -5.12175 3.01814
0.947 -4.85609 2.77357
0.948 -4.57142 2.51706
0.949 -4.26892 2.24952
0.95 -3.9498 1.9719
0.951 -3.61537 1.68518
0.952 -3.26698 1.3904
0.953 -2.90606 1.08862
0.954 -2.53407 0.780925
0.955 -2.15252 0.468441
0.956 -1.76297 0.152303
0.957 -1.36701 -0.166333
0.958 -0.96624 -0.486299
0.959 -0.562299 -0.806421
0.96 -0.156832 -1.12552
0.961 0.248507 -1.44242
0.962 0.652065 -1.75595
0.963 1.05219 -2.06495
0.964 1.44726 -2.36828
0.965 1.83565 -2.66482
0.966 2.21577 -2.95345
0.967 2.58606 -3.23312
0.968 2.94502 -3.50277
0.969 3.29115 -3.76142
0.97 3.62305 -4.0081
0.971 3.93934 -4.24188
0.972 4.23871 -4.46192
0.973 4.51994 -4.66737
0.974 4.78185 -4.85749
0.975 5.02336 -5.03158
0.976 5.24346 -5.18898
0.977 5.44123 -5.32911
0.978 5.61583 -5.45147
0.979 5.76653 -5.5556
0.98 5.89268 -5.64114
0.981 5.99373 -5.70776
0.982 6.06924 -5.75523
0.983 6.11886 -5.78341
0.984 6.14236 -5.79219
0.985 6.1396 -5.78156
0.986 6.11054 -5.75159
0.987 6.05527 -5.7024
0.988 5.97397 -5.63422
0.989 5.86692 -5.54731
0.99 5.73451 -5.44204
0.991 5.57722 -5.31882
0.992 5.39567 -5.17815
0.993 5.19052 -5.02058
0.994 4.96257 -4.84675
0.995 4.71269 -4.65733
0.996 4.44184 -4.45307
0.997 4.15108 -4.23477
0.998 3.84153 -4.00329
0.999 3.5144 -3.75954
1 3.17096 -3.50446
