0.001 3.3938e-008 2.59474e-009
0.002 3.09239e-007 2.08362e-008
0.003 1.45882e-006 8.64509e-008
0.004 4.83508e-006 2.53638e-007
0.005 1.28008e-005 6.01481e-007
0.006 2.90098e-005 1.23799e-006
0.007 5.86758e-005 2.30625e-006
0.008 0.000108825 3.99301e-006
0.009 0.000188533 6.5402e-006
0.01 0.000309139 1.02596e-005
0.011 0.000484445 1.55512e-005
0.012 0.000730879 2.2925e-005
0.013 0.00106765 3.30274e-005
0.014 0.00151685 4.6671e-005
0.015 0.00210357 6.48697e-005
0.016 0.00285593 8.88772e-005
0.017 0.00380513 0.000120231
0.018 0.00498542 0.000160798
0.019 0.0064341 0.000212831
0.02 0.00819143 0.00027902
0.021 0.0103005 0.000362554
0.022 0.0128072 0.000467185
0.023 0.0157599 0.000597296
0.024 0.0192093 0.000757967
0.025 0.0232084 0.00095505
0.026 0.0278119 0.00119524
0.027 0.033076 0.00148616
0.028 0.0390584 0.00183643
0.029 0.0458174 0.00225573
0.03 0.0534123 0.0027549
0.031 0.0619019 0.00334601
0.032 0.0713453 0.00404241
0.033 0.0818006 0.00485883
0.034 0.0933247 0.00581142
0.035 0.105973 0.00691784
0.036 0.119799 0.00819728
0.037 0.134854 0.00967054
0.038 0.151184 0.0113601
0.039 0.168835 0.01329
0.04 0.187846 0.0154861
0.041 0.208253 0.017976
0.042 0.230087 0.020789
0.043 0.253373 0.023956
0.044 0.27813 0.0275098
0.045 0.304372 0.0314848
0.046 0.332106 0.035917
0.047 0.36133 0.0408441
0.048 0.392038 0.0463052
0.049 0.424213 0.052341
0.05 0.457831 0.0589934
0.051 0.492861 0.0663055
0.052 0.529263 0.0743217
0.053 0.566987 0.0830872
0.054 0.605976 0.0926481
0.055 0.646164 0.103051
0.056 0.687474 0.114343
0.057 0.729823 0.126572
0.058 0.773118 0.139785
0.059 0.817257 0.154029
0.06 0.862129 0.169351
0.061 0.907616 0.185798
0.062 0.953592 0.203413
0.063 0.999921 0.222242
0.064 1.04646 0.242326
0.065 1.09307 0.263707
0.066 1.13958 0.286422
0.067 1.18585 0.310507
0.068 1.23169 0.335996
0.069 1.27694 0.362919
0.07 1.32143 0.391303
0.071 1.36497 0.42117
0.072 1.40739 0.452541
0.073 1.4485 0.485428
0.074 1.48811 0.519843
0.075 1.52605 0.555791
0.076 1.56212 0.59327
0.077 1.59614 0.632277
0.078 1.62794 0.672798
0.079 1.65734 0.714817
0.08 1.68416 0.758309
0.081 1.70823 0.803244
0.082 1.72939 0.849585
0.083 1.74749 0.897287
0.084 1.76237 0.9463
0.085 1.77391 0.996563
0.086 1.78196 1.04801
0.087 1.78641 1.10057
0.088 1.78715 1.15417
0.089 1.78409 1.2087
0.09 1.77714 1.26408
0.091 1.76623 1.32021
0.092 1.7513 1.37696
0.093 1.73232 1.43424
0.094 1.70925 1.4919
0.095 1.68209 1.54981
0.096 1.65084 1.60784
0.097 1.61553 1.66585
0.098 1.57618 1.72367
0.099 1.53287 1.78115
0.1 1.48566 1.83814
0.101 1.43464 1.89445
0.102 1.37992 1.94991
0.103 1.32163 2.00436
0.104 1.25991 2.0576
0.105 1.19491 2.10945
0.106 1.12682 2.15973
0.107 1.05582 2.20824
0.108 0.982121 2.2548
0.109 0.905951 2.29921
0.11 0.827544 2.34128
0.111 0.747151 2.38082
0.112 0.665037 2.41764
0.113 0.581477 2.45155
0.114 0.49676 2.48237
0.115 0.411184 2.50991
0.116 0.325054 2.53399
0.117 0.238687 2.55446
0.118 0.152404 2.57113
0.119 0.0665335 2.58385
0.12 -0.0185935 2.59246
0.121 -0.102642 2.59683
0.122 -0.185274 2.59681
0.123 -0.266155 2.59228
0.124 -0.344947 2.58312
0.125 -0.421319 2.56924
0.126 -0.49494 2.55053
0.127 -0.565488 2.52692
0.128 -0.632645 2.49834
0.129 -0.696104 2.46474
0.13 -0.755566 2.42608
0.131 -0.810745 2.38232
0.132 -0.861367 2.33348
0.133 -0.907171 2.27954
0.134 -0.947913 2.22054
0.135 -0.983365 2.15651
0.136 -1.01332 2.0875
0.137 -1.03758 2.0136
0.138 -1.05598 1.93488
0.139 -1.06837 1.85146
0.14 -1.07463 1.76346
0.141 -1.07465 1.67101
0.142 -1.06834 1.57428
0.143 -1.05567 1.47344
0.144 -1.03659 1.36868
0.145 -1.01111 1.26021
0.146 -0.979238 1.14825
0.147 -0.941039 1.03304
0.148 -0.896583 0.91483
0.149 -0.845976 0.793892
0.15 -0.789346 0.670507
0.151 -0.726853 0.544969
0.152 -0.65868 0.417587
0.153 -0.585037 0.288678
0.154 -0.506162 0.158573
0.155 -0.422315 0.0276098
0.156 -0.333782 -0.103862
0.157 -0.240873 -0.235488
0.158 -0.143921 -0.366905
0.159 -0.0432801 -0.497745
0.16 0.0606758 -0.627637
0.161 0.167552 -0.756204
0.162 0.276937 -0.883071
0.163 0.388402 -1.00786
0.164 0.501504 -1.13019
0.165 0.615785 -1.24969
0.166 0.730777 -1.36599
0.167 0.846001 -1.47872
0.168 0.96097 -1.58752
0.169 1.07519 -1.69204
0.17 1.18817 -1.79193
0.171 1.2994 -1.88685
0.172 1.40839 -1.9765
0.173 1.51463 -2.06054
0.174 1.61764 -2.1387
0.175 1.71692 -2.21069
0.176 1.81199 -2.27623
0.177 1.90239 -2.3351
0.178 1.98765 -2.38705
0.179 2.06733 -2.43189
0.18 2.141 -2.46942
0.181 2.20825 -2.49947
0.182 2.26868 -2.52192
0.183 2.32194 -2.53663
0.184 2.36767 -2.54351
0.185 2.40556 -2.54249
0.186 2.4353 -2.53353
0.187 2.45664 -2.51661
0.188 2.46934 -2.49173
0.189 2.4732 -2.45893
0.19 2.46803 -2.41828
0.191 2.45371 -2.36985
0.192 2.43013 -2.31378
0.193 2.39722 -2.25019
0.194 2.35494 -2.17925
0.195 2.3033 -2.10117
0.196 2.24234 -2.01617
0.197 2.17213 -1.92449
0.198 2.09279 -1.82641
0.199 2.00447 -1.72222
0.2 1.90735 -1.61225
0.201 1.80166 -1.49684
0.202 1.68766 -1.37635
0.203 1.56565 -1.25118
0.204 1.43595 -1.12172
0.205 1.29893 -0.988409
0.206 1.15498 -0.851681
0.207 1.00454 -0.711997
0.208 0.848058 -0.569829
0.209 0.686024 -0.425661
0.21 0.518952 -0.27999
0.211 0.347378 -0.133321
0.212 0.171865 0.0138318
0.213 -0.00700532 0.160949
0.214 -0.188631 0.307506
0.215 -0.372393 0.452977
0.216 -0.557658 0.596834
0.217 -0.743782 0.738552
0.218 -0.930109 0.877607
0.219 -1.11598 1.01348
0.22 -1.30072 1.14566
0.221 -1.48366 1.27365
0.222 -1.66414 1.39696
0.223 -1.84149 1.51509
0.224 -2.01506 1.6276
0.225 -2.18418 1.73403
0.226 -2.34822 1.83394
0.227 -2.50655 1.92694
0.228 -2.65856 2.01262
0.229 -2.80367 2.09062
0.23 -2.9413 2.1606
0.231 -3.0709 2.22223
0.232 -3.19197 2.27522
0.233 -3.30399 2.31932
0.234 -3.40653 2.35429
0.235 -3.49914 2.37993
0.236 -3.58144 2.39605
0.237 -3.65306 2.40253
0.238 -3.71369 2.39925
0.239 -3.76306 2.38615
0.24 -3.80092 2.36318
0.241 -3.82707 2.33034
0.242 -3.84138 2.28766
0.243 -3.84372 2.2352
0.244 -3.83404 2.17306
0.245 -3.81232 2.10138
0.246 -3.77859 2.02032
0.247 -3.73293 1.93009
0.248 -3.67545 1.83092
0.249 -3.60634 1.72308
0.25 -3.52579 1.60687
0.251 -3.43408 1.48263
0.252 -3.3315 1.35072
0.253 -3.2184 1.21152
0.254 -3.09518 1.06546
0.255 -2.96227 0.91299
0.256 -2.82013 0.754569
0.257 -2.66927 0.590697
0.258 -2.51026 0.421889
0.259 -2.34365 0.248681
0.26 -2.17008 0.071628
0.261 -1.99017 -0.1087
0.262 -1.80461 -0.291718
0.263 -1.61409 -0.476829
0.264 -1.41933 -0.663426
0.265 -1.22106 -0.850894
0.266 -1.02005 -1.03861
0.267 -0.817075 -1.22595
0.268 -0.612904 -1.41229
0.269 -0.408335 -1.597
0.27 -0.204161 -1.77947
0.271 -0.00118242 -1.95907
0.272 0.199805 -2.13519
0.273 0.398009 -2.30725
0.274 0.592643 -2.47464
0.275 0.782934 -2.6368
0.276 0.96812 -2.79318
0.277 1.14746 -2.94323
0.278 1.32022 -3.08644
0.279 1.48572 -3.22231
0.28 1.64326 -3.35038
0.281 1.79221 -3.4702
0.282 1.93195 -3.58135
0.283 2.0619 -3.68346
0.284 2.18152 -3.77616
0.285 2.29029 -3.85913
0.286 2.38776 -3.93208
0.287 2.4735 -3.99477
0.288 2.54714 -4.04696
0.289 2.60835 -4.08848
0.29 2.65684 -4.11918
0.291 2.69239 -4.13896
0.292 2.71481 -4.14775
0.293 2.72398 -4.14552
0.294 2.71981 -4.13228
0.295 2.7023 -4.10807
0.296 2.67145 -4.073
0.297 2.62737 -4.02717
0.298 2.57019 -3.97077
0.299 2.50009 -3.90398
0.3 2.41732 -3.82706
0.301 2.32219 -3.74026
0.302 2.21502 -3.64392
0.303 2.09622 -3.53836
0.304 1.96624 -3.42397
0.305 1.82556 -3.30115
0.306 1.67472 -3.17035
0.307 1.51431 -3.03203
0.308 1.34493 -2.88669
0.309 1.16726 -2.73483
0.31 0.981978 -2.57701
0.311 0.789825 -2.41378
0.312 0.591559 -2.24573
0.313 0.387966 -2.07344
0.314 0.179858 -1.89753
0.315 -0.0319294 -1.71863
0.316 -0.246544 -1.53736
0.317 -0.46312 -1.35436
0.318 -0.680776 -1.17027
0.319 -0.898626 -0.985752
0.32 -1.11578 -0.801436
0.321 -1.33134 -0.617968
0.322 -1.54443 -0.435986
0.323 -1.75415 -0.25612
0.324 -1.95963 -0.078989
0.325 -2.16002 0.0948
0.326 -2.35446 0.264654
0.327 -2.54215 0.429999
0.328 -2.72227 0.590277
0.329 -2.89406 0.744954
0.33 -3.05677 0.893518
0.331 -3.2097 1.03548
0.332 -3.35217 1.17039
0.333 -3.48356 1.29782
0.334 -3.60327 1.41735
0.335 -3.71076 1.52863
0.336 -3.80553 1.63133
0.337 -3.88713 1.72514
0.338 -3.95515 1.8098
0.339 -4.00927 1.88509
0.34 -4.04918 1.95082
0.341 -4.07465 2.00684
0.342 -4.08551 2.05303
0.343 -4.08162 2.08934
0.344 -4.06294 2.11572
0.345 -4.02946 2.13218
0.346 -3.98124 2.13877
0.347 -3.91839 2.13559
0.348 -3.84109 2.12275
0.349 -3.74958 2.10042
0.35 -3.64414 2.06879
0.351 -3.52513 2.02812
0.352 -3.39295 1.97868
0.353 -3.24805 1.92077
0.354 -3.09096 1.85473
0.355 -2.92223 1.78094
0.356 -2.74247 1.69981
0.357 -2.55234 1.61177
0.358 -2.35254 1.51727
0.359 -2.1438 1.41681
0.36 -1.92692 1.31089
0.361 -1.7027 1.20004
0.362 -1.47198 1.0848
0.363 -1.23565 0.965741
0.364 -0.994598 0.843438
0.365 -0.74975 0.718479
0.366 -0.502043 0.591463
0.367 -0.252429 0.462993
0.368 -0.00187054 0.333679
0.369 0.248663 0.20413
0.37 0.498201 0.0749549
0.371 0.745773 -0.0532402
0.372 0.990415 -0.179856
0.373 1.23117 -0.304301
0.374 1.46711 -0.425995
0.375 1.69729 -0.544372
0.376 1.92082 -0.65888
0.377 2.13682 -0.768987
0.378 2.34445 -0.87418
0.379 2.54288 -0.973968
0.38 2.73132 -1.06789
0.381 2.90905 -1.15549
0.382 3.07536 -1.23638
0.383 3.22959 -1.31017
0.384 3.37113 -1.3765
0.385 3.49942 -1.43506
0.386 3.61397 -1.48557
0.387 3.71432 -1.52779
0.388 3.80007 -1.5615
0.389 3.8709 -1.58652
0.39 3.92652 -1.60273
0.391 3.96673 -1.61003
0.392 3.99137 -1.60837
0.393 4.00037 -1.59771
0.394 3.99369 -1.5781
0.395 3.97138 -1.54959
0.396 3.93354 -1.51227
0.397 3.88034 -1.4663
0.398 3.81203 -1.41185
0.399 3.72888 -1.34913
0.4 3.63127 -1.2784
0.401 3.5196 -1.19994
0.402 3.39436 -1.11408
0.403 3.25608 -1.02118
0.404 3.10534 -0.921604
0.405 2.94279 -0.815787
0.406 2.76912 -0.704167
0.407 2.58507 -0.587216
0.408 2.39142 -0.465427
0.409 2.189 -0.339318
0.41 1.97866 -0.209425
0.411 1.76131 -0.0763009
0.412 1.53788 0.0594834
0.413 1.30931 0.197347
0.414 1.07659 0.336696
0.415 0.840724 0.476932
0.416 0.602718 0.617448
0.417 0.363598 0.757638
0.418 0.124399 0.896893
0.419 -0.113845 1.03461
0.42 -0.350101 1.17018
0.421 -0.58334 1.30303
0.422 -0.812545 1.43256
0.423 -1.03671 1.55821
0.424 -1.25486 1.67943
0.425 -1.46601 1.79568
0.426 -1.66925 1.90644
0.427 -1.86366 2.01123
0.428 -2.04837 2.10958
0.429 -2.22256 2.20105
0.43 -2.38542 2.28522
0.431 -2.53621 2.36173
0.432 -2.67425 2.43021
0.433 -2.79887 2.49035
0.434 -2.90949 2.54189
0.435 -3.00558 2.58456
0.436 -3.08665 2.61819
0.437 -3.1523 2.64259
0.438 -3.20218 2.65764
0.439 -3.23599 2.66326
0.44 -3.25353 2.65942
0.441 -3.25463 2.6461
0.442 -3.23921 2.62334
0.443 -3.20727 2.59124
0.444 -3.15886 2.54991
0.445 -3.09409 2.49951
0.446 -3.01316 2.44026
0.447 -2.91635 2.37239
0.448 -2.80396 2.29619
0.449 -2.6764 2.21199
0.45 -2.53414 2.12013
0.451 -2.37768 2.02101
0.452 -2.20763 1.91506
0.453 -2.02462 1.80273
0.454 -1.82936 1.68452
0.455 -1.62259 1.56093
0.456 -1.40513 1.43252
0.457 -1.17783 1.29984
0.458 -0.941587 1.16349
0.459 -0.697344 1.02407
0.46 -0.446075 0.882206
0.461 -0.188793 0.73853
0.462 0.0734649 0.593692
0.463 0.339633 0.448348
0.464 0.608625 0.30316
0.465 0.87934 0.158793
0.466 1.15066 0.0159118
0.467 1.42147 -0.124822
0.468 1.69065 -0.262753
0.469 1.95706 -0.397232
0.47 2.21961 -0.527624
0.471 2.47717 -0.653307
0.472 2.72866 -0.773675
0.473 2.97302 -0.888143
0.474 3.20919 -0.996148
0.475 3.43617 -1.09715
0.476 3.65297 -1.19064
0.477 3.85864 -1.27613
0.478 4.05229 -1.35318
0.479 4.23306 -1.42137
0.48 4.40014 -1.48031
0.481 4.55277 -1.52967
0.482 4.69025 -1.56914
0.483 4.81194 -1.59846
0.484 4.91726 -1.61741
0.485 5.00571 -1.62581
0.486 5.07682 -1.62353
0.487 5.13021 -1.61048
0.488 5.16559 -1.58663
0.489 5.18271 -1.55196
0.49 5.18141 -1.50655
0.491 5.1616 -1.45048
0.492 5.12326 -1.38391
0.493 5.06646 -1.30702
0.494 4.99133 -1.22005
0.495 4.89808 -1.12328
0.496 4.787 -1.01704
0.497 4.65844 -0.901708
0.498 4.51283 -0.777684
0.499 4.35068 -0.645425
0.5 4.17256 -0.505421
0.501 3.9791 -0.358201
0.502 3.771 -0.204329
0.503 3.54904 -0.0444004
0.504 3.31401 0.120957
0.505 3.06682 0.291088
0.506 2.80838 0.465311
0.507 2.53968 0.642921
0.508 2.26174 0.823194
0.509 1.97561 1.00539
0.51 1.68242 1.18874
0.511 1.38328 1.37249
0.512 1.07936 1.55586
0.513 0.771838 1.73806
0.514 0.461927 1.9183
0.515 0.150838 2.09581
0.516 -0.160203 2.26981
0.517 -0.469967 2.43951
0.518 -0.777226 2.60417
0.519 -1.08076 2.76303
0.52 -1.37936 2.91535
0.521 -1.67183 3.06043
0.522 -1.95699 3.19759
0.523 -2.23371 3.32615
0.524 -2.50085 3.44548
0.525 -2.75736 3.55498
0.526 -3.00217 3.65408
0.527 -3.2343 3.74226
0.528 -3.45279 3.81901
0.529 -3.65675 3.88389
0.53 -3.84534 3.93649
0.531 -4.01778 3.97645
0.532 -4.17335 4.00344
0.533 -4.3114 4.01722
0.534 -4.43135 4.01754
0.535 -4.53268 4.00426
0.536 -4.61497 3.97726
0.537 -4.67784 3.93648
0.538 -4.72103 3.8819
0.539 -4.74431 3.81358
0.54 -4.74757 3.73162
0.541 -4.73077 3.63616
0.542 -4.69393 3.52743
0.543 -4.63719 3.40567
0.544 -4.56074 3.27121
0.545 -4.46487 3.12441
0.546 -4.34992 2.96568
0.547 -4.21634 2.79548
0.548 -4.06465 2.61433
0.549 -3.89544 2.42279
0.55 -3.70936 2.22145
0.551 -3.50716 2.01097
0.552 -3.28963 1.79201
0.553 -3.05763 1.5653
0.554 -2.8121 1.33159
0.555 -2.55402 1.09166
0.556 -2.28443 0.846334
0.557 -2.0044 0.596443
0.558 -1.71508 0.342848
0.559 -1.41765 0.0864291
0.56 -1.1133 -0.171918
0.561 -0.803279 -0.431286
0.562 -0.488861 -0.690757
0.563 -0.171334 -0.949411
0.564 0.147998 -1.20632
0.565 0.467817 -1.46057
0.566 0.786798 -1.71123
0.567 1.10362 -1.95741
0.568 1.41696 -2.1982
0.569 1.72551 -2.43273
0.57 2.02797 -2.66014
0.571 2.32309 -2.87959
0.572 2.60959 -3.09026
0.573 2.88628 -3.29139
0.574 3.15197 -3.48221
0.575 3.40553 -3.66203
0.576 3.64585 -3.83015
0.577 3.87189 -3.98596
0.578 4.08268 -4.12886
0.579 4.27727 -4.25832
0.58 4.45479 -4.37383
0.581 4.61445 -4.47495
0.582 4.75552 -4.5613
0.583 4.87733 -4.63254
0.584 4.97931 -4.68838
0.585 5.06094 -4.72862
0.586 5.1218 -4.75307
0.587 5.16155 -4.76164
0.588 5.17992 -4.75429
0.589 5.17675 -4.73101
0.59 5.15195 -4.6919
0.591 5.10551 -4.63707
0.592 5.03752 -4.56674
0.593 4.94815 -4.48114
0.594 4.83767 -4.38059
0.595 4.7064 -4.26547
0.596 4.5548 -4.13618
0.597 4.38335 -3.99322
0.598 4.19266 -3.83712
0.599 3.9834 -3.66844
0.6 3.7563 -3.48784
0.601 3.5122 -3.29599
0.602 3.25199 -3.0936
0.603 2.97661 -2.88144
0.604 2.68709 -2.66032
0.605 2.38451 -2.43107
0.606 2.07 -2.19456
0.607 1.74476 -1.95168
0.608 1.41 -1.70337
0.609 1.067 -1.45057
0.61 0.717079 -1.19424
0.611 0.361565 -0.935368
0.612 0.00182515 -0.674937
0.613 -0.360754 -0.413948
0.614 -0.724774 -0.153402
0.615 -1.08882 0.1057
0.616 -1.45149 0.362361
0.617 -1.81137 0.615592
0.618 -2.16705 0.864418
0.619 -2.51714 1.10788
0.62 -2.86028 1.34503
0.621 -3.19512 1.57495
0.622 -3.52034 1.79676
0.623 -3.83467 2.00959
0.624 -4.13685 2.21261
0.625 -4.4257 2.40504
0.626 -4.70008 2.58612
0.627 -4.95888 2.75514
0.628 -5.20109 2.91145
0.629 -5.42574 3.05443
0.63 -5.63193 3.18352
0.631 -5.81882 3.29821
0.632 -5.98568 3.39803
0.633 -6.13182 3.48261
0.634 -6.25665 3.55159
0.635 -6.35966 3.6047
0.636 -6.44043 3.64171
0.637 -6.49862 3.66248
0.638 -6.53398 3.66691
0.639 -6.54635 3.65497
0.64 -6.53567 3.62668
0.641 -6.50195 3.58216
0.642 -6.44531 3.52154
0.643 -6.36596 3.44507
0.644 -6.2642 3.35301
0.645 -6.1404 3.24571
0.646 -5.99504 3.12357
0.647 -5.82868 2.98705
0.648 -5.64196 2.83666
0.649 -5.4356 2.67298
0.65 -5.21041 2.49663
0.651 -4.96726 2.30827
0.652 -4.7071 2.10861
0.653 -4.43095 1.89843
0.654 -4.1399 1.67852
0.655 -3.83507 1.44973
0.656 -3.51768 1.21291
0.657 -3.18897 0.96899
0.658 -2.85023 0.718889
0.659 -2.5028 0.463568
0.66 -2.14806 0.204003
0.661 -1.78739 -0.0588113
0.662 -1.42223 -0.323869
0.663 -1.05402 -0.590155
0.664 -0.684209 -0.856648
0.665 -0.314272 -1.12233
0.666 0.05433 -1.38618
0.667 0.420138 -1.64719
0.668 0.781701 -1.90436
0.669 1.13759 -2.15671
0.67 1.48638 -2.40326
0.671 1.82671 -2.64308
0.672 2.15721 -2.87526
0.673 2.47657 -3.09889
0.674 2.78354 -3.31314
0.675 3.07689 -3.51718
0.676 3.35546 -3.71024
0.677 3.61814 -3.89158
0.678 3.86389 -4.06051
0.679 4.09175 -4.2164
0.68 4.3008 -4.35865
0.681 4.49022 -4.48674
0.682 4.65928 -4.60017
0.683 4.80729 -4.69854
0.684 4.93368 -4.78146
0.685 5.03796 -4.84864
0.686 5.11972 -4.89984
0.687 5.17864 -4.93487
0.688 5.21452 -4.95361
0.689 5.22721 -4.95602
0.69 5.21668 -4.94209
0.691 5.183 -4.91191
0.692 5.12631 -4.86561
0.693 5.04687 -4.80338
0.694 4.94501 -4.72549
0.695 4.82115 -4.63225
0.696 4.67583 -4.52404
0.697 4.50964 -4.40131
0.698 4.32328 -4.26453
0.699 4.11752 -4.11427
0.7 3.89322 -3.95111
0.701 3.65129 -3.7757
0.702 3.39275 -3.58875
0.703 3.11866 -3.39097
0.704 2.83015 -3.18316
0.705 2.52842 -2.96613
0.706 2.21472 -2.74072
0.707 1.89033 -2.50782
0.708 1.55659 -2.26834
0.709 1.2149 -2.02321
0.71 0.866654 -1.77338
0.711 0.513299 -1.51982
0.712 0.156297 -1.2635
0.713 -0.202876 -1.00542
0.714 -0.56273 -0.746566
0.715 -0.921774 -0.487935
0.716 -1.27852 -0.230513
0.717 -1.63148 0.0247186
0.718 -1.97919 0.276789
0.719 -2.32021 0.524745
0.72 -2.65311 0.767651
0.721 -2.97649 1.0046
0.722 -3.28902 1.23469
0.723 -3.58938 1.45709
0.724 -3.8763 1.67096
0.725 -4.14859 1.87553
0.726 -4.40508 2.07005
0.727 -4.6447 2.25381
0.728 -4.86643 2.42616
0.729 -5.06931 2.5865
0.73 -5.25248 2.73426
0.731 -5.41515 2.86895
0.732 -5.5566 2.99012
0.733 -5.67621 3.09736
0.734 -5.77344 3.19035
0.735 -5.84785 3.26882
0.736 -5.89909 3.33255
0.737 -5.92689 3.38138
0.738 -5.93109 3.41523
0.739 -5.91162 3.43406
0.74 -5.86851 3.43791
0.741 -5.80187 3.42687
0.742 -5.71193 3.4011
0.743 -5.59899 3.36082
0.744 -5.46347 3.3063
0.745 -5.30586 3.23787
0.746 -5.12675 3.15593
0.747 -4.92682 3.06093
0.748 -4.70682 2.95336
0.749 -4.4676 2.83378
0.75 -4.21008 2.70278
0.751 -3.93525 2.56101
0.752 -3.64419 2.40917
0.753 -3.33802 2.24799
0.754 -3.01795 2.07823
0.755 -2.68522 1.90069
0.756 -2.34115 1.71621
0.757 -1.98708 1.52566
0.758 -1.62441 1.32992
0.759 -1.25457 1.12989
0.76 -0.879019 0.926491
0.761 -0.499244 0.720666
0.762 -0.116748 0.513357
0.763 0.266953 0.30551
0.764 0.650339 0.0980754
0.765 1.03189 -0.108002
0.766 1.41008 -0.311782
0.767 1.78342 -0.512338
0.768 2.15043 -0.708757
0.769 2.50963 -0.900146
0.77 2.85961 -1.08563
0.771 3.19896 -1.26437
0.772 3.52635 -1.43554
0.773 3.84046 -1.59837
0.774 4.14004 -1.7521
0.775 4.42392 -1.89604
0.776 4.69094 -2.02951
0.777 4.94007 -2.1519
0.778 5.17029 -2.26263
0.779 5.38071 -2.36118
0.78 5.57048 -2.44709
0.781 5.73886 -2.51994
0.782 5.88519 -2.57937
0.783 6.00888 -2.62508
0.784 6.10945 -2.65683
0.785 6.18652 -2.67444
0.786 6.23979 -2.67779
0.787 6.26906 -2.66681
0.788 6.27423 -2.64151
0.789 6.2553 -2.60195
0.79 6.21235 -2.54826
0.791 6.1456 -2.48062
0.792 6.05531 -2.39927
0.793 5.94189 -2.30453
0.794 5.8058 -2.19676
0.795 5.64763 -2.07637
0.796 5.46803 -1.94385
0.797 5.26775 -1.79971
0.798 5.04763 -1.64453
0.799 4.80858 -1.47895
0.8 4.55159 -1.30363
0.801 4.27774 -1.11928
0.802 3.98816 -0.92667
0.803 3.68405 -0.726581
0.804 3.36666 -0.519841
0.805 3.03733 -0.307305
0.806 2.6974 -0.0898559
0.807 2.34829 0.131602
0.808 1.99145 0.356145
0.809 1.62836 0.582832
0.81 1.26052 0.810712
0.811 0.889455 1.03883
0.812 0.516711 1.26622
0.813 0.143835 1.49192
0.814 -0.227624 1.71497
0.815 -0.596121 1.93443
0.816 -0.960123 2.14936
0.817 -1.31811 2.35884
0.818 -1.6686 2.56197
0.819 -2.01012 2.75788
0.82 -2.34124 2.94571
0.821 -2.66058 3.12466
0.822 -2.9668 3.29394
0.823 -3.25862 3.45282
0.824 -3.53481 3.60057
0.825 -3.79419 3.73657
0.826 -4.03569 3.86018
0.827 -4.25827 3.97086
0.828 -4.46098 4.06809
0.829 -4.64295 4.15142
0.83 -4.80342 4.22046
0.831 -4.94167 4.27487
0.832 -5.05711 4.31436
0.833 -5.14923 4.33873
0.834 -5.2176 4.34782
0.835 -5.26191 4.34153
0.836 -5.28195 4.31984
0.837 -5.27757 4.28278
0.838 -5.24878 4.23045
0.839 -5.19564 4.16302
0.84 -5.11834 4.0807
0.841 -5.01715 3.98379
0.842 -4.89245 3.87264
0.843 -4.74472 3.74765
0.844 -4.57452 3.60929
0.845 -4.38252 3.45809
0.846 -4.16947 3.29461
0.847 -3.9362 3.1195
0.848 -3.68366 2.93344
0.849 -3.41283 2.73714
0.85 -3.1248 2.53138
0.851 -2.82073 2.31698
0.852 -2.50183 2.09477
0.853 -2.16939 1.86566
0.854 -1.82475 1.63055
0.855 -1.4693 1.39039
0.856 -1.10449 1.14614
0.857 -0.731789 0.898792
0.858 -0.35272 0.649344
0.859 0.0311731 0.398811
0.86 0.418325 0.148212
0.861 0.807153 -0.101428
0.862 1.19606 -0.349087
0.863 1.58346 -0.593747
0.864 1.96775 -0.8344
0.865 2.34736 -1.07005
0.866 2.7207 -1.29973
0.867 3.08625 -1.52247
0.868 3.44248 -1.73734
0.869 3.78792 -1.94346
0.87 4.12112 -2.13994
0.871 4.44069 -2.32597
0.872 4.74529 -2.50074
0.873 5.03364 -2.66352
0.874 5.30452 -2.81361
0.875 5.55678 -2.95036
0.876 5.78934 -3.07316
0.877 6.00121 -3.18149
0.878 6.19146 -3.27485
0.879 6.35927 -3.35282
0.88 6.50389 -3.41505
0.881 6.62466 -3.46123
0.882 6.72104 -3.49112
0.883 6.79257 -3.50457
0.884 6.83888 -3.50146
0.885 6.85972 -3.48176
0.886 6.85493 -3.44551
0.887 6.82445 -3.39281
0.888 6.76835 -3.32382
0.889 6.68676 -3.23878
0.89 6.57994 -3.13799
0.891 6.44826 -3.02182
0.892 6.29217 -2.89069
0.893 6.11222 -2.74511
0.894 5.90906 -2.58562
0.895 5.68345 -2.41283
0.896 5.43622 -2.22741
0.897 5.1683 -2.03009
0.898 4.88069 -1.82162
0.899 4.57449 -1.60285
0.9 4.25086 -1.37462
0.901 3.91104 -1.13784
0.902 3.55634 -0.893466
0.903 3.18811 -0.642464
0.904 2.80779 -0.385845
0.905 2.41683 -0.124644
0.906 2.01676 0.140083
0.907 1.60914 0.407261
0.908 1.19554 0.675801
0.909 0.777578 0.944606
0.91 0.356888 1.21257
0.911 -0.0648864 1.47859
0.912 -0.486096 1.74157
0.913 -0.905092 2.00042
0.914 -1.32023 2.25405
0.915 -1.72988 2.5014
0.916 -2.13244 2.74143
0.917 -2.52632 2.97312
0.918 -2.90997 3.19549
0.919 -3.28189 3.40758
0.92 -3.64061 3.60848
0.921 -3.98472 3.79731
0.922 -4.31286 3.97324
0.923 -4.62374 4.13548
0.924 -4.91614 4.28331
0.925 -5.1889 4.41605
0.926 -5.44095 4.53307
0.927 -5.67129 4.63382
0.928 -5.87902 4.7178
0.929 -6.06333 4.78458
0.93 -6.22348 4.83378
0.931 -6.35886 4.86511
0.932 -6.46893 4.87833
0.933 -6.55326 4.87329
0.934 -6.61154 4.8499
0.935 -6.64352 4.80813
0.936 -6.64912 4.74804
0.937 -6.6283 4.66975
0.938 -6.58116 4.57347
0.939 -6.50792 4.45945
0.94 -6.40886 4.32804
0.941 -6.28441 4.17963
0.942 -6.13506 4.01471
0.943 -5.96144 3.8338
0.944 -5.76425 3.63752
0.945 -5.54429 3.42652
0.946 -5.30246 3.20152
0.947 -5.03974 2.96331
0.948 -4.7572 2.71271
0.949 -4.45599 2.45061
0.95 -4.13732 2.17793
0.951 -3.80251 1.89564
0.952 -3.45289 1.60475
0.953 -3.08991 1.30631
0.954 -2.71501 1.00139
0.955 -2.32975 0.691103
0.956 -1.93566 0.37657
0.957 -1.53437 0.0589382
0.958 -1.12749 -0.260633
0.959 -0.716689 -0.580973
0.96 -0.303634 -0.900909
0.961 0.109994 -1.21926
0.962 0.522509 -1.53487
0.963 0.932229 -1.84655
0.964 1.33748 -2.15318
0.965 1.73662 -2.4536
0.966 2.12801 -2.74672
0.967 2.51004 -3.03145
0.968 2.88116 -3.30674
0.969 3.23984 -3.57157
0.97 3.58462 -3.82495
0.971 3.91406 -4.06596
0.972 4.22683 -4.2937
0.973 4.52163 -4.50733
0.974 4.79723 -4.70607
0.975 5.05249 -4.88919
0.976 5.28637 -5.056
0.977 5.49786 -5.20591
0.978 5.6861 -5.33836
0.979 5.85028 -5.45288
0.98 5.98971 -5.54905
0.981 6.10378 -5.62655
0.982 6.192 -5.68508
0.983 6.25398 -5.72446
0.984 6.28941 -5.74457
0.985 6.29813 -5.74535
0.986 6.28004 -5.72683
0.987 6.23519 -5.6891
0.988 6.16372 -5.63233
0.989 6.06585 -5.55678
0.99 5.94196 -5.46275
0.991 5.79248 -5.35063
0.992 5.61799 -5.22088
0.993 5.41914 -5.07402
0.994 5.19668 -4.91063
0.995 4.95147 -4.73138
0.996 4.68445 -4.53697
0.997 4.39666 -4.32818
0.998 4.08921 -4.10582
0.999 3.76329 -3.87078
1 3.42017 -3.62398
