0.001 3.42404e-008 2.56836e-009
0.002 3.11653e-007 2.06281e-008
0.003 1.46875e-006 8.56093e-008
0.004 4.86383e-006 2.51258e-007
0.005 1.28678e-005 5.96111e-007
0.006 2.91448e-005 1.22764e-006
0.007 5.89206e-005 2.28853e-006
0.008 0.000109235 3.96545e-006
0.009 0.00018918 6.50084e-006
0.01 0.000310111 1.02078e-005
0.011 0.000485847 1.54888e-005
0.012 0.000732836 2.28581e-005
0.013 0.0010703 3.2968e-005
0.014 0.00152037 4.664e-005
0.015 0.00210813 6.48999e-005
0.016 0.00286173 8.9017e-005
0.017 0.00381238 0.000120549
0.018 0.00499436 0.000161389
0.019 0.00644498 0.00021382
0.02 0.00820451 0.000280571
0.021 0.0103161 0.000364878
0.022 0.0128255 0.000470549
0.023 0.0157812 0.000602029
0.024 0.019234 0.000764475
0.025 0.0232367 0.000963827
0.026 0.027844 0.00120688
0.027 0.0331123 0.00150137
0.028 0.0390991 0.00185605
0.029 0.0458629 0.00228073
0.03 0.0534626 0.00278643
0.031 0.0619574 0.00338538
0.032 0.0714061 0.00409113
0.033 0.0818669 0.00491863
0.034 0.0933966 0.00588427
0.035 0.106051 0.00700594
0.036 0.119883 0.00830312
0.037 0.134943 0.00979691
0.038 0.151279 0.0115101
0.039 0.168936 0.013467
0.04 0.187952 0.015694
0.041 0.208365 0.0182189
0.042 0.230204 0.0210714
0.043 0.253495 0.0242829
0.044 0.278258 0.0278865
0.045 0.304505 0.0319172
0.046 0.332243 0.0364114
0.047 0.361472 0.0414072
0.048 0.392184 0.0469443
0.049 0.424362 0.0530638
0.05 0.457984 0.0598081
0.051 0.493018 0.0672209
0.052 0.529423 0.075347
0.053 0.56715 0.0842321
0.054 0.606142 0.0939227
0.055 0.646332 0.104466
0.056 0.687646 0.11591
0.057 0.729998 0.128302
0.058 0.773296 0.14169
0.059 0.817439 0.156122
0.06 0.862315 0.171645
0.061 0.907808 0.188306
0.062 0.95379 0.206149
0.063 1.00013 0.225219
0.064 1.04668 0.245559
0.065 1.09329 0.267209
0.066 1.13982 0.290208
0.067 1.1861 0.314592
0.068 1.23196 0.340394
0.069 1.27723 0.367644
0.07 1.32174 0.396369
0.071 1.36531 0.426593
0.072 1.40776 0.458332
0.073 1.44891 0.491603
0.074 1.48856 0.526414
0.075 1.52655 0.56277
0.076 1.56267 0.60067
0.077 1.59676 0.640108
0.078 1.62862 0.681071
0.079 1.65809 0.723541
0.08 1.68499 0.767493
0.081 1.70915 0.812895
0.082 1.73041 0.859709
0.083 1.74861 0.907889
0.084 1.76361 0.957382
0.085 1.77527 1.00813
0.086 1.78346 1.06006
0.087 1.78807 1.11311
0.088 1.78897 1.16718
0.089 1.78608 1.22219
0.09 1.77931 1.27804
0.091 1.7686 1.33462
0.092 1.75388 1.39182
0.093 1.73512 1.44953
0.094 1.71229 1.50761
0.095 1.68538 1.56592
0.096 1.6544 1.62434
0.097 1.61936 1.6827
0.098 1.58031 1.74086
0.099 1.5373 1.79865
0.1 1.49041 1.85591
0.101 1.43972 1.91247
0.102 1.38535 1.96815
0.103 1.32742 2.02277
0.104 1.26607 2.07614
0.105 1.20145 2.12809
0.106 1.13375 2.17842
0.107 1.06316 2.22694
0.108 0.989877 2.27345
0.109 0.914131 2.31777
0.11 0.836156 2.3597
0.111 0.756202 2.39904
0.112 0.674532 2.4356
0.113 0.591423 2.4692
0.114 0.507159 2.49965
0.115 0.422038 2.52676
0.116 0.336364 2.55036
0.117 0.250452 2.57027
0.118 0.164622 2.58632
0.119 0.0792 2.59836
0.12 -0.00548434 2.60624
0.121 -0.0890977 2.6098
0.122 -0.171305 2.60891
0.123 -0.251773 2.60345
0.124 -0.330165 2.5933
0.125 -0.406153 2.57836
0.126 -0.479408 2.55854
0.127 -0.54961 2.53376
0.128 -0.616444 2.50395
0.129 -0.679604 2.46906
0.13 -0.738794 2.42905
0.131 -0.79373 2.38391
0.132 -0.844139 2.33362
0.133 -0.889764 2.2782
0.134 -0.930363 2.21767
0.135 -0.96571 2.15207
0.136 -0.995597 2.08146
0.137 -1.01984 2.00592
0.138 -1.03826 1.92555
0.139 -1.05072 1.84044
0.14 -1.05709 1.75073
0.141 -1.05727 1.65657
0.142 -1.05118 1.55811
0.143 -1.03877 1.45554
0.144 -1.02002 1.34905
0.145 -0.994912 1.23886
0.146 -0.96348 1.12519
0.147 -0.925773 1.00828
0.148 -0.881868 0.888406
0.149 -0.831871 0.765829
0.15 -0.775911 0.64084
0.151 -0.714147 0.513741
0.152 -0.646764 0.384843
0.153 -0.573971 0.254472
0.154 -0.496005 0.122963
0.155 -0.413127 -0.00933943
0.156 -0.325621 -0.142081
0.157 -0.233798 -0.2749
0.158 -0.137986 -0.407429
0.159 -0.0385408 -0.539295
0.16 0.0641663 -0.67012
0.161 0.169743 -0.799525
0.162 0.277778 -0.927128
0.163 0.387847 -1.05255
0.164 0.499509 -1.1754
0.165 0.612308 -1.29531
0.166 0.72578 -1.4119
0.167 0.839449 -1.5248
0.168 0.952831 -1.63364
0.169 1.06544 -1.73808
0.17 1.17678 -1.83776
0.171 1.28635 -1.93235
0.172 1.39366 -2.02153
0.173 1.49822 -2.10498
0.174 1.59954 -2.1824
0.175 1.69712 -2.25352
0.176 1.79051 -2.31808
0.177 1.87922 -2.37582
0.178 1.96281 -2.42652
0.179 2.04084 -2.46997
0.18 2.11288 -2.50599
0.181 2.17852 -2.53442
0.182 2.2374 -2.55511
0.183 2.28913 -2.56796
0.184 2.33338 -2.57287
0.185 2.36983 -2.56977
0.186 2.3982 -2.55863
0.187 2.41823 -2.53943
0.188 2.42968 -2.51219
0.189 2.43236 -2.47695
0.19 2.42609 -2.43378
0.191 2.41075 -2.38277
0.192 2.38623 -2.32404
0.193 2.35248 -2.25776
0.194 2.30945 -2.18408
0.195 2.25715 -2.10323
0.196 2.19564 -2.01543
0.197 2.12499 -1.92093
0.198 2.04531 -1.82003
0.199 1.95676 -1.71302
0.2 1.85953 -1.60024
0.201 1.75384 -1.48204
0.202 1.63996 -1.3588
0.203 1.51819 -1.23091
0.204 1.38885 -1.0988
0.205 1.25231 -0.962887
0.206 1.10897 -0.823634
0.207 0.959259 -0.681507
0.208 0.803628 -0.536987
0.209 0.642565 -0.390569
0.21 0.476583 -0.242758
0.211 0.306218 -0.0940682
0.212 0.132029 0.0549774
0.213 -0.0454029 0.203851
0.214 -0.22548 0.35202
0.215 -0.407587 0.498951
0.216 -0.591094 0.644108
0.217 -0.775361 0.78696
0.218 -0.959736 0.926978
0.219 -1.14356 1.06364
0.22 -1.32618 1.19642
0.221 -1.50692 1.32482
0.222 -1.68513 1.44834
0.223 -1.86014 1.56651
0.224 -2.0313 1.67884
0.225 -2.19797 1.7849
0.226 -2.35952 1.88424
0.227 -2.51532 1.97646
0.228 -2.66477 2.06116
0.229 -2.8073 2.13798
0.23 -2.94234 2.20658
0.231 -3.06935 2.26663
0.232 -3.18782 2.31786
0.233 -3.29727 2.36
0.234 -3.39724 2.39281
0.235 -3.48733 2.41611
0.236 -3.56714 2.42973
0.237 -3.63632 2.43353
0.238 -3.69457 2.42741
0.239 -3.74162 2.41132
0.24 -3.77724 2.3852
0.241 -3.80123 2.34908
0.242 -3.81347 2.30299
0.243 -3.81383 2.247
0.244 -3.80229 2.18123
0.245 -3.77881 2.10582
0.246 -3.74345 2.02095
0.247 -3.69628 1.92683
0.248 -3.63743 1.82371
0.249 -3.56707 1.71188
0.25 -3.48543 1.59165
0.251 -3.39277 1.46336
0.252 -3.2894 1.32739
0.253 -3.17567 1.18415
0.254 -3.05198 1.03407
0.255 -2.91875 0.877599
0.256 -2.77646 0.715234
0.257 -2.62563 0.54748
0.258 -2.46681 0.374866
0.259 -2.30056 0.197943
0.26 -2.12752 0.017277
0.261 -1.94831 -0.166547
0.262 -1.76361 -0.352932
0.263 -1.57412 -0.541267
0.264 -1.38055 -0.730933
0.265 -1.18364 -0.921303
0.266 -0.984142 -1.11174
0.267 -0.782821 -1.30162
0.268 -0.580456 -1.4903
0.269 -0.377831 -1.67714
0.27 -0.175738 -1.86152
0.271 0.0250337 -2.0428
0.272 0.223693 -2.22038
0.273 0.419457 -2.39364
0.274 0.611547 -2.56199
0.275 0.799198 -2.72486
0.276 0.981658 -2.88169
0.277 1.15819 -3.03193
0.278 1.32809 -3.17507
0.279 1.49066 -3.3106
0.28 1.64523 -3.43807
0.281 1.79117 -3.55701
0.282 1.92788 -3.66703
0.283 2.05479 -3.76773
0.284 2.17136 -3.85876
0.285 2.2771 -3.93981
0.286 2.37156 -4.01058
0.287 2.45432 -4.07083
0.288 2.52503 -4.12035
0.289 2.58336 -4.15896
0.29 2.62905 -4.18652
0.291 2.66187 -4.20294
0.292 2.68165 -4.20816
0.293 2.68828 -4.20216
0.294 2.68169 -4.18496
0.295 2.66187 -4.15661
0.296 2.62886 -4.11723
0.297 2.58274 -4.06695
0.298 2.52368 -4.00594
0.299 2.45186 -3.93443
0.3 2.36754 -3.85266
0.301 2.27102 -3.76094
0.302 2.16265 -3.65957
0.303 2.04283 -3.54893
0.304 1.91202 -3.4294
0.305 1.77071 -3.30141
0.306 1.61945 -3.16542
0.307 1.45881 -3.0219
0.308 1.28941 -2.87137
0.309 1.11193 -2.71436
0.31 0.927045 -2.55143
0.311 0.735499 -2.38315
0.312 0.538048 -2.21012
0.313 0.335476 -2.03296
0.314 0.128596 -1.85227
0.315 -0.0817626 -1.66872
0.316 -0.294751 -1.48293
0.317 -0.509505 -1.29556
0.318 -0.725153 -1.10727
0.319 -0.940812 -0.91872
0.32 -1.1556 -0.730563
0.321 -1.36863 -0.543453
0.322 -1.57902 -0.358039
0.323 -1.78589 -0.174962
0.324 -1.98839 0.00515127
0.325 -2.18565 0.181684
0.326 -2.37686 0.354036
0.327 -2.5612 0.521626
0.328 -2.73787 0.683891
0.329 -2.90612 0.840291
0.33 -3.06523 0.990311
0.331 -3.21449 1.13346
0.332 -3.35325 1.26928
0.333 -3.48089 1.39734
0.334 -3.59683 1.51724
0.335 -3.70054 1.62862
0.336 -3.79154 1.73113
0.337 -3.86938 1.82449
0.338 -3.9337 1.90844
0.339 -3.98414 1.98275
0.34 -4.02045 2.04724
0.341 -4.04238 2.10177
0.342 -4.04979 2.14624
0.343 -4.04257 2.18058
0.344 -4.02066 2.20477
0.345 -3.98407 2.21882
0.346 -3.93288 2.2228
0.347 -3.86721 2.2168
0.348 -3.78725 2.20097
0.349 -3.69324 2.17546
0.35 -3.58549 2.14051
0.351 -3.46435 2.09637
0.352 -3.33023 2.04331
0.353 -3.18361 1.98166
0.354 -3.02499 1.91179
0.355 -2.85495 1.83407
0.356 -2.6741 1.74894
0.357 -2.48311 1.65683
0.358 -2.28266 1.55821
0.359 -2.07352 1.4536
0.36 -1.85645 1.34352
0.361 -1.63227 1.22849
0.362 -1.40183 1.1091
0.363 -1.166 0.985911
0.364 -0.925681 0.859519
0.365 -0.681782 0.730527
0.366 -0.435241 0.599546
0.367 -0.187006 0.467193
0.368 0.0619677 0.334091
0.369 0.310718 0.20086
0.37 0.55828 0.068123
0.371 0.803695 -0.0635042
0.372 1.04601 -0.193411
0.373 1.28427 -0.320997
0.374 1.51756 -0.445672
0.375 1.74496 -0.566861
0.376 1.96557 -0.684006
0.377 2.17854 -0.796565
0.378 2.38303 -0.904022
0.379 2.57824 -1.00588
0.38 2.76339 -1.10167
0.381 2.93775 -1.19094
0.382 3.10065 -1.27329
0.383 3.25145 -1.34832
0.384 3.38953 -1.4157
0.385 3.51438 -1.4751
0.386 3.62548 -1.52624
0.387 3.72242 -1.56887
0.388 3.80481 -1.60279
0.389 3.87233 -1.62783
0.39 3.92472 -1.64385
0.391 3.96179 -1.65077
0.392 3.9834 -1.64853
0.393 3.98947 -1.63713
0.394 3.98 -1.61659
0.395 3.95504 -1.58698
0.396 3.91471 -1.54841
0.397 3.85918 -1.50104
0.398 3.78872 -1.44503
0.399 3.70361 -1.38063
0.4 3.60423 -1.30809
0.401 3.491 -1.22772
0.402 3.36441 -1.13983
0.403 3.225 -1.04481
0.404 3.07336 -0.943047
0.405 2.91014 -0.834966
0.406 2.73603 -0.721025
0.407 2.55177 -0.601706
0.408 2.35816 -0.477516
0.409 2.156 -0.348981
0.41 1.94618 -0.216651
0.411 1.72957 -0.0810902
0.412 1.50712 0.0571208
0.413 1.27976 0.197389
0.414 1.04848 0.339111
0.415 0.814269 0.481678
0.416 0.578131 0.624473
0.417 0.341086 0.766879
0.418 0.104156 0.908281
0.419 -0.131631 1.04806
0.42 -0.365255 1.18562
0.421 -0.595697 1.32035
0.422 -0.821953 1.45166
0.423 -1.04303 1.57899
0.424 -1.25796 1.70177
0.425 -1.4658 1.81946
0.426 -1.66562 1.93155
0.427 -1.85653 2.03754
0.428 -2.03768 2.13696
0.429 -2.20825 2.22937
0.43 -2.36748 2.31435
0.431 -2.51462 2.39153
0.432 -2.64901 2.46055
0.433 -2.77001 2.5211
0.434 -2.87705 2.57292
0.435 -2.96961 2.61575
0.436 -3.04724 2.6494
0.437 -3.10953 2.6737
0.438 -3.15616 2.68854
0.439 -3.18685 2.69384
0.44 -3.20141 2.68956
0.441 -3.19969 2.67571
0.442 -3.18163 2.65232
0.443 -3.14723 2.6195
0.444 -3.09657 2.57737
0.445 -3.02976 2.5261
0.446 -2.94703 2.46591
0.447 -2.84865 2.39704
0.448 -2.73495 2.3198
0.449 -2.60634 2.2345
0.45 -2.4633 2.14153
0.451 -2.30634 2.04127
0.452 -2.13607 1.93416
0.453 -1.95313 1.82067
0.454 -1.75822 1.70131
0.455 -1.55212 1.57658
0.456 -1.33561 1.44705
0.457 -1.10957 1.31328
0.458 -0.874884 1.17588
0.459 -0.63249 1.03546
0.46 -0.383364 0.892644
0.461 -0.12851 0.748081
0.462 0.131037 0.602425
0.463 0.394221 0.456339
0.464 0.659963 0.310489
0.465 0.927173 0.165546
0.466 1.19475 0.0221805
0.467 1.46158 -0.118943
0.468 1.72655 -0.257164
0.469 1.98856 -0.391831
0.47 2.2465 -0.522308
0.471 2.49929 -0.64797
0.472 2.74586 -0.768211
0.473 2.98515 -0.882445
0.474 3.21614 -0.990111
0.475 3.43783 -1.09067
0.476 3.64927 -1.18361
0.477 3.84952 -1.26846
0.478 4.03771 -1.34477
0.479 4.213 -1.41212
0.48 4.3746 -1.47015
0.481 4.52178 -1.51851
0.482 4.65387 -1.55691
0.483 4.77023 -1.58509
0.484 4.87032 -1.60283
0.485 4.95364 -1.60998
0.486 5.01977 -1.6064
0.487 5.06834 -1.59202
0.488 5.09907 -1.56681
0.489 5.11174 -1.53078
0.49 5.10621 -1.484
0.491 5.08241 -1.42656
0.492 5.04033 -1.35864
0.493 4.98006 -1.28043
0.494 4.90175 -1.19218
0.495 4.80563 -1.09418
0.496 4.69199 -0.986781
0.497 4.5612 -0.870354
0.498 4.41372 -0.745326
0.499 4.25004 -0.612159
0.5 4.07075 -0.471357
0.501 3.87649 -0.323458
0.502 3.66797 -0.169036
0.503 3.44596 -0.00869881
0.504 3.21128 0.156918
0.505 2.96481 0.327149
0.506 2.70749 0.501305
0.507 2.44028 0.678672
0.508 2.16421 0.858518
0.509 1.88035 1.04009
0.51 1.58977 1.22264
0.511 1.29362 1.40537
0.512 0.993036 1.58751
0.513 0.689199 1.76828
0.514 0.383298 1.94688
0.515 0.0765355 2.12253
0.516 -0.229879 2.29445
0.517 -0.534732 2.46187
0.518 -0.836816 2.62402
0.519 -1.13493 2.78015
0.52 -1.42787 2.92955
0.521 -1.71449 3.0715
0.522 -1.99361 3.20532
0.523 -2.26413 3.33035
0.524 -2.52495 3.44596
0.525 -2.77501 3.55157
0.526 -3.01329 3.6466
0.527 -3.23883 3.73055
0.528 -3.45071 3.80292
0.529 -3.64805 3.86328
0.53 -3.83004 3.91123
0.531 -3.99593 3.94643
0.532 -4.14503 3.96857
0.533 -4.27671 3.9774
0.534 -4.39042 3.97272
0.535 -4.48568 3.95438
0.536 -4.56207 3.92228
0.537 -4.61927 3.87638
0.538 -4.65701 3.81669
0.539 -4.67511 3.74327
0.54 -4.67347 3.65625
0.541 -4.65207 3.55579
0.542 -4.61098 3.44212
0.543 -4.55033 3.31552
0.544 -4.47033 3.17632
0.545 -4.3713 3.02491
0.546 -4.2536 2.86173
0.547 -4.11769 2.68724
0.548 -3.9641 2.50199
0.549 -3.79343 2.30654
0.55 -3.60635 2.10153
0.551 -3.4036 1.88759
0.552 -3.186 1.66544
0.553 -2.95441 1.4358
0.554 -2.70976 1.19945
0.555 -2.45304 0.957179
0.556 -2.18528 0.709816
0.557 -1.90757 0.458211
0.558 -1.62103 0.203235
0.559 -1.32684 -0.0542208
0.56 -1.02619 -0.313253
0.561 -0.720323 -0.572945
0.562 -0.410486 -0.832375
0.563 -0.0979589 -1.09061
0.564 0.215969 -1.34673
0.565 0.529997 -1.59981
0.566 0.84282 -1.84893
0.567 1.15314 -2.09317
0.568 1.45965 -2.33166
0.569 1.76107 -2.5635
0.57 2.05613 -2.78785
0.571 2.34359 -3.00387
0.572 2.62222 -3.21075
0.573 2.89084 -3.40774
0.574 3.1483 -3.59408
0.575 3.39349 -3.76908
0.576 3.62534 -3.93208
0.577 3.84285 -4.08245
0.578 4.04506 -4.21962
0.579 4.23107 -4.34306
0.58 4.40004 -4.45231
0.581 4.55121 -4.54693
0.582 4.68388 -4.62655
0.583 4.79742 -4.69087
0.584 4.89128 -4.73961
0.585 4.96499 -4.77258
0.586 5.01815 -4.78963
0.587 5.05045 -4.79069
0.588 5.06167 -4.77574
0.589 5.05165 -4.7448
0.59 5.02034 -4.69799
0.591 4.96777 -4.63545
0.592 4.89404 -4.55742
0.593 4.79935 -4.46416
0.594 4.68399 -4.35601
0.595 4.54831 -4.23337
0.596 4.39278 -4.0967
0.597 4.2179 -3.94648
0.598 4.0243 -3.78329
0.599 3.81266 -3.60772
0.6 3.58374 -3.42043
0.601 3.33836 -3.22213
0.602 3.07743 -3.01356
0.603 2.80191 -2.7955
0.604 2.51283 -2.56878
0.605 2.21126 -2.33425
0.606 1.89833 -2.0928
0.607 1.57524 -1.84536
0.608 1.24321 -1.59285
0.609 0.903496 -1.33625
0.61 0.557407 -1.07653
0.611 0.206268 -0.814686
0.612 -0.14857 -0.551717
0.613 -0.505737 -0.288632
0.614 -0.86385 -0.0264413
0.615 -1.22152 0.233847
0.616 -1.57736 0.491231
0.617 -1.92997 0.744719
0.618 -2.27799 0.993331
0.619 -2.62004 1.23611
0.62 -2.95479 1.47211
0.621 -3.28092 1.70042
0.622 -3.59715 1.92015
0.623 -3.90222 2.13044
0.624 -4.19493 2.33049
0.625 -4.47412 2.5195
0.626 -4.73868 2.69674
0.627 -4.98755 2.86151
0.628 -5.21975 3.01316
0.629 -5.43434 3.1511
0.63 -5.63046 3.27478
0.631 -5.80732 3.38372
0.632 -5.96421 3.47746
0.633 -6.10049 3.55565
0.634 -6.2156 3.61795
0.635 -6.30907 3.66412
0.636 -6.38051 3.69396
0.637 -6.42962 3.70735
0.638 -6.45618 3.7042
0.639 -6.46007 3.68452
0.64 -6.44125 3.64837
0.641 -6.39977 3.59586
0.642 -6.33578 3.5272
0.643 -6.24952 3.44262
0.644 -6.1413 3.34244
0.645 -6.01153 3.22702
0.646 -5.8607 3.09681
0.647 -5.6894 2.95228
0.648 -5.49829 2.79398
0.649 -5.2881 2.62251
0.65 -5.05965 2.43852
0.651 -4.81383 2.24269
0.652 -4.5516 2.03578
0.653 -4.27399 1.81858
0.654 -3.98208 1.5919
0.655 -3.67701 1.35661
0.656 -3.35998 1.11362
0.657 -3.03224 0.863833
0.658 -2.69508 0.608221
0.659 -2.34983 0.347755
0.66 -1.99784 0.083431
0.661 -1.64051 -0.18374
0.662 -1.27925 -0.452736
0.663 -0.91548 -0.722527
0.664 -0.55064 -0.992081
0.665 -0.186175 -1.26037
0.666 0.176475 -1.52636
0.667 0.535873 -1.78903
0.668 0.890597 -2.04739
0.669 1.23924 -2.30043
0.67 1.58043 -2.5472
0.671 1.9128 -2.78675
0.672 2.23504 -3.01816
0.673 2.54588 -3.24056
0.674 2.84408 -3.45308
0.675 3.12846 -3.65492
0.676 3.3979 -3.84532
0.677 3.65133 -4.02353
0.678 3.88774 -4.1889
0.679 4.10621 -4.34079
0.68 4.30587 -4.47863
0.681 4.48593 -4.60189
0.682 4.64569 -4.71011
0.683 4.78451 -4.80289
0.684 4.90187 -4.87989
0.685 4.99729 -4.94081
0.686 5.07042 -4.98544
0.687 5.12098 -5.01361
0.688 5.14878 -5.02525
0.689 5.15372 -5.0203
0.69 5.13581 -4.99882
0.691 5.09513 -4.96089
0.692 5.03188 -4.90668
0.693 4.94631 -4.83641
0.694 4.83881 -4.75037
0.695 4.70982 -4.6489
0.696 4.55988 -4.53242
0.697 4.38962 -4.40138
0.698 4.19975 -4.25631
0.699 3.99105 -4.09778
0.7 3.76441 -3.92642
0.701 3.52075 -3.74289
0.702 3.26108 -3.54792
0.703 2.98648 -3.34227
0.704 2.69808 -3.12675
0.705 2.39708 -2.90218
0.706 2.08472 -2.66946
0.707 1.76229 -2.42947
0.708 1.43113 -2.18315
0.709 1.09261 -1.93145
0.71 0.748125 -1.67534
0.711 0.399102 -1.41581
0.712 0.0469863 -1.15385
0.713 -0.306762 -0.890462
0.714 -0.660676 -0.626659
0.715 -1.01329 -0.363443
0.716 -1.36313 -0.101813
0.717 -1.70875 0.157239
0.718 -2.04872 0.412738
0.719 -2.38161 0.663721
0.72 -2.70603 0.909251
0.721 -3.02063 1.14841
0.722 -3.32409 1.38032
0.723 -3.61515 1.60411
0.724 -3.89257 1.81897
0.725 -4.15519 2.02412
0.726 -4.40189 2.21883
0.727 -4.63164 2.40238
0.728 -4.84345 2.57414
0.729 -5.03641 2.7335
0.73 -5.2097 2.87993
0.731 -5.36257 3.01293
0.732 -5.49434 3.13205
0.733 -5.60443 3.23693
0.734 -5.69234 3.32725
0.735 -5.75767 3.40274
0.736 -5.8001 3.46321
0.737 -5.81941 3.50852
0.738 -5.81547 3.53861
0.739 -5.78823 3.55345
0.74 -5.73777 3.55311
0.741 -5.66423 3.5377
0.742 -5.56787 3.5074
0.743 -5.44901 3.46243
0.744 -5.30809 3.40311
0.745 -5.14564 3.32979
0.746 -4.96225 3.24287
0.747 -4.75863 3.14284
0.748 -4.53556 3.03021
0.749 -4.29387 2.90555
0.75 -4.03452 2.76949
0.751 -3.7585 2.62269
0.752 -3.46689 2.46586
0.753 -3.16083 2.29976
0.754 -2.8415 2.12516
0.755 -2.51016 1.94291
0.756 -2.16811 1.75383
0.757 -1.8167 1.55882
0.758 -1.45731 1.35877
0.759 -1.09136 1.15461
0.76 -0.720293 0.947265
0.761 -0.345574 0.737689
0.762 0.0313136 0.526835
0.763 0.408877 0.315661
0.764 0.785619 0.105126
0.765 1.16005 -0.103817
0.766 1.53067 -0.310224
0.767 1.89603 -0.513161
0.768 2.25466 -0.711712
0.769 2.60515 -0.90498
0.77 2.9461 -1.09209
0.771 3.27615 -1.27221
0.772 3.594 -1.44451
0.773 3.89838 -1.60821
0.774 4.18808 -1.76258
0.775 4.46196 -1.90691
0.776 4.71892 -2.04054
0.777 4.95795 -2.16286
0.778 5.1781 -2.27332
0.779 5.37851 -2.37139
0.78 5.55837 -2.45662
0.781 5.71698 -2.5286
0.782 5.85372 -2.587
0.783 5.96806 -2.63152
0.784 6.05955 -2.66193
0.785 6.12784 -2.67807
0.786 6.17268 -2.67983
0.787 6.1939 -2.66718
0.788 6.19144 -2.64011
0.789 6.16533 -2.59873
0.79 6.11569 -2.54316
0.791 6.04275 -2.4736
0.792 5.94683 -2.39034
0.793 5.82832 -2.29367
0.794 5.68775 -2.18399
0.795 5.52569 -2.06173
0.796 5.34284 -1.92739
0.797 5.13995 -1.78149
0.798 4.91787 -1.62464
0.799 4.67753 -1.45748
0.8 4.41992 -1.28069
0.801 4.14612 -1.09501
0.802 3.85727 -0.901196
0.803 3.55457 -0.700055
0.804 3.23926 -0.492424
0.805 2.91266 -0.279168
0.806 2.57613 -0.0611799
0.807 2.23105 0.160628
0.808 1.87887 0.385325
0.809 1.52104 0.611965
0.81 1.15904 0.839591
0.811 0.794379 1.06724
0.812 0.428572 1.29395
0.813 0.0631351 1.51876
0.814 -0.300412 1.74071
0.815 -0.660558 1.95885
0.816 -1.0158 2.17225
0.817 -1.36467 2.37999
0.818 -1.70571 2.58119
0.819 -2.03749 2.77496
0.82 -2.35863 2.96048
0.821 -2.66779 3.13693
0.822 -2.96368 3.30354
0.823 -3.24505 3.45958
0.824 -3.51072 3.60437
0.825 -3.75957 3.73725
0.826 -3.99056 3.85763
0.827 -4.20271 3.96497
0.828 -4.39511 4.05877
0.829 -4.56695 4.1386
0.83 -4.71748 4.20408
0.831 -4.84607 4.25488
0.832 -4.95215 4.29075
0.833 -5.03525 4.31149
0.834 -5.095 4.31696
0.835 -5.13113 4.30708
0.836 -5.14344 4.28186
0.837 -5.13186 4.24133
0.838 -5.0964 4.18563
0.839 -5.03717 4.11492
0.84 -4.95439 4.02946
0.841 -4.84836 3.92955
0.842 -4.71949 3.81556
0.843 -4.56827 3.6879
0.844 -4.3953 3.54708
0.845 -4.20125 3.39362
0.846 -3.98689 3.22812
0.847 -3.75308 3.05122
0.848 -3.50075 2.86361
0.849 -3.23091 2.66604
0.85 -2.94465 2.45929
0.851 -2.64311 2.24418
0.852 -2.32752 2.02157
0.853 -1.99916 1.79235
0.854 -1.65934 1.55745
0.855 -1.30946 1.31781
0.856 -0.950944 1.0744
0.857 -0.585246 0.828211
0.858 -0.213861 0.580247
0.859 0.161691 0.331519
0.86 0.539871 0.0830442
0.861 0.919127 -0.164156
0.862 1.2979 -0.409065
0.863 1.67463 -0.650672
0.864 2.04776 -0.887976
0.865 2.41575 -1.11999
0.866 2.77708 -1.34576
0.867 3.13024 -1.56433
0.868 3.47377 -1.77479
0.869 3.80623 -1.97625
0.87 4.12623 -2.16786
0.871 4.43243 -2.34882
0.872 4.72354 -2.51835
0.873 4.99834 -2.67573
0.874 5.25565 -2.82027
0.875 5.49438 -2.95135
0.876 5.7135 -3.0684
0.877 5.91207 -3.1709
0.878 6.08922 -3.25839
0.879 6.24417 -3.33048
0.88 6.37623 -3.38682
0.881 6.48481 -3.42714
0.882 6.56938 -3.45123
0.883 6.62955 -3.45896
0.884 6.665 -3.45024
0.885 6.67551 -3.42507
0.886 6.66098 -3.38351
0.887 6.62139 -3.32568
0.888 6.55682 -3.25177
0.889 6.46746 -3.16206
0.89 6.35361 -3.05685
0.891 6.21565 -2.93655
0.892 6.05407 -2.8016
0.893 5.86944 -2.65253
0.894 5.66244 -2.48989
0.895 5.43384 -2.31434
0.896 5.18448 -2.12654
0.897 4.9153 -1.92724
0.898 4.62733 -1.71722
0.899 4.32165 -1.49733
0.9 3.99943 -1.26844
0.901 3.66192 -1.03146
0.902 3.31039 -0.787344
0.903 2.94622 -0.537086
0.904 2.57081 -0.281695
0.905 2.18561 -0.0222115
0.906 1.79212 0.240307
0.907 1.39187 0.504785
0.908 0.986421 0.770134
0.909 0.577353 1.03526
0.91 0.166265 1.29907
0.911 -0.245235 1.56046
0.912 -0.655536 1.81834
0.913 -1.06303 2.07162
0.914 -1.46611 2.31926
0.915 -1.86321 2.56018
0.916 -2.25275 2.79338
0.917 -2.63322 3.01785
0.918 -3.0031 3.23262
0.919 -3.36095 3.43676
0.92 -3.70535 3.62937
0.921 -4.03496 3.80962
0.922 -4.34847 3.97669
0.923 -4.64464 4.12982
0.924 -4.92231 4.26832
0.925 -5.18039 4.39153
0.926 -5.41786 4.49887
0.927 -5.63378 4.58981
0.928 -5.82731 4.66388
0.929 -5.99768 4.72069
0.93 -6.14424 4.75989
0.931 -6.2664 4.78122
0.932 -6.3637 4.78449
0.933 -6.43575 4.76956
0.934 -6.48227 4.73639
0.935 -6.50311 4.68499
0.936 -6.49818 4.61545
0.937 -6.46752 4.52792
0.938 -6.41126 4.42264
0.939 -6.32965 4.2999
0.94 -6.22302 4.16008
0.941 -6.09181 4.00361
0.942 -5.93657 3.83099
0.943 -5.75794 3.64279
0.944 -5.55663 3.43965
0.945 -5.33347 3.22225
0.946 -5.08938 2.99133
0.947 -4.82535 2.74771
0.948 -4.54244 2.49223
0.949 -4.24183 2.22579
0.95 -3.92472 1.94935
0.951 -3.59241 1.66388
0.952 -3.24625 1.37041
0.953 -2.88764 1.07
0.954 -2.51806 0.763745
0.955 -2.13899 0.452747
0.956 -1.75199 0.138144
0.957 -1.35862 -0.178915
0.958 -0.960501 -0.497267
0.959 -0.55924 -0.815744
0.96 -0.156478 -1.13317
0.961 0.246145 -1.44838
0.962 0.646984 -1.76021
0.963 1.0444 -2.0675
0.964 1.43678 -2.36912
0.965 1.82251 -2.66394
0.966 2.20002 -2.95088
0.967 2.56775 -3.22886
0.968 2.9242 -3.49685
0.969 3.26791 -3.75387
0.97 3.59746 -3.99894
0.971 3.9115 -4.23117
0.972 4.20873 -4.44968
0.973 4.48792 -4.65367
0.974 4.74792 -4.84238
0.975 4.98764 -5.01511
0.976 5.20609 -5.17122
0.977 5.40235 -5.31014
0.978 5.57559 -5.43134
0.979 5.72508 -5.53441
0.98 5.85018 -5.61894
0.981 5.95035 -5.68465
0.982 6.02514 -5.73131
0.983 6.07422 -5.75875
0.984 6.09735 -5.76688
0.985 6.0944 -5.7557
0.986 6.06533 -5.72527
0.987 6.01022 -5.67573
0.988 5.92926 -5.60728
0.989 5.82272 -5.5202
0.99 5.691 -5.41486
0.991 5.53458 -5.29166
0.992 5.35405 -5.15111
0.993 5.1501 -4.99376
0.994 4.92351 -4.82023
0.995 4.67514 -4.63121
0.996 4.40596 -4.42744
0.997 4.11701 -4.20972
0.998 3.8094 -3.97891
0.999 3.48435 -3.7359
1 3.14311 -3.48164
