0.001 3.43523e-008 2.57801e-009
0.002 3.12546e-007 2.07058e-008
0.003 1.47241e-006 8.59332e-008
0.004 4.87445e-006 2.52213e-007
0.005 1.28925e-005 5.98384e-007
0.006 2.91946e-005 1.23234e-006
0.007 5.90109e-005 2.2973e-006
0.008 0.000109387 3.98068e-006
0.009 0.000189418 6.52579e-006
0.01 0.000310469 1.02469e-005
0.011 0.000486362 1.55479e-005
0.012 0.000733554 2.29448e-005
0.013 0.00107128 3.30921e-005
0.014 0.00152165 4.68139e-005
0.015 0.00210979 6.51391e-005
0.016 0.00286384 8.93408e-005
0.017 0.00381502 0.000120981
0.018 0.00499761 0.000161959
0.019 0.00644892 0.000214562
0.02 0.00820923 0.000281529
0.021 0.0103217 0.000366101
0.022 0.0128321 0.000472097
0.023 0.0157889 0.000603973
0.024 0.0192428 0.000766898
0.025 0.0232467 0.000966825
0.026 0.0278554 0.00121057
0.027 0.0331251 0.00150587
0.028 0.0391134 0.00186151
0.029 0.0458787 0.00228732
0.03 0.05348 0.00279433
0.031 0.0619764 0.00339481
0.032 0.0714268 0.00410234
0.033 0.0818893 0.00493188
0.034 0.0934207 0.00589985
0.035 0.106077 0.00702418
0.036 0.11991 0.0083244
0.037 0.134972 0.00982162
0.038 0.151309 0.0115386
0.039 0.168967 0.0135
0.04 0.187985 0.0157318
0.041 0.208399 0.0182621
0.042 0.230239 0.0211206
0.043 0.253531 0.0243389
0.044 0.278294 0.0279499
0.045 0.304541 0.0319888
0.046 0.332279 0.0364919
0.047 0.361507 0.0414976
0.048 0.392218 0.0470454
0.049 0.424395 0.0531766
0.05 0.458016 0.0599335
0.051 0.493047 0.0673601
0.052 0.52945 0.0755009
0.053 0.567174 0.084402
0.054 0.606163 0.0941099
0.055 0.646349 0.104672
0.056 0.687659 0.116135
0.057 0.730006 0.128548
0.058 0.773299 0.141959
0.059 0.817436 0.156415
0.06 0.862307 0.171963
0.061 0.907793 0.188649
0.062 0.953769 0.20652
0.063 1.0001 0.22562
0.064 1.04664 0.24599
0.065 1.09325 0.267673
0.066 1.13977 0.290705
0.067 1.18604 0.315124
0.068 1.23189 0.340963
0.069 1.27716 0.368251
0.07 1.32166 0.397015
0.071 1.36522 0.427278
0.072 1.40766 0.459059
0.073 1.4488 0.492372
0.074 1.48845 0.527226
0.075 1.52643 0.563627
0.076 1.56254 0.601572
0.077 1.59662 0.641056
0.078 1.62848 0.682065
0.079 1.65795 0.724582
0.08 1.68484 0.768581
0.081 1.709 0.81403
0.082 1.73026 0.860891
0.083 1.74847 0.909118
0.084 1.76347 0.958659
0.085 1.77514 1.00945
0.086 1.78334 1.06143
0.087 1.78795 1.11452
0.088 1.78886 1.16863
0.089 1.78598 1.22368
0.09 1.77923 1.27957
0.091 1.76853 1.33619
0.092 1.75383 1.39343
0.093 1.7351 1.45117
0.094 1.71229 1.50928
0.095 1.68541 1.56763
0.096 1.65445 1.62607
0.097 1.61945 1.68445
0.098 1.58043 1.74263
0.099 1.53746 1.80043
0.1 1.49061 1.8577
0.101 1.43997 1.91426
0.102 1.38564 1.96994
0.103 1.32776 2.02456
0.104 1.26646 2.07793
0.105 1.2019 2.12986
0.106 1.13426 2.18017
0.107 1.06373 2.22866
0.108 0.99051 2.27515
0.109 0.914829 2.31943
0.11 0.836922 2.36131
0.111 0.757038 2.4006
0.112 0.67544 2.43711
0.113 0.592404 2.47065
0.114 0.508215 2.50103
0.115 0.42317 2.52806
0.116 0.337574 2.55158
0.117 0.251741 2.5714
0.118 0.16599 2.58736
0.119 0.0806462 2.5993
0.12 -0.00395941 2.60707
0.121 -0.0874944 2.61052
0.122 -0.169625 2.60951
0.123 -0.250015 2.60393
0.124 -0.328333 2.59365
0.125 -0.404248 2.57857
0.126 -0.477432 2.55861
0.127 -0.547566 2.53368
0.128 -0.614334 2.50372
0.129 -0.677432 2.46867
0.13 -0.736564 2.42851
0.131 -0.791446 2.3832
0.132 -0.841807 2.33275
0.133 -0.887388 2.27716
0.134 -0.927948 2.21645
0.135 -0.963263 2.15068
0.136 -0.993123 2.0799
0.137 -1.01734 2.00418
0.138 -1.03575 1.92363
0.139 -1.0482 1.83834
0.14 -1.05458 1.74846
0.141 -1.05477 1.65412
0.142 -1.0487 1.55549
0.143 -1.03632 1.45275
0.144 -1.0176 1.3461
0.145 -0.992536 1.23574
0.146 -0.961158 1.12191
0.147 -0.923514 1.00485
0.148 -0.879682 0.884827
0.149 -0.829766 0.762108
0.15 -0.773899 0.636984
0.151 -0.712237 0.509755
0.152 -0.644966 0.380737
0.153 -0.572295 0.250254
0.154 -0.49446 0.118642
0.155 -0.411722 -0.0137535
0.156 -0.324367 -0.146578
0.157 -0.232703 -0.27947
0.158 -0.137061 -0.412061
0.159 -0.0377924 -0.543977
0.16 0.0647287 -0.674841
0.161 0.170111 -0.804273
0.162 0.277945 -0.931889
0.163 0.387804 -1.05731
0.164 0.49925 -1.18015
0.165 0.611826 -1.30003
0.166 0.72507 -1.41658
0.167 0.838505 -1.52943
0.168 0.951649 -1.63821
0.169 1.06401 -1.74257
0.17 1.17511 -1.84216
0.171 1.28443 -1.93664
0.172 1.39149 -2.02569
0.173 1.4958 -2.10901
0.174 1.59686 -2.18628
0.175 1.6942 -2.25724
0.176 1.78733 -2.32162
0.177 1.8758 -2.37918
0.178 1.95914 -2.42968
0.179 2.03693 -2.47292
0.18 2.10873 -2.50872
0.181 2.17415 -2.53692
0.182 2.2328 -2.55737
0.183 2.28432 -2.56997
0.184 2.32836 -2.57462
0.185 2.36461 -2.57126
0.186 2.3928 -2.55985
0.187 2.41264 -2.54038
0.188 2.42393 -2.51285
0.189 2.42645 -2.47733
0.19 2.42004 -2.43386
0.191 2.40458 -2.38256
0.192 2.37995 -2.32354
0.193 2.34609 -2.25696
0.194 2.30298 -2.18299
0.195 2.25062 -2.10185
0.196 2.18906 -2.01376
0.197 2.11837 -1.91898
0.198 2.03868 -1.81779
0.199 1.95014 -1.71051
0.2 1.85293 -1.59746
0.201 1.74728 -1.479
0.202 1.63347 -1.35551
0.203 1.51177 -1.22738
0.204 1.38253 -1.09504
0.205 1.24611 -0.958908
0.206 1.10291 -0.819451
0.207 0.953351 -0.677132
0.208 0.797894 -0.532436
0.209 0.637023 -0.385856
0.21 0.471251 -0.2379
0.211 0.301113 -0.089082
0.212 0.127169 0.0600739
0.213 -0.0500034 0.209039
0.214 -0.229805 0.357282
0.215 -0.411621 0.504266
0.216 -0.594823 0.649458
0.217 -0.778771 0.792324
0.218 -0.962816 0.932334
0.219 -1.1463 1.06896
0.22 -1.32856 1.2017
0.221 -1.50894 1.33003
0.222 -1.68678 1.45346
0.223 -1.86141 1.57151
0.224 -2.03219 1.68372
0.225 -2.19848 1.78962
0.226 -2.35963 1.88879
0.227 -2.51504 1.98081
0.228 -2.6641 2.0653
0.229 -2.80623 2.14188
0.23 -2.94088 2.21023
0.231 -3.0675 2.27001
0.232 -3.18559 2.32095
0.233 -3.29466 2.36278
0.234 -3.39427 2.39528
0.235 -3.48399 2.41824
0.236 -3.56345 2.43151
0.237 -3.6323 2.43495
0.238 -3.69023 2.42846
0.239 -3.73697 2.41198
0.24 -3.77229 2.38547
0.241 -3.796 2.34895
0.242 -3.80797 2.30245
0.243 -3.8081 2.24605
0.244 -3.79633 2.17986
0.245 -3.77265 2.10402
0.246 -3.73711 2.01873
0.247 -3.68978 1.92419
0.248 -3.6308 1.82066
0.249 -3.56033 1.70841
0.25 -3.47861 1.58776
0.251 -3.38589 1.45907
0.252 -3.28249 1.3227
0.253 -3.16875 1.17907
0.254 -3.04507 1.0286
0.255 -2.91189 0.871767
0.256 -2.76967 0.709048
0.257 -2.61894 0.540953
0.258 -2.46023 0.368015
0.259 -2.29414 0.190784
0.26 -2.12127 0.00982883
0.261 -1.94226 -0.174265
0.262 -1.75778 -0.360899
0.263 -1.56854 -0.549462
0.264 -1.37524 -0.739333
0.265 -1.17862 -0.929885
0.266 -0.979434 -1.12048
0.267 -0.778447 -1.31049
0.268 -0.576434 -1.49928
0.269 -0.37418 -1.6862
0.27 -0.172473 -1.87063
0.271 0.0278967 -2.05194
0.272 0.226141 -2.22951
0.273 0.421476 -2.40275
0.274 0.613128 -2.57104
0.275 0.800331 -2.73383
0.276 0.982336 -2.89054
0.277 1.15841 -3.04064
0.278 1.32784 -3.18361
0.279 1.48994 -3.31895
0.28 1.64405 -3.44619
0.281 1.78952 -3.56489
0.282 1.92577 -3.67463
0.283 2.05222 -3.77503
0.284 2.16834 -3.86574
0.285 2.27364 -3.94644
0.286 2.36766 -4.01684
0.287 2.45001 -4.0767
0.288 2.52031 -4.12581
0.289 2.57825 -4.16399
0.29 2.62356 -4.19111
0.291 2.65602 -4.20706
0.292 2.67547 -4.2118
0.293 2.68179 -4.20531
0.294 2.67491 -4.1876
0.295 2.65483 -4.15874
0.296 2.62157 -4.11884
0.297 2.57525 -4.06802
0.298 2.516 -4.00648
0.299 2.44402 -3.93443
0.3 2.35957 -3.85212
0.301 2.26296 -3.75984
0.302 2.15452 -3.65793
0.303 2.03467 -3.54675
0.304 1.90386 -3.42669
0.305 1.76258 -3.29817
0.306 1.61138 -3.16165
0.307 1.45083 -3.01762
0.308 1.28156 -2.86659
0.309 1.10424 -2.70909
0.31 0.919545 -2.54568
0.311 0.728219 -2.37694
0.312 0.531018 -2.20346
0.313 0.328726 -2.02587
0.314 0.122154 -1.84478
0.315 -0.0878682 -1.66083
0.316 -0.300494 -1.47467
0.317 -0.514861 -1.28696
0.318 -0.730096 -1.09836
0.319 -0.945321 -0.909509
0.32 -1.15965 -0.721081
0.321 -1.37221 -0.533728
0.322 -1.5821 -0.348097
0.323 -1.78847 -0.164829
0.324 -1.99044 0.0154461
0.325 -2.18718 0.192113
0.326 -2.37784 0.364571
0.327 -2.56162 0.532239
0.328 -2.73774 0.694553
0.329 -2.90543 0.850974
0.33 -3.06397 1.00099
0.331 -3.21267 1.1441
0.332 -3.35086 1.27986
0.333 -3.47794 1.40783
0.334 -3.59333 1.52761
0.335 -3.6965 1.63884
0.336 -3.78697 1.74119
0.337 -3.8643 1.83436
0.338 -3.92811 1.91809
0.339 -3.97807 1.99216
0.34 -4.01391 2.05639
0.341 -4.0354 2.11064
0.342 -4.04238 2.15481
0.343 -4.03476 2.18883
0.344 -4.01247 2.21268
0.345 -3.97554 2.22638
0.346 -3.92404 2.23
0.347 -3.85808 2.22362
0.348 -3.77786 2.20739
0.349 -3.68363 2.18149
0.35 -3.57569 2.14613
0.351 -3.45439 2.10157
0.352 -3.32016 2.04809
0.353 -3.17345 1.98602
0.354 -3.01478 1.91572
0.355 -2.84472 1.83758
0.356 -2.6639 1.75202
0.357 -2.47295 1.65948
0.358 -2.2726 1.56045
0.359 -2.06358 1.45542
0.36 -1.84668 1.34492
0.361 -1.6227 1.2295
0.362 -1.39249 1.10971
0.363 -1.15692 0.986141
0.364 -0.916886 0.859377
0.365 -0.673309 0.730026
0.366 -0.427118 0.598699
0.367 -0.17926 0.466016
0.368 0.0693104 0.332598
0.369 0.317634 0.199068
0.37 0.564748 0.0660494
0.371 0.809694 -0.0658417
0.372 1.05152 -0.195994
0.373 1.28928 -0.323806
0.374 1.52205 -0.448689
0.375 1.74892 -0.570065
0.376 1.969 -0.687377
0.377 2.18142 -0.800084
0.378 2.38536 -0.907666
0.379 2.58001 -1.00963
0.38 2.76461 -1.1055
0.381 2.93843 -1.19484
0.382 3.10079 -1.27724
0.383 3.25104 -1.3523
0.384 3.3886 -1.41968
0.385 3.51293 -1.47907
0.386 3.62354 -1.53018
0.387 3.71999 -1.57276
0.388 3.80191 -1.60662
0.389 3.86899 -1.63157
0.39 3.92096 -1.6475
0.391 3.95763 -1.65431
0.392 3.97886 -1.65194
0.393 3.98459 -1.6404
0.394 3.97481 -1.61971
0.395 3.94957 -1.58994
0.396 3.90899 -1.5512
0.397 3.85325 -1.50364
0.398 3.7826 -1.44745
0.399 3.69735 -1.38286
0.4 3.59787 -1.31012
0.401 3.48457 -1.22954
0.402 3.35795 -1.14145
0.403 3.21854 -1.04621
0.404 3.06695 -0.944236
0.405 2.90381 -0.835943
0.406 2.72982 -0.721791
0.407 2.54572 -0.602263
0.408 2.3523 -0.477866
0.409 2.15038 -0.349128
0.41 1.94082 -0.2166
0.411 1.72452 -0.0808459
0.412 1.5024 0.0575518
0.413 1.27541 0.198
0.414 1.04452 0.339894
0.415 0.810733 0.482624
0.416 0.575046 0.625574
0.417 0.338475 0.768126
0.418 0.102044 0.909663
0.419 -0.133226 1.04957
0.42 -0.366313 1.18724
0.421 -0.596203 1.32207
0.422 -0.821894 1.45348
0.423 -1.0424 1.58089
0.424 -1.25674 1.70374
0.425 -1.46399 1.8215
0.426 -1.66322 1.93363
0.427 -1.85354 2.03966
0.428 -2.0341 2.13911
0.429 -2.20409 2.23153
0.43 -2.36274 2.31652
0.431 -2.50932 2.39369
0.432 -2.64316 2.4627
0.433 -2.76362 2.52324
0.434 -2.87015 2.57502
0.435 -2.96222 2.61782
0.436 -3.03938 2.65142
0.437 -3.10123 2.67568
0.438 -3.14745 2.69047
0.439 -3.17776 2.69571
0.44 -3.19197 2.69136
0.441 -3.18995 2.67744
0.442 -3.17162 2.65399
0.443 -3.13699 2.6211
0.444 -3.08613 2.5789
0.445 -3.01918 2.52756
0.446 -2.93634 2.4673
0.447 -2.83789 2.39837
0.448 -2.72418 2.32106
0.449 -2.5956 2.2357
0.45 -2.45262 2.14267
0.451 -2.29579 2.04236
0.452 -2.12569 1.93521
0.453 -1.94296 1.82168
0.454 -1.74832 1.70228
0.455 -1.54252 1.57753
0.456 -1.32637 1.44798
0.457 -1.10072 1.3142
0.458 -0.866477 1.1768
0.459 -0.624565 1.03639
0.46 -0.375961 0.89359
0.461 -0.121668 0.749053
0.462 0.137282 0.603433
0.463 0.399834 0.457392
0.464 0.664912 0.311598
0.465 0.931428 0.16672
0.466 1.19828 0.0234281
0.467 1.46436 -0.117612
0.468 1.72857 -0.255741
0.469 1.98979 -0.390309
0.47 2.24693 -0.520678
0.471 2.4989 -0.646224
0.472 2.74464 -0.766344
0.473 2.9831 -0.88045
0.474 3.21325 -0.987982
0.475 3.43411 -1.0884
0.476 3.64471 -1.18121
0.477 3.84414 -1.26591
0.478 4.03151 -1.34207
0.479 4.206 -1.40928
0.48 4.36682 -1.46716
0.481 4.51324 -1.51537
0.482 4.64458 -1.55362
0.483 4.76023 -1.58166
0.484 4.85964 -1.59928
0.485 4.94231 -1.60629
0.486 5.00783 -1.60259
0.487 5.05583 -1.5881
0.488 5.08602 -1.56278
0.489 5.09821 -1.52666
0.49 5.09223 -1.47979
0.491 5.06804 -1.42229
0.492 5.02562 -1.35431
0.493 4.96506 -1.27606
0.494 4.88652 -1.18778
0.495 4.79021 -1.08978
0.496 4.67645 -0.982391
0.497 4.5456 -0.865994
0.498 4.39811 -0.741016
0.499 4.23448 -0.60792
0.5 4.0553 -0.467209
0.501 3.86121 -0.319424
0.502 3.65292 -0.165139
0.503 3.4312 -0.00495989
0.504 3.19686 0.160475
0.505 2.9508 0.3305
0.506 2.69393 0.504427
0.507 2.42724 0.681541
0.508 2.15173 0.86111
0.509 1.86848 1.04239
0.51 1.57857 1.2246
0.511 1.28312 1.40699
0.512 0.983295 1.58877
0.513 0.680252 1.76914
0.514 0.375181 1.94733
0.515 0.0692845 2.12255
0.516 -0.236233 2.29402
0.517 -0.540161 2.46097
0.518 -0.841295 2.62263
0.519 -1.13844 2.77826
0.52 -1.4304 2.92714
0.521 -1.71601 3.06856
0.522 -1.99413 3.20183
0.523 -2.26363 3.32631
0.524 -2.52343 3.44136
0.525 -2.77248 3.54639
0.526 -3.00977 3.64085
0.527 -3.23432 3.72422
0.528 -3.44522 3.79601
0.529 -3.6416 3.85579
0.53 -3.82266 3.90316
0.531 -3.98765 3.93779
0.532 -4.13588 3.95936
0.533 -4.26673 3.96763
0.534 -4.37965 3.96241
0.535 -4.47415 3.94353
0.536 -4.54984 3.91091
0.537 -4.60638 3.8645
0.538 -4.64352 3.80433
0.539 -4.66108 3.73044
0.54 -4.65895 3.64298
0.541 -4.63713 3.5421
0.542 -4.59568 3.42804
0.543 -4.53473 3.30108
0.544 -4.45451 3.16155
0.545 -4.35531 3.00984
0.546 -4.23752 2.84639
0.547 -4.10159 2.67167
0.548 -3.94805 2.48622
0.549 -3.7775 2.29062
0.55 -3.59062 2.08548
0.551 -3.38814 1.87146
0.552 -3.17088 1.64927
0.553 -2.9397 1.41963
0.554 -2.69553 1.18332
0.555 -2.43935 0.941136
0.556 -2.17221 0.693899
0.557 -1.89518 0.442463
0.558 -1.60938 0.1877
0.559 -1.31599 -0.0695021
0.56 -1.01621 -0.328238
0.561 -0.71125 -0.587592
0.562 -0.402378 -0.846642
0.563 -0.0908631 -1.10446
0.564 0.222008 -1.36012
0.565 0.534938 -1.6127
0.566 0.846628 -1.86128
0.567 1.15578 -2.10496
0.568 1.4611 -2.34283
0.569 1.7613 -2.57404
0.57 2.05513 -2.79771
0.571 2.34134 -3.01303
0.572 2.61871 -3.21919
0.573 2.88607 -3.41543
0.574 3.14227 -3.60099
0.575 3.3862 -3.7752
0.576 3.6168 -3.93738
0.577 3.83308 -4.08692
0.578 4.03408 -4.22324
0.579 4.2189 -4.34584
0.58 4.38672 -4.45422
0.581 4.53677 -4.54797
0.582 4.66835 -4.62673
0.583 4.78086 -4.69017
0.584 4.87373 -4.73805
0.585 4.9465 -4.77016
0.586 4.99878 -4.78636
0.587 5.03026 -4.78658
0.588 5.04072 -4.7708
0.589 5.03001 -4.73906
0.59 4.99808 -4.69146
0.591 4.94496 -4.62816
0.592 4.87076 -4.54939
0.593 4.77568 -4.45542
0.594 4.66 -4.3466
0.595 4.52409 -4.22332
0.596 4.3684 -4.08603
0.597 4.19346 -3.93524
0.598 3.99988 -3.77151
0.599 3.78834 -3.59545
0.6 3.55961 -3.40771
0.601 3.31451 -3.20901
0.602 3.05393 -3.00008
0.603 2.77885 -2.78171
0.604 2.49029 -2.55472
0.605 2.18932 -2.31998
0.606 1.87708 -2.07838
0.607 1.55475 -1.83082
0.608 1.22355 -1.57826
0.609 0.884739 -1.32165
0.61 0.539621 -1.06197
0.611 0.189518 -0.800222
0.612 -0.164223 -0.537401
0.613 -0.520236 -0.274516
0.614 -0.877143 -0.0125749
0.615 -1.23356 0.247414
0.616 -1.5881 0.504449
0.617 -1.93937 0.757541
0.618 -2.28602 1.00571
0.619 -2.62667 1.248
0.62 -2.95999 1.48347
0.621 -3.28468 1.71121
0.622 -3.59944 1.93033
0.623 -3.90305 2.13998
0.624 -4.19429 2.33934
0.625 -4.47201 2.52764
0.626 -4.73511 2.70413
0.627 -4.98255 2.86813
0.628 -5.21332 3.01899
0.629 -5.42651 3.15611
0.63 -5.62127 3.27895
0.631 -5.7968 3.38703
0.632 -5.9524 3.47992
0.633 -6.08744 3.55722
0.634 -6.20135 3.61865
0.635 -6.29369 3.66393
0.636 -6.36405 3.69289
0.637 -6.41214 3.70539
0.638 -6.43775 3.70136
0.639 -6.44077 3.68082
0.64 -6.42114 3.64381
0.641 -6.37894 3.59046
0.642 -6.31431 3.52098
0.643 -6.22749 3.4356
0.644 -6.11879 3.33464
0.645 -5.98863 3.21848
0.646 -5.83751 3.08754
0.647 -5.666 2.94233
0.648 -5.47477 2.78337
0.649 -5.26455 2.61129
0.65 -5.03617 2.42671
0.651 -4.79051 2.23035
0.652 -4.52852 2.02295
0.653 -4.25124 1.80529
0.654 -3.95974 1.57821
0.655 -3.65518 1.34257
0.656 -3.33874 1.09927
0.657 -3.01168 0.849229
0.658 -2.67526 0.593412
0.659 -2.33084 0.332792
0.66 -1.97974 0.0683664
0.661 -1.62338 -0.198854
0.662 -1.26314 -0.467846
0.663 -0.90046 -0.737582
0.664 -0.536763 -1.00703
0.665 -0.173492 -1.27515
0.666 0.187918 -1.54093
0.667 0.546035 -1.80335
0.668 0.899444 -2.06139
0.669 1.24674 -2.31408
0.67 1.58656 -2.56044
0.671 1.91754 -2.79954
0.672 2.23838 -3.03046
0.673 2.54781 -3.25232
0.674 2.8446 -3.46426
0.675 3.12758 -3.66549
0.676 3.39562 -3.85524
0.677 3.64767 -4.03277
0.678 3.88273 -4.19743
0.679 4.09986 -4.34857
0.68 4.29822 -4.48564
0.681 4.47703 -4.60811
0.682 4.63557 -4.71553
0.683 4.77323 -4.80748
0.684 4.88948 -4.88363
0.685 4.98385 -4.9437
0.686 5.05599 -4.98746
0.687 5.10563 -5.01477
0.688 5.13258 -5.02553
0.689 5.13675 -5.01971
0.69 5.11814 -4.99736
0.691 5.07685 -4.95857
0.692 5.01306 -4.9035
0.693 4.92706 -4.83239
0.694 4.8192 -4.74552
0.695 4.68994 -4.64325
0.696 4.53982 -4.52597
0.697 4.36948 -4.39417
0.698 4.17962 -4.24835
0.699 3.97104 -4.0891
0.7 3.74459 -3.91705
0.701 3.50121 -3.73286
0.702 3.24192 -3.53726
0.703 2.96779 -3.33102
0.704 2.67995 -3.11493
0.705 2.37959 -2.88985
0.706 2.06796 -2.65664
0.707 1.74634 -2.41621
0.708 1.41606 -2.16948
0.709 1.0785 -1.91742
0.71 0.735038 -1.66099
0.711 0.387107 -1.40118
0.712 0.0361447 -1.13899
0.713 -0.316393 -0.87541
0.714 -0.669046 -0.611457
0.715 -1.02035 -0.348132
0.716 -1.36885 -0.0864359
0.717 -1.71308 0.172642
0.718 -2.05163 0.428125
0.719 -2.38308 0.679054
0.72 -2.70605 0.92449
0.721 -3.01918 1.16352
0.722 -3.32117 1.39526
0.723 -3.61075 1.61885
0.724 -3.8867 1.83348
0.725 -4.14787 2.03836
0.726 -4.39313 2.23277
0.727 -4.62147 2.416
0.728 -4.83189 2.58741
0.729 -5.02351 2.7464
0.73 -5.1955 2.89243
0.731 -5.34711 3.02501
0.732 -5.47767 3.1437
0.733 -5.58661 3.24813
0.734 -5.67344 3.33799
0.735 -5.73776 3.41301
0.736 -5.77924 3.473
0.737 -5.79768 3.51782
0.738 -5.79294 3.54742
0.739 -5.765 3.56177
0.74 -5.71392 3.56094
0.741 -5.63985 3.54503
0.742 -5.54304 3.51424
0.743 -5.42383 3.4688
0.744 -5.28266 3.40901
0.745 -5.12005 3.33523
0.746 -4.9366 3.24787
0.747 -4.73302 3.1474
0.748 -4.51007 3.03435
0.749 -4.26862 2.90929
0.75 -4.00959 2.77285
0.751 -3.734 2.62569
0.752 -3.4429 2.46852
0.753 -3.13743 2.3021
0.754 -2.8188 2.12721
0.755 -2.48824 1.94468
0.756 -2.14705 1.75536
0.757 -1.79659 1.56013
0.758 -1.43821 1.35988
0.759 -1.07335 1.15555
0.76 -0.703435 0.948055
0.761 -0.329932 0.738357
0.762 0.0456811 0.527406
0.763 0.421918 0.31616
0.764 0.797288 0.105576
0.765 1.1703 -0.103393
0.766 1.53948 -0.309802
0.767 1.90336 -0.512721
0.768 2.2605 -0.711232
0.769 2.60947 -0.904442
0.77 2.94889 -1.09148
0.771 3.27742 -1.2715
0.772 3.59374 -1.44369
0.773 3.89661 -1.60727
0.774 4.18481 -1.7615
0.775 4.45721 -1.90569
0.776 4.71272 -2.03916
0.777 4.95034 -2.16133
0.778 5.16912 -2.27161
0.779 5.36819 -2.36951
0.78 5.54678 -2.45457
0.781 5.70418 -2.52638
0.782 5.83977 -2.58461
0.783 5.95303 -2.62896
0.784 6.04351 -2.65921
0.785 6.11087 -2.6752
0.786 6.15485 -2.67681
0.787 6.17531 -2.66402
0.788 6.17217 -2.63684
0.789 6.14547 -2.59534
0.79 6.09535 -2.53968
0.791 6.02201 -2.47005
0.792 5.92579 -2.38673
0.793 5.8071 -2.29003
0.794 5.66643 -2.18033
0.795 5.50438 -2.05807
0.796 5.32164 -1.92375
0.797 5.11896 -1.77791
0.798 4.8972 -1.62113
0.799 4.65727 -1.45407
0.8 4.40018 -1.27741
0.801 4.12699 -1.09187
0.802 3.83885 -0.898226
0.803 3.53693 -0.697282
0.804 3.22251 -0.489873
0.805 2.89688 -0.276863
0.806 2.5614 -0.0591443
0.807 2.21745 0.162371
0.808 1.86646 0.386753
0.809 1.50989 0.613056
0.81 1.14921 0.840325
0.811 0.785933 1.0676
0.812 0.421554 1.29392
0.813 0.0575904 1.51832
0.814 -0.304446 1.73984
0.815 -0.663051 1.95754
0.816 -1.01673 2.17049
0.817 -1.36402 2.37778
0.818 -1.70346 2.5785
0.819 -2.03365 2.77181
0.82 -2.3532 2.95685
0.821 -2.66077 3.13282
0.822 -2.95509 3.29896
0.823 -3.23492 3.45453
0.824 -3.49908 3.59884
0.825 -3.74646 3.73127
0.826 -3.97603 3.8512
0.827 -4.18679 3.9581
0.828 -4.37788 4.05148
0.829 -4.54846 4.13091
0.83 -4.69781 4.196
0.831 -4.82529 4.24644
0.832 -4.93034 4.28197
0.833 -5.0125 4.30239
0.834 -5.0714 4.30756
0.835 -5.10676 4.29743
0.836 -5.11841 4.27197
0.837 -5.10627 4.23125
0.838 -5.07036 4.17538
0.839 -5.01079 4.10455
0.84 -4.92777 4.019
0.841 -4.82162 3.91904
0.842 -4.69274 3.80503
0.843 -4.54162 3.6774
0.844 -4.36887 3.53664
0.845 -4.17515 3.38329
0.846 -3.96125 3.21793
0.847 -3.728 3.04122
0.848 -3.47634 2.85385
0.849 -3.20729 2.65655
0.85 -2.92191 2.45012
0.851 -2.62137 2.23536
0.852 -2.30688 2.01314
0.853 -1.97971 1.78435
0.854 -1.64118 1.54991
0.855 -1.29268 1.31078
0.856 -0.935622 1.0679
0.857 -0.571463 0.822286
0.858 -0.20169 0.574923
0.859 0.172182 0.326824
0.86 0.548622 0.0790059
0.861 0.926083 -0.167514
0.862 1.30301 -0.41172
0.863 1.67786 -0.652604
0.864 2.04908 -0.88917
0.865 2.41513 -1.12043
0.866 2.7745 -1.34543
0.867 3.12569 -1.56323
0.868 3.46725 -1.77291
0.869 3.79774 -1.9736
0.87 4.11579 -2.16443
0.871 4.42006 -2.34462
0.872 4.70927 -2.51338
0.873 4.9822 -2.67
0.874 5.23769 -2.81381
0.875 5.47464 -2.94417
0.876 5.69205 -3.06052
0.877 5.88897 -3.16234
0.878 6.06455 -3.24918
0.879 6.218 -3.32064
0.88 6.34866 -3.3764
0.881 6.45591 -3.41617
0.882 6.53926 -3.43975
0.883 6.59831 -3.44701
0.884 6.63275 -3.43786
0.885 6.64236 -3.41231
0.886 6.62704 -3.37042
0.887 6.58677 -3.31231
0.888 6.52166 -3.23819
0.889 6.43188 -3.1483
0.89 6.31774 -3.04298
0.891 6.17961 -2.92263
0.892 6.01799 -2.78768
0.893 5.83345 -2.63867
0.894 5.62667 -2.47616
0.895 5.39842 -2.30079
0.896 5.14954 -2.11323
0.897 4.88097 -1.91424
0.898 4.59373 -1.7046
0.899 4.28891 -1.48514
0.9 3.96766 -1.25673
0.901 3.63124 -1.0203
0.902 3.28092 -0.7768
0.903 2.91806 -0.527207
0.904 2.54406 -0.272538
0.905 2.16037 -0.0138283
0.906 1.76848 0.247864
0.907 1.36992 0.511467
0.908 0.966243 0.775895
0.909 0.559015 1.04006
0.91 0.149833 1.30286
0.911 -0.259704 1.5632
0.912 -0.66799 1.82
0.913 -1.07343 2.07218
0.914 -1.47442 2.31867
0.915 -1.8694 2.55843
0.916 -2.25681 2.79044
0.917 -2.63513 3.01371
0.918 -3.00286 3.22726
0.919 -3.35858 3.43018
0.92 -3.70086 3.62157
0.921 -4.02837 3.80059
0.922 -4.33981 3.96643
0.923 -4.63396 4.11835
0.924 -4.90966 4.25565
0.925 -5.16582 4.37767
0.926 -5.40144 4.48385
0.927 -5.61559 4.57365
0.928 -5.80742 4.64661
0.929 -5.97619 4.70233
0.93 -6.12123 4.74049
0.931 -6.24198 4.76083
0.932 -6.33796 4.76314
0.933 -6.40881 4.74731
0.934 -6.45426 4.71328
0.935 -6.47413 4.66108
0.936 -6.46837 4.5908
0.937 -6.437 4.50259
0.938 -6.38017 4.39669
0.939 -6.29811 4.2734
0.94 -6.19118 4.1331
0.941 -6.05981 3.97622
0.942 -5.90454 3.80326
0.943 -5.72601 3.6148
0.944 -5.52495 3.41147
0.945 -5.30218 3.19396
0.946 -5.05862 2.96301
0.947 -4.79524 2.71943
0.948 -4.51314 2.46407
0.949 -4.21344 2.19783
0.95 -3.89738 1.92166
0.951 -3.56624 1.63655
0.952 -3.22137 1.34351
0.953 -2.86417 1.04361
0.954 -2.4961 0.737934
0.955 -2.11864 0.427589
0.956 -1.73335 0.113708
0.957 -1.34178 -0.20256
0.958 -0.945535 -0.520056
0.959 -0.546227 -0.837614
0.96 -0.145483 -1.15406
0.961 0.255061 -1.46824
0.962 0.653772 -1.77897
0.963 1.04902 -2.08512
0.964 1.4392 -2.38555
0.965 1.8227 -2.67914
0.966 2.19796 -2.96481
0.967 2.56344 -3.24149
0.968 2.91764 -3.50815
0.969 3.25912 -3.7638
0.97 3.58645 -4.00749
0.971 3.8983 -4.23832
0.972 4.19338 -4.45542
0.973 4.47048 -4.65799
0.974 4.72843 -4.84528
0.975 4.96617 -5.01658
0.976 5.1827 -5.17127
0.977 5.37713 -5.30878
0.978 5.54863 -5.4286
0.979 5.69647 -5.53029
0.98 5.82002 -5.61348
0.981 5.91875 -5.67788
0.982 5.99222 -5.72325
0.983 6.0401 -5.74944
0.984 6.06215 -5.75636
0.985 6.05824 -5.74402
0.986 6.02835 -5.71248
0.987 5.97256 -5.66187
0.988 5.89105 -5.59242
0.989 5.78411 -5.50439
0.99 5.65214 -5.39816
0.991 5.49561 -5.27414
0.992 5.31511 -5.13283
0.993 5.11135 -4.97479
0.994 4.88508 -4.80065
0.995 4.63719 -4.61108
0.996 4.36862 -4.40684
0.997 4.08042 -4.18872
0.998 3.77371 -3.95758
0.999 3.44969 -3.71432
1 3.10961 -3.45989
