0.001 3.41292e-008 2.46868e-009
0.002 3.10766e-007 1.98325e-008
0.003 1.46511e-006 8.23391e-008
0.004 4.85331e-006 2.41791e-007
0.005 1.28433e-005 5.74068e-007
0.006 2.90957e-005 1.18335e-006
0.007 5.88319e-005 2.20848e-006
0.008 0.000109087 3.83195e-006
0.009 0.000188948 6.29177e-006
0.01 0.000309764 9.89675e-006
0.011 0.000485349 1.50454e-005
0.012 0.000732146 2.22485e-005
0.013 0.00106937 3.21565e-005
0.014 0.00151915 4.55904e-005
0.015 0.00210656 6.35774e-005
0.016 0.00285975 8.73914e-005
0.017 0.00380994 0.000118598
0.018 0.00499139 0.000159102
0.019 0.00644142 0.000211204
0.02 0.00820029 0.000277655
0.021 0.0103111 0.000361722
0.022 0.0128198 0.000467248
0.023 0.0157747 0.000598725
0.024 0.0192266 0.000761367
0.025 0.0232284 0.000961179
0.026 0.0278349 0.00120504
0.027 0.0331023 0.00150076
0.028 0.0390883 0.00185721
0.029 0.0458513 0.00228432
0.03 0.0534504 0.00279325
0.031 0.0619446 0.00339637
0.032 0.0713929 0.00410741
0.033 0.0818535 0.00494151
0.034 0.0933834 0.00591526
0.035 0.106038 0.00704679
0.036 0.11987 0.00835583
0.037 0.134932 0.00986375
0.038 0.15127 0.0115936
0.039 0.168928 0.0135701
0.04 0.187948 0.0158199
0.041 0.208364 0.0183711
0.042 0.230207 0.0212539
0.043 0.253503 0.0245001
0.044 0.278272 0.0281432
0.045 0.304526 0.0322186
0.046 0.332273 0.0367631
0.047 0.361511 0.0418155
0.048 0.392234 0.0474158
0.049 0.424424 0.0536056
0.05 0.45806 0.0604279
0.051 0.49311 0.067927
0.052 0.529532 0.076148
0.053 0.567279 0.0851374
0.054 0.606293 0.0949422
0.055 0.646508 0.10561
0.056 0.687848 0.117189
0.057 0.730229 0.129728
0.058 0.77356 0.143275
0.059 0.817737 0.157879
0.06 0.862652 0.173586
0.061 0.908186 0.190444
0.062 0.954213 0.208498
0.063 1.0006 0.227794
0.064 1.0472 0.248374
0.065 1.09388 0.270279
0.066 1.14046 0.293548
0.067 1.18681 0.318217
0.068 1.23274 0.344321
0.069 1.27809 0.371888
0.07 1.32268 0.400945
0.071 1.36633 0.431516
0.072 1.40887 0.463619
0.073 1.45011 0.497268
0.074 1.48987 0.532473
0.075 1.52796 0.569238
0.076 1.5642 0.60756
0.077 1.5984 0.647435
0.078 1.6304 0.688847
0.079 1.66 0.731779
0.08 1.68704 0.776204
0.081 1.71134 0.82209
0.082 1.73276 0.869397
0.083 1.75113 0.918079
0.084 1.7663 0.968081
0.085 1.77813 1.01934
0.086 1.78651 1.07179
0.087 1.7913 1.12536
0.088 1.7924 1.17995
0.089 1.78972 1.23549
0.09 1.78317 1.29185
0.091 1.77268 1.34895
0.092 1.75819 1.40666
0.093 1.73967 1.46487
0.094 1.71708 1.52344
0.095 1.69042 1.58223
0.096 1.6597 1.64111
0.097 1.62493 1.69991
0.098 1.58615 1.75849
0.099 1.54342 1.81668
0.1 1.49681 1.87432
0.101 1.44642 1.93122
0.102 1.39234 1.98721
0.103 1.33471 2.04211
0.104 1.27366 2.09574
0.105 1.20935 2.1479
0.106 1.14196 2.19839
0.107 1.07169 2.24704
0.108 0.998721 2.29363
0.109 0.923293 2.33798
0.11 0.845637 2.37988
0.111 0.766002 2.41915
0.112 0.68465 2.45559
0.113 0.601856 2.48901
0.114 0.517905 2.51921
0.115 0.433093 2.54602
0.116 0.347724 2.56926
0.117 0.262111 2.58874
0.118 0.176572 2.6043
0.119 0.0914338 2.61579
0.12 0.00702385 2.62304
0.121 -0.0763255 2.62591
0.122 -0.158281 2.62426
0.123 -0.238508 2.61798
0.124 -0.316676 2.60694
0.125 -0.392454 2.59104
0.126 -0.465516 2.57019
0.127 -0.535543 2.54431
0.128 -0.602222 2.51334
0.129 -0.665248 2.47723
0.13 -0.724326 2.43594
0.131 -0.779174 2.38946
0.132 -0.82952 2.33777
0.133 -0.875109 2.28089
0.134 -0.915699 2.21885
0.135 -0.951067 2.15169
0.136 -0.981004 2.07947
0.137 -1.00533 2.00228
0.138 -1.02386 1.92021
0.139 -1.03647 1.83338
0.14 -1.04303 1.74192
0.141 -1.04343 1.64597
0.142 -1.0376 1.54571
0.143 -1.02549 1.44132
0.144 -1.00707 1.33299
0.145 -0.982338 1.22096
0.146 -0.951322 1.10545
0.147 -0.914072 0.986709
0.148 -0.870666 0.865007
0.149 -0.82121 0.740622
0.15 -0.765833 0.613847
0.151 -0.704696 0.48499
0.152 -0.637981 0.354371
0.153 -0.565899 0.222319
0.154 -0.488687 0.0891762
0.155 -0.406603 -0.0447053
0.156 -0.319935 -0.178966
0.157 -0.228988 -0.313239
0.158 -0.134094 -0.447149
0.159 -0.0356052 -0.580318
0.16 0.0661074 -0.712363
0.161 0.170653 -0.842897
0.162 0.277622 -0.971534
0.163 0.38659 -1.09789
0.164 0.497119 -1.22157
0.165 0.608756 -1.34219
0.166 0.721037 -1.45938
0.167 0.833488 -1.57277
0.168 0.94563 -1.68197
0.169 1.05697 -1.78664
0.17 1.16703 -1.88643
0.171 1.27531 -1.98099
0.172 1.38131 -2.07
0.173 1.48455 -2.15314
0.174 1.58454 -2.23012
0.175 1.68079 -2.30066
0.176 1.77285 -2.36449
0.177 1.86023 -2.42137
0.178 1.9425 -2.47106
0.179 2.01922 -2.51337
0.18 2.08996 -2.54811
0.181 2.15433 -2.57511
0.182 2.21194 -2.59425
0.183 2.26244 -2.60541
0.184 2.30549 -2.60851
0.185 2.34077 -2.60347
0.186 2.36801 -2.59028
0.187 2.38694 -2.56891
0.188 2.39735 -2.53939
0.189 2.39902 -2.50176
0.19 2.39181 -2.4561
0.191 2.37558 -2.40252
0.192 2.35023 -2.34114
0.193 2.3157 -2.27212
0.194 2.27197 -2.19565
0.195 2.21904 -2.11194
0.196 2.15697 -2.02123
0.197 2.08583 -1.92379
0.198 2.00574 -1.81991
0.199 1.91687 -1.7099
0.2 1.81939 -1.59411
0.201 1.71355 -1.4729
0.202 1.5996 -1.34665
0.203 1.47784 -1.21578
0.204 1.34862 -1.08071
0.205 1.21228 -0.941891
0.206 1.06923 -0.799777
0.207 0.919908 -0.654851
0.208 0.764759 -0.507604
0.209 0.604271 -0.358543
0.21 0.438959 -0.208182
0.211 0.269356 -0.0570468
0.212 0.096022 0.0943304
0.213 -0.0804643 0.245412
0.214 -0.259506 0.395656
0.215 -0.440489 0.544519
0.216 -0.622786 0.691458
0.217 -0.805759 0.835932
0.218 -0.98876 0.977403
0.219 -1.17113 1.11534
0.22 -1.35222 1.24922
0.221 -1.53137 1.37853
0.222 -1.70791 1.50277
0.223 -1.88119 1.62145
0.224 -2.05057 1.7341
0.225 -2.2154 1.84026
0.226 -2.37506 1.9395
0.227 -2.52893 2.0314
0.228 -2.67641 2.11557
0.229 -2.81694 2.19164
0.23 -2.94995 2.25926
0.231 -3.07491 2.31813
0.232 -3.19132 2.36796
0.233 -3.2987 2.40848
0.234 -3.39661 2.43948
0.235 -3.48463 2.46075
0.236 -3.56239 2.47213
0.237 -3.62954 2.4735
0.238 -3.68578 2.46477
0.239 -3.73086 2.44586
0.24 -3.76454 2.41676
0.241 -3.78664 2.37749
0.242 -3.79704 2.32808
0.243 -3.79563 2.26863
0.244 -3.78237 2.19925
0.245 -3.75725 2.1201
0.246 -3.72032 2.03136
0.247 -3.67167 1.93328
0.248 -3.61143 1.8261
0.249 -3.53978 1.71013
0.25 -3.45695 1.58568
0.251 -3.3632 1.45312
0.252 -3.25884 1.31284
0.253 -3.14425 1.16525
0.254 -3.0198 1.01081
0.255 -2.88595 0.849991
0.256 -2.74316 0.683289
0.257 -2.59196 0.511228
0.258 -2.43288 0.334354
0.259 -2.26653 0.153231
0.26 -2.0935 -0.0315585
0.261 -1.91445 -0.219415
0.262 -1.73004 -0.409727
0.263 -1.54097 -0.60187
0.264 -1.34796 -0.795211
0.265 -1.15174 -0.989107
0.266 -0.953068 -1.18291
0.267 -0.752703 -1.37598
0.268 -0.551421 -1.56766
0.269 -0.350005 -1.75731
0.27 -0.149242 -1.94428
0.271 0.0500806 -2.12794
0.272 0.247178 -2.30766
0.273 0.441269 -2.48283
0.274 0.631583 -2.65284
0.275 0.81736 -2.81711
0.276 0.997854 -2.97507
0.277 1.17234 -3.12618
0.278 1.3401 -3.26991
0.279 1.50047 -3.40575
0.28 1.65277 -3.53325
0.281 1.79639 -3.65193
0.282 1.93073 -3.76141
0.283 2.05522 -3.86128
0.284 2.16935 -3.95119
0.285 2.27262 -4.03083
0.286 2.3646 -4.09991
0.287 2.44488 -4.1582
0.288 2.51311 -4.20547
0.289 2.56897 -4.24157
0.29 2.61222 -4.26635
0.291 2.64263 -4.27973
0.292 2.66005 -4.28167
0.293 2.66436 -4.27214
0.294 2.65552 -4.25118
0.295 2.63351 -4.21886
0.296 2.5984 -4.17529
0.297 2.55027 -4.12063
0.298 2.48928 -4.05506
0.299 2.41564 -3.97881
0.3 2.32961 -3.89216
0.301 2.2315 -3.7954
0.302 2.12168 -3.68888
0.303 2.00053 -3.57298
0.304 1.86854 -3.44809
0.305 1.72619 -3.31467
0.306 1.57403 -3.17318
0.307 1.41266 -3.02413
0.308 1.24269 -2.86804
0.309 1.06479 -2.70546
0.31 0.879665 -2.53697
0.311 0.688046 -2.36316
0.312 0.490692 -2.18464
0.313 0.288391 -2.00205
0.314 0.081955 -1.81602
0.315 -0.127785 -1.62721
0.316 -0.339982 -1.43629
0.317 -0.553773 -1.24391
0.318 -0.768286 -1.05076
0.319 -0.982643 -0.857502
0.32 -1.19596 -0.664814
0.321 -1.40736 -0.473363
0.322 -1.61597 -0.283809
0.323 -1.82091 -0.0968065
0.324 -2.02132 0.0870049
0.325 -2.21637 0.266998
0.326 -2.40522 0.442563
0.327 -2.58708 0.613107
0.328 -2.76115 0.77806
0.329 -2.9267 0.936874
0.33 -3.083 1.08903
0.331 -3.22936 1.23403
0.332 -3.36514 1.3714
0.333 -3.48972 1.50072
0.334 -3.60255 1.62159
0.335 -3.70309 1.73363
0.336 -3.79088 1.83651
0.337 -3.8655 1.92993
0.338 -3.92655 2.01365
0.339 -3.97374 2.08743
0.34 -4.00679 2.15111
0.341 -4.02549 2.20454
0.342 -4.02969 2.24762
0.343 -4.01929 2.2803
0.344 -3.99426 2.30257
0.345 -3.95461 2.31444
0.346 -3.90043 2.31599
0.347 -3.83186 2.30733
0.348 -3.74909 2.28859
0.349 -3.65238 2.25998
0.35 -3.54204 2.22172
0.351 -3.41843 2.17407
0.352 -3.28198 2.11733
0.353 -3.13316 2.05185
0.354 -2.9725 1.97798
0.355 -2.80057 1.89615
0.356 -2.618 1.80678
0.357 -2.42545 1.71034
0.358 -2.22362 1.60731
0.359 -2.01328 1.49821
0.36 -1.7952 1.38359
0.361 -1.57019 1.264
0.362 -1.33912 1.14002
0.363 -1.10285 1.01225
0.364 -0.862276 0.881292
0.365 -0.618324 0.747764
0.366 -0.371924 0.612296
0.367 -0.124023 0.475521
0.368 0.124424 0.338076
0.369 0.372458 0.200598
0.37 0.619118 0.0637216
0.371 0.863449 -0.0719212
0.372 1.1045 -0.205707
0.373 1.34133 -0.337023
0.374 1.57302 -0.465267
0.375 1.79866 -0.589853
0.376 2.01737 -0.710211
0.377 2.22829 -0.825792
0.378 2.43059 -0.936068
0.379 2.62349 -1.04053
0.38 2.80621 -1.13872
0.381 2.97805 -1.23016
0.382 3.13833 -1.31445
0.383 3.28642 -1.3912
0.384 3.42173 -1.46005
0.385 3.54374 -1.52069
0.386 3.65197 -1.57282
0.387 3.74599 -1.61621
0.388 3.82545 -1.65065
0.389 3.89002 -1.67597
0.39 3.93948 -1.69205
0.391 3.97362 -1.69878
0.392 3.99234 -1.69613
0.393 3.99556 -1.6841
0.394 3.98329 -1.66271
0.395 3.9556 -1.63204
0.396 3.91262 -1.59221
0.397 3.85454 -1.54338
0.398 3.78162 -1.48575
0.399 3.69417 -1.41954
0.4 3.59257 -1.34503
0.401 3.47726 -1.26253
0.402 3.34873 -1.17238
0.403 3.20753 -1.07496
0.404 3.05426 -0.970688
0.405 2.88958 -0.859993
0.406 2.71418 -0.743348
0.407 2.52882 -0.621248
0.408 2.33428 -0.494212
0.409 2.1314 -0.362782
0.41 1.92104 -0.227519
0.411 1.7041 -0.0890022
0.412 1.4815 0.0521742
0.413 1.25421 0.195404
0.414 1.02319 0.340071
0.415 0.789433 0.485552
0.416 0.553953 0.63122
0.417 0.31776 0.776444
0.418 0.0818753 0.920595
0.419 -0.152681 1.06305
0.42 -0.38489 1.20319
0.421 -0.613741 1.3404
0.422 -0.838237 1.47409
0.423 -1.0574 1.60368
0.424 -1.27025 1.72859
0.425 -1.47587 1.84828
0.426 -1.67333 1.96222
0.427 -1.86177 2.06991
0.428 -2.04033 2.17089
0.429 -2.20822 2.26469
0.43 -2.36466 2.35091
0.431 -2.50896 2.42915
0.432 -2.64043 2.49908
0.433 -2.75847 2.56037
0.434 -2.86251 2.61275
0.435 -2.95206 2.65599
0.436 -3.02666 2.68987
0.437 -3.08594 2.71425
0.438 -3.12959 2.729
0.439 -3.15733 2.73405
0.44 -3.169 2.72938
0.441 -3.16445 2.71497
0.442 -3.14366 2.6909
0.443 -3.10662 2.65726
0.444 -3.05342 2.61418
0.445 -2.98421 2.56184
0.446 -2.89921 2.50047
0.447 -2.79871 2.43033
0.448 -2.68306 2.35172
0.449 -2.55267 2.26497
0.45 -2.40803 2.17046
0.451 -2.24967 2.06862
0.452 -2.07821 1.95988
0.453 -1.89429 1.84471
0.454 -1.69863 1.72364
0.455 -1.492 1.59719
0.456 -1.27521 1.46593
0.457 -1.04912 1.33045
0.458 -0.814623 1.19134
0.459 -0.57267 1.04924
0.46 -0.324235 0.904786
0.461 -0.070322 0.758633
0.462 0.188034 0.611445
0.463 0.449778 0.463896
0.464 0.713834 0.316661
0.465 0.979113 0.170421
0.466 1.24452 0.0258523
0.467 1.50894 -0.116371
0.468 1.77129 -0.255581
0.469 2.03045 -0.391122
0.47 2.28534 -0.52235
0.471 2.53487 -0.648636
0.472 2.77798 -0.76937
0.473 3.01365 -0.883963
0.474 3.24084 -0.991849
0.475 3.45859 -1.09249
0.476 3.66594 -1.18538
0.477 3.86198 -1.27003
0.478 4.04585 -1.346
0.479 4.21673 -1.41288
0.48 4.37384 -1.47029
0.481 4.51647 -1.51791
0.482 4.64397 -1.55544
0.483 4.75572 -1.58263
0.484 4.8512 -1.59927
0.485 4.92991 -1.60521
0.486 4.99147 -1.60031
0.487 5.03552 -1.58453
0.488 5.0618 -1.55782
0.489 5.0701 -1.52022
0.49 5.06031 -1.47181
0.491 5.03237 -1.41269
0.492 4.9863 -1.34304
0.493 4.9222 -1.26307
0.494 4.84023 -1.17305
0.495 4.74064 -1.07328
0.496 4.62374 -0.964105
0.497 4.48991 -0.84593
0.498 4.33962 -0.719189
0.499 4.17339 -0.584357
0.5 3.99181 -0.441953
0.501 3.79554 -0.292527
0.502 3.58529 -0.136668
0.503 3.36184 0.025005
0.504 3.12602 0.191841
0.505 2.87873 0.363163
0.506 2.62089 0.538268
0.507 2.35349 0.716431
0.508 2.07755 0.896909
0.509 1.79414 1.07894
0.51 1.50434 1.26175
0.511 1.20929 1.44456
0.512 0.910134 1.62657
0.513 0.608041 1.80699
0.514 0.304199 1.98503
0.515 -0.000196055 2.15989
0.516 -0.303942 2.33078
0.517 -0.605834 2.49694
0.518 -0.904674 2.65758
0.519 -1.19927 2.81198
0.52 -1.48844 2.95938
0.521 -1.77104 3.0991
0.522 -2.04591 3.23043
0.523 -2.31196 3.35274
0.524 -2.56812 3.46539
0.525 -2.81333 3.5678
0.526 -3.04661 3.65941
0.527 -3.26701 3.7397
0.528 -3.47362 3.80821
0.529 -3.66559 3.8645
0.53 -3.84213 3.90818
0.531 -4.00251 3.93892
0.532 -4.14607 3.95643
0.533 -4.2722 3.96047
0.534 -4.38038 3.95085
0.535 -4.47013 3.92743
0.536 -4.54108 3.89014
0.537 -4.59291 3.83895
0.538 -4.62539 3.77389
0.539 -4.63836 3.69503
0.54 -4.63174 3.60252
0.541 -4.60554 3.49655
0.542 -4.55983 3.37736
0.543 -4.49478 3.24526
0.544 -4.41063 3.10059
0.545 -4.30769 2.94376
0.546 -4.18637 2.77523
0.547 -4.04712 2.5955
0.548 -3.8905 2.40512
0.549 -3.71713 2.20468
0.55 -3.52769 1.99482
0.551 -3.32294 1.77623
0.552 -3.1037 1.54963
0.553 -2.87085 1.31575
0.554 -2.62532 1.0754
0.555 -2.36812 0.829392
0.556 -2.10028 0.578563
0.557 -1.82289 0.323785
0.558 -1.53709 0.0659445
0.559 -1.24403 -0.194052
0.56 -0.944938 -0.455286
0.561 -0.641026 -0.716828
0.562 -0.333552 -0.977744
0.563 -0.0237855 -1.23709
0.564 0.286988 -1.49394
0.565 0.597478 -1.74735
0.566 0.906388 -1.99639
0.567 1.21243 -2.24016
0.568 1.51431 -2.47776
0.569 1.81078 -2.7083
0.57 2.10056 -2.93092
0.571 2.38243 -3.14481
0.572 2.6552 -3.34915
0.573 2.91769 -3.54318
0.574 3.16878 -3.72616
0.575 3.40738 -3.8974
0.576 3.63245 -4.05624
0.577 3.843 -4.20207
0.578 4.0381 -4.33433
0.579 4.21689 -4.45251
0.58 4.37854 -4.55615
0.581 4.52233 -4.64483
0.582 4.64758 -4.7182
0.583 4.75369 -4.77596
0.584 4.84014 -4.81787
0.585 4.90648 -4.84376
0.586 4.95235 -4.85351
0.587 4.97747 -4.84704
0.588 4.98163 -4.82437
0.589 4.96472 -4.78556
0.59 4.92671 -4.73073
0.591 4.86765 -4.66007
0.592 4.78767 -4.57382
0.593 4.68701 -4.47229
0.594 4.56596 -4.35585
0.595 4.42492 -4.22491
0.596 4.26436 -4.07995
0.597 4.08482 -3.92152
0.598 3.88694 -3.75018
0.599 3.67142 -3.56659
0.6 3.43904 -3.37142
0.601 3.19064 -3.16539
0.602 2.92713 -2.9493
0.603 2.6495 -2.72393
0.604 2.35878 -2.49016
0.605 2.05606 -2.24885
0.606 1.74248 -2.00092
0.607 1.41922 -1.74732
0.608 1.08753 -1.489
0.609 0.748667 -1.22696
0.61 0.403929 -0.962182
0.611 0.0546446 -0.695688
0.612 -0.297839 -0.428495
0.613 -0.652157 -0.16163
0.614 -1.00694 0.103883
0.615 -1.36079 0.367023
0.616 -1.71235 0.626776
0.617 -2.06024 0.882139
0.618 -2.40308 1.13213
0.619 -2.73954 1.37577
0.62 -3.0683 1.61212
0.621 -3.38805 1.84026
0.622 -3.69754 2.05931
0.623 -3.99553 2.26841
0.624 -4.28085 2.46674
0.625 -4.55236 2.65352
0.626 -4.80897 2.82803
0.627 -5.04967 2.98958
0.628 -5.27348 3.13752
0.629 -5.47952 3.27128
0.63 -5.66694 3.39031
0.631 -5.83499 3.49415
0.632 -5.98299 3.58238
0.633 -6.11032 3.65463
0.634 -6.21648 3.71062
0.635 -6.30101 3.75009
0.636 -6.36355 3.7729
0.637 -6.40385 3.77892
0.638 -6.42172 3.76811
0.639 -6.41706 3.74051
0.64 -6.38988 3.69619
0.641 -6.34024 3.6353
0.642 -6.26834 3.55807
0.643 -6.17443 3.46477
0.644 -6.05886 3.35575
0.645 -5.92207 3.2314
0.646 -5.76458 3.0922
0.647 -5.58699 2.93865
0.648 -5.38999 2.77133
0.649 -5.17433 2.59089
0.65 -4.94086 2.39798
0.651 -4.69048 2.19335
0.652 -4.42417 1.97777
0.653 -4.14297 1.75206
0.654 -3.84798 1.51707
0.655 -3.54035 1.2737
0.656 -3.22129 1.02287
0.657 -2.89206 0.765541
0.658 -2.55394 0.502695
0.659 -2.20828 0.235334
0.66 -1.85642 -0.0355202
0.661 -1.49977 -0.308834
0.662 -1.13972 -0.583562
0.663 -0.777703 -0.858654
0.664 -0.415141 -1.13306
0.665 -0.0534692 -1.40572
0.666 0.305881 -1.6756
0.667 0.661489 -1.94167
0.668 1.01195 -2.2029
0.669 1.35587 -2.4583
0.67 1.69189 -2.70689
0.671 2.01869 -2.94772
0.672 2.33496 -3.17987
0.673 2.63946 -3.40244
0.674 2.93098 -3.61459
0.675 3.20836 -3.81552
0.676 3.47052 -4.00444
0.677 3.7164 -4.18065
0.678 3.94505 -4.34347
0.679 4.15556 -4.49228
0.68 4.3471 -4.62652
0.681 4.51892 -4.74568
0.682 4.67034 -4.84931
0.683 4.80077 -4.93702
0.684 4.90971 -5.00849
0.685 4.99673 -5.06344
0.686 5.0615 -5.10168
0.687 5.10379 -5.12307
0.688 5.12343 -5.12754
0.689 5.12036 -5.11509
0.69 5.09463 -5.08577
0.691 5.04635 -5.03971
0.692 4.97573 -4.9771
0.693 4.88309 -4.89819
0.694 4.76882 -4.8033
0.695 4.6334 -4.69281
0.696 4.4774 -4.56715
0.697 4.30147 -4.42682
0.698 4.10635 -4.27236
0.699 3.89284 -4.1044
0.7 3.66184 -3.92357
0.701 3.41431 -3.73059
0.702 3.15126 -3.52621
0.703 2.87379 -3.31122
0.704 2.58306 -3.08645
0.705 2.28025 -2.85278
0.706 1.96663 -2.61111
0.707 1.6435 -2.36237
0.708 1.31219 -2.10752
0.709 0.974069 -1.84754
0.71 0.630545 -1.58341
0.711 0.283038 -1.31616
0.712 -0.0670112 -1.04681
0.713 -0.41815 -0.776372
0.714 -0.768921 -0.505881
0.715 -1.11787 -0.236361
0.716 -1.46354 0.0311712
0.717 -1.8045 0.295709
0.718 -2.13932 0.556259
0.719 -2.46662 0.81185
0.72 -2.78501 1.06153
0.721 -3.09318 1.30438
0.722 -3.38982 1.53949
0.723 -3.6737 1.76602
0.724 -3.94361 1.98313
0.725 -4.19843 2.19005
0.726 -4.43706 2.38603
0.727 -4.6585 2.57038
0.728 -4.8618 2.74245
0.729 -5.04609 2.90166
0.73 -5.21057 3.04746
0.731 -5.35453 3.17937
0.732 -5.47734 3.29697
0.733 -5.57844 3.39988
0.734 -5.65737 3.4878
0.735 -5.71377 3.56049
0.736 -5.74736 3.61777
0.737 -5.75794 3.65952
0.738 -5.74544 3.68568
0.739 -5.70983 3.69628
0.74 -5.65122 3.69137
0.741 -5.5698 3.6711
0.742 -5.46584 3.63567
0.743 -5.33971 3.58534
0.744 -5.19188 3.52043
0.745 -5.02289 3.44133
0.746 -4.83339 3.34847
0.747 -4.62408 3.24235
0.748 -4.39578 3.12351
0.749 -4.14935 2.99256
0.75 -3.88576 2.85014
0.751 -3.60601 2.69695
0.752 -3.31121 2.53372
0.753 -3.0025 2.36124
0.754 -2.68109 2.1803
0.755 -2.34824 1.99177
0.756 -2.00525 1.79651
0.757 -1.65348 1.59543
0.758 -1.29432 1.38945
0.759 -0.929167 1.17951
0.76 -0.559477 0.966576
0.761 -0.18671 0.751606
0.762 0.187661 0.535578
0.763 0.562154 0.319466
0.764 0.935283 0.104245
0.765 1.30557 -0.109118
0.766 1.67155 -0.319664
0.767 2.03177 -0.526447
0.768 2.38479 -0.728543
0.769 2.72922 -0.925044
0.77 3.06369 -1.11507
0.771 3.38687 -1.29777
0.772 3.69748 -1.47233
0.773 3.99429 -1.63797
0.774 4.27612 -1.79393
0.775 4.54185 -1.93952
0.776 4.79043 -2.07409
0.777 5.02087 -2.19702
0.778 5.23227 -2.30777
0.779 5.4238 -2.40581
0.78 5.59469 -2.49071
0.781 5.74428 -2.56207
0.782 5.87199 -2.61955
0.783 5.97732 -2.66288
0.784 6.05986 -2.69185
0.785 6.1193 -2.7063
0.786 6.15543 -2.70614
0.787 6.16812 -2.69135
0.788 6.15733 -2.66196
0.789 6.12315 -2.61807
0.79 6.06572 -2.55983
0.791 5.9853 -2.48748
0.792 5.88225 -2.40129
0.793 5.75699 -2.30161
0.794 5.61008 -2.18883
0.795 5.44212 -2.06342
0.796 5.25382 -1.92589
0.797 5.04598 -1.77679
0.798 4.81945 -1.61676
0.799 4.57519 -1.44643
0.8 4.31421 -1.26654
0.801 4.0376 -1.07781
0.802 3.74651 -0.88105
0.803 3.44215 -0.677069
0.804 3.12578 -0.466726
0.805 2.79871 -0.250905
0.806 2.46231 -0.030514
0.807 2.11797 0.193518
0.808 1.76711 0.420243
0.809 1.4112 0.648704
0.81 1.05172 0.87793
0.811 0.69014 1.10695
0.812 0.327979 1.33478
0.813 -0.033263 1.56046
0.814 -0.392085 1.78303
0.815 -0.746997 2.00151
0.816 -1.09652 2.21499
0.817 -1.4392 2.42254
0.818 -1.77361 2.62326
0.819 -2.09836 2.81629
0.82 -2.4121 3.00078
0.821 -2.7135 3.17594
0.822 -3.00131 3.34099
0.823 -3.27433 3.49521
0.824 -3.53141 3.63791
0.825 -3.77148 3.76847
0.826 -3.99351 3.88629
0.827 -4.19657 3.99084
0.828 -4.37981 4.08164
0.829 -4.54244 4.15827
0.83 -4.68377 4.22036
0.831 -4.80319 4.26761
0.832 -4.90018 4.29977
0.833 -4.97432 4.31667
0.834 -5.02527 4.31818
0.835 -5.0528 4.30425
0.836 -5.05676 4.2749
0.837 -5.03712 4.23019
0.838 -4.99392 4.17027
0.839 -4.92731 4.09534
0.84 -4.83754 4.00566
0.841 -4.72496 3.90156
0.842 -4.59 3.78343
0.843 -4.43318 3.65173
0.844 -4.25514 3.50694
0.845 -4.05656 3.34964
0.846 -3.83826 3.18045
0.847 -3.6011 3.00001
0.848 -3.34603 2.80905
0.849 -3.0741 2.60834
0.85 -2.78638 2.39866
0.851 -2.48406 2.18085
0.852 -2.16835 1.95581
0.853 -1.84055 1.72443
0.854 -1.50199 1.48765
0.855 -1.15404 1.24643
0.856 -0.798138 1.00176
0.857 -0.435734 0.754631
0.858 -0.0683149 0.50606
0.859 0.302609 0.257066
0.86 0.675513 0.0086734
0.861 1.04886 -0.238093
0.862 1.42111 -0.482212
0.863 1.79072 -0.722671
0.864 2.15616 -0.95847
0.865 2.51592 -1.18863
0.866 2.8685 -1.41218
0.867 3.21243 -1.62819
0.868 3.54628 -1.83575
0.869 3.86864 -2.03398
0.87 4.17816 -2.22204
0.871 4.47355 -2.39914
0.872 4.75354 -2.56451
0.873 5.01696 -2.71744
0.874 5.26267 -2.85728
0.875 5.48964 -2.98341
0.876 5.69687 -3.09528
0.877 5.88346 -3.1924
0.878 6.04861 -3.27432
0.879 6.19157 -3.34067
0.88 6.3117 -3.39114
0.881 6.40845 -3.42547
0.882 6.48135 -3.4435
0.883 6.53006 -3.44509
0.884 6.55428 -3.43021
0.885 6.55387 -3.39887
0.886 6.52874 -3.35116
0.887 6.47894 -3.28724
0.888 6.40458 -3.20732
0.889 6.3059 -3.1117
0.89 6.18322 -3.00074
0.891 6.03697 -2.87484
0.892 5.86767 -2.73449
0.893 5.67594 -2.58023
0.894 5.46246 -2.41267
0.895 5.22805 -2.23245
0.896 4.97357 -2.04031
0.897 4.69999 -1.83698
0.898 4.40835 -1.6233
0.899 4.09975 -1.40011
0.9 3.77538 -1.16832
0.901 3.43648 -0.928854
0.902 3.08437 -0.682693
0.903 2.72039 -0.430838
0.904 2.34597 -0.174318
0.905 1.96255 0.0858139
0.906 1.57163 0.348487
0.907 1.17472 0.612616
0.908 0.773389 0.877105
0.909 0.369191 1.14085
0.91 -0.0362873 1.40276
0.911 -0.441459 1.66172
0.912 -0.844734 1.91665
0.913 -1.24453 2.16647
0.914 -1.63928 2.41011
0.915 -2.02742 2.64653
0.916 -2.40744 2.87472
0.917 -2.77784 3.09368
0.918 -3.13715 3.30247
0.919 -3.48396 3.50016
0.92 -3.81691 3.68588
0.921 -4.13469 3.8588
0.922 -4.43603 4.01812
0.923 -4.71976 4.16313
0.924 -4.98476 4.29313
0.925 -5.22998 4.40751
0.926 -5.45445 4.50571
0.927 -5.6573 4.58722
0.928 -5.83772 4.65161
0.929 -5.99501 4.69851
0.93 -6.12856 4.72763
0.931 -6.23784 4.73872
0.932 -6.32243 4.73162
0.933 -6.38201 4.70625
0.934 -6.41635 4.66259
0.935 -6.42532 4.60069
0.936 -6.40891 4.52067
0.937 -6.36719 4.42273
0.938 -6.30035 4.30714
0.939 -6.20867 4.17424
0.94 -6.09253 4.02443
0.941 -5.95241 3.85818
0.942 -5.78889 3.67604
0.943 -5.60264 3.47862
0.944 -5.39442 3.26656
0.945 -5.16509 3.04061
0.946 -4.91557 2.80153
0.947 -4.6469 2.55017
0.948 -4.36017 2.28741
0.949 -4.05654 2.01418
0.95 -3.73725 1.73145
0.951 -3.40361 1.44024
0.952 -3.05697 1.14159
0.953 -2.69875 0.836598
0.954 -2.33041 0.526359
0.955 -1.95344 0.212007
0.956 -1.56939 -0.105306
0.957 -1.17982 -0.424415
0.958 -0.786323 -0.744147
0.959 -0.390499 -1.06332
0.96 0.00603238 -1.38076
0.961 0.401652 -1.69529
0.962 0.794744 -2.00573
0.963 1.1837 -2.31095
0.964 1.56693 -2.60979
0.965 1.94286 -2.90115
0.966 2.30995 -3.18394
0.967 2.66669 -3.45711
0.968 3.01163 -3.71962
0.969 3.34333 -3.97051
0.97 3.66044 -4.20884
0.971 3.96165 -4.4337
0.972 4.2457 -4.64426
0.973 4.51143 -4.83974
0.974 4.75773 -5.01939
0.975 4.98357 -5.18256
0.976 5.18801 -5.32862
0.977 5.37018 -5.45704
0.978 5.52933 -5.56734
0.979 5.66476 -5.65911
0.98 5.7759 -5.73201
0.981 5.86227 -5.78578
0.982 5.92347 -5.82022
0.983 5.95921 -5.83522
0.984 5.96933 -5.83072
0.985 5.95373 -5.80677
0.986 5.91244 -5.76346
0.987 5.84558 -5.70097
0.988 5.75339 -5.61956
0.989 5.63619 -5.51955
0.99 5.49441 -5.40133
0.991 5.3286 -5.26538
0.992 5.13936 -5.11222
0.993 4.92743 -4.94245
0.994 4.69362 -4.75675
0.995 4.43884 -4.55583
0.996 4.16405 -4.34047
0.997 3.87035 -4.11152
0.998 3.55885 -3.86986
0.999 3.2308 -3.61644
1 2.88746 -3.35223
