0.001 2.58119e-008 1.49578e-008
0.002 2.444e-007 1.19645e-007
0.003 1.19233e-006 4.93618e-007
0.004 4.06348e-006 1.43709e-006
0.005 1.10029e-005 3.37402e-006
0.006 2.53919e-005 6.85894e-006
0.007 5.21209e-005 1.25892e-005
0.008 9.78497e-005 2.14237e-005
0.009 0.00017125 3.44102e-005
0.01 0.000283228 5.28216e-005
0.011 0.000447132 7.82028e-005
0.012 0.000678928 0.000112429
0.013 0.000997358 0.000157775
0.014 0.00142407 0.000216999
0.015 0.00198371 0.000293439
0.016 0.00270401 0.000391117
0.017 0.00361583 0.000514865
0.018 0.00475313 0.000670456
0.019 0.00615302 0.000864749
0.02 0.00785562 0.00110585
0.021 0.00990406 0.00140326
0.022 0.0123443 0.00176808
0.023 0.015225 0.00221317
0.024 0.0185973 0.00275333
0.025 0.0225148 0.00340551
0.026 0.0270329 0.00418899
0.027 0.0322091 0.00512554
0.028 0.0381021 0.00623968
0.029 0.044772 0.00755877
0.03 0.0522796 0.00911324
0.031 0.0606862 0.0109367
0.032 0.0700531 0.0130662
0.033 0.0804414 0.0155421
0.034 0.0919112 0.0184085
0.035 0.104522 0.021713
0.036 0.11833 0.0255071
0.037 0.133392 0.0298459
0.038 0.14976 0.0347882
0.039 0.167484 0.0403966
0.04 0.18661 0.0467374
0.041 0.207181 0.05388
0.042 0.229235 0.0618976
0.043 0.252805 0.0708663
0.044 0.277919 0.0808651
0.045 0.304601 0.0919758
0.046 0.332866 0.104282
0.047 0.362725 0.117871
0.048 0.394183 0.132828
0.049 0.427235 0.149243
0.05 0.461872 0.167205
0.051 0.498075 0.186803
0.052 0.53582 0.208124
0.053 0.575073 0.231257
0.054 0.615794 0.256287
0.055 0.657932 0.283297
0.056 0.701432 0.312366
0.057 0.746227 0.34357
0.058 0.792245 0.376979
0.059 0.839404 0.41266
0.06 0.887615 0.45067
0.061 0.936782 0.491061
0.062 0.9868 0.533878
0.063 1.03756 0.579155
0.064 1.08894 0.626918
0.065 1.14081 0.677182
0.066 1.19306 0.729951
0.067 1.24553 0.785217
0.068 1.29808 0.84296
0.069 1.35058 0.903146
0.07 1.40286 0.965729
0.071 1.45477 1.03065
0.072 1.50616 1.09782
0.073 1.55686 1.16717
0.074 1.6067 1.23857
0.075 1.65553 1.31191
0.076 1.70318 1.38705
0.077 1.74947 1.46383
0.078 1.79425 1.54208
0.079 1.83735 1.62161
0.08 1.87861 1.70222
0.081 1.91786 1.78369
0.082 1.95496 1.86578
0.083 1.98975 1.94825
0.084 2.02208 2.03082
0.085 2.05181 2.11323
0.086 2.07879 2.19517
0.087 2.10291 2.27634
0.088 2.12404 2.35644
0.089 2.14206 2.43513
0.09 2.15686 2.51208
0.091 2.16835 2.58695
0.092 2.17643 2.65939
0.093 2.18103 2.72905
0.094 2.18208 2.79556
0.095 2.17951 2.85858
0.096 2.17329 2.91775
0.097 2.16336 2.9727
0.098 2.1497 3.02309
0.099 2.13231 3.06856
0.1 2.11117 3.10878
0.101 2.0863 3.14341
0.102 2.05771 3.17212
0.103 2.02543 3.19462
0.104 1.98952 3.2106
0.105 1.95002 3.21979
0.106 1.907 3.22192
0.107 1.86055 3.21675
0.108 1.81074 3.20408
0.109 1.75769 3.18369
0.11 1.70149 3.15541
0.111 1.64228 3.11911
0.112 1.58018 3.07467
0.113 1.51534 3.02199
0.114 1.4479 2.96103
0.115 1.37802 2.89175
0.116 1.30587 2.81417
0.117 1.23162 2.72832
0.118 1.15546 2.63428
0.119 1.07756 2.53215
0.12 0.998122 2.42208
0.121 0.917342 2.30425
0.122 0.835422 2.17888
0.123 0.752567 2.04621
0.124 0.668985 1.90653
0.125 0.584886 1.76015
0.126 0.500484 1.60744
0.127 0.415992 1.44877
0.128 0.331622 1.28456
0.129 0.247588 1.11526
0.13 0.164103 0.941353
0.131 0.0813747 0.76334
0.132 -0.000387718 0.581755
0.133 -0.0809801 0.397153
0.134 -0.160202 0.210115
0.135 -0.237857 0.0212392
0.136 -0.313753 -0.168856
0.137 -0.387706 -0.359537
0.138 -0.459536 -0.550157
0.139 -0.52907 -0.740059
0.14 -0.596142 -0.928578
0.141 -0.660596 -1.11504
0.142 -0.722281 -1.29878
0.143 -0.781057 -1.47912
0.144 -0.836792 -1.65539
0.145 -0.889363 -1.82692
0.146 -0.938658 -1.99308
0.147 -0.984575 -2.15321
0.148 -1.02702 -2.30669
0.149 -1.06591 -2.45291
0.15 -1.10119 -2.59129
0.151 -1.13278 -2.72127
0.152 -1.16063 -2.84231
0.153 -1.18472 -2.95391
0.154 -1.20502 -3.05558
0.155 -1.22151 -3.1469
0.156 -1.23419 -3.22747
0.157 -1.24307 -3.29691
0.158 -1.24816 -3.3549
0.159 -1.24951 -3.40117
0.16 -1.24715 -3.43549
0.161 -1.24113 -3.45765
0.162 -1.23153 -3.46753
0.163 -1.21841 -3.46502
0.164 -1.20186 -3.45009
0.165 -1.18199 -3.42273
0.166 -1.15888 -3.38301
0.167 -1.13267 -3.33103
0.168 -1.10348 -3.26694
0.169 -1.07144 -3.19097
0.17 -1.03669 -3.10335
0.171 -0.999385 -3.00441
0.172 -0.959687 -2.89449
0.173 -0.917761 -2.77399
0.174 -0.873782 -2.64337
0.175 -0.827928 -2.50312
0.176 -0.780388 -2.35377
0.177 -0.731352 -2.19589
0.178 -0.681018 -2.0301
0.179 -0.629587 -1.85705
0.18 -0.577264 -1.67742
0.181 -0.52426 -1.49193
0.182 -0.470784 -1.3013
0.183 -0.417051 -1.10632
0.184 -0.363276 -0.907772
0.185 -0.309675 -0.706456
0.186 -0.256466 -0.503197
0.187 -0.203865 -0.29883
0.188 -0.152088 -0.0941978
0.189 -0.101349 0.109853
0.19 -0.0518595 0.312473
0.191 -0.00382947 0.512814
0.192 0.0425352 0.710036
0.193 0.0870325 0.903305
0.194 0.129465 1.0918
0.195 0.169642 1.27472
0.196 0.207375 1.45128
0.197 0.242486 1.62072
0.198 0.274803 1.78229
0.199 0.304161 1.9353
0.2 0.330402 2.07906
0.201 0.353381 2.21295
0.202 0.372958 2.33634
0.203 0.389006 2.44869
0.204 0.401407 2.54947
0.205 0.410055 2.6382
0.206 0.414854 2.71445
0.207 0.415721 2.77785
0.208 0.412586 2.82806
0.209 0.40539 2.8648
0.21 0.394088 2.88785
0.211 0.378649 2.89703
0.212 0.359054 2.89222
0.213 0.335299 2.87335
0.214 0.307395 2.84042
0.215 0.275366 2.79347
0.216 0.23925 2.73261
0.217 0.199103 2.65798
0.218 0.15499 2.56979
0.219 0.106996 2.46831
0.22 0.0552165 2.35385
0.221 -0.00023594 2.22677
0.222 -0.0592356 2.08748
0.223 -0.121643 1.93646
0.224 -0.187303 1.77419
0.225 -0.25605 1.60124
0.226 -0.327703 1.41819
0.227 -0.402068 1.22568
0.228 -0.478939 1.02437
0.229 -0.558101 0.814969
0.23 -0.639323 0.598204
0.231 -0.722367 0.374839
0.232 -0.806984 0.145661
0.233 -0.892915 -0.0885195
0.234 -0.979892 -0.326874
0.235 -1.06764 -0.568555
0.236 -1.15588 -0.812706
0.237 -1.24433 -1.05846
0.238 -1.33268 -1.30493
0.239 -1.42065 -1.55125
0.24 -1.50793 -1.79654
0.241 -1.59422 -2.03991
0.242 -1.67922 -2.28051
0.243 -1.76262 -2.51746
0.244 -1.84413 -2.74992
0.245 -1.92343 -2.97707
0.246 -2.00024 -3.19807
0.247 -2.07426 -3.41215
0.248 -2.1452 -3.61853
0.249 -2.21279 -3.81646
0.25 -2.27674 -4.00524
0.251 -2.33679 -4.18419
0.252 -2.39269 -4.35265
0.253 -2.44419 -4.51001
0.254 -2.49106 -4.6557
0.255 -2.53307 -4.78919
0.256 -2.57003 -4.90998
0.257 -2.60174 -5.01762
0.258 -2.62802 -5.11171
0.259 -2.64871 -5.19189
0.26 -2.66367 -5.25785
0.261 -2.67277 -5.30931
0.262 -2.67591 -5.34607
0.263 -2.673 -5.36795
0.264 -2.66396 -5.37484
0.265 -2.64875 -5.36667
0.266 -2.62735 -5.34341
0.267 -2.59973 -5.3051
0.268 -2.56593 -5.25181
0.269 -2.52596 -5.18368
0.27 -2.47989 -5.10087
0.271 -2.4278 -5.00362
0.272 -2.36978 -4.89218
0.273 -2.30594 -4.76688
0.274 -2.23644 -4.62808
0.275 -2.16143 -4.47616
0.276 -2.08108 -4.31159
0.277 -1.9956 -4.13484
0.278 -1.90521 -3.94643
0.279 -1.81014 -3.74693
0.28 -1.71064 -3.53693
0.281 -1.60699 -3.31705
0.282 -1.49948 -3.08795
0.283 -1.38839 -2.85033
0.284 -1.27405 -2.60488
0.285 -1.15679 -2.35236
0.286 -1.03694 -2.09352
0.287 -0.914854 -1.82913
0.288 -0.790888 -1.56
0.289 -0.665411 -1.28694
0.29 -0.538793 -1.01077
0.291 -0.411415 -0.732321
0.292 -0.283658 -0.45244
0.293 -0.155907 -0.171971
0.294 -0.028546 0.108239
0.295 0.0980385 0.387344
0.296 0.223464 0.664497
0.297 0.347349 0.938861
0.298 0.469321 1.2096
0.299 0.589008 1.47591
0.3 0.706051 1.73696
0.301 0.820095 1.99198
0.302 0.9308 2.24019
0.303 1.03783 2.48083
0.304 1.14088 2.71317
0.305 1.23963 2.93651
0.306 1.3338 3.15017
0.307 1.42311 3.3535
0.308 1.50732 3.54589
0.309 1.58618 3.72674
0.31 1.65947 3.8955
0.311 1.72701 4.05167
0.312 1.7886 4.19478
0.313 1.84411 4.32437
0.314 1.89338 4.44007
0.315 1.93632 4.54152
0.316 1.97284 4.62842
0.317 2.00287 4.70051
0.318 2.02637 4.75757
0.319 2.04333 4.79944
0.32 2.05374 4.82601
0.321 2.05765 4.83719
0.322 2.0551 4.83298
0.323 2.04618 4.8134
0.324 2.03098 4.77853
0.325 2.00963 4.7285
0.326 1.98227 4.66349
0.327 1.94907 4.58373
0.328 1.91022 4.48949
0.329 1.86591 4.38111
0.33 1.81639 4.25895
0.331 1.76189 4.12343
0.332 1.70267 3.97502
0.333 1.63902 3.81424
0.334 1.57123 3.64164
0.335 1.4996 3.4578
0.336 1.42446 3.26338
0.337 1.34613 3.05903
0.338 1.26496 2.84548
0.339 1.18131 2.62347
0.34 1.09552 2.39377
0.341 1.00796 2.1572
0.342 0.91901 1.91458
0.343 0.829034 1.66677
0.344 0.738409 1.41467
0.345 0.64751 1.15915
0.346 0.556711 0.901148
0.347 0.466386 0.641583
0.348 0.376903 0.381396
0.349 0.288625 0.121532
0.35 0.201909 -0.137058
0.351 0.117106 -0.393426
0.352 0.034555 -0.646624
0.353 -0.0454124 -0.895712
0.354 -0.122477 -1.13976
0.355 -0.196334 -1.37785
0.356 -0.266687 -1.60908
0.357 -0.333261 -1.83257
0.358 -0.39579 -2.04746
0.359 -0.45403 -2.25291
0.36 -0.507749 -2.44813
0.361 -0.556738 -2.63235
0.362 -0.600803 -2.80483
0.363 -0.639772 -2.96487
0.364 -0.673489 -3.11182
0.365 -0.701823 -3.24508
0.366 -0.724659 -3.36407
0.367 -0.741908 -3.46829
0.368 -0.753497 -3.55727
0.369 -0.759378 -3.6306
0.37 -0.759523 -3.68793
0.371 -0.753925 -3.72896
0.372 -0.742598 -3.75346
0.373 -0.725578 -3.76124
0.374 -0.702922 -3.7522
0.375 -0.674706 -3.72628
0.376 -0.641028 -3.68348
0.377 -0.602004 -3.62389
0.378 -0.55777 -3.54762
0.379 -0.50848 -3.45489
0.38 -0.454306 -3.34596
0.381 -0.395439 -3.22114
0.382 -0.332082 -3.08082
0.383 -0.264459 -2.92546
0.384 -0.192805 -2.75555
0.385 -0.11737 -2.57165
0.386 -0.0384169 -2.37439
0.387 0.0437792 -2.16443
0.388 0.128932 -1.9425
0.389 0.216747 -1.70938
0.39 0.306919 -1.46587
0.391 0.399135 -1.21285
0.392 0.493077 -0.951218
0.393 0.58842 -0.681908
0.394 0.684834 -0.405896
0.395 0.781988 -0.124185
0.396 0.879547 0.162194
0.397 0.977175 0.452191
0.398 1.07454 0.744735
0.399 1.1713 1.03874
0.4 1.26712 1.33312
0.401 1.36169 1.62676
0.402 1.45466 1.91857
0.403 1.54573 2.20744
0.404 1.63458 2.49229
0.405 1.72091 2.77204
0.406 1.80441 3.0456
0.407 1.8848 3.31196
0.408 1.96181 3.57007
0.409 2.03515 3.81894
0.41 2.10459 4.05763
0.411 2.16987 4.28519
0.412 2.23076 4.50074
0.413 2.28706 4.70345
0.414 2.33855 4.89251
0.415 2.38506 5.06718
0.416 2.42641 5.22677
0.417 2.46244 5.37064
0.418 2.49302 5.4982
0.419 2.51803 5.60895
0.42 2.53736 5.70242
0.421 2.55093 5.77824
0.422 2.55867 5.83606
0.423 2.56052 5.87564
0.424 2.55645 5.89679
0.425 2.54645 5.89939
0.426 2.53052 5.88339
0.427 2.50868 5.84882
0.428 2.48097 5.79577
0.429 2.44744 5.7244
0.43 2.40817 5.63494
0.431 2.36325 5.5277
0.432 2.31279 5.40303
0.433 2.25691 5.26137
0.434 2.19575 5.10321
0.435 2.12947 4.92912
0.436 2.05823 4.73971
0.437 1.98224 4.53565
0.438 1.90168 4.31767
0.439 1.81677 4.08655
0.44 1.72774 3.84311
0.441 1.63482 3.58823
0.442 1.53827 3.32281
0.443 1.43835 3.04781
0.444 1.33533 2.7642
0.445 1.2295 2.473
0.446 1.12112 2.17525
0.447 1.01052 1.87199
0.448 0.897979 1.56431
0.449 0.783816 1.2533
0.45 0.668342 0.940039
0.451 0.551872 0.625639
0.452 0.434726 0.311196
0.453 0.317226 -0.00219758
0.454 0.199692 -0.313456
0.455 0.0824472 -0.621508
0.456 -0.0341887 -0.925299
0.457 -0.149898 -1.2238
0.458 -0.264364 -1.51599
0.459 -0.377278 -1.80091
0.46 -0.488333 -2.07761
0.461 -0.597229 -2.34517
0.462 -0.703674 -2.60274
0.463 -0.807384 -2.84947
0.464 -0.908083 -3.0846
0.465 -1.0055 -3.30739
0.466 -1.09939 -3.51716
0.467 -1.18951 -3.71329
0.468 -1.27561 -3.8952
0.469 -1.35749 -4.06238
0.47 -1.43494 -4.21437
0.471 -1.50776 -4.35078
0.472 -1.57579 -4.47127
0.473 -1.63887 -4.57557
0.474 -1.69684 -4.66348
0.475 -1.74959 -4.73485
0.476 -1.797 -4.78959
0.477 -1.83899 -4.82769
0.478 -1.87548 -4.84918
0.479 -1.9064 -4.85416
0.48 -1.93174 -4.84282
0.481 -1.95146 -4.81535
0.482 -1.96557 -4.77206
0.483 -1.97409 -4.71327
0.484 -1.97705 -4.63938
0.485 -1.97451 -4.55083
0.486 -1.96654 -4.44812
0.487 -1.95324 -4.33179
0.488 -1.93472 -4.20243
0.489 -1.9111 -4.06067
0.49 -1.88254 -3.90717
0.491 -1.84918 -3.74266
0.492 -1.81121 -3.56787
0.493 -1.76883 -3.38356
0.494 -1.72223 -3.19055
0.495 -1.67165 -2.98965
0.496 -1.61732 -2.7817
0.497 -1.55948 -2.56757
0.498 -1.4984 -2.34814
0.499 -1.43434 -2.12428
0.5 -1.36759 -1.89689
0.501 -1.29843 -1.66686
0.502 -1.22717 -1.4351
0.503 -1.1541 -1.20249
0.504 -1.07953 -0.969917
0.505 -1.00378 -0.73826
0.506 -0.927154 -0.508382
0.507 -0.849981 -0.28113
0.508 -0.772576 -0.0573352
0.509 -0.695257 0.162196
0.51 -0.618342 0.376681
0.511 -0.542145 0.585362
0.512 -0.466977 0.787512
0.513 -0.393141 0.982434
0.514 -0.320939 1.16947
0.515 -0.25066 1.34799
0.516 -0.182589 1.5174
0.517 -0.117 1.67715
0.518 -0.0541539 1.82675
0.519 0.00569636 1.9657
0.52 0.0623122 2.0936
0.521 0.115468 2.21006
0.522 0.164954 2.31475
0.523 0.210573 2.40737
0.524 0.252145 2.48768
0.525 0.289508 2.55548
0.526 0.322515 2.61062
0.527 0.351039 2.653
0.528 0.374968 2.68254
0.529 0.394211 2.69925
0.53 0.408698 2.70315
0.531 0.418373 2.69431
0.532 0.423204 2.67286
0.533 0.423177 2.63896
0.534 0.418298 2.59281
0.535 0.40859 2.53466
0.536 0.3941 2.4648
0.537 0.374891 2.38354
0.538 0.351046 2.29126
0.539 0.322665 2.18833
0.54 0.289868 2.07519
0.541 0.252793 1.9523
0.542 0.211592 1.82016
0.543 0.166436 1.67926
0.544 0.117512 1.53017
0.545 0.0650194 1.37344
0.546 0.00917369 1.20966
0.547 -0.0497975 1.03945
0.548 -0.111654 0.863427
0.549 -0.176145 0.682233
0.55 -0.243008 0.496522
0.551 -0.311974 0.30696
0.552 -0.382764 0.114222
0.553 -0.455093 -0.0810128
0.554 -0.52867 -0.278058
0.555 -0.6032 -0.476228
0.556 -0.678385 -0.674834
0.557 -0.753924 -0.873191
0.558 -0.829516 -1.07062
0.559 -0.904859 -1.26644
0.56 -0.979656 -1.46
0.561 -1.05361 -1.65063
0.562 -1.12642 -1.83769
0.563 -1.19782 -2.02056
0.564 -1.2675 -2.19862
0.565 -1.33521 -2.37128
0.566 -1.40067 -2.53796
0.567 -1.46364 -2.69811
0.568 -1.52385 -2.85119
0.569 -1.58108 -2.99672
0.57 -1.63511 -3.1342
0.571 -1.68572 -3.26318
0.572 -1.73273 -3.38325
0.573 -1.77594 -3.494
0.574 -1.81519 -3.59508
0.575 -1.85033 -3.68615
0.576 -1.88123 -3.76693
0.577 -1.90776 -3.83715
0.578 -1.92983 -3.89657
0.579 -1.94735 -3.94501
0.58 -1.96024 -3.98231
0.581 -1.96847 -4.00836
0.582 -1.97199 -4.02306
0.583 -1.97079 -4.02636
0.584 -1.96487 -4.01827
0.585 -1.95425 -3.99881
0.586 -1.93897 -3.96803
0.587 -1.91907 -3.92605
0.588 -1.89463 -3.873
0.589 -1.86572 -3.80904
0.59 -1.83245 -3.7344
0.591 -1.79493 -3.64931
0.592 -1.75328 -3.55405
0.593 -1.70765 -3.44892
0.594 -1.65819 -3.33428
0.595 -1.60506 -3.2105
0.596 -1.54844 -3.07797
0.597 -1.48852 -2.93713
0.598 -1.42549 -2.78843
0.599 -1.35956 -2.63237
0.6 -1.29094 -2.46945
0.601 -1.21985 -2.3002
0.602 -1.1465 -2.12517
0.603 -1.07114 -1.94493
0.604 -0.993995 -1.76007
0.605 -0.915298 -1.57119
0.606 -0.835291 -1.3789
0.607 -0.75421 -1.18384
0.608 -0.672296 -0.986624
0.609 -0.589787 -0.787907
0.61 -0.506919 -0.588328
0.611 -0.423926 -0.388536
0.612 -0.341038 -0.189176
0.613 -0.258482 0.00910906
0.614 -0.176478 0.205679
0.615 -0.095242 0.399904
0.616 -0.0149821 0.59116
0.617 0.0641002 0.778839
0.618 0.141811 0.962343
0.619 0.217965 1.14109
0.62 0.292387 1.31453
0.621 0.364909 1.48211
0.622 0.435374 1.64331
0.623 0.503637 1.79765
0.624 0.56956 1.94465
0.625 0.633018 2.08387
0.626 0.693898 2.21491
0.627 0.752097 2.33739
0.628 0.807522 2.45096
0.629 0.860096 2.55531
0.63 0.909748 2.65017
0.631 0.956424 2.7353
0.632 1.00008 2.8105
0.633 1.04067 2.8756
0.634 1.07819 2.93048
0.635 1.11261 2.97507
0.636 1.14395 3.00931
0.637 1.1722 3.0332
0.638 1.19739 3.04678
0.639 1.21955 3.05012
0.64 1.23871 3.04334
0.641 1.25493 3.02661
0.642 1.26827 3.0001
0.643 1.27878 2.96406
0.644 1.28654 2.91875
0.645 1.29163 2.86448
0.646 1.29414 2.80158
0.647 1.29417 2.73044
0.648 1.29181 2.65144
0.649 1.28716 2.56503
0.65 1.28034 2.47167
0.651 1.27146 2.37184
0.652 1.26063 2.26605
0.653 1.24798 2.15484
0.654 1.23363 2.03876
0.655 1.2177 1.91837
0.656 1.20032 1.79426
0.657 1.18162 1.66703
0.658 1.16173 1.53727
0.659 1.14076 1.40561
0.66 1.11886 1.27264
0.661 1.09614 1.139
0.662 1.07274 1.00529
0.663 1.04877 0.87212
0.664 1.02435 0.740099
0.665 0.999618 0.609819
0.666 0.974674 0.481863
0.667 0.949636 0.356796
0.668 0.924613 0.235169
0.669 0.899711 0.117512
0.67 0.875033 0.00433419
0.671 0.850676 -0.103881
0.672 0.826735 -0.206674
0.673 0.803297 -0.303617
0.674 0.780447 -0.394309
0.675 0.758265 -0.478382
0.676 0.736824 -0.555501
0.677 0.716194 -0.625367
0.678 0.696439 -0.687716
0.679 0.677617 -0.742321
0.68 0.659781 -0.788994
0.681 0.64298 -0.827583
0.682 0.627256 -0.857978
0.683 0.612645 -0.880108
0.684 0.599181 -0.893941
0.685 0.58689 -0.899484
0.686 0.575793 -0.896786
0.687 0.565906 -0.885931
0.688 0.55724 -0.867045
0.689 0.549802 -0.84029
0.69 0.543592 -0.805864
0.691 0.538607 -0.764002
0.692 0.534839 -0.714971
0.693 0.532274 -0.659074
0.694 0.530896 -0.596642
0.695 0.530683 -0.528035
0.696 0.531609 -0.453644
0.697 0.533645 -0.37388
0.698 0.536757 -0.289183
0.699 0.540909 -0.200009
0.7 0.546059 -0.106835
0.701 0.552165 -0.0101528
0.702 0.55918 0.0895305
0.703 0.567053 0.191698
0.704 0.575733 0.295825
0.705 0.585164 0.401379
0.706 0.59529 0.507825
0.707 0.606051 0.61463
0.708 0.617387 0.72126
0.709 0.629233 0.827187
0.71 0.641526 0.931889
0.711 0.6542 1.03486
0.712 0.667189 1.13559
0.713 0.680425 1.23361
0.714 0.693839 1.32844
0.715 0.707363 1.41964
0.716 0.720928 1.50678
0.717 0.734464 1.58945
0.718 0.747905 1.66729
0.719 0.76118 1.73993
0.72 0.774222 1.80706
0.721 0.786965 1.86838
0.722 0.799343 1.92362
0.723 0.811291 1.97256
0.724 0.822745 2.01499
0.725 0.833645 2.05076
0.726 0.843931 2.07974
0.727 0.853545 2.10181
0.728 0.862432 2.11694
0.729 0.870539 2.12508
0.73 0.877815 2.12625
0.731 0.884213 2.12048
0.732 0.889689 2.10786
0.733 0.894201 2.08848
0.734 0.897709 2.0625
0.735 0.90018 2.03007
0.736 0.901581 1.99141
0.737 0.901885 1.94674
0.738 0.901067 1.89632
0.739 0.899106 1.84042
0.74 0.895986 1.77936
0.741 0.891694 1.71346
0.742 0.88622 1.64306
0.743 0.879561 1.56854
0.744 0.871714 1.49028
0.745 0.862683 1.40866
0.746 0.852475 1.32409
0.747 0.8411 1.237
0.748 0.828574 1.1478
0.749 0.814914 1.05692
0.75 0.800143 0.964794
0.751 0.784287 0.871849
0.752 0.767375 0.778515
0.753 0.749441 0.685215
0.754 0.730519 0.592369
0.755 0.710649 0.500385
0.756 0.689873 0.409663
0.757 0.668235 0.320589
0.758 0.645782 0.233536
0.759 0.622563 0.14886
0.76 0.59863 0.0668984
0.761 0.574036 -0.012029
0.762 0.548835 -0.0876245
0.763 0.523082 -0.159612
0.764 0.496834 -0.22774
0.765 0.470149 -0.29178
0.766 0.443084 -0.351529
0.767 0.415697 -0.406811
0.768 0.388046 -0.457477
0.769 0.360187 -0.503404
0.77 0.332177 -0.544497
0.771 0.304071 -0.58069
0.772 0.275923 -0.611943
0.773 0.247786 -0.638246
0.774 0.21971 -0.659613
0.775 0.191742 -0.676089
0.776 0.16393 -0.687742
0.777 0.136316 -0.694669
0.778 0.10894 -0.696989
0.779 0.0818414 -0.694848
0.78 0.0550527 -0.688413
0.781 0.0286053 -0.677875
0.782 0.00252629 -0.663442
0.783 -0.0231606 -0.645345
0.784 -0.0484354 -0.623832
0.785 -0.0732823 -0.599166
0.786 -0.0976891 -0.571627
0.787 -0.121648 -0.541506
0.788 -0.145153 -0.509108
0.789 -0.168207 -0.474744
0.79 -0.19081 -0.438738
0.791 -0.212972 -0.401415
0.792 -0.234703 -0.36311
0.793 -0.256018 -0.324155
0.794 -0.276934 -0.284888
0.795 -0.297473 -0.245642
0.796 -0.31766 -0.20675
0.797 -0.337522 -0.16854
0.798 -0.357089 -0.131333
0.799 -0.376392 -0.0954441
0.8 -0.395467 -0.0611781
0.801 -0.414349 -0.0288294
0.802 -0.433076 0.00131975
0.803 -0.451686 0.0290005
0.804 -0.470219 0.0539587
0.805 -0.488715 0.0759561
0.806 -0.507214 0.0947715
0.807 -0.525755 0.110201
0.808 -0.544377 0.122062
0.809 -0.563118 0.130187
0.81 -0.582016 0.134434
0.811 -0.601104 0.134677
0.812 -0.620414 0.130816
0.813 -0.639978 0.122769
0.814 -0.659823 0.110479
0.815 -0.679972 0.0939082
0.816 -0.700446 0.073043
0.817 -0.721262 0.0478913
0.818 -0.742432 0.018483
0.819 -0.763965 -0.0151302
0.82 -0.785865 -0.0528756
0.821 -0.80813 -0.0946593
0.822 -0.830754 -0.140367
0.823 -0.853726 -0.189866
0.824 -0.877031 -0.243001
0.825 -0.900645 -0.299604
0.826 -0.924541 -0.359485
0.827 -0.948688 -0.422439
0.828 -0.973047 -0.488246
0.829 -0.997574 -0.556671
0.83 -1.02222 -0.627467
0.831 -1.04693 -0.700373
0.832 -1.07165 -0.775119
0.833 -1.09632 -0.851421
0.834 -1.12085 -0.928992
0.835 -1.14519 -1.00753
0.836 -1.16925 -1.08674
0.837 -1.19296 -1.16631
0.838 -1.21623 -1.24593
0.839 -1.23897 -1.32528
0.84 -1.26109 -1.40405
0.841 -1.2825 -1.48193
0.842 -1.30311 -1.55859
0.843 -1.32282 -1.63374
0.844 -1.34154 -1.70706
0.845 -1.35918 -1.77825
0.846 -1.37562 -1.84702
0.847 -1.39079 -1.91308
0.848 -1.40458 -1.97615
0.849 -1.41691 -2.03596
0.85 -1.42769 -2.09225
0.851 -1.43683 -2.14476
0.852 -1.44425 -2.19328
0.853 -1.44986 -2.23756
0.854 -1.45361 -2.2774
0.855 -1.45542 -2.31261
0.856 -1.45522 -2.34301
0.857 -1.45296 -2.36843
0.858 -1.44859 -2.38873
0.859 -1.44207 -2.40377
0.86 -1.43336 -2.41345
0.861 -1.42244 -2.41767
0.862 -1.40928 -2.41634
0.863 -1.39388 -2.40942
0.864 -1.37622 -2.39687
0.865 -1.35633 -2.37866
0.866 -1.3342 -2.35479
0.867 -1.30988 -2.32528
0.868 -1.28338 -2.29017
0.869 -1.25476 -2.24951
0.87 -1.22407 -2.20337
0.871 -1.19137 -2.15186
0.872 -1.15672 -2.09508
0.873 -1.12021 -2.03316
0.874 -1.08193 -1.96625
0.875 -1.04198 -1.89451
0.876 -1.00045 -1.81814
0.877 -0.957465 -1.73733
0.878 -0.913142 -1.65229
0.879 -0.867608 -1.56326
0.88 -0.820997 -1.47049
0.881 -0.773449 -1.37423
0.882 -0.72511 -1.27477
0.883 -0.676129 -1.17238
0.884 -0.626662 -1.06738
0.885 -0.576867 -0.960065
0.886 -0.526904 -0.850766
0.887 -0.476938 -0.739813
0.888 -0.427133 -0.627547
0.889 -0.377656 -0.514315
0.89 -0.328672 -0.400474
0.891 -0.280347 -0.286382
0.892 -0.232845 -0.172404
0.893 -0.186328 -0.05891
0.894 -0.140955 0.0537309
0.895 -0.0968811 0.165147
0.896 -0.0542575 0.274966
0.897 -0.0132303 0.38282
0.898 0.0260607 0.48834
0.899 0.0634815 0.591163
0.9 0.0989058 0.69093
0.901 0.132215 0.78729
0.902 0.163298 0.879898
0.903 0.192054 0.96842
0.904 0.218391 1.05253
0.905 0.242226 1.13191
0.906 0.263488 1.20627
0.907 0.282116 1.27531
0.908 0.29806 1.33877
0.909 0.311282 1.39639
0.91 0.321755 1.44794
0.911 0.329463 1.49318
0.912 0.334406 1.53194
0.913 0.33659 1.56402
0.914 0.336039 1.58927
0.915 0.332785 1.60756
0.916 0.326874 1.61878
0.917 0.318364 1.62284
0.918 0.307323 1.61969
0.919 0.293834 1.60929
0.92 0.277987 1.59164
0.921 0.259885 1.56674
0.922 0.239642 1.53467
0.923 0.217381 1.49548
0.924 0.193235 1.44928
0.925 0.167346 1.3962
0.926 0.139863 1.33641
0.927 0.110946 1.27009
0.928 0.0807596 1.19746
0.929 0.0494752 1.11876
0.93 0.0172707 1.03427
0.931 -0.0156714 0.944267
0.932 -0.0491642 0.849092
0.933 -0.0830172 0.749088
0.934 -0.117038 0.644628
0.935 -0.15103 0.536108
0.936 -0.184799 0.423946
0.937 -0.218148 0.30858
0.938 -0.250881 0.190469
0.939 -0.282804 0.0700882
0.94 -0.313726 -0.0520688
0.941 -0.343456 -0.175495
0.942 -0.37181 -0.299671
0.943 -0.398608 -0.424065
0.944 -0.423674 -0.548136
0.945 -0.44684 -0.671337
0.946 -0.467943 -0.793117
0.947 -0.486828 -0.912919
0.948 -0.50335 -1.03019
0.949 -0.517371 -1.14437
0.95 -0.528761 -1.25491
0.951 -0.537404 -1.36128
0.952 -0.543191 -1.46292
0.953 -0.546025 -1.55933
0.954 -0.54582 -1.64998
0.955 -0.542503 -1.73439
0.956 -0.536011 -1.81207
0.957 -0.526294 -1.88257
0.958 -0.513315 -1.94545
0.959 -0.497049 -2.00031
0.96 -0.477484 -2.04676
0.961 -0.454621 -2.08444
0.962 -0.428474 -2.11304
0.963 -0.399069 -2.13226
0.964 -0.366445 -2.14185
0.965 -0.330655 -2.14157
0.966 -0.291761 -2.13126
0.967 -0.249842 -2.11076
0.968 -0.204984 -2.07997
0.969 -0.157288 -2.03882
0.97 -0.106866 -1.98729
0.971 -0.0538387 -1.9254
0.972 0.00166079 -1.85322
0.973 0.0594902 -1.77084
0.974 0.119498 -1.67842
0.975 0.181523 -1.57614
0.976 0.245396 -1.46426
0.977 0.31094 -1.34303
0.978 0.377973 -1.21279
0.979 0.446303 -1.07389
0.98 0.515734 -0.926732
0.981 0.586066 -0.771763
0.982 0.657092 -0.60946
0.983 0.728604 -0.440335
0.984 0.800389 -0.264939
0.985 0.872233 -0.0838535
0.986 0.94392 0.10231
0.987 1.01523 0.292911
0.988 1.08596 0.487282
0.989 1.15587 0.684735
0.99 1.22477 0.88456
0.991 1.29243 1.08603
0.992 1.35865 1.28839
0.993 1.42323 1.4909
0.994 1.48595 1.6928
0.995 1.54662 1.8933
0.996 1.60506 2.09163
0.997 1.66107 2.28703
0.998 1.71448 2.47873
0.999 1.76511 2.66596
1 1.81281 2.84797
