0.001 3.06606e-008 1.99205e-009
0.002 2.83091e-007 1.60079e-008
0.003 1.35135e-006 6.64954e-008
0.004 4.52394e-006 1.95443e-007
0.005 1.20758e-005 4.64678e-007
0.006 2.75509e-005 9.59778e-007
0.007 5.60323e-005 1.79604e-006
0.008 0.000104398 3.12691e-006
0.009 0.00018156 5.15533e-006
0.01 0.000298683 8.14822e-006
0.011 0.000469382 1.24546e-005
0.012 0.000709898 1.85276e-005
0.013 0.00103924 2.695e-005
0.014 0.00147933 3.84651e-005
0.015 0.00205506 5.40108e-005
0.016 0.00279438 7.47588e-005
0.017 0.00372833 0.000102158
0.018 0.00489104 0.000137983
0.019 0.00631969 0.000184386
0.02 0.00805444 0.000243953
0.021 0.0101384 0.000319765
0.022 0.0126173 0.000415463
0.023 0.0155396 0.000535313
0.024 0.0189561 0.00068428
0.025 0.0229199 0.000868098
0.026 0.0274858 0.00109335
0.027 0.0327103 0.00136754
0.028 0.0386513 0.00169917
0.029 0.0453676 0.00209783
0.03 0.0529186 0.00257426
0.031 0.0613638 0.00314042
0.032 0.0707625 0.00380961
0.033 0.0811736 0.00459648
0.034 0.0926546 0.00551714
0.035 0.105262 0.00658921
0.036 0.119049 0.00783187
0.037 0.134067 0.00926595
0.038 0.150366 0.0109139
0.039 0.16799 0.0128
0.04 0.186979 0.0149501
0.041 0.207372 0.0173918
0.042 0.229199 0.0201548
0.043 0.252487 0.02327
0.044 0.277256 0.0267707
0.045 0.303521 0.0306913
0.046 0.331289 0.0350684
0.047 0.36056 0.0399399
0.048 0.391328 0.0453455
0.049 0.423579 0.0513262
0.05 0.457288 0.0579246
0.051 0.492426 0.0651843
0.052 0.528954 0.0731504
0.053 0.566822 0.0818689
0.054 0.605974 0.0913864
0.055 0.646344 0.101751
0.056 0.687858 0.113009
0.057 0.730432 0.125211
0.058 0.773972 0.138404
0.059 0.818379 0.152637
0.06 0.86354 0.167958
0.061 0.909339 0.184413
0.062 0.955649 0.202049
0.063 1.00233 0.220911
0.064 1.04925 0.241043
0.065 1.09626 0.262486
0.066 1.14319 0.285281
0.067 1.18989 0.309464
0.068 1.23619 0.335071
0.069 1.28192 0.362131
0.07 1.3269 0.390675
0.071 1.37096 0.420726
0.072 1.4139 0.452303
0.073 1.45554 0.485425
0.074 1.4957 0.520101
0.075 1.53419 0.556338
0.076 1.57082 0.594136
0.077 1.60542 0.633492
0.078 1.63778 0.674395
0.079 1.66775 0.716828
0.08 1.69513 0.760767
0.081 1.71976 0.806184
0.082 1.74147 0.853042
0.083 1.76011 0.901296
0.084 1.77553 0.950896
0.085 1.78757 1.00178
0.086 1.79612 1.05389
0.087 1.80104 1.10715
0.088 1.80223 1.16148
0.089 1.79958 1.21678
0.09 1.79301 1.27296
0.091 1.78246 1.32993
0.092 1.76784 1.38756
0.093 1.74914 1.44573
0.094 1.7263 1.50432
0.095 1.69933 1.5632
0.096 1.66823 1.62223
0.097 1.63301 1.68125
0.098 1.59371 1.74011
0.099 1.55039 1.79866
0.1 1.50312 1.85672
0.101 1.45198 1.91413
0.102 1.39709 1.97071
0.103 1.33856 2.02627
0.104 1.27655 2.08063
0.105 1.2112 2.13361
0.106 1.1427 2.18502
0.107 1.07123 2.23465
0.108 0.997008 2.28231
0.109 0.920254 2.32782
0.11 0.841207 2.37096
0.111 0.760118 2.41156
0.112 0.677253 2.4494
0.113 0.592892 2.4843
0.114 0.507324 2.51607
0.115 0.420848 2.54452
0.116 0.333776 2.56946
0.117 0.246426 2.59073
0.118 0.159122 2.60815
0.119 0.0721963 2.62155
0.12 -0.0140154 2.63078
0.121 -0.0991738 2.63568
0.122 -0.182938 2.63612
0.123 -0.264966 2.63197
0.124 -0.344918 2.6231
0.125 -0.422455 2.6094
0.126 -0.497243 2.59079
0.127 -0.568953 2.56716
0.128 -0.637263 2.53847
0.129 -0.701859 2.50464
0.13 -0.762437 2.46563
0.131 -0.818705 2.42141
0.132 -0.870383 2.37198
0.133 -0.917205 2.31734
0.134 -0.958921 2.2575
0.135 -0.995297 2.19251
0.136 -1.02612 2.12242
0.137 -1.05119 2.04729
0.138 -1.07033 1.96722
0.139 -1.0834 1.88232
0.14 -1.09025 1.7927
0.141 -1.09078 1.69851
0.142 -1.08491 1.5999
0.143 -1.07258 1.49706
0.144 -1.05375 1.39018
0.145 -1.02842 1.27946
0.146 -0.996607 1.16513
0.147 -0.958363 1.04744
0.148 -0.91376 0.926637
0.149 -0.8629 0.803003
0.15 -0.805913 0.676822
0.151 -0.742956 0.548396
0.152 -0.674212 0.418038
0.153 -0.599893 0.286074
0.154 -0.520236 0.152841
0.155 -0.435503 0.0186871
0.156 -0.345984 -0.116032
0.157 -0.251989 -0.25095
0.158 -0.153854 -0.385697
0.159 -0.0519379 -0.519894
0.16 0.0533814 -0.653159
0.161 0.161705 -0.785107
0.162 0.272616 -0.915349
0.163 0.385679 -1.0435
0.164 0.500446 -1.16916
0.165 0.616452 -1.29196
0.166 0.733222 -1.4115
0.167 0.850269 -1.52741
0.168 0.967098 -1.63932
0.169 1.08321 -1.74686
0.17 1.1981 -1.84967
0.171 1.31125 -1.94741
0.172 1.42216 -2.03975
0.173 1.53032 -2.12636
0.174 1.63522 -2.20693
0.175 1.73638 -2.28117
0.176 1.83328 -2.34881
0.177 1.92547 -2.40959
0.178 2.01246 -2.46328
0.179 2.0938 -2.50964
0.18 2.16905 -2.5485
0.181 2.2378 -2.57967
0.182 2.29964 -2.603
0.183 2.35419 -2.61836
0.184 2.40111 -2.62567
0.185 2.44005 -2.62483
0.186 2.47072 -2.61579
0.187 2.49284 -2.59855
0.188 2.50617 -2.57309
0.189 2.5105 -2.53945
0.19 2.50566 -2.4977
0.191 2.49148 -2.44791
0.192 2.46787 -2.3902
0.193 2.43476 -2.32472
0.194 2.39209 -2.25164
0.195 2.33987 -2.17116
0.196 2.27815 -2.08349
0.197 2.20698 -1.9889
0.198 2.12649 -1.88766
0.199 2.03683 -1.78008
0.2 1.93818 -1.66649
0.201 1.83077 -1.54723
0.202 1.71486 -1.42269
0.203 1.59075 -1.29326
0.204 1.45877 -1.15936
0.205 1.3193 -1.02143
0.206 1.17274 -0.879911
0.207 1.01951 -0.73529
0.208 0.860093 -0.588049
0.209 0.694974 -0.438688
0.21 0.524678 -0.287721
0.211 0.349754 -0.135668
0.212 0.170773 0.0169374
0.213 -0.0116698 0.169559
0.214 -0.196962 0.321654
0.215 -0.384471 0.472677
0.216 -0.57355 0.622081
0.217 -0.763542 0.76932
0.218 -0.953775 0.913853
0.219 -1.14357 1.05514
0.22 -1.33225 1.19265
0.221 -1.51913 1.32586
0.222 -1.70352 1.45427
0.223 -1.88474 1.57736
0.224 -2.06212 1.69466
0.225 -2.23498 1.80569
0.226 -2.40268 1.91001
0.227 -2.56456 2.00719
0.228 -2.72001 2.09682
0.229 -2.86841 2.17851
0.23 -3.00919 2.2519
0.231 -3.14177 2.31666
0.232 -3.26563 2.37247
0.233 -3.38027 2.41908
0.234 -3.48519 2.45622
0.235 -3.57998 2.48368
0.236 -3.66421 2.50127
0.237 -3.73753 2.50886
0.238 -3.7996 2.50631
0.239 -3.85014 2.49356
0.24 -3.8889 2.47054
0.241 -3.91567 2.43727
0.242 -3.9303 2.39375
0.243 -3.93267 2.34005
0.244 -3.92272 2.27627
0.245 -3.90043 2.20255
0.246 -3.86583 2.11905
0.247 -3.81898 2.02598
0.248 -3.76002 1.92359
0.249 -3.68911 1.81213
0.25 -3.60647 1.69194
0.251 -3.51237 1.56334
0.252 -3.40711 1.4267
0.253 -3.29105 1.28244
0.254 -3.16459 1.13099
0.255 -3.02817 0.972796
0.256 -2.88227 0.808357
0.257 -2.72741 0.638181
0.258 -2.56415 0.462802
0.259 -2.39309 0.282776
0.26 -2.21485 0.0986789
0.261 -2.0301 -0.0888983
0.262 -1.83953 -0.279348
0.263 -1.64384 -0.472049
0.264 -1.44378 -0.66637
0.265 -1.24011 -0.86167
0.266 -1.03361 -1.0573
0.267 -0.825055 -1.25262
0.268 -0.615266 -1.44696
0.269 -0.405052 -1.63968
0.27 -0.19523 -1.83013
0.271 0.0133788 -2.01766
0.272 0.219954 -2.20164
0.273 0.42368 -2.38144
0.274 0.623748 -2.55644
0.275 0.81936 -2.72606
0.276 1.00973 -2.8897
0.277 1.1941 -3.04679
0.278 1.37172 -3.19681
0.279 1.54186 -3.33923
0.28 1.70384 -3.47355
0.281 1.85697 -3.59931
0.282 2.00064 -3.71607
0.283 2.13423 -3.82342
0.284 2.25719 -3.92099
0.285 2.36899 -4.00843
0.286 2.46915 -4.08544
0.287 2.55724 -4.15175
0.288 2.63287 -4.20712
0.289 2.6957 -4.25135
0.29 2.74543 -4.2843
0.291 2.78183 -4.30584
0.292 2.8047 -4.3159
0.293 2.81391 -4.31444
0.294 2.80939 -4.30146
0.295 2.7911 -4.27702
0.296 2.75908 -4.24119
0.297 2.71341 -4.1941
0.298 2.65422 -4.13592
0.299 2.58172 -4.06686
0.3 2.49616 -3.98717
0.301 2.39783 -3.89711
0.302 2.2871 -3.79702
0.303 2.16437 -3.68724
0.304 2.0301 -3.56818
0.305 1.88479 -3.44024
0.306 1.729 -3.30389
0.307 1.56332 -3.15962
0.308 1.38839 -3.00792
0.309 1.2049 -2.84935
0.31 1.01356 -2.68446
0.311 0.81513 -2.51384
0.312 0.610382 -2.33809
0.313 0.400136 -2.15784
0.314 0.18523 -1.97372
0.315 -0.0334754 -1.78638
0.316 -0.255099 -1.59648
0.317 -0.478744 -1.4047
0.318 -0.703503 -1.2117
0.319 -0.92846 -1.01816
0.32 -1.15269 -0.824756
0.321 -1.37528 -0.632163
0.322 -1.5953 -0.44105
0.323 -1.81183 -0.252077
0.324 -2.02399 -0.0658964
0.325 -2.23087 0.116854
0.326 -2.4316 0.295552
0.327 -2.62534 0.469589
0.328 -2.81125 0.638381
0.329 -2.98854 0.801362
0.33 -3.15643 0.957994
0.331 -3.31421 1.10776
0.332 -3.46116 1.25018
0.333 -3.59664 1.38479
0.334 -3.72004 1.51118
0.335 -3.83078 1.62894
0.336 -3.92836 1.73774
0.337 -4.01231 1.83724
0.338 -4.08221 1.92717
0.339 -4.13771 2.00728
0.34 -4.17851 2.07737
0.341 -4.20435 2.13728
0.342 -4.21507 2.18688
0.343 -4.21053 2.2261
0.344 -4.19067 2.2549
0.345 -4.15549 2.27327
0.346 -4.10505 2.28126
0.347 -4.03946 2.27896
0.348 -3.95892 2.2665
0.349 -3.86365 2.24403
0.35 -3.75398 2.21176
0.351 -3.63025 2.16995
0.352 -3.49289 2.11887
0.353 -3.34237 2.05884
0.354 -3.17923 1.99022
0.355 -3.00405 1.91339
0.356 -2.81745 1.82878
0.357 -2.62012 1.73683
0.358 -2.41279 1.63802
0.359 -2.19623 1.53286
0.36 -1.97123 1.42188
0.361 -1.73866 1.30563
0.362 -1.49939 1.18468
0.363 -1.25431 1.05962
0.364 -1.00438 0.931058
0.365 -0.750536 0.799604
0.366 -0.493761 0.665886
0.367 -0.235041 0.53054
0.368 0.0246228 0.394204
0.369 0.284226 0.257518
0.37 0.542759 0.121122
0.371 0.799216 -0.014346
0.372 1.0526 -0.148256
0.373 1.30191 -0.279985
0.374 1.54617 -0.408922
0.375 1.78444 -0.53447
0.376 2.01576 -0.656047
0.377 2.23922 -0.773089
0.378 2.45395 -0.885056
0.379 2.6591 -0.991428
0.38 2.85386 -1.09171
0.381 3.03744 -1.18544
0.382 3.20914 -1.27218
0.383 3.36826 -1.35153
0.384 3.51418 -1.4231
0.385 3.64631 -1.48658
0.386 3.76413 -1.54164
0.387 3.86718 -1.58803
0.388 3.95505 -1.62552
0.389 4.02739 -1.65393
0.39 4.08393 -1.6731
0.391 4.12443 -1.68293
0.392 4.14875 -1.68336
0.393 4.1568 -1.67435
0.394 4.14856 -1.65594
0.395 4.12407 -1.62818
0.396 4.08345 -1.59116
0.397 4.02687 -1.54503
0.398 3.95459 -1.48998
0.399 3.8669 -1.42622
0.4 3.76419 -1.35401
0.401 3.6469 -1.27365
0.402 3.51551 -1.18547
0.403 3.3706 -1.08984
0.404 3.21277 -0.987163
0.405 3.04269 -0.877872
0.406 2.86109 -0.762429
0.407 2.66875 -0.641324
0.408 2.46646 -0.515074
0.409 2.25511 -0.384218
0.41 2.03558 -0.249317
0.411 1.80881 -0.110951
0.412 1.57578 0.0302847
0.413 1.33748 0.17378
0.414 1.09493 0.318914
0.415 0.849178 0.465057
0.416 0.601274 0.611574
0.417 0.352291 0.757828
0.418 0.103306 0.90318
0.419 -0.144604 1.04699
0.42 -0.390359 1.18864
0.421 -0.63289 1.3275
0.422 -0.871135 1.46295
0.423 -1.10405 1.5944
0.424 -1.33061 1.72127
0.425 -1.5498 1.843
0.426 -1.76067 1.95903
0.427 -1.96225 2.06886
0.428 -2.15366 2.172
0.429 -2.33402 2.26796
0.43 -2.5025 2.35633
0.431 -2.65835 2.4367
0.432 -2.80082 2.5087
0.433 -2.92926 2.572
0.434 -3.04304 2.6263
0.435 -3.14162 2.67135
0.436 -3.2245 2.70694
0.437 -3.29126 2.73288
0.438 -3.34153 2.74904
0.439 -3.37502 2.75533
0.44 -3.3915 2.75171
0.441 -3.39084 2.73817
0.442 -3.37293 2.71475
0.443 -3.33778 2.68154
0.444 -3.28545 2.63866
0.445 -3.21607 2.58628
0.446 -3.12986 2.52462
0.447 -3.02708 2.45393
0.448 -2.90809 2.3745
0.449 -2.77331 2.28668
0.45 -2.62323 2.19084
0.451 -2.4584 2.08738
0.452 -2.27944 1.97676
0.453 -2.08702 1.85946
0.454 -1.88189 1.73598
0.455 -1.66484 1.60687
0.456 -1.43671 1.47271
0.457 -1.19841 1.33408
0.458 -0.950881 1.1916
0.459 -0.695106 1.0459
0.46 -0.432114 0.897655
0.461 -0.162962 0.74752
0.462 0.111256 0.596179
0.463 0.389426 0.444323
0.464 0.67041 0.292648
0.465 0.953052 0.141854
0.466 1.23619 -0.00736068
0.467 1.51864 -0.154298
0.468 1.79923 -0.298268
0.469 2.07679 -0.43859
0.47 2.35015 -0.574592
0.471 2.61815 -0.705621
0.472 2.87966 -0.83104
0.473 3.13356 -0.950232
0.474 3.37875 -1.0626
0.475 3.61419 -1.16759
0.476 3.83884 -1.26465
0.477 4.05172 -1.35328
0.478 4.2519 -1.43301
0.479 4.43847 -1.50339
0.48 4.61059 -1.56403
0.481 4.76749 -1.61457
0.482 4.90844 -1.65469
0.483 5.03277 -1.68412
0.484 5.13987 -1.70262
0.485 5.22923 -1.71001
0.486 5.30038 -1.70615
0.487 5.35293 -1.69095
0.488 5.38657 -1.66437
0.489 5.40105 -1.62643
0.49 5.39622 -1.57717
0.491 5.37199 -1.5167
0.492 5.32836 -1.44519
0.493 5.26541 -1.36283
0.494 5.18327 -1.26988
0.495 5.0822 -1.16664
0.496 4.96248 -1.05345
0.497 4.82453 -0.930723
0.498 4.66878 -0.798884
0.499 4.49579 -0.658417
0.5 4.30616 -0.509843
0.501 4.10057 -0.353724
0.502 3.87976 -0.19066
0.503 3.64454 -0.0212815
0.504 3.3958 0.153744
0.505 3.13444 0.333721
0.506 2.86147 0.517927
0.507 2.57792 0.705615
0.508 2.28487 0.896014
0.509 1.98344 1.08834
0.51 1.67479 1.28179
0.511 1.36013 1.47554
0.512 1.04068 1.66878
0.513 0.717679 1.86067
0.514 0.392401 2.05038
0.515 0.066127 2.23709
0.516 -0.259855 2.41996
0.517 -0.584253 2.59818
0.518 -0.905777 2.77094
0.519 -1.22314 2.93745
0.52 -1.53508 3.09694
0.521 -1.84034 3.24866
0.522 -2.13768 3.39187
0.523 -2.42592 3.52588
0.524 -2.70387 3.65002
0.525 -2.97041 3.76365
0.526 -3.22445 3.86618
0.527 -3.46496 3.95704
0.528 -3.69093 4.03572
0.529 -3.90144 4.10175
0.53 -4.09561 4.15469
0.531 -4.27263 4.19417
0.532 -4.43176 4.21986
0.533 -4.57233 4.23148
0.534 -4.69373 4.22881
0.535 -4.79545 4.21167
0.536 -4.87703 4.17996
0.537 -4.93812 4.13362
0.538 -4.97842 4.07264
0.539 -4.99775 3.99709
0.54 -4.99597 3.90707
0.541 -4.97308 3.80276
0.542 -4.92911 3.68439
0.543 -4.86421 3.55224
0.544 -4.77861 3.40665
0.545 -4.67262 3.24803
0.546 -4.54665 3.0768
0.547 -4.40115 2.89349
0.548 -4.2367 2.69864
0.549 -4.05393 2.49284
0.55 -3.85356 2.27675
0.551 -3.63637 2.05105
0.552 -3.40323 1.81648
0.553 -3.15505 1.57381
0.554 -2.89283 1.32385
0.555 -2.61762 1.06743
0.556 -2.33053 0.805423
0.557 -2.03271 0.538731
0.558 -1.72537 0.268274
0.559 -1.40976 -0.00500961
0.56 -1.08715 -0.280161
0.561 -0.758882 -0.55621
0.562 -0.426283 -0.832178
0.563 -0.0907253 -1.10708
0.564 0.246409 -1.37993
0.565 0.583725 -1.64974
0.566 0.919826 -1.91554
0.567 1.25331 -2.17637
0.568 1.58279 -2.43125
0.569 1.90688 -2.67927
0.57 2.22422 -2.9195
0.571 2.53347 -3.15105
0.572 2.83332 -3.37307
0.573 3.12248 -3.58472
0.574 3.39973 -3.78521
0.575 3.66387 -3.97379
0.576 3.91374 -4.14974
0.577 4.14827 -4.31239
0.578 4.36642 -4.46111
0.579 4.56722 -4.59535
0.58 4.74976 -4.71458
0.581 4.91322 -4.81832
0.582 5.05683 -4.90619
0.583 5.17993 -4.97782
0.584 5.2819 -5.03292
0.585 5.36223 -5.07128
0.586 5.4205 -5.09271
0.587 5.45636 -5.09713
0.588 5.46955 -5.08448
0.589 5.45992 -5.0548
0.59 5.42739 -5.00818
0.591 5.37198 -4.94477
0.592 5.29381 -4.86478
0.593 5.19307 -4.7685
0.594 5.07008 -4.65628
0.595 4.9252 -4.52851
0.596 4.75891 -4.38567
0.597 4.57179 -4.22827
0.598 4.36447 -4.0569
0.599 4.13768 -3.87219
0.6 3.89225 -3.67483
0.601 3.62904 -3.46554
0.602 3.34903 -3.24512
0.603 3.05325 -3.01438
0.604 2.7428 -2.77421
0.605 2.41882 -2.52549
0.606 2.08256 -2.26918
0.607 1.73526 -2.00623
0.608 1.37825 -1.73765
0.609 1.01289 -1.46445
0.61 0.640573 -1.18769
0.611 0.262732 -0.908397
0.612 -0.119181 -0.627654
0.613 -0.503691 -0.346531
0.614 -0.88931 -0.0661028
0.615 -1.27454 0.212554
0.616 -1.65788 0.48837
0.617 -2.03784 0.760284
0.618 -2.41293 1.02725
0.619 -2.78168 1.28823
0.62 -3.14264 1.54223
0.621 -3.49439 1.78826
0.622 -3.83554 2.02536
0.623 -4.16474 2.25262
0.624 -4.48069 2.46915
0.625 -4.78214 2.67411
0.626 -5.06787 2.8667
0.627 -5.33676 3.04616
0.628 -5.58772 3.21179
0.629 -5.81974 3.36294
0.63 -6.0319 3.49901
0.631 -6.22334 3.61947
0.632 -6.39327 3.72383
0.633 -6.54101 3.81167
0.634 -6.66595 3.88265
0.635 -6.76756 3.93646
0.636 -6.84544 3.9729
0.637 -6.89923 3.99179
0.638 -6.92871 3.99305
0.639 -6.93374 3.97666
0.64 -6.91426 3.94267
0.641 -6.87034 3.89118
0.642 -6.80211 3.82238
0.643 -6.70983 3.73652
0.644 -6.59384 3.63391
0.645 -6.45458 3.51493
0.646 -6.29256 3.38003
0.647 -6.10842 3.22971
0.648 -5.90287 3.06453
0.649 -5.67669 2.88513
0.65 -5.43076 2.69216
0.651 -5.16604 2.48637
0.652 -4.88357 2.26854
0.653 -4.58444 2.03949
0.654 -4.26983 1.8001
0.655 -3.94098 1.55127
0.656 -3.59917 1.29396
0.657 -3.24574 1.02914
0.658 -2.8821 0.757828
0.659 -2.50968 0.481058
0.66 -2.12994 0.199888
0.661 -1.74439 -0.0846073
0.662 -1.35455 -0.37134
0.663 -0.961962 -0.659213
0.664 -0.568185 -0.947127
0.665 -0.174777 -1.23398
0.666 0.2167 -1.51867
0.667 0.604694 -1.80011
0.668 0.987663 -2.07723
0.669 1.36409 -2.34897
0.67 1.73247 -2.61428
0.671 2.09135 -2.87215
0.672 2.43929 -3.1216
0.673 2.77492 -3.36168
0.674 3.0969 -3.59147
0.675 3.40394 -3.8101
0.676 3.69483 -4.01673
0.677 3.96841 -4.21058
0.678 4.22359 -4.39092
0.679 4.45936 -4.55705
0.68 4.67478 -4.70836
0.681 4.869 -4.84428
0.682 5.04125 -4.9643
0.683 5.19084 -5.06796
0.684 5.31719 -5.15489
0.685 5.4198 -5.22477
0.686 5.49827 -5.27734
0.687 5.5523 -5.31243
0.688 5.58168 -5.32991
0.689 5.58631 -5.32974
0.69 5.56618 -5.31194
0.691 5.5214 -5.27659
0.692 5.45216 -5.22386
0.693 5.35875 -5.15396
0.694 5.24157 -5.0672
0.695 5.1011 -4.96392
0.696 4.93795 -4.84454
0.697 4.75277 -4.70955
0.698 4.54635 -4.55948
0.699 4.31954 -4.39494
0.7 4.07327 -4.21659
0.701 3.80856 -4.02512
0.702 3.52651 -3.8213
0.703 3.22829 -3.60593
0.704 2.91512 -3.37986
0.705 2.58831 -3.14397
0.706 2.24919 -2.89919
0.707 1.89918 -2.64648
0.708 1.53972 -2.38682
0.709 1.1723 -2.12122
0.71 0.798431 -1.85071
0.711 0.419673 -1.57635
0.712 0.0375899 -1.29919
0.713 -0.346232 -1.0203
0.714 -0.730201 -0.740747
0.715 -1.11272 -0.461615
0.716 -1.4922 -0.183965
0.717 -1.86706 0.0911442
0.718 -2.23574 0.362667
0.719 -2.5967 0.629576
0.72 -2.94843 0.890865
0.721 -3.28946 1.14555
0.722 -3.61836 1.39269
0.723 -3.93374 1.63136
0.724 -4.23428 1.86068
0.725 -4.5187 2.07981
0.726 -4.78581 2.28795
0.727 -5.03446 2.48436
0.728 -5.26359 2.66833
0.729 -5.47222 2.83922
0.73 -5.65945 2.99644
0.731 -5.82446 3.13946
0.732 -5.96653 3.26779
0.733 -6.08502 3.38103
0.734 -6.17939 3.47883
0.735 -6.24921 3.5609
0.736 -6.29414 3.62702
0.737 -6.31393 3.67704
0.738 -6.30844 3.71088
0.739 -6.27764 3.72851
0.74 -6.22161 3.72999
0.741 -6.1405 3.71542
0.742 -6.03459 3.68499
0.743 -5.90426 3.63894
0.744 -5.74998 3.57759
0.745 -5.57231 3.50131
0.746 -5.37193 3.41053
0.747 -5.1496 3.30574
0.748 -4.90616 3.18751
0.749 -4.64255 3.05642
0.75 -4.35979 2.91315
0.751 -4.05897 2.7584
0.752 -3.74128 2.59293
0.753 -3.40795 2.41753
0.754 -3.06029 2.23304
0.755 -2.69966 2.04033
0.756 -2.32749 1.84031
0.757 -1.94525 1.63392
0.758 -1.55444 1.42213
0.759 -1.1566 1.2059
0.76 -0.753332 0.986238
0.761 -0.346219 0.76416
0.762 0.0631185 0.540682
0.763 0.473052 0.31683
0.764 0.881949 0.0936272
0.765 1.28818 -0.127907
0.766 1.69013 -0.346762
0.767 2.08619 -0.56194
0.768 2.47479 -0.77246
0.769 2.85436 -0.977361
0.77 3.22339 -1.17571
0.771 3.58042 -1.3666
0.772 3.92401 -1.54916
0.773 4.25278 -1.72256
0.774 4.56543 -1.886
0.775 4.8607 -2.03872
0.776 5.13741 -2.18002
0.777 5.39446 -2.30925
0.778 5.63082 -2.42581
0.779 5.84555 -2.52913
0.78 6.0378 -2.61874
0.781 6.20679 -2.6942
0.782 6.35185 -2.75514
0.783 6.47242 -2.80124
0.784 6.56802 -2.83228
0.785 6.63828 -2.84806
0.786 6.68292 -2.84848
0.787 6.70178 -2.83349
0.788 6.69479 -2.8031
0.789 6.66202 -2.75741
0.79 6.60359 -2.69657
0.791 6.51977 -2.62079
0.792 6.41091 -2.53036
0.793 6.27748 -2.42562
0.794 6.12004 -2.307
0.795 5.93923 -2.17494
0.796 5.73583 -2.02999
0.797 5.51068 -1.87272
0.798 5.26471 -1.70379
0.799 4.99895 -1.52387
0.8 4.7145 -1.3337
0.801 4.41255 -1.13408
0.802 4.09434 -0.925818
0.803 3.7612 -0.709792
0.804 3.41452 -0.4869
0.805 3.05572 -0.258073
0.806 2.68631 -0.0242713
0.807 2.30781 0.213521
0.808 1.9218 0.454302
0.809 1.52988 0.697053
0.81 1.13369 0.940744
0.811 0.734867 1.18434
0.812 0.335078 1.4268
0.813 -0.0640138 1.66709
0.814 -0.460743 1.90418
0.815 -0.853454 2.13705
0.816 -1.24051 2.3647
0.817 -1.62028 2.58614
0.818 -1.99119 2.80041
0.819 -2.35167 3.00657
0.82 -2.70023 3.20372
0.821 -3.03538 3.391
0.822 -3.35571 3.56758
0.823 -3.65988 3.73267
0.824 -3.94661 3.88552
0.825 -4.21466 4.02546
0.826 -4.4629 4.15185
0.827 -4.69028 4.26409
0.828 -4.89581 4.36167
0.829 -5.07861 4.44411
0.83 -5.23789 4.51102
0.831 -5.37295 4.56206
0.832 -5.48319 4.59694
0.833 -5.5681 4.61547
0.834 -5.62731 4.61749
0.835 -5.66052 4.60295
0.836 -5.66755 4.57184
0.837 -5.64832 4.52422
0.838 -5.60287 4.46022
0.839 -5.53135 4.38006
0.84 -5.434 4.28401
0.841 -5.31118 4.1724
0.842 -5.16335 4.04563
0.843 -4.99108 3.90419
0.844 -4.79504 3.74859
0.845 -4.57598 3.57943
0.846 -4.33479 3.39736
0.847 -4.0724 3.20309
0.848 -3.78986 2.99737
0.849 -3.48831 2.78102
0.85 -3.16894 2.55488
0.851 -2.83305 2.31986
0.852 -2.48199 2.07689
0.853 -2.11717 1.82694
0.854 -1.74007 1.57103
0.855 -1.35223 1.31018
0.856 -0.955215 1.04546
0.857 -0.550651 0.777934
0.858 -0.140189 0.508697
0.859 0.274493 0.238851
0.86 0.691694 -0.0304952
0.861 1.1097 -0.298234
0.862 1.52679 -0.563258
0.863 1.94125 -0.82447
0.864 2.35136 -1.08078
0.865 2.75543 -1.33113
0.866 3.15177 -1.57446
0.867 3.53874 -1.80975
0.868 3.91473 -2.036
0.869 4.27816 -2.25227
0.87 4.62751 -2.45762
0.871 4.9613 -2.65119
0.872 5.27813 -2.83213
0.873 5.57666 -2.99966
0.874 5.8556 -3.15305
0.875 6.11377 -3.29163
0.876 6.35005 -3.41477
0.877 6.56342 -3.52192
0.878 6.75293 -3.6126
0.879 6.91775 -3.68636
0.88 7.05713 -3.74286
0.881 7.17043 -3.78181
0.882 7.25711 -3.80299
0.883 7.31675 -3.80625
0.884 7.34901 -3.79153
0.885 7.3537 -3.75881
0.886 7.33069 -3.70819
0.887 7.28002 -3.6398
0.888 7.20179 -3.55386
0.889 7.09623 -3.45068
0.89 6.9637 -3.33062
0.891 6.80464 -3.19411
0.892 6.61962 -3.04165
0.893 6.40929 -2.87383
0.894 6.17444 -2.69128
0.895 5.91592 -2.49469
0.896 5.6347 -2.28482
0.897 5.33183 -2.0625
0.898 5.00848 -1.82858
0.899 4.66585 -1.584
0.9 4.30528 -1.32971
0.901 3.92813 -1.06673
0.902 3.53586 -0.796108
0.903 3.12999 -0.518927
0.904 2.71209 -0.236302
0.905 2.28378 0.0506242
0.906 1.84673 0.340688
0.907 1.40264 0.632709
0.908 0.953249 0.925493
0.909 0.500312 1.21784
0.91 0.045605 1.50854
0.911 -0.409088 1.79639
0.912 -0.861981 2.08021
0.913 -1.31129 2.35879
0.914 -1.75525 2.63098
0.915 -2.19211 2.89563
0.916 -2.62015 3.1516
0.917 -3.03767 3.39782
0.918 -3.44303 3.63322
0.919 -3.83463 3.85679
0.92 -4.21091 4.06754
0.921 -4.57038 4.26455
0.922 -4.91163 4.44694
0.923 -5.23329 4.61389
0.924 -5.5341 4.76463
0.925 -5.81287 4.89846
0.926 -6.06848 5.01474
0.927 -6.29992 5.11288
0.928 -6.50628 5.1924
0.929 -6.68673 5.25286
0.93 -6.84057 5.29389
0.931 -6.96718 5.31522
0.932 -7.06607 5.31663
0.933 -7.13685 5.29799
0.934 -7.17923 5.25926
0.935 -7.19306 5.20046
0.936 -7.17829 5.12169
0.937 -7.13499 5.02313
0.938 -7.06333 4.90505
0.939 -6.96361 4.76779
0.94 -6.83625 4.61175
0.941 -6.68175 4.43742
0.942 -6.50075 4.24538
0.943 -6.29398 4.03624
0.944 -6.06229 3.8107
0.945 -5.80661 3.56954
0.946 -5.52798 3.31358
0.947 -5.22754 3.0437
0.948 -4.90649 2.76086
0.949 -4.56616 2.46604
0.95 -4.2079 2.1603
0.951 -3.83319 1.84472
0.952 -3.44355 1.52044
0.953 -3.04055 1.18862
0.954 -2.62583 0.850466
0.955 -2.20108 0.507203
0.956 -1.76803 0.160081
0.957 -1.32844 -0.189633
0.958 -0.884099 -0.54066
0.959 -0.436819 -0.89171
0.96 0.0115772 -1.24149
0.961 0.459261 -1.58872
0.962 0.904403 -1.93212
0.963 1.34519 -2.27041
0.964 1.77981 -2.60234
0.965 2.20649 -2.92669
0.966 2.62348 -3.24225
0.967 3.02907 -3.54785
0.968 3.42159 -3.84236
0.969 3.79943 -4.12469
0.97 4.16104 -4.39379
0.971 4.50491 -4.64865
0.972 4.82963 -4.88834
0.973 5.13385 -5.11196
0.974 5.41631 -5.31868
0.975 5.67583 -5.50775
0.976 5.91131 -5.67847
0.977 6.12178 -5.8302
0.978 6.30634 -5.96239
0.979 6.4642 -6.07457
0.98 6.59468 -6.16631
0.981 6.69721 -6.23731
0.982 6.77133 -6.2873
0.983 6.8167 -6.31613
0.984 6.83309 -6.3237
0.985 6.82038 -6.31001
0.986 6.77857 -6.27513
0.987 6.7078 -6.21923
0.988 6.60829 -6.14253
0.989 6.48039 -6.04537
0.99 6.32458 -5.92812
0.991 6.14144 -5.79127
0.992 5.93164 -5.63536
0.993 5.696 -5.46101
0.994 5.43541 -5.26892
0.995 5.15088 -5.05984
0.996 4.8435 -4.83459
0.997 4.51446 -4.59407
0.998 4.16505 -4.33921
0.999 3.79663 -4.07102
1 3.41064 -3.79055
