0.001 3.39977e-008 2.588e-009
0.002 3.09716e-007 2.0783e-008
0.003 1.46078e-006 8.62349e-008
0.004 4.84076e-006 2.53025e-007
0.005 1.2814e-005 6.00088e-007
0.006 2.90365e-005 1.23528e-006
0.007 5.87242e-005 2.30156e-006
0.008 0.000108906 3.9856e-006
0.009 0.000188661 6.52939e-006
0.01 0.000309332 1.02449e-005
0.011 0.000484722 1.55327e-005
0.012 0.000731266 2.29035e-005
0.013 0.00106817 3.30049e-005
0.014 0.00151755 4.66515e-005
0.015 0.00210447 6.48596e-005
0.016 0.00285708 8.88864e-005
0.017 0.00380656 0.000120273
0.018 0.00498719 0.000160894
0.019 0.00643626 0.000213006
0.02 0.00819403 0.000279309
0.021 0.0103036 0.000363003
0.022 0.0128108 0.00046785
0.023 0.0157641 0.000598249
0.024 0.0192142 0.000759295
0.025 0.023214 0.000956861
0.026 0.0278183 0.00119767
0.027 0.0330832 0.00148935
0.028 0.0390665 0.00184057
0.029 0.0458265 0.00226103
0.03 0.0534223 0.00276162
0.031 0.061913 0.00335443
0.032 0.0713575 0.00405287
0.033 0.0818139 0.0048717
0.034 0.0933392 0.00582714
0.035 0.105989 0.0069369
0.036 0.119816 0.00822023
0.037 0.134872 0.009698
0.038 0.151203 0.0113927
0.039 0.168855 0.0133286
0.04 0.187867 0.0155315
0.041 0.208276 0.0180291
0.042 0.230111 0.0208508
0.043 0.253398 0.0240277
0.044 0.278157 0.0275925
0.045 0.3044 0.0315798
0.046 0.332135 0.0360257
0.047 0.36136 0.0409681
0.048 0.392069 0.0464461
0.049 0.424244 0.0525004
0.05 0.457864 0.0591732
0.051 0.492895 0.0665077
0.052 0.529298 0.0745483
0.053 0.567023 0.0833405
0.054 0.606013 0.0929303
0.055 0.646202 0.103365
0.056 0.687513 0.114691
0.057 0.729864 0.126956
0.058 0.77316 0.140208
0.059 0.8173 0.154494
0.06 0.862174 0.169861
0.061 0.907663 0.186355
0.062 0.953641 0.204022
0.063 0.999973 0.222905
0.064 1.04652 0.243046
0.065 1.09313 0.264487
0.066 1.13964 0.287266
0.067 1.18591 0.311418
0.068 1.23176 0.336977
0.069 1.27702 0.363974
0.07 1.32151 0.392434
0.071 1.36506 0.422382
0.072 1.40749 0.453835
0.073 1.44861 0.486809
0.074 1.48823 0.521313
0.075 1.52618 0.557353
0.076 1.56226 0.594927
0.077 1.5963 0.634031
0.078 1.62812 0.674652
0.079 1.65753 0.716773
0.08 1.68437 0.760369
0.081 1.70846 0.80541
0.082 1.72964 0.851858
0.083 1.74777 0.899669
0.084 1.76268 0.94879
0.085 1.77424 0.999164
0.086 1.78233 1.05072
0.087 1.78681 1.10339
0.088 1.78759 1.1571
0.089 1.78457 1.21174
0.09 1.77766 1.26723
0.091 1.7668 1.32346
0.092 1.75192 1.38032
0.093 1.73298 1.43769
0.094 1.70997 1.49544
0.095 1.68287 1.55345
0.096 1.65168 1.61157
0.097 1.61643 1.66966
0.098 1.57715 1.72756
0.099 1.5339 1.78512
0.1 1.48676 1.84216
0.101 1.43582 1.89853
0.102 1.38118 1.95405
0.103 1.32296 2.00854
0.104 1.26132 2.06182
0.105 1.19641 2.11369
0.106 1.12841 2.16399
0.107 1.0575 2.2125
0.108 0.983892 2.25906
0.109 0.907816 2.30345
0.11 0.829504 2.34549
0.111 0.749208 2.38499
0.112 0.667192 2.42175
0.113 0.583732 2.4556
0.114 0.499114 2.48634
0.115 0.413638 2.51378
0.116 0.327609 2.53777
0.117 0.241341 2.55811
0.118 0.155158 2.57464
0.119 0.0693856 2.58721
0.12 -0.0156444 2.59566
0.121 -0.0995973 2.59985
0.122 -0.182137 2.59964
0.123 -0.262927 2.59491
0.124 -0.341632 2.58553
0.125 -0.41792 2.57141
0.126 -0.491461 2.55246
0.127 -0.561934 2.52859
0.128 -0.62902 2.49973
0.129 -0.692414 2.46584
0.13 -0.751818 2.42688
0.131 -0.806944 2.38282
0.132 -0.85752 2.33365
0.133 -0.903285 2.27938
0.134 -0.943996 2.22003
0.135 -0.979426 2.15565
0.136 -1.00936 2.08628
0.137 -1.03362 2.01201
0.138 -1.05203 1.93292
0.139 -1.06444 1.84912
0.14 -1.07072 1.76073
0.141 -1.07077 1.6679
0.142 -1.06452 1.57077
0.143 -1.0519 1.46954
0.144 -1.0329 1.36439
0.145 -1.0075 1.25553
0.146 -0.975725 1.14318
0.147 -0.937634 1.02758
0.148 -0.893301 0.908991
0.149 -0.842828 0.787679
0.15 -0.786346 0.663927
0.151 -0.724014 0.538032
0.152 -0.656015 0.410301
0.153 -0.58256 0.281056
0.154 -0.503886 0.150627
0.155 -0.420252 0.0193548
0.156 -0.331946 -0.112411
0.157 -0.239277 -0.244315
0.158 -0.142577 -0.375991
0.159 -0.0421994 -0.507072
0.16 0.0614809 -0.637184
0.161 0.16807 -0.76595
0.162 0.277158 -0.892992
0.163 0.388315 -1.01793
0.164 0.501098 -1.14039
0.165 0.615052 -1.26
0.166 0.729708 -1.37637
0.167 0.844588 -1.48915
0.168 0.959206 -1.59797
0.169 1.07307 -1.70248
0.17 1.18569 -1.80234
0.171 1.29655 -1.8972
0.172 1.40517 -1.98675
0.173 1.51104 -2.07068
0.174 1.61367 -2.14868
0.175 1.71257 -2.22048
0.176 1.80727 -2.28582
0.177 1.8973 -2.34444
0.178 1.98218 -2.39612
0.179 2.0615 -2.44065
0.18 2.1348 -2.47785
0.181 2.2017 -2.50755
0.182 2.26178 -2.52961
0.183 2.3147 -2.54391
0.184 2.3601 -2.55036
0.185 2.39767 -2.54888
0.186 2.4271 -2.53943
0.187 2.44815 -2.522
0.188 2.46057 -2.4966
0.189 2.46416 -2.46326
0.19 2.45874 -2.42204
0.191 2.44419 -2.37304
0.192 2.4204 -2.31637
0.193 2.38729 -2.25217
0.194 2.34485 -2.18062
0.195 2.29306 -2.10192
0.196 2.23197 -2.01628
0.197 2.16165 -1.92397
0.198 2.08223 -1.82525
0.199 1.99385 -1.72042
0.2 1.8967 -1.60982
0.201 1.791 -1.49377
0.202 1.67702 -1.37266
0.203 1.55505 -1.24686
0.204 1.42542 -1.1168
0.205 1.2885 -0.982894
0.206 1.14468 -0.845588
0.207 0.994387 -0.705344
0.208 0.838086 -0.562635
0.209 0.676258 -0.417948
0.21 0.509418 -0.271781
0.211 0.338103 -0.124644
0.212 0.162875 0.0229496
0.213 -0.0156858 0.170477
0.214 -0.196977 0.317413
0.215 -0.380381 0.463229
0.216 -0.565265 0.607397
0.217 -0.750986 0.749387
0.218 -0.936888 0.888677
0.219 -1.12231 1.02475
0.22 -1.30659 1.15708
0.221 -1.48905 1.28518
0.222 -1.66904 1.40855
0.223 -1.84587 1.52672
0.224 -2.01891 1.6392
0.225 -2.18749 1.74557
0.226 -2.35098 1.84537
0.227 -2.50876 1.93821
0.228 -2.66021 2.02369
0.229 -2.80475 2.10145
0.23 -2.9418 2.17113
0.231 -3.07083 2.23243
0.232 -3.19132 2.28504
0.233 -3.30278 2.32872
0.234 -3.40475 2.36322
0.235 -3.4968 2.38834
0.236 -3.57854 2.40392
0.237 -3.64962 2.40981
0.238 -3.70972 2.40591
0.239 -3.75857 2.39214
0.24 -3.79592 2.36848
0.241 -3.8216 2.33491
0.242 -3.83543 2.29147
0.243 -3.83733 2.23822
0.244 -3.82723 2.17527
0.245 -3.80511 2.10275
0.246 -3.77101 2.02084
0.247 -3.725 1.92974
0.248 -3.66721 1.82968
0.249 -3.59781 1.72095
0.25 -3.51701 1.60383
0.251 -3.42507 1.47868
0.252 -3.3223 1.34585
0.253 -3.20905 1.20574
0.254 -3.08571 1.05877
0.255 -2.95271 0.905386
0.256 -2.81052 0.746068
0.257 -2.65966 0.581312
0.258 -2.50067 0.411635
0.259 -2.33413 0.237578
0.26 -2.16065 0.0596976
0.261 -1.98088 -0.121433
0.262 -1.7955 -0.305226
0.263 -1.60519 -0.491081
0.264 -1.41067 -0.678388
0.265 -1.21269 -0.866528
0.266 -1.012 -1.05488
0.267 -0.809374 -1.24281
0.268 -0.605588 -1.4297
0.269 -0.401434 -1.61492
0.27 -0.197707 -1.79784
0.271 0.00479715 -1.97784
0.272 0.205283 -2.15432
0.273 0.402958 -2.32667
0.274 0.597041 -2.49431
0.275 0.786759 -2.65666
0.276 0.971352 -2.81316
0.277 1.15008 -2.96329
0.278 1.32222 -3.10651
0.279 1.48707 -3.24233
0.28 1.64396 -3.37029
0.281 1.79225 -3.48994
0.282 1.93133 -3.60087
0.283 2.06061 -3.70269
0.284 2.17955 -3.79504
0.285 2.28765 -3.8776
0.286 2.38446 -3.95009
0.287 2.46954 -4.01225
0.288 2.54253 -4.06386
0.289 2.60309 -4.10475
0.29 2.65096 -4.13477
0.291 2.6859 -4.15382
0.292 2.70773 -4.16182
0.293 2.71633 -4.15876
0.294 2.71162 -4.14465
0.295 2.69358 -4.11953
0.296 2.66224 -4.0835
0.297 2.6177 -4.03668
0.298 2.56008 -3.97925
0.299 2.48959 -3.91141
0.3 2.40646 -3.83341
0.301 2.311 -3.74551
0.302 2.20355 -3.64804
0.303 2.08451 -3.54134
0.304 1.95433 -3.4258
0.305 1.81349 -3.30182
0.306 1.66254 -3.16985
0.307 1.50205 -3.03036
0.308 1.33265 -2.88384
0.309 1.15499 -2.73082
0.31 0.969782 -2.57184
0.311 0.777742 -2.40746
0.312 0.579634 -2.23828
0.313 0.376244 -2.06488
0.314 0.168387 -1.88788
0.315 -0.0431065 -1.70792
0.316 -0.257383 -1.52561
0.317 -0.473577 -1.34161
0.318 -0.690809 -1.15656
0.319 -0.908195 -0.97111
0.32 -1.12484 -0.785906
0.321 -1.33987 -0.601595
0.322 -1.55237 -0.418816
0.323 -1.76148 -0.238201
0.324 -1.96632 -0.0603725
0.325 -2.16603 0.114061
0.326 -2.35977 0.284506
0.327 -2.54673 0.450385
0.328 -2.7261 0.611139
0.329 -2.89712 0.766234
0.33 -3.05904 0.915156
0.331 -3.21117 1.05742
0.332 -3.35283 1.19256
0.333 -3.48339 1.32016
0.334 -3.60227 1.43981
0.335 -3.70893 1.55114
0.336 -3.80286 1.65383
0.337 -3.88363 1.74757
0.338 -3.95083 1.8321
0.339 -4.00413 1.9072
0.34 -4.04324 1.97267
0.341 -4.06793 2.02838
0.342 -4.07801 2.07422
0.343 -4.07338 2.1101
0.344 -4.05397 2.13601
0.345 -4.01979 2.15196
0.346 -3.9709 2.15799
0.347 -3.90741 2.15419
0.348 -3.8295 2.14069
0.349 -3.73742 2.11767
0.35 -3.63145 2.08532
0.351 -3.51195 2.04388
0.352 -3.37932 1.99363
0.353 -3.23402 1.9349
0.354 -3.07656 1.86801
0.355 -2.90752 1.79335
0.356 -2.72749 1.71132
0.357 -2.53714 1.62237
0.358 -2.33717 1.52696
0.359 -2.12832 1.42556
0.36 -1.91137 1.31871
0.361 -1.68713 1.20692
0.362 -1.45645 1.09074
0.363 -1.2202 0.970752
0.364 -0.979279 0.847526
0.365 -0.734613 0.721655
0.366 -0.487135 0.59374
0.367 -0.237799 0.464389
0.368 0.012436 0.334213
0.369 0.262602 0.203825
0.37 0.511728 0.0738372
0.371 0.758848 -0.0551426
0.372 1.003 -0.182512
0.373 1.24323 -0.307678
0.374 1.4786 -0.430059
0.375 1.70819 -0.549085
0.376 1.9311 -0.664203
0.377 2.14645 -0.77488
0.378 2.35339 -0.8806
0.379 2.55112 -0.980872
0.38 2.73886 -1.07523
0.381 2.91586 -1.16323
0.382 3.08142 -1.24447
0.383 3.2349 -1.31855
0.384 3.37569 -1.38514
0.385 3.50323 -1.44391
0.386 3.61702 -1.49458
0.387 3.71661 -1.53691
0.388 3.80162 -1.57069
0.389 3.87172 -1.59573
0.39 3.92663 -1.61192
0.391 3.96614 -1.61915
0.392 3.99011 -1.61738
0.393 3.99845 -1.60657
0.394 3.99114 -1.58676
0.395 3.96823 -1.55802
0.396 3.92983 -1.52044
0.397 3.87611 -1.47416
0.398 3.80731 -1.41938
0.399 3.72371 -1.35629
0.4 3.62569 -1.28517
0.401 3.51366 -1.20629
0.402 3.3881 -1.11998
0.403 3.24955 -1.0266
0.404 3.09859 -0.926547
0.405 2.93587 -0.820226
0.406 2.76209 -0.708089
0.407 2.57797 -0.590609
0.408 2.3843 -0.468282
0.409 2.18191 -0.341629
0.41 1.97166 -0.211188
0.411 1.75445 -0.0775164
0.412 1.53121 0.0588149
0.413 1.30289 0.197221
0.414 1.07047 0.337107
0.415 0.834939 0.477871
0.416 0.597322 0.618905
0.417 0.358638 0.759598
0.418 0.119919 0.899342
0.419 -0.117804 1.03753
0.42 -0.353498 1.17356
0.421 -0.586138 1.30683
0.422 -0.81471 1.43677
0.423 -1.03821 1.56281
0.424 -1.25566 1.68439
0.425 -1.4661 1.80097
0.426 -1.66859 1.91204
0.427 -1.86224 2.01711
0.428 -2.04618 2.11571
0.429 -2.21957 2.2074
0.43 -2.38164 2.29176
0.431 -2.53163 2.36842
0.432 -2.66886 2.43703
0.433 -2.79269 2.49728
0.434 -2.90252 2.54888
0.435 -2.99782 2.5916
0.436 -3.07813 2.62524
0.437 -3.14304 2.64962
0.438 -3.19219 2.66463
0.439 -3.2253 2.67019
0.44 -3.24217 2.66625
0.441 -3.24264 2.65281
0.442 -3.22663 2.62992
0.443 -3.19413 2.59765
0.444 -3.1452 2.55614
0.445 -3.07996 2.50555
0.446 -2.99862 2.44609
0.447 -2.90144 2.37799
0.448 -2.78874 2.30156
0.449 -2.66093 2.2171
0.45 -2.51847 2.12499
0.451 -2.36188 2.02561
0.452 -2.19176 1.91939
0.453 -2.00874 1.8068
0.454 -1.81353 1.68832
0.455 -1.60688 1.56447
0.456 -1.38961 1.4358
0.457 -1.16256 1.30287
0.458 -0.926634 1.16628
0.459 -0.682774 1.02662
0.46 -0.431954 0.884532
0.461 -0.175183 0.740646
0.462 0.0864993 0.595614
0.463 0.352031 0.450093
0.464 0.620327 0.304746
0.465 0.890289 0.160239
0.466 1.1608 0.0172385
0.467 1.43075 -0.123593
0.468 1.69902 -0.261599
0.469 1.96448 -0.39613
0.47 2.22602 -0.52655
0.471 2.48254 -0.652236
0.472 2.73295 -0.772584
0.473 2.9762 -0.887006
0.474 3.21123 -0.994941
0.475 3.43705 -1.09585
0.476 3.65267 -1.18922
0.477 3.85715 -1.27457
0.478 4.04959 -1.35146
0.479 4.22914 -1.41946
0.48 4.395 -1.4782
0.481 4.54642 -1.52733
0.482 4.6827 -1.56656
0.483 4.8032 -1.59562
0.484 4.90736 -1.61429
0.485 4.99465 -1.6224
0.486 5.06464 -1.61982
0.487 5.11696 -1.60646
0.488 5.15128 -1.58229
0.489 5.1674 -1.54731
0.49 5.16514 -1.50157
0.491 5.14441 -1.44518
0.492 5.10522 -1.37829
0.493 5.04762 -1.30108
0.494 4.97176 -1.2138
0.495 4.87784 -1.11674
0.496 4.76615 -1.01022
0.497 4.63706 -0.894611
0.498 4.49101 -0.770335
0.499 4.32848 -0.637845
0.5 4.15006 -0.497633
0.501 3.95639 -0.350232
0.502 3.74816 -0.196206
0.503 3.52614 -0.0361547
0.504 3.29115 0.129293
0.505 3.04408 0.299478
0.506 2.78585 0.473719
0.507 2.51743 0.651308
0.508 2.23987 0.831518
0.509 1.95421 1.01361
0.51 1.66155 1.19681
0.511 1.36304 1.38037
0.512 1.05982 1.56349
0.513 0.753081 1.7454
0.514 0.444025 1.92531
0.515 0.133863 2.10243
0.516 -0.176183 2.27599
0.517 -0.484887 2.44521
0.518 -0.791026 2.60934
0.519 -1.09338 2.76761
0.52 -1.39075 2.9193
0.521 -1.68194 3.0637
0.522 -1.96578 3.20013
0.523 -2.24114 3.32792
0.524 -2.5069 3.44643
0.525 -2.76198 3.55507
0.526 -3.00535 3.65328
0.527 -3.23602 3.74051
0.528 -3.45305 3.81629
0.529 -3.65554 3.88016
0.53 -3.84266 3.93172
0.531 -4.01364 3.97061
0.532 -4.16776 3.99651
0.533 -4.30439 4.00917
0.534 -4.42293 4.00837
0.535 -4.5229 3.99394
0.536 -4.60386 3.96578
0.537 -4.66545 3.92383
0.538 -4.70739 3.86808
0.539 -4.72949 3.79859
0.54 -4.73163 3.71547
0.541 -4.71378 3.61886
0.542 -4.67596 3.50899
0.543 -4.61831 3.38611
0.544 -4.54103 3.25055
0.545 -4.44441 3.10267
0.546 -4.3288 2.94289
0.547 -4.19466 2.77169
0.548 -4.0425 2.58957
0.549 -3.87291 2.3971
0.55 -3.68656 2.19488
0.551 -3.48418 1.98356
0.552 -3.26658 1.76383
0.553 -3.03462 1.5364
0.554 -2.78923 1.30204
0.555 -2.5314 1.06152
0.556 -2.26216 0.815677
0.557 -1.98259 0.565336
0.558 -1.69384 0.311366
0.559 -1.39707 0.0546477
0.56 -1.09349 -0.20392
0.561 -0.784347 -0.463428
0.562 -0.470899 -0.722957
0.563 -0.154435 -0.981584
0.564 0.163741 -1.23838
0.565 0.482315 -1.49243
0.566 0.799969 -1.74282
0.567 1.11538 -1.98863
0.568 1.42724 -2.22896
0.569 1.73424 -2.46295
0.57 2.03509 -2.68973
0.571 2.32853 -2.90846
0.572 2.61331 -3.11834
0.573 2.88822 -3.31859
0.574 3.1521 -3.50846
0.575 3.4038 -3.68724
0.576 3.64225 -3.85426
0.577 3.8664 -4.00889
0.578 4.07528 -4.15054
0.579 4.26796 -4.27868
0.58 4.44357 -4.39281
0.581 4.60134 -4.49251
0.582 4.74052 -4.57737
0.583 4.86048 -4.64707
0.584 4.96062 -4.70134
0.585 5.04046 -4.73995
0.586 5.09958 -4.76275
0.587 5.13764 -4.76964
0.588 5.15438 -4.76057
0.589 5.14964 -4.73557
0.59 5.12335 -4.69472
0.591 5.07549 -4.63815
0.592 5.00617 -4.56606
0.593 4.91557 -4.47872
0.594 4.80394 -4.37644
0.595 4.67163 -4.25959
0.596 4.51908 -4.12861
0.597 4.34681 -3.98398
0.598 4.1554 -3.82624
0.599 3.94554 -3.65597
0.6 3.71797 -3.47382
0.601 3.47351 -3.28046
0.602 3.21306 -3.07662
0.603 2.93757 -2.86308
0.604 2.64807 -2.64063
0.605 2.34564 -2.41013
0.606 2.03141 -2.17244
0.607 1.70656 -1.92847
0.608 1.37234 -1.67914
0.609 1.03 -1.42541
0.61 0.680852 -1.16824
0.611 0.326239 -0.908617
0.612 -0.0324809 -0.647535
0.613 -0.393925 -0.385993
0.614 -0.756697 -0.124995
0.615 -1.11939 0.134456
0.616 -1.4806 0.391362
0.617 -1.83892 0.644733
0.618 -2.19295 0.893592
0.619 -2.54131 1.13698
0.62 -2.88263 1.37395
0.621 -3.21557 1.60359
0.622 -3.53883 1.82501
0.623 -3.85113 2.03734
0.624 -4.15124 2.23977
0.625 -4.43797 2.4315
0.626 -4.71018 2.61179
0.627 -4.96679 2.77992
0.628 -5.20679 2.93525
0.629 -5.4292 3.07715
0.63 -5.63315 3.20508
0.631 -5.81781 3.31853
0.632 -5.98244 3.41704
0.633 -6.12637 3.50022
0.634 -6.24902 3.56774
0.635 -6.34989 3.61932
0.636 -6.42855 3.65476
0.637 -6.48469 3.67389
0.638 -6.51805 3.67664
0.639 -6.52849 3.66297
0.64 -6.51595 3.63293
0.641 -6.48045 3.58662
0.642 -6.42212 3.5242
0.643 -6.34118 3.4459
0.644 -6.23791 3.352
0.645 -6.11272 3.24287
0.646 -5.96607 3.11889
0.647 -5.79854 2.98055
0.648 -5.61076 2.82836
0.649 -5.40347 2.6629
0.65 -5.17748 2.48479
0.651 -4.93365 2.29471
0.652 -4.67295 2.09338
0.653 -4.39639 1.88157
0.654 -4.10505 1.66009
0.655 -3.80009 1.42977
0.656 -3.48269 1.19151
0.657 -3.15411 0.946204
0.658 -2.81563 0.694797
0.659 -2.4686 0.438249
0.66 -2.11438 0.177541
0.661 -1.75437 -0.0863279
0.662 -1.39 -0.352349
0.663 -1.02269 -0.619502
0.664 -0.653913 -0.886765
0.665 -0.285118 -1.15311
0.666 0.0822324 -1.41753
0.667 0.446684 -1.679
0.668 0.806791 -1.93652
0.669 1.16113 -2.18911
0.67 1.50829 -2.4358
0.671 1.8469 -2.67564
0.672 2.17561 -2.90773
0.673 2.49313 -3.13117
0.674 2.79818 -3.34511
0.675 3.08957 -3.54873
0.676 3.36614 -3.74127
0.677 3.62679 -3.92199
0.678 3.87048 -4.09019
0.679 4.09626 -4.24525
0.68 4.30324 -4.38658
0.681 4.49058 -4.51365
0.682 4.65756 -4.62598
0.683 4.80353 -4.72314
0.684 4.92789 -4.80479
0.685 5.03019 -4.87061
0.686 5.11 -4.92038
0.687 5.16704 -4.95391
0.688 5.20108 -4.9711
0.689 5.21201 -4.97189
0.69 5.1998 -4.9563
0.691 5.16452 -4.9244
0.692 5.10632 -4.87634
0.693 5.02545 -4.81232
0.694 4.92228 -4.73261
0.695 4.79722 -4.63753
0.696 4.6508 -4.52746
0.697 4.48363 -4.40286
0.698 4.29642 -4.26421
0.699 4.08993 -4.11208
0.7 3.86503 -3.94706
0.701 3.62264 -3.76981
0.702 3.36377 -3.58103
0.703 3.08948 -3.38145
0.704 2.80091 -3.17188
0.705 2.49926 -2.95311
0.706 2.18577 -2.72602
0.707 1.86173 -2.49149
0.708 1.52849 -2.25042
0.709 1.18742 -2.00376
0.71 0.839929 -1.75247
0.711 0.487458 -1.49751
0.712 0.131465 -1.23986
0.713 -0.226576 -0.980531
0.714 -0.585182 -0.720503
0.715 -0.942866 -0.460776
0.716 -1.29814 -0.202342
0.717 -1.64954 0.0538152
0.718 -1.99558 0.306725
0.719 -2.33485 0.55543
0.72 -2.66591 0.798995
0.721 -2.98739 1.03651
0.722 -3.29795 1.26708
0.723 -3.59627 1.48986
0.724 -3.88112 1.70403
0.725 -4.15128 1.9088
0.726 -4.40562 2.10342
0.727 -4.64306 2.2872
0.728 -4.86259 2.45949
0.729 -5.06328 2.61967
0.73 -5.24425 2.76719
0.731 -5.40473 2.90156
0.732 -5.54402 3.02232
0.733 -5.66149 3.12909
0.734 -5.75663 3.22154
0.735 -5.829 3.29939
0.736 -5.87825 3.36243
0.737 -5.90412 3.41051
0.738 -5.90647 3.44356
0.739 -5.88522 3.46153
0.74 -5.84042 3.46447
0.741 -5.7722 3.45248
0.742 -5.68076 3.42572
0.743 -5.56645 3.38441
0.744 -5.42966 3.32884
0.745 -5.2709 3.25933
0.746 -5.09077 3.17629
0.747 -4.88994 3.08016
0.748 -4.66918 2.97146
0.749 -4.42933 2.85074
0.75 -4.17132 2.71861
0.751 -3.89614 2.57571
0.752 -3.60487 2.42275
0.753 -3.29864 2.26045
0.754 -2.97865 2.08959
0.755 -2.64615 1.91099
0.756 -2.30244 1.72546
0.757 -1.94887 1.53389
0.758 -1.58685 1.33716
0.759 -1.21779 1.13618
0.76 -0.843155 0.931874
0.761 -0.464426 0.725183
0.762 -0.0831007 0.517052
0.763 0.299309 0.308431
0.764 0.681288 0.100271
0.765 1.06132 -0.106478
0.766 1.4379 -0.310878
0.767 1.80952 -0.511999
0.768 2.17472 -0.708927
0.769 2.53203 -0.900767
0.77 2.88005 -1.08665
0.771 3.21737 -1.26572
0.772 3.54267 -1.43718
0.773 3.85465 -1.60023
0.774 4.15207 -1.75414
0.775 4.43374 -1.89818
0.776 4.69854 -2.03172
0.777 4.94543 -2.15411
0.778 5.17342 -2.2648
0.779 5.3816 -2.36327
0.78 5.56917 -2.44904
0.781 5.73536 -2.52172
0.782 5.87954 -2.58093
0.783 6.00112 -2.62639
0.784 6.09965 -2.65785
0.785 6.17473 -2.67513
0.786 6.22608 -2.67813
0.787 6.25352 -2.66678
0.788 6.25694 -2.64108
0.789 6.23636 -2.60111
0.79 6.19187 -2.547
0.791 6.12368 -2.47892
0.792 6.03207 -2.39714
0.793 5.91745 -2.30196
0.794 5.7803 -2.19375
0.795 5.62118 -2.07293
0.796 5.44078 -1.93997
0.797 5.23984 -1.79542
0.798 5.01921 -1.63985
0.799 4.77979 -1.47389
0.8 4.52258 -1.29822
0.801 4.24866 -1.11355
0.802 3.95916 -0.920647
0.803 3.65528 -0.720297
0.804 3.33827 -0.513331
0.805 3.00946 -0.300608
0.806 2.67021 -0.0830104
0.807 2.32192 0.138553
0.808 1.96604 0.363157
0.809 1.60405 0.58986
0.81 1.23743 0.81771
0.811 0.867727 1.04575
0.812 0.496462 1.27301
0.813 0.12518 1.49853
0.814 -0.244575 1.72136
0.815 -0.611267 1.94055
0.816 -0.973368 2.15515
0.817 -1.32937 2.36426
0.818 -1.67779 2.56697
0.819 -2.01718 2.76241
0.82 -2.34611 2.94974
0.821 -2.6632 3.12814
0.822 -2.96714 3.29683
0.823 -3.25664 3.45507
0.824 -3.53049 3.60216
0.825 -3.78754 3.73745
0.826 -4.02669 3.86034
0.827 -4.24693 3.97026
0.828 -4.44732 4.06671
0.829 -4.62702 4.14924
0.83 -4.78524 4.21746
0.831 -4.92131 4.27104
0.832 -5.03462 4.3097
0.833 -5.12468 4.33323
0.834 -5.19108 4.34147
0.835 -5.23351 4.33435
0.836 -5.25176 4.31182
0.837 -5.24572 4.27395
0.838 -5.21537 4.22082
0.839 -5.1608 4.15261
0.84 -5.08219 4.06954
0.841 -4.97984 3.97191
0.842 -4.85413 3.86006
0.843 -4.70553 3.73442
0.844 -4.53462 3.59545
0.845 -4.34207 3.44368
0.846 -4.12863 3.2797
0.847 -3.89515 3.10412
0.848 -3.64255 2.91765
0.849 -3.37185 2.721
0.85 -3.08411 2.51496
0.851 -2.78051 2.30033
0.852 -2.46225 2.07798
0.853 -2.13062 1.84878
0.854 -1.78696 1.61365
0.855 -1.43266 1.37354
0.856 -1.06916 1.12942
0.857 -0.697935 0.882272
0.858 -0.320496 0.633099
0.859 0.0616188 0.382914
0.86 0.446847 0.132738
0.861 0.833613 -0.116406
0.862 1.22033 -0.363497
0.863 1.60541 -0.607517
0.864 1.98727 -0.847462
0.865 2.36434 -1.08234
0.866 2.73505 -1.31117
0.867 3.09787 -1.53301
0.868 3.4513 -1.74692
0.869 3.79387 -1.95201
0.87 4.12415 -2.14742
0.871 4.44075 -2.33232
0.872 4.74234 -2.50593
0.873 5.02767 -2.6675
0.874 5.29551 -2.81635
0.875 5.54474 -2.95181
0.876 5.77428 -3.07332
0.877 5.98315 -3.18032
0.878 6.17044 -3.27234
0.879 6.33533 -3.34897
0.88 6.47709 -3.40984
0.881 6.59509 -3.45466
0.882 6.68877 -3.48321
0.883 6.75769 -3.49532
0.884 6.80149 -3.4909
0.885 6.81994 -3.46992
0.886 6.81289 -3.43241
0.887 6.78028 -3.37849
0.888 6.72218 -3.30833
0.889 6.63875 -3.22216
0.89 6.53026 -3.1203
0.891 6.39706 -3.00312
0.892 6.23962 -2.87104
0.893 6.05851 -2.72458
0.894 5.85437 -2.56429
0.895 5.62796 -2.39078
0.896 5.38013 -2.20473
0.897 5.1118 -2.00686
0.898 4.82398 -1.79795
0.899 4.51776 -1.57881
0.9 4.19432 -1.35033
0.901 3.85488 -1.1134
0.902 3.50076 -0.868975
0.903 3.13331 -0.618033
0.904 2.75395 -0.361584
0.905 2.36416 -0.100663
0.906 1.96544 0.163673
0.907 1.55935 0.430347
0.908 1.14746 0.698271
0.909 0.731375 0.966347
0.91 0.312728 1.23347
0.911 -0.106849 1.49855
0.912 -0.525713 1.76047
0.913 -0.942224 2.01815
0.914 -1.35475 2.27051
0.915 -1.76167 2.5165
0.916 -2.16138 2.75506
0.917 -2.55232 2.9852
0.918 -2.93295 3.20592
0.919 -3.30177 3.41628
0.92 -3.65732 3.61536
0.921 -3.99821 3.8023
0.922 -4.3231 3.97627
0.923 -4.6307 4.13649
0.924 -4.91981 4.28225
0.925 -5.18928 4.41286
0.926 -5.43805 4.52771
0.927 -5.66514 4.62625
0.928 -5.86967 4.708
0.929 -6.05081 4.77251
0.93 -6.20788 4.81944
0.931 -6.34024 4.84849
0.932 -6.44739 4.85944
0.933 -6.5289 4.85213
0.934 -6.58446 4.82649
0.935 -6.61387 4.78249
0.936 -6.61701 4.7202
0.937 -6.59388 4.63976
0.938 -6.5446 4.54137
0.939 -6.46937 4.4253
0.94 -6.3685 4.2919
0.941 -6.24241 4.14158
0.942 -6.09161 3.97482
0.943 -5.91673 3.79216
0.944 -5.71848 3.59421
0.945 -5.49767 3.38165
0.946 -5.25519 3.1552
0.947 -4.99203 2.91563
0.948 -4.70926 2.6638
0.949 -4.40804 2.40058
0.95 -4.08958 2.12691
0.951 -3.75517 1.84376
0.952 -3.40619 1.55214
0.953 -3.04404 1.25311
0.954 -2.67019 0.947741
0.955 -2.28617 0.637142
0.956 -1.89354 0.322442
0.957 -1.49388 0.00478796
0.958 -1.08884 -0.314659
0.959 -0.68005 -0.63473
0.96 -0.26918 -0.954248
0.961 0.142096 -1.27204
0.962 0.552103 -1.58694
0.963 0.959169 -1.89777
0.964 1.36163 -2.2034
0.965 1.75785 -2.5027
0.966 2.14621 -2.79456
0.967 2.52511 -3.07789
0.968 2.893 -3.35165
0.969 3.24838 -3.61483
0.97 3.58979 -3.86645
0.971 3.91582 -4.10558
0.972 4.22513 -4.33134
0.973 4.51645 -4.54288
0.974 4.78856 -4.73944
0.975 5.04034 -4.92029
0.976 5.27074 -5.08475
0.977 5.4788 -5.23224
0.978 5.66364 -5.36221
0.979 5.82449 -5.47418
0.98 5.96065 -5.56777
0.981 6.07155 -5.64263
0.982 6.15669 -5.6985
0.983 6.2157 -5.73519
0.984 6.24829 -5.7526
0.985 6.25429 -5.75067
0.986 6.23364 -5.72944
0.987 6.18638 -5.68902
0.988 6.11266 -5.62959
0.989 6.01272 -5.55139
0.99 5.88694 -5.45475
0.991 5.73577 -5.34007
0.992 5.55978 -5.20782
0.993 5.35964 -5.05851
0.994 5.1361 -4.89276
0.995 4.89003 -4.71121
0.996 4.62237 -4.5146
0.997 4.33416 -4.30369
0.998 4.02651 -4.07931
0.999 3.70061 -3.84236
1 3.35776 -3.59376
