0.001 3.40563e-008 2.53323e-009
0.002 3.10184e-007 2.03467e-008
0.003 1.46271e-006 8.44467e-008
0.004 4.84636e-006 2.47869e-007
0.005 1.28271e-005 5.88146e-007
0.006 2.90629e-005 1.21145e-006
0.007 5.87722e-005 2.25886e-006
0.008 0.000108987 3.91513e-006
0.009 0.000188789 6.42045e-006
0.01 0.000309525 1.00854e-005
0.011 0.000485002 1.53095e-005
0.012 0.000731659 2.26038e-005
0.013 0.00106871 3.26171e-005
0.014 0.00151826 4.61671e-005
0.015 0.00210541 6.42754e-005
0.016 0.00285828 8.82069e-005
0.017 0.00380808 0.000119514
0.018 0.00498907 0.000160086
0.019 0.00643857 0.000212201
0.02 0.00819684 0.000278581
0.021 0.010307 0.000362458
0.022 0.0128149 0.000467633
0.023 0.0157689 0.000598548
0.024 0.0192198 0.000760353
0.025 0.0232205 0.000958984
0.026 0.0278258 0.00120123
0.027 0.0330919 0.00149483
0.028 0.0390764 0.00184851
0.029 0.0458378 0.00227211
0.03 0.053435 0.00277662
0.031 0.0619274 0.00337428
0.032 0.0713736 0.00407865
0.033 0.0818319 0.00490466
0.034 0.0933593 0.0058687
0.035 0.106011 0.00698868
0.036 0.119841 0.00828409
0.037 0.134899 0.00977601
0.038 0.151234 0.0114872
0.039 0.168889 0.0134422
0.04 0.187904 0.0156671
0.041 0.208316 0.0181899
0.042 0.230155 0.0210402
0.043 0.253447 0.0242496
0.044 0.27821 0.0278512
0.045 0.304459 0.0318798
0.046 0.332199 0.0363721
0.047 0.361431 0.041366
0.048 0.392146 0.0469014
0.049 0.424329 0.0530193
0.05 0.457956 0.0597623
0.051 0.492996 0.067174
0.052 0.529408 0.0752994
0.053 0.567143 0.0841841
0.054 0.606145 0.0938748
0.055 0.646346 0.104419
0.056 0.687671 0.115864
0.057 0.730036 0.128257
0.058 0.773349 0.141648
0.059 0.817507 0.156083
0.06 0.8624 0.17161
0.061 0.907911 0.188275
0.062 0.953912 0.206124
0.063 1.00027 0.2252
0.064 1.04684 0.245548
0.065 1.09348 0.267207
0.066 1.14003 0.290216
0.067 1.18634 0.314612
0.068 1.23222 0.340427
0.069 1.27752 0.367691
0.07 1.32206 0.396433
0.071 1.36567 0.426673
0.072 1.40815 0.458432
0.073 1.44932 0.491724
0.074 1.48901 0.526557
0.075 1.52702 0.562938
0.076 1.56318 0.600865
0.077 1.5973 0.640331
0.078 1.6292 0.681325
0.079 1.6587 0.723828
0.08 1.68563 0.767815
0.081 1.70983 0.813254
0.082 1.73112 0.860107
0.083 1.74936 0.908328
0.084 1.76439 0.957865
0.085 1.77609 1.00866
0.086 1.78431 1.06064
0.087 1.78894 1.11373
0.088 1.78987 1.16785
0.089 1.78701 1.22292
0.09 1.78027 1.27882
0.091 1.76958 1.33546
0.092 1.75488 1.39273
0.093 1.73614 1.45049
0.094 1.71333 1.50863
0.095 1.68644 1.56701
0.096 1.65547 1.62549
0.097 1.62044 1.68392
0.098 1.5814 1.74214
0.099 1.53839 1.8
0.1 1.4915 1.85733
0.101 1.44082 1.91395
0.102 1.38644 1.9697
0.103 1.3285 2.02439
0.104 1.26714 2.07783
0.105 1.20251 2.12985
0.106 1.1348 2.18024
0.107 1.06419 2.22882
0.108 0.990882 2.2754
0.109 0.915111 2.31978
0.11 0.837108 2.36176
0.111 0.757123 2.40116
0.112 0.675419 2.43778
0.113 0.592272 2.47143
0.114 0.507968 2.50192
0.115 0.422805 2.52907
0.116 0.337086 2.55271
0.117 0.251127 2.57266
0.118 0.165247 2.58874
0.119 0.0797737 2.60081
0.12 -0.00496403 2.6087
0.121 -0.0886324 2.61228
0.122 -0.170896 2.6114
0.123 -0.251421 2.60594
0.124 -0.329872 2.59579
0.125 -0.405919 2.58084
0.126 -0.479234 2.561
0.127 -0.549495 2.53619
0.128 -0.616388 2.50635
0.129 -0.679607 2.47142
0.13 -0.738856 2.43137
0.131 -0.793849 2.38617
0.132 -0.844314 2.33582
0.133 -0.889994 2.28033
0.134 -0.930646 2.21972
0.135 -0.966044 2.15403
0.136 -0.995979 2.08333
0.137 -1.02026 2.00769
0.138 -1.03873 1.9272
0.139 -1.05123 1.84197
0.14 -1.05763 1.75213
0.141 -1.05785 1.65784
0.142 -1.05179 1.55924
0.143 -1.03941 1.45652
0.144 -1.02067 1.34987
0.145 -0.995581 1.23951
0.146 -0.96416 1.12567
0.147 -0.926461 1.00859
0.148 -0.882558 0.888533
0.149 -0.832558 0.765769
0.15 -0.776592 0.640588
0.151 -0.714816 0.513291
0.152 -0.647416 0.384193
0.153 -0.574601 0.253617
0.154 -0.496609 0.121901
0.155 -0.413699 -0.0106099
0.156 -0.326158 -0.143562
0.157 -0.234294 -0.276593
0.158 -0.138438 -0.409334
0.159 -0.0389438 -0.541413
0.16 0.0638161 -0.672449
0.161 0.169449 -0.802064
0.162 0.277545 -0.929874
0.163 0.387677 -1.0555
0.164 0.499404 -1.17855
0.165 0.612272 -1.29865
0.166 0.725814 -1.41543
0.167 0.839556 -1.52852
0.168 0.953013 -1.63754
0.169 1.06569 -1.74215
0.17 1.17711 -1.84199
0.171 1.28676 -1.93674
0.172 1.39415 -2.02605
0.173 1.49878 -2.10963
0.174 1.60017 -2.18718
0.175 1.69783 -2.25841
0.176 1.79128 -2.32306
0.177 1.88006 -2.38089
0.178 1.96372 -2.43166
0.179 2.0418 -2.47517
0.18 2.1139 -2.51123
0.181 2.1796 -2.53969
0.182 2.23852 -2.56039
0.183 2.2903 -2.57324
0.184 2.33459 -2.57813
0.185 2.37107 -2.575
0.186 2.39947 -2.56381
0.187 2.41951 -2.54454
0.188 2.43097 -2.51722
0.189 2.43365 -2.48188
0.19 2.42738 -2.43859
0.191 2.41203 -2.38745
0.192 2.38749 -2.32857
0.193 2.3537 -2.26212
0.194 2.31064 -2.18827
0.195 2.2583 -2.10722
0.196 2.19673 -2.01921
0.197 2.12601 -1.92449
0.198 2.04626 -1.82334
0.199 1.95763 -1.71608
0.2 1.86031 -1.60304
0.201 1.75452 -1.48456
0.202 1.64054 -1.36103
0.203 1.51865 -1.23284
0.204 1.38919 -1.10042
0.205 1.25253 -0.964193
0.206 1.10905 -0.824616
0.207 0.959192 -0.682157
0.208 0.803412 -0.5373
0.209 0.642194 -0.390539
0.21 0.476052 -0.242383
0.211 0.305521 -0.0933451
0.212 0.131163 0.0560495
0.213 -0.0464426 0.205272
0.214 -0.226696 0.353789
0.215 -0.408982 0.501065
0.216 -0.592669 0.646564
0.217 -0.777117 0.789752
0.218 -0.961674 0.9301
0.219 -1.14568 1.06708
0.22 -1.32848 1.20018
0.221 -1.5094 1.32888
0.222 -1.68778 1.4527
0.223 -1.86296 1.57114
0.224 -2.03429 1.68374
0.225 -2.20112 1.79005
0.226 -2.36282 1.88963
0.227 -2.51877 1.98207
0.228 -2.66837 2.06697
0.229 -2.81103 2.14398
0.23 -2.94619 2.21274
0.231 -3.07331 2.27293
0.232 -3.19189 2.32428
0.233 -3.30143 2.36651
0.234 -3.40149 2.39941
0.235 -3.49165 2.42276
0.236 -3.57152 2.4364
0.237 -3.64075 2.44021
0.238 -3.69903 2.43407
0.239 -3.7461 2.41792
0.24 -3.78172 2.39174
0.241 -3.8057 2.35552
0.242 -3.81791 2.30931
0.243 -3.81824 2.25318
0.244 -3.80664 2.18723
0.245 -3.78309 2.11162
0.246 -3.74765 2.02653
0.247 -3.70038 1.93217
0.248 -3.64141 1.82878
0.249 -3.57093 1.71666
0.25 -3.48915 1.59611
0.251 -3.39634 1.46749
0.252 -3.2928 1.33117
0.253 -3.17889 1.18755
0.254 -3.055 1.03707
0.255 -2.92157 0.880195
0.256 -2.77907 0.717404
0.257 -2.62801 0.549209
0.258 -2.46895 0.376141
0.259 -2.30246 0.198752
0.26 -2.12916 0.0176096
0.261 -1.9497 -0.1667
0.262 -1.76473 -0.353577
0.263 -1.57497 -0.542411
0.264 -1.38113 -0.73258
0.265 -1.18394 -0.923455
0.266 -0.984163 -1.1144
0.267 -0.782562 -1.30479
0.268 -0.579918 -1.49396
0.269 -0.377016 -1.6813
0.27 -0.174647 -1.86617
0.271 0.026395 -2.04794
0.272 0.225321 -2.22599
0.273 0.421344 -2.39971
0.274 0.613687 -2.56852
0.275 0.801582 -2.73182
0.276 0.984277 -2.88907
0.277 1.16104 -3.03971
0.278 1.33115 -3.18323
0.279 1.49391 -3.31912
0.28 1.64867 -3.44693
0.281 1.79479 -3.56619
0.282 1.93166 -3.67649
0.283 2.0587 -3.77746
0.284 2.1754 -3.86873
0.285 2.28124 -3.94998
0.286 2.37579 -4.02093
0.287 2.45862 -4.08133
0.288 2.52938 -4.13097
0.289 2.58774 -4.16967
0.29 2.63344 -4.19729
0.291 2.66624 -4.21373
0.292 2.686 -4.21894
0.293 2.69258 -4.2129
0.294 2.68592 -4.19563
0.295 2.666 -4.16718
0.296 2.63287 -4.12766
0.297 2.58663 -4.0772
0.298 2.52741 -4.016
0.299 2.45542 -3.94425
0.3 2.3709 -3.86222
0.301 2.27417 -3.7702
0.302 2.16558 -3.66851
0.303 2.04552 -3.55752
0.304 1.91445 -3.43761
0.305 1.77287 -3.30922
0.306 1.62131 -3.1728
0.307 1.46037 -3.02884
0.308 1.29066 -2.87783
0.309 1.11285 -2.72033
0.31 0.927639 -2.55689
0.311 0.735753 -2.38808
0.312 0.537954 -2.21451
0.313 0.33503 -2.03679
0.314 0.127793 -1.85554
0.315 -0.0829245 -1.6714
0.316 -0.296272 -1.48503
0.317 -0.511385 -1.29707
0.318 -0.727389 -1.10819
0.319 -0.943401 -0.919042
0.32 -1.15853 -0.730289
0.321 -1.3719 -0.542586
0.322 -1.58262 -0.356584
0.323 -1.78982 -0.172924
0.324 -1.99263 0.00776292
0.325 -2.19019 0.184859
0.326 -2.38168 0.357762
0.327 -2.56629 0.525889
0.328 -2.74321 0.688675
0.329 -2.9117 0.845579
0.33 -3.07102 0.996084
0.331 -3.22047 1.1397
0.332 -3.3594 1.27596
0.333 -3.48719 1.40444
0.334 -3.60326 1.52473
0.335 -3.70707 1.63646
0.336 -3.79814 1.73932
0.337 -3.87604 1.83298
0.338 -3.94037 1.91721
0.339 -3.99082 1.99176
0.34 -4.02709 2.05647
0.341 -4.04898 2.11119
0.342 -4.0563 2.1558
0.343 -4.04897 2.19026
0.344 -4.02692 2.21453
0.345 -3.99017 2.22864
0.346 -3.93879 2.23264
0.347 -3.8729 2.22662
0.348 -3.7927 2.21074
0.349 -3.69843 2.18516
0.35 -3.59039 2.15009
0.351 -3.46894 2.1058
0.352 -3.33449 2.05257
0.353 -3.18751 1.99072
0.354 -3.02852 1.92061
0.355 -2.85809 1.84264
0.356 -2.67683 1.75721
0.357 -2.48541 1.66479
0.358 -2.28453 1.56584
0.359 -2.07494 1.46087
0.36 -1.85741 1.3504
0.361 -1.63276 1.23498
0.362 -1.40185 1.11517
0.363 -1.16554 0.991555
0.364 -0.924737 0.864719
0.365 -0.680354 0.73527
0.366 -0.43333 0.603823
0.367 -0.184614 0.470996
0.368 0.064836 0.337413
0.369 0.314056 0.203699
0.37 0.56208 0.0704757
0.371 0.807946 -0.0616374
0.372 1.0507 -0.192028
0.373 1.28939 -0.320094
0.374 1.52308 -0.445243
0.375 1.75087 -0.566898
0.376 1.97186 -0.684498
0.377 2.18518 -0.797502
0.378 2.39 -0.90539
0.379 2.58551 -1.00766
0.38 2.77094 -1.10385
0.381 2.94556 -1.1935
0.382 3.10869 -1.27621
0.383 3.25968 -1.35159
0.384 3.39794 -1.41928
0.385 3.52292 -1.47897
0.386 3.63414 -1.53038
0.387 3.73115 -1.57326
0.388 3.81358 -1.60739
0.389 3.88112 -1.63262
0.39 3.93349 -1.6488
0.391 3.9705 -1.65586
0.392 3.99202 -1.65372
0.393 3.99798 -1.64239
0.394 3.98836 -1.6219
0.395 3.96321 -1.59231
0.396 3.92267 -1.55372
0.397 3.86691 -1.5063
0.398 3.79617 -1.45023
0.399 3.71077 -1.38573
0.4 3.61106 -1.31307
0.401 3.49748 -1.23254
0.402 3.37052 -1.14448
0.403 3.23071 -1.04926
0.404 3.07865 -0.947267
0.405 2.915 -0.838938
0.406 2.74043 -0.724729
0.407 2.55571 -0.605122
0.408 2.36161 -0.480626
0.409 2.15896 -0.351769
0.41 1.94863 -0.219101
0.411 1.73152 -0.0831891
0.412 1.50854 0.0553841
0.413 1.28067 0.196024
0.414 1.04887 0.338127
0.415 0.814142 0.481079
0.416 0.577492 0.624264
0.417 0.33994 0.767062
0.418 0.102513 0.908856
0.419 -0.133761 1.04903
0.42 -0.367858 1.18697
0.421 -0.598758 1.32208
0.422 -0.825455 1.45377
0.423 -1.04696 1.58147
0.424 -1.26229 1.7046
0.425 -1.4705 1.82264
0.426 -1.67067 1.93505
0.427 -1.8619 2.04135
0.428 -2.04335 2.14107
0.429 -2.21419 2.23375
0.43 -2.37365 2.31899
0.431 -2.52099 2.3964
0.432 -2.65555 2.46563
0.433 -2.77668 2.52638
0.434 -2.88382 2.57836
0.435 -2.97644 2.62133
0.436 -3.05409 2.65509
0.437 -3.11637 2.67948
0.438 -3.16295 2.69439
0.439 -3.19356 2.69972
0.44 -3.20799 2.69544
0.441 -3.20611 2.68157
0.442 -3.18786 2.65814
0.443 -3.15322 2.62524
0.444 -3.10229 2.58301
0.445 -3.03518 2.53161
0.446 -2.95212 2.47126
0.447 -2.85337 2.40222
0.448 -2.73927 2.32478
0.449 -2.61024 2.23926
0.45 -2.46674 2.14604
0.451 -2.3093 2.04551
0.452 -2.13852 1.93812
0.453 -1.95506 1.82434
0.454 -1.75962 1.70465
0.455 -1.55295 1.57959
0.456 -1.33587 1.44972
0.457 -1.10924 1.3156
0.458 -0.873961 1.17783
0.459 -0.630965 1.03704
0.46 -0.381232 0.893848
0.461 -0.12577 0.748906
0.462 0.134384 0.60287
0.463 0.398171 0.456405
0.464 0.664511 0.310179
0.465 0.932308 0.164866
0.466 1.20046 0.0211362
0.467 1.46785 -0.120341
0.468 1.73336 -0.258906
0.469 1.9959 -0.393904
0.47 2.25434 -0.524696
0.471 2.50761 -0.650656
0.472 2.75463 -0.771176
0.473 2.99434 -0.88567
0.474 3.22572 -0.993573
0.475 3.44777 -1.09435
0.476 3.65952 -1.18748
0.477 3.86006 -1.27249
0.478 4.04849 -1.34893
0.479 4.22398 -1.41639
0.48 4.38575 -1.4745
0.481 4.53305 -1.5229
0.482 4.6652 -1.56131
0.483 4.7816 -1.58948
0.484 4.88168 -1.60718
0.485 4.96494 -1.61424
0.486 5.03096 -1.61055
0.487 5.07938 -1.59603
0.488 5.10991 -1.57064
0.489 5.12234 -1.5344
0.49 5.11652 -1.48737
0.491 5.09238 -1.42967
0.492 5.04993 -1.36145
0.493 4.98925 -1.28291
0.494 4.91048 -1.1943
0.495 4.81386 -1.09593
0.496 4.69969 -0.988117
0.497 4.56834 -0.871261
0.498 4.42025 -0.745782
0.499 4.25593 -0.612145
0.5 4.07598 -0.470855
0.501 3.88103 -0.322453
0.502 3.6718 -0.167514
0.503 3.44905 -0.00664859
0.504 3.21362 0.159505
0.505 2.96639 0.330279
0.506 2.70828 0.504981
0.507 2.44029 0.682896
0.508 2.16343 0.863289
0.509 1.87876 1.04541
0.51 1.58739 1.22848
0.511 1.29044 1.41174
0.512 0.989076 1.5944
0.513 0.684463 1.77567
0.514 0.3778 1.95475
0.515 0.0702925 2.13087
0.516 -0.236847 2.30323
0.517 -0.542402 2.47106
0.518 -0.84516 2.6336
0.519 -1.14392 2.7901
0.52 -1.43748 2.93982
0.521 -1.72467 3.08206
0.522 -2.00434 3.21614
0.523 -2.27536 3.34139
0.524 -2.53663 3.45718
0.525 -2.7871 3.56292
0.526 -3.02575 3.65805
0.527 -3.25161 3.74205
0.528 -3.46376 3.81443
0.529 -3.66131 3.87475
0.53 -3.84347 3.92262
0.531 -4.00947 3.95768
0.532 -4.15862 3.97964
0.533 -4.29031 3.98824
0.534 -4.40396 3.98328
0.535 -4.49911 3.96461
0.536 -4.57534 3.93214
0.537 -4.63231 3.88582
0.538 -4.66977 3.82566
0.539 -4.68754 3.75173
0.54 -4.68552 3.66415
0.541 -4.66369 3.56309
0.542 -4.62211 3.44878
0.543 -4.56092 3.3215
0.544 -4.48035 3.18158
0.545 -4.38069 3.02942
0.546 -4.26232 2.86545
0.547 -4.12571 2.69015
0.548 -3.97137 2.50405
0.549 -3.79992 2.30774
0.55 -3.61203 2.10183
0.551 -3.40845 1.88698
0.552 -3.18999 1.6639
0.553 -2.95752 1.43332
0.554 -2.71197 1.19602
0.555 -2.45434 0.952795
0.556 -2.18566 0.704473
0.557 -1.90702 0.45191
0.558 -1.61956 0.195981
0.559 -1.32444 -0.0624205
0.56 -1.02287 -0.322387
0.561 -0.716091 -0.582998
0.562 -0.405357 -0.843328
0.563 -0.09195 -1.10245
0.564 0.222836 -1.35942
0.565 0.537696 -1.61332
0.566 0.851323 -1.86322
0.567 1.16241 -2.10822
0.568 1.46966 -2.34742
0.569 1.77177 -2.57994
0.57 2.06749 -2.80491
0.571 2.35555 -3.02151
0.572 2.63474 -3.22893
0.573 2.90387 -3.4264
0.574 3.16178 -3.61316
0.575 3.40736 -3.78853
0.576 3.63955 -3.95183
0.577 3.85734 -4.10244
0.578 4.05976 -4.2398
0.579 4.24592 -4.36336
0.58 4.41497 -4.47266
0.581 4.56616 -4.56727
0.582 4.69879 -4.64682
0.583 4.81221 -4.71099
0.584 4.90589 -4.75952
0.585 4.97935 -4.79222
0.586 5.0322 -4.80894
0.587 5.06413 -4.80959
0.588 5.0749 -4.79417
0.589 5.06437 -4.7627
0.59 5.0325 -4.7153
0.591 4.9793 -4.65211
0.592 4.90488 -4.57337
0.593 4.80945 -4.47934
0.594 4.69329 -4.37038
0.595 4.55678 -4.24688
0.596 4.40035 -4.10929
0.597 4.22454 -3.95811
0.598 4.02996 -3.79392
0.599 3.81731 -3.61731
0.6 3.58734 -3.42895
0.601 3.34089 -3.22955
0.602 3.07887 -3.01985
0.603 2.80223 -2.80064
0.604 2.512 -2.57274
0.605 2.20928 -2.33703
0.606 1.8952 -2.09439
0.607 1.57095 -1.84575
0.608 1.23776 -1.59204
0.609 0.896903 -1.33424
0.61 0.549675 -1.07333
0.611 0.197413 -0.810299
0.612 -0.158528 -0.546165
0.613 -0.516773 -0.281935
0.614 -0.875935 -0.0186253
0.615 -1.23462 0.242754
0.616 -1.59143 0.501196
0.617 -1.94498 0.755704
0.618 -2.29389 1.0053
0.619 -2.63678 1.24901
0.62 -2.97232 1.48589
0.621 -3.29918 1.71504
0.622 -3.61607 1.93554
0.623 -3.92175 2.14656
0.624 -4.215 2.34727
0.625 -4.49466 2.53688
0.626 -4.75962 2.71464
0.627 -5.00882 2.87988
0.628 -5.24127 3.03192
0.629 -5.45603 3.17018
0.63 -5.65225 3.29411
0.631 -5.82914 3.40321
0.632 -5.98597 3.49706
0.633 -6.12212 3.57526
0.634 -6.23702 3.63751
0.635 -6.3302 3.68355
0.636 -6.40127 3.71318
0.637 -6.44993 3.72628
0.638 -6.47597 3.72277
0.639 -6.47927 3.70266
0.64 -6.45978 3.666
0.641 -6.41758 3.61292
0.642 -6.35279 3.54361
0.643 -6.26566 3.45832
0.644 -6.15652 3.35737
0.645 -6.02577 3.24112
0.646 -5.87392 3.11001
0.647 -5.70154 2.96454
0.648 -5.5093 2.80524
0.649 -5.29794 2.63272
0.65 -5.06829 2.44763
0.651 -4.82123 2.25068
0.652 -4.55774 2.0426
0.653 -4.27884 1.8242
0.654 -3.98562 1.59629
0.655 -3.67924 1.35976
0.656 -3.36089 1.11549
0.657 -3.03183 0.86443
0.658 -2.69335 0.607529
0.659 -2.34678 0.34577
0.66 -1.9935 0.0801546
0.661 -1.63489 -0.188302
0.662 -1.27237 -0.458573
0.663 -0.907373 -0.729624
0.664 -0.54134 -1.00042
0.665 -0.175721 -1.26992
0.666 0.188039 -1.53709
0.667 0.5485 -1.80092
0.668 0.904234 -2.06038
0.669 1.25383 -2.3145
0.67 1.59591 -2.5623
0.671 1.92911 -2.80282
0.672 2.25212 -3.03515
0.673 2.56365 -3.25841
0.674 2.86247 -3.47173
0.675 3.14739 -3.67431
0.676 3.41729 -3.86537
0.677 3.6711 -4.0442
0.678 3.90782 -4.21009
0.679 4.1265 -4.36244
0.68 4.32629 -4.50066
0.681 4.5064 -4.62422
0.682 4.66612 -4.73267
0.683 4.80482 -4.8256
0.684 4.92197 -4.90267
0.685 5.0171 -4.96358
0.686 5.08985 -5.00812
0.687 5.13995 -5.03613
0.688 5.16721 -5.04752
0.689 5.17154 -5.04225
0.69 5.15294 -5.02036
0.691 5.1115 -4.98196
0.692 5.04741 -4.9272
0.693 4.96095 -4.85632
0.694 4.85249 -4.76959
0.695 4.72247 -4.66738
0.696 4.57146 -4.55008
0.697 4.40007 -4.41817
0.698 4.20903 -4.27218
0.699 3.99913 -4.11266
0.7 3.77123 -3.94027
0.701 3.52629 -3.75567
0.702 3.26532 -3.55958
0.703 2.9894 -3.35278
0.704 2.69966 -3.13607
0.705 2.39732 -2.91029
0.706 2.08361 -2.67633
0.707 1.75983 -2.43509
0.708 1.42734 -2.1875
0.709 1.08749 -1.93453
0.71 0.741695 -1.67714
0.711 0.39139 -1.41633
0.712 0.038024 -1.1531
0.713 -0.316939 -0.888448
0.714 -0.672027 -0.623397
0.715 -1.02577 -0.358953
0.716 -1.37669 -0.0961196
0.717 -1.72333 0.164108
0.718 -2.06426 0.420749
0.719 -2.39804 0.672838
0.72 -2.7233 0.919432
0.721 -3.03865 1.15961
0.722 -3.3428 1.39249
0.723 -3.63446 1.6172
0.724 -3.9124 1.83293
0.725 -4.17546 2.03889
0.726 -4.42252 2.23433
0.727 -4.65253 2.41857
0.728 -4.86451 2.59094
0.729 -5.05756 2.75086
0.73 -5.23085 2.89777
0.731 -5.38362 3.03117
0.732 -5.5152 3.15064
0.733 -5.62501 3.25579
0.734 -5.71256 3.3463
0.735 -5.77743 3.42191
0.736 -5.81932 3.48243
0.737 -5.838 3.52772
0.738 -5.83335 3.55771
0.739 -5.80532 3.57239
0.74 -5.75399 3.57182
0.741 -5.67951 3.55611
0.742 -5.58213 3.52543
0.743 -5.4622 3.48004
0.744 -5.32014 3.42023
0.745 -5.15649 3.34636
0.746 -4.97185 3.25884
0.747 -4.76694 3.15815
0.748 -4.54252 3.04481
0.749 -4.29946 2.9194
0.75 -4.0387 2.78254
0.751 -3.76125 2.63491
0.752 -3.46818 2.47721
0.753 -3.16064 2.31021
0.754 -2.83983 2.1347
0.755 -2.50702 1.9515
0.756 -2.16349 1.76146
0.757 -1.81062 1.56548
0.758 -1.44978 1.36445
0.759 -1.0824 1.1593
0.76 -0.709932 0.95097
0.761 -0.333846 0.740413
0.762 0.0443679 0.528589
0.763 0.423212 0.316459
0.764 0.801186 0.104986
0.765 1.17679 -0.104873
0.766 1.54853 -0.312169
0.767 1.91494 -0.515965
0.768 2.27455 -0.71534
0.769 2.62594 -0.909395
0.77 2.96772 -1.09725
0.771 3.29852 -1.27807
0.772 3.61703 -1.45102
0.773 3.92198 -1.61533
0.774 4.21217 -1.77024
0.775 4.48644 -1.91507
0.776 4.7437 -2.04914
0.777 4.98293 -2.17184
0.778 5.20319 -2.28261
0.779 5.4036 -2.38093
0.78 5.58338 -2.46636
0.781 5.7418 -2.53847
0.782 5.87826 -2.59693
0.783 5.99223 -2.64145
0.784 6.08325 -2.6718
0.785 6.15097 -2.68781
0.786 6.19516 -2.68939
0.787 6.21564 -2.67648
0.788 6.21235 -2.6491
0.789 6.18533 -2.60734
0.79 6.13471 -2.55134
0.791 6.06071 -2.48131
0.792 5.96366 -2.39751
0.793 5.84397 -2.30026
0.794 5.70214 -2.18995
0.795 5.53878 -2.06702
0.796 5.35457 -1.93196
0.797 5.15028 -1.78531
0.798 4.92677 -1.62768
0.799 4.68496 -1.45971
0.8 4.42586 -1.28208
0.801 4.15056 -1.09554
0.802 3.86018 -0.900846
0.803 3.55594 -0.698816
0.804 3.23911 -0.490288
0.805 2.91099 -0.276131
0.806 2.57294 -0.057241
0.807 2.22638 0.165463
0.808 1.87273 0.391047
0.809 1.51346 0.61856
0.81 1.15007 0.847041
0.811 0.78406 1.07552
0.812 0.416953 1.30304
0.813 0.0502734 1.52863
0.814 -0.314456 1.75131
0.815 -0.675717 1.97016
0.816 -1.03201 2.18422
0.817 -1.38184 2.39258
0.818 -1.72377 2.59434
0.819 -2.05635 2.78863
0.82 -2.37821 2.97461
0.821 -2.68799 3.15146
0.822 -2.98441 3.31842
0.823 -3.26621 3.47474
0.824 -3.53221 3.61974
0.825 -3.7813 3.75278
0.826 -4.01241 3.87325
0.827 -4.22459 3.98061
0.828 -4.41691 4.07437
0.829 -4.58857 4.15408
0.83 -4.73882 4.21938
0.831 -4.86703 4.26993
0.832 -4.97262 4.30548
0.833 -5.05514 4.32584
0.834 -5.11421 4.33086
0.835 -5.14955 4.32047
0.836 -5.161 4.29467
0.837 -5.14847 4.25351
0.838 -5.11197 4.19711
0.839 -5.05162 4.12566
0.84 -4.96765 4.0394
0.841 -4.86036 3.93864
0.842 -4.73016 3.82376
0.843 -4.57755 3.69517
0.844 -4.40313 3.55338
0.845 -4.20759 3.39891
0.846 -3.99171 3.23237
0.847 -3.75633 3.05442
0.848 -3.5024 2.86573
0.849 -3.23095 2.66707
0.85 -2.94305 2.45921
0.851 -2.63987 2.24299
0.852 -2.32263 2.01926
0.853 -1.99263 1.78893
0.854 -1.65119 1.55292
0.855 -1.29971 1.31219
0.856 -0.939611 1.06771
0.857 -0.572367 0.820474
0.858 -0.199478 0.571489
0.859 0.17753 0.321772
0.86 0.557113 0.0723459
0.861 0.937712 -0.175764
0.862 1.31776 -0.421537
0.863 1.6957 -0.663957
0.864 2.06996 -0.902021
0.865 2.43899 -1.13474
0.866 2.80128 -1.36114
0.867 3.1553 -1.58029
0.868 3.4996 -1.79126
0.869 3.83273 -1.99315
0.87 4.1533 -2.18513
0.871 4.45996 -2.36638
0.872 4.75143 -2.53612
0.873 5.02646 -2.69363
0.874 5.2839 -2.83822
0.875 5.52264 -2.96928
0.876 5.74166 -3.08622
0.877 5.94001 -3.18853
0.878 6.11683 -3.27575
0.879 6.27134 -3.34747
0.88 6.40284 -3.40338
0.881 6.51075 -3.44318
0.882 6.59454 -3.46669
0.883 6.65383 -3.47375
0.884 6.68829 -3.46429
0.885 6.69771 -3.4383
0.886 6.68199 -3.39586
0.887 6.64112 -3.33708
0.888 6.57519 -3.26217
0.889 6.48439 -3.17139
0.89 6.36901 -3.06507
0.891 6.22946 -2.9436
0.892 6.06621 -2.80744
0.893 5.87987 -2.6571
0.894 5.6711 -2.49318
0.895 5.44068 -2.3163
0.896 5.18946 -2.12715
0.897 4.91841 -1.92649
0.898 4.62853 -1.7151
0.899 4.32092 -1.49382
0.9 3.99678 -1.26353
0.901 3.65733 -1.02516
0.902 3.30389 -0.779673
0.903 2.93781 -0.528051
0.904 2.56051 -0.271318
0.905 2.17346 -0.0105184
0.906 1.77815 0.253284
0.907 1.37614 0.519007
0.908 0.968969 0.785559
0.909 0.558245 1.05184
0.91 0.145567 1.31675
0.911 -0.267449 1.57917
0.912 -0.679185 1.83803
0.913 -1.08803 2.09223
0.914 -1.49237 2.34069
0.915 -1.89063 2.58238
0.916 -2.28123 2.81625
0.917 -2.66264 3.0413
0.918 -3.03337 3.25658
0.919 -3.39195 3.46113
0.92 -3.73696 3.65407
0.921 -4.06705 3.83453
0.922 -4.38093 4.00173
0.923 -4.67734 4.15489
0.924 -4.95513 4.29331
0.925 -5.21319 4.41635
0.926 -5.45052 4.52341
0.927 -5.66618 4.61398
0.928 -5.85932 4.68757
0.929 -6.02918 4.7438
0.93 -6.1751 4.78232
0.931 -6.2965 4.80288
0.932 -6.39292 4.80528
0.933 -6.46397 4.7894
0.934 -6.5094 4.75518
0.935 -6.52902 4.70264
0.936 -6.52278 4.63188
0.937 -6.49071 4.54305
0.938 -6.43295 4.4364
0.939 -6.34975 4.31222
0.94 -6.24146 4.17089
0.941 -6.10851 4.01285
0.942 -5.95147 3.83861
0.943 -5.77096 3.64875
0.944 -5.56774 3.4439
0.945 -5.34263 3.22474
0.946 -5.09654 2.99205
0.947 -4.83049 2.74662
0.948 -4.54555 2.48932
0.949 -4.24288 2.22105
0.95 -3.92371 1.94277
0.951 -3.58935 1.65546
0.952 -3.24116 1.36017
0.953 -2.88054 1.05796
0.954 -2.50898 0.749913
0.955 -2.12797 0.437159
0.956 -1.73907 0.120836
0.957 -1.34387 -0.1979
0.958 -0.943964 -0.517881
0.959 -0.540996 -0.83793
0.96 -0.136603 -1.15687
0.961 0.267566 -1.47352
0.962 0.66986 -1.78672
0.963 1.06864 -2.0953
0.964 1.46227 -2.39813
0.965 1.84915 -2.69407
0.966 2.22769 -2.98204
0.967 2.59634 -3.26095
0.968 2.95358 -3.52978
0.969 3.29796 -3.78752
0.97 3.62805 -4.03321
0.971 3.9425 -4.26595
0.972 4.24001 -4.48486
0.973 4.51934 -4.68914
0.974 4.77934 -4.87801
0.975 5.01894 -5.0508
0.976 5.23712 -5.20684
0.977 5.43297 -5.34558
0.978 5.60568 -5.46649
0.979 5.7545 -5.56914
0.98 5.8788 -5.65315
0.981 5.97804 -5.71822
0.982 6.05179 -5.76413
0.983 6.0997 -5.79071
0.984 6.12154 -5.79788
0.985 6.11719 -5.78564
0.986 6.08662 -5.75405
0.987 6.02991 -5.70325
0.988 5.94726 -5.63345
0.989 5.83894 -5.54495
0.99 5.70536 -5.43809
0.991 5.54701 -5.31331
0.992 5.36448 -5.17111
0.993 5.15848 -5.01205
0.994 4.92978 -4.83675
0.995 4.67927 -4.64591
0.996 4.40791 -4.44028
0.997 4.11676 -4.22067
0.998 3.80694 -3.98792
0.999 3.47967 -3.74297
1 3.13622 -3.48675
