0.001 3.40215e-008 2.55887e-009
0.002 3.09907e-007 2.05509e-008
0.003 1.46157e-006 8.52834e-008
0.004 4.84304e-006 2.5028e-007
0.005 1.28193e-005 5.93728e-007
0.006 2.90473e-005 1.22258e-006
0.007 5.87438e-005 2.27878e-006
0.008 0.000108939 3.94797e-006
0.009 0.000188713 6.47115e-006
0.01 0.000309411 1.01595e-005
0.011 0.000484837 1.5413e-005
0.012 0.000731428 2.27423e-005
0.013 0.00106839 3.27958e-005
0.014 0.00151784 4.63894e-005
0.015 0.00210486 6.4542e-005
0.016 0.00285758 8.85148e-005
0.017 0.00380719 0.000119855
0.018 0.00498798 0.000160443
0.019 0.00643723 0.000212548
0.02 0.00819521 0.000278881
0.021 0.010305 0.000362658
0.022 0.0128126 0.000467661
0.023 0.0157662 0.00059831
0.024 0.0192166 0.000759731
0.025 0.0232168 0.000957827
0.026 0.0278215 0.00119936
0.027 0.033087 0.001492
0.028 0.0390708 0.00184446
0.029 0.0458315 0.00226652
0.03 0.0534279 0.0027691
0.031 0.0619194 0.00336437
0.032 0.0713647 0.00406583
0.033 0.081822 0.00488833
0.034 0.0933483 0.00584817
0.035 0.105999 0.00696316
0.036 0.119827 0.00825267
0.037 0.134884 0.00973769
0.038 0.151217 0.0114409
0.039 0.168871 0.0133865
0.04 0.187885 0.0156008
0.041 0.208295 0.0181113
0.042 0.230132 0.0209478
0.043 0.253421 0.0241413
0.044 0.278183 0.0277251
0.045 0.304429 0.0317337
0.046 0.332166 0.0362035
0.047 0.361395 0.0411724
0.048 0.392107 0.04668
0.049 0.424287 0.0527671
0.05 0.45791 0.0594761
0.051 0.492946 0.0668505
0.052 0.529354 0.0749349
0.053 0.567085 0.0837748
0.054 0.606081 0.0934168
0.055 0.646277 0.103908
0.056 0.687596 0.115295
0.057 0.729954 0.127627
0.058 0.773259 0.140951
0.059 0.817409 0.155314
0.06 0.862294 0.170763
0.061 0.907795 0.187346
0.062 0.953785 0.205107
0.063 1.00013 0.22409
0.064 1.04669 0.244338
0.065 1.09332 0.265892
0.066 1.13985 0.288791
0.067 1.18614 0.313069
0.068 1.23201 0.338761
0.069 1.27729 0.365896
0.07 1.32181 0.394503
0.071 1.36539 0.424602
0.072 1.40784 0.456214
0.073 1.44899 0.489353
0.074 1.48865 0.524028
0.075 1.52663 0.560245
0.076 1.56276 0.598003
0.077 1.59684 0.637295
0.078 1.6287 0.67811
0.079 1.65816 0.720429
0.08 1.68504 0.764229
0.081 1.70919 0.809477
0.082 1.73043 0.856135
0.083 1.74862 0.90416
0.084 1.76359 0.953498
0.085 1.77522 1.00409
0.086 1.78338 1.05587
0.087 1.78794 1.10876
0.088 1.7888 1.16268
0.089 1.78586 1.21754
0.09 1.77904 1.27325
0.091 1.76827 1.32969
0.092 1.75348 1.38676
0.093 1.73465 1.44434
0.094 1.71174 1.5023
0.095 1.68475 1.5605
0.096 1.65367 1.61881
0.097 1.61854 1.67708
0.098 1.57938 1.73515
0.099 1.53626 1.79286
0.1 1.48925 1.85006
0.101 1.43844 1.90656
0.102 1.38394 1.9622
0.103 1.32587 2.0168
0.104 1.26437 2.07016
0.105 1.1996 2.12212
0.106 1.13175 2.17246
0.107 1.06099 2.22102
0.108 0.987541 2.26759
0.109 0.911622 2.31197
0.11 0.833469 2.35399
0.111 0.753333 2.39344
0.112 0.671477 2.43013
0.113 0.588178 2.46388
0.114 0.503721 2.49449
0.115 0.418405 2.52179
0.116 0.332535 2.5456
0.117 0.246426 2.56574
0.118 0.160398 2.58204
0.119 0.0747787 2.59435
0.12 -0.0101017 2.60252
0.121 -0.093909 2.60639
0.122 -0.176308 2.60584
0.123 -0.256962 2.60073
0.124 -0.335538 2.59096
0.125 -0.411702 2.57641
0.126 -0.485128 2.557
0.127 -0.555493 2.53264
0.128 -0.622481 2.50328
0.129 -0.685786 2.46885
0.13 -0.745111 2.42932
0.131 -0.800169 2.38467
0.132 -0.850689 2.33489
0.133 -0.896412 2.27999
0.134 -0.937093 2.21999
0.135 -0.972507 2.15493
0.136 -1.00245 2.08487
0.137 -1.02672 2.00989
0.138 -1.04516 1.93007
0.139 -1.05761 1.84553
0.14 -1.06396 1.75639
0.141 -1.06409 1.66279
0.142 -1.05794 1.5649
0.143 -1.04544 1.46289
0.144 -1.02658 1.35696
0.145 -1.00134 1.24732
0.146 -0.969748 1.1342
0.147 -0.931858 1.01782
0.148 -0.887747 0.898469
0.149 -0.837517 0.776399
0.15 -0.7813 0.6519
0.151 -0.719254 0.525272
0.152 -0.651563 0.396826
0.153 -0.578438 0.266885
0.154 -0.500114 0.135781
0.155 -0.416852 0.00385939
0.156 -0.32894 -0.128529
0.157 -0.236684 -0.261025
0.158 -0.140418 -0.393262
0.159 -0.0404944 -0.524869
0.16 0.0627128 -0.655469
0.161 0.168811 -0.784684
0.162 0.277388 -0.912134
0.163 0.388018 -1.03744
0.164 0.500258 -1.16021
0.165 0.613654 -1.28009
0.166 0.727737 -1.39668
0.167 0.842032 -1.50963
0.168 0.956052 -1.61857
0.169 1.06931 -1.72314
0.17 1.1813 -1.823
0.171 1.29154 -1.91781
0.172 1.39953 -2.00725
0.173 1.50476 -2.091
0.174 1.60675 -2.16878
0.175 1.70502 -2.24029
0.176 1.79907 -2.30528
0.177 1.88846 -2.3635
0.178 1.97271 -2.41472
0.179 2.05139 -2.45873
0.18 2.12407 -2.49535
0.181 2.19035 -2.52441
0.182 2.24983 -2.54578
0.183 2.30216 -2.55933
0.184 2.34698 -2.56497
0.185 2.38399 -2.56264
0.186 2.41289 -2.5523
0.187 2.43341 -2.53392
0.188 2.44534 -2.50753
0.189 2.44845 -2.47315
0.19 2.4426 -2.43086
0.191 2.42763 -2.38075
0.192 2.40345 -2.32294
0.193 2.36998 -2.25758
0.194 2.32721 -2.18484
0.195 2.27513 -2.10492
0.196 2.21379 -2.01805
0.197 2.14326 -1.92448
0.198 2.06366 -1.8245
0.199 1.97515 -1.71841
0.2 1.8779 -1.60653
0.201 1.77215 -1.48922
0.202 1.65816 -1.36685
0.203 1.53623 -1.23981
0.204 1.40668 -1.10851
0.205 1.26988 -0.973397
0.206 1.12623 -0.834904
0.207 0.976152 -0.693502
0.208 0.820111 -0.549668
0.209 0.658589 -0.403895
0.21 0.4921 -0.256685
0.211 0.321181 -0.10855
0.212 0.146392 0.03999
0.213 -0.0316844 0.18841
0.214 -0.212449 0.33618
0.215 -0.395285 0.482767
0.216 -0.579561 0.62764
0.217 -0.764633 0.770267
0.218 -0.94985 0.910121
0.219 -1.13455 1.04668
0.22 -1.31807 1.17943
0.221 -1.49975 1.30786
0.222 -1.67891 1.43148
0.223 -1.8549 1.5498
0.224 -2.02706 1.66236
0.225 -2.19475 1.76871
0.226 -2.35732 1.86842
0.227 -2.51416 1.96107
0.228 -2.66466 2.04627
0.229 -2.80823 2.12365
0.23 -2.94432 2.19287
0.231 -3.07237 2.25361
0.232 -3.19187 2.30558
0.233 -3.30234 2.34852
0.234 -3.40332 2.3822
0.235 -3.4944 2.40642
0.236 -3.57517 2.42101
0.237 -3.6453 2.42583
0.238 -3.70446 2.42078
0.239 -3.75239 2.40579
0.24 -3.78884 2.38083
0.241 -3.81364 2.3459
0.242 -3.82663 2.30103
0.243 -3.82772 2.24629
0.244 -3.81683 2.18179
0.245 -3.79397 2.10768
0.246 -3.75917 2.02412
0.247 -3.7125 1.93133
0.248 -3.6541 1.82955
0.249 -3.58413 1.71906
0.25 -3.50281 1.60016
0.251 -3.41041 1.47321
0.252 -3.30723 1.33856
0.253 -3.19363 1.19663
0.254 -3.06999 1.04783
0.255 -2.93675 0.892634
0.256 -2.79439 0.731508
0.257 -2.64342 0.564959
0.258 -2.48437 0.393514
0.259 -2.31784 0.217717
0.26 -2.14444 0.0381331
0.261 -1.96482 -0.144659
0.262 -1.77963 -0.330066
0.263 -1.58959 -0.517481
0.264 -1.39541 -0.706289
0.265 -1.19782 -0.895866
0.266 -0.997585 -1.08558
0.267 -0.795471 -1.2748
0.268 -0.592259 -1.4629
0.269 -0.388735 -1.64924
0.27 -0.185694 -1.83319
0.271 0.0160705 -2.01413
0.272 0.215766 -2.19145
0.273 0.412603 -2.36453
0.274 0.605801 -2.5328
0.275 0.794591 -2.69567
0.276 0.978217 -2.85258
0.277 1.15594 -3.003
0.278 1.32704 -3.1464
0.279 1.49083 -3.28228
0.28 1.64663 -3.41018
0.281 1.79381 -3.52966
0.282 1.93175 -3.64029
0.283 2.05988 -3.74168
0.284 2.17767 -3.8335
0.285 2.28462 -3.91541
0.286 2.38026 -3.98712
0.287 2.46418 -4.04839
0.288 2.53602 -4.099
0.289 2.59545 -4.13877
0.29 2.64219 -4.16757
0.291 2.67603 -4.18528
0.292 2.69678 -4.19186
0.293 2.70434 -4.18727
0.294 2.69861 -4.17153
0.295 2.6796 -4.1447
0.296 2.64733 -4.10687
0.297 2.6019 -4.05818
0.298 2.54345 -3.9988
0.299 2.47217 -3.92895
0.3 2.38832 -3.84886
0.301 2.29219 -3.75883
0.302 2.18413 -3.65918
0.303 2.06455 -3.55026
0.304 1.93389 -3.43246
0.305 1.79265 -3.30619
0.306 1.64137 -3.17191
0.307 1.48063 -3.0301
0.308 1.31105 -2.88125
0.309 1.1333 -2.7259
0.31 0.948069 -2.5646
0.311 0.756088 -2.39792
0.312 0.558119 -2.22645
0.313 0.354949 -2.0508
0.314 0.14739 -1.87159
0.315 -0.0637238 -1.68944
0.316 -0.277542 -1.50501
0.317 -0.493199 -1.31895
0.318 -0.709819 -1.13189
0.319 -0.926517 -0.944505
0.32 -1.1424 -0.757442
0.321 -1.35659 -0.571352
0.322 -1.5682 -0.38688
0.323 -1.77634 -0.204664
0.324 -1.98015 -0.0253298
0.325 -2.17877 0.150508
0.326 -2.37137 0.322253
0.327 -2.55713 0.489322
0.328 -2.73525 0.651155
0.329 -2.90498 0.807214
0.33 -3.06557 0.956983
0.331 -3.21633 1.09997
0.332 -3.35659 1.23572
0.333 -3.48573 1.3638
0.334 -3.60317 1.48381
0.335 -3.70836 1.59538
0.336 -3.80083 1.69818
0.337 -3.88012 1.79191
0.338 -3.94585 1.8763
0.339 -3.99767 1.95115
0.34 -4.03532 2.01625
0.341 -4.05856 2.07147
0.342 -4.06722 2.1167
0.343 -4.06118 2.15186
0.344 -4.04041 2.17695
0.345 -4.0049 2.19196
0.346 -3.95471 2.19696
0.347 -3.88997 2.19203
0.348 -3.81087 2.17731
0.349 -3.71765 2.15298
0.35 -3.6106 2.11924
0.351 -3.49007 2.07633
0.352 -3.35648 2.02455
0.353 -3.2103 1.96422
0.354 -3.05204 1.89567
0.355 -2.88226 1.8193
0.356 -2.70157 1.73552
0.357 -2.51065 1.64478
0.358 -2.31019 1.54754
0.359 -2.10093 1.44429
0.36 -1.88365 1.33557
0.361 -1.65918 1.2219
0.362 -1.42835 1.10384
0.363 -1.19205 0.981965
0.364 -0.951163 0.856865
0.365 -0.706617 0.729136
0.366 -0.459347 0.599385
0.367 -0.210304 0.468226
0.368 0.039552 0.336276
0.369 0.289256 0.204156
0.37 0.537839 0.0724814
0.371 0.784338 -0.0581331
0.372 1.02779 -0.18708
0.373 1.26725 -0.313761
0.374 1.50178 -0.43759
0.375 1.73046 -0.557992
0.376 1.9524 -0.674412
0.377 2.16673 -0.78631
0.378 2.3726 -0.893169
0.379 2.5692 -0.994494
0.38 2.75577 -1.08982
0.381 2.93156 -1.17869
0.382 3.09588 -1.26071
0.383 3.24809 -1.33548
0.384 3.38758 -1.40266
0.385 3.51381 -1.46192
0.386 3.62629 -1.51299
0.387 3.72456 -1.55562
0.388 3.80824 -1.5896
0.389 3.87702 -1.61476
0.39 3.93063 -1.63096
0.391 3.96885 -1.63812
0.392 3.99156 -1.63617
0.393 3.99866 -1.62511
0.394 3.99016 -1.60496
0.395 3.9661 -1.57579
0.396 3.92659 -1.5377
0.397 3.8718 -1.49085
0.398 3.80199 -1.4354
0.399 3.71745 -1.3716
0.4 3.61855 -1.29968
0.401 3.50571 -1.21996
0.402 3.37941 -1.13275
0.403 3.24019 -1.03843
0.404 3.08865 -0.937373
0.405 2.92543 -0.830018
0.406 2.75122 -0.716812
0.407 2.56677 -0.598233
0.408 2.37286 -0.474785
0.409 2.17032 -0.346992
0.41 1.96001 -0.215399
0.411 1.74282 -0.0805666
0.412 1.5197 0.0569269
0.413 1.29158 0.196492
0.414 1.05946 0.337528
0.415 0.82432 0.479429
0.416 0.587179 0.62158
0.417 0.349056 0.763369
0.418 0.11098 0.904179
0.419 -0.126018 1.0434
0.42 -0.36091 1.18043
0.421 -0.592674 1.31466
0.422 -0.820299 1.44551
0.423 -1.04279 1.57241
0.424 -1.25916 1.6948
0.425 -1.46847 1.81215
0.426 -1.66978 1.92392
0.427 -1.8622 2.02964
0.428 -2.04487 2.12882
0.429 -2.21696 2.22103
0.43 -2.37769 2.30586
0.431 -2.52633 2.38291
0.432 -2.66219 2.45185
0.433 -2.78464 2.51237
0.434 -2.89308 2.56417
0.435 -2.98701 2.60703
0.436 -3.06595 2.64073
0.437 -3.1295 2.66512
0.438 -3.17732 2.68008
0.439 -3.20914 2.68553
0.44 -3.22475 2.68142
0.441 -3.224 2.66776
0.442 -3.20683 2.64459
0.443 -3.17322 2.612
0.444 -3.12325 2.57011
0.445 -3.05704 2.5191
0.446 -2.97479 2.45918
0.447 -2.87678 2.3906
0.448 -2.76335 2.31364
0.449 -2.63489 2.22863
0.45 -2.49187 2.13594
0.451 -2.33483 2.03596
0.452 -2.16435 1.92913
0.453 -1.98108 1.81591
0.454 -1.78572 1.6968
0.455 -1.57904 1.57232
0.456 -1.36185 1.44302
0.457 -1.13499 1.30947
0.458 -0.899373 1.17226
0.459 -0.655934 1.032
0.46 -0.405649 0.889335
0.461 -0.149528 0.744894
0.462 0.111391 0.599333
0.463 0.376048 0.453313
0.464 0.64336 0.307502
0.465 0.912229 0.162569
0.466 1.18155 0.0191814
0.467 1.4502 -0.121994
0.468 1.71707 -0.260297
0.469 1.98104 -0.395078
0.47 2.241 -0.525699
0.471 2.49586 -0.651534
0.472 2.74454 -0.771978
0.473 2.98598 -0.886444
0.474 3.21915 -0.994368
0.475 3.44303 -1.09521
0.476 3.65667 -1.18846
0.477 3.85912 -1.27364
0.478 4.04951 -1.3503
0.479 4.22697 -1.41802
0.48 4.39072 -1.47643
0.481 4.54002 -1.52518
0.482 4.67417 -1.56399
0.483 4.79255 -1.59258
0.484 4.8946 -1.61074
0.485 4.97981 -1.61831
0.486 5.04774 -1.61515
0.487 5.09804 -1.60118
0.488 5.13039 -1.57636
0.489 5.14459 -1.54072
0.49 5.14048 -1.4943
0.491 5.11798 -1.43722
0.492 5.07708 -1.36962
0.493 5.01787 -1.2917
0.494 4.94048 -1.20372
0.495 4.84514 -1.10596
0.496 4.73215 -0.998748
0.497 4.60186 -0.882473
0.498 4.45473 -0.757551
0.499 4.29125 -0.624443
0.5 4.112 -0.483648
0.501 3.91764 -0.335702
0.502 3.70886 -0.181177
0.503 3.48643 -0.0206761
0.504 3.25117 0.145165
0.505 3.00398 0.315684
0.506 2.74578 0.490193
0.507 2.47754 0.66798
0.508 2.2003 0.848315
0.509 1.91512 1.03045
0.51 1.62309 1.21362
0.511 1.32534 1.39705
0.512 1.02305 1.57996
0.513 0.717369 1.76157
0.514 0.409513 1.94108
0.515 0.100687 2.11771
0.516 -0.207892 2.29067
0.517 -0.515002 2.4592
0.518 -0.819426 2.62253
0.519 -1.11995 2.77991
0.52 -1.41538 2.9306
0.521 -1.70453 3.07391
0.522 -1.98624 3.20914
0.523 -2.25938 3.33563
0.524 -2.52284 3.45275
0.525 -2.77556 3.55991
0.526 -3.01651 3.65653
0.527 -3.24471 3.7421
0.528 -3.45923 3.81613
0.529 -3.65918 3.87817
0.53 -3.84374 3.92782
0.531 -4.01215 3.96473
0.532 -4.1637 3.98859
0.533 -4.29777 3.99914
0.534 -4.41379 3.99618
0.535 -4.51125 3.97954
0.536 -4.58976 3.94914
0.537 -4.64895 3.90491
0.538 -4.68856 3.84686
0.539 -4.7084 3.77505
0.54 -4.70837 3.6896
0.541 -4.68843 3.59066
0.542 -4.64864 3.47846
0.543 -4.58913 3.35327
0.544 -4.51012 3.21542
0.545 -4.41189 3.06529
0.546 -4.29483 2.9033
0.547 -4.15937 2.72993
0.548 -4.00604 2.54571
0.549 -3.83545 2.35121
0.55 -3.64826 2.14703
0.551 -3.44521 1.93384
0.552 -3.22712 1.71232
0.553 -2.99485 1.48321
0.554 -2.74933 1.24727
0.555 -2.49155 1.00529
0.556 -2.22255 0.758106
0.557 -1.94341 0.506557
0.558 -1.65527 0.251513
0.559 -1.35931 -0.00613643
0.56 -1.05672 -0.265489
0.561 -0.748743 -0.525628
0.562 -0.436649 -0.785633
0.563 -0.121717 -1.04457
0.564 0.194754 -1.30152
0.565 0.511455 -1.55556
0.566 0.827071 -1.80575
0.567 1.14029 -2.0512
0.568 1.4498 -2.29101
0.569 1.75432 -2.52429
0.57 2.05255 -2.75019
0.571 2.34324 -2.96787
0.572 2.62517 -3.17653
0.573 2.89712 -3.37538
0.574 3.15793 -3.56369
0.575 3.4065 -3.74075
0.576 3.64173 -3.90588
0.577 3.8626 -4.05847
0.578 4.06816 -4.19793
0.579 4.25747 -4.32374
0.58 4.4297 -4.4354
0.581 4.58407 -4.53249
0.582 4.71986 -4.61462
0.583 4.83643 -4.68148
0.584 4.93322 -4.73279
0.585 5.00975 -4.76835
0.586 5.06561 -4.78801
0.587 5.10047 -4.79168
0.588 5.1141 -4.77932
0.589 5.10635 -4.75097
0.59 5.07713 -4.70671
0.591 5.02648 -4.64671
0.592 4.95448 -4.57116
0.593 4.86134 -4.48034
0.594 4.74732 -4.37457
0.595 4.61279 -4.25425
0.596 4.45819 -4.11982
0.597 4.28403 -3.97177
0.598 4.09093 -3.81064
0.599 3.87956 -3.63705
0.6 3.65069 -3.45164
0.601 3.40514 -3.2551
0.602 3.1438 -3.04818
0.603 2.86765 -2.83165
0.604 2.57771 -2.60632
0.605 2.27506 -2.37306
0.606 1.96084 -2.13275
0.607 1.63623 -1.88629
0.608 1.30247 -1.63463
0.609 0.960825 -1.37872
0.61 0.6126 -1.11954
0.611 0.259132 -0.858083
0.612 -0.0982197 -0.595348
0.613 -0.458078 -0.332341
0.614 -0.81905 -0.0700709
0.615 -1.17974 0.190453
0.616 -1.53874 0.44823
0.617 -1.89465 0.702265
0.618 -2.24609 0.951579
0.619 -2.59168 1.19521
0.62 -2.93006 1.43221
0.621 -3.25991 1.66166
0.622 -3.57993 1.88268
0.623 -3.88884 2.09441
0.624 -4.18545 2.29601
0.625 -4.46856 2.48671
0.626 -4.73705 2.66575
0.627 -4.98986 2.83244
0.628 -5.22598 2.98613
0.629 -5.44446 3.1262
0.63 -5.64442 3.25211
0.631 -5.82507 3.36336
0.632 -5.98568 3.4595
0.633 -6.12559 3.54014
0.634 -6.24422 3.60497
0.635 -6.34111 3.65372
0.636 -6.41583 3.68618
0.637 -6.46809 3.70221
0.638 -6.49764 3.70174
0.639 -6.50436 3.68476
0.64 -6.4882 3.6513
0.641 -6.4492 3.6015
0.642 -6.38749 3.53551
0.643 -6.30331 3.45359
0.644 -6.19695 3.35604
0.645 -6.06883 3.24321
0.646 -5.91944 3.11553
0.647 -5.74934 2.97347
0.648 -5.5592 2.81758
0.649 -5.34974 2.64844
0.65 -5.12179 2.46668
0.651 -4.87622 2.27301
0.652 -4.614 2.06815
0.653 -4.33616 1.85288
0.654 -4.04377 1.62802
0.655 -3.738 1.39444
0.656 -3.42003 1.15301
0.657 -3.09112 0.904671
0.658 -2.75256 0.650359
0.659 -2.40569 0.39105
0.66 -2.05187 0.127736
0.661 -1.69251 -0.138576
0.662 -1.32901 -0.406866
0.663 -0.962823 -0.676109
0.664 -0.595386 -0.945273
0.665 -0.228158 -1.21333
0.666 0.13741 -1.47925
0.667 0.499869 -1.74201
0.668 0.857785 -2.00062
0.669 1.20974 -2.25408
0.67 1.55433 -2.50141
0.671 1.89021 -2.74169
0.672 2.21603 -2.97398
0.673 2.5305 -3.1974
0.674 2.83238 -3.41109
0.675 3.12047 -3.61425
0.676 3.39363 -3.8061
0.677 3.65078 -3.9859
0.678 3.8909 -4.15298
0.679 4.11304 -4.30671
0.68 4.31632 -4.44649
0.681 4.49994 -4.5718
0.682 4.66318 -4.68218
0.683 4.8054 -4.77721
0.684 4.92604 -4.85653
0.685 5.02462 -4.91986
0.686 5.10078 -4.96697
0.687 5.15422 -4.99768
0.688 5.18474 -5.0119
0.689 5.19223 -5.00959
0.69 5.17669 -4.99077
0.691 5.13819 -4.95553
0.692 5.07691 -4.90403
0.693 4.99312 -4.83647
0.694 4.88716 -4.75314
0.695 4.75949 -4.65437
0.696 4.61064 -4.54057
0.697 4.44124 -4.41219
0.698 4.25199 -4.26973
0.699 4.04367 -4.11377
0.7 3.81716 -3.94492
0.701 3.57338 -3.76384
0.702 3.31335 -3.57126
0.703 3.03815 -3.36792
0.704 2.7489 -3.15462
0.705 2.44682 -2.9322
0.706 2.13314 -2.70151
0.707 1.80916 -2.46347
0.708 1.47622 -2.21899
0.709 1.13571 -1.96901
0.71 0.789016 -1.71452
0.711 0.437588 -1.45648
0.712 0.0828765 -1.19589
0.713 -0.273649 -0.933748
0.714 -0.63051 -0.671063
0.715 -0.986226 -0.408836
0.716 -1.33932 -0.148065
0.717 -1.68833 0.110261
0.718 -2.03179 0.365165
0.719 -2.36829 0.615685
0.72 -2.6964 0.860882
0.721 -3.01478 1.09984
0.722 -3.32207 1.33167
0.723 -3.617 1.55551
0.724 -3.89832 1.77055
0.725 -4.16484 1.976
0.726 -4.41545 2.17111
0.727 -4.64908 2.35519
0.728 -4.86474 2.52758
0.729 -5.0615 2.68769
0.73 -5.23851 2.83495
0.731 -5.39502 2.96887
0.732 -5.53033 3.08902
0.733 -5.64384 3.195
0.734 -5.73505 3.28649
0.735 -5.80354 3.36323
0.736 -5.84897 3.42501
0.737 -5.8711 3.4717
0.738 -5.8698 3.5032
0.739 -5.84503 3.5195
0.74 -5.79682 3.52066
0.741 -5.72532 3.50678
0.742 -5.63077 3.47802
0.743 -5.5135 3.43462
0.744 -5.37394 3.37687
0.745 -5.21259 3.30512
0.746 -5.03007 3.21978
0.747 -4.82707 3.1213
0.748 -4.60435 3.01021
0.749 -4.36277 2.88707
0.75 -4.10327 2.7525
0.751 -3.82685 2.60715
0.752 -3.53457 2.45174
0.753 -3.22759 2.287
0.754 -2.9071 2.11373
0.755 -2.57435 1.93273
0.756 -2.23066 1.74486
0.757 -1.87737 1.55099
0.758 -1.51588 1.35202
0.759 -1.14761 1.14887
0.76 -0.774016 0.942459
0.761 -0.396575 0.733746
0.762 -0.0167817 0.523681
0.763 0.36386 0.31322
0.764 0.743841 0.103321
0.765 1.12165 -0.105063
0.766 1.4958 -0.310988
0.767 1.86479 -0.513519
0.768 2.22716 -0.711741
0.769 2.58148 -0.904755
0.77 2.92632 -1.09169
0.771 3.26033 -1.27169
0.772 3.58216 -1.44395
0.773 3.89055 -1.60767
0.774 4.18427 -1.76213
0.775 4.46215 -1.9066
0.776 4.72308 -2.04043
0.777 4.96604 -2.16301
0.778 5.19005 -2.27376
0.779 5.39423 -2.37218
0.78 5.57778 -2.45779
0.781 5.73996 -2.53019
0.782 5.88014 -2.58902
0.783 5.99778 -2.63401
0.784 6.09242 -2.66491
0.785 6.16368 -2.68154
0.786 6.21131 -2.68381
0.787 6.23512 -2.67166
0.788 6.23504 -2.6451
0.789 6.2111 -2.6042
0.79 6.1634 -2.54911
0.791 6.09216 -2.48002
0.792 5.99769 -2.39719
0.793 5.88039 -2.30093
0.794 5.74077 -2.19162
0.795 5.5794 -2.0697
0.796 5.39697 -1.93564
0.797 5.19423 -1.79
0.798 4.97204 -1.63334
0.799 4.73131 -1.46632
0.8 4.47306 -1.28962
0.801 4.19834 -1.10397
0.802 3.90832 -0.910115
0.803 3.60417 -0.708874
0.804 3.28718 -0.501077
0.805 2.95865 -0.287589
0.806 2.61995 -0.0693
0.807 2.27247 0.152878
0.808 1.91767 0.378012
0.809 1.55701 0.605158
0.81 1.19199 0.833358
0.811 0.824124 1.06165
0.812 0.45494 1.28906
0.813 0.0859717 1.51464
0.814 -0.281248 1.73742
0.815 -0.645192 1.95645
0.816 -1.00435 2.17079
0.817 -1.35721 2.37953
0.818 -1.70232 2.58176
0.819 -2.03824 2.77662
0.82 -2.36355 2.96326
0.821 -2.6769 3.14087
0.822 -2.97698 3.30866
0.823 -3.26253 3.46592
0.824 -3.53234 3.61193
0.825 -3.78528 3.74606
0.826 -4.02029 3.86769
0.827 -4.23636 3.97628
0.828 -4.43258 4.07133
0.829 -4.60812 4.15239
0.83 -4.76221 4.21908
0.831 -4.89419 4.27108
0.832 -5.00349 4.30811
0.833 -5.08962 4.32997
0.834 -5.15219 4.33652
0.835 -5.19092 4.32768
0.836 -5.20561 4.30343
0.837 -5.19616 4.26382
0.838 -5.16257 4.20896
0.839 -5.10496 4.13903
0.84 -5.02352 4.05427
0.841 -4.91854 3.95498
0.842 -4.79044 3.84152
0.843 -4.63969 3.7143
0.844 -4.46689 3.57382
0.845 -4.27271 3.4206
0.846 -4.05792 3.25524
0.847 -3.82338 3.07838
0.848 -3.57 2.89071
0.849 -3.29882 2.69296
0.85 -3.01091 2.48592
0.851 -2.70744 2.27041
0.852 -2.38962 2.04728
0.853 -2.05873 1.81744
0.854 -1.71613 1.5818
0.855 -1.3632 1.34131
0.856 -1.00137 1.09694
0.857 -0.632119 0.849694
0.858 -0.256948 0.600563
0.859 0.122608 0.350567
0.86 0.504996 0.100728
0.861 0.888649 -0.147931
0.862 1.27199 -0.394386
0.863 1.65345 -0.637624
0.864 2.03144 -0.876637
0.865 2.40441 -1.11044
0.866 2.77082 -1.33805
0.867 3.12915 -1.55852
0.868 3.4779 -1.77094
0.869 3.81562 -1.9744
0.87 4.14091 -2.16806
0.871 4.4524 -2.35109
0.872 4.74878 -2.5227
0.873 5.02879 -2.68218
0.874 5.29126 -2.82883
0.875 5.53507 -2.96201
0.876 5.75916 -3.08114
0.877 5.96258 -3.18571
0.878 6.14443 -3.27523
0.879 6.30393 -3.3493
0.88 6.44035 -3.40757
0.881 6.55309 -3.44977
0.882 6.64161 -3.47567
0.883 6.70549 -3.48513
0.884 6.74441 -3.47805
0.885 6.75812 -3.45443
0.886 6.74652 -3.41432
0.887 6.70956 -3.35782
0.888 6.64733 -3.28514
0.889 6.56 -3.19651
0.89 6.44785 -3.09227
0.891 6.31127 -2.97279
0.892 6.15073 -2.83853
0.893 5.9668 -2.68998
0.894 5.76016 -2.52772
0.895 5.53157 -2.35238
0.896 5.28187 -2.16464
0.897 5.01201 -1.96523
0.898 4.72301 -1.75494
0.899 4.41596 -1.5346
0.9 4.09203 -1.30508
0.901 3.75247 -1.06731
0.902 3.39858 -0.822238
0.903 3.03172 -0.570845
0.904 2.65331 -0.31415
0.905 2.26482 -0.0531933
0.906 1.86775 0.210963
0.907 1.46365 0.477241
0.908 1.05409 0.74455
0.909 0.640673 1.01179
0.91 0.225011 1.27786
0.911 -0.191271 1.54165
0.912 -0.606542 1.80207
0.913 -1.01918 2.05803
0.914 -1.42755 2.30845
0.915 -1.83007 2.55228
0.916 -2.22514 2.78848
0.917 -2.61122 3.01605
0.918 -2.98678 3.23401
0.919 -3.35036 3.44142
0.92 -3.7005 3.63737
0.921 -4.03585 3.821
0.922 -4.35507 3.9915
0.923 -4.6569 4.1481
0.924 -4.94017 4.29008
0.925 -5.20375 4.41679
0.926 -5.4466 4.52762
0.927 -5.66777 4.62203
0.928 -5.86638 4.69955
0.929 -6.04167 4.75977
0.93 -6.19293 4.80233
0.931 -6.31958 4.82696
0.932 -6.42113 4.83345
0.933 -6.49717 4.82166
0.934 -6.54743 4.79153
0.935 -6.5717 4.74306
0.936 -6.56991 4.67633
0.937 -6.54208 4.59148
0.938 -6.48832 4.48874
0.939 -6.40887 4.36839
0.94 -6.30405 4.2308
0.941 -6.17431 4.0764
0.942 -6.02017 3.90567
0.943 -5.84226 3.71918
0.944 -5.64132 3.51755
0.945 -5.41816 3.30146
0.946 -5.17369 3.07166
0.947 -4.9089 2.82894
0.948 -4.62487 2.57415
0.949 -4.32277 2.30819
0.95 -4.00381 2.032
0.951 -3.6693 1.74656
0.952 -3.32058 1.45291
0.953 -2.95909 1.15209
0.954 -2.58629 0.845198
0.955 -2.2037 0.533343
0.956 -1.81287 0.217663
0.957 -1.41539 -0.100692
0.958 -1.01288 -0.420555
0.959 -0.606987 -0.740754
0.96 -0.199353 -1.06011
0.961 0.208356 -1.37745
0.962 0.614478 -1.6916
0.963 1.01736 -2.0014
0.964 1.41535 -2.30571
0.965 1.80682 -2.60339
0.966 2.19017 -2.89335
0.967 2.56384 -3.17451
0.968 2.92629 -3.44583
0.969 3.27604 -3.7063
0.97 3.61164 -3.95495
0.971 3.93172 -4.19086
0.972 4.23496 -4.41317
0.973 4.5201 -4.62103
0.974 4.78596 -4.81369
0.975 5.03144 -4.99042
0.976 5.25552 -5.15059
0.977 5.45725 -5.2936
0.978 5.6358 -5.41892
0.979 5.79039 -5.52611
0.98 5.92038 -5.61477
0.981 6.0252 -5.68458
0.982 6.10439 -5.73531
0.983 6.15759 -5.76677
0.984 6.18455 -5.77888
0.985 6.18512 -5.7716
0.986 6.15925 -5.74498
0.987 6.107 -5.69916
0.988 6.02855 -5.63433
0.989 5.92417 -5.55075
0.99 5.79424 -5.44877
0.991 5.63924 -5.32881
0.992 5.45974 -5.19134
0.993 5.25643 -5.03691
0.994 5.03009 -4.86614
0.995 4.78158 -4.67969
0.996 4.51187 -4.47832
0.997 4.22199 -4.2628
0.998 3.91307 -4.03399
0.999 3.58631 -3.79279
1 3.24299 -3.54013
