0.001 3.92556e-008 3.44233e-009
0.002 3.51659e-007 2.76324e-008
0.003 1.63312e-006 1.14572e-007
0.004 5.33962e-006 3.35776e-007
0.005 1.39761e-005 7.94946e-007
0.006 3.13746e-005 1.63239e-006
0.007 6.29595e-005 3.0316e-006
0.008 0.000115997 5.22842e-006
0.009 0.000199827 8.52317e-006
0.01 0.000326074 1.3296e-005
0.011 0.000508835 2.0026e-005
0.012 0.000764848 2.93139e-005
0.013 0.00111363 4.1909e-005
0.014 0.00157758 5.87404e-005
0.015 0.00218208 8.09523e-005
0.016 0.00295554 0.000109944
0.017 0.00392939 0.000147413
0.018 0.00513813 0.000195406
0.019 0.00661924 0.000256369
0.02 0.0084131 0.000333205
0.021 0.0105629 0.000429334
0.022 0.0131146 0.000548758
0.023 0.0161165 0.000696127
0.024 0.0196192 0.000876809
0.025 0.0236755 0.00109696
0.026 0.0283399 0.00136361
0.027 0.0336683 0.00168471
0.028 0.0397179 0.00206923
0.029 0.0465467 0.00252725
0.03 0.054213 0.00306998
0.031 0.0627753 0.00370989
0.032 0.0722918 0.00446075
0.033 0.0828197 0.0053377
0.034 0.0944151 0.00635733
0.035 0.107132 0.00753771
0.036 0.121024 0.00889846
0.037 0.136139 0.0104608
0.038 0.152523 0.0122476
0.039 0.170221 0.0142834
0.04 0.189271 0.0165945
0.041 0.209706 0.0192086
0.042 0.231557 0.0221555
0.043 0.254847 0.0254664
0.044 0.279593 0.0291744
0.045 0.305808 0.0333142
0.046 0.333497 0.0379218
0.047 0.362658 0.0430352
0.048 0.393281 0.0486936
0.049 0.425349 0.0549376
0.05 0.458837 0.061809
0.051 0.493713 0.0693511
0.052 0.529934 0.0776077
0.053 0.56745 0.086624
0.054 0.606203 0.0964456
0.055 0.646126 0.107119
0.056 0.687141 0.11869
0.057 0.729165 0.131206
0.058 0.772104 0.144714
0.059 0.815856 0.159259
0.06 0.86031 0.174888
0.061 0.905349 0.191646
0.062 0.950845 0.209576
0.063 0.996665 0.228721
0.064 1.04267 0.249123
0.065 1.08871 0.270819
0.066 1.13463 0.293847
0.067 1.18027 0.318241
0.068 1.22547 0.344032
0.069 1.27006 0.371248
0.07 1.31387 0.399914
0.071 1.35671 0.430051
0.072 1.39842 0.461675
0.073 1.4388 0.4948
0.074 1.47768 0.529431
0.075 1.51488 0.565572
0.076 1.55022 0.603221
0.077 1.58351 0.642367
0.078 1.61459 0.682999
0.079 1.64327 0.725094
0.08 1.66939 0.768626
0.081 1.69279 0.813563
0.082 1.7133 0.859863
0.083 1.73078 0.90748
0.084 1.74508 0.95636
0.085 1.75607 1.00644
0.086 1.76362 1.05766
0.087 1.76762 1.10993
0.088 1.76797 1.16318
0.089 1.76457 1.21731
0.09 1.75735 1.27222
0.091 1.74623 1.32782
0.092 1.73117 1.38398
0.093 1.71214 1.44059
0.094 1.6891 1.49752
0.095 1.66205 1.55464
0.096 1.631 1.6118
0.097 1.59598 1.66887
0.098 1.55703 1.72568
0.099 1.5142 1.78208
0.1 1.46757 1.83791
0.101 1.41723 1.893
0.102 1.3633 1.94718
0.103 1.3059 2.00026
0.104 1.24517 2.05208
0.105 1.18126 2.10244
0.106 1.11437 2.15116
0.107 1.04467 2.19806
0.108 0.97237 2.24295
0.109 0.897693 2.28563
0.11 0.820874 2.32593
0.111 0.742159 2.36365
0.112 0.661808 2.39861
0.113 0.580094 2.43062
0.114 0.497298 2.45951
0.115 0.413712 2.48509
0.116 0.329638 2.5072
0.117 0.245383 2.52568
0.118 0.161261 2.54035
0.119 0.0775928 2.55107
0.12 -0.00529885 2.55769
0.121 -0.0870879 2.56008
0.122 -0.167447 2.5581
0.123 -0.246049 2.55164
0.124 -0.322569 2.54059
0.125 -0.396684 2.52486
0.126 -0.468076 2.50436
0.127 -0.536432 2.47902
0.128 -0.601447 2.44877
0.129 -0.662824 2.41358
0.13 -0.720277 2.37342
0.131 -0.77353 2.32826
0.132 -0.822321 2.27811
0.133 -0.866402 2.22298
0.134 -0.905539 2.1629
0.135 -0.939516 2.09792
0.136 -0.968134 2.0281
0.137 -0.991214 1.95352
0.138 -1.0086 1.87427
0.139 -1.02014 1.79048
0.14 -1.02573 1.70226
0.141 -1.02527 1.60977
0.142 -1.01869 1.51317
0.143 -1.00595 1.41263
0.144 -0.987015 1.30836
0.145 -0.961899 1.20056
0.146 -0.930627 1.08945
0.147 -0.893253 0.975292
0.148 -0.84986 0.858326
0.149 -0.800553 0.738825
0.15 -0.745466 0.617071
0.151 -0.684758 0.49336
0.152 -0.618612 0.367997
0.153 -0.547239 0.2413
0.154 -0.470873 0.113597
0.155 -0.389771 -0.0147775
0.156 -0.304217 -0.143478
0.157 -0.214515 -0.272155
0.158 -0.12099 -0.40045
0.159 -0.0239892 -0.528003
0.16 0.0761211 -0.654448
0.161 0.178957 -0.779418
0.162 0.284117 -0.902544
0.163 0.391184 -1.02346
0.164 0.499728 -1.14179
0.165 0.609305 -1.25719
0.166 0.719463 -1.36928
0.167 0.829737 -1.47771
0.168 0.939659 -1.58214
0.169 1.04875 -1.68222
0.17 1.15654 -1.77762
0.171 1.26253 -1.86803
0.172 1.36626 -1.95314
0.173 1.46725 -2.03265
0.174 1.56501 -2.10628
0.175 1.65908 -2.17376
0.176 1.74901 -2.23486
0.177 1.83434 -2.28933
0.178 1.91464 -2.33696
0.179 1.98949 -2.37757
0.18 2.05847 -2.41099
0.181 2.1212 -2.43706
0.182 2.17731 -2.45566
0.183 2.22646 -2.46669
0.184 2.26831 -2.47006
0.185 2.30258 -2.46572
0.186 2.32897 -2.45365
0.187 2.34726 -2.43384
0.188 2.35722 -2.40631
0.189 2.35866 -2.37111
0.19 2.35143 -2.32832
0.191 2.33541 -2.27803
0.192 2.31051 -2.22037
0.193 2.27666 -2.1555
0.194 2.23385 -2.08359
0.195 2.18209 -2.00485
0.196 2.12143 -1.91952
0.197 2.05196 -1.82783
0.198 1.97379 -1.73008
0.199 1.88707 -1.62656
0.2 1.792 -1.51761
0.201 1.68881 -1.40356
0.202 1.57774 -1.28478
0.203 1.45911 -1.16166
0.204 1.33322 -1.03461
0.205 1.20044 -0.904038
0.206 1.06116 -0.770393
0.207 0.915796 -0.634124
0.208 0.764792 -0.495696
0.209 0.608623 -0.355586
0.21 0.447787 -0.214281
0.211 0.282805 -0.072276
0.212 0.114219 0.0699281
0.213 -0.057408 0.211824
0.214 -0.231496 0.352904
0.215 -0.40745 0.492655
0.216 -0.584661 0.630567
0.217 -0.762512 0.766133
0.218 -0.940373 0.898848
0.219 -1.11761 1.02821
0.22 -1.29359 1.15374
0.221 -1.46767 1.27495
0.222 -1.63921 1.39137
0.223 -1.80759 1.50254
0.224 -1.97217 1.60803
0.225 -2.13234 1.7074
0.226 -2.28749 1.80026
0.227 -2.43702 1.88621
0.228 -2.58038 1.96489
0.229 -2.71698 2.03596
0.23 -2.84631 2.0991
0.231 -2.96785 2.15402
0.232 -3.08111 2.20045
0.233 -3.18564 2.23815
0.234 -3.281 2.26692
0.235 -3.3668 2.28658
0.236 -3.44268 2.29697
0.237 -3.50831 2.29798
0.238 -3.5634 2.28954
0.239 -3.60769 2.27158
0.24 -3.64097 2.24409
0.241 -3.66308 2.20709
0.242 -3.67388 2.16062
0.243 -3.67328 2.10476
0.244 -3.66123 2.03964
0.245 -3.63775 1.9654
0.246 -3.60286 1.88222
0.247 -3.55666 1.79033
0.248 -3.49927 1.68996
0.249 -3.43088 1.5814
0.25 -3.35169 1.46495
0.251 -3.26198 1.34096
0.252 -3.16204 1.20978
0.253 -3.05221 1.07183
0.254 -2.93288 0.927506
0.255 -2.80448 0.777266
0.256 -2.66745 0.621575
0.257 -2.52231 0.460924
0.258 -2.36957 0.295823
0.259 -2.2098 0.126799
0.26 -2.0436 -0.0456019
0.261 -1.87157 -0.220821
0.262 -1.69437 -0.398287
0.263 -1.51266 -0.577417
0.264 -1.32713 -0.75762
0.265 -1.13849 -0.938299
0.266 -0.947467 -1.11885
0.267 -0.754787 -1.29868
0.268 -0.561198 -1.47717
0.269 -0.36745 -1.65373
0.27 -0.174299 -1.82776
0.271 0.0174992 -1.99867
0.272 0.207191 -2.16587
0.273 0.394029 -2.32881
0.274 0.577271 -2.48691
0.275 0.75619 -2.63965
0.276 0.930069 -2.78648
0.277 1.09821 -2.92692
0.278 1.25994 -3.06047
0.279 1.41459 -3.18667
0.28 1.56155 -3.30509
0.281 1.7002 -3.41531
0.282 1.82998 -3.51695
0.283 1.95035 -3.60965
0.284 2.0608 -3.69311
0.285 2.16087 -3.76701
0.286 2.25014 -3.83111
0.287 2.32822 -3.88518
0.288 2.39476 -3.92904
0.289 2.44948 -3.96252
0.29 2.49213 -3.98552
0.291 2.52249 -3.99796
0.292 2.54042 -3.99978
0.293 2.5458 -3.991
0.294 2.5386 -3.97163
0.295 2.51879 -3.94176
0.296 2.48643 -3.90148
0.297 2.44161 -3.85095
0.298 2.38447 -3.79034
0.299 2.31522 -3.71987
0.3 2.2341 -3.6398
0.301 2.14141 -3.5504
0.302 2.03748 -3.45201
0.303 1.92271 -3.34496
0.304 1.79753 -3.22965
0.305 1.66242 -3.10648
0.306 1.51789 -2.9759
0.307 1.36451 -2.83836
0.308 1.20288 -2.69436
0.309 1.03362 -2.54441
0.31 0.857406 -2.38905
0.311 0.674931 -2.22881
0.312 0.486922 -2.06428
0.313 0.294128 -1.89604
0.314 0.0973221 -1.72467
0.315 -0.102705 -1.55078
0.316 -0.305145 -1.37499
0.317 -0.509178 -1.19792
0.318 -0.713973 -1.02017
0.319 -0.918693 -0.842384
0.32 -1.1225 -0.665169
0.321 -1.32455 -0.489144
0.322 -1.52401 -0.314917
0.323 -1.72006 -0.143089
0.324 -1.91187 0.0257523
0.325 -2.09863 0.19103
0.326 -2.27957 0.352184
0.327 -2.45392 0.508672
0.328 -2.62093 0.659971
0.329 -2.77988 0.805579
0.33 -2.9301 0.945021
0.331 -3.07091 1.07784
0.332 -3.20172 1.20362
0.333 -3.32192 1.32196
0.334 -3.43099 1.43249
0.335 -3.52842 1.53488
0.336 -3.61376 1.62883
0.337 -3.6866 1.71407
0.338 -3.74659 1.79037
0.339 -3.79341 1.85754
0.34 -3.82682 1.91541
0.341 -3.8466 1.96387
0.342 -3.85261 2.00282
0.343 -3.84475 2.03223
0.344 -3.82298 2.05208
0.345 -3.78732 2.06241
0.346 -3.73784 2.06328
0.347 -3.67467 2.05479
0.348 -3.59798 2.0371
0.349 -3.50802 2.01037
0.35 -3.40508 1.97483
0.351 -3.2895 1.93072
0.352 -3.16167 1.87832
0.353 -3.02205 1.81795
0.354 -2.87112 1.74995
0.355 -2.70942 1.67471
0.356 -2.53755 1.59263
0.357 -2.35612 1.50412
0.358 -2.16581 1.40966
0.359 -1.96733 1.30972
0.36 -1.7614 1.2048
0.361 -1.54881 1.09541
0.362 -1.33036 0.982095
0.363 -1.10686 0.865395
0.364 -0.879176 0.745872
0.365 -0.648165 0.624097
0.366 -0.414712 0.500649
0.367 -0.179713 0.376108
0.368 0.0559304 0.251062
0.369 0.29131 0.126094
0.37 0.525517 0.00178829
0.371 0.757646 -0.121277
0.372 0.986798 -0.242529
0.373 1.21208 -0.361408
0.374 1.43262 -0.477362
0.375 1.64756 -0.589855
0.376 1.85607 -0.698366
0.377 2.05731 -0.802396
0.378 2.25053 -0.901461
0.379 2.43495 -0.995103
0.38 2.60985 -1.08289
0.381 2.77456 -1.16441
0.382 2.92843 -1.23928
0.383 3.07086 -1.30716
0.384 3.2013 -1.36772
0.385 3.31923 -1.42068
0.386 3.4242 -1.46577
0.387 3.5158 -1.50279
0.388 3.59368 -1.53155
0.389 3.65755 -1.55189
0.39 3.70716 -1.56371
0.391 3.74233 -1.56694
0.392 3.76294 -1.56153
0.393 3.76891 -1.54748
0.394 3.76025 -1.52485
0.395 3.73701 -1.49369
0.396 3.69931 -1.45413
0.397 3.64731 -1.40632
0.398 3.58126 -1.35044
0.399 3.50143 -1.28672
0.4 3.40818 -1.2154
0.401 3.30191 -1.13679
0.402 3.18308 -1.05119
0.403 3.0522 -0.958976
0.404 2.90983 -0.860514
0.405 2.75657 -0.756216
0.406 2.59308 -0.646519
0.407 2.42006 -0.531882
0.408 2.23825 -0.412786
0.409 2.04841 -0.289732
0.41 1.85138 -0.16324
0.411 1.64797 -0.0338455
0.412 1.43907 0.0979032
0.413 1.22556 0.231446
0.414 1.00837 0.366215
0.415 0.788415 0.501635
0.416 0.566651 0.637127
0.417 0.344027 0.772111
0.418 0.121504 0.906009
0.419 -0.0999572 1.03825
0.42 -0.319398 1.16825
0.421 -0.535868 1.29546
0.422 -0.748423 1.41934
0.423 -0.956138 1.53933
0.424 -1.1581 1.65493
0.425 -1.35343 1.76562
0.426 -1.54126 1.87094
0.427 -1.72076 1.97041
0.428 -1.89112 2.06361
0.429 -2.0516 2.15011
0.43 -2.20145 2.22955
0.431 -2.34001 2.30157
0.432 -2.46664 2.36585
0.433 -2.58074 2.4221
0.434 -2.68179 2.47008
0.435 -2.7693 2.50956
0.436 -2.84284 2.54035
0.437 -2.90204 2.56233
0.438 -2.94659 2.57538
0.439 -2.97623 2.57944
0.44 -2.99079 2.57448
0.441 -2.99013 2.5605
0.442 -2.97419 2.53756
0.443 -2.94296 2.50576
0.444 -2.89652 2.46521
0.445 -2.83499 2.41608
0.446 -2.75856 2.35859
0.447 -2.66749 2.29297
0.448 -2.56208 2.2195
0.449 -2.44273 2.13849
0.45 -2.30987 2.0503
0.451 -2.16399 1.9553
0.452 -2.00564 1.8539
0.453 -1.83543 1.74655
0.454 -1.65401 1.63371
0.455 -1.46209 1.51588
0.456 -1.26043 1.39358
0.457 -1.04981 1.26734
0.458 -0.831081 1.13772
0.459 -0.605106 1.00531
0.46 -0.372793 0.870685
0.461 -0.135079 0.734454
0.462 0.107074 0.597228
0.463 0.352682 0.459627
0.464 0.600743 0.322274
0.465 0.85024 0.185795
0.466 1.10015 0.0508151
0.467 1.34943 -0.082046
0.468 1.59706 -0.212173
0.469 1.842 -0.338961
0.47 2.08322 -0.461815
0.471 2.31972 -0.580155
0.472 2.5505 -0.693418
0.473 2.77458 -0.801061
0.474 2.991 -0.90256
0.475 3.19883 -0.997418
0.476 3.39719 -1.08516
0.477 3.58521 -1.16535
0.478 3.76206 -1.23756
0.479 3.92697 -1.30142
0.48 4.07921 -1.35659
0.481 4.21809 -1.40274
0.482 4.34298 -1.4396
0.483 4.4533 -1.46695
0.484 4.54853 -1.48458
0.485 4.6282 -1.49234
0.486 4.69192 -1.49012
0.487 4.73935 -1.47784
0.488 4.77022 -1.45549
0.489 4.78432 -1.42306
0.49 4.78152 -1.38064
0.491 4.76174 -1.32831
0.492 4.72498 -1.26622
0.493 4.67131 -1.19457
0.494 4.60086 -1.11359
0.495 4.51384 -1.02355
0.496 4.41053 -0.924765
0.497 4.29125 -0.81759
0.498 4.15642 -0.702419
0.499 4.0065 -0.579681
0.5 3.84203 -0.449844
0.501 3.66359 -0.313408
0.502 3.47184 -0.170903
0.503 3.26748 -0.0228921
0.504 3.05128 0.130035
0.505 2.82404 0.287263
0.506 2.58662 0.448153
0.507 2.33992 0.612046
0.508 2.08488 0.778266
0.509 1.82247 0.946119
0.51 1.55372 1.1149
0.511 1.27965 1.28389
0.512 1.00133 1.45238
0.513 0.719844 1.61963
0.514 0.43629 1.78491
0.515 0.151779 1.94751
0.516 -0.132571 2.1067
0.517 -0.41564 2.26177
0.518 -0.696309 2.41202
0.519 -0.973468 2.55676
0.52 -1.24601 2.69531
0.521 -1.51286 2.82703
0.522 -1.77295 2.95129
0.523 -2.02524 3.06748
0.524 -2.26871 3.17503
0.525 -2.5024 3.27338
0.526 -2.72534 3.36203
0.527 -2.93666 3.44049
0.528 -3.13548 3.50832
0.529 -3.321 3.56511
0.53 -3.49247 3.61051
0.531 -3.64918 3.64419
0.532 -3.79049 3.66587
0.533 -3.91582 3.67532
0.534 -4.02465 3.67236
0.535 -4.11652 3.65684
0.536 -4.19105 3.62869
0.537 -4.24791 3.58785
0.538 -4.28687 3.53435
0.539 -4.30775 3.46822
0.54 -4.31044 3.3896
0.541 -4.29492 3.29862
0.542 -4.26122 3.19551
0.543 -4.20948 3.08051
0.544 -4.13988 2.95393
0.545 -4.05268 2.81612
0.546 -3.94823 2.66748
0.547 -3.82693 2.50846
0.548 -3.68925 2.33952
0.549 -3.53575 2.16121
0.55 -3.36703 1.97408
0.551 -3.18376 1.77874
0.552 -2.98667 1.57583
0.553 -2.77657 1.36602
0.554 -2.55429 1.15
0.555 -2.32074 0.928522
0.556 -2.07685 0.702325
0.557 -1.82362 0.472191
0.558 -1.56208 0.238915
0.559 -1.2933 0.00331237
0.56 -1.01837 -0.233791
0.561 -0.73842 -0.471559
0.562 -0.454603 -0.709148
0.563 -0.168085 -0.94571
0.564 0.11995 -1.1804
0.565 0.408312 -1.41237
0.566 0.695803 -1.64078
0.567 0.981228 -1.8648
0.568 1.2634 -2.08362
0.569 1.54113 -2.29644
0.57 1.81325 -2.50248
0.571 2.07863 -2.70097
0.572 2.33613 -2.89118
0.573 2.58467 -3.07241
0.574 2.82318 -3.24399
0.575 3.05065 -3.40527
0.576 3.26608 -3.55565
0.577 3.46855 -3.69456
0.578 3.65717 -3.82149
0.579 3.83111 -3.93595
0.58 3.9896 -4.0375
0.581 4.13191 -4.12576
0.582 4.2574 -4.20039
0.583 4.36549 -4.2611
0.584 4.45566 -4.30765
0.585 4.52745 -4.33987
0.586 4.58051 -4.35762
0.587 4.61452 -4.36082
0.588 4.62927 -4.34945
0.589 4.62461 -4.32355
0.59 4.60047 -4.28321
0.591 4.55686 -4.22857
0.592 4.49386 -4.15982
0.593 4.41165 -4.07723
0.594 4.31047 -3.98109
0.595 4.19063 -3.87176
0.596 4.05253 -3.74965
0.597 3.89664 -3.61522
0.598 3.7235 -3.46896
0.599 3.53372 -3.31144
0.6 3.32799 -3.14325
0.601 3.10705 -2.96502
0.602 2.87171 -2.77743
0.603 2.62283 -2.58118
0.604 2.36134 -2.37703
0.605 2.08823 -2.16575
0.606 1.8045 -1.94815
0.607 1.51124 -1.72506
0.608 1.20956 -1.49733
0.609 0.900597 -1.26583
0.61 0.585538 -1.03146
0.611 0.265588 -0.795101
0.612 -0.0580247 -0.557674
0.613 -0.384054 -0.320088
0.614 -0.711242 -0.0832598
0.615 -1.03832 0.151898
0.616 -1.36403 0.384479
0.617 -1.68709 0.613582
0.618 -2.00625 0.838322
0.619 -2.32027 1.05783
0.62 -2.62792 1.27125
0.621 -2.92799 1.47775
0.622 -3.2193 1.67654
0.623 -3.50072 1.86684
0.624 -3.77113 2.0479
0.625 -4.02946 2.21902
0.626 -4.27471 2.37953
0.627 -4.50588 2.5288
0.628 -4.72208 2.66624
0.629 -4.92243 2.79132
0.63 -5.10615 2.90353
0.631 -5.27249 3.00244
0.632 -5.42079 3.08764
0.633 -5.55046 3.1588
0.634 -5.66097 3.21563
0.635 -5.75187 3.2579
0.636 -5.82279 3.28544
0.637 -5.87344 3.29811
0.638 -5.9036 3.29587
0.639 -5.91314 3.2787
0.64 -5.90201 3.24666
0.641 -5.87024 3.19986
0.642 -5.81793 3.13847
0.643 -5.74529 3.06272
0.644 -5.65258 2.97287
0.645 -5.54016 2.86928
0.646 -5.40846 2.75232
0.647 -5.25798 2.62244
0.648 -5.08931 2.48012
0.649 -4.90309 2.32591
0.65 -4.70007 2.1604
0.651 -4.48102 1.9842
0.652 -4.2468 1.79799
0.653 -3.99833 1.60248
0.654 -3.73658 1.39842
0.655 -3.46257 1.18658
0.656 -3.17739 0.967781
0.657 -2.88215 0.74285
0.658 -2.57801 0.512652
0.659 -2.26617 0.278067
0.66 -1.94786 0.0399948
0.661 -1.62432 -0.200653
0.662 -1.29684 -0.442954
0.663 -0.966711 -0.68598
0.664 -0.635227 -0.928798
0.665 -0.303699 -1.17048
0.666 0.0265652 -1.41009
0.667 0.354262 -1.64672
0.668 0.678096 -1.87946
0.669 0.996791 -2.10741
0.67 1.30909 -2.32971
0.671 1.61375 -2.54549
0.672 1.90958 -2.75394
0.673 2.19541 -2.95426
0.674 2.47011 -3.14568
0.675 2.7326 -3.32747
0.676 2.98184 -3.49893
0.677 3.21686 -3.65941
0.678 3.43672 -3.80829
0.679 3.64056 -3.94503
0.68 3.82758 -4.06908
0.681 3.99706 -4.17999
0.682 4.14833 -4.27733
0.683 4.28079 -4.36074
0.684 4.39395 -4.4299
0.685 4.48735 -4.48457
0.686 4.56065 -4.52453
0.687 4.61357 -4.54965
0.688 4.64592 -4.55984
0.689 4.65759 -4.55508
0.69 4.64854 -4.53538
0.691 4.61885 -4.50084
0.692 4.56864 -4.4516
0.693 4.49815 -4.38787
0.694 4.40767 -4.3099
0.695 4.2976 -4.21801
0.696 4.16839 -4.11255
0.697 4.0206 -3.99395
0.698 3.85484 -3.86268
0.699 3.6718 -3.71924
0.7 3.47224 -3.56421
0.701 3.257 -3.39819
0.702 3.02695 -3.22183
0.703 2.78307 -3.03581
0.704 2.52636 -2.84086
0.705 2.25787 -2.63773
0.706 1.97872 -2.42721
0.707 1.69006 -2.21012
0.708 1.39309 -1.98729
0.709 1.08903 -1.75958
0.71 0.779141 -1.52786
0.711 0.464701 -1.29303
0.712 0.14701 -1.05598
0.713 -0.172617 -0.817615
0.714 -0.492858 -0.578846
0.715 -0.812387 -0.340577
0.716 -1.12988 -0.103711
0.717 -1.44402 0.130857
0.718 -1.7535 0.362246
0.719 -2.05705 0.589589
0.72 -2.35338 0.812036
0.721 -2.64128 1.02876
0.722 -2.91954 1.23896
0.723 -3.187 1.44187
0.724 -3.44253 1.63674
0.725 -3.68507 1.82286
0.726 -3.9136 1.99957
0.727 -4.12715 2.16624
0.728 -4.32481 2.32227
0.729 -4.50575 2.46713
0.73 -4.66919 2.60031
0.731 -4.81443 2.72138
0.732 -4.94084 2.82994
0.733 -5.04786 2.92563
0.734 -5.13501 3.00817
0.735 -5.20191 3.07732
0.736 -5.24822 3.1329
0.737 -5.27373 3.17478
0.738 -5.27829 3.20288
0.739 -5.26182 3.21721
0.74 -5.22435 3.21779
0.741 -5.16599 3.20473
0.742 -5.08693 3.17819
0.743 -4.98743 3.13837
0.744 -4.86787 3.08553
0.745 -4.72867 3.02
0.746 -4.57036 2.94213
0.747 -4.39352 2.85236
0.748 -4.19884 2.75113
0.749 -3.98705 2.63898
0.75 -3.75897 2.51644
0.751 -3.51547 2.38413
0.752 -3.2575 2.24267
0.753 -2.98606 2.09275
0.754 -2.70221 1.93506
0.755 -2.40704 1.77035
0.756 -2.10172 1.59938
0.757 -1.78744 1.42293
0.758 -1.46542 1.24183
0.759 -1.13694 1.0569
0.76 -0.803291 0.868982
0.761 -0.465773 0.67893
0.762 -0.12572 0.487605
0.763 0.215529 0.295874
0.764 0.556628 0.104599
0.765 0.896234 -0.0853573
0.766 1.233 -0.27314
0.767 1.56561 -0.457906
0.768 1.89274 -0.638826
0.769 2.21311 -0.815087
0.77 2.52544 -0.985897
0.771 2.82851 -1.15049
0.772 3.12111 -1.30813
0.773 3.4021 -1.45809
0.774 3.67036 -1.59972
0.775 3.92484 -1.73236
0.776 4.16453 -1.85542
0.777 4.3885 -1.96833
0.778 4.59586 -2.07058
0.779 4.7858 -2.1617
0.78 4.95758 -2.24127
0.781 5.11052 -2.3089
0.782 5.24403 -2.36429
0.783 5.3576 -2.40715
0.784 5.45079 -2.43727
0.785 5.52325 -2.45449
0.786 5.5747 -2.4587
0.787 5.60496 -2.44985
0.788 5.61394 -2.42794
0.789 5.60161 -2.39303
0.79 5.56805 -2.34523
0.791 5.51343 -2.28473
0.792 5.43797 -2.21173
0.793 5.34202 -2.12652
0.794 5.22598 -2.02942
0.795 5.09035 -1.92082
0.796 4.9357 -1.80115
0.797 4.76267 -1.67089
0.798 4.57199 -1.53055
0.799 4.36445 -1.38071
0.8 4.14093 -1.22197
0.801 3.90234 -1.05498
0.802 3.64968 -0.880423
0.803 3.384 -0.699012
0.804 3.1064 -0.511493
0.805 2.81802 -0.31864
0.806 2.52006 -0.12125
0.807 2.21375 0.0798603
0.808 1.90036 0.283856
0.809 1.58118 0.489889
0.81 1.25753 0.6971
0.811 0.930761 0.904624
0.812 0.602208 1.11159
0.813 0.273237 1.31714
0.814 -0.0547944 1.5204
0.815 -0.380527 1.72051
0.816 -0.702614 1.91664
0.817 -1.01972 2.10795
0.818 -1.33054 2.29363
0.819 -1.63377 2.47289
0.82 -1.92816 2.64496
0.821 -2.21249 2.80912
0.822 -2.48557 2.96465
0.823 -2.74628 3.11087
0.824 -2.99352 3.24717
0.825 -3.22626 3.37294
0.826 -3.44353 3.48763
0.827 -3.64441 3.59074
0.828 -3.82808 3.6818
0.829 -3.99374 3.7604
0.83 -4.1407 3.82618
0.831 -4.26835 3.87884
0.832 -4.37612 3.91811
0.833 -4.46356 3.9438
0.834 -4.53028 3.95576
0.835 -4.57599 3.95391
0.836 -4.60048 3.93821
0.837 -4.60362 3.90868
0.838 -4.58537 3.86541
0.839 -4.54579 3.80854
0.84 -4.485 3.73827
0.841 -4.40325 3.65483
0.842 -4.30083 3.55855
0.843 -4.17814 3.44978
0.844 -4.03566 3.32893
0.845 -3.87396 3.19646
0.846 -3.69366 3.05289
0.847 -3.49549 2.89877
0.848 -3.28024 2.7347
0.849 -3.04877 2.56133
0.85 -2.802 2.37934
0.851 -2.54093 2.18945
0.852 -2.26662 1.99242
0.853 -1.98016 1.78903
0.854 -1.68271 1.5801
0.855 -1.37549 1.36646
0.856 -1.05974 1.14897
0.857 -0.736732 0.928512
0.858 -0.407791 0.705975
0.859 -0.0742545 0.482258
0.86 0.262517 0.258272
0.861 0.601146 0.0349262
0.862 0.940247 -0.186868
0.863 1.27843 -0.406205
0.864 1.61431 -0.622186
0.865 1.9465 -0.833924
0.866 2.27364 -1.04055
0.867 2.59437 -1.24121
0.868 2.90737 -1.43507
0.869 3.21134 -1.62134
0.87 3.50502 -1.79923
0.871 3.78718 -1.96801
0.872 4.05666 -2.12697
0.873 4.31231 -2.27544
0.874 4.55307 -2.4128
0.875 4.77792 -2.53845
0.876 4.98589 -2.65188
0.877 5.17612 -2.75258
0.878 5.34778 -2.84013
0.879 5.50012 -2.91414
0.88 5.63248 -2.97428
0.881 5.74427 -3.02028
0.882 5.83499 -3.05192
0.883 5.90421 -3.06905
0.884 5.9516 -3.07156
0.885 5.9769 -3.05942
0.886 5.97997 -3.03264
0.887 5.96072 -2.99132
0.888 5.91917 -2.93558
0.889 5.85543 -2.86562
0.89 5.7697 -2.78171
0.891 5.66226 -2.68416
0.892 5.53348 -2.57334
0.893 5.38383 -2.44967
0.894 5.21383 -2.31365
0.895 5.02412 -2.16579
0.896 4.81541 -2.00669
0.897 4.58846 -1.83697
0.898 4.34413 -1.6573
0.899 4.08335 -1.46841
0.9 3.80711 -1.27104
0.901 3.51647 -1.066
0.902 3.21253 -0.854113
0.903 2.89647 -0.636231
0.904 2.5695 -0.413241
0.905 2.23288 -0.18605
0.906 1.88791 0.0444124
0.907 1.53593 0.277203
0.908 1.17831 0.511365
0.909 0.816433 0.745933
0.91 0.451707 0.979937
0.911 0.0855518 1.21241
0.912 -0.280605 1.44237
0.913 -0.645335 1.66887
0.914 -1.00722 1.89095
0.915 -1.36483 2.10768
0.916 -1.71679 2.31815
0.917 -2.06171 2.52144
0.918 -2.39824 2.71669
0.919 -2.72507 2.90307
0.92 -3.04092 3.07976
0.921 -3.34456 3.24599
0.922 -3.63478 3.40102
0.923 -3.91047 3.54416
0.924 -4.17054 3.67477
0.925 -4.41397 3.79225
0.926 -4.63982 3.89604
0.927 -4.8472 3.98565
0.928 -5.03531 4.06063
0.929 -5.20341 4.1206
0.93 -5.35085 4.16523
0.931 -5.47706 4.19425
0.932 -5.58156 4.20745
0.933 -5.66395 4.20469
0.934 -5.72391 4.18587
0.935 -5.76123 4.15098
0.936 -5.77577 4.10005
0.937 -5.76749 4.0332
0.938 -5.73645 3.95058
0.939 -5.68278 3.85243
0.94 -5.60672 3.73903
0.941 -5.50858 3.61073
0.942 -5.38879 3.46794
0.943 -5.24783 3.31114
0.944 -5.08629 3.14083
0.945 -4.90483 2.95761
0.946 -4.70419 2.76208
0.947 -4.4852 2.55494
0.948 -4.24875 2.33691
0.949 -3.99581 2.10875
0.95 -3.7274 1.87128
0.951 -3.44462 1.62533
0.952 -3.14862 1.3718
0.953 -2.84061 1.1116
0.954 -2.52183 0.845659
0.955 -2.19359 0.574953
0.956 -1.85722 0.300465
0.957 -1.5141 0.0231979
0.958 -1.1656 -0.255834
0.959 -0.813158 -0.535607
0.96 -0.458201 -0.815093
0.961 -0.102176 -1.09326
0.962 0.25347 -1.36909
0.963 0.607286 -1.64155
0.964 0.957831 -1.90964
0.965 1.30368 -2.17238
0.966 1.64341 -2.42877
0.967 1.97565 -2.67788
0.968 2.29903 -2.91878
0.969 2.61223 -3.15058
0.97 2.91397 -3.37241
0.971 3.20301 -3.58346
0.972 3.47817 -3.78294
0.973 3.73831 -3.97011
0.974 3.98236 -4.14428
0.975 4.20932 -4.30481
0.976 4.41824 -4.45111
0.977 4.60825 -4.58263
0.978 4.77857 -4.69889
0.979 4.92848 -4.79948
0.98 5.05734 -4.88403
0.981 5.16461 -4.95223
0.982 5.24982 -5.00384
0.983 5.3126 -5.0387
0.984 5.35267 -5.05668
0.985 5.36983 -5.05773
0.986 5.36398 -5.04188
0.987 5.33511 -5.00921
0.988 5.2833 -4.95985
0.989 5.20872 -4.89402
0.99 5.11164 -4.812
0.991 4.99242 -4.71411
0.992 4.85149 -4.60076
0.993 4.68939 -4.47239
0.994 4.50674 -4.32952
0.995 4.30422 -4.17272
0.996 4.08263 -4.0026
0.997 3.84282 -3.81984
0.998 3.58571 -3.62516
0.999 3.31231 -3.41932
1 3.02366 -3.20314
