0.001 3.40316e-008 2.55591e-009
0.002 3.09987e-007 2.05274e-008
0.003 1.4619e-006 8.51873e-008
0.004 4.844e-006 2.50004e-007
0.005 1.28216e-005 5.93092e-007
0.006 2.90518e-005 1.22132e-006
0.007 5.8752e-005 2.27655e-006
0.008 0.000108953 3.94433e-006
0.009 0.000188735 6.46559e-006
0.01 0.000309443 1.01515e-005
0.011 0.000484884 1.5402e-005
0.012 0.000731494 2.27281e-005
0.013 0.00106848 3.2778e-005
0.014 0.00151796 4.63683e-005
0.015 0.00210501 6.45182e-005
0.016 0.00285777 8.84897e-005
0.017 0.00380744 0.000119831
0.018 0.00498828 0.000160424
0.019 0.0064376 0.000212539
0.02 0.00819566 0.000278889
0.021 0.0103056 0.000362692
0.022 0.0128132 0.000467735
0.023 0.0157669 0.00059844
0.024 0.0192175 0.000759937
0.025 0.0232178 0.000958134
0.026 0.0278226 0.00119979
0.027 0.0330882 0.00149261
0.028 0.0390722 0.00184529
0.029 0.0458331 0.0022676
0.03 0.0534297 0.00277051
0.031 0.0619214 0.00336619
0.032 0.0713669 0.00406813
0.033 0.0818244 0.0048912
0.034 0.093351 0.00585172
0.035 0.106002 0.00696752
0.036 0.119831 0.00825798
0.037 0.134888 0.00974411
0.038 0.151221 0.0114486
0.039 0.168875 0.0133957
0.04 0.187889 0.0156116
0.041 0.208299 0.0181241
0.042 0.230137 0.0209627
0.043 0.253427 0.0241588
0.044 0.278188 0.0277453
0.045 0.304435 0.031757
0.046 0.332173 0.0362303
0.047 0.361402 0.0412031
0.048 0.392114 0.046715
0.049 0.424294 0.0528069
0.05 0.457918 0.0595211
0.051 0.492954 0.0669012
0.052 0.529363 0.0749918
0.053 0.567094 0.0838387
0.054 0.606091 0.0934881
0.055 0.646287 0.103987
0.056 0.687607 0.115383
0.057 0.729966 0.127724
0.058 0.773272 0.141058
0.059 0.817422 0.155432
0.06 0.862308 0.170894
0.061 0.90781 0.187489
0.062 0.953802 0.205263
0.063 1.00015 0.22426
0.064 1.04671 0.244524
0.065 1.09334 0.266093
0.066 1.13988 0.289008
0.067 1.18616 0.313304
0.068 1.23203 0.339015
0.069 1.27732 0.36617
0.07 1.32184 0.394796
0.071 1.36542 0.424917
0.072 1.40788 0.456551
0.073 1.44903 0.489712
0.074 1.48869 0.524411
0.075 1.52668 0.560652
0.076 1.56281 0.598435
0.077 1.59689 0.637753
0.078 1.62876 0.678595
0.079 1.65822 0.720942
0.08 1.68512 0.764769
0.081 1.70927 0.810045
0.082 1.73052 0.856732
0.083 1.74871 0.904786
0.084 1.76369 0.954153
0.085 1.77533 1.00477
0.086 1.7835 1.05658
0.087 1.78807 1.1095
0.088 1.78894 1.16345
0.089 1.78601 1.21835
0.09 1.7792 1.27408
0.091 1.76844 1.33055
0.092 1.75367 1.38765
0.093 1.73485 1.44526
0.094 1.71196 1.50324
0.095 1.68498 1.56147
0.096 1.65392 1.6198
0.097 1.6188 1.67809
0.098 1.57966 1.73619
0.099 1.53656 1.79392
0.1 1.48957 1.85114
0.101 1.43878 1.90766
0.102 1.38429 1.96331
0.103 1.32624 2.01792
0.104 1.26476 2.07129
0.105 1.20002 2.12325
0.106 1.13219 2.17361
0.107 1.06145 2.22216
0.108 0.988027 2.26873
0.109 0.91213 2.31312
0.11 0.834001 2.35513
0.111 0.753889 2.39457
0.112 0.672057 2.43125
0.113 0.588782 2.46498
0.114 0.50435 2.49557
0.115 0.419058 2.52285
0.116 0.333213 2.54663
0.117 0.247128 2.56674
0.118 0.161124 2.58301
0.119 0.0755282 2.59528
0.12 -0.00932891 2.6034
0.121 -0.0931135 2.60723
0.122 -0.17549 2.60663
0.123 -0.256123 2.60147
0.124 -0.334678 2.59163
0.125 -0.410823 2.57703
0.126 -0.48423 2.55755
0.127 -0.554578 2.53313
0.128 -0.62155 2.50369
0.129 -0.68484 2.46919
0.13 -0.744151 2.42958
0.131 -0.799198 2.38485
0.132 -0.849709 2.33498
0.133 -0.895423 2.27999
0.134 -0.936098 2.2199
0.135 -0.971509 2.15475
0.136 -1.00144 2.08459
0.137 -1.02572 2.00951
0.138 -1.04416 1.92959
0.139 -1.05662 1.84495
0.14 -1.06297 1.7557
0.141 -1.06312 1.66201
0.142 -1.05698 1.56401
0.143 -1.0445 1.4619
0.144 -1.02565 1.35586
0.145 -1.00044 1.24612
0.146 -0.968873 1.13288
0.147 -0.931012 1.01641
0.148 -0.886932 0.896951
0.149 -0.836738 0.77478
0.15 -0.780559 0.650182
0.151 -0.718555 0.523457
0.152 -0.650909 0.394916
0.153 -0.577831 0.264882
0.154 -0.499558 0.13369
0.155 -0.416352 0.00168351
0.156 -0.328496 -0.130786
0.157 -0.236302 -0.263359
0.158 -0.140099 -0.395668
0.159 -0.0402425 -0.527341
0.16 0.062895 -0.658003
0.161 0.16892 -0.787274
0.162 0.277423 -0.914774
0.163 0.387975 -1.04012
0.164 0.500135 -1.16294
0.165 0.613448 -1.28284
0.166 0.727447 -1.39946
0.167 0.841655 -1.51242
0.168 0.955588 -1.62137
0.169 1.06875 -1.72594
0.17 1.18066 -1.82579
0.171 1.29081 -1.92059
0.172 1.3987 -2.01001
0.173 1.50384 -2.09373
0.174 1.60573 -2.17147
0.175 1.7039 -2.24294
0.176 1.79787 -2.30788
0.177 1.88715 -2.36603
0.178 1.97131 -2.41718
0.179 2.0499 -2.46112
0.18 2.12249 -2.49765
0.181 2.18868 -2.52662
0.182 2.24808 -2.54788
0.183 2.30032 -2.56133
0.184 2.34506 -2.56686
0.185 2.38199 -2.56441
0.186 2.41081 -2.55393
0.187 2.43126 -2.53543
0.188 2.44311 -2.50889
0.189 2.44616 -2.47437
0.19 2.44024 -2.43193
0.191 2.42521 -2.38167
0.192 2.40097 -2.3237
0.193 2.36746 -2.25817
0.194 2.32465 -2.18527
0.195 2.27253 -2.10518
0.196 2.21115 -2.01814
0.197 2.1406 -1.9244
0.198 2.06098 -1.82425
0.199 1.97244 -1.71799
0.2 1.87519 -1.60594
0.201 1.76944 -1.48846
0.202 1.65545 -1.36592
0.203 1.53352 -1.23871
0.204 1.40399 -1.10725
0.205 1.26721 -0.971969
0.206 1.12359 -0.833319
0.207 0.973555 -0.691764
0.208 0.817557 -0.547782
0.209 0.656085 -0.401866
0.21 0.489653 -0.25452
0.211 0.318797 -0.106256
0.212 0.144078 0.0424068
0.213 -0.0339225 0.190941
0.214 -0.214605 0.338816
0.215 -0.397352 0.485501
0.216 -0.581534 0.630461
0.217 -0.766506 0.773166
0.218 -0.951618 0.913087
0.219 -1.13621 1.0497
0.22 -1.31961 1.1825
0.221 -1.50117 1.31096
0.222 -1.68021 1.4346
0.223 -1.85607 1.55294
0.224 -2.0281 1.6655
0.225 -2.19565 1.77184
0.226 -2.35809 1.87152
0.227 -2.51479 1.96413
0.228 -2.66515 2.04928
0.229 -2.80858 2.1266
0.23 -2.94452 2.19575
0.231 -3.07242 2.2564
0.232 -3.19178 2.30828
0.233 -3.30211 2.35111
0.234 -3.40295 2.38467
0.235 -3.49388 2.40875
0.236 -3.57451 2.4232
0.237 -3.6445 2.42786
0.238 -3.70353 2.42265
0.239 -3.75132 2.40749
0.24 -3.78765 2.38234
0.241 -3.81232 2.34721
0.242 -3.82519 2.30214
0.243 -3.82616 2.2472
0.244 -3.81517 2.18248
0.245 -3.79221 2.10815
0.246 -3.75731 2.02436
0.247 -3.71055 1.93134
0.248 -3.65206 1.82932
0.249 -3.58202 1.71859
0.25 -3.50063 1.59945
0.251 -3.40817 1.47225
0.252 -3.30494 1.33735
0.253 -3.1913 1.19517
0.254 -3.06762 1.04613
0.255 -2.93436 0.890685
0.256 -2.79198 0.729315
0.257 -2.641 0.562526
0.258 -2.48196 0.390844
0.259 -2.31544 0.214816
0.26 -2.14207 0.0350057
0.261 -1.96247 -0.148007
0.262 -1.77733 -0.333626
0.263 -1.58733 -0.521246
0.264 -1.39321 -0.710249
0.265 -1.19569 -0.900012
0.266 -0.995527 -1.0899
0.267 -0.793499 -1.27929
0.268 -0.590379 -1.46754
0.269 -0.386958 -1.65402
0.27 -0.184026 -1.8381
0.271 0.0176223 -2.01916
0.272 0.217194 -2.19657
0.273 0.4139 -2.36975
0.274 0.606962 -2.53808
0.275 0.795609 -2.70101
0.276 0.979087 -2.85796
0.277 1.15666 -3.00841
0.278 1.3276 -3.15181
0.279 1.49123 -3.28769
0.28 1.64687 -3.41557
0.281 1.79388 -3.53501
0.282 1.93165 -3.64558
0.283 2.05962 -3.74691
0.284 2.17724 -3.83863
0.285 2.28401 -3.92044
0.286 2.37948 -3.99203
0.287 2.46323 -4.05317
0.288 2.53491 -4.10363
0.289 2.59417 -4.14323
0.29 2.64075 -4.17185
0.291 2.67443 -4.18937
0.292 2.69504 -4.19574
0.293 2.70244 -4.19093
0.294 2.69658 -4.17496
0.295 2.67743 -4.14788
0.296 2.64503 -4.1098
0.297 2.59948 -4.06085
0.298 2.54091 -4.0012
0.299 2.46953 -3.93106
0.3 2.38558 -3.85069
0.301 2.28936 -3.76036
0.302 2.18123 -3.66041
0.303 2.06158 -3.55118
0.304 1.93087 -3.43306
0.305 1.78958 -3.30649
0.306 1.63827 -3.17189
0.307 1.4775 -3.02976
0.308 1.30791 -2.8806
0.309 1.13016 -2.72493
0.31 0.944934 -2.56332
0.311 0.752975 -2.39632
0.312 0.555039 -2.22455
0.313 0.351915 -2.04859
0.314 0.144414 -1.86908
0.315 -0.0666311 -1.68665
0.316 -0.280369 -1.50194
0.317 -0.495935 -1.3156
0.318 -0.712452 -1.12828
0.319 -0.929037 -0.940636
0.32 -1.1448 -0.753329
0.321 -1.35886 -0.567007
0.322 -1.57032 -0.382315
0.323 -1.77831 -0.199892
0.324 -1.98196 -0.0203654
0.325 -2.18041 0.155652
0.326 -2.37283 0.32756
0.327 -2.55841 0.494778
0.328 -2.73634 0.656745
0.329 -2.90588 0.812922
0.33 -3.06627 0.962792
0.331 -3.21683 1.10587
0.332 -3.35688 1.24169
0.333 -3.48581 1.36982
0.334 -3.60304 1.48986
0.335 -3.70802 1.60145
0.336 -3.80027 1.70425
0.337 -3.87934 1.79796
0.338 -3.94486 1.88232
0.339 -3.99648 1.95712
0.34 -4.03391 2.02216
0.341 -4.05694 2.0773
0.342 -4.0654 2.12243
0.343 -4.05917 2.15749
0.344 -4.03821 2.18245
0.345 -4.00251 2.19732
0.346 -3.95214 2.20217
0.347 -3.88724 2.19708
0.348 -3.80798 2.18218
0.349 -3.7146 2.15766
0.35 -3.6074 2.12372
0.351 -3.48674 2.08061
0.352 -3.35303 2.02862
0.353 -3.20674 1.96805
0.354 -3.04837 1.89928
0.355 -2.8785 1.82267
0.356 -2.69774 1.73865
0.357 -2.50675 1.64766
0.358 -2.30623 1.55016
0.359 -2.09693 1.44667
0.36 -1.87963 1.33769
0.361 -1.65514 1.22376
0.362 -1.42431 1.10545
0.363 -1.18802 0.983317
0.364 -0.947157 0.857964
0.365 -0.702647 0.729984
0.366 -0.455426 0.599986
0.367 -0.206445 0.468585
0.368 0.0433383 0.336398
0.369 0.292957 0.204047
0.37 0.541444 0.0721483
0.371 0.787836 -0.0586826
0.372 1.03117 -0.187838
0.373 1.2705 -0.314719
0.374 1.5049 -0.438737
0.375 1.73343 -0.559319
0.376 1.95522 -0.675908
0.377 2.16939 -0.787964
0.378 2.37509 -0.89497
0.379 2.57152 -0.99643
0.38 2.7579 -1.09187
0.381 2.93351 -1.18086
0.382 3.09764 -1.26297
0.383 3.24966 -1.33783
0.384 3.38896 -1.40508
0.385 3.515 -1.4644
0.386 3.62728 -1.51552
0.387 3.72535 -1.55818
0.388 3.80885 -1.59218
0.389 3.87744 -1.61734
0.39 3.93085 -1.63354
0.391 3.9689 -1.64068
0.392 3.99142 -1.6387
0.393 3.99836 -1.6276
0.394 3.98969 -1.6074
0.395 3.96546 -1.57816
0.396 3.9258 -1.54
0.397 3.87087 -1.49306
0.398 3.80093 -1.43753
0.399 3.71626 -1.37362
0.4 3.61725 -1.30159
0.401 3.5043 -1.22175
0.402 3.37791 -1.13442
0.403 3.23862 -1.03996
0.404 3.08701 -0.938775
0.405 2.92373 -0.831279
0.406 2.74948 -0.717927
0.407 2.565 -0.599201
0.408 2.37107 -0.475601
0.409 2.16852 -0.347655
0.41 1.95822 -0.215907
0.411 1.74106 -0.0809199
0.412 1.51797 0.0567283
0.413 1.28991 0.196447
0.414 1.05784 0.337636
0.415 0.822781 0.479686
0.416 0.585727 0.621985
0.417 0.347704 0.763917
0.418 0.10974 0.904867
0.419 -0.127136 1.04422
0.42 -0.361895 1.18138
0.421 -0.593516 1.31574
0.422 -0.820988 1.44671
0.423 -1.04332 1.57372
0.424 -1.25952 1.69621
0.425 -1.46865 1.81365
0.426 -1.66978 1.92552
0.427 -1.86201 2.03131
0.428 -2.04449 2.13057
0.429 -2.21638 2.22285
0.43 -2.37691 2.30773
0.431 -2.52535 2.38483
0.432 -2.661 2.45381
0.433 -2.78324 2.51436
0.434 -2.89149 2.56618
0.435 -2.98522 2.60905
0.436 -3.06396 2.64276
0.437 -3.12732 2.66716
0.438 -3.17495 2.6821
0.439 -3.20659 2.68753
0.44 -3.22202 2.6834
0.441 -3.2211 2.6697
0.442 -3.20377 2.64649
0.443 -3.17001 2.61386
0.444 -3.11989 2.57192
0.445 -3.05355 2.52086
0.446 -2.97119 2.46088
0.447 -2.87308 2.39223
0.448 -2.75956 2.3152
0.449 -2.63102 2.23012
0.45 -2.48794 2.13735
0.451 -2.33085 2.0373
0.452 -2.16033 1.93039
0.453 -1.97705 1.8171
0.454 -1.78169 1.69791
0.455 -1.57503 1.57335
0.456 -1.35787 1.44397
0.457 -1.13106 1.31034
0.458 -0.895508 1.17305
0.459 -0.652152 1.03273
0.46 -0.401967 0.889988
0.461 -0.145962 0.745481
0.462 0.114825 0.599857
0.463 0.379334 0.45378
0.464 0.646482 0.307916
0.465 0.915173 0.162934
0.466 1.1843 0.0195042
0.467 1.45274 -0.121708
0.468 1.71939 -0.260042
0.469 1.98313 -0.394847
0.47 2.24285 -0.525485
0.471 2.49746 -0.651332
0.472 2.74587 -0.77178
0.473 2.98703 -0.886243
0.474 3.21992 -0.994157
0.475 3.44351 -1.09498
0.476 3.65685 -1.18821
0.477 3.85901 -1.27336
0.478 4.04908 -1.34998
0.479 4.22624 -1.41766
0.48 4.38968 -1.47602
0.481 4.53867 -1.52472
0.482 4.67252 -1.56346
0.483 4.7906 -1.59199
0.484 4.89234 -1.61008
0.485 4.97725 -1.61757
0.486 5.0449 -1.61433
0.487 5.09491 -1.60028
0.488 5.12699 -1.57538
0.489 5.14093 -1.53965
0.49 5.13656 -1.49315
0.491 5.11381 -1.43597
0.492 5.07269 -1.36829
0.493 5.01326 -1.29028
0.494 4.93568 -1.20221
0.495 4.84015 -1.10437
0.496 4.72699 -0.997075
0.497 4.59656 -0.880721
0.498 4.44929 -0.755724
0.499 4.2857 -0.622546
0.5 4.10636 -0.481687
0.501 3.91192 -0.333683
0.502 3.70309 -0.179107
0.503 3.48063 -0.0185636
0.504 3.24537 0.147313
0.505 2.99819 0.317858
0.506 2.74002 0.492383
0.507 2.47184 0.670177
0.508 2.19468 0.850508
0.509 1.90959 1.03263
0.51 1.61768 1.21577
0.511 1.32008 1.39916
0.512 1.01794 1.58202
0.513 0.712447 1.76357
0.514 0.404792 1.943
0.515 0.096186 2.11954
0.516 -0.212155 2.2924
0.517 -0.51901 2.46081
0.518 -0.823163 2.62401
0.519 -1.1234 2.78125
0.52 -1.41853 2.93179
0.521 -1.70737 3.07492
0.522 -1.98875 3.20997
0.523 -2.26155 3.33626
0.524 -2.52467 3.45318
0.525 -2.77704 3.56012
0.526 -3.01762 3.65651
0.527 -3.24546 3.74184
0.528 -3.4596 3.81561
0.529 -3.65918 3.87739
0.53 -3.84337 3.92677
0.531 -4.01141 3.9634
0.532 -4.16259 3.98698
0.533 -4.2963 3.99724
0.534 -4.41195 3.99397
0.535 -4.50907 3.97704
0.536 -4.58723 3.94633
0.537 -4.64608 3.90179
0.538 -4.68537 3.84343
0.539 -4.7049 3.77131
0.54 -4.70458 3.68554
0.541 -4.68436 3.58629
0.542 -4.64431 3.47378
0.543 -4.58456 3.34829
0.544 -4.50532 3.21014
0.545 -4.40689 3.05972
0.546 -4.28963 2.89745
0.547 -4.15401 2.7238
0.548 -4.00055 2.53931
0.549 -3.82985 2.34455
0.55 -3.64257 2.14013
0.551 -3.43946 1.9267
0.552 -3.22133 1.70497
0.553 -2.98905 1.47566
0.554 -2.74355 1.23953
0.555 -2.48581 0.997385
0.556 -2.21688 0.750047
0.557 -1.93784 0.498364
0.558 -1.64983 0.243206
0.559 -1.35401 -0.0145369
0.56 -1.0516 -0.273962
0.561 -0.743834 -0.534154
0.562 -0.431969 -0.794188
0.563 -0.117291 -1.05314
0.564 0.198901 -1.31007
0.565 0.5153 -1.56407
0.566 0.830593 -1.8142
0.567 1.14347 -2.05956
0.568 1.45262 -2.29926
0.569 1.75675 -2.53241
0.57 2.05458 -2.75816
0.571 2.34486 -2.97566
0.572 2.62635 -3.18412
0.573 2.89785 -3.38275
0.574 3.15822 -3.57082
0.575 3.40631 -3.74761
0.576 3.64107 -3.91246
0.577 3.86147 -4.06474
0.578 4.06653 -4.20388
0.579 4.25536 -4.32934
0.58 4.42711 -4.44064
0.581 4.58099 -4.53735
0.582 4.71629 -4.6191
0.583 4.83239 -4.68555
0.584 4.92871 -4.73644
0.585 5.00477 -4.77157
0.586 5.06017 -4.79079
0.587 5.0946 -4.79401
0.588 5.1078 -4.7812
0.589 5.09963 -4.75238
0.59 5.07002 -4.70766
0.591 5.01899 -4.64719
0.592 4.94665 -4.57117
0.593 4.85317 -4.47988
0.594 4.73884 -4.37365
0.595 4.60403 -4.25286
0.596 4.44916 -4.11797
0.597 4.27477 -3.96946
0.598 4.08147 -3.80789
0.599 3.86993 -3.63386
0.6 3.64091 -3.44803
0.601 3.39525 -3.25108
0.602 3.13384 -3.04376
0.603 2.85764 -2.82684
0.604 2.56768 -2.60115
0.605 2.26504 -2.36754
0.606 1.95087 -2.1269
0.607 1.62634 -1.88014
0.608 1.29269 -1.62819
0.609 0.951195 -1.37202
0.61 0.603149 -1.1126
0.611 0.249891 -0.850932
0.612 -0.10722 -0.588008
0.613 -0.466807 -0.324839
0.614 -0.827478 -0.0624352
0.615 -1.18784 0.198196
0.616 -1.54648 0.456052
0.617 -1.90201 0.710137
0.618 -2.25304 0.959473
0.619 -2.5982 1.20309
0.62 -2.93613 1.44006
0.621 -3.2655 1.66945
0.622 -3.58503 1.89038
0.623 -3.89344 2.10198
0.624 -4.18951 2.30343
0.625 -4.47208 2.49395
0.626 -4.74003 2.67279
0.627 -4.99228 2.83925
0.628 -5.22783 2.99268
0.629 -5.44574 3.13248
0.63 -5.64513 3.25808
0.631 -5.8252 3.369
0.632 -5.98523 3.46479
0.633 -6.12457 3.54506
0.634 -6.24264 3.6095
0.635 -6.33897 3.65784
0.636 -6.41314 3.68988
0.637 -6.46486 3.70547
0.638 -6.49389 3.70455
0.639 -6.5001 3.6871
0.64 -6.48344 3.65317
0.641 -6.44397 3.60288
0.642 -6.38181 3.53641
0.643 -6.29719 3.45399
0.644 -6.19044 3.35594
0.645 -6.06194 3.24261
0.646 -5.91219 3.11443
0.647 -5.74177 2.97188
0.648 -5.55133 2.81549
0.649 -5.34161 2.64586
0.65 -5.11342 2.46362
0.651 -4.86766 2.26947
0.652 -4.60528 2.06415
0.653 -4.3273 1.84843
0.654 -4.03482 1.62314
0.655 -3.72898 1.38913
0.656 -3.41098 1.1473
0.657 -3.08208 0.898577
0.658 -2.74356 0.6439
0.659 -2.39677 0.384247
0.66 -2.04307 0.120612
0.661 -1.68384 -0.145998
0.662 -1.32053 -0.414563
0.663 -0.954547 -0.684053
0.664 -0.587352 -0.953438
0.665 -0.220396 -1.22169
0.666 0.14487 -1.48777
0.667 0.507 -1.75067
0.668 0.864559 -2.00939
0.669 1.21613 -2.26292
0.67 1.56032 -2.51031
0.671 1.89577 -2.7506
0.672 2.22114 -2.98288
0.673 2.53515 -3.20626
0.674 2.83655 -3.41988
0.675 3.12414 -3.62294
0.676 3.3968 -3.81465
0.677 3.65343 -3.9943
0.678 3.89302 -4.16119
0.679 4.11462 -4.31469
0.68 4.31737 -4.45423
0.681 4.50045 -4.57927
0.682 4.66316 -4.68936
0.683 4.80484 -4.78406
0.684 4.92495 -4.86305
0.685 5.02302 -4.92601
0.686 5.09866 -4.97273
0.687 5.1516 -5.00304
0.688 5.18164 -5.01684
0.689 5.18866 -5.01409
0.69 5.17267 -4.99481
0.691 5.13374 -4.95911
0.692 5.07205 -4.90712
0.693 4.98787 -4.83907
0.694 4.88155 -4.75525
0.695 4.75355 -4.65598
0.696 4.6044 -4.54166
0.697 4.43472 -4.41276
0.698 4.24522 -4.26979
0.699 4.03669 -4.11331
0.7 3.80999 -3.94395
0.701 3.56607 -3.76237
0.702 3.30593 -3.56928
0.703 3.03064 -3.36544
0.704 2.74136 -3.15165
0.705 2.43926 -2.92874
0.706 2.12561 -2.69759
0.707 1.80169 -2.45909
0.708 1.46885 -2.21416
0.709 1.12847 -1.96376
0.71 0.781948 -1.70885
0.711 0.430721 -1.45042
0.712 0.0762443 -1.18946
0.713 -0.280014 -0.926968
0.714 -0.636577 -0.663952
0.715 -0.991965 -0.401415
0.716 -1.3447 -0.140357
0.717 -1.69333 0.118233
0.718 -2.03638 0.373375
0.719 -2.37244 0.62411
0.72 -2.7001 0.869496
0.721 -3.01799 1.10862
0.722 -3.32479 1.34059
0.723 -3.61921 1.56454
0.724 -3.9 1.77967
0.725 -4.16599 1.98518
0.726 -4.41605 2.18033
0.727 -4.64912 2.36442
0.728 -4.86421 2.53679
0.729 -5.0604 2.69686
0.73 -5.23685 2.84406
0.731 -5.39278 2.9779
0.732 -5.52753 3.09794
0.733 -5.64049 3.20379
0.734 -5.73114 3.29513
0.735 -5.79909 3.3717
0.736 -5.84399 3.43329
0.737 -5.86561 3.47976
0.738 -5.86382 3.51104
0.739 -5.83856 3.52711
0.74 -5.7899 3.52801
0.741 -5.71797 3.51386
0.742 -5.62301 3.48482
0.743 -5.50536 3.44113
0.744 -5.36544 3.38309
0.745 -5.20378 3.31103
0.746 -5.02096 3.22537
0.747 -4.8177 3.12658
0.748 -4.59475 3.01517
0.749 -4.35298 2.8917
0.75 -4.09332 2.7568
0.751 -3.81677 2.61113
0.752 -3.52441 2.45539
0.753 -3.21738 2.29034
0.754 -2.89687 2.11675
0.755 -2.56415 1.93544
0.756 -2.22052 1.74727
0.757 -1.86733 1.5531
0.758 -1.50597 1.35384
0.759 -1.13787 1.15041
0.76 -0.764485 0.943733
0.761 -0.387284 0.734765
0.762 -0.00776288 0.524457
0.763 0.372574 0.313766
0.764 0.752219 0.103651
0.765 1.12967 -0.104934
0.766 1.50342 -0.311046
0.767 1.87199 -0.513748
0.768 2.23392 -0.712125
0.769 2.58776 -0.905278
0.77 2.93212 -1.09233
0.771 3.26562 -1.27244
0.772 3.58693 -1.44479
0.773 3.89478 -1.60859
0.774 4.18795 -1.7631
0.775 4.46527 -1.90762
0.776 4.72563 -2.04148
0.777 4.96802 -2.16406
0.778 5.19145 -2.27481
0.779 5.39506 -2.3732
0.78 5.57803 -2.45878
0.781 5.73964 -2.53114
0.782 5.87927 -2.58992
0.783 5.99635 -2.63483
0.784 6.09044 -2.66565
0.785 6.16118 -2.68219
0.786 6.2083 -2.68436
0.787 6.23162 -2.6721
0.788 6.23107 -2.64542
0.789 6.20668 -2.60441
0.79 6.15856 -2.54919
0.791 6.08692 -2.47997
0.792 5.99209 -2.39701
0.793 5.87445 -2.30061
0.794 5.73452 -2.19117
0.795 5.57288 -2.06911
0.796 5.39021 -1.93492
0.797 5.18727 -1.78914
0.798 4.96491 -1.63236
0.799 4.72406 -1.46522
0.8 4.46571 -1.2884
0.801 4.19094 -1.10263
0.802 3.9009 -0.908674
0.803 3.59678 -0.707336
0.804 3.27984 -0.499452
0.805 2.95141 -0.285886
0.806 2.61285 -0.067529
0.807 2.26555 0.154705
0.808 1.91096 0.379884
0.809 1.55054 0.607063
0.81 1.18581 0.835283
0.811 0.818259 1.06358
0.812 0.449424 1.29099
0.813 0.0808356 1.51655
0.814 -0.285975 1.73929
0.815 -0.649481 1.95827
0.816 -1.00817 2.17255
0.817 -1.36055 2.38122
0.818 -1.70515 2.58336
0.819 -2.04054 2.77812
0.82 -2.3653 2.96464
0.821 -2.6781 3.14213
0.822 -2.9776 3.30979
0.823 -3.26256 3.46689
0.824 -3.53178 3.61274
0.825 -3.78413 3.74669
0.826 -4.01854 3.86815
0.827 -4.23401 3.97655
0.828 -4.42964 4.0714
0.829 -4.60459 4.15226
0.83 -4.7581 4.21874
0.831 -4.88951 4.27052
0.832 -4.99825 4.30733
0.833 -5.08384 4.32897
0.834 -5.1459 4.3353
0.835 -5.18413 4.32623
0.836 -5.19834 4.30175
0.837 -5.18844 4.26192
0.838 -5.15443 4.20685
0.839 -5.09643 4.1367
0.84 -5.01463 4.05173
0.841 -4.90933 3.95223
0.842 -4.78093 3.83857
0.843 -4.62993 3.71117
0.844 -4.45692 3.57051
0.845 -4.26257 3.41713
0.846 -4.04765 3.25161
0.847 -3.81301 3.07461
0.848 -3.55959 2.8868
0.849 -3.28841 2.68894
0.85 -3.00054 2.4818
0.851 -2.69714 2.26621
0.852 -2.37945 2.04302
0.853 -2.04875 1.81313
0.854 -1.70636 1.57746
0.855 -1.35369 1.33696
0.856 -0.992161 1.0926
0.857 -0.623252 0.845379
0.858 -0.248466 0.596295
0.859 0.130665 0.346366
0.86 0.512591 0.0966126
0.861 0.895745 -0.15194
0.862 1.27855 -0.39827
0.863 1.65944 -0.641363
0.864 2.03683 -0.880212
0.865 2.40918 -1.11383
0.866 2.77493 -1.34124
0.867 3.13258 -1.5615
0.868 3.48063 -1.77368
0.869 3.81764 -1.97689
0.87 4.14219 -2.17028
0.871 4.45293 -2.35303
0.872 4.74855 -2.52436
0.873 5.02779 -2.68353
0.874 5.28949 -2.82986
0.875 5.53252 -2.96271
0.876 5.75583 -3.08152
0.877 5.95848 -3.18574
0.878 6.13957 -3.27491
0.879 6.29831 -3.34863
0.88 6.434 -3.40655
0.881 6.54601 -3.44839
0.882 6.63383 -3.47394
0.883 6.69703 -3.48304
0.884 6.73528 -3.47562
0.885 6.74836 -3.45166
0.886 6.73615 -3.4112
0.887 6.69863 -3.35438
0.888 6.63586 -3.28138
0.889 6.54803 -3.19245
0.89 6.43543 -3.08791
0.891 6.29843 -2.96816
0.892 6.13751 -2.83363
0.893 5.95325 -2.68484
0.894 5.74632 -2.52235
0.895 5.51749 -2.3468
0.896 5.26761 -2.15888
0.897 4.99761 -1.9593
0.898 4.70851 -1.74887
0.899 4.40142 -1.52842
0.9 4.07751 -1.29882
0.901 3.73801 -1.06099
0.902 3.38422 -0.815878
0.903 3.01753 -0.56448
0.904 2.63933 -0.307808
0.905 2.2511 -0.0469041
0.906 1.85435 0.217171
0.907 1.45061 0.483337
0.908 1.04145 0.750504
0.909 0.628487 1.01757
0.91 0.213318 1.28344
0.911 -0.202429 1.547
0.912 -0.617127 1.80716
0.913 -1.02915 2.06283
0.914 -1.43688 2.31294
0.915 -1.83872 2.55642
0.916 -2.23308 2.79226
0.917 -2.61842 3.01943
0.918 -2.99323 3.23697
0.919 -3.35602 3.44393
0.92 -3.70537 3.63942
0.921 -4.0399 3.82256
0.922 -4.35829 3.99255
0.923 -4.65929 4.14862
0.924 -4.94171 4.29007
0.925 -5.20445 4.41622
0.926 -5.44646 4.52648
0.927 -5.66679 4.62032
0.928 -5.86458 4.69725
0.929 -6.03904 4.75687
0.93 -6.1895 4.79883
0.931 -6.31537 4.82286
0.932 -6.41615 4.82874
0.933 -6.49145 4.81635
0.934 -6.54099 4.78562
0.935 -6.56458 4.73655
0.936 -6.56214 4.66923
0.937 -6.53369 4.58381
0.938 -6.47935 4.4805
0.939 -6.39936 4.3596
0.94 -6.29405 4.22147
0.941 -6.16386 4.06654
0.942 -6.00931 3.89531
0.943 -5.83105 3.70834
0.944 -5.6298 3.50626
0.945 -5.40639 3.28974
0.946 -5.16171 3.05953
0.947 -4.89678 2.81644
0.948 -4.61266 2.5613
0.949 -4.31051 2.29503
0.95 -3.99157 2.01856
0.951 -3.65712 1.73288
0.952 -3.30854 1.43901
0.953 -2.94722 1.13802
0.954 -2.57466 0.830985
0.955 -2.19235 0.519029
0.956 -1.80186 0.203286
0.957 -1.40477 -0.115093
0.958 -1.0027 -0.434941
0.959 -0.597291 -0.755086
0.96 -0.190189 -1.07435
0.961 0.216943 -1.39155
0.962 0.622448 -1.70553
0.963 1.02467 -2.01512
0.964 1.42196 -2.31918
0.965 1.81271 -2.61658
0.966 2.1953 -2.90621
0.967 2.56818 -3.18702
0.968 2.92982 -3.45794
0.969 3.27873 -3.71798
0.97 3.61348 -3.96617
0.971 3.93269 -4.20159
0.972 4.23504 -4.42337
0.973 4.51929 -4.63069
0.974 4.78426 -4.82277
0.975 5.02884 -4.9989
0.976 5.25202 -5.15845
0.977 5.45286 -5.30081
0.978 5.63052 -5.42548
0.979 5.78425 -5.53198
0.98 5.91339 -5.61995
0.981 6.01738 -5.68905
0.982 6.09576 -5.73906
0.983 6.14817 -5.7698
0.984 6.17438 -5.78118
0.985 6.17422 -5.77317
0.986 6.14767 -5.74583
0.987 6.09478 -5.69928
0.988 6.01572 -5.63372
0.989 5.91078 -5.54942
0.99 5.78033 -5.44674
0.991 5.62486 -5.32608
0.992 5.44494 -5.18792
0.993 5.24127 -5.03283
0.994 5.01461 -4.8614
0.995 4.76585 -4.67433
0.996 4.49593 -4.47235
0.997 4.2059 -4.25625
0.998 3.89689 -4.02688
0.999 3.57011 -3.78515
1 3.22682 -3.53199
