0.001 3.4096e-008 2.52748e-009
0.002 3.10501e-007 2.03012e-008
0.003 1.46401e-006 8.42615e-008
0.004 4.85013e-006 2.4734e-007
0.005 1.28359e-005 5.86939e-007
0.006 2.90806e-005 1.20908e-006
0.007 5.88044e-005 2.25471e-006
0.008 0.000109041 3.90849e-006
0.009 0.000188874 6.41056e-006
0.01 0.000309652 1.00716e-005
0.011 0.000485187 1.52914e-005
0.012 0.000731917 2.25814e-005
0.013 0.00106906 3.25913e-005
0.014 0.00151872 4.614e-005
0.015 0.00210601 6.42505e-005
0.016 0.00285904 8.81901e-005
0.017 0.00380903 0.000119514
0.018 0.00499025 0.000160116
0.019 0.00644001 0.000212276
0.02 0.00819856 0.000278725
0.021 0.010309 0.000362701
0.022 0.0128173 0.000468012
0.023 0.0157717 0.00059911
0.024 0.0192231 0.000761158
0.025 0.0232243 0.000960103
0.026 0.02783 0.00120275
0.027 0.0330967 0.00149685
0.028 0.0390818 0.00185116
0.029 0.0458438 0.00227554
0.03 0.0534418 0.00278099
0.031 0.0619348 0.00337979
0.032 0.0713817 0.00408552
0.033 0.0818408 0.00491316
0.034 0.093369 0.00587912
0.035 0.106022 0.00700136
0.036 0.119852 0.00829939
0.037 0.134911 0.00979436
0.038 0.151247 0.0115091
0.039 0.168902 0.0134681
0.04 0.187919 0.0156976
0.041 0.208332 0.0182256
0.042 0.230171 0.0210819
0.043 0.253464 0.024298
0.044 0.278228 0.0279071
0.045 0.304477 0.0319441
0.046 0.332218 0.0364457
0.047 0.361451 0.0414501
0.048 0.392167 0.0469969
0.049 0.42435 0.0531276
0.05 0.457978 0.0598845
0.051 0.493019 0.0673115
0.052 0.529432 0.0754535
0.053 0.567168 0.0843564
0.054 0.60617 0.0940669
0.055 0.646372 0.104632
0.056 0.687698 0.1161
0.057 0.730064 0.128519
0.058 0.773378 0.141936
0.059 0.817537 0.1564
0.06 0.862432 0.171957
0.061 0.907944 0.188655
0.062 0.953947 0.206539
0.063 1.00031 0.225653
0.064 1.04688 0.246039
0.065 1.09352 0.26774
0.066 1.14008 0.290792
0.067 1.18638 0.315233
0.068 1.23227 0.341096
0.069 1.27758 0.368411
0.07 1.32212 0.397205
0.071 1.36573 0.427501
0.072 1.40822 0.459316
0.073 1.4494 0.492667
0.074 1.48909 0.527561
0.075 1.52712 0.564005
0.076 1.56328 0.601997
0.077 1.59741 0.64153
0.078 1.62932 0.682592
0.079 1.65884 0.725164
0.08 1.68578 0.769222
0.081 1.70999 0.814733
0.082 1.7313 0.861659
0.083 1.74955 0.909954
0.084 1.76461 0.959565
0.085 1.77632 1.01043
0.086 1.78457 1.06249
0.087 1.78922 1.11566
0.088 1.79018 1.16985
0.089 1.78734 1.22499
0.09 1.78063 1.28097
0.091 1.76997 1.33768
0.092 1.75531 1.39501
0.093 1.7366 1.45284
0.094 1.71383 1.51105
0.095 1.68697 1.56949
0.096 1.65604 1.62803
0.097 1.62106 1.68652
0.098 1.58206 1.74479
0.099 1.53911 1.8027
0.1 1.49226 1.86007
0.101 1.44163 1.91673
0.102 1.3873 1.97251
0.103 1.32942 2.02723
0.104 1.26811 2.0807
0.105 1.20354 2.13273
0.106 1.13589 2.18313
0.107 1.06534 2.23171
0.108 0.992095 2.27828
0.109 0.916386 2.32265
0.11 0.838447 2.36461
0.111 0.758528 2.40398
0.112 0.67689 2.44056
0.113 0.59381 2.47416
0.114 0.509574 2.5046
0.115 0.424477 2.53169
0.116 0.338826 2.55525
0.117 0.252934 2.57511
0.118 0.167121 2.5911
0.119 0.0817136 2.60307
0.12 -0.0029592 2.61085
0.121 -0.0865639 2.6143
0.122 -0.168766 2.61329
0.123 -0.24923 2.60769
0.124 -0.327623 2.59738
0.125 -0.403614 2.58227
0.126 -0.476876 2.56226
0.127 -0.547088 2.53727
0.128 -0.613935 2.50724
0.129 -0.677111 2.47211
0.13 -0.736321 2.43185
0.131 -0.79128 2.38644
0.132 -0.841716 2.33587
0.133 -0.887371 2.28015
0.134 -0.928004 2.2193
0.135 -0.963388 2.15337
0.136 -0.993317 2.08242
0.137 -1.0176 2.00653
0.138 -1.03607 1.92578
0.139 -1.04858 1.84029
0.14 -1.05501 1.75019
0.141 -1.05525 1.65563
0.142 -1.04923 1.55676
0.143 -1.03689 1.45377
0.144 -1.0182 1.34686
0.145 -0.99317 1.23624
0.146 -0.961817 1.12213
0.147 -0.924194 1.00479
0.148 -0.880376 0.88447
0.149 -0.83047 0.761452
0.15 -0.774606 0.636022
0.151 -0.712942 0.508483
0.152 -0.645663 0.379149
0.153 -0.572978 0.248346
0.154 -0.495124 0.116412
0.155 -0.412361 -0.0163075
0.156 -0.324976 -0.149457
0.157 -0.233276 -0.282674
0.158 -0.137593 -0.415589
0.159 -0.0382792 -0.547827
0.16 0.0642918 -0.67901
0.161 0.169728 -0.808755
0.162 0.27762 -0.93668
0.163 0.387542 -1.0624
0.164 0.499052 -1.18554
0.165 0.611697 -1.30571
0.166 0.725011 -1.42253
0.167 0.838518 -1.53564
0.168 0.951736 -1.64468
0.169 1.06418 -1.74927
0.17 1.17534 -1.84908
0.171 1.28474 -1.94378
0.172 1.39188 -2.03302
0.173 1.49626 -2.11651
0.174 1.5974 -2.19395
0.175 1.6948 -2.26505
0.176 1.788 -2.32954
0.177 1.87653 -2.38719
0.178 1.95993 -2.43777
0.179 2.03777 -2.48107
0.18 2.10963 -2.5169
0.181 2.17509 -2.5451
0.182 2.23377 -2.56554
0.183 2.28532 -2.5781
0.184 2.32939 -2.58268
0.185 2.36566 -2.57923
0.186 2.39385 -2.5677
0.187 2.41369 -2.54808
0.188 2.42497 -2.52039
0.189 2.42747 -2.48468
0.19 2.42104 -2.441
0.191 2.40553 -2.38945
0.192 2.38085 -2.33017
0.193 2.34694 -2.2633
0.194 2.30376 -2.18902
0.195 2.25133 -2.10754
0.196 2.18968 -2.01909
0.197 2.11889 -1.92393
0.198 2.03909 -1.82235
0.199 1.95042 -1.71465
0.2 1.85309 -1.60117
0.201 1.74731 -1.48226
0.202 1.63334 -1.3583
0.203 1.51149 -1.22969
0.204 1.38208 -1.09686
0.205 1.24549 -0.960225
0.206 1.10211 -0.820255
0.207 0.952361 -0.677416
0.208 0.796709 -0.532192
0.209 0.635638 -0.385081
0.21 0.46966 -0.236591
0.211 0.299311 -0.0872381
0.212 0.125153 0.0624517
0.213 -0.0522361 0.211948
0.214 -0.232256 0.360717
0.215 -0.414292 0.508221
0.216 -0.597715 0.653923
0.217 -0.781883 0.797289
0.218 -0.966146 0.937787
0.219 -1.14985 1.07489
0.22 -1.33232 1.20808
0.221 -1.51291 1.33685
0.222 -1.69095 1.46071
0.223 -1.86578 1.57916
0.224 -2.03675 1.69173
0.225 -2.20321 1.79798
0.226 -2.36453 1.89747
0.227 -2.5201 1.98979
0.228 -2.66931 2.07454
0.229 -2.81159 2.15137
0.23 -2.94636 2.21991
0.231 -3.07309 2.27986
0.232 -3.19127 2.33093
0.233 -3.30043 2.37286
0.234 -3.4001 2.40542
0.235 -3.48988 2.42841
0.236 -3.56937 2.44167
0.237 -3.63823 2.44506
0.238 -3.69616 2.43848
0.239 -3.74288 2.42187
0.24 -3.77816 2.39519
0.241 -3.80182 2.35847
0.242 -3.81371 2.31172
0.243 -3.81374 2.25504
0.244 -3.80186 2.18853
0.245 -3.77805 2.11234
0.246 -3.74236 2.02665
0.247 -3.69486 1.93169
0.248 -3.63569 1.82769
0.249 -3.56502 1.71494
0.25 -3.48307 1.59377
0.251 -3.39011 1.46452
0.252 -3.28646 1.32756
0.253 -3.17245 1.18331
0.254 -3.04849 1.03221
0.255 -2.91501 0.874709
0.256 -2.77249 0.711304
0.257 -2.62143 0.542504
0.258 -2.4624 0.368843
0.259 -2.29596 0.190874
0.26 -2.12274 0.00916811
0.261 -1.94338 -0.175687
0.262 -1.75855 -0.363089
0.263 -1.56895 -0.552426
0.264 -1.37528 -0.743073
0.265 -1.1783 -0.934402
0.266 -0.978746 -1.12577
0.267 -0.777396 -1.31655
0.268 -0.575024 -1.5061
0.269 -0.372415 -1.69377
0.27 -0.170361 -1.87893
0.271 0.0303487 -2.06096
0.272 0.228923 -2.23924
0.273 0.424578 -2.41315
0.274 0.616536 -2.58211
0.275 0.804033 -2.74553
0.276 0.986316 -2.90284
0.277 1.16265 -3.05352
0.278 1.33233 -3.19702
0.279 1.49465 -3.33286
0.28 1.64896 -3.46057
0.281 1.79462 -3.5797
0.282 1.93103 -3.68982
0.283 2.05762 -3.79057
0.284 2.17385 -3.88158
0.285 2.27924 -3.96253
0.286 2.37333 -4.03314
0.287 2.45571 -4.09317
0.288 2.52602 -4.14239
0.289 2.58394 -4.18063
0.29 2.62921 -4.20776
0.291 2.66161 -4.22368
0.292 2.68096 -4.22833
0.293 2.68715 -4.2217
0.294 2.68012 -4.20381
0.295 2.65986 -4.17471
0.296 2.6264 -4.13452
0.297 2.57985 -4.08337
0.298 2.52034 -4.02145
0.299 2.44809 -3.94896
0.3 2.36334 -3.86618
0.301 2.26639 -3.77339
0.302 2.15761 -3.67091
0.303 2.0374 -3.55913
0.304 1.9062 -3.43842
0.305 1.76452 -3.30922
0.306 1.6129 -3.17199
0.307 1.45192 -3.02721
0.308 1.28221 -2.8754
0.309 1.10442 -2.7171
0.31 0.919269 -2.55286
0.311 0.727473 -2.38326
0.312 0.529795 -2.20891
0.313 0.327025 -2.03043
0.314 0.119972 -1.84843
0.315 -0.0905302 -1.66357
0.316 -0.303632 -1.4765
0.317 -0.518471 -1.28786
0.318 -0.734171 -1.09832
0.319 -0.949851 -0.908544
0.32 -1.16463 -0.719193
0.321 -1.37761 -0.530923
0.322 -1.58792 -0.344387
0.323 -1.79469 -0.160228
0.324 -1.99704 0.0209227
0.325 -2.19414 0.198445
0.326 -2.38513 0.371736
0.327 -2.56923 0.54021
0.328 -2.74563 0.703304
0.329 -2.91358 0.860473
0.33 -3.07235 1.0112
0.331 -3.22124 1.155
0.332 -3.35961 1.2914
0.333 -3.48682 1.41997
0.334 -3.60231 1.54031
0.335 -3.70555 1.65206
0.336 -3.79604 1.75488
0.337 -3.87337 1.84847
0.338 -3.93714 1.93258
0.339 -3.98702 2.00697
0.34 -4.02274 2.07148
0.341 -4.04408 2.12596
0.342 -4.05088 2.1703
0.343 -4.04303 2.20445
0.344 -4.02049 2.22837
0.345 -3.98326 2.2421
0.346 -3.93142 2.24568
0.347 -3.8651 2.23922
0.348 -3.78449 2.22286
0.349 -3.68983 2.19678
0.35 -3.58143 2.16119
0.351 -3.45965 2.11634
0.352 -3.3249 2.06254
0.353 -3.17765 2.0001
0.354 -3.01842 1.92939
0.355 -2.84779 1.85079
0.356 -2.66636 1.76474
0.357 -2.4748 1.67167
0.358 -2.27381 1.57207
0.359 -2.06415 1.46645
0.36 -1.84659 1.35533
0.361 -1.62194 1.23925
0.362 -1.39106 1.11878
0.363 -1.15483 0.994513
0.364 -0.914125 0.867033
0.365 -0.66988 0.736949
0.366 -0.423028 0.604877
0.367 -0.174516 0.471439
0.368 0.0746978 0.33726
0.369 0.323651 0.202966
0.37 0.571379 0.0691831
0.371 0.81692 -0.0634694
0.372 1.05932 -0.194377
0.373 1.29763 -0.322936
0.374 1.53093 -0.448553
0.375 1.7583 -0.570649
0.376 1.97884 -0.688662
0.377 2.19171 -0.80205
0.378 2.39605 -0.910291
0.379 2.59107 -1.01289
0.38 2.776 -1.10936
0.381 2.95011 -1.19928
0.382 3.11271 -1.28221
0.383 3.26318 -1.35778
0.384 3.40091 -1.42564
0.385 3.52536 -1.48546
0.386 3.63605 -1.53696
0.387 3.73254 -1.57989
0.388 3.81445 -1.61406
0.389 3.88148 -1.63928
0.39 3.93335 -1.65543
0.391 3.96988 -1.66242
0.392 3.99093 -1.66019
0.393 3.99643 -1.64873
0.394 3.98638 -1.62809
0.395 3.96082 -1.59831
0.396 3.91989 -1.55953
0.397 3.86376 -1.51188
0.398 3.79269 -1.45555
0.399 3.70697 -1.39078
0.4 3.60699 -1.31783
0.401 3.49316 -1.23699
0.402 3.36598 -1.1486
0.403 3.22599 -1.05304
0.404 3.07378 -0.950692
0.405 2.91001 -0.841998
0.406 2.73537 -0.727415
0.407 2.5506 -0.607426
0.408 2.35649 -0.482542
0.409 2.15387 -0.353294
0.41 1.94361 -0.220234
0.411 1.72659 -0.0839291
0.412 1.50376 0.0550353
0.413 1.27606 0.196063
0.414 1.04447 0.338548
0.415 0.809977 0.481876
0.416 0.5736 0.625429
0.417 0.336353 0.768585
0.418 0.0992614 0.910725
0.419 -0.136649 1.05123
0.42 -0.370354 1.18949
0.421 -0.600838 1.32491
0.422 -0.827094 1.45689
0.423 -1.04813 1.58485
0.424 -1.26298 1.70824
0.425 -1.47069 1.82651
0.426 -1.67035 1.93914
0.427 -1.86106 2.04564
0.428 -2.04196 2.14553
0.429 -2.21226 2.23836
0.43 -2.37116 2.32373
0.431 -2.51796 2.40125
0.432 -2.65196 2.47058
0.433 -2.77254 2.53139
0.434 -2.87913 2.58342
0.435 -2.97121 2.62641
0.436 -3.04834 2.66018
0.437 -3.1101 2.68456
0.438 -3.15618 2.69943
0.439 -3.18631 2.70471
0.44 -3.20028 2.70037
0.441 -3.19797 2.68641
0.442 -3.1793 2.66287
0.443 -3.14429 2.62986
0.444 -3.093 2.5875
0.445 -3.02558 2.53596
0.446 -2.94223 2.47546
0.447 -2.84322 2.40626
0.448 -2.72892 2.32864
0.449 -2.59971 2.24295
0.45 -2.45608 2.14954
0.451 -2.29855 2.04883
0.452 -2.12773 1.94125
0.453 -1.94426 1.82728
0.454 -1.74885 1.7074
0.455 -1.54227 1.58215
0.456 -1.32533 1.45209
0.457 -1.09888 1.31779
0.458 -0.863813 1.17985
0.459 -0.621083 1.03888
0.46 -0.37166 0.895533
0.461 -0.116552 0.750439
0.462 0.143206 0.604262
0.463 0.406554 0.457667
0.464 0.672415 0.311324
0.465 0.939694 0.165907
0.466 1.20729 0.0220873
0.467 1.47409 -0.119465
0.468 1.73898 -0.258089
0.469 2.00085 -0.39313
0.47 2.25861 -0.523949
0.471 2.51117 -0.64992
0.472 2.75745 -0.770435
0.473 2.9964 -0.884905
0.474 3.227 -0.992768
0.475 3.44825 -1.09348
0.476 3.6592 -1.18654
0.477 3.85892 -1.27147
0.478 4.04652 -1.34781
0.479 4.22119 -1.41515
0.48 4.38213 -1.47312
0.481 4.5286 -1.52138
0.482 4.65994 -1.55963
0.483 4.77553 -1.58763
0.484 4.87481 -1.60515
0.485 4.95729 -1.61203
0.486 5.02255 -1.60814
0.487 5.07024 -1.59342
0.488 5.10006 -1.56782
0.489 5.11181 -1.53137
0.49 5.10534 -1.48414
0.491 5.08059 -1.42622
0.492 5.03757 -1.35779
0.493 4.97635 -1.27905
0.494 4.89709 -1.19024
0.495 4.80002 -1.09168
0.496 4.68545 -0.983687
0.497 4.55375 -0.866659
0.498 4.40536 -0.741021
0.499 4.2408 -0.60724
0.5 4.06066 -0.465822
0.501 3.86558 -0.31731
0.502 3.65627 -0.162281
0.503 3.4335 -0.0013461
0.504 3.19811 0.164854
0.505 2.95097 0.335651
0.506 2.69302 0.51035
0.507 2.42523 0.688235
0.508 2.14864 0.86857
0.509 1.8643 1.0506
0.51 1.57331 1.23356
0.511 1.2768 1.41667
0.512 0.975926 1.59915
0.513 0.671856 1.78021
0.514 0.365787 1.95905
0.515 0.058921 2.13488
0.516 -0.24753 2.30693
0.517 -0.552354 2.47442
0.518 -0.854341 2.63658
0.519 -1.15229 2.79267
0.52 -1.445 2.94195
0.521 -1.73132 3.08371
0.522 -2.01008 3.21728
0.523 -2.28017 3.342
0.524 -2.54049 3.45722
0.525 -2.79 3.56237
0.526 -3.02767 3.65688
0.527 -3.25254 3.74023
0.528 -3.46368 3.81194
0.529 -3.66024 3.87158
0.53 -3.8414 3.91873
0.531 -4.00641 3.95307
0.532 -4.15458 3.97428
0.533 -4.2853 3.98213
0.534 -4.39802 3.9764
0.535 -4.49224 3.95695
0.536 -4.56758 3.9237
0.537 -4.62369 3.87659
0.538 -4.66032 3.81565
0.539 -4.6773 3.74093
0.54 -4.67453 3.65257
0.541 -4.652 3.55074
0.542 -4.60977 3.43567
0.543 -4.54798 3.30765
0.544 -4.46687 3.16701
0.545 -4.36672 3.01414
0.546 -4.24793 2.84948
0.547 -4.11095 2.67352
0.548 -3.95632 2.48679
0.549 -3.78464 2.28987
0.55 -3.59659 2.08339
0.551 -3.39292 1.86802
0.552 -3.17444 1.64445
0.553 -2.94202 1.41342
0.554 -2.69659 1.17571
0.555 -2.43915 0.932124
0.556 -2.17074 0.683489
0.557 -1.89244 0.430663
0.558 -1.60539 0.174522
0.559 -1.31075 -0.0840378
0.56 -1.00973 -0.344108
0.561 -0.703572 -0.604767
0.562 -0.393523 -0.865088
0.563 -0.0808634 -1.12414
0.564 0.233113 -1.38099
0.565 0.547105 -1.6347
0.566 0.859808 -1.88437
0.567 1.16992 -2.12907
0.568 1.47614 -2.3679
0.569 1.77718 -2.6
0.57 2.07178 -2.8245
0.571 2.35869 -3.04057
0.572 2.6367 -3.2474
0.573 2.90461 -3.44422
0.574 3.16127 -3.63028
0.575 3.40559 -3.8049
0.576 3.6365 -3.9674
0.577 3.853 -4.11717
0.578 4.05412 -4.25364
0.579 4.23898 -4.37627
0.58 4.40674 -4.4846
0.581 4.55665 -4.57819
0.582 4.68799 -4.6567
0.583 4.80017 -4.71979
0.584 4.89262 -4.76722
0.585 4.96488 -4.79879
0.586 5.01655 -4.81435
0.587 5.04735 -4.81384
0.588 5.05703 -4.79724
0.589 5.04547 -4.76459
0.59 5.0126 -4.71598
0.591 4.95846 -4.6516
0.592 4.88317 -4.57166
0.593 4.78693 -4.47645
0.594 4.67003 -4.36631
0.595 4.53284 -4.24164
0.596 4.3758 -4.1029
0.597 4.19947 -3.9506
0.598 4.00445 -3.78531
0.599 3.79143 -3.60764
0.6 3.56118 -3.41824
0.601 3.31453 -3.21784
0.602 3.05239 -3.00718
0.603 2.77572 -2.78706
0.604 2.48555 -2.5583
0.605 2.18298 -2.32178
0.606 1.86914 -2.07838
0.607 1.54521 -1.82903
0.608 1.21243 -1.57468
0.609 0.872057 -1.31629
0.61 0.525406 -1.05486
0.611 0.173803 -0.791381
0.612 -0.181398 -0.526862
0.613 -0.538826 -0.262316
0.614 -0.897095 0.00123966
0.615 -1.25482 0.262793
0.616 -1.6106 0.521336
0.617 -1.96305 0.775873
0.618 -2.31079 1.02542
0.619 -2.65246 1.26901
0.62 -2.98673 1.50571
0.621 -3.31226 1.73459
0.622 -3.62779 1.95476
0.623 -3.93206 2.16537
0.624 -4.22387 2.3656
0.625 -4.50206 2.55466
0.626 -4.76553 2.73182
0.627 -5.01322 2.89637
0.628 -5.24414 3.04768
0.629 -5.45738 3.18515
0.63 -5.65206 3.30822
0.631 -5.82742 3.41641
0.632 -5.98273 3.50929
0.633 -6.11737 3.58649
0.634 -6.23079 3.64769
0.635 -6.32251 3.69263
0.636 -6.39216 3.72113
0.637 -6.43943 3.73307
0.638 -6.46413 3.72837
0.639 -6.46613 3.70704
0.64 -6.4454 3.66915
0.641 -6.402 3.61482
0.642 -6.33609 3.54424
0.643 -6.2479 3.45768
0.644 -6.13777 3.35545
0.645 -6.0061 3.23793
0.646 -5.85341 3.10556
0.647 -5.68027 2.95883
0.648 -5.48735 2.79829
0.649 -5.2754 2.62455
0.65 -5.04524 2.43827
0.651 -4.79777 2.24015
0.652 -4.53396 2.03094
0.653 -4.25482 1.81143
0.654 -3.96147 1.58247
0.655 -3.65504 1.34492
0.656 -3.33674 1.0997
0.657 -3.00781 0.847722
0.658 -2.66957 0.589963
0.659 -2.32332 0.327406
0.66 -1.97045 0.0610528
0.661 -1.61234 -0.208078
0.662 -1.25041 -0.478957
0.663 -0.886085 -0.750547
0.664 -0.520804 -1.02181
0.665 -0.156013 -1.29171
0.666 0.206845 -1.5592
0.667 0.566333 -1.82328
0.668 0.921028 -2.08292
0.669 1.26953 -2.33713
0.67 1.61045 -2.58495
0.671 1.94244 -2.82541
0.672 2.26418 -3.05761
0.673 2.57441 -3.28066
0.674 2.8719 -3.49369
0.675 3.15545 -3.69591
0.676 3.42396 -3.88655
0.677 3.67635 -4.06486
0.678 3.91164 -4.23018
0.679 4.12889 -4.38188
0.68 4.32724 -4.51939
0.681 4.50592 -4.64218
0.682 4.66421 -4.7498
0.683 4.80151 -4.84184
0.684 4.91727 -4.91796
0.685 5.01104 -4.97787
0.686 5.08247 -5.02136
0.687 5.13128 -5.04828
0.688 5.1573 -5.05853
0.689 5.16044 -5.0521
0.69 5.1407 -5.02901
0.691 5.09818 -4.98938
0.692 5.03308 -4.93336
0.693 4.94567 -4.8612
0.694 4.83633 -4.77318
0.695 4.70551 -4.66966
0.696 4.55378 -4.55106
0.697 4.38176 -4.41783
0.698 4.19017 -4.27052
0.699 3.9798 -4.1097
0.7 3.75154 -3.93601
0.701 3.50632 -3.75012
0.702 3.24516 -3.55277
0.703 2.96914 -3.34472
0.704 2.67941 -3.1268
0.705 2.37716 -2.89983
0.706 2.06364 -2.66472
0.707 1.74015 -2.42236
0.708 1.40804 -2.17369
0.709 1.06866 -1.91969
0.71 0.723427 -1.66131
0.711 0.373771 -1.39956
0.712 0.0211399 -1.13544
0.713 -0.333006 -0.869966
0.714 -0.687197 -0.604142
0.715 -1.03996 -0.338982
0.716 -1.38984 -0.0754935
0.717 -1.73537 0.185328
0.718 -2.07512 0.442499
0.719 -2.40767 0.695054
0.72 -2.73164 0.942049
0.721 -3.04566 1.18257
0.722 -3.34842 1.41571
0.723 -3.63866 1.64063
0.724 -3.91516 1.8565
0.725 -4.17674 2.06253
0.726 -4.4223 2.25799
0.727 -4.6508 2.44218
0.728 -4.86127 2.61444
0.729 -5.0528 2.77418
0.73 -5.22457 2.92086
0.731 -5.37584 3.05398
0.732 -5.50593 3.1731
0.733 -5.61428 3.27785
0.734 -5.7004 3.36792
0.735 -5.76387 3.44304
0.736 -5.8044 3.50302
0.737 -5.82177 3.54773
0.738 -5.81586 3.5771
0.739 -5.78664 3.59113
0.74 -5.73417 3.58987
0.741 -5.65862 3.57344
0.742 -5.56024 3.54202
0.743 -5.43938 3.49587
0.744 -5.29648 3.43527
0.745 -5.13207 3.36059
0.746 -4.94676 3.27226
0.747 -4.74126 3.17075
0.748 -4.51635 3.05659
0.749 -4.2729 2.93035
0.75 -4.01184 2.79266
0.751 -3.73418 2.64421
0.752 -3.44101 2.4857
0.753 -3.13346 2.3179
0.754 -2.81275 2.1416
0.755 -2.48012 1.95762
0.756 -2.13689 1.76684
0.757 -1.7844 1.57012
0.758 -1.42404 1.36839
0.759 -1.05723 1.16257
0.76 -0.68543 0.953592
0.761 -0.310098 0.742422
0.762 0.0672778 0.530017
0.763 0.445202 0.317341
0.764 0.822178 0.105359
0.765 1.19671 -0.104971
0.766 1.56731 -0.312698
0.767 1.93251 -0.516886
0.768 2.29086 -0.716613
0.769 2.64093 -0.910979
0.77 2.98134 -1.09911
0.771 3.31073 -1.28015
0.772 3.62779 -1.45329
0.773 3.93126 -1.61774
0.774 4.21995 -1.77277
0.775 4.49269 -1.91766
0.776 4.74842 -2.05176
0.777 4.98611 -2.17446
0.778 5.20483 -2.28518
0.779 5.40371 -2.38343
0.78 5.58196 -2.46874
0.781 5.73889 -2.54072
0.782 5.87388 -2.59901
0.783 5.98641 -2.64333
0.784 6.07603 -2.67346
0.785 6.14241 -2.68924
0.786 6.18529 -2.69055
0.787 6.20453 -2.67736
0.788 6.20006 -2.64969
0.789 6.17193 -2.60763
0.79 6.12027 -2.55132
0.791 6.04531 -2.48097
0.792 5.94737 -2.39684
0.793 5.82688 -2.29927
0.794 5.68435 -2.18863
0.795 5.52037 -2.06538
0.796 5.33564 -1.93
0.797 5.13093 -1.78305
0.798 4.90709 -1.62513
0.799 4.66506 -1.45688
0.8 4.40584 -1.27899
0.801 4.13051 -1.0922
0.802 3.84022 -0.897286
0.803 3.53617 -0.695056
0.804 3.21962 -0.486351
0.805 2.89189 -0.272045
0.806 2.55433 -0.0530335
0.807 2.20835 0.169764
0.808 1.85539 0.395409
0.809 1.4969 0.622953
0.81 1.13437 0.851433
0.811 0.769307 1.07988
0.812 0.403232 1.30733
0.813 0.0376608 1.53281
0.814 -0.325887 1.75537
0.815 -0.685898 1.97404
0.816 -1.04088 2.1879
0.817 -1.38934 2.39603
0.818 -1.72985 2.59752
0.819 -2.06097 2.79151
0.82 -2.38132 2.97716
0.821 -2.68957 3.15365
0.822 -2.98443 3.32023
0.823 -3.26465 3.47614
0.824 -3.52906 3.62071
0.825 -3.77655 3.75329
0.826 -4.00608 3.87328
0.827 -4.21667 3.98015
0.828 -4.40743 4.07339
0.829 -4.57755 4.15258
0.83 -4.7263 4.21734
0.831 -4.85303 4.26735
0.832 -4.9572 4.30236
0.833 -5.03834 4.32216
0.834 -5.0961 4.32663
0.835 -5.13019 4.3157
0.836 -5.14046 4.28935
0.837 -5.12682 4.24766
0.838 -5.0893 4.19075
0.839 -5.02802 4.11879
0.84 -4.9432 4.03205
0.841 -4.83516 3.93083
0.842 -4.70431 3.8155
0.843 -4.55116 3.6865
0.844 -4.3763 3.54431
0.845 -4.18044 3.38949
0.846 -3.96433 3.22263
0.847 -3.72886 3.04439
0.848 -3.47494 2.85545
0.849 -3.20362 2.65658
0.85 -2.91597 2.44856
0.851 -2.61315 2.23221
0.852 -2.2964 2.00841
0.853 -1.967 1.77804
0.854 -1.62627 1.54205
0.855 -1.27561 1.30138
0.856 -0.916451 1.05701
0.857 -0.55025 0.809934
0.858 -0.178508 0.561158
0.859 0.197253 0.311699
0.86 0.575493 0.0625806
0.861 0.954657 -0.185174
0.862 1.33319 -0.430544
0.863 1.70952 -0.672514
0.864 2.0821 -0.910083
0.865 2.44939 -1.14226
0.866 2.80986 -1.36809
0.867 3.16203 -1.58661
0.868 3.50441 -1.79692
0.869 3.83558 -1.99812
0.87 4.15416 -2.18937
0.871 4.45881 -2.36986
0.872 4.74824 -2.53881
0.873 5.02122 -2.6955
0.874 5.27661 -2.83926
0.875 5.5133 -2.96947
0.876 5.73029 -3.08554
0.877 5.92663 -3.18697
0.878 6.10147 -3.2733
0.879 6.25403 -3.34414
0.88 6.38363 -3.39916
0.881 6.48969 -3.43808
0.882 6.57169 -3.4607
0.883 6.62925 -3.4669
0.884 6.66207 -3.45659
0.885 6.66992 -3.42978
0.886 6.65272 -3.38653
0.887 6.61047 -3.32698
0.888 6.54325 -3.25133
0.889 6.45126 -3.15984
0.89 6.33482 -3.05285
0.891 6.19431 -2.93075
0.892 6.03023 -2.79402
0.893 5.84316 -2.64316
0.894 5.6338 -2.47876
0.895 5.40292 -2.30147
0.896 5.15138 -2.11197
0.897 4.88013 -1.91101
0.898 4.59018 -1.69938
0.899 4.28265 -1.47794
0.9 3.95871 -1.24756
0.901 3.61961 -1.00917
0.902 3.26664 -0.763732
0.903 2.90117 -0.512234
0.904 2.52461 -0.255698
0.905 2.13842 0.00483048
0.906 1.74411 0.268285
0.907 1.3432 0.533586
0.908 0.937261 0.799641
0.909 0.527878 1.06535
0.91 0.11665 1.32961
0.911 -0.294814 1.59132
0.912 -0.704902 1.84938
0.913 -1.112 2.10272
0.914 -1.51453 2.35026
0.915 -1.91088 2.59095
0.916 -2.29952 2.82376
0.917 -2.6789 3.0477
0.918 -3.04754 3.2618
0.919 -3.40399 3.46513
0.92 -3.74684 3.65679
0.921 -4.07473 3.83594
0.922 -4.38639 4.00176
0.923 -4.68057 4.15352
0.924 -4.95613 4.29051
0.925 -5.21197 4.41208
0.926 -5.44709 4.51766
0.927 -5.66056 4.60671
0.928 -5.85155 4.67879
0.929 -6.0193 4.73348
0.93 -6.16315 4.77047
0.931 -6.28255 4.7895
0.932 -6.37703 4.79037
0.933 -6.44622 4.77297
0.934 -6.48986 4.73725
0.935 -6.50779 4.68324
0.936 -6.49995 4.61104
0.937 -6.46639 4.5208
0.938 -6.40725 4.41277
0.939 -6.32278 4.28727
0.94 -6.21333 4.14466
0.941 -6.07936 3.98539
0.942 -5.92142 3.80999
0.943 -5.74016 3.61902
0.944 -5.53631 3.41313
0.945 -5.31071 3.19301
0.946 -5.06428 2.95943
0.947 -4.79802 2.71319
0.948 -4.51303 2.45516
0.949 -4.21045 2.18625
0.95 -3.89152 1.90741
0.951 -3.55754 1.61964
0.952 -3.20987 1.32398
0.953 -2.84992 1.02149
0.954 -2.47915 0.713273
0.955 -2.09909 0.400441
0.956 -1.71126 0.0841387
0.957 -1.31726 -0.234477
0.958 -0.918691 -0.554236
0.959 -0.517172 -0.873965
0.96 -0.114342 -1.19248
0.961 0.288155 -1.50862
0.962 0.688676 -1.8212
0.963 1.08559 -2.12907
0.964 1.47726 -2.43109
0.965 1.8621 -2.72613
0.966 2.23853 -3.0131
0.967 2.60501 -3.29094
0.968 2.96003 -3.55861
0.969 3.30213 -3.81511
0.97 3.62991 -4.05949
0.971 3.94202 -4.29083
0.972 4.23716 -4.50829
0.973 4.51412 -4.71104
0.974 4.77175 -4.89834
0.975 5.00898 -5.06949
0.976 5.22482 -5.22385
0.977 5.41836 -5.36086
0.978 5.58878 -5.48001
0.979 5.73537 -5.58086
0.98 5.8575 -5.66305
0.981 5.95463 -5.72628
0.982 6.02633 -5.77033
0.983 6.07229 -5.79504
0.984 6.09226 -5.80035
0.985 6.08614 -5.78624
0.986 6.0539 -5.7528
0.987 5.99563 -5.70016
0.988 5.91153 -5.62854
0.989 5.8019 -5.53825
0.99 5.66713 -5.42964
0.991 5.50773 -5.30315
0.992 5.32429 -5.15927
0.993 5.11751 -4.99859
0.994 4.88819 -4.82172
0.995 4.63721 -4.62938
0.996 4.36552 -4.42231
0.997 4.0742 -4.20132
0.998 3.76436 -3.96728
0.999 3.43723 -3.7211
1 3.09406 -3.46374
