0.001 3.37089e-008 2.48709e-009
0.002 3.07413e-007 1.99763e-008
0.003 1.45132e-006 8.29119e-008
0.004 4.81338e-006 2.43377e-007
0.005 1.27502e-005 5.77538e-007
0.006 2.89083e-005 1.18976e-006
0.007 5.8492e-005 2.2188e-006
0.008 0.000108518 3.8466e-006
0.009 0.000188049 6.30987e-006
0.01 0.000308416 9.91506e-006
0.011 0.000483405 1.50568e-005
0.012 0.000729433 2.22404e-005
0.013 0.0010657 3.2108e-005
0.014 0.00151428 4.54694e-005
0.015 0.00210026 6.33371e-005
0.016 0.00285174 8.69659e-005
0.017 0.00379991 0.000117897
0.018 0.00497904 0.000158005
0.019 0.0064264 0.000209553
0.02 0.00818225 0.000275247
0.021 0.0102897 0.0003583
0.022 0.0127946 0.000462492
0.023 0.0157454 0.000592242
0.024 0.0191928 0.000752673
0.025 0.0231897 0.000949694
0.026 0.0277909 0.00119007
0.027 0.0330527 0.00148148
0.028 0.0390327 0.00183265
0.029 0.0457894 0.00225336
0.03 0.0533819 0.00275457
0.031 0.0618693 0.00334846
0.032 0.0713106 0.00404856
0.033 0.0817639 0.00486973
0.034 0.0932864 0.00582834
0.035 0.105934 0.00694222
0.036 0.119759 0.0082308
0.037 0.134813 0.00971512
0.038 0.151143 0.0114179
0.039 0.168795 0.0133635
0.04 0.187807 0.0155781
0.041 0.208217 0.0180895
0.042 0.230054 0.0209274
0.043 0.253345 0.0241232
0.044 0.278108 0.0277099
0.045 0.304358 0.0317224
0.046 0.3321 0.0361971
0.047 0.361335 0.0411722
0.048 0.392054 0.0466871
0.049 0.424243 0.0527831
0.05 0.457877 0.0595025
0.051 0.492926 0.0668891
0.052 0.529348 0.0749875
0.053 0.567096 0.0838436
0.054 0.606111 0.0935039
0.055 0.646327 0.104016
0.056 0.687669 0.115427
0.057 0.730053 0.127784
0.058 0.773386 0.141137
0.059 0.817567 0.155533
0.06 0.862484 0.171018
0.061 0.908021 0.18764
0.062 0.95405 0.205444
0.063 1.00044 0.224474
0.064 1.04704 0.244773
0.065 1.09371 0.266383
0.066 1.1403 0.28934
0.067 1.18663 0.313683
0.068 1.23256 0.339444
0.069 1.2779 0.366654
0.07 1.32247 0.395339
0.071 1.36611 0.425522
0.072 1.40863 0.457224
0.073 1.44985 0.490457
0.074 1.48957 0.525232
0.075 1.52763 0.561554
0.076 1.56382 0.599422
0.077 1.59798 0.638831
0.078 1.62991 0.679767
0.079 1.65945 0.722214
0.08 1.68641 0.766145
0.081 1.71063 0.81153
0.082 1.73196 0.858331
0.083 1.75022 0.906502
0.084 1.76527 0.955992
0.085 1.77699 1.00674
0.086 1.78522 1.05868
0.087 1.78986 1.11173
0.088 1.7908 1.16582
0.089 1.78794 1.22085
0.09 1.78119 1.27673
0.091 1.77049 1.33335
0.092 1.75578 1.3906
0.093 1.73702 1.44836
0.094 1.71418 1.50649
0.095 1.68725 1.56487
0.096 1.65624 1.62336
0.097 1.62116 1.6818
0.098 1.58206 1.74005
0.099 1.539 1.79794
0.1 1.49204 1.8553
0.101 1.44127 1.91197
0.102 1.38681 1.96777
0.103 1.32878 2.02252
0.104 1.26731 2.07604
0.105 1.20258 2.12813
0.106 1.13475 2.17861
0.107 1.06401 2.22729
0.108 0.990577 2.27397
0.109 0.914669 2.31846
0.11 0.836522 2.36057
0.111 0.756387 2.4001
0.112 0.674528 2.43686
0.113 0.59122 2.47066
0.114 0.50675 2.50131
0.115 0.421416 2.52863
0.116 0.335523 2.55245
0.117 0.249386 2.57258
0.118 0.163327 2.58885
0.119 0.0776705 2.60112
0.12 -0.00725077 2.60922
0.121 -0.0911033 2.613
0.122 -0.173551 2.61234
0.123 -0.254259 2.60711
0.124 -0.332891 2.59719
0.125 -0.409116 2.58247
0.126 -0.482605 2.56287
0.127 -0.553037 2.5383
0.128 -0.620095 2.5087
0.129 -0.683472 2.47401
0.13 -0.742871 2.43421
0.131 -0.798007 2.38925
0.132 -0.848606 2.33915
0.133 -0.894409 2.2839
0.134 -0.935172 2.22353
0.135 -0.97067 2.15808
0.136 -1.00069 2.08761
0.137 -1.02505 2.0122
0.138 -1.04357 1.93193
0.139 -1.05611 1.84692
0.14 -1.06255 1.7573
0.141 -1.06277 1.6632
0.142 -1.0567 1.56479
0.143 -1.04429 1.46225
0.144 -1.02551 1.35578
0.145 -1.00036 1.24558
0.146 -0.968852 1.13188
0.147 -0.931046 1.01493
0.148 -0.887017 0.894988
0.149 -0.836869 0.772325
0.15 -0.780733 0.64723
0.151 -0.718767 0.520002
0.152 -0.651155 0.390955
0.153 -0.578107 0.260414
0.154 -0.499861 0.128713
0.155 -0.416676 -0.00380127
0.156 -0.328838 -0.136776
0.157 -0.236658 -0.269849
0.158 -0.140466 -0.402652
0.159 -0.0406165 -0.534812
0.16 0.0625167 -0.665952
0.161 0.168541 -0.795689
0.162 0.277044 -0.923642
0.163 0.3876 -1.04943
0.164 0.499765 -1.17266
0.165 0.613084 -1.29297
0.166 0.72709 -1.40997
0.167 0.841307 -1.5233
0.168 0.955247 -1.63259
0.169 1.06842 -1.73747
0.17 1.18033 -1.83761
0.171 1.29049 -1.93267
0.172 1.39838 -2.02232
0.173 1.50352 -2.10625
0.174 1.60542 -2.18415
0.175 1.70359 -2.25576
0.176 1.79754 -2.3208
0.177 1.88682 -2.37902
0.178 1.97096 -2.4302
0.179 2.04953 -2.47412
0.18 2.12209 -2.51061
0.181 2.18825 -2.5395
0.182 2.24761 -2.56065
0.183 2.2998 -2.57393
0.184 2.34449 -2.57926
0.185 2.38136 -2.57657
0.186 2.41011 -2.56582
0.187 2.43048 -2.547
0.188 2.44225 -2.52011
0.189 2.44521 -2.4852
0.19 2.43919 -2.44233
0.191 2.42405 -2.3916
0.192 2.3997 -2.33313
0.193 2.36606 -2.26707
0.194 2.32312 -2.19359
0.195 2.27086 -2.1129
0.196 2.20933 -2.02523
0.197 2.13862 -1.93083
0.198 2.05883 -1.82999
0.199 1.97013 -1.72302
0.2 1.8727 -1.61023
0.201 1.76676 -1.492
0.202 1.65258 -1.36868
0.203 1.53046 -1.24068
0.204 1.40073 -1.10841
0.205 1.26375 -0.972318
0.206 1.11992 -0.832842
0.207 0.96967 -0.690456
0.208 0.81346 -0.54564
0.209 0.651776 -0.39889
0.21 0.48513 -0.250711
0.211 0.314062 -0.10162
0.212 0.139132 0.0478601
0.213 -0.0390769 0.197201
0.214 -0.219964 0.345869
0.215 -0.402912 0.493328
0.216 -0.587288 0.639042
0.217 -0.77245 0.782478
0.218 -0.957742 0.923105
0.219 -1.14251 1.0604
0.22 -1.32608 1.19383
0.221 -1.50778 1.32291
0.222 -1.68697 1.44712
0.223 -1.86296 1.56599
0.224 -2.03511 1.67905
0.225 -2.20276 1.78583
0.226 -2.36528 1.88591
0.227 -2.52205 1.97887
0.228 -2.67247 2.06432
0.229 -2.81594 2.14189
0.23 -2.95189 2.21122
0.231 -3.0798 2.27202
0.232 -3.19915 2.32397
0.233 -3.30944 2.36683
0.234 -3.41022 2.40035
0.235 -3.50108 2.42434
0.236 -3.58162 2.43863
0.237 -3.65149 2.44308
0.238 -3.71038 2.43759
0.239 -3.75801 2.42209
0.24 -3.79416 2.39655
0.241 -3.81864 2.36096
0.242 -3.83129 2.31538
0.243 -3.83202 2.25986
0.244 -3.82077 2.19452
0.245 -3.79754 2.1195
0.246 -3.76234 2.03498
0.247 -3.71527 1.94117
0.248 -3.65646 1.83831
0.249 -3.58607 1.72669
0.25 -3.50433 1.60663
0.251 -3.4115 1.47846
0.252 -3.30788 1.34256
0.253 -3.19384 1.19933
0.254 -3.06977 1.04921
0.255 -2.93609 0.892655
0.256 -2.79329 0.730151
0.257 -2.64188 0.562205
0.258 -2.48241 0.389347
0.259 -2.31546 0.212128
0.26 -2.14165 0.0311152
0.261 -1.96162 -0.153107
0.262 -1.77605 -0.339939
0.263 -1.58563 -0.52877
0.264 -1.39109 -0.71898
0.265 -1.19316 -0.909941
0.266 -0.992594 -1.10102
0.267 -0.790174 -1.29157
0.268 -0.586676 -1.48097
0.269 -0.38289 -1.66857
0.27 -0.17961 -1.85373
0.271 0.0223685 -2.03585
0.272 0.222251 -2.21428
0.273 0.419247 -2.38843
0.274 0.612577 -2.5577
0.275 0.801468 -2.72151
0.276 0.985165 -2.87929
0.277 1.16293 -3.03051
0.278 1.33404 -3.17463
0.279 1.4978 -3.31117
0.28 1.65355 -3.43963
0.281 1.80063 -3.55959
0.282 1.93846 -3.67062
0.283 2.06643 -3.77233
0.284 2.18403 -3.86436
0.285 2.29076 -3.9464
0.286 2.38615 -4.01816
0.287 2.46979 -4.07937
0.288 2.54131 -4.12984
0.289 2.60039 -4.16937
0.29 2.64676 -4.19783
0.291 2.68019 -4.21512
0.292 2.70052 -4.22117
0.293 2.70762 -4.21597
0.294 2.70141 -4.19953
0.295 2.6819 -4.17191
0.296 2.64911 -4.13321
0.297 2.60314 -4.08357
0.298 2.54412 -4.02315
0.299 2.47227 -3.95218
0.3 2.38783 -3.8709
0.301 2.2911 -3.77961
0.302 2.18244 -3.67863
0.303 2.06225 -3.56832
0.304 1.93098 -3.44906
0.305 1.78912 -3.32129
0.306 1.63722 -3.18546
0.307 1.47587 -3.04204
0.308 1.30568 -2.89155
0.309 1.12733 -2.73453
0.31 0.941512 -2.57152
0.311 0.748958 -2.40311
0.312 0.550432 -2.22989
0.313 0.346725 -2.05248
0.314 0.13865 -1.8715
0.315 -0.0729556 -1.68758
0.316 -0.28724 -1.50139
0.317 -0.503334 -1.31357
0.318 -0.72036 -1.12477
0.319 -0.937432 -0.935669
0.32 -1.15366 -0.746916
0.321 -1.36815 -0.559168
0.322 -1.58002 -0.373077
0.323 -1.78838 -0.189285
0.324 -1.99237 -0.00842409
0.325 -2.19113 0.168888
0.326 -2.38382 0.342047
0.327 -2.56963 0.510469
0.328 -2.74775 0.673588
0.329 -2.91743 0.830861
0.33 -3.07793 0.981769
0.331 -3.22855 1.12582
0.332 -3.36862 1.26255
0.333 -3.49752 1.39152
0.334 -3.61467 1.51233
0.335 -3.71953 1.62462
0.336 -3.81161 1.72804
0.337 -3.89047 1.8223
0.338 -3.95573 1.90713
0.339 -4.00704 1.98231
0.34 -4.04412 2.04765
0.341 -4.06675 2.10301
0.342 -4.07477 2.14829
0.343 -4.06806 2.1834
0.344 -4.04656 2.20834
0.345 -4.0103 2.22311
0.346 -3.95933 2.22777
0.347 -3.89378 2.22242
0.348 -3.81384 2.20719
0.349 -3.71976 2.18225
0.35 -3.61182 2.14782
0.351 -3.49039 2.10415
0.352 -3.35589 2.05152
0.353 -3.20878 1.99026
0.354 -3.04958 1.92072
0.355 -2.87886 1.84329
0.356 -2.69724 1.75839
0.357 -2.50538 1.66647
0.358 -2.30398 1.568
0.359 -2.0938 1.46348
0.36 -1.87561 1.35344
0.361 -1.65024 1.23841
0.362 -1.41853 1.11896
0.363 -1.18137 0.995675
0.364 -0.939653 0.869139
0.365 -0.694304 0.73996
0.366 -0.446264 0.60875
0.367 -0.196485 0.476128
0.368 0.0540695 0.342717
0.369 0.304431 0.209143
0.37 0.553629 0.0760283
0.371 0.800697 -0.0560081
0.372 1.04467 -0.186353
0.373 1.2846 -0.314403
0.374 1.51955 -0.439567
0.375 1.7486 -0.561265
0.376 1.97085 -0.678936
0.377 2.18544 -0.792037
0.378 2.3915 -0.900047
0.379 2.58825 -1.00247
0.38 2.77489 -1.09882
0.381 2.9507 -1.18867
0.382 3.11498 -1.27158
0.383 3.26709 -1.34719
0.384 3.40643 -1.41512
0.385 3.53244 -1.47507
0.386 3.64464 -1.52675
0.387 3.74258 -1.5699
0.388 3.82588 -1.60433
0.389 3.89422 -1.62985
0.39 3.94733 -1.64634
0.391 3.98501 -1.65369
0.392 4.00712 -1.65186
0.393 4.01359 -1.64084
0.394 4.00441 -1.62064
0.395 3.97962 -1.59135
0.396 3.93935 -1.55306
0.397 3.88378 -1.50592
0.398 3.81314 -1.45012
0.399 3.72775 -1.38589
0.4 3.62797 -1.31348
0.401 3.51423 -1.23319
0.402 3.38702 -1.14535
0.403 3.24688 -1.05034
0.404 3.0944 -0.948538
0.405 2.93024 -0.840383
0.406 2.75509 -0.72633
0.407 2.5697 -0.606859
0.408 2.37486 -0.48248
0.409 2.1714 -0.35372
0.41 1.96018 -0.221129
0.411 1.74212 -0.0852739
0.412 1.51813 0.0532632
0.413 1.28918 0.193887
0.414 1.05625 0.335994
0.415 0.820347 0.478969
0.416 0.582475 0.622197
0.417 0.343663 0.765056
0.418 0.104942 0.906929
0.419 -0.132654 1.0472
0.42 -0.368094 1.18525
0.421 -0.600353 1.32049
0.422 -0.828418 1.45232
0.423 -1.05129 1.58016
0.424 -1.26799 1.70346
0.425 -1.47756 1.82167
0.426 -1.67907 1.93426
0.427 -1.87163 2.04075
0.428 -2.05437 2.14066
0.429 -2.22647 2.23353
0.43 -2.38714 2.31897
0.431 -2.53566 2.39657
0.432 -2.67133 2.466
0.433 -2.79353 2.52693
0.434 -2.90166 2.57909
0.435 -2.99521 2.62224
0.436 -3.07372 2.65617
0.437 -3.13678 2.68072
0.438 -3.18405 2.69576
0.439 -3.21526 2.70123
0.44 -3.23021 2.69707
0.441 -3.22876 2.68329
0.442 -3.21083 2.65993
0.443 -3.17642 2.6271
0.444 -3.12561 2.5849
0.445 -3.05853 2.53352
0.446 -2.97539 2.47317
0.447 -2.87645 2.4041
0.448 -2.76206 2.3266
0.449 -2.63263 2.24101
0.45 -2.48862 2.14768
0.451 -2.33058 2.04703
0.452 -2.15909 1.93949
0.453 -1.97482 1.82552
0.454 -1.77846 1.70563
0.455 -1.57079 1.58035
0.456 -1.35262 1.45022
0.457 -1.1248 1.31582
0.458 -0.888251 1.17776
0.459 -0.643903 1.03665
0.46 -0.392743 0.893116
0.461 -0.135783 0.747814
0.462 0.125933 0.6014
0.463 0.391341 0.454541
0.464 0.659355 0.307906
0.465 0.928873 0.162172
0.466 1.19878 0.0180102
0.467 1.46796 -0.123908
0.468 1.7353 -0.262919
0.469 1.99967 -0.398368
0.47 2.25996 -0.529613
0.471 2.51508 -0.656025
0.472 2.76394 -0.776995
0.473 3.00549 -0.891932
0.474 3.23868 -1.00027
0.475 3.46251 -1.10146
0.476 3.67602 -1.19501
0.477 3.87826 -1.28041
0.478 4.06835 -1.35723
0.479 4.24544 -1.42504
0.48 4.40874 -1.48347
0.481 4.55751 -1.53218
0.482 4.69105 -1.57086
0.483 4.80875 -1.59926
0.484 4.91003 -1.61716
0.485 4.99441 -1.6244
0.486 5.06144 -1.62084
0.487 5.11076 -1.6064
0.488 5.14209 -1.58105
0.489 5.15519 -1.54481
0.49 5.14993 -1.49774
0.491 5.12623 -1.43994
0.492 5.08409 -1.37157
0.493 5.02358 -1.29284
0.494 4.94486 -1.20398
0.495 4.84816 -1.10531
0.496 4.73378 -0.997149
0.497 4.60208 -0.879889
0.498 4.45351 -0.753952
0.499 4.28859 -0.619805
0.5 4.1079 -0.477953
0.501 3.91208 -0.328936
0.502 3.70186 -0.173332
0.503 3.478 -0.0117503
0.504 3.24134 0.155168
0.505 2.99276 0.326753
0.506 2.7332 0.502313
0.507 2.46365 0.681129
0.508 2.18513 0.862463
0.509 1.89872 1.04556
0.51 1.60551 1.22966
0.511 1.30665 1.41397
0.512 1.00329 1.59771
0.513 0.696624 1.78008
0.514 0.387852 1.9603
0.515 0.0781871 2.13757
0.516 -0.231149 2.3111
0.517 -0.538933 2.48011
0.518 -0.843942 2.64384
0.519 -1.14496 2.80154
0.52 -1.44079 2.95246
0.521 -1.73025 3.09589
0.522 -2.01216 3.23115
0.523 -2.2854 3.35758
0.524 -2.54887 3.47453
0.525 -2.80149 3.58141
0.526 -3.04224 3.67765
0.527 -3.27014 3.76273
0.528 -3.48425 3.83616
0.529 -3.68369 3.89749
0.53 -3.86765 3.94632
0.531 -4.03536 3.9823
0.532 -4.18612 4.00513
0.533 -4.31929 4.01455
0.534 -4.43433 4.01035
0.535 -4.53073 3.99237
0.536 -4.60809 3.96053
0.537 -4.66605 3.91477
0.538 -4.70437 3.8551
0.539 -4.72285 3.78159
0.54 -4.72139 3.69434
0.541 -4.69996 3.59354
0.542 -4.65864 3.47941
0.543 -4.59755 3.35223
0.544 -4.51692 3.21233
0.545 -4.41704 3.0601
0.546 -4.29829 2.89596
0.547 -4.16114 2.72041
0.548 -4.00611 2.53398
0.549 -3.83381 2.33725
0.55 -3.64491 2.13083
0.551 -3.44017 1.91539
0.552 -3.2204 1.69162
0.553 -2.98648 1.46028
0.554 -2.73935 1.22213
0.555 -2.47999 0.977979
0.556 -2.20946 0.728652
0.557 -1.92885 0.475007
0.558 -1.6393 0.217923
0.559 -1.34199 -0.0417035
0.56 -1.03814 -0.302961
0.561 -0.728978 -0.564926
0.562 -0.415784 -0.826668
0.563 -0.0998459 -1.08725
0.564 0.217533 -1.34574
0.565 0.535039 -1.6012
0.566 0.851353 -1.85271
0.567 1.16516 -2.09935
0.568 1.47514 -2.34022
0.569 1.78001 -2.57443
0.57 2.07847 -2.80112
0.571 2.36927 -3.01944
0.572 2.65117 -3.2286
0.573 2.92298 -3.4278
0.574 3.18352 -3.6163
0.575 3.43168 -3.79338
0.576 3.66638 -3.95839
0.577 3.8866 -4.1107
0.578 4.09137 -4.24971
0.579 4.27978 -4.37491
0.58 4.45098 -4.4858
0.581 4.6042 -4.58195
0.582 4.73873 -4.663
0.583 4.85392 -4.72861
0.584 4.94923 -4.77852
0.585 5.02418 -4.81254
0.586 5.07835 -4.8305
0.587 5.11145 -4.83233
0.588 5.12322 -4.818
0.589 5.11353 -4.78755
0.59 5.0823 -4.74107
0.591 5.02957 -4.67872
0.592 4.95545 -4.60073
0.593 4.86013 -4.50735
0.594 4.74389 -4.39894
0.595 4.60711 -4.27589
0.596 4.45023 -4.13865
0.597 4.27378 -3.98773
0.598 4.07838 -3.82368
0.599 3.86473 -3.64711
0.6 3.63357 -3.45869
0.601 3.38576 -3.25911
0.602 3.1222 -3.04913
0.603 2.84386 -2.82954
0.604 2.55178 -2.60117
0.605 2.24705 -2.36487
0.606 1.93081 -2.12155
0.607 1.60426 -1.87213
0.608 1.26863 -1.61755
0.609 0.925219 -1.35879
0.61 0.575324 -1.09682
0.611 0.22029 -0.832665
0.612 -0.138514 -0.567318
0.613 -0.499705 -0.301801
0.614 -0.861885 -0.037133
0.615 -1.22365 0.22567
0.616 -1.58359 0.485596
0.617 -1.9403 0.741643
0.618 -2.29239 0.992823
0.619 -2.63848 1.23817
0.62 -2.97722 1.47672
0.621 -3.30726 1.70757
0.622 -3.62731 1.9298
0.623 -3.93611 2.14257
0.624 -4.23244 2.34503
0.625 -4.51511 2.5364
0.626 -4.78301 2.71594
0.627 -5.03506 2.88293
0.628 -5.27027 3.03672
0.629 -5.48769 3.1767
0.63 -5.68645 3.30233
0.631 -5.86574 3.4131
0.632 -6.02484 3.50857
0.633 -6.16311 3.58836
0.634 -6.27998 3.65215
0.635 -6.37496 3.69966
0.636 -6.44767 3.73071
0.637 -6.4978 3.74516
0.638 -6.52512 3.74293
0.639 -6.52951 3.72402
0.64 -6.51092 3.68849
0.641 -6.46942 3.63645
0.642 -6.40514 3.56809
0.643 -6.31832 3.48365
0.644 -6.20927 3.38346
0.645 -6.07843 3.26788
0.646 -5.92627 3.13733
0.647 -5.75338 2.99232
0.648 -5.56044 2.83338
0.649 -5.34819 2.66112
0.65 -5.11744 2.47618
0.651 -4.86911 2.27927
0.652 -4.60415 2.07113
0.653 -4.32361 1.85255
0.654 -4.02858 1.62437
0.655 -3.72022 1.38746
0.656 -3.39974 1.14271
0.657 -3.0684 0.891071
0.658 -2.7275 0.63349
0.659 -2.37839 0.370957
0.66 -2.02244 0.104475
0.661 -1.66106 -0.164938
0.662 -1.29567 -0.43625
0.663 -0.927722 -0.708423
0.664 -0.558667 -0.980416
0.665 -0.189965 -1.25119
0.666 0.176925 -1.5197
0.667 0.54055 -1.78493
0.668 0.899469 -2.04585
0.669 1.25226 -2.30148
0.67 1.59753 -2.55083
0.671 1.9339 -2.79295
0.672 2.26004 -3.02692
0.673 2.57466 -3.25183
0.674 2.87652 -3.46683
0.675 3.1644 -3.67111
0.676 3.43719 -3.86388
0.677 3.69379 -4.04441
0.678 3.93318 -4.21202
0.679 4.15443 -4.36606
0.68 4.35666 -4.50596
0.681 4.53906 -4.63119
0.682 4.70093 -4.74127
0.683 4.84162 -4.83581
0.684 4.96059 -4.91443
0.685 5.05738 -4.97686
0.686 5.1316 -5.02287
0.687 5.18298 -5.0523
0.688 5.21133 -5.06505
0.689 5.21655 -5.06107
0.69 5.19864 -5.04042
0.691 5.15768 -5.00317
0.692 5.09387 -4.9495
0.693 5.00747 -4.87961
0.694 4.89886 -4.79381
0.695 4.76849 -4.69244
0.696 4.61692 -4.57589
0.697 4.44476 -4.44465
0.698 4.25275 -4.29923
0.699 4.04167 -4.14021
0.7 3.81241 -3.96821
0.701 3.56591 -3.78391
0.702 3.3032 -3.58804
0.703 3.02535 -3.38136
0.704 2.73353 -3.16469
0.705 2.42893 -2.93886
0.706 2.11282 -2.70475
0.707 1.7865 -2.46328
0.708 1.45132 -2.21539
0.709 1.10868 -1.96202
0.71 0.759979 -1.70416
0.711 0.406669 -1.44281
0.712 0.0502129 -1.17896
0.713 -0.307913 -0.913629
0.714 -0.666223 -0.647833
0.715 -1.02323 -0.382583
0.716 -1.37745 -0.11889
0.717 -1.72742 0.142249
0.718 -2.07167 0.399845
0.719 -2.40877 0.652931
0.72 -2.73731 0.900556
0.721 -3.05592 1.1418
0.722 -3.36327 1.37576
0.723 -3.65807 1.60158
0.724 -3.93908 1.81843
0.725 -4.20511 2.02552
0.726 -4.45503 2.2221
0.727 -4.6878 2.40747
0.728 -4.90241 2.58097
0.729 -5.09795 2.742
0.73 -5.27358 2.89
0.731 -5.42853 3.02448
0.732 -5.56212 3.14499
0.733 -5.67377 3.25115
0.734 -5.76296 3.34264
0.735 -5.82929 3.4192
0.736 -5.87243 3.48061
0.737 -5.89216 3.52675
0.738 -5.88835 3.55754
0.739 -5.86095 3.57296
0.74 -5.81003 3.57307
0.741 -5.73574 3.55798
0.742 -5.63832 3.52787
0.743 -5.51814 3.48298
0.744 -5.3756 3.4236
0.745 -5.21126 3.35009
0.746 -5.02572 3.26287
0.747 -4.81967 3.16241
0.748 -4.59392 3.04924
0.749 -4.34933 2.92392
0.75 -4.08683 2.78709
0.751 -3.80745 2.63942
0.752 -3.51227 2.48162
0.753 -3.20245 2.31445
0.754 -2.87919 2.13871
0.755 -2.54377 1.95521
0.756 -2.19749 1.76483
0.757 -1.84173 1.56844
0.758 -1.47788 1.36696
0.759 -1.10738 1.16131
0.76 -0.731688 0.952431
0.761 -0.3523 0.741288
0.762 0.0292869 0.52884
0.763 0.411561 0.316055
0.764 0.793006 0.103898
0.765 1.17211 -0.106667
0.766 1.54736 -0.314687
0.767 1.91728 -0.51922
0.768 2.28039 -0.719342
0.769 2.63524 -0.914147
0.77 2.98043 -1.10275
0.771 3.31459 -1.28431
0.772 3.63638 -1.45799
0.773 3.94453 -1.62301
0.774 4.23781 -1.77862
0.775 4.51505 -1.92411
0.776 4.77516 -2.05881
0.777 5.01709 -2.18211
0.778 5.23991 -2.29344
0.779 5.44271 -2.39228
0.78 5.62469 -2.47816
0.781 5.78515 -2.55069
0.782 5.92345 -2.6095
0.783 6.03905 -2.65432
0.784 6.1315 -2.6849
0.785 6.20044 -2.70108
0.786 6.24562 -2.70275
0.787 6.26687 -2.68987
0.788 6.26412 -2.66245
0.789 6.23741 -2.62058
0.79 6.18687 -2.56439
0.791 6.11271 -2.49409
0.792 6.01526 -2.40995
0.793 5.89494 -2.31228
0.794 5.75225 -2.20148
0.795 5.58781 -2.07798
0.796 5.40228 -1.94228
0.797 5.19647 -1.79492
0.798 4.97121 -1.6365
0.799 4.72745 -1.46768
0.8 4.46621 -1.28914
0.801 4.18856 -1.10162
0.802 3.89567 -0.905893
0.803 3.58875 -0.702772
0.804 3.26907 -0.493102
0.805 2.93796 -0.277756
0.806 2.59679 -0.0576357
0.807 2.24698 0.166337
0.808 1.88997 0.393222
0.809 1.52726 0.622062
0.81 1.16034 0.851893
0.811 0.790746 1.08174
0.812 0.420001 1.31063
0.813 0.0496515 1.5376
0.814 -0.318764 1.76166
0.815 -0.683714 1.98188
0.816 -1.04368 2.1973
0.817 -1.39716 2.40699
0.818 -1.74267 2.61006
0.819 -2.07879 2.80562
0.82 -2.4041 2.99284
0.821 -2.71725 3.17088
0.822 -3.01691 3.33898
0.823 -3.30184 3.49639
0.824 -3.57084 3.64242
0.825 -3.82276 3.77641
0.826 -4.05656 3.89776
0.827 -4.27123 4.00593
0.828 -4.46587 4.10041
0.829 -4.63964 4.18076
0.83 -4.79179 4.2466
0.831 -4.92168 4.29761
0.832 -5.02873 4.33351
0.833 -5.11247 4.35412
0.834 -5.17252 4.35929
0.835 -5.2086 4.34895
0.836 -5.22053 4.32309
0.837 -5.20822 4.28176
0.838 -5.17169 4.22509
0.839 -5.11105 4.15325
0.84 -5.02652 4.0665
0.841 -4.91842 3.96514
0.842 -4.78714 3.84954
0.843 -4.63321 3.72014
0.844 -4.45722 3.57742
0.845 -4.25986 3.42194
0.846 -4.04191 3.25428
0.847 -3.80423 3.0751
0.848 -3.54779 2.88511
0.849 -3.27359 2.68505
0.85 -2.98275 2.47572
0.851 -2.67643 2.25794
0.852 -2.35588 2.03259
0.853 -2.02238 1.80056
0.854 -1.67729 1.5628
0.855 -1.32201 1.32026
0.856 -0.957984 1.07393
0.857 -0.586702 0.824796
0.858 -0.209675 0.573883
0.859 0.171554 0.322213
0.86 0.555422 0.070816
0.861 0.940355 -0.179275
0.862 1.32477 -0.427031
0.863 1.70708 -0.671428
0.864 2.08572 -0.911455
0.865 2.45911 -1.14611
0.866 2.82571 -1.37443
0.867 3.18399 -1.59545
0.868 3.53247 -1.80824
0.869 3.8697 -2.01191
0.87 4.19425 -2.20559
0.871 4.50477 -2.38848
0.872 4.79996 -2.55978
0.873 5.07855 -2.71876
0.874 5.33938 -2.86474
0.875 5.58133 -2.99708
0.876 5.80335 -3.11521
0.877 6.0045 -3.21859
0.878 6.18388 -3.30676
0.879 6.34072 -3.37932
0.88 6.47432 -3.43593
0.881 6.58405 -3.47631
0.882 6.66942 -3.50026
0.883 6.72999 -3.50762
0.884 6.76547 -3.49833
0.885 6.77563 -3.47236
0.886 6.76037 -3.4298
0.887 6.71965 -3.37075
0.888 6.65359 -3.29542
0.889 6.56236 -3.20408
0.89 6.44628 -3.09704
0.891 6.30572 -2.97472
0.892 6.14118 -2.83756
0.893 5.95326 -2.68608
0.894 5.74265 -2.52088
0.895 5.5101 -2.34258
0.896 5.25651 -2.15189
0.897 4.98281 -1.94955
0.898 4.69005 -1.73636
0.899 4.37933 -1.51317
0.9 4.05185 -1.28086
0.901 3.70885 -1.04036
0.902 3.35166 -0.79264
0.903 2.98166 -0.538699
0.904 2.60027 -0.279563
0.905 2.20897 -0.0162861
0.906 1.80929 0.25006
0.907 1.40278 0.518386
0.908 0.991014 0.787589
0.909 0.575613 1.05656
0.91 0.158196 1.32419
0.911 -0.259604 1.58936
0.912 -0.67615 1.85096
0.913 -1.08981 2.10791
0.914 -1.49895 2.35912
0.915 -1.90198 2.60353
0.916 -2.2973 2.8401
0.917 -2.68337 3.06781
0.918 -3.05865 3.2857
0.919 -3.42168 3.4928
0.92 -3.77102 3.68822
0.921 -4.1053 3.87109
0.922 -4.42319 4.0406
0.923 -4.72345 4.19598
0.924 -5.00489 4.33652
0.925 -5.26641 4.46156
0.926 -5.50696 4.57051
0.927 -5.72561 4.66283
0.928 -5.92149 4.73804
0.929 -6.09383 4.79574
0.93 -6.24195 4.8356
0.931 -6.36529 4.85734
0.932 -6.46335 4.86076
0.933 -6.53575 4.84573
0.934 -6.58223 4.8122
0.935 -6.60259 4.76018
0.936 -6.59679 4.68976
0.937 -6.56484 4.60111
0.938 -6.50689 4.49445
0.939 -6.42319 4.37009
0.94 -6.31408 4.2284
0.941 -6.18001 4.06983
0.942 -6.02154 3.89488
0.943 -5.83931 3.70413
0.944 -5.63407 3.49822
0.945 -5.40665 3.27784
0.946 -5.15798 3.04376
0.947 -4.88908 2.79678
0.948 -4.60104 2.53777
0.949 -4.29502 2.26765
0.95 -3.97228 1.98736
0.951 -3.63413 1.69792
0.952 -3.28194 1.40037
0.953 -2.91714 1.09576
0.954 -2.54122 0.785211
0.955 -2.15571 0.469847
0.956 -1.76218 0.150815
0.957 -1.36223 -0.170717
0.958 -0.957478 -0.493572
0.959 -0.549586 -0.816565
0.96 -0.140211 -1.13851
0.961 0.268976 -1.45821
0.962 0.676306 -1.7745
0.963 1.08012 -2.08619
0.964 1.47876 -2.39215
0.965 1.8706 -2.69123
0.966 2.25403 -2.98232
0.967 2.6275 -3.26435
0.968 2.98945 -3.53627
0.969 3.33842 -3.79706
0.97 3.67296 -4.04575
0.971 3.99169 -4.28143
0.972 4.2933 -4.50322
0.973 4.57655 -4.71029
0.974 4.84025 -4.90187
0.975 5.08331 -5.07726
0.976 5.30472 -5.23581
0.977 5.50355 -5.37693
0.978 5.67897 -5.50011
0.979 5.83022 -5.6049
0.98 5.95666 -5.69091
0.981 6.05775 -5.75784
0.982 6.13302 -5.80545
0.983 6.18216 -5.83358
0.984 6.2049 -5.84214
0.985 6.20113 -5.83112
0.986 6.17081 -5.80059
0.987 6.11403 -5.75068
0.988 6.03096 -5.6816
0.989 5.92191 -5.59364
0.99 5.78727 -5.48715
0.991 5.62754 -5.36256
0.992 5.44332 -5.22037
0.993 5.2353 -5.06115
0.994 5.0043 -4.88552
0.995 4.75118 -4.69419
0.996 4.47693 -4.48789
0.997 4.18261 -4.26744
0.998 3.86936 -4.0337
0.999 3.53841 -3.7876
1 3.19104 -3.53009
