0.001 3.56945e-008 2.17963e-009
0.002 3.23259e-007 1.75378e-008
0.003 1.51647e-006 7.2977e-008
0.004 5.00208e-006 2.14965e-007
0.005 1.31902e-005 5.12435e-007
0.006 2.97943e-005 1.06158e-006
0.007 6.00989e-005 1.99302e-006
0.008 0.000111211 3.48178e-006
0.009 0.000192297 5.76057e-006
0.01 0.000314795 9.13656e-006
0.011 0.000492608 1.40122e-005
0.012 0.000742276 2.09104e-005
0.013 0.00108312 3.05037e-005
0.014 0.00153734 4.36487e-005
0.015 0.00213014 6.1425e-005
0.016 0.00288975 8.51787e-005
0.017 0.00384748 0.000116571
0.018 0.00503768 0.000157633
0.019 0.00649774 0.000210821
0.02 0.00826799 0.000279081
0.021 0.0103916 0.000365914
0.022 0.0129145 0.000475449
0.023 0.0158852 0.000612514
0.024 0.0193543 0.000782714
0.025 0.0233748 0.000992512
0.026 0.0280014 0.00124931
0.027 0.0332905 0.00156152
0.028 0.0392995 0.00193868
0.029 0.0460869 0.0023915
0.03 0.0537115 0.00293196
0.031 0.0622325 0.00357339
0.032 0.0717085 0.00433055
0.033 0.0821977 0.00521972
0.034 0.0937569 0.00625871
0.035 0.106441 0.00746702
0.036 0.120304 0.00886581
0.037 0.135396 0.010478
0.038 0.151765 0.0123283
0.039 0.169454 0.0144433
0.04 0.188503 0.0168513
0.041 0.208949 0.0195826
0.042 0.230821 0.0226694
0.043 0.254146 0.0261456
0.044 0.278942 0.030047
0.045 0.305222 0.0344113
0.046 0.332994 0.0392779
0.047 0.362256 0.0446878
0.048 0.393001 0.0506836
0.049 0.425213 0.0573096
0.05 0.45887 0.0646113
0.051 0.493938 0.0726354
0.052 0.53038 0.08143
0.053 0.568145 0.091044
0.054 0.607176 0.101527
0.055 0.647409 0.112929
0.056 0.688768 0.125301
0.057 0.73117 0.138693
0.058 0.774522 0.153157
0.059 0.818724 0.168741
0.06 0.863667 0.185497
0.061 0.909233 0.203473
0.062 0.955298 0.222715
0.063 1.00173 0.24327
0.064 1.04838 0.265182
0.065 1.09512 0.288493
0.066 1.14178 0.313243
0.067 1.18821 0.339467
0.068 1.23423 0.367198
0.069 1.2797 0.396468
0.07 1.32442 0.4273
0.071 1.36823 0.459718
0.072 1.41094 0.493737
0.073 1.45237 0.529371
0.074 1.49235 0.566625
0.075 1.53069 0.605501
0.076 1.56721 0.645993
0.077 1.60173 0.688092
0.078 1.63407 0.731778
0.079 1.66406 0.777029
0.08 1.69153 0.823813
0.081 1.7163 0.87209
0.082 1.73823 0.921816
0.083 1.75716 0.972935
0.084 1.77295 1.02539
0.085 1.78545 1.0791
0.086 1.79454 1.134
0.087 1.80011 1.19
0.088 1.80205 1.24701
0.089 1.80026 1.30492
0.09 1.79467 1.36362
0.091 1.7852 1.423
0.092 1.7718 1.48292
0.093 1.75443 1.54327
0.094 1.73307 1.60388
0.095 1.7077 1.66462
0.096 1.67833 1.72533
0.097 1.64499 1.78584
0.098 1.6077 1.84599
0.099 1.56654 1.9056
0.1 1.52156 1.96449
0.101 1.47286 2.02248
0.102 1.42055 2.07936
0.103 1.36474 2.13496
0.104 1.30557 2.18906
0.105 1.24321 2.24147
0.106 1.17782 2.29199
0.107 1.10958 2.34041
0.108 1.03871 2.38651
0.109 0.965416 2.43011
0.11 0.889929 2.47099
0.111 0.812494 2.50894
0.112 0.733368 2.54377
0.113 0.652818 2.57527
0.114 0.571123 2.60325
0.115 0.488571 2.62753
0.116 0.405459 2.6479
0.117 0.322092 2.66421
0.118 0.23878 2.67627
0.119 0.155839 2.68393
0.12 0.0735879 2.68702
0.121 -0.00765003 2.6854
0.122 -0.0875516 2.67895
0.123 -0.165793 2.66753
0.124 -0.242054 2.65104
0.125 -0.316013 2.62937
0.126 -0.387358 2.60246
0.127 -0.455778 2.57022
0.128 -0.520973 2.5326
0.129 -0.582649 2.48956
0.13 -0.640522 2.44109
0.131 -0.694321 2.38716
0.132 -0.743787 2.3278
0.133 -0.788674 2.26304
0.134 -0.828752 2.19291
0.135 -0.863809 2.11749
0.136 -0.893648 2.03685
0.137 -0.918091 1.9511
0.138 -0.936983 1.86036
0.139 -0.950187 1.76476
0.14 -0.957588 1.66446
0.141 -0.959094 1.55965
0.142 -0.954636 1.4505
0.143 -0.94417 1.33724
0.144 -0.927675 1.2201
0.145 -0.905156 1.09931
0.146 -0.876644 0.975152
0.147 -0.842194 0.847896
0.148 -0.801887 0.71784
0.149 -0.755831 0.585294
0.15 -0.704159 0.450583
0.151 -0.647029 0.314045
0.152 -0.584625 0.17603
0.153 -0.517156 0.0368988
0.154 -0.444856 -0.102976
0.155 -0.367979 -0.243215
0.156 -0.286808 -0.383427
0.157 -0.201642 -0.523217
0.158 -0.112806 -0.662185
0.159 -0.020643 -0.799923
0.16 0.0744853 -0.936024
0.161 0.172199 -1.07008
0.162 0.272101 -1.20167
0.163 0.373781 -1.3304
0.164 0.476814 -1.45586
0.165 0.580763 -1.57764
0.166 0.685181 -1.69535
0.167 0.789613 -1.80861
0.168 0.893597 -1.91702
0.169 0.996667 -2.02022
0.17 1.09835 -2.11786
0.171 1.19818 -2.20959
0.172 1.29569 -2.29507
0.173 1.3904 -2.374
0.174 1.48186 -2.44607
0.175 1.5696 -2.51101
0.176 1.65319 -2.56856
0.177 1.73219 -2.61849
0.178 1.80616 -2.66057
0.179 1.87472 -2.69462
0.18 1.93745 -2.72047
0.181 1.994 -2.73797
0.182 2.04399 -2.74702
0.183 2.08711 -2.74753
0.184 2.12304 -2.73942
0.185 2.1515 -2.72268
0.186 2.17224 -2.6973
0.187 2.18501 -2.66329
0.188 2.18962 -2.62073
0.189 2.18591 -2.56969
0.19 2.17372 -2.5103
0.191 2.15296 -2.44268
0.192 2.12355 -2.36702
0.193 2.08545 -2.28353
0.194 2.03866 -2.19242
0.195 1.98319 -2.09398
0.196 1.91913 -1.98847
0.197 1.84656 -1.87623
0.198 1.76562 -1.7576
0.199 1.67648 -1.63294
0.2 1.57935 -1.50264
0.201 1.47445 -1.36713
0.202 1.36207 -1.22685
0.203 1.2425 -1.08225
0.204 1.11609 -0.933809
0.205 0.983199 -0.782032
0.206 0.844225 -0.627432
0.207 0.699595 -0.470535
0.208 0.549761 -0.311886
0.209 0.395202 -0.152038
0.21 0.23642 0.00844764
0.211 0.0739398 0.168999
0.212 -0.091695 0.329042
0.213 -0.259921 0.487995
0.214 -0.43016 0.645279
0.215 -0.601818 0.800314
0.216 -0.774292 0.952521
0.217 -0.946967 1.10133
0.218 -1.11922 1.24617
0.219 -1.29043 1.38649
0.22 -1.45997 1.52174
0.221 -1.62721 1.65139
0.222 -1.79152 1.77492
0.223 -1.95229 1.89183
0.224 -2.10891 2.00164
0.225 -2.26077 2.1039
0.226 -2.4073 2.19815
0.227 -2.5479 2.284
0.228 -2.68205 2.36105
0.229 -2.80919 2.42895
0.23 -2.92881 2.48737
0.231 -3.04044 2.53601
0.232 -3.14361 2.57461
0.233 -3.23789 2.60293
0.234 -3.32289 2.62078
0.235 -3.39823 2.62799
0.236 -3.46358 2.62445
0.237 -3.51864 2.61006
0.238 -3.56317 2.58477
0.239 -3.59693 2.54857
0.24 -3.61975 2.50149
0.241 -3.63149 2.4436
0.242 -3.63206 2.37499
0.243 -3.62139 2.29582
0.244 -3.59948 2.20626
0.245 -3.56637 2.10654
0.246 -3.52212 1.99691
0.247 -3.46687 1.87767
0.248 -3.40076 1.74914
0.249 -3.32402 1.6117
0.25 -3.23688 1.46574
0.251 -3.13964 1.31169
0.252 -3.03264 1.15003
0.253 -2.91625 0.981236
0.254 -2.79087 0.805842
0.255 -2.65696 0.624393
0.256 -2.515 0.437465
0.257 -2.36551 0.245652
0.258 -2.20904 0.0495737
0.259 -2.04618 -0.150134
0.26 -1.87752 -0.352819
0.261 -1.70372 -0.557813
0.262 -1.52542 -0.764438
0.263 -1.3433 -0.972005
0.264 -1.15807 -1.17982
0.265 -0.970435 -1.38718
0.266 -0.781123 -1.59338
0.267 -0.590871 -1.79773
0.268 -0.400423 -1.99952
0.269 -0.210527 -2.19807
0.27 -0.0219317 -2.39268
0.271 0.164616 -2.58269
0.272 0.348372 -2.76743
0.273 0.528604 -2.94626
0.274 0.704586 -3.11855
0.275 0.875609 -3.2837
0.276 1.04098 -3.44112
0.277 1.20002 -3.59025
0.278 1.35209 -3.73057
0.279 1.49655 -3.86157
0.28 1.63281 -3.98279
0.281 1.7603 -4.09377
0.282 1.87848 -4.19413
0.283 1.98686 -4.28349
0.284 2.08497 -4.36152
0.285 2.17238 -4.42794
0.286 2.24873 -4.48249
0.287 2.31366 -4.52497
0.288 2.36688 -4.55521
0.289 2.40814 -4.57309
0.29 2.43725 -4.57852
0.291 2.45405 -4.57148
0.292 2.45844 -4.55196
0.293 2.45036 -4.52003
0.294 2.42981 -4.47578
0.295 2.39683 -4.41935
0.296 2.35153 -4.35092
0.297 2.29406 -4.27072
0.298 2.2246 -4.17903
0.299 2.14341 -4.07614
0.3 2.05078 -3.96241
0.301 1.94707 -3.83823
0.302 1.83265 -3.70402
0.303 1.70796 -3.56025
0.304 1.57349 -3.40741
0.305 1.42976 -3.24603
0.306 1.27732 -3.07668
0.307 1.11677 -2.89994
0.308 0.948755 -2.71642
0.309 0.773937 -2.52676
0.31 0.593015 -2.33162
0.311 0.406714 -2.13168
0.312 0.215787 -1.92764
0.313 0.0210067 -1.72021
0.314 -0.176834 -1.5101
0.315 -0.376927 -1.29804
0.316 -0.578451 -1.08478
0.317 -0.780575 -0.87105
0.318 -0.982462 -0.657586
0.319 -1.18327 -0.445127
0.32 -1.38217 -0.234404
0.321 -1.57831 -0.0261404
0.322 -1.77088 0.178952
0.323 -1.95906 0.380175
0.324 -2.14203 0.576846
0.325 -2.31903 0.7683
0.326 -2.48928 0.953897
0.327 -2.65204 1.13302
0.328 -2.80661 1.30507
0.329 -2.95229 1.46948
0.33 -3.08845 1.62573
0.331 -3.21446 1.77332
0.332 -3.32974 1.91176
0.333 -3.43377 2.04065
0.334 -3.52606 2.15957
0.335 -3.60614 2.26819
0.336 -3.67364 2.36618
0.337 -3.72819 2.45329
0.338 -3.7695 2.52927
0.339 -3.79732 2.59395
0.34 -3.81146 2.64719
0.341 -3.81178 2.68889
0.342 -3.79819 2.71901
0.343 -3.77066 2.73753
0.344 -3.72923 2.74451
0.345 -3.67397 2.74002
0.346 -3.60503 2.72421
0.347 -3.52261 2.69724
0.348 -3.42694 2.65933
0.349 -3.31833 2.61075
0.35 -3.19715 2.5518
0.351 -3.0638 2.48281
0.352 -2.91874 2.40418
0.353 -2.76247 2.31631
0.354 -2.59555 2.21967
0.355 -2.41859 2.11474
0.356 -2.23222 2.00204
0.357 -2.03711 1.88211
0.358 -1.834 1.75553
0.359 -1.62364 1.6229
0.36 -1.4068 1.48484
0.361 -1.18429 1.342
0.362 -0.956969 1.19503
0.363 -0.72568 1.0446
0.364 -0.491303 0.891407
0.365 -0.254731 0.736133
0.366 -0.0168676 0.579481
0.367 0.221377 0.422155
0.368 0.459087 0.264856
0.369 0.695348 0.108286
0.37 0.929249 -0.0468615
0.371 1.15989 -0.199899
0.372 1.38637 -0.350151
0.373 1.60781 -0.496957
0.374 1.82336 -0.639671
0.375 2.03218 -0.777668
0.376 2.23345 -0.910343
0.377 2.42639 -1.03712
0.378 2.61025 -1.15744
0.379 2.78431 -1.27077
0.38 2.94789 -1.37664
0.381 3.10037 -1.47458
0.382 3.24113 -1.56415
0.383 3.36964 -1.64498
0.384 3.4854 -1.71671
0.385 3.58797 -1.77903
0.386 3.67693 -1.83167
0.387 3.75197 -1.8744
0.388 3.81279 -1.90703
0.389 3.85916 -1.92943
0.39 3.89093 -1.9415
0.391 3.90797 -1.94318
0.392 3.91025 -1.93446
0.393 3.89777 -1.91538
0.394 3.87061 -1.88602
0.395 3.8289 -1.84651
0.396 3.77283 -1.79701
0.397 3.70265 -1.73773
0.398 3.61867 -1.66893
0.399 3.52127 -1.5909
0.4 3.41085 -1.50397
0.401 3.28791 -1.40852
0.402 3.15296 -1.30495
0.403 3.00659 -1.19371
0.404 2.84943 -1.07526
0.405 2.68214 -0.950127
0.406 2.50544 -0.818832
0.407 2.3201 -0.68194
0.408 2.1269 -0.540037
0.409 1.92666 -0.393729
0.41 1.72025 -0.243643
0.411 1.50854 -0.090419
0.412 1.29246 0.0652863
0.413 1.07291 0.222807
0.414 0.850848 0.38147
0.415 0.627225 0.540597
0.416 0.403003 0.699505
0.417 0.179149 0.857517
0.418 -0.0433704 1.01396
0.419 -0.263593 1.16815
0.42 -0.480563 1.31945
0.421 -0.693338 1.46719
0.422 -0.900991 1.61076
0.423 -1.10262 1.74953
0.424 -1.29733 1.88291
0.425 -1.48427 2.01033
0.426 -1.66261 2.13126
0.427 -1.83158 2.24516
0.428 -1.9904 2.35157
0.429 -2.13837 2.45002
0.43 -2.27482 2.54009
0.431 -2.39913 2.6214
0.432 -2.51073 2.69362
0.433 -2.6091 2.75643
0.434 -2.69377 2.80956
0.435 -2.76434 2.85281
0.436 -2.82046 2.88598
0.437 -2.86183 2.90895
0.438 -2.88823 2.92163
0.439 -2.89949 2.92397
0.44 -2.89552 2.91596
0.441 -2.87626 2.89767
0.442 -2.84176 2.86917
0.443 -2.79209 2.83061
0.444 -2.72742 2.78216
0.445 -2.64796 2.72405
0.446 -2.55398 2.65655
0.447 -2.44585 2.57997
0.448 -2.32395 2.49465
0.449 -2.18876 2.40099
0.45 -2.04079 2.29942
0.451 -1.88062 2.19039
0.452 -1.70887 2.07439
0.453 -1.52624 1.95197
0.454 -1.33344 1.82368
0.455 -1.13125 1.69009
0.456 -0.920484 1.55183
0.457 -0.701998 1.40952
0.458 -0.476682 1.26381
0.459 -0.245456 1.11538
0.46 -0.00926986 0.964892
0.461 0.230902 0.813051
0.462 0.474067 0.660554
0.463 0.719213 0.508105
0.464 0.965318 0.356411
0.465 1.21135 0.206178
0.466 1.45628 0.0581063
0.467 1.69908 -0.0871114
0.468 1.93871 -0.228792
0.469 2.17415 -0.366266
0.47 2.40441 -0.498881
0.471 2.62849 -0.626003
0.472 2.84542 -0.747022
0.473 3.05427 -0.861351
0.474 3.25414 -0.968433
0.475 3.44413 -1.06774
0.476 3.62342 -1.15877
0.477 3.7912 -1.24107
0.478 3.94672 -1.31422
0.479 4.08928 -1.37783
0.48 4.21823 -1.43155
0.481 4.33295 -1.47509
0.482 4.43291 -1.50819
0.483 4.51763 -1.53063
0.484 4.58667 -1.54226
0.485 4.63967 -1.54296
0.486 4.67634 -1.53265
0.487 4.69644 -1.51132
0.488 4.69982 -1.479
0.489 4.68637 -1.43575
0.49 4.65606 -1.38173
0.491 4.60894 -1.31709
0.492 4.54512 -1.24206
0.493 4.46477 -1.15692
0.494 4.36814 -1.06198
0.495 4.25555 -0.957608
0.496 4.12738 -0.844218
0.497 3.98407 -0.722257
0.498 3.82613 -0.59222
0.499 3.65412 -0.454638
0.5 3.46869 -0.310081
0.501 3.27051 -0.159154
0.502 3.06033 -0.00249363
0.503 2.83893 0.159233
0.504 2.60715 0.325331
0.505 2.36588 0.495082
0.506 2.11605 0.667744
0.507 1.85861 0.842558
0.508 1.59457 1.01875
0.509 1.32494 1.19553
0.51 1.05078 1.3721
0.511 0.77317 1.54766
0.512 0.493191 1.72141
0.513 0.21195 1.89254
0.514 -0.069444 2.06025
0.515 -0.349875 2.22375
0.516 -0.628231 2.38225
0.517 -0.903402 2.535
0.518 -1.17429 2.68123
0.519 -1.43982 2.82023
0.52 -1.69891 2.95129
0.521 -1.95054 3.07374
0.522 -2.19369 3.18692
0.523 -2.42737 3.29022
0.524 -2.65065 3.38307
0.525 -2.86261 3.46492
0.526 -3.06241 3.53528
0.527 -3.24922 3.59369
0.528 -3.42229 3.63975
0.529 -3.58091 3.67309
0.53 -3.72443 3.69339
0.531 -3.85226 3.70041
0.532 -3.96387 3.69391
0.533 -4.05881 3.67376
0.534 -4.13667 3.63984
0.535 -4.19714 3.59212
0.536 -4.23995 3.53059
0.537 -4.26493 3.45533
0.538 -4.27196 3.36645
0.539 -4.26101 3.26413
0.54 -4.23212 3.14861
0.541 -4.18538 3.02016
0.542 -4.12099 2.87913
0.543 -4.0392 2.72592
0.544 -3.94035 2.56097
0.545 -3.82482 2.38478
0.546 -3.69308 2.19789
0.547 -3.54568 2.00089
0.548 -3.38321 1.79442
0.549 -3.20634 1.57916
0.55 -3.01579 1.35582
0.551 -2.81235 1.12516
0.552 -2.59684 0.887974
0.553 -2.37017 0.645077
0.554 -2.13327 0.397319
0.555 -1.88712 0.145574
0.556 -1.63273 -0.109262
0.557 -1.37118 -0.366277
0.558 -1.10355 -0.624541
0.559 -0.830953 -0.883117
0.56 -0.554537 -1.14106
0.561 -0.275458 -1.39741
0.562 0.00510886 -1.65123
0.563 0.285982 -1.90157
0.564 0.565975 -2.14749
0.565 0.843901 -2.38806
0.566 1.11858 -2.62238
0.567 1.38884 -2.84954
0.568 1.65352 -3.06869
0.569 1.9115 -3.27898
0.57 2.16165 -3.47959
0.571 2.4029 -3.66974
0.572 2.6342 -3.84869
0.573 2.85454 -4.01573
0.574 3.06294 -4.1702
0.575 3.25849 -4.31148
0.576 3.44032 -4.439
0.577 3.6076 -4.55224
0.578 3.75957 -4.65073
0.579 3.89553 -4.73406
0.58 4.01486 -4.80187
0.581 4.11696 -4.85386
0.582 4.20135 -4.8898
0.583 4.26758 -4.90949
0.584 4.31531 -4.91283
0.585 4.34424 -4.89976
0.586 4.35418 -4.87029
0.587 4.34497 -4.82449
0.588 4.31658 -4.76248
0.589 4.26903 -4.68448
0.59 4.20242 -4.59073
0.591 4.11692 -4.48155
0.592 4.0128 -4.35733
0.593 3.89039 -4.21851
0.594 3.75009 -4.06557
0.595 3.59239 -3.89907
0.596 3.41785 -3.71963
0.597 3.22708 -3.52788
0.598 3.02079 -3.32455
0.599 2.79972 -3.11039
0.6 2.56469 -2.88619
0.601 2.31659 -2.65279
0.602 2.05634 -2.41107
0.603 1.78492 -2.16194
0.604 1.50338 -1.90633
0.605 1.21279 -1.64523
0.606 0.914257 -1.37962
0.607 0.608936 -1.11051
0.608 0.298009 -0.838932
0.609 -0.0173198 -0.56593
0.61 -0.335822 -0.292552
0.611 -0.656253 -0.0198497
0.612 -0.97736 0.251124
0.613 -1.29788 0.519321
0.614 -1.61656 0.783699
0.615 -1.93213 1.04323
0.616 -2.24335 1.29691
0.617 -2.54898 1.54374
0.618 -2.84781 1.78275
0.619 -3.13866 2.013
0.62 -3.42035 2.2336
0.621 -3.69177 2.44366
0.622 -3.95182 2.64236
0.623 -4.19946 2.8289
0.624 -4.43369 3.00254
0.625 -4.65356 3.16258
0.626 -4.85818 3.30838
0.627 -5.04672 3.43935
0.628 -5.2184 3.55494
0.629 -5.37253 3.65469
0.63 -5.50846 3.73817
0.631 -5.62564 3.80504
0.632 -5.72356 3.855
0.633 -5.80182 3.88782
0.634 -5.86007 3.90335
0.635 -5.89805 3.90149
0.636 -5.91559 3.88222
0.637 -5.91258 3.84558
0.638 -5.88902 3.79167
0.639 -5.84496 3.72068
0.64 -5.78055 3.63284
0.641 -5.69602 3.52846
0.642 -5.59168 3.40791
0.643 -5.46791 3.27164
0.644 -5.32517 3.12013
0.645 -5.16402 2.95394
0.646 -4.98505 2.77368
0.647 -4.78896 2.58003
0.648 -4.57651 2.37371
0.649 -4.34851 2.15548
0.65 -4.10584 1.92618
0.651 -3.84946 1.68665
0.652 -3.58034 1.43781
0.653 -3.29955 1.18059
0.654 -3.00819 0.915966
0.655 -2.70738 0.644949
0.656 -2.39831 0.368566
0.657 -2.08219 0.0878676
0.658 -1.76026 -0.196075
0.659 -1.43379 -0.48218
0.66 -1.10405 -0.769352
0.661 -0.77234 -1.05649
0.662 -0.439973 -1.34251
0.663 -0.108253 -1.62629
0.664 0.221514 -1.90676
0.665 0.548028 -2.18284
0.666 0.870003 -2.45347
0.667 1.18617 -2.7176
0.668 1.49528 -2.97422
0.669 1.79613 -3.22234
0.67 2.08751 -3.461
0.671 2.3683 -3.68929
0.672 2.63737 -3.90632
0.673 2.89367 -4.11125
0.674 3.1362 -4.30329
0.675 3.36401 -4.48169
0.676 3.57619 -4.64577
0.677 3.77193 -4.79488
0.678 3.95045 -4.92844
0.679 4.11107 -5.04595
0.68 4.25315 -5.14692
0.681 4.37615 -5.23098
0.682 4.47961 -5.29779
0.683 4.56312 -5.34708
0.684 4.62639 -5.37865
0.685 4.66917 -5.39239
0.686 4.69131 -5.38821
0.687 4.69277 -5.36614
0.688 4.67356 -5.32625
0.689 4.63377 -5.26867
0.69 4.57361 -5.19363
0.691 4.49334 -5.1014
0.692 4.39331 -4.99232
0.693 4.27396 -4.8668
0.694 4.13578 -4.72531
0.695 3.97939 -4.56838
0.696 3.80542 -4.39661
0.697 3.61463 -4.21063
0.698 3.4078 -4.01115
0.699 3.18581 -3.79892
0.7 2.94958 -3.57474
0.701 2.7001 -3.33945
0.702 2.43842 -3.09393
0.703 2.16562 -2.8391
0.704 1.88285 -2.57593
0.705 1.59128 -2.30541
0.706 1.29212 -2.02853
0.707 0.986618 -1.74635
0.708 0.676052 -1.45991
0.709 0.361714 -1.17028
0.71 0.0449116 -0.878545
0.711 -0.273034 -0.585786
0.712 -0.590798 -0.293089
0.713 -0.907054 -0.0015364
0.714 -1.22048 0.287795
0.715 -1.52977 0.573841
0.716 -1.83364 0.855553
0.717 -2.1308 1.1319
0.718 -2.42001 1.40188
0.719 -2.70006 1.66451
0.72 -2.96977 1.91885
0.721 -3.22801 2.16398
0.722 -3.47368 2.39904
0.723 -3.70576 2.62319
0.724 -3.92324 2.83564
0.725 -4.12521 3.03567
0.726 -4.3108 3.22258
0.727 -4.47921 3.39574
0.728 -4.62972 3.55458
0.729 -4.76167 3.69858
0.73 -4.87447 3.82728
0.731 -4.96763 3.9403
0.732 -5.04072 4.03729
0.733 -5.0934 4.118
0.734 -5.1254 4.18222
0.735 -5.13656 4.22982
0.736 -5.12677 4.26073
0.737 -5.09603 4.27495
0.738 -5.04441 4.27255
0.739 -4.97209 4.25367
0.74 -4.8793 4.21849
0.741 -4.76638 4.16729
0.742 -4.63373 4.10038
0.743 -4.48186 4.01817
0.744 -4.31132 3.9211
0.745 -4.12276 3.80968
0.746 -3.91691 3.68447
0.747 -3.69454 3.54609
0.748 -3.45653 3.39521
0.749 -3.20379 3.23254
0.75 -2.9373 3.05886
0.751 -2.65809 2.87497
0.752 -2.36726 2.6817
0.753 -2.06594 2.47995
0.754 -1.75532 2.27062
0.755 -1.4366 2.05465
0.756 -1.11105 1.83301
0.757 -0.779938 1.60668
0.758 -0.444567 1.37665
0.759 -0.10626 1.14395
0.76 0.233653 0.909577
0.761 0.573831 0.674568
0.762 0.912932 0.439941
0.763 1.24962 0.206712
0.764 1.58257 -0.0241105
0.765 1.91046 -0.251533
0.766 2.23201 -0.474578
0.767 2.54594 -0.69229
0.768 2.85101 -0.903739
0.769 3.14603 -1.10802
0.77 3.42984 -1.30427
0.771 3.70131 -1.49165
0.772 3.95938 -1.66937
0.773 4.20304 -1.83668
0.774 4.43133 -1.99287
0.775 4.64336 -2.13729
0.776 4.8383 -2.26934
0.777 5.01539 -2.38845
0.778 5.17395 -2.49414
0.779 5.31337 -2.58597
0.78 5.43311 -2.66356
0.781 5.53272 -2.72659
0.782 5.61182 -2.77481
0.783 5.67012 -2.80803
0.784 5.70743 -2.82612
0.785 5.72362 -2.82901
0.786 5.71864 -2.81672
0.787 5.69257 -2.7893
0.788 5.64552 -2.74689
0.789 5.57772 -2.68967
0.79 5.48948 -2.61791
0.791 5.38118 -2.53193
0.792 5.25329 -2.4321
0.793 5.10636 -2.31885
0.794 4.94101 -2.19269
0.795 4.75795 -2.05416
0.796 4.55795 -1.90386
0.797 4.34185 -1.74244
0.798 4.11054 -1.57059
0.799 3.865 -1.38906
0.8 3.60626 -1.19863
0.801 3.33538 -1.00011
0.802 3.0535 -0.794356
0.803 2.76179 -0.582254
0.804 2.46146 -0.364713
0.805 2.15375 -0.142664
0.806 1.83993 0.0829425
0.807 1.52132 0.311139
0.808 1.19922 0.540949
0.809 0.874962 0.771388
0.81 0.549894 1.00147
0.811 0.225356 1.23021
0.812 -0.0973121 1.45663
0.813 -0.416778 1.67975
0.814 -0.731723 1.89863
0.815 -1.04085 2.11233
0.816 -1.34288 2.31992
0.817 -1.63657 2.52051
0.818 -1.9207 2.71326
0.819 -2.19411 2.89732
0.82 -2.45568 3.0719
0.821 -2.70431 3.23626
0.822 -2.93899 3.38967
0.823 -3.15876 3.53149
0.824 -3.36269 3.66108
0.825 -3.54997 3.7779
0.826 -3.7198 3.88142
0.827 -3.8715 3.9712
0.828 -4.00444 4.04683
0.829 -4.11808 4.10798
0.83 -4.21194 4.15437
0.831 -4.28563 4.18579
0.832 -4.33887 4.20208
0.833 -4.37142 4.20317
0.834 -4.38316 4.18901
0.835 -4.37404 4.15965
0.836 -4.3441 4.1152
0.837 -4.29346 4.05582
0.838 -4.22233 3.98174
0.839 -4.13102 3.89326
0.84 -4.01989 3.79073
0.841 -3.88941 3.67455
0.842 -3.74013 3.5452
0.843 -3.57265 3.40321
0.844 -3.38768 3.24915
0.845 -3.18598 3.08365
0.846 -2.9684 2.9074
0.847 -2.73582 2.72111
0.848 -2.48923 2.52556
0.849 -2.22963 2.32155
0.85 -1.95812 2.10992
0.851 -1.67582 1.89156
0.852 -1.3839 1.66735
0.853 -1.08358 1.43825
0.854 -0.776115 1.20519
0.855 -0.462775 0.969149
0.856 -0.144873 0.731107
0.857 0.176267 0.492057
0.858 0.499302 0.252997
0.859 0.822882 0.0149248
0.86 1.14565 -0.221164
0.861 1.46626 -0.45428
0.862 1.78337 -0.683448
0.863 2.09564 -0.907706
0.864 2.40176 -1.12611
0.865 2.70043 -1.33775
0.866 2.99041 -1.54172
0.867 3.27045 -1.73718
0.868 3.53939 -1.92329
0.869 3.79606 -2.09926
0.87 4.03938 -2.26436
0.871 4.26831 -2.41788
0.872 4.48185 -2.55917
0.873 4.6791 -2.68763
0.874 4.85919 -2.8027
0.875 5.02134 -2.9039
0.876 5.16482 -2.99079
0.877 5.289 -3.063
0.878 5.39332 -3.1202
0.879 5.4773 -3.16215
0.88 5.54053 -3.18865
0.881 5.58269 -3.19959
0.882 5.60356 -3.19491
0.883 5.603 -3.17462
0.884 5.58093 -3.13878
0.885 5.5374 -3.08753
0.886 5.47252 -3.02109
0.887 5.38649 -2.93972
0.888 5.27959 -2.84375
0.889 5.15222 -2.73358
0.89 5.00481 -2.60966
0.891 4.83791 -2.4725
0.892 4.65214 -2.32268
0.893 4.4482 -2.16083
0.894 4.22684 -1.98762
0.895 3.98892 -1.80378
0.896 3.73534 -1.61008
0.897 3.46706 -1.40735
0.898 3.18514 -1.19644
0.899 2.89065 -0.978239
0.9 2.58473 -0.753687
0.901 2.26857 -0.523738
0.902 1.9434 -0.289374
0.903 1.61049 -0.0516026
0.904 1.27114 0.188555
0.905 0.926672 0.430063
0.906 0.578435 0.671875
0.907 0.227792 0.912942
0.908 -0.12388 1.15221
0.909 -0.475201 1.38864
0.91 -0.824793 1.62119
0.911 -1.17128 1.84883
0.912 -1.5133 2.07055
0.913 -1.84952 2.28536
0.914 -2.1786 2.49231
0.915 -2.49925 2.69044
0.916 -2.81022 2.87887
0.917 -3.11027 3.05673
0.918 -3.39824 3.22318
0.919 -3.67298 3.37745
0.92 -3.93343 3.5188
0.921 -4.17855 3.64655
0.922 -4.40739 3.76006
0.923 -4.61905 3.85876
0.924 -4.8127 3.94213
0.925 -4.98759 4.00971
0.926 -5.14305 4.06111
0.927 -5.27846 4.09599
0.928 -5.39332 4.11409
0.929 -5.48717 4.11521
0.93 -5.55967 4.09922
0.931 -5.61055 4.06606
0.932 -5.63962 4.01574
0.933 -5.6468 3.94833
0.934 -5.63208 3.86397
0.935 -5.59554 3.76289
0.936 -5.53735 3.64536
0.937 -5.45778 3.51174
0.938 -5.35715 3.36243
0.939 -5.23592 3.19793
0.94 -5.09458 3.01877
0.941 -4.93373 2.82555
0.942 -4.75405 2.61893
0.943 -4.55628 2.39964
0.944 -4.34124 2.16844
0.945 -4.10983 1.92616
0.946 -3.863 1.67366
0.947 -3.60177 1.41184
0.948 -3.32722 1.14167
0.949 -3.04049 0.86413
0.95 -2.74275 0.580239
0.951 -2.43523 0.291045
0.952 -2.1192 -0.00237674
0.953 -1.79595 -0.298935
0.954 -1.46683 -0.597519
0.955 -1.13317 -0.897008
0.956 -0.796351 -1.19628
0.957 -0.457762 -1.49419
0.958 -0.118793 -1.78962
0.959 0.219162 -2.08145
0.96 0.554712 -2.36856
0.961 0.886476 -2.64986
0.962 1.21309 -2.92426
0.963 1.5332 -3.19072
0.964 1.8455 -3.44822
0.965 2.1487 -3.69575
0.966 2.44154 -3.93235
0.967 2.72281 -4.15712
0.968 2.99136 -4.36918
0.969 3.24606 -4.5677
0.97 3.48587 -4.75191
0.971 3.70978 -4.92108
0.972 3.91687 -5.07454
0.973 4.10626 -5.2117
0.974 4.27717 -5.332
0.975 4.42888 -5.43497
0.976 4.56075 -5.52019
0.977 4.67221 -5.58731
0.978 4.76278 -5.63606
0.979 4.83208 -5.66622
0.98 4.87979 -5.67767
0.981 4.90569 -5.67033
0.982 4.90965 -5.64422
0.983 4.89162 -5.59941
0.984 4.85165 -5.53606
0.985 4.78987 -5.45439
0.986 4.70651 -5.3547
0.987 4.60186 -5.23735
0.988 4.47633 -5.10277
0.989 4.33039 -4.95147
0.99 4.1646 -4.78401
0.991 3.97962 -4.60101
0.992 3.77615 -4.40316
0.993 3.555 -4.19122
0.994 3.31703 -3.96597
0.995 3.06317 -3.72827
0.996 2.79443 -3.47902
0.997 2.51187 -3.21917
0.998 2.2166 -2.9497
0.999 1.90979 -2.67164
1 1.59266 -2.38605
