0.001 3.41045e-008 2.51352e-009
0.002 3.10569e-007 2.01899e-008
0.003 1.46429e-006 8.38049e-008
0.004 4.85095e-006 2.46023e-007
0.005 1.28378e-005 5.83883e-007
0.006 2.90845e-005 1.20298e-006
0.007 5.88114e-005 2.24374e-006
0.008 0.000109053 3.89034e-006
0.009 0.000188893 6.3824e-006
0.01 0.000309681 1.00302e-005
0.011 0.000485228 1.52332e-005
0.012 0.000731975 2.25027e-005
0.013 0.00106914 3.24887e-005
0.014 0.00151883 4.60104e-005
0.015 0.00210615 6.40921e-005
0.016 0.00285922 8.80027e-005
0.017 0.00380926 0.0001193
0.018 0.00499054 0.00015988
0.019 0.00644037 0.000212029
0.02 0.008199 0.000278481
0.021 0.0103096 0.000362482
0.022 0.0128179 0.000467849
0.023 0.0157725 0.000599043
0.024 0.019224 0.00076124
0.025 0.0232253 0.000960401
0.026 0.0278313 0.00120335
0.027 0.0330981 0.00149785
0.028 0.0390834 0.00185269
0.029 0.0458457 0.00227773
0.03 0.0534439 0.00278404
0.031 0.0619373 0.0033839
0.032 0.0713846 0.00409093
0.033 0.081844 0.00492014
0.034 0.0933726 0.00588801
0.035 0.106026 0.00701252
0.036 0.119857 0.00831324
0.037 0.134916 0.00981137
0.038 0.151252 0.0115298
0.039 0.168909 0.013493
0.04 0.187926 0.0157275
0.041 0.20834 0.0182612
0.042 0.23018 0.0211239
0.043 0.253474 0.0243473
0.044 0.278239 0.0279647
0.045 0.304489 0.0320111
0.046 0.332232 0.0365231
0.047 0.361466 0.0415392
0.048 0.392183 0.047099
0.049 0.424368 0.0532441
0.05 0.457998 0.0600169
0.051 0.493041 0.0674614
0.052 0.529456 0.0756226
0.053 0.567195 0.0845466
0.054 0.6062 0.09428
0.055 0.646405 0.10487
0.056 0.687735 0.116365
0.057 0.730104 0.128813
0.058 0.773422 0.142262
0.059 0.817586 0.15676
0.06 0.862485 0.172354
0.061 0.908003 0.18909
0.062 0.954011 0.207015
0.063 1.00038 0.226173
0.064 1.04696 0.246607
0.065 1.09361 0.268357
0.066 1.14017 0.291463
0.067 1.18649 0.315959
0.068 1.23239 0.341881
0.069 1.2777 0.369257
0.07 1.32226 0.398115
0.071 1.36588 0.428477
0.072 1.40837 0.460363
0.073 1.44957 0.493786
0.074 1.48928 0.528756
0.075 1.52732 0.565278
0.076 1.5635 0.60335
0.077 1.59765 0.642966
0.078 1.62958 0.684113
0.079 1.65912 0.726773
0.08 1.68608 0.77092
0.081 1.71032 0.816522
0.082 1.73165 0.863541
0.083 1.74994 0.91193
0.084 1.76502 0.961637
0.085 1.77676 1.0126
0.086 1.78504 1.06475
0.087 1.78972 1.11802
0.088 1.79072 1.17231
0.089 1.78792 1.22754
0.09 1.78124 1.28362
0.091 1.77063 1.34042
0.092 1.75601 1.39785
0.093 1.73735 1.45577
0.094 1.71462 1.51406
0.095 1.68781 1.57259
0.096 1.65693 1.63121
0.097 1.622 1.68978
0.098 1.58305 1.74813
0.099 1.54015 1.8061
0.1 1.49337 1.86354
0.101 1.44279 1.92026
0.102 1.38853 1.97609
0.103 1.3307 2.03085
0.104 1.26946 2.08436
0.105 1.20495 2.13642
0.106 1.13736 2.18685
0.107 1.06688 2.23545
0.108 0.993705 2.28202
0.109 0.918066 2.32638
0.11 0.840196 2.36833
0.111 0.760345 2.40768
0.112 0.678778 2.44422
0.113 0.595767 2.47778
0.114 0.511601 2.50816
0.115 0.426574 2.53519
0.116 0.340992 2.55867
0.117 0.255168 2.57844
0.118 0.169422 2.59433
0.119 0.0840802 2.60618
0.12 -0.000528258 2.61383
0.121 -0.0840704 2.61714
0.122 -0.166212 2.61597
0.123 -0.246618 2.61021
0.124 -0.324956 2.59972
0.125 -0.400895 2.58442
0.126 -0.474107 2.56421
0.127 -0.544274 2.539
0.128 -0.611079 2.50874
0.129 -0.674218 2.47338
0.13 -0.733395 2.43287
0.131 -0.788327 2.3872
0.132 -0.83874 2.33635
0.133 -0.884379 2.28035
0.134 -0.925001 2.21921
0.135 -0.96038 2.15299
0.136 -0.99031 2.08173
0.137 -1.0146 2.00552
0.138 -1.03309 1.92445
0.139 -1.04562 1.83864
0.14 -1.05208 1.74821
0.141 -1.05236 1.65331
0.142 -1.04638 1.5541
0.143 -1.0341 1.45077
0.144 -1.01548 1.34352
0.145 -0.990517 1.23255
0.146 -0.959246 1.1181
0.147 -0.921713 1.00042
0.148 -0.877995 0.879763
0.149 -0.828198 0.756412
0.15 -0.772452 0.630655
0.151 -0.710915 0.502794
0.152 -0.643772 0.373147
0.153 -0.571234 0.24204
0.154 -0.493535 0.109811
0.155 -0.410937 -0.0231924
0.156 -0.323726 -0.156613
0.157 -0.232209 -0.290088
0.158 -0.136718 -0.423246
0.159 -0.0376042 -0.555712
0.16 0.0647583 -0.687106
0.161 0.169978 -0.817045
0.162 0.277646 -0.945145
0.163 0.387336 -1.07102
0.164 0.498607 -1.19429
0.165 0.611007 -1.31457
0.166 0.724069 -1.43149
0.167 0.83732 -1.54467
0.168 0.950276 -1.65375
0.169 1.06245 -1.75836
0.17 1.17335 -1.85817
0.171 1.28247 -1.95283
0.172 1.38933 -2.04203
0.173 1.49344 -2.12543
0.174 1.59429 -2.20276
0.175 1.69142 -2.27373
0.176 1.78433 -2.33806
0.177 1.87258 -2.39553
0.178 1.95571 -2.44589
0.179 2.03328 -2.48895
0.18 2.10486 -2.52452
0.181 2.17006 -2.55244
0.182 2.22848 -2.57256
0.183 2.27977 -2.58478
0.184 2.32359 -2.589
0.185 2.35962 -2.58517
0.186 2.38757 -2.57324
0.187 2.40719 -2.5532
0.188 2.41826 -2.52507
0.189 2.42056 -2.48889
0.19 2.41393 -2.44473
0.191 2.39825 -2.39269
0.192 2.3734 -2.3329
0.193 2.33934 -2.26551
0.194 2.29603 -2.1907
0.195 2.24347 -2.10868
0.196 2.18171 -2.01968
0.197 2.11084 -1.92397
0.198 2.03097 -1.82183
0.199 1.94225 -1.71357
0.2 1.84488 -1.59952
0.201 1.73908 -1.48006
0.202 1.62511 -1.35554
0.203 1.50328 -1.22638
0.204 1.37392 -1.093
0.205 1.23739 -0.955839
0.206 1.09408 -0.815347
0.207 0.944436 -0.671999
0.208 0.788904 -0.526283
0.209 0.627973 -0.378696
0.21 0.462154 -0.22975
0.211 0.291985 -0.0799618
0.212 0.118025 0.0701403
0.213 -0.0591458 0.220024
0.214 -0.23893 0.369154
0.215 -0.420711 0.516991
0.216 -0.603862 0.662997
0.217 -0.787741 0.806636
0.218 -0.971699 0.947374
0.219 -1.15508 1.08468
0.22 -1.33722 1.21805
0.221 -1.51746 1.34695
0.222 -1.69513 1.4709
0.223 -1.86959 1.58941
0.224 -2.04017 1.70201
0.225 -2.20623 1.80824
0.226 -2.36715 1.90768
0.227 -2.52231 1.9999
0.228 -2.6711 2.08451
0.229 -2.81295 2.16116
0.23 -2.94729 2.22948
0.231 -3.07359 2.28918
0.232 -3.19135 2.33995
0.233 -3.30007 2.38154
0.234 -3.39931 2.41373
0.235 -3.48866 2.43631
0.236 -3.56773 2.44911
0.237 -3.63618 2.45201
0.238 -3.69369 2.44491
0.239 -3.74001 2.42775
0.24 -3.7749 2.40049
0.241 -3.79818 2.36315
0.242 -3.80971 2.31576
0.243 -3.80939 2.25841
0.244 -3.79717 2.19121
0.245 -3.77304 2.1143
0.246 -3.73704 2.02788
0.247 -3.68926 1.93216
0.248 -3.62982 1.82739
0.249 -3.55891 1.71386
0.25 -3.47675 1.5919
0.251 -3.3836 1.46184
0.252 -3.27977 1.32408
0.253 -3.16561 1.17902
0.254 -3.04153 1.02711
0.255 -2.90796 0.868803
0.256 -2.76537 0.704597
0.257 -2.61427 0.535005
0.258 -2.45522 0.360563
0.259 -2.28881 0.181827
0.26 -2.11563 -0.000629197
0.261 -1.93634 -0.186215
0.262 -1.75161 -0.374326
0.263 -1.56213 -0.564346
0.264 -1.36862 -0.755651
0.265 -1.17182 -0.947606
0.266 -0.972476 -1.13957
0.267 -0.771362 -1.33091
0.268 -0.569251 -1.52098
0.269 -0.366929 -1.70914
0.27 -0.165186 -1.89474
0.271 0.0351898 -2.07717
0.272 0.233408 -2.25581
0.273 0.428686 -2.43003
0.274 0.620247 -2.59925
0.275 0.807328 -2.76288
0.276 0.989179 -2.92036
0.277 1.16507 -3.07114
0.278 1.33428 -3.21471
0.279 1.49613 -3.35056
0.28 1.64995 -3.47822
0.281 1.79512 -3.59725
0.282 1.93103 -3.70722
0.283 2.05711 -3.80776
0.284 2.17283 -3.89851
0.285 2.2777 -3.97916
0.286 2.37128 -4.04941
0.287 2.45315 -4.10901
0.288 2.52295 -4.15777
0.289 2.58038 -4.1955
0.29 2.62515 -4.22207
0.291 2.65707 -4.23738
0.292 2.67595 -4.24138
0.293 2.68168 -4.23405
0.294 2.67421 -4.21542
0.295 2.65352 -4.18555
0.296 2.61966 -4.14454
0.297 2.57272 -4.09254
0.298 2.51285 -4.02974
0.299 2.44026 -3.95635
0.3 2.35519 -3.87263
0.301 2.25796 -3.77888
0.302 2.14893 -3.67543
0.303 2.02848 -3.56264
0.304 1.89709 -3.44093
0.305 1.75524 -3.31071
0.306 1.60349 -3.17245
0.307 1.4424 -3.02663
0.308 1.27263 -2.87378
0.309 1.09481 -2.71444
0.31 0.909658 -2.54917
0.311 0.7179 -2.37855
0.312 0.520297 -2.20319
0.313 0.317635 -2.02371
0.314 0.110728 -1.84074
0.315 -0.0995942 -1.65492
0.316 -0.312481 -1.4669
0.317 -0.52707 -1.27735
0.318 -0.742487 -1.08694
0.319 -0.957851 -0.896312
0.32 -1.17228 -0.706147
0.321 -1.38488 -0.517101
0.322 -1.59478 -0.329827
0.323 -1.80111 -0.144973
0.324 -2.003 0.0368292
0.325 -2.1996 0.214957
0.326 -2.39008 0.388806
0.327 -2.57363 0.55779
0.328 -2.74947 0.721342
0.329 -2.91684 0.878918
0.33 -3.07501 1.03
0.331 -3.2233 1.1741
0.332 -3.36104 1.31074
0.333 -3.48762 1.4395
0.334 -3.60246 1.55998
0.335 -3.70505 1.67181
0.336 -3.79489 1.77465
0.337 -3.87155 1.86821
0.338 -3.93467 1.95223
0.339 -3.98389 2.02649
0.34 -4.01897 2.09081
0.341 -4.03967 2.14504
0.342 -4.04584 2.18909
0.343 -4.03737 2.22289
0.344 -4.01422 2.24642
0.345 -3.9764 2.2597
0.346 -3.924 2.2628
0.347 -3.85713 2.25582
0.348 -3.77599 2.23889
0.349 -3.68083 2.2122
0.35 -3.57196 2.17597
0.351 -3.44973 2.13045
0.352 -3.31457 2.07595
0.353 -3.16693 2.01278
0.354 -3.00736 1.94131
0.355 -2.8364 1.86193
0.356 -2.65469 1.77508
0.357 -2.46289 1.6812
0.358 -2.26169 1.58077
0.359 -2.05186 1.47431
0.36 -1.83417 1.36235
0.361 -1.60943 1.24542
0.362 -1.3785 1.12411
0.363 -1.14225 0.998992
0.364 -0.901575 0.870671
0.365 -0.657397 0.739754
0.366 -0.410649 0.60686
0.367 -0.162281 0.472614
0.368 0.0867525 0.337644
0.369 0.335488 0.202579
0.37 0.582962 0.0680452
0.371 0.828215 -0.065333
0.372 1.07029 -0.19694
0.373 1.30825 -0.326169
0.374 1.54116 -0.452424
0.375 1.76812 -0.575126
0.376 1.98822 -0.693711
0.377 2.20062 -0.807634
0.378 2.40447 -0.916372
0.379 2.59898 -1.01943
0.38 2.78338 -1.11632
0.381 2.95694 -1.20661
0.382 3.11899 -1.28988
0.383 3.26888 -1.36574
0.384 3.40603 -1.43384
0.385 3.52989 -1.49386
0.386 3.63998 -1.54552
0.387 3.73588 -1.58858
0.388 3.8172 -1.62282
0.389 3.88363 -1.64807
0.39 3.93492 -1.66421
0.391 3.97087 -1.67114
0.392 3.99136 -1.66882
0.393 3.99631 -1.65723
0.394 3.98572 -1.63641
0.395 3.95965 -1.60643
0.396 3.91822 -1.56739
0.397 3.86162 -1.51947
0.398 3.7901 -1.46283
0.399 3.70396 -1.39772
0.4 3.60359 -1.32439
0.401 3.4894 -1.24316
0.402 3.36189 -1.15435
0.403 3.2216 -1.05834
0.404 3.06914 -0.955536
0.405 2.90514 -0.846364
0.406 2.73031 -0.731287
0.407 2.5454 -0.610792
0.408 2.35119 -0.485392
0.409 2.1485 -0.355621
0.41 1.93821 -0.222032
0.411 1.72122 -0.0851959
0.412 1.49844 0.0543
0.413 1.27083 0.195857
0.414 1.03938 0.338867
0.415 0.805064 0.482713
0.416 0.568902 0.626775
0.417 0.331909 0.770429
0.418 0.0951073 0.913053
0.419 -0.140477 1.05403
0.42 -0.373822 1.19274
0.421 -0.603912 1.32859
0.422 -0.829744 1.46099
0.423 -1.05033 1.58934
0.424 -1.2647 1.7131
0.425 -1.4719 1.83171
0.426 -1.67103 1.94466
0.427 -1.86119 2.05144
0.428 -2.04153 2.15159
0.429 -2.21124 2.24466
0.43 -2.36955 2.33024
0.431 -2.51574 2.40794
0.432 -2.64913 2.47741
0.433 -2.7691 2.53834
0.434 -2.87507 2.59045
0.435 -2.96654 2.6335
0.436 -3.04305 2.6673
0.437 -3.10422 2.69168
0.438 -3.14971 2.70652
0.439 -3.17926 2.71175
0.44 -3.19267 2.70733
0.441 -3.18981 2.69326
0.442 -3.17063 2.6696
0.443 -3.13513 2.63644
0.444 -3.08338 2.5939
0.445 -3.01552 2.54218
0.446 -2.93177 2.48147
0.447 -2.8324 2.41204
0.448 -2.71777 2.33418
0.449 -2.58827 2.24824
0.45 -2.4444 2.15457
0.451 -2.28667 2.05358
0.452 -2.11569 1.94572
0.453 -1.93211 1.83146
0.454 -1.73664 1.7113
0.455 -1.53005 1.58576
0.456 -1.31314 1.45541
0.457 -1.08677 1.32083
0.458 -0.851847 1.1826
0.459 -0.609304 1.04137
0.46 -0.360119 0.897751
0.461 -0.1053 0.752403
0.462 0.154119 0.605983
0.463 0.417079 0.459159
0.464 0.682503 0.312602
0.465 0.949298 0.166988
0.466 1.21636 0.0229891
0.467 1.48259 -0.118724
0.468 1.74686 -0.257487
0.469 2.00808 -0.392648
0.47 2.26514 -0.523564
0.471 2.51696 -0.649609
0.472 2.76247 -0.770174
0.473 3.00063 -0.884672
0.474 3.2304 -0.992538
0.475 3.4508 -1.09323
0.476 3.66088 -1.18625
0.477 3.8597 -1.2711
0.478 4.0464 -1.34735
0.479 4.22015 -1.41458
0.48 4.38015 -1.47241
0.481 4.5257 -1.52051
0.482 4.6561 -1.55859
0.483 4.77076 -1.58638
0.484 4.86911 -1.60369
0.485 4.95068 -1.61033
0.486 5.01504 -1.6062
0.487 5.06184 -1.59121
0.488 5.0908 -1.56535
0.489 5.10171 -1.52862
0.49 5.09443 -1.48109
0.491 5.0689 -1.42288
0.492 5.02514 -1.35415
0.493 4.96321 -1.2751
0.494 4.88329 -1.186
0.495 4.78561 -1.08714
0.496 4.67047 -0.978854
0.497 4.53824 -0.861543
0.498 4.38939 -0.735632
0.499 4.22442 -0.601592
0.5 4.04393 -0.459929
0.501 3.84855 -0.31119
0.502 3.63901 -0.155954
0.503 3.41607 0.00516535
0.504 3.18057 0.171525
0.505 2.93339 0.342455
0.506 2.67546 0.517258
0.507 2.40776 0.695216
0.508 2.13133 0.875591
0.509 1.84721 1.05763
0.51 1.5565 1.24056
0.511 1.26034 1.4236
0.512 0.959881 1.60597
0.513 0.656289 1.78688
0.514 0.350756 1.96553
0.515 0.0444872 2.14113
0.516 -0.26131 2.31291
0.517 -0.565425 2.48007
0.518 -0.86665 2.64187
0.519 -1.16378 2.79755
0.52 -1.45564 2.94638
0.521 -1.74105 3.08765
0.522 -2.01888 3.22068
0.523 -2.28798 3.34481
0.524 -2.5473 3.45942
0.525 -2.79576 3.56391
0.526 -3.03236 3.65771
0.527 -3.25614 3.74032
0.528 -3.46619 3.81126
0.529 -3.66163 3.87008
0.53 -3.84166 3.91639
0.531 -4.00555 3.94985
0.532 -4.1526 3.97017
0.533 -4.2822 3.97708
0.534 -4.39381 3.97041
0.535 -4.48694 3.95
0.536 -4.56121 3.91576
0.537 -4.61627 3.86766
0.538 -4.65189 3.80571
0.539 -4.66789 3.72998
0.54 -4.66418 3.64061
0.541 -4.64075 3.53776
0.542 -4.59767 3.42169
0.543 -4.53508 3.29266
0.544 -4.45322 3.15104
0.545 -4.35239 2.9972
0.546 -4.23298 2.83159
0.547 -4.09544 2.6547
0.548 -3.94032 2.46707
0.549 -3.76822 2.26929
0.55 -3.57982 2.06198
0.551 -3.37588 1.84581
0.552 -3.1572 1.62149
0.553 -2.92467 1.38975
0.554 -2.67921 1.15139
0.555 -2.42182 0.907196
0.556 -2.15354 0.658013
0.557 -1.87545 0.404697
0.558 -1.58869 0.148127
0.559 -1.29443 -0.110799
0.56 -0.993871 -0.371168
0.561 -0.688247 -0.63206
0.562 -0.378815 -0.892542
0.563 -0.0668509 -1.15168
0.564 0.246355 -1.40855
0.565 0.559503 -1.66221
0.566 0.871291 -1.91174
0.567 1.18042 -2.15623
0.568 1.48559 -2.39478
0.569 1.78553 -2.62652
0.57 2.07896 -2.85058
0.571 2.36465 -3.06614
0.572 2.64139 -3.27238
0.573 2.90798 -3.46854
0.574 3.1633 -3.65387
0.575 3.40623 -3.82768
0.576 3.63572 -3.98931
0.577 3.85077 -4.13814
0.578 4.05043 -4.27359
0.579 4.23381 -4.39516
0.58 4.40009 -4.50236
0.581 4.5485 -4.59477
0.582 4.67837 -4.67204
0.583 4.78906 -4.73385
0.584 4.88005 -4.77995
0.585 4.95086 -4.81014
0.586 5.00112 -4.8243
0.587 5.03053 -4.82235
0.588 5.03886 -4.80428
0.589 5.02599 -4.77013
0.59 4.99186 -4.72002
0.591 4.93652 -4.65411
0.592 4.86008 -4.57264
0.593 4.76275 -4.47589
0.594 4.64483 -4.36422
0.595 4.50669 -4.23802
0.596 4.34879 -4.09777
0.597 4.17166 -3.94397
0.598 3.97593 -3.77721
0.599 3.76229 -3.59809
0.6 3.53151 -3.40728
0.601 3.28442 -3.2055
0.602 3.02193 -2.99351
0.603 2.74501 -2.7721
0.604 2.45469 -2.54211
0.605 2.15207 -2.30441
0.606 1.83827 -2.05989
0.607 1.51449 -1.80949
0.608 1.18196 -1.55416
0.609 0.841938 -1.29486
0.61 0.495735 -1.0326
0.611 0.14468 -0.768366
0.612 -0.209877 -0.503176
0.613 -0.566564 -0.238044
0.614 -0.924 0.0260107
0.615 -1.2808 0.287973
0.616 -1.63556 0.546835
0.617 -1.98692 0.801597
0.618 -2.33349 1.05128
0.619 -2.67391 1.29491
0.62 -3.00684 1.53154
0.621 -3.33098 1.76027
0.622 -3.64505 1.98019
0.623 -3.94781 2.19046
0.624 -4.23805 2.39026
0.625 -4.51462 2.57879
0.626 -4.77643 2.75533
0.627 -5.02243 2.91918
0.628 -5.25163 3.06969
0.629 -5.46312 3.20628
0.63 -5.65604 3.3284
0.631 -5.82963 3.43555
0.632 -5.98316 3.52733
0.633 -6.11603 3.60334
0.634 -6.22768 3.66329
0.635 -6.31765 3.70693
0.636 -6.38557 3.73407
0.637 -6.43115 3.74458
0.638 -6.45418 3.73841
0.639 -6.45455 3.71557
0.64 -6.43224 3.67613
0.641 -6.38733 3.62022
0.642 -6.31995 3.54804
0.643 -6.23036 3.45985
0.644 -6.11889 3.35598
0.645 -5.98597 3.23681
0.646 -5.83209 3.10278
0.647 -5.65786 2.95439
0.648 -5.46393 2.79221
0.649 -5.25107 2.61684
0.65 -5.02009 2.42895
0.651 -4.7719 2.22925
0.652 -4.50746 2.01848
0.653 -4.22781 1.79747
0.654 -3.93403 1.56703
0.655 -3.62729 1.32806
0.656 -3.30879 1.08146
0.657 -2.97977 0.828176
0.658 -2.64154 0.569169
0.659 -2.29542 0.305429
0.66 -1.94277 0.0379665
0.661 -1.585 -0.232198
0.662 -1.22351 -0.504031
0.663 -0.859722 -0.776491
0.664 -0.495082 -1.04854
0.665 -0.131031 -1.31913
0.666 0.230992 -1.58723
0.667 0.589555 -1.85181
0.668 0.943238 -2.11186
0.669 1.29064 -2.36639
0.67 1.63039 -2.61442
0.671 1.96113 -2.855
0.672 2.28156 -3.08722
0.673 2.59041 -3.31017
0.674 2.88646 -3.52303
0.675 3.16853 -3.72496
0.676 3.4355 -3.91521
0.677 3.68633 -4.09304
0.678 3.92001 -4.25778
0.679 4.13563 -4.40881
0.68 4.33233 -4.54555
0.681 4.50935 -4.66749
0.682 4.66598 -4.77417
0.683 4.80161 -4.86518
0.684 4.91571 -4.9402
0.685 5.00785 -4.99893
0.686 5.07766 -5.04117
0.687 5.12489 -5.06677
0.688 5.14935 -5.07565
0.689 5.15098 -5.06777
0.69 5.12978 -5.04319
0.691 5.08586 -5.00202
0.692 5.01941 -4.94443
0.693 4.93072 -4.87064
0.694 4.82017 -4.78097
0.695 4.68823 -4.67578
0.696 4.53545 -4.55547
0.697 4.36247 -4.42054
0.698 4.17001 -4.2715
0.699 3.95887 -4.10896
0.7 3.72993 -3.93354
0.701 3.48413 -3.74594
0.702 3.2225 -3.54688
0.703 2.94611 -3.33716
0.704 2.65612 -3.11757
0.705 2.35372 -2.88898
0.706 2.04016 -2.65227
0.707 1.71674 -2.40836
0.708 1.3848 -2.15819
0.709 1.04572 -1.90272
0.71 0.700881 -1.64295
0.711 0.35173 -1.37985
0.712 -0.000290902 -1.11445
0.713 -0.353723 -0.847762
0.714 -0.707101 -0.580792
0.715 -1.05896 -0.31456
0.716 -1.40783 -0.0500747
0.717 -1.75227 0.211665
0.718 -2.09083 0.469674
0.719 -2.42212 0.722985
0.72 -2.74475 0.970651
0.721 -3.05736 1.21175
0.722 -3.35865 1.4454
0.723 -3.64736 1.67073
0.724 -3.92227 1.88692
0.725 -4.18221 2.0932
0.726 -4.4261 2.2888
0.727 -4.6529 2.47306
0.728 -4.86163 2.6453
0.729 -5.05141 2.80494
0.73 -5.22142 2.95143
0.731 -5.37092 3.08428
0.732 -5.49925 3.20305
0.733 -5.60584 3.30738
0.734 -5.69021 3.39696
0.735 -5.75197 3.47151
0.736 -5.79081 3.53086
0.737 -5.80653 3.57488
0.738 -5.79902 3.6035
0.739 -5.76824 3.61672
0.74 -5.71427 3.6146
0.741 -5.63729 3.59726
0.742 -5.53755 3.56489
0.743 -5.41541 3.51774
0.744 -5.2713 3.45612
0.745 -5.10577 3.38039
0.746 -4.91943 3.29098
0.747 -4.713 3.18837
0.748 -4.48725 3.07309
0.749 -4.24306 2.94573
0.75 -3.98137 2.80691
0.751 -3.7032 2.65732
0.752 -3.40961 2.49768
0.753 -3.10177 2.32876
0.754 -2.78087 2.15135
0.755 -2.44818 1.96628
0.756 -2.10499 1.77442
0.757 -1.75266 1.57665
0.758 -1.39257 1.3739
0.759 -1.02615 1.16708
0.76 -0.654848 0.957151
0.761 -0.280123 0.745064
0.762 0.0965386 0.531784
0.763 0.473645 0.318278
0.764 0.849701 0.105512
0.765 1.22322 -0.105552
0.766 1.59271 -0.313963
0.767 1.95671 -0.518781
0.768 2.31378 -0.719084
0.769 2.6625 -0.91397
0.77 3.00147 -1.10256
0.771 3.32937 -1.28401
0.772 3.64487 -1.4575
0.773 3.94674 -1.62224
0.774 4.23377 -1.7775
0.775 4.50481 -1.92257
0.776 4.75881 -2.05679
0.777 4.99475 -2.17955
0.778 5.2117 -2.29029
0.779 5.4088 -2.3885
0.78 5.58527 -2.47372
0.781 5.74042 -2.54555
0.782 5.87364 -2.60365
0.783 5.98442 -2.64775
0.784 6.07232 -2.6776
0.785 6.13702 -2.69306
0.786 6.17826 -2.69403
0.787 6.1959 -2.68046
0.788 6.1899 -2.65238
0.789 6.16029 -2.60989
0.79 6.10722 -2.55312
0.791 6.03093 -2.48229
0.792 5.93175 -2.39767
0.793 5.81009 -2.2996
0.794 5.66649 -2.18845
0.795 5.50154 -2.06468
0.796 5.31593 -1.92879
0.797 5.11045 -1.78133
0.798 4.88594 -1.6229
0.799 4.64336 -1.45415
0.8 4.3837 -1.27579
0.801 4.10805 -1.08854
0.802 3.81755 -0.893181
0.803 3.51342 -0.690533
0.804 3.1969 -0.481438
0.805 2.86932 -0.26677
0.806 2.53203 -0.0474308
0.807 2.18644 0.17566
0.808 1.83397 0.401561
0.809 1.4761 0.629321
0.81 1.1143 0.857977
0.811 0.750071 1.08656
0.812 0.384936 1.3141
0.813 0.0204072 1.53962
0.814 -0.342002 1.76217
0.815 -0.700783 1.9808
0.816 -1.05444 2.19456
0.817 -1.40151 2.40254
0.818 -1.74054 2.60384
0.819 -2.07012 2.79759
0.82 -2.38887 2.98295
0.821 -2.69546 3.15912
0.822 -2.98861 3.32531
0.823 -3.26708 3.48081
0.824 -3.52972 3.62492
0.825 -3.77541 3.757
0.826 -4.00311 3.87646
0.827 -4.21187 3.98276
0.828 -4.4008 4.07541
0.829 -4.5691 4.15397
0.83 -4.71604 4.21807
0.831 -4.84099 4.26741
0.832 -4.9434 4.30172
0.833 -5.02284 4.32081
0.834 -5.07893 4.32455
0.835 -5.11142 4.31288
0.836 -5.12015 4.2858
0.837 -5.10504 4.24337
0.838 -5.06612 4.18571
0.839 -5.00354 4.11303
0.84 -4.9175 4.02556
0.841 -4.80834 3.92363
0.842 -4.67648 3.80761
0.843 -4.52242 3.67795
0.844 -4.34678 3.53512
0.845 -4.15024 3.37969
0.846 -3.93358 3.21225
0.847 -3.69768 3.03346
0.848 -3.44347 2.84403
0.849 -3.17198 2.6447
0.85 -2.88429 2.43626
0.851 -2.58158 2.21955
0.852 -2.26507 1.99543
0.853 -1.93603 1.76481
0.854 -1.59582 1.52862
0.855 -1.2458 1.28781
0.856 -0.887416 1.04336
0.857 -0.522123 0.796259
0.858 -0.151417 0.547524
0.859 0.223183 0.29817
0.86 0.600139 0.0492201
0.861 0.977901 -0.198301
0.862 1.35492 -0.443374
0.863 1.72962 -0.684983
0.864 2.10048 -0.922127
0.865 2.46595 -1.15382
0.866 2.82451 -1.3791
0.867 3.17468 -1.59701
0.868 3.51499 -1.80665
0.869 3.84403 -2.00713
0.87 4.16041 -2.19761
0.871 4.4628 -2.37727
0.872 4.74994 -2.54535
0.873 5.0206 -2.70113
0.874 5.27363 -2.84394
0.875 5.50795 -2.97314
0.876 5.72256 -3.08819
0.877 5.91652 -3.18856
0.878 6.089 -3.27382
0.879 6.23921 -3.34356
0.88 6.3665 -3.39745
0.881 6.47028 -3.43525
0.882 6.55006 -3.45674
0.883 6.60545 -3.46181
0.884 6.63616 -3.45037
0.885 6.64198 -3.42244
0.886 6.62284 -3.37809
0.887 6.57872 -3.31746
0.888 6.50975 -3.24075
0.889 6.41611 -3.14824
0.89 6.29813 -3.04026
0.891 6.1562 -2.91722
0.892 5.99082 -2.77958
0.893 5.80259 -2.62787
0.894 5.59221 -2.46268
0.895 5.36044 -2.28465
0.896 5.10816 -2.09448
0.897 4.83631 -1.89292
0.898 4.54592 -1.68077
0.899 4.2381 -1.45887
0.9 3.91403 -1.22812
0.901 3.57494 -0.989438
0.902 3.22215 -0.743792
0.903 2.85702 -0.492177
0.904 2.48095 -0.235616
0.905 2.09541 0.0248453
0.906 1.70189 0.28814
0.907 1.30193 0.553184
0.908 0.897088 0.818887
0.909 0.488942 1.08415
0.91 0.0790891 1.34786
0.911 -0.330867 1.60893
0.912 -0.739319 1.86626
0.913 -1.14466 2.11876
0.914 -1.54531 2.36538
0.915 -1.93969 2.60506
0.916 -2.32624 2.83677
0.917 -2.70346 3.05952
0.918 -3.06984 3.27235
0.919 -3.42395 3.47432
0.92 -3.7644 3.66455
0.921 -4.08984 3.8422
0.922 -4.399 4.00646
0.923 -4.69064 4.15659
0.924 -4.96363 4.29188
0.925 -5.21688 4.41172
0.926 -5.44941 4.5155
0.927 -5.66029 4.60273
0.928 -5.8487 4.67293
0.929 -6.0139 4.72573
0.93 -6.15523 4.7608
0.931 -6.27216 4.77789
0.932 -6.36422 4.77682
0.933 -6.43105 4.75748
0.934 -6.47241 4.71982
0.935 -6.48814 4.66387
0.936 -6.4782 4.58975
0.937 -6.44263 4.49762
0.938 -6.38159 4.38773
0.939 -6.29534 4.2604
0.94 -6.18423 4.11602
0.941 -6.04874 3.95503
0.942 -5.88941 3.77796
0.943 -5.7069 3.58539
0.944 -5.50196 3.37796
0.945 -5.27542 3.15639
0.946 -5.0282 2.92143
0.947 -4.76132 2.67391
0.948 -4.47587 2.41469
0.949 -4.173 2.14468
0.95 -3.85395 1.86486
0.951 -3.52002 1.57621
0.952 -3.17256 1.27978
0.953 -2.81299 0.97663
0.954 -2.44279 0.667871
0.955 -2.06344 0.35462
0.956 -1.6765 0.0380228
0.957 -1.28354 -0.280763
0.958 -0.886174 -0.600566
0.959 -0.48601 -0.92021
0.96 -0.0846825 -1.23852
0.961 0.31617 -1.55431
0.962 0.714911 -1.86642
0.963 1.10991 -2.1737
0.964 1.49956 -2.47499
0.965 1.88225 -2.76919
0.966 2.25643 -3.05519
0.967 2.62056 -3.33194
0.968 2.97314 -3.5984
0.969 3.31273 -3.85358
0.97 3.63792 -4.09653
0.971 3.94739 -4.32634
0.972 4.23984 -4.54216
0.973 4.51407 -4.74318
0.974 4.76895 -4.92866
0.975 5.00341 -5.0979
0.976 5.21647 -5.25027
0.977 5.40724 -5.38522
0.978 5.57492 -5.50225
0.979 5.71878 -5.60091
0.98 5.83822 -5.68087
0.981 5.93272 -5.74182
0.982 6.00185 -5.78354
0.983 6.04531 -5.80591
0.984 6.06286 -5.80884
0.985 6.05441 -5.79235
0.986 6.01994 -5.75651
0.987 5.95956 -5.70148
0.988 5.87346 -5.62748
0.989 5.76196 -5.53482
0.99 5.62545 -5.42387
0.991 5.46446 -5.29506
0.992 5.27957 -5.14892
0.993 5.07151 -4.98601
0.994 4.84105 -4.80698
0.995 4.5891 -4.61253
0.996 4.31662 -4.40342
0.997 4.02468 -4.18047
0.998 3.7144 -3.94454
0.999 3.387 -3.69657
1 3.04375 -3.43752
