0.001 2.73358e-008 1.8346e-008
0.002 2.56562e-007 1.46704e-007
0.003 1.24233e-006 6.04972e-007
0.004 4.20831e-006 1.76005e-006
0.005 1.13406e-005 4.12813e-006
0.006 2.60717e-005 8.38054e-006
0.007 5.33537e-005 1.53546e-005
0.008 9.99156e-005 2.60709e-005
0.009 0.000174506 4.17587e-005
0.01 0.000288116 6.38905e-005
0.011 0.00045418 9.42262e-005
0.012 0.000688756 0.000134869
0.013 0.00101068 0.000188333
0.014 0.00144168 0.000257623
0.015 0.00200652 0.000346327
0.016 0.00273299 0.000458721
0.017 0.00365203 0.000599888
0.018 0.0047977 0.000775846
0.019 0.00620713 0.000993693
0.02 0.00792052 0.00126176
0.021 0.00998102 0.00158975
0.022 0.0124346 0.00198897
0.023 0.01533 0.00247243
0.024 0.0187182 0.00305509
0.025 0.0226528 0.00375398
0.026 0.0271893 0.00458848
0.027 0.0323849 0.0055804
0.028 0.0382983 0.00675424
0.029 0.0449895 0.00813732
0.03 0.052519 0.00975999
0.031 0.0609479 0.0116557
0.032 0.0703375 0.0138613
0.033 0.0807483 0.016417
0.034 0.0922405 0.0193664
0.035 0.104873 0.0227569
0.036 0.118702 0.0266395
0.037 0.133783 0.0310688
0.038 0.150169 0.0361032
0.039 0.167909 0.0418045
0.04 0.187048 0.0482384
0.041 0.207629 0.0554736
0.042 0.229689 0.0635824
0.043 0.253262 0.0726402
0.044 0.278374 0.082725
0.045 0.305048 0.0939176
0.046 0.333301 0.106301
0.047 0.363141 0.11996
0.048 0.394573 0.134981
0.049 0.427592 0.151451
0.05 0.462187 0.169458
0.051 0.498341 0.18909
0.052 0.536028 0.210434
0.053 0.575213 0.233576
0.054 0.615855 0.2586
0.055 0.657904 0.285588
0.056 0.701304 0.314617
0.057 0.745987 0.345763
0.058 0.791881 0.379095
0.059 0.838904 0.414677
0.06 0.886967 0.452566
0.061 0.935972 0.492812
0.062 0.985815 0.53546
0.063 1.03638 0.580542
0.064 1.08756 0.628083
0.065 1.13922 0.678097
0.066 1.19123 0.730588
0.067 1.24346 0.785546
0.068 1.29576 0.842952
0.069 1.34798 0.902771
0.07 1.39998 0.964955
0.071 1.45159 1.02944
0.072 1.50267 1.09616
0.073 1.55304 1.16501
0.074 1.60255 1.23589
0.075 1.65103 1.30867
0.076 1.69832 1.38323
0.077 1.74425 1.45939
0.078 1.78865 1.537
0.079 1.83136 1.61586
0.08 1.87223 1.69578
0.081 1.91109 1.77652
0.082 1.94778 1.85787
0.083 1.98216 1.93957
0.084 2.01408 2.02136
0.085 2.04339 2.10296
0.086 2.06996 2.18408
0.087 2.09367 2.26442
0.088 2.11438 2.34367
0.089 2.132 2.42151
0.09 2.1464 2.49761
0.091 2.15749 2.57162
0.092 2.16519 2.64321
0.093 2.16941 2.71202
0.094 2.17009 2.7777
0.095 2.16717 2.83989
0.096 2.16061 2.89825
0.097 2.15036 2.95241
0.098 2.1364 3.00204
0.099 2.11872 3.04678
0.1 2.09732 3.08629
0.101 2.0722 3.12025
0.102 2.0434 3.14834
0.103 2.01093 3.17026
0.104 1.97485 3.18571
0.105 1.93522 3.19442
0.106 1.89209 3.19613
0.107 1.84556 3.1906
0.108 1.79571 3.17763
0.109 1.74264 3.15701
0.11 1.68647 3.12858
0.111 1.62732 3.09219
0.112 1.56531 3.04774
0.113 1.5006 2.99514
0.114 1.43332 2.93433
0.115 1.36365 2.86529
0.116 1.29174 2.78803
0.117 1.21777 2.7026
0.118 1.14192 2.60906
0.119 1.06438 2.50752
0.12 0.985332 2.39814
0.121 0.904983 2.28109
0.122 0.823531 2.15658
0.123 0.741181 2.02487
0.124 0.65814 1.88624
0.125 0.574618 1.741
0.126 0.490827 1.58951
0.127 0.406979 1.43215
0.128 0.323285 1.26933
0.129 0.239959 1.10151
0.13 0.15721 0.929152
0.131 0.0752465 0.752763
0.132 -0.00572525 0.572871
0.133 -0.0855027 0.390027
0.134 -0.163887 0.204807
0.135 -0.240685 0.0178039
0.136 -0.315706 -0.170369
0.137 -0.388767 -0.359084
0.138 -0.459692 -0.5477
0.139 -0.52831 -0.735567
0.14 -0.594458 -0.922027
0.141 -0.657982 -1.10641
0.142 -0.718734 -1.28806
0.143 -0.776576 -1.46631
0.144 -0.83138 -1.6405
0.145 -0.883025 -1.80996
0.146 -0.931402 -1.97407
0.147 -0.976412 -2.13217
0.148 -1.01797 -2.28367
0.149 -1.05598 -2.42795
0.15 -1.0904 -2.56444
0.151 -1.12116 -2.69258
0.152 -1.14821 -2.81186
0.153 -1.17152 -2.92177
0.154 -1.19107 -3.02184
0.155 -1.20684 -3.11165
0.156 -1.21885 -3.19079
0.157 -1.22709 -3.25892
0.158 -1.23159 -3.31572
0.159 -1.23238 -3.36091
0.16 -1.22951 -3.39427
0.161 -1.22304 -3.4156
0.162 -1.21303 -3.42479
0.163 -1.19956 -3.42172
0.164 -1.18272 -3.40638
0.165 -1.1626 -3.37875
0.166 -1.13931 -3.33892
0.167 -1.11297 -3.28697
0.168 -1.08371 -3.22308
0.169 -1.05166 -3.14746
0.17 -1.01697 -3.06035
0.171 -0.979787 -2.96207
0.172 -0.940269 -2.85297
0.173 -0.898585 -2.73345
0.174 -0.854909 -2.60397
0.175 -0.809422 -2.465
0.176 -0.762307 -2.31708
0.177 -0.713758 -2.16078
0.178 -0.663969 -1.99672
0.179 -0.613142 -1.82553
0.18 -0.561478 -1.64789
0.181 -0.509187 -1.46451
0.182 -0.456477 -1.27613
0.183 -0.40356 -1.0835
0.184 -0.350648 -0.887403
0.185 -0.297956 -0.688639
0.186 -0.245697 -0.488021
0.187 -0.194084 -0.286374
0.188 -0.143331 -0.0845307
0.189 -0.0936475 0.116671
0.19 -0.0452422 0.316392
0.191 0.00167943 0.513797
0.192 0.0469155 0.708053
0.193 0.0902682 0.89834
0.194 0.131545 1.08385
0.195 0.170557 1.26379
0.196 0.207125 1.43738
0.197 0.241072 1.60388
0.198 0.272231 1.76256
0.199 0.300443 1.91273
0.2 0.325556 2.05372
0.201 0.347427 2.1849
0.202 0.365923 2.30568
0.203 0.380921 2.41552
0.204 0.392309 2.51389
0.205 0.399984 2.60033
0.206 0.403856 2.67443
0.207 0.403848 2.73582
0.208 0.399892 2.78417
0.209 0.391935 2.8192
0.21 0.379936 2.84072
0.211 0.363868 2.84853
0.212 0.343717 2.84255
0.213 0.319483 2.8227
0.214 0.291179 2.78898
0.215 0.258834 2.74145
0.216 0.222489 2.68021
0.217 0.1822 2.60542
0.218 0.138039 2.51729
0.219 0.090091 2.41608
0.22 0.0384541 2.30212
0.221 -0.0167579 2.17576
0.222 -0.0754179 2.03741
0.223 -0.137385 1.88755
0.224 -0.202504 1.72668
0.225 -0.270609 1.55533
0.226 -0.341518 1.37411
0.227 -0.415039 1.18364
0.228 -0.490966 0.984586
0.229 -0.569085 0.777641
0.23 -0.649169 0.563534
0.231 -0.730979 0.34302
0.232 -0.814269 0.11688
0.233 -0.898784 -0.114085
0.234 -0.984259 -0.349053
0.235 -1.07042 -0.587188
0.236 -1.157 -0.827642
0.237 -1.24371 -1.06956
0.238 -1.33026 -1.31206
0.239 -1.41635 -1.5543
0.24 -1.5017 -1.7954
0.241 -1.58601 -2.0345
0.242 -1.66898 -2.27073
0.243 -1.75031 -2.50326
0.244 -1.82971 -2.73125
0.245 -1.90689 -2.95388
0.246 -1.98154 -3.17035
0.247 -2.0534 -3.37989
0.248 -2.12217 -3.58173
0.249 -2.18758 -3.77515
0.25 -2.24937 -3.95945
0.251 -2.30728 -4.13397
0.252 -2.36106 -4.29808
0.253 -2.41048 -4.45116
0.254 -2.45531 -4.59268
0.255 -2.49534 -4.7221
0.256 -2.53036 -4.83896
0.257 -2.5602 -4.94281
0.258 -2.58468 -5.03326
0.259 -2.60365 -5.10997
0.26 -2.61699 -5.17264
0.261 -2.62455 -5.22101
0.262 -2.62626 -5.25489
0.263 -2.62202 -5.27411
0.264 -2.61178 -5.27857
0.265 -2.59548 -5.2682
0.266 -2.57312 -5.24301
0.267 -2.54468 -5.20303
0.268 -2.51018 -5.14834
0.269 -2.46967 -5.07908
0.27 -2.4232 -4.99544
0.271 -2.37085 -4.89764
0.272 -2.31273 -4.78595
0.273 -2.24895 -4.6607
0.274 -2.17967 -4.52225
0.275 -2.10503 -4.37101
0.276 -2.02522 -4.20741
0.277 -1.94043 -4.03194
0.278 -1.8509 -3.84513
0.279 -1.75685 -3.64754
0.28 -1.65854 -3.43975
0.281 -1.55623 -3.22239
0.282 -1.4502 -2.99611
0.283 -1.34077 -2.7616
0.284 -1.22823 -2.51956
0.285 -1.11291 -2.27072
0.286 -0.995148 -2.01584
0.287 -0.875285 -1.75568
0.288 -0.753675 -1.49103
0.289 -0.630677 -1.2227
0.29 -0.506659 -0.951488
0.291 -0.381992 -0.678223
0.292 -0.257051 -0.403731
0.293 -0.132211 -0.128843
0.294 -0.00785074 0.145607
0.295 0.115654 0.418789
0.296 0.237928 0.689873
0.297 0.358602 0.958039
0.298 0.477309 1.22247
0.299 0.593691 1.48237
0.3 0.707395 1.73695
0.301 0.818081 1.98544
0.302 0.925414 2.22707
0.303 1.02908 2.46113
0.304 1.12876 2.68689
0.305 1.22417 2.90368
0.306 1.31503 3.11083
0.307 1.40107 3.30772
0.308 1.48206 3.49374
0.309 1.55777 3.66834
0.31 1.62799 3.83099
0.311 1.69252 3.98118
0.312 1.75121 4.11848
0.313 1.80392 4.24246
0.314 1.8505 4.35274
0.315 1.89087 4.44901
0.316 1.92495 4.53098
0.317 1.95268 4.59839
0.318 1.97402 4.65106
0.319 1.98897 4.68883
0.32 1.99754 4.71161
0.321 1.99977 4.71934
0.322 1.99572 4.71201
0.323 1.98546 4.68967
0.324 1.96912 4.65241
0.325 1.9468 4.60036
0.326 1.91866 4.53372
0.327 1.88488 4.45273
0.328 1.84563 4.35766
0.329 1.80113 4.24885
0.33 1.75161 4.12668
0.331 1.6973 3.99157
0.332 1.63848 3.844
0.333 1.57542 3.68446
0.334 1.5084 3.51352
0.335 1.43774 3.33177
0.336 1.36375 3.13984
0.337 1.28677 2.9384
0.338 1.20712 2.72815
0.339 1.12515 2.50983
0.34 1.04122 2.28422
0.341 0.95568 2.05209
0.342 0.868901 1.81429
0.343 0.781244 1.57164
0.344 0.693077 1.32502
0.345 0.604766 1.07531
0.346 0.516677 0.823412
0.347 0.429173 0.570227
0.348 0.342613 0.316678
0.349 0.25735 0.0636896
0.35 0.173731 -0.187811
0.351 0.0920936 -0.436898
0.352 0.0127685 -0.682648
0.353 -0.0639256 -0.924146
0.354 -0.137681 -1.16049
0.355 -0.208204 -1.39078
0.356 -0.275211 -1.61415
0.357 -0.338438 -1.82974
0.358 -0.397633 -2.03673
0.359 -0.452561 -2.2343
0.36 -0.503005 -2.42169
0.361 -0.548766 -2.59815
0.362 -0.589662 -2.76297
0.363 -0.625533 -2.9155
0.364 -0.656236 -3.0551
0.365 -0.681648 -3.18119
0.366 -0.701668 -3.29324
0.367 -0.716215 -3.39075
0.368 -0.725229 -3.4733
0.369 -0.72867 -3.54049
0.37 -0.72652 -3.59201
0.371 -0.71878 -3.62757
0.372 -0.705475 -3.64697
0.373 -0.686648 -3.65005
0.374 -0.662362 -3.6367
0.375 -0.632702 -3.60691
0.376 -0.59777 -3.56068
0.377 -0.55769 -3.49812
0.378 -0.512602 -3.41937
0.379 -0.462665 -3.32464
0.38 -0.408054 -3.21421
0.381 -0.348962 -3.0884
0.382 -0.285598 -2.94762
0.383 -0.218184 -2.79231
0.384 -0.146957 -2.62299
0.385 -0.0721677 -2.44021
0.386 0.00592192 -2.2446
0.387 0.0870381 -2.03682
0.388 0.170897 -1.8176
0.389 0.257206 -1.5877
0.39 0.345664 -1.34794
0.391 0.435962 -1.09917
0.392 0.527787 -0.842272
0.393 0.62082 -0.578181
0.394 0.714737 -0.307854
0.395 0.809214 -0.0322766
0.396 0.903924 0.24754
0.397 0.998539 0.530564
0.398 1.09273 0.815748
0.399 1.18618 1.10203
0.4 1.27856 1.38834
0.401 1.36954 1.6736
0.402 1.45883 1.95675
0.403 1.54611 2.2367
0.404 1.63108 2.5124
0.405 1.71344 2.7828
0.406 1.79292 3.04686
0.407 1.86923 3.30357
0.408 1.94212 3.55194
0.409 2.01132 3.79101
0.41 2.0766 4.01985
0.411 2.13772 4.23758
0.412 2.19448 4.44334
0.413 2.24667 4.63633
0.414 2.2941 4.81577
0.415 2.3366 4.98097
0.416 2.37401 5.13126
0.417 2.40619 5.26604
0.418 2.43302 5.38476
0.419 2.45439 5.48694
0.42 2.47021 5.57216
0.421 2.4804 5.64004
0.422 2.48492 5.69031
0.423 2.48371 5.72273
0.424 2.47675 5.73714
0.425 2.46406 5.73345
0.426 2.44562 5.71163
0.427 2.42149 5.67174
0.428 2.3917 5.61388
0.429 2.35632 5.53824
0.43 2.31544 5.44506
0.431 2.26914 5.33466
0.432 2.21755 5.20743
0.433 2.1608 5.0638
0.434 2.09903 4.90428
0.435 2.0324 4.72943
0.436 1.96109 4.53988
0.437 1.88529 4.3363
0.438 1.8052 4.11943
0.439 1.72104 3.89003
0.44 1.63303 3.64894
0.441 1.54141 3.39701
0.442 1.44643 3.13515
0.443 1.34835 2.86431
0.444 1.24744 2.58545
0.445 1.14398 2.29957
0.446 1.03824 2.00769
0.447 0.930522 1.71085
0.448 0.821118 1.41011
0.449 0.710329 1.10654
0.45 0.598459 0.801196
0.451 0.485816 0.495168
0.452 0.372709 0.189524
0.453 0.259448 -0.114669
0.454 0.146344 -0.416354
0.455 0.0337068 -0.714489
0.456 -0.0781568 -1.00805
0.457 -0.188942 -1.29604
0.458 -0.298347 -1.57748
0.459 -0.406076 -1.85143
0.46 -0.511838 -2.11698
0.461 -0.615349 -2.37325
0.462 -0.716332 -2.61941
0.463 -0.814519 -2.85467
0.464 -0.90965 -3.07829
0.465 -1.00148 -3.28957
0.466 -1.08976 -3.48787
0.467 -1.17427 -3.67259
0.468 -1.2548 -3.84321
0.469 -1.33115 -3.99923
0.47 -1.40312 -4.14025
0.471 -1.47054 -4.26589
0.472 -1.53326 -4.37587
0.473 -1.59113 -4.46994
0.474 -1.64402 -4.54793
0.475 -1.69183 -4.60971
0.476 -1.73446 -4.65524
0.477 -1.77183 -4.68452
0.478 -1.80389 -4.69763
0.479 -1.83059 -4.69469
0.48 -1.85191 -4.67589
0.481 -1.86785 -4.64148
0.482 -1.8784 -4.59176
0.483 -1.88362 -4.52709
0.484 -1.88354 -4.44787
0.485 -1.87822 -4.35457
0.486 -1.86776 -4.2477
0.487 -1.85226 -4.12781
0.488 -1.83182 -3.9955
0.489 -1.80658 -3.85142
0.49 -1.7767 -3.69623
0.491 -1.74234 -3.53065
0.492 -1.70369 -3.35543
0.493 -1.66092 -3.17133
0.494 -1.61426 -2.97916
0.495 -1.56393 -2.77972
0.496 -1.51016 -2.57387
0.497 -1.4532 -2.36246
0.498 -1.3933 -2.14634
0.499 -1.33073 -1.9264
0.5 -1.26576 -1.70351
0.501 -1.19868 -1.47856
0.502 -1.12977 -1.25241
0.503 -1.05933 -1.02596
0.504 -0.987659 -0.800053
0.505 -0.915058 -0.575556
0.506 -0.841832 -0.353307
0.507 -0.768287 -0.134129
0.508 -0.694729 0.0811761
0.509 -0.621463 0.291827
0.51 -0.548792 0.497068
0.511 -0.477013 0.696174
0.512 -0.406423 0.888447
0.513 -0.33731 1.07322
0.514 -0.269956 1.24987
0.515 -0.204636 1.41781
0.516 -0.141615 1.57646
0.517 -0.0811489 1.72533
0.518 -0.0234825 1.86393
0.519 0.0311515 1.99183
0.52 0.0825327 2.10864
0.521 0.130455 2.21403
0.522 0.174725 2.30768
0.523 0.215166 2.38934
0.524 0.251617 2.45881
0.525 0.283933 2.51592
0.526 0.311986 2.56055
0.527 0.335665 2.59263
0.528 0.354878 2.61214
0.529 0.36955 2.61909
0.53 0.379625 2.61355
0.531 0.385067 2.59563
0.532 0.385856 2.56547
0.533 0.381993 2.52327
0.534 0.373498 2.46926
0.535 0.360409 2.40371
0.536 0.342782 2.32693
0.537 0.320693 2.23927
0.538 0.294235 2.14111
0.539 0.263519 2.03287
0.54 0.228671 1.91499
0.541 0.189837 1.78795
0.542 0.147177 1.65226
0.543 0.100866 1.50844
0.544 0.0510958 1.35705
0.545 -0.00193111 1.19867
0.546 -0.0579974 1.03389
0.547 -0.116874 0.86332
0.548 -0.178322 0.687601
0.549 -0.24209 0.507369
0.55 -0.307919 0.323278
0.551 -0.375544 0.135992
0.552 -0.444689 -0.0538218
0.553 -0.515076 -0.245489
0.554 -0.58642 -0.438334
0.555 -0.658434 -0.631681
0.556 -0.730828 -0.824856
0.557 -0.803311 -1.01719
0.558 -0.875592 -1.20802
0.559 -0.947383 -1.39669
0.56 -1.0184 -1.58255
0.561 -1.08835 -1.76498
0.562 -1.15696 -1.94336
0.563 -1.22395 -2.11708
0.564 -1.28907 -2.28556
0.565 -1.35205 -2.44823
0.566 -1.41265 -2.60456
0.567 -1.47062 -2.75403
0.568 -1.52573 -2.89612
0.569 -1.57777 -3.03039
0.57 -1.62654 -3.15638
0.571 -1.67184 -3.27368
0.572 -1.71349 -3.38191
0.573 -1.75133 -3.48071
0.574 -1.78522 -3.56976
0.575 -1.81501 -3.64877
0.576 -1.8406 -3.71748
0.577 -1.86188 -3.77568
0.578 -1.87878 -3.82317
0.579 -1.89121 -3.8598
0.58 -1.89914 -3.88546
0.581 -1.90252 -3.90007
0.582 -1.90134 -3.90358
0.583 -1.89561 -3.89598
0.584 -1.88534 -3.8773
0.585 -1.87055 -3.84762
0.586 -1.85131 -3.80702
0.587 -1.82768 -3.75564
0.588 -1.79974 -3.69366
0.589 -1.76758 -3.62128
0.59 -1.73131 -3.53873
0.591 -1.69106 -3.4463
0.592 -1.64697 -3.34429
0.593 -1.59918 -3.23302
0.594 -1.54786 -3.11288
0.595 -1.49318 -2.98425
0.596 -1.43532 -2.84755
0.597 -1.37447 -2.70324
0.598 -1.31083 -2.55178
0.599 -1.24461 -2.39369
0.6 -1.17603 -2.22946
0.601 -1.1053 -2.05965
0.602 -1.03265 -1.88481
0.603 -0.958308 -1.7055
0.604 -0.882503 -1.52233
0.605 -0.80547 -1.33589
0.606 -0.727443 -1.14679
0.607 -0.648656 -0.955645
0.608 -0.569341 -0.763083
0.609 -0.489732 -0.569731
0.61 -0.410055 -0.376219
0.611 -0.330538 -0.183177
0.612 -0.2514 0.00876844
0.613 -0.172857 0.198995
0.614 -0.0951194 0.386889
0.615 -0.0183907 0.571845
0.616 0.0571331 0.753269
0.617 0.131264 0.930581
0.618 0.203822 1.10322
0.619 0.274636 1.27063
0.62 0.343545 1.4323
0.621 0.410399 1.58772
0.622 0.475055 1.7364
0.623 0.537384 1.8779
0.624 0.597266 2.01179
0.625 0.654593 2.13767
0.626 0.709268 2.25518
0.627 0.761206 2.36397
0.628 0.810333 2.46376
0.629 0.856588 2.55426
0.63 0.899919 2.63526
0.631 0.940288 2.70656
0.632 0.977667 2.768
0.633 1.01204 2.81947
0.634 1.0434 2.86088
0.635 1.07176 2.89219
0.636 1.09712 2.91341
0.637 1.11952 2.92457
0.638 1.139 2.92575
0.639 1.15559 2.91707
0.64 1.16936 2.89867
0.641 1.18036 2.87075
0.642 1.18867 2.83355
0.643 1.19437 2.78732
0.644 1.19754 2.73237
0.645 1.19827 2.66903
0.646 1.19667 2.59767
0.647 1.19284 2.51868
0.648 1.18689 2.43249
0.649 1.17892 2.33956
0.65 1.16907 2.24037
0.651 1.15745 2.13541
0.652 1.14419 2.02522
0.653 1.1294 1.91033
0.654 1.11323 1.79131
0.655 1.09579 1.66873
0.656 1.07721 1.54318
0.657 1.05763 1.41525
0.658 1.03718 1.28555
0.659 1.01598 1.15468
0.66 0.994157 1.02324
0.661 0.971839 0.89186
0.662 0.949147 0.761125
0.663 0.926201 0.631637
0.664 0.903118 0.503981
0.665 0.880012 0.378735
0.666 0.856993 0.256458
0.667 0.834165 0.137695
0.668 0.811632 0.0229719
0.669 0.78949 -0.0872079
0.67 0.767831 -0.192364
0.671 0.746742 -0.292043
0.672 0.726306 -0.385817
0.673 0.706598 -0.473289
0.674 0.687692 -0.554095
0.675 0.669652 -0.627902
0.676 0.652538 -0.694411
0.677 0.636406 -0.75336
0.678 0.621303 -0.804524
0.679 0.607273 -0.847714
0.68 0.594352 -0.88278
0.681 0.582574 -0.909613
0.682 0.571963 -0.92814
0.683 0.562539 -0.938331
0.684 0.554318 -0.940194
0.685 0.547308 -0.933775
0.686 0.541513 -0.919162
0.687 0.536933 -0.896479
0.688 0.533561 -0.865889
0.689 0.531385 -0.827592
0.69 0.530389 -0.781824
0.691 0.530552 -0.728853
0.692 0.53185 -0.668983
0.693 0.534253 -0.602549
0.694 0.537728 -0.529915
0.695 0.542236 -0.451472
0.696 0.547737 -0.367639
0.697 0.554187 -0.278858
0.698 0.561538 -0.185591
0.699 0.569739 -0.0883217
0.7 0.578736 0.0124511
0.701 0.588475 0.116214
0.702 0.598895 0.222441
0.703 0.609937 0.330598
0.704 0.621538 0.440144
0.705 0.633634 0.550535
0.706 0.64616 0.661224
0.707 0.659048 0.771666
0.708 0.672232 0.881322
0.709 0.685642 0.989657
0.71 0.69921 1.09615
0.711 0.712867 1.20028
0.712 0.726543 1.30156
0.713 0.740168 1.3995
0.714 0.753675 1.49364
0.715 0.766995 1.58354
0.716 0.78006 1.66878
0.717 0.792805 1.74896
0.718 0.805163 1.82372
0.719 0.817071 1.89272
0.72 0.828467 1.95566
0.721 0.83929 2.01225
0.722 0.849482 2.06224
0.723 0.858987 2.10544
0.724 0.867751 2.14165
0.725 0.875722 2.17075
0.726 0.882851 2.19261
0.727 0.889093 2.20717
0.728 0.894405 2.21439
0.729 0.898747 2.21428
0.73 0.902081 2.20686
0.731 0.904376 2.19221
0.732 0.905601 2.17042
0.733 0.905729 2.14165
0.734 0.904739 2.10605
0.735 0.902612 2.06383
0.736 0.899332 2.01522
0.737 0.894889 1.96048
0.738 0.889274 1.8999
0.739 0.882486 1.83378
0.74 0.874523 1.76248
0.741 0.865392 1.68634
0.742 0.855099 1.60574
0.743 0.843659 1.52108
0.744 0.831086 1.43278
0.745 0.8174 1.34125
0.746 0.802626 1.24693
0.747 0.78679 1.15027
0.748 0.769924 1.05173
0.749 0.752061 0.951742
0.75 0.733239 0.85078
0.751 0.713498 0.749299
0.752 0.692882 0.647751
0.753 0.671436 0.546585
0.754 0.64921 0.446244
0.755 0.626254 0.34716
0.756 0.602622 0.249753
0.757 0.578369 0.15443
0.758 0.55355 0.0615828
0.759 0.528225 -0.0284152
0.76 0.502452 -0.115209
0.761 0.476292 -0.198465
0.762 0.449804 -0.277871
0.763 0.423051 -0.353139
0.764 0.396092 -0.424005
0.765 0.368988 -0.490233
0.766 0.3418 -0.551612
0.767 0.314586 -0.607959
0.768 0.287404 -0.65912
0.769 0.260311 -0.70497
0.77 0.233362 -0.745411
0.771 0.206609 -0.780377
0.772 0.180104 -0.809831
0.773 0.153893 -0.833764
0.774 0.128023 -0.852196
0.775 0.102535 -0.865178
0.776 0.077469 -0.872786
0.777 0.05286 -0.875126
0.778 0.0287402 -0.872329
0.779 0.00513768 -0.864553
0.78 -0.0179232 -0.851978
0.781 -0.0404224 -0.83481
0.782 -0.0623436 -0.813276
0.783 -0.0836753 -0.787624
0.784 -0.10441 -0.758122
0.785 -0.124544 -0.725053
0.786 -0.14408 -0.688719
0.787 -0.163022 -0.649435
0.788 -0.18138 -0.60753
0.789 -0.199169 -0.563341
0.79 -0.216407 -0.517217
0.791 -0.233115 -0.469513
0.792 -0.249321 -0.420589
0.793 -0.265053 -0.370808
0.794 -0.280346 -0.320537
0.795 -0.295236 -0.27014
0.796 -0.309761 -0.21998
0.797 -0.323966 -0.170416
0.798 -0.337894 -0.121803
0.799 -0.351593 -0.0744849
0.8 -0.365111 -0.0288002
0.801 -0.3785 0.0149249
0.802 -0.39181 0.0563761
0.803 -0.405094 0.0952525
0.804 -0.418404 0.131268
0.805 -0.431794 0.164154
0.806 -0.445316 0.193656
0.807 -0.459022 0.219543
0.808 -0.472961 0.241598
0.809 -0.487183 0.259629
0.81 -0.501735 0.273463
0.811 -0.516661 0.282947
0.812 -0.532004 0.287955
0.813 -0.547801 0.288379
0.814 -0.564087 0.284137
0.815 -0.580896 0.27517
0.816 -0.598252 0.261442
0.817 -0.616179 0.242941
0.818 -0.634695 0.219677
0.819 -0.653813 0.191685
0.82 -0.673541 0.159023
0.821 -0.69388 0.12177
0.822 -0.714826 0.0800276
0.823 -0.736371 0.0339195
0.824 -0.758499 -0.0164102
0.825 -0.781188 -0.0707975
0.826 -0.804412 -0.129059
0.827 -0.828136 -0.190993
0.828 -0.852321 -0.256381
0.829 -0.876922 -0.324987
0.83 -0.901886 -0.396562
0.831 -0.927156 -0.470839
0.832 -0.952669 -0.547542
0.833 -0.978357 -0.626382
0.834 -1.00415 -0.707058
0.835 -1.02996 -0.789262
0.836 -1.05571 -0.872678
0.837 -1.08131 -0.956981
0.838 -1.10668 -1.04184
0.839 -1.13171 -1.12693
0.84 -1.1563 -1.21192
0.841 -1.18037 -1.29645
0.842 -1.2038 -1.38021
0.843 -1.2265 -1.46285
0.844 -1.24835 -1.54405
0.845 -1.26925 -1.62347
0.846 -1.2891 -1.70079
0.847 -1.30779 -1.7757
0.848 -1.32521 -1.84788
0.849 -1.34127 -1.91704
0.85 -1.35587 -1.98289
0.851 -1.36891 -2.04514
0.852 -1.38029 -2.10353
0.853 -1.38993 -2.1578
0.854 -1.39774 -2.20771
0.855 -1.40364 -2.25304
0.856 -1.40757 -2.29357
0.857 -1.40944 -2.3291
0.858 -1.40921 -2.35947
0.859 -1.40681 -2.3845
0.86 -1.40221 -2.40405
0.861 -1.39536 -2.418
0.862 -1.38623 -2.42624
0.863 -1.3748 -2.42869
0.864 -1.36106 -2.42527
0.865 -1.34501 -2.41595
0.866 -1.32665 -2.40069
0.867 -1.30599 -2.37948
0.868 -1.28306 -2.35234
0.869 -1.2579 -2.3193
0.87 -1.23055 -2.28042
0.871 -1.20106 -2.23577
0.872 -1.1695 -2.18545
0.873 -1.13593 -2.12956
0.874 -1.10045 -2.06824
0.875 -1.06313 -2.00165
0.876 -1.02408 -1.92995
0.877 -0.983403 -1.85334
0.878 -0.941218 -1.77202
0.879 -0.897645 -1.68623
0.88 -0.852815 -1.59619
0.881 -0.806863 -1.50217
0.882 -0.759931 -1.40444
0.883 -0.712167 -1.3033
0.884 -0.663723 -1.19904
0.885 -0.614756 -1.09197
0.886 -0.565425 -0.98243
0.887 -0.515894 -0.870751
0.888 -0.466328 -0.757282
0.889 -0.416893 -0.642382
0.89 -0.367755 -0.526414
0.891 -0.319083 -0.409752
0.892 -0.271042 -0.292772
0.893 -0.223797 -0.175858
0.894 -0.177509 -0.059395
0.895 -0.132339 0.0562289
0.896 -0.0884411 0.170625
0.897 -0.0459664 0.283405
0.898 -0.00506028 0.394183
0.899 0.0341377 0.502575
0.9 0.0714947 0.608202
0.901 0.106885 0.710691
0.902 0.140191 0.809677
0.903 0.171304 0.904801
0.904 0.200123 0.995717
0.905 0.226558 1.08209
0.906 0.250528 1.16359
0.907 0.271962 1.23991
0.908 0.290802 1.31076
0.909 0.306999 1.37586
0.91 0.320515 1.43495
0.911 0.331327 1.48778
0.912 0.339419 1.53413
0.913 0.34479 1.57381
0.914 0.347451 1.60664
0.915 0.347424 1.63245
0.916 0.344743 1.65113
0.917 0.339454 1.66256
0.918 0.331615 1.66666
0.919 0.321295 1.66338
0.92 0.308575 1.6527
0.921 0.293547 1.63461
0.922 0.276311 1.60915
0.923 0.256981 1.57637
0.924 0.235678 1.53635
0.925 0.212534 1.48923
0.926 0.187687 1.43513
0.927 0.161287 1.37424
0.928 0.133488 1.30676
0.929 0.104452 1.23291
0.93 0.0743487 1.15295
0.931 0.0433507 1.06718
0.932 0.0116369 0.975899
0.933 -0.0206104 0.879452
0.934 -0.0532053 0.778201
0.935 -0.0859601 0.672533
0.936 -0.118685 0.562859
0.937 -0.151189 0.449612
0.938 -0.183283 0.333243
0.939 -0.214776 0.214225
0.94 -0.245481 0.0930454
0.941 -0.275212 -0.0297918
0.942 -0.303786 -0.153769
0.943 -0.331026 -0.278356
0.944 -0.356757 -0.403015
0.945 -0.380811 -0.527197
0.946 -0.403026 -0.65035
0.947 -0.423247 -0.771917
0.948 -0.441326 -0.891339
0.949 -0.457124 -1.00806
0.95 -0.470509 -1.12153
0.951 -0.48136 -1.23119
0.952 -0.489565 -1.33651
0.953 -0.495023 -1.43696
0.954 -0.497641 -1.53201
0.955 -0.497341 -1.62118
0.956 -0.494053 -1.70396
0.957 -0.487722 -1.77989
0.958 -0.478301 -1.84854
0.959 -0.465757 -1.90947
0.96 -0.450071 -1.96231
0.961 -0.431234 -2.00667
0.962 -0.409249 -2.04222
0.963 -0.384134 -2.06866
0.964 -0.355917 -2.08572
0.965 -0.324639 -2.09317
0.966 -0.290353 -2.09079
0.967 -0.253124 -2.07844
0.968 -0.213029 -2.05599
0.969 -0.170155 -2.02336
0.97 -0.124603 -1.9805
0.971 -0.0764818 -1.92742
0.972 -0.0259114 -1.86416
0.973 0.0269781 -1.79081
0.974 0.0820472 -1.7075
0.975 0.139148 -1.6144
0.976 0.198123 -1.51172
0.977 0.258808 -1.39971
0.978 0.321032 -1.27869
0.979 0.384617 -1.14898
0.98 0.449378 -1.01098
0.981 0.515126 -0.865081
0.982 0.581667 -0.711759
0.983 0.648802 -0.551499
0.984 0.716331 -0.384828
0.985 0.784049 -0.212306
0.986 0.851751 -0.0345202
0.987 0.91923 0.14791
0.988 0.986279 0.334342
0.989 1.05269 0.524109
0.99 1.11826 0.716521
0.991 1.18278 0.910873
0.992 1.24605 1.10644
0.993 1.30787 1.30249
0.994 1.36805 1.49829
0.995 1.42639 1.69306
0.996 1.48271 1.88608
0.997 1.53683 2.07657
0.998 1.58857 2.26379
0.999 1.63777 2.44699
1 1.68426 2.62543
