0.001 3.41905e-008 2.51674e-009
0.002 3.11255e-007 2.02162e-008
0.003 1.46711e-006 8.39166e-008
0.004 4.85911e-006 2.4636e-007
0.005 1.28568e-005 5.84709e-007
0.006 2.91228e-005 1.20474e-006
0.007 5.88809e-005 2.24717e-006
0.008 0.000109169 3.89652e-006
0.009 0.000189076 6.39298e-006
0.01 0.000309956 1.00475e-005
0.011 0.000485625 1.52606e-005
0.012 0.000732528 2.25448e-005
0.013 0.00106989 3.25517e-005
0.014 0.00151982 4.61027e-005
0.015 0.00210743 6.42246e-005
0.016 0.00286085 8.81896e-005
0.017 0.0038113 0.000119559
0.018 0.00499305 0.000160235
0.019 0.00644341 0.000212508
0.02 0.00820265 0.00027912
0.021 0.0103139 0.000363323
0.022 0.012823 0.000468946
0.023 0.0157784 0.000600459
0.024 0.0192308 0.00076305
0.025 0.0232331 0.000962694
0.026 0.0278401 0.00120623
0.027 0.0331081 0.00150145
0.028 0.0390945 0.00185713
0.029 0.045858 0.0022832
0.03 0.0534575 0.00279071
0.031 0.0619522 0.00339199
0.032 0.0714008 0.00410068
0.033 0.0818616 0.00493184
0.034 0.0933916 0.00590195
0.035 0.106046 0.00702905
0.036 0.119878 0.00833274
0.037 0.134939 0.00983427
0.038 0.151277 0.0115565
0.039 0.168934 0.0135242
0.04 0.187952 0.0157636
0.041 0.208367 0.0183028
0.042 0.230209 0.0211718
0.043 0.253503 0.0244022
0.044 0.278268 0.0280273
0.045 0.304519 0.0320822
0.046 0.332262 0.0366037
0.047 0.361496 0.0416302
0.048 0.392213 0.0472016
0.049 0.424398 0.0533591
0.05 0.458027 0.0601456
0.051 0.493069 0.0676051
0.052 0.529483 0.0757825
0.053 0.56722 0.084724
0.054 0.606224 0.0944763
0.055 0.646427 0.105087
0.056 0.687754 0.116604
0.057 0.730121 0.129075
0.058 0.773436 0.142549
0.059 0.817597 0.157074
0.06 0.862493 0.172696
0.061 0.908007 0.189463
0.062 0.954013 0.20742
0.063 1.00038 0.226611
0.064 1.04695 0.24708
0.065 1.0936 0.268868
0.066 1.14016 0.292012
0.067 1.18647 0.31655
0.068 1.23237 0.342514
0.069 1.27768 0.369935
0.07 1.32223 0.398839
0.071 1.36585 0.429249
0.072 1.40834 0.461184
0.073 1.44954 0.494658
0.074 1.48925 0.52968
0.075 1.52728 0.566256
0.076 1.56347 0.604383
0.077 1.59762 0.644055
0.078 1.62955 0.685259
0.079 1.65909 0.727977
0.08 1.68606 0.772183
0.081 1.7103 0.817845
0.082 1.73164 0.864923
0.083 1.74993 0.913373
0.084 1.76502 0.963139
0.085 1.77678 1.01416
0.086 1.78506 1.06637
0.087 1.78977 1.1197
0.088 1.79078 1.17405
0.089 1.788 1.22934
0.09 1.78135 1.28546
0.091 1.77075 1.34232
0.092 1.75616 1.3998
0.093 1.73752 1.45777
0.094 1.71483 1.51611
0.095 1.68805 1.57468
0.096 1.65721 1.63334
0.097 1.62231 1.69194
0.098 1.58341 1.75033
0.099 1.54055 1.80833
0.1 1.49381 1.86579
0.101 1.44328 1.92253
0.102 1.38907 1.97838
0.103 1.3313 2.03315
0.104 1.27011 2.08666
0.105 1.20566 2.13871
0.106 1.13813 2.18913
0.107 1.06771 2.23772
0.108 0.994604 2.28427
0.109 0.919031 2.3286
0.11 0.84123 2.37052
0.111 0.76145 2.40982
0.112 0.679954 2.44631
0.113 0.597018 2.47981
0.114 0.512925 2.51013
0.115 0.427974 2.53707
0.116 0.342467 2.56047
0.117 0.25672 2.58015
0.118 0.171051 2.59595
0.119 0.0857849 2.60769
0.12 0.00125217 2.61522
0.121 -0.0822151 2.61841
0.122 -0.164283 2.61712
0.123 -0.244617 2.61121
0.124 -0.322884 2.60058
0.125 -0.398755 2.58513
0.126 -0.471902 2.56475
0.127 -0.542005 2.53938
0.128 -0.608751 2.50895
0.129 -0.671835 2.4734
0.13 -0.73096 2.43271
0.131 -0.785845 2.38684
0.132 -0.836216 2.3358
0.133 -0.881818 2.2796
0.134 -0.922408 2.21826
0.135 -0.957762 2.15182
0.136 -0.987673 2.08035
0.137 -1.01195 2.00393
0.138 -1.03043 1.92264
0.139 -1.04297 1.83661
0.14 -1.04944 1.74596
0.141 -1.04973 1.65084
0.142 -1.04378 1.55142
0.143 -1.03153 1.44787
0.144 -1.01296 1.3404
0.145 -0.988052 1.22922
0.146 -0.956843 1.11456
0.147 -0.919381 0.996675
0.148 -0.875744 0.87582
0.149 -0.826038 0.752275
0.15 -0.770392 0.62633
0.151 -0.708966 0.49829
0.152 -0.641944 0.368471
0.153 -0.569535 0.2372
0.154 -0.491976 0.104817
0.155 -0.409528 -0.0283294
0.156 -0.322475 -0.161883
0.157 -0.231126 -0.295479
0.158 -0.135812 -0.428746
0.159 -0.0368849 -0.561309
0.16 0.065283 -0.692785
0.161 0.1703 -0.822794
0.162 0.277757 -0.950948
0.163 0.387229 -1.07686
0.164 0.498276 -1.20016
0.165 0.610444 -1.32045
0.166 0.723269 -1.43736
0.167 0.836277 -1.55051
0.168 0.948985 -1.65955
0.169 1.06091 -1.76411
0.17 1.17155 -1.86385
0.171 1.28042 -1.95842
0.172 1.38702 -2.0475
0.173 1.49086 -2.13078
0.174 1.59145 -2.20797
0.175 1.68832 -2.27878
0.176 1.78097 -2.34294
0.177 1.86897 -2.40021
0.178 1.95184 -2.45037
0.179 2.02915 -2.49321
0.18 2.10049 -2.52854
0.181 2.16544 -2.55621
0.182 2.22363 -2.57607
0.183 2.27469 -2.58801
0.184 2.31829 -2.59195
0.185 2.3541 -2.58781
0.186 2.38186 -2.57557
0.187 2.40129 -2.55521
0.188 2.41217 -2.52674
0.189 2.4143 -2.49023
0.19 2.40752 -2.44572
0.191 2.3917 -2.39333
0.192 2.36673 -2.33319
0.193 2.33255 -2.26544
0.194 2.28914 -2.19027
0.195 2.23651 -2.10788
0.196 2.17469 -2.01853
0.197 2.10377 -1.92245
0.198 2.02387 -1.81995
0.199 1.93514 -1.71134
0.2 1.83778 -1.59695
0.201 1.73201 -1.47714
0.202 1.61809 -1.35229
0.203 1.49633 -1.22281
0.204 1.36706 -1.08911
0.205 1.23063 -0.951645
0.206 1.08745 -0.810863
0.207 0.937948 -0.667239
0.208 0.78258 -0.521262
0.209 0.621831 -0.373431
0.21 0.456214 -0.224257
0.211 0.286265 -0.0742607
0.212 0.112542 0.0760305
0.213 -0.0643756 0.226083
0.214 -0.243889 0.37536
0.215 -0.425384 0.523323
0.216 -0.608233 0.669431
0.217 -0.791796 0.813149
0.218 -0.975423 0.953942
0.219 -1.15846 1.09128
0.22 -1.34025 1.22465
0.221 -1.52012 1.35354
0.222 -1.69742 1.47744
0.223 -1.87149 1.59588
0.224 -2.04169 1.70838
0.225 -2.20736 1.81449
0.226 -2.36788 1.91377
0.227 -2.52263 2.00582
0.228 -2.67102 2.09023
0.229 -2.81246 2.16665
0.23 -2.94639 2.23472
0.231 -3.07229 2.29414
0.232 -3.18964 2.34462
0.233 -3.29797 2.38589
0.234 -3.39683 2.41773
0.235 -3.48579 2.43994
0.236 -3.56449 2.45236
0.237 -3.63257 2.45486
0.238 -3.68974 2.44734
0.239 -3.73572 2.42974
0.24 -3.77028 2.40203
0.241 -3.79326 2.36422
0.242 -3.80449 2.31636
0.243 -3.8039 2.25852
0.244 -3.79143 2.19082
0.245 -3.76706 2.1134
0.246 -3.73086 2.02647
0.247 -3.68288 1.93023
0.248 -3.62328 1.82494
0.249 -3.55223 1.71089
0.25 -3.46995 1.58841
0.251 -3.3767 1.45784
0.252 -3.2728 1.31956
0.253 -3.1586 1.174
0.254 -3.03451 1.02158
0.255 -2.90094 0.862791
0.256 -2.75839 0.698108
0.257 -2.60736 0.528053
0.258 -2.44841 0.353162
0.259 -2.28211 0.173995
0.26 -2.10908 -0.00887373
0.261 -1.92996 -0.194852
0.262 -1.74542 -0.383335
0.263 -1.55617 -0.573704
0.264 -1.3629 -0.765333
0.265 -1.16637 -0.957586
0.266 -0.967323 -1.14982
0.267 -0.766523 -1.34141
0.268 -0.564748 -1.53169
0.269 -0.362783 -1.72003
0.27 -0.161413 -1.90579
0.271 0.03857 -2.08834
0.272 0.23638 -2.26706
0.273 0.431235 -2.44134
0.274 0.622361 -2.61058
0.275 0.808995 -2.7742
0.276 0.990388 -2.93163
0.277 1.16581 -3.08233
0.278 1.33455 -3.22578
0.279 1.49592 -3.36148
0.28 1.64927 -3.48896
0.281 1.79395 -3.60776
0.282 1.92938 -3.71749
0.283 2.05498 -3.81774
0.284 2.17023 -3.90818
0.285 2.27464 -3.98847
0.286 2.36775 -4.05834
0.287 2.44917 -4.11754
0.288 2.51854 -4.16586
0.289 2.57554 -4.20312
0.29 2.61991 -4.2292
0.291 2.65143 -4.244
0.292 2.66994 -4.24746
0.293 2.67532 -4.23957
0.294 2.66751 -4.22036
0.295 2.64652 -4.1899
0.296 2.61237 -4.14828
0.297 2.56517 -4.09566
0.298 2.50507 -4.03221
0.299 2.43227 -3.95817
0.3 2.34703 -3.87379
0.301 2.24966 -3.77938
0.302 2.14051 -3.67526
0.303 2.01998 -3.56181
0.304 1.88854 -3.43942
0.305 1.74667 -3.30853
0.306 1.59493 -3.1696
0.307 1.4339 -3.02313
0.308 1.2642 -2.86963
0.309 1.0865 -2.70964
0.31 0.901497 -2.54374
0.311 0.709918 -2.37251
0.312 0.512526 -2.19655
0.313 0.310108 -2.01648
0.314 0.103474 -1.83294
0.315 -0.106544 -1.64658
0.316 -0.319098 -1.45805
0.317 -0.533326 -1.268
0.318 -0.748355 -1.07712
0.319 -0.963305 -0.886052
0.32 -1.17729 -0.695473
0.321 -1.38944 -0.506043
0.322 -1.59886 -0.318417
0.323 -1.80469 -0.133242
0.324 -2.00605 0.0488486
0.325 -2.20212 0.227232
0.326 -2.39205 0.401302
0.327 -2.57505 0.570472
0.328 -2.75032 0.734175
0.329 -2.91711 0.891868
0.33 -3.0747 1.04303
0.331 -3.22239 1.18717
0.332 -3.35954 1.32383
0.333 -3.48553 1.45257
0.334 -3.5998 1.57299
0.335 -3.7018 1.68472
0.336 -3.79107 1.78743
0.337 -3.86717 1.88083
0.338 -3.92973 1.96466
0.339 -3.97843 2.0387
0.34 -4.01298 2.10276
0.341 -4.03318 2.15671
0.342 -4.03886 2.20044
0.343 -4.02993 2.2339
0.344 -4.00634 2.25707
0.345 -3.96811 2.26997
0.346 -3.91532 2.27266
0.347 -3.84809 2.26524
0.348 -3.76663 2.24787
0.349 -3.67117 2.22071
0.35 -3.56203 2.184
0.351 -3.43957 2.13799
0.352 -3.30421 2.08298
0.353 -3.15642 2.01929
0.354 -2.99671 1.94729
0.355 -2.82566 1.86739
0.356 -2.6439 1.78
0.357 -2.45208 1.68558
0.358 -2.2509 1.58462
0.359 -2.04112 1.47762
0.36 -1.82352 1.36512
0.361 -1.59891 1.24767
0.362 -1.36814 1.12583
0.363 -1.13209 1.0002
0.364 -0.891644 0.871379
0.365 -0.647729 0.739972
0.366 -0.401277 0.606601
0.367 -0.153234 0.471893
0.368 0.0954444 0.336477
0.369 0.343797 0.200984
0.37 0.590863 0.0660415
0.371 0.835684 -0.0677254
0.372 1.07731 -0.1997
0.373 1.31479 -0.329274
0.374 1.54721 -0.455851
0.375 1.77365 -0.578851
0.376 1.99323 -0.69771
0.377 2.20509 -0.811881
0.378 2.4084 -0.920842
0.379 2.60235 -1.02409
0.38 2.7862 -1.12116
0.381 2.9592 -1.21159
0.382 3.12069 -1.29498
0.383 3.27002 -1.37093
0.384 3.40661 -1.4391
0.385 3.52993 -1.49916
0.386 3.63949 -1.55084
0.387 3.73486 -1.59388
0.388 3.81568 -1.62808
0.389 3.88162 -1.65328
0.39 3.93243 -1.66933
0.391 3.96794 -1.67616
0.392 3.98799 -1.67371
0.393 3.99254 -1.66198
0.394 3.98157 -1.64099
0.395 3.95515 -1.61083
0.396 3.91341 -1.5716
0.397 3.85652 -1.52346
0.398 3.78475 -1.46659
0.399 3.69839 -1.40124
0.4 3.59784 -1.32766
0.401 3.4835 -1.24616
0.402 3.35588 -1.15708
0.403 3.21553 -1.06079
0.404 3.06303 -0.957701
0.405 2.89904 -0.848238
0.406 2.72426 -0.732867
0.407 2.53942 -0.612078
0.408 2.34533 -0.486382
0.409 2.14281 -0.356316
0.41 1.93271 -0.222434
0.411 1.71595 -0.0853097
0.412 1.49344 0.0544701
0.413 1.26613 0.196305
0.414 1.03501 0.339586
0.415 0.801069 0.483694
0.416 0.565304 0.628009
0.417 0.328737 0.771906
0.418 0.092388 0.914762
0.419 -0.142719 1.05596
0.42 -0.375564 1.19488
0.421 -0.605133 1.33092
0.422 -0.830426 1.4635
0.423 -1.05046 1.59202
0.424 -1.26426 1.71592
0.425 -1.47088 1.83467
0.426 -1.66942 1.94774
0.427 -1.85899 2.05463
0.428 -2.03874 2.15487
0.429 -2.20786 2.24802
0.43 -2.36558 2.33365
0.431 -2.51119 2.41139
0.432 -2.644 2.48089
0.433 -2.7634 2.54184
0.434 -2.86883 2.59395
0.435 -2.95977 2.63699
0.436 -3.03577 2.67076
0.437 -3.09644 2.69511
0.438 -3.14147 2.7099
0.439 -3.17058 2.71507
0.44 -3.18359 2.71058
0.441 -3.18036 2.69643
0.442 -3.16084 2.67268
0.443 -3.12503 2.63943
0.444 -3.07301 2.59679
0.445 -3.00493 2.54496
0.446 -2.92099 2.48414
0.447 -2.82149 2.4146
0.448 -2.70675 2.33664
0.449 -2.57721 2.25057
0.45 -2.43332 2.15679
0.451 -2.27564 2.0557
0.452 -2.10474 1.94773
0.453 -1.9213 1.83336
0.454 -1.72601 1.71309
0.455 -1.51965 1.58746
0.456 -1.30302 1.45702
0.457 -1.07697 1.32235
0.458 -0.842415 1.18405
0.459 -0.600285 1.04274
0.46 -0.351557 0.899068
0.461 -0.0972366 0.753671
0.462 0.161643 0.607212
0.463 0.424025 0.46036
0.464 0.688833 0.313787
0.465 0.954978 0.168167
0.466 1.22136 0.0241747
0.467 1.48687 -0.11752
0.468 1.7504 -0.256253
0.469 2.01085 -0.391372
0.47 2.26713 -0.522234
0.471 2.51814 -0.648214
0.472 2.76283 -0.768703
0.473 3.00015 -0.883114
0.474 3.22908 -0.990883
0.475 3.44863 -1.09147
0.476 3.65785 -1.18437
0.477 3.85582 -1.2691
0.478 4.04167 -1.34522
0.479 4.21457 -1.4123
0.48 4.37374 -1.46999
0.481 4.51847 -1.51795
0.482 4.64808 -1.55587
0.483 4.76195 -1.58351
0.484 4.85955 -1.60066
0.485 4.94039 -1.60715
0.486 5.00406 -1.60287
0.487 5.0502 -1.58773
0.488 5.07853 -1.56171
0.489 5.08886 -1.52484
0.49 5.08104 -1.47718
0.491 5.05502 -1.41884
0.492 5.0108 -1.35
0.493 4.94848 -1.27085
0.494 4.86822 -1.18165
0.495 4.77024 -1.0827
0.496 4.65486 -0.974359
0.497 4.52246 -0.857001
0.498 4.37348 -0.731061
0.499 4.20845 -0.597009
0.5 4.02795 -0.455356
0.501 3.83263 -0.306647
0.502 3.6232 -0.151464
0.503 3.40044 0.00958001
0.504 3.16517 0.17584
0.505 2.91829 0.346646
0.506 2.66071 0.521299
0.507 2.39343 0.699082
0.508 2.11746 0.879255
0.509 1.83387 1.06106
0.51 1.54374 1.24374
0.511 1.24821 1.4265
0.512 0.948424 1.60856
0.513 0.645556 1.78913
0.514 0.340792 1.96742
0.515 0.035333 2.14263
0.516 -0.269616 2.31399
0.517 -0.572847 2.48072
0.518 -0.873157 2.64205
0.519 -1.16935 2.79724
0.52 -1.46024 2.94556
0.521 -1.74466 3.0863
0.522 -2.02148 3.21878
0.523 -2.28957 3.34234
0.524 -2.54785 3.45636
0.525 -2.79528 3.56024
0.526 -3.03085 3.65343
0.527 -3.2536 3.73541
0.528 -3.46263 3.8057
0.529 -3.65706 3.86387
0.53 -3.83611 3.90953
0.531 -3.99902 3.94233
0.532 -4.14513 3.96199
0.533 -4.27381 3.96825
0.534 -4.38454 3.96091
0.535 -4.47683 3.93985
0.536 -4.55029 3.90497
0.537 -4.60459 3.85623
0.538 -4.6395 3.79366
0.539 -4.65484 3.71732
0.54 -4.65052 3.62736
0.541 -4.62655 3.52394
0.542 -4.58298 3.40731
0.543 -4.51997 3.27776
0.544 -4.43774 3.13564
0.545 -4.33662 2.98133
0.546 -4.21698 2.81528
0.547 -4.07929 2.63798
0.548 -3.92409 2.44998
0.549 -3.75198 2.25186
0.55 -3.56365 2.04425
0.551 -3.35985 1.82783
0.552 -3.14138 1.60329
0.553 -2.90914 1.37138
0.554 -2.66404 1.13289
0.555 -2.40708 0.888616
0.556 -2.1393 0.639397
0.557 -1.86179 0.386093
0.558 -1.57567 0.129583
0.559 -1.28212 -0.129233
0.56 -0.982336 -0.389445
0.561 -0.677547 -0.650129
0.562 -0.369008 -0.910354
0.563 -0.057994 -1.16919
0.564 0.254209 -1.4257
0.565 0.566306 -1.67896
0.566 0.876998 -1.92804
0.567 1.18499 -2.17203
0.568 1.48898 -2.41004
0.569 1.78771 -2.64119
0.57 2.07991 -2.86462
0.571 2.36434 -3.0795
0.572 2.63979 -3.28503
0.573 2.90509 -3.48043
0.574 3.1591 -3.66498
0.575 3.40073 -3.83797
0.576 3.62891 -3.99875
0.577 3.84266 -4.14669
0.578 4.04103 -4.28124
0.579 4.22313 -4.40188
0.58 4.38816 -4.50813
0.581 4.53534 -4.59957
0.582 4.66401 -4.67586
0.583 4.77354 -4.73667
0.584 4.86341 -4.78176
0.585 4.93315 -4.81095
0.586 4.98238 -4.8241
0.587 5.01081 -4.82114
0.588 5.01823 -4.80206
0.589 5.00451 -4.76692
0.59 4.9696 -4.71582
0.591 4.91354 -4.64894
0.592 4.83645 -4.56651
0.593 4.73856 -4.46883
0.594 4.62014 -4.35625
0.595 4.48159 -4.22918
0.596 4.32336 -4.08808
0.597 4.14599 -3.93347
0.598 3.9501 -3.76592
0.599 3.73639 -3.58606
0.6 3.50562 -3.39455
0.601 3.25863 -3.19212
0.602 2.99634 -2.97953
0.603 2.7197 -2.75756
0.604 2.42975 -2.52706
0.605 2.12758 -2.2889
0.606 1.81432 -2.04399
0.607 1.49117 -1.79325
0.608 1.15934 -1.53763
0.609 0.820101 -1.27811
0.61 0.47476 -1.01568
0.611 0.12464 -0.751336
0.612 -0.22891 -0.486099
0.613 -0.584524 -0.220983
0.614 -0.940822 0.0429956
0.615 -1.29642 0.304821
0.616 -1.64994 0.563484
0.617 -1.99999 0.817988
0.618 -2.3452 1.06735
0.619 -2.68423 1.3106
0.62 -3.01574 1.54681
0.621 -3.33843 1.77504
0.622 -3.65101 1.99443
0.623 -3.95226 2.2041
0.624 -4.24098 2.40325
0.625 -4.51603 2.59109
0.626 -4.7763 2.76689
0.627 -5.02077 2.92995
0.628 -5.24845 3.07964
0.629 -5.45843 3.21537
0.63 -5.64986 3.33659
0.631 -5.82198 3.44282
0.632 -5.97409 3.53363
0.633 -6.10556 3.60867
0.634 -6.21585 3.66762
0.635 -6.30451 3.71023
0.636 -6.37117 3.73633
0.637 -6.41555 3.7458
0.638 -6.43744 3.73858
0.639 -6.43674 3.71469
0.64 -6.41343 3.67419
0.641 -6.36758 3.61723
0.642 -6.29934 3.544
0.643 -6.20898 3.45478
0.644 -6.09682 3.3499
0.645 -5.96329 3.22972
0.646 -5.80889 3.09472
0.647 -5.63423 2.94539
0.648 -5.43996 2.78229
0.649 -5.22685 2.60603
0.65 -4.99572 2.41729
0.651 -4.74747 2.21677
0.652 -4.48307 2.00524
0.653 -4.20355 1.78349
0.654 -3.91 1.55238
0.655 -3.60357 1.31278
0.656 -3.28547 1.0656
0.657 -2.95695 0.81179
0.658 -2.6193 0.552314
0.659 -2.27385 0.288165
0.66 -1.92195 0.0203497
0.661 -1.56501 -0.250106
0.662 -1.20442 -0.522169
0.663 -0.841607 -0.794799
0.664 -0.47801 -1.06695
0.665 -0.115065 -1.33759
0.666 0.245794 -1.60567
0.667 0.603139 -1.87016
0.668 0.955555 -2.13007
0.669 1.30165 -2.38439
0.67 1.64004 -2.63215
0.671 1.96941 -2.8724
0.672 2.28843 -3.10422
0.673 2.59585 -3.32674
0.674 2.89045 -3.53908
0.675 3.17107 -3.74046
0.676 3.43658 -3.93009
0.677 3.68595 -4.10726
0.678 3.91819 -4.2713
0.679 4.13238 -4.42157
0.68 4.32768 -4.55751
0.681 4.50331 -4.67861
0.682 4.65859 -4.78442
0.683 4.79291 -4.87452
0.684 4.90575 -4.94859
0.685 4.99667 -5.00636
0.686 5.06532 -5.04761
0.687 5.11144 -5.07219
0.688 5.13487 -5.08003
0.689 5.13552 -5.07111
0.69 5.11342 -5.04547
0.691 5.06868 -5.00323
0.692 5.00149 -4.94457
0.693 4.91214 -4.86972
0.694 4.80102 -4.77898
0.695 4.6686 -4.67273
0.696 4.51542 -4.55137
0.697 4.34214 -4.4154
0.698 4.14947 -4.26535
0.699 3.93822 -4.10181
0.7 3.70926 -3.92542
0.701 3.46355 -3.73687
0.702 3.20209 -3.53689
0.703 2.92598 -3.32628
0.704 2.63635 -3.10584
0.705 2.33441 -2.87643
0.706 2.0214 -2.63895
0.707 1.69862 -2.3943
0.708 1.3674 -2.14344
0.709 1.02913 -1.88733
0.71 0.685182 -1.62695
0.711 0.336999 -1.3633
0.712 -0.0139813 -1.0974
0.713 -0.366304 -0.830256
0.714 -0.718506 -0.562884
0.715 -1.06913 -0.296302
0.716 -1.41671 -0.0315184
0.717 -1.75981 0.230467
0.718 -2.09699 0.48867
0.719 -2.42686 0.742122
0.72 -2.74803 0.989878
0.721 -3.05916 1.23102
0.722 -3.35895 1.46465
0.723 -3.64613 1.68992
0.724 -3.91952 1.90601
0.725 -4.17793 2.11212
0.726 -4.4203 2.30753
0.727 -4.64558 2.49153
0.728 -4.85282 2.66349
0.729 -5.04112 2.8228
0.73 -5.20969 2.96892
0.731 -5.35777 3.10137
0.732 -5.48473 3.21971
0.733 -5.59 3.32358
0.734 -5.67311 3.41265
0.735 -5.73365 3.48669
0.736 -5.77135 3.5455
0.737 -5.78599 3.58895
0.738 -5.77746 3.61698
0.739 -5.74575 3.6296
0.74 -5.69094 3.62686
0.741 -5.61319 3.6089
0.742 -5.51277 3.57591
0.743 -5.39003 3.52812
0.744 -5.24543 3.46587
0.745 -5.0795 3.3895
0.746 -4.89286 3.29946
0.747 -4.68621 3.19622
0.748 -4.46036 3.08032
0.749 -4.21617 2.95235
0.75 -3.95457 2.81294
0.751 -3.67658 2.66277
0.752 -3.38329 2.50258
0.753 -3.07584 2.33311
0.754 -2.75543 2.15517
0.755 -2.42332 1.96961
0.756 -2.0808 1.77727
0.757 -1.72923 1.57906
0.758 -1.37 1.37588
0.759 -1.00451 1.16867
0.76 -0.634218 0.95838
0.761 -0.26058 0.745958
0.762 0.114924 0.532373
0.763 0.490807 0.318593
0.764 0.86558 0.105585
0.765 1.23776 -0.105692
0.766 1.60586 -0.314284
0.767 1.96843 -0.519253
0.768 2.32403 -0.719676
0.769 2.67124 -0.914652
0.77 3.00869 -1.10331
0.771 3.33503 -1.28479
0.772 3.64898 -1.45828
0.773 3.94928 -1.62301
0.774 4.23474 -1.77822
0.775 4.50423 -1.92322
0.776 4.75668 -2.05735
0.777 4.9911 -2.18
0.778 5.20655 -2.29061
0.779 5.40218 -2.38868
0.78 5.57723 -2.47374
0.781 5.731 -2.5454
0.782 5.8629 -2.60332
0.783 5.97241 -2.64722
0.784 6.05911 -2.67688
0.785 6.12266 -2.69214
0.786 6.16284 -2.6929
0.787 6.1795 -2.67912
0.788 6.17259 -2.65084
0.789 6.14216 -2.60814
0.79 6.08837 -2.55118
0.791 6.01144 -2.48016
0.792 5.91172 -2.39537
0.793 5.78962 -2.29713
0.794 5.64568 -2.18583
0.795 5.48049 -2.06193
0.796 5.29475 -1.92591
0.797 5.08923 -1.77835
0.798 4.86481 -1.61984
0.799 4.6224 -1.45103
0.8 4.36303 -1.27263
0.801 4.08776 -1.08536
0.802 3.79775 -0.890016
0.803 3.4942 -0.687402
0.804 3.17837 -0.478367
0.805 2.85156 -0.263785
0.806 2.51514 -0.0445583
0.807 2.17051 0.178393
0.808 1.81908 0.404129
0.809 1.46233 0.631697
0.81 1.10172 0.860135
0.811 0.738761 1.08847
0.812 0.374955 1.31574
0.813 0.0118123 1.54097
0.814 -0.349157 1.76321
0.815 -0.706452 1.9815
0.816 -1.05859 2.1949
0.817 -1.4041 2.4025
0.818 -1.74154 2.60341
0.819 -2.06951 2.79675
0.82 -2.38665 2.98168
0.821 -2.69161 3.15741
0.822 -2.98314 3.32315
0.823 -3.26 3.47819
0.824 -3.52103 3.62184
0.825 -3.76514 3.75345
0.826 -3.9913 3.87244
0.827 -4.19856 3.97827
0.828 -4.38602 4.07044
0.829 -4.55291 4.14854
0.83 -4.69849 4.2122
0.831 -4.82215 4.26108
0.832 -4.92335 4.29496
0.833 -5.00164 4.31363
0.834 -5.05666 4.31698
0.835 -5.08818 4.30493
0.836 -5.09601 4.27749
0.837 -5.08011 4.23473
0.838 -5.04051 4.17677
0.839 -4.97734 4.1038
0.84 -4.89082 4.01609
0.841 -4.7813 3.91394
0.842 -4.64918 3.79775
0.843 -4.49498 3.66793
0.844 -4.31931 3.525
0.845 -4.12286 3.3695
0.846 -3.90641 3.20203
0.847 -3.67084 3.02325
0.848 -3.41707 2.83387
0.849 -3.14614 2.63463
0.85 -2.85914 2.42633
0.851 -2.55722 2.2098
0.852 -2.24161 1.98591
0.853 -1.91358 1.75555
0.854 -1.57448 1.51966
0.855 -1.22569 1.2792
0.856 -0.868614 1.03514
0.857 -0.504728 0.78847
0.858 -0.135517 0.540204
0.859 0.237505 0.291356
0.86 0.612808 0.042949
0.861 0.988846 -0.203995
0.862 1.36407 -0.448458
0.863 1.73694 -0.689427
0.864 2.1059 -0.925903
0.865 2.46943 -1.1569
0.866 2.82601 -1.38146
0.867 3.17418 -1.59864
0.868 3.51247 -1.80752
0.869 3.83947 -2.00723
0.87 4.15381 -2.19692
0.871 4.45417 -2.37579
0.872 4.73928 -2.54307
0.873 5.00793 -2.69805
0.874 5.25898 -2.84005
0.875 5.49137 -2.96847
0.876 5.70408 -3.08273
0.877 5.89619 -3.18233
0.878 6.06687 -3.26682
0.879 6.21537 -3.33582
0.88 6.34101 -3.389
0.881 6.44322 -3.4261
0.882 6.52151 -3.44693
0.883 6.57551 -3.45136
0.884 6.60493 -3.43932
0.885 6.60957 -3.41084
0.886 6.58935 -3.36597
0.887 6.54427 -3.30487
0.888 6.47444 -3.22773
0.889 6.38008 -3.13485
0.89 6.2615 -3.02654
0.891 6.1191 -2.90324
0.892 5.95338 -2.76539
0.893 5.76495 -2.61353
0.894 5.55448 -2.44824
0.895 5.32278 -2.27018
0.896 5.07069 -2.08005
0.897 4.79917 -1.87859
0.898 4.50924 -1.6666
0.899 4.20202 -1.44493
0.9 3.87867 -1.21448
0.901 3.54043 -0.976161
0.902 3.18862 -0.730945
0.903 2.82458 -0.479824
0.904 2.44973 -0.223822
0.905 2.06551 0.0360164
0.906 1.67343 0.298625
0.907 1.27501 0.562923
0.908 0.871802 0.827819
0.909 0.465381 1.09221
0.91 0.0573363 1.35501
0.911 -0.350734 1.61511
0.912 -0.75723 1.87141
0.913 -1.16056 2.12285
0.914 -1.55914 2.36835
0.915 -1.95139 2.60687
0.916 -2.33579 2.83739
0.917 -2.71082 3.05892
0.918 -3.075 3.27049
0.919 -3.42689 3.47118
0.92 -3.76512 3.66011
0.921 -4.08835 3.83644
0.922 -4.3953 3.99936
0.923 -4.68476 4.14815
0.924 -4.9556 4.2821
0.925 -5.20675 4.40059
0.926 -5.43722 4.50303
0.927 -5.64611 4.58892
0.928 -5.83258 4.65781
0.929 -5.99592 4.70931
0.93 -6.13548 4.74311
0.931 -6.25071 4.75896
0.932 -6.34117 4.75668
0.933 -6.40651 4.73615
0.934 -6.44649 4.69736
0.935 -6.46095 4.64033
0.936 -6.44985 4.56517
0.937 -6.41325 4.47206
0.938 -6.35131 4.36125
0.939 -6.26429 4.23305
0.94 -6.15255 4.08787
0.941 -6.01657 3.92615
0.942 -5.85689 3.74842
0.943 -5.67417 3.55526
0.944 -5.46916 3.34733
0.945 -5.24269 3.12533
0.946 -4.9957 2.89002
0.947 -4.72919 2.64223
0.948 -4.44424 2.38283
0.949 -4.14202 2.11272
0.95 -3.82376 1.83289
0.951 -3.49075 1.54431
0.952 -3.14435 1.24804
0.953 -2.78597 0.945144
0.954 -2.41707 0.636719
0.955 -2.03915 0.32389
0.956 -1.65376 0.00779874
0.957 -1.26245 -0.310397
0.958 -0.866829 -0.629528
0.959 -0.468509 -0.94842
0.96 -0.0691128 -1.2659
0.961 0.329729 -1.58078
0.962 0.726387 -1.89192
0.963 1.11924 -2.19814
0.964 1.50668 -2.49832
0.965 1.88713 -2.79133
0.966 2.25902 -3.07609
0.967 2.62084 -3.35155
0.968 2.97109 -3.61666
0.969 3.30833 -3.87044
0.97 3.63119 -4.11195
0.971 3.93832 -4.34028
0.972 4.22846 -4.55458
0.973 4.5004 -4.75406
0.974 4.75303 -4.93797
0.975 4.98528 -5.10562
0.976 5.1962 -5.2564
0.977 5.38488 -5.38974
0.978 5.55054 -5.50515
0.979 5.69248 -5.60221
0.98 5.81007 -5.68056
0.981 5.90282 -5.73991
0.982 5.97031 -5.78006
0.983 6.01223 -5.80088
0.984 6.02836 -5.80228
0.985 6.01861 -5.7843
0.986 5.98298 -5.747
0.987 5.92156 -5.69055
0.988 5.83457 -5.61519
0.989 5.72231 -5.52121
0.99 5.58519 -5.40899
0.991 5.42373 -5.27898
0.992 5.23853 -5.13169
0.993 5.0303 -4.9677
0.994 4.79983 -4.78767
0.995 4.54802 -4.59228
0.996 4.27584 -4.38231
0.997 3.98434 -4.15857
0.998 3.67466 -3.92194
0.999 3.348 -3.67335
1 3.00564 -3.41375
