0.001 3.40932e-008 2.50601e-009
0.002 3.10479e-007 2.013e-008
0.003 1.46392e-006 8.35586e-008
0.004 4.84988e-006 2.45309e-007
0.005 1.28353e-005 5.8222e-007
0.006 2.90795e-005 1.19963e-006
0.007 5.88024e-005 2.23769e-006
0.008 0.000109038 3.88023e-006
0.009 0.000188869 6.36654e-006
0.01 0.000309646 1.00065e-005
0.011 0.000485177 1.51993e-005
0.012 0.000731905 2.24561e-005
0.013 0.00106904 3.24264e-005
0.014 0.00151871 4.59295e-005
0.015 0.00210599 6.39896e-005
0.016 0.00285902 8.78759e-005
0.017 0.00380901 0.000119147
0.018 0.00499023 0.000159698
0.019 0.00644 0.000211818
0.02 0.00819856 0.000278244
0.021 0.0103091 0.000362219
0.022 0.0128173 0.000467567
0.023 0.0157718 0.000598751
0.024 0.0192232 0.000760949
0.025 0.0232244 0.000960128
0.026 0.0278303 0.00120312
0.027 0.033097 0.00149769
0.028 0.0390822 0.00185263
0.029 0.0458444 0.00227782
0.03 0.0534425 0.00278432
0.031 0.0619358 0.00338445
0.032 0.071383 0.00409182
0.033 0.0818424 0.00492146
0.034 0.0933709 0.00588985
0.035 0.106024 0.00701501
0.036 0.119855 0.00831651
0.037 0.134915 0.00981558
0.038 0.151251 0.0115351
0.039 0.168907 0.0134997
0.04 0.187925 0.0157357
0.041 0.208339 0.0182711
0.042 0.23018 0.0211359
0.043 0.253473 0.0243617
0.044 0.278239 0.0279817
0.045 0.30449 0.0320311
0.046 0.332233 0.0365466
0.047 0.361467 0.0415665
0.048 0.392186 0.0471307
0.049 0.424372 0.0532805
0.05 0.458003 0.0600587
0.051 0.493047 0.0675091
0.052 0.529463 0.0756769
0.053 0.567204 0.084608
0.054 0.606211 0.0943493
0.055 0.646417 0.104948
0.056 0.687749 0.116453
0.057 0.730121 0.128911
0.058 0.773441 0.142371
0.059 0.817607 0.15688
0.06 0.86251 0.172487
0.061 0.908031 0.189237
0.062 0.954043 0.207177
0.063 1.00041 0.226351
0.064 1.047 0.246801
0.065 1.09365 0.268569
0.066 1.14022 0.291693
0.067 1.18654 0.316209
0.068 1.23244 0.342152
0.069 1.27777 0.36955
0.07 1.32233 0.398431
0.071 1.36595 0.428818
0.072 1.40846 0.460729
0.073 1.44966 0.494179
0.074 1.48938 0.529176
0.075 1.52743 0.565727
0.076 1.56362 0.603828
0.077 1.59778 0.643475
0.078 1.62972 0.684654
0.079 1.65926 0.727346
0.08 1.68624 0.771526
0.081 1.71048 0.817163
0.082 1.73183 0.864216
0.083 1.75012 0.912641
0.084 1.76522 0.962383
0.085 1.77697 1.01338
0.086 1.78526 1.06557
0.087 1.78996 1.11887
0.088 1.79097 1.1732
0.089 1.78819 1.22847
0.09 1.78153 1.28458
0.091 1.77093 1.34143
0.092 1.75632 1.39889
0.093 1.73768 1.45685
0.094 1.71497 1.51518
0.095 1.68818 1.57374
0.096 1.65732 1.63239
0.097 1.6224 1.69099
0.098 1.58348 1.74937
0.099 1.5406 1.80737
0.1 1.49383 1.86483
0.101 1.44327 1.92158
0.102 1.38903 1.97744
0.103 1.33123 2.03222
0.104 1.27 2.08574
0.105 1.20552 2.13782
0.106 1.13795 2.18826
0.107 1.06749 2.23687
0.108 0.994334 2.28345
0.109 0.918716 2.32782
0.11 0.840868 2.36977
0.111 0.761039 2.40911
0.112 0.679492 2.44565
0.113 0.596503 2.47919
0.114 0.512357 2.50956
0.115 0.427351 2.53656
0.116 0.341789 2.56002
0.117 0.255984 2.57976
0.118 0.170258 2.59562
0.119 0.0849345 2.60743
0.12 0.000344017 2.61503
0.121 -0.083181 2.6183
0.122 -0.165306 2.61708
0.123 -0.245697 2.61126
0.124 -0.32402 2.60071
0.125 -0.399946 2.58535
0.126 -0.473146 2.56506
0.127 -0.543302 2.53978
0.128 -0.610097 2.50944
0.129 -0.673228 2.47399
0.13 -0.732399 2.43339
0.131 -0.787325 2.38762
0.132 -0.837736 2.33668
0.133 -0.883373 2.28058
0.134 -0.923995 2.21934
0.135 -0.959377 2.153
0.136 -0.989311 2.08163
0.137 -1.01361 2.0053
0.138 -1.0321 1.92412
0.139 -1.04465 1.83818
0.14 -1.05112 1.74763
0.141 -1.05141 1.6526
0.142 -1.04546 1.55327
0.143 -1.03319 1.44981
0.144 -1.01459 1.34243
0.145 -0.989663 1.23133
0.146 -0.95842 1.11675
0.147 -0.920918 0.99894
0.148 -0.877235 0.878156
0.149 -0.827475 0.754676
0.15 -0.771769 0.628792
0.151 -0.710275 0.500806
0.152 -0.643178 0.371036
0.153 -0.570688 0.239809
0.154 -0.493041 0.107463
0.155 -0.410497 -0.0256528
0.156 -0.323343 -0.159183
0.157 -0.231885 -0.292762
0.158 -0.136456 -0.42602
0.159 -0.0374077 -0.55858
0.16 0.0648873 -0.690062
0.161 0.170037 -0.820083
0.162 0.277633 -0.948258
0.163 0.387248 -1.0742
0.164 0.498443 -1.19753
0.165 0.610764 -1.31787
0.166 0.723745 -1.43483
0.167 0.836913 -1.54805
0.168 0.949785 -1.65715
0.169 1.06187 -1.76179
0.17 1.17268 -1.86161
0.171 1.28172 -1.95627
0.172 1.38849 -2.04546
0.173 1.49251 -2.12885
0.174 1.59327 -2.20614
0.175 1.69031 -2.27707
0.176 1.78313 -2.34136
0.177 1.87129 -2.39877
0.178 1.95433 -2.44907
0.179 2.03181 -2.49205
0.18 2.1033 -2.52753
0.181 2.16841 -2.55535
0.182 2.22675 -2.57536
0.183 2.27795 -2.58747
0.184 2.32169 -2.59157
0.185 2.35764 -2.5876
0.186 2.38552 -2.57552
0.187 2.40506 -2.55533
0.188 2.41605 -2.52704
0.189 2.41828 -2.4907
0.19 2.41159 -2.44637
0.191 2.39585 -2.39415
0.192 2.37095 -2.33417
0.193 2.33683 -2.26659
0.194 2.29347 -2.19158
0.195 2.24086 -2.10936
0.196 2.17907 -2.02016
0.197 2.10816 -1.92424
0.198 2.02826 -1.82189
0.199 1.93951 -1.71342
0.2 1.84212 -1.59916
0.201 1.73631 -1.47948
0.202 1.62234 -1.35475
0.203 1.50051 -1.22538
0.204 1.37115 -1.09179
0.205 1.23463 -0.954423
0.206 1.09134 -0.813727
0.207 0.941719 -0.67018
0.208 0.786218 -0.524269
0.209 0.625323 -0.376493
0.21 0.459547 -0.227364
0.211 0.289428 -0.0774003
0.212 0.115523 0.0728696
0.213 -0.0615865 0.222913
0.214 -0.241303 0.372193
0.215 -0.423011 0.52017
0.216 -0.606082 0.666306
0.217 -0.789875 0.810063
0.218 -0.973741 0.950908
0.219 -1.15702 1.08831
0.22 -1.33906 1.22176
0.221 -1.51919 1.35073
0.222 -1.69676 1.47474
0.223 -1.8711 1.59329
0.224 -2.04156 1.70591
0.225 -2.2075 1.81216
0.226 -2.3683 1.91159
0.227 -2.52332 2.0038
0.228 -2.67198 2.08838
0.229 -2.81369 2.16497
0.23 -2.9479 2.23324
0.231 -3.07406 2.29285
0.232 -3.19167 2.34353
0.233 -3.30026 2.38502
0.234 -3.39936 2.41708
0.235 -3.48857 2.43952
0.236 -3.56749 2.45217
0.237 -3.6358 2.4549
0.238 -3.69318 2.44762
0.239 -3.73936 2.43027
0.24 -3.77411 2.4028
0.241 -3.79726 2.36524
0.242 -3.80867 2.31762
0.243 -3.80822 2.26003
0.244 -3.79588 2.19258
0.245 -3.77164 2.11541
0.246 -3.73553 2.02872
0.247 -3.68765 1.93272
0.248 -3.62811 1.82766
0.249 -3.55711 1.71384
0.25 -3.47486 1.59158
0.251 -3.38163 1.46123
0.252 -3.27773 1.32316
0.253 -3.16351 1.1778
0.254 -3.03937 1.02557
0.255 -2.90575 0.866959
0.256 -2.76312 0.702446
0.257 -2.612 0.532548
0.258 -2.45293 0.357803
0.259 -2.2865 0.178769
0.26 -2.11332 -0.0039808
0.261 -1.93403 -0.189854
0.262 -1.74931 -0.378246
0.263 -1.55986 -0.568539
0.264 -1.36638 -0.760107
0.265 -1.16962 -0.952315
0.266 -0.970331 -1.14452
0.267 -0.769277 -1.33609
0.268 -0.567235 -1.52638
0.269 -0.364991 -1.71474
0.27 -0.163333 -1.90054
0.271 0.0369479 -2.08314
0.272 0.235064 -2.26193
0.273 0.430232 -2.43629
0.274 0.621676 -2.60564
0.275 0.808633 -2.76937
0.276 0.990352 -2.92694
0.277 1.1661 -3.07779
0.278 1.33517 -3.22141
0.279 1.49688 -3.35729
0.28 1.65055 -3.48496
0.281 1.79556 -3.60397
0.282 1.9313 -3.71392
0.283 2.05722 -3.81441
0.284 2.17278 -3.90508
0.285 2.27748 -3.98563
0.286 2.37089 -4.05577
0.287 2.45259 -4.11525
0.288 2.52222 -4.16385
0.289 2.57948 -4.20141
0.29 2.62409 -4.22779
0.291 2.65583 -4.24289
0.292 2.67455 -4.24666
0.293 2.68012 -4.23909
0.294 2.67249 -4.2202
0.295 2.65165 -4.19005
0.296 2.61764 -4.14876
0.297 2.57056 -4.09646
0.298 2.51056 -4.03333
0.299 2.43783 -3.95961
0.3 2.35265 -3.87555
0.301 2.2553 -3.78145
0.302 2.14616 -3.67764
0.303 2.02562 -3.56448
0.304 1.89414 -3.44239
0.305 1.75222 -3.31179
0.306 1.60039 -3.17314
0.307 1.43925 -3.02694
0.308 1.26943 -2.8737
0.309 1.09158 -2.71396
0.31 0.906404 -2.5483
0.311 0.714633 -2.37729
0.312 0.517029 -2.20154
0.313 0.314379 -2.02167
0.314 0.107495 -1.83832
0.315 -0.102792 -1.65212
0.316 -0.315632 -1.46374
0.317 -0.530162 -1.27384
0.318 -0.745508 -1.08307
0.319 -0.960789 -0.892111
0.32 -1.17512 -0.701621
0.321 -1.38762 -0.512264
0.322 -1.59741 -0.324693
0.323 -1.80361 -0.139556
0.324 -2.00536 0.0425126
0.325 -2.20181 0.220891
0.326 -2.39214 0.394973
0.327 -2.57552 0.564171
0.328 -2.75119 0.727919
0.329 -2.91838 0.885673
0.33 -3.07636 1.03691
0.331 -3.22445 1.18114
0.332 -3.36199 1.31791
0.333 -3.48836 1.44677
0.334 -3.60299 1.56732
0.335 -3.70536 1.6792
0.336 -3.79498 1.78207
0.337 -3.87143 1.87565
0.338 -3.93431 1.95966
0.339 -3.98332 2.03389
0.34 -4.01817 2.09815
0.341 -4.03864 2.15231
0.342 -4.04459 2.19627
0.343 -4.0359 2.22995
0.344 -4.01253 2.25336
0.345 -3.9745 2.26649
0.346 -3.92188 2.26942
0.347 -3.85481 2.26225
0.348 -3.77348 2.24513
0.349 -3.67813 2.21822
0.35 -3.56907 2.18176
0.351 -3.44666 2.136
0.352 -3.31133 2.08124
0.353 -3.16354 2.0178
0.354 -3.00381 1.94605
0.355 -2.83272 1.86639
0.356 -2.65088 1.77924
0.357 -2.45896 1.68505
0.358 -2.25767 1.58432
0.359 -2.04774 1.47754
0.36 -1.82997 1.36526
0.361 -1.60517 1.24801
0.362 -1.37418 1.12637
0.363 -1.13789 1.00093
0.364 -0.897188 0.872288
0.365 -0.652995 0.74105
0.366 -0.406248 0.607838
0.367 -0.157892 0.473277
0.368 0.0911143 0.337999
0.369 0.33981 0.202631
0.37 0.587232 0.0678024
0.371 0.832419 -0.0658623
0.372 1.07442 -0.197746
0.373 1.31229 -0.327242
0.374 1.5451 -0.453753
0.375 1.77194 -0.576699
0.376 1.99192 -0.695514
0.377 2.20418 -0.809654
0.378 2.40789 -0.918596
0.379 2.60224 -1.02184
0.38 2.78648 -1.11891
0.381 2.95988 -1.20935
0.382 3.12175 -1.29276
0.383 3.27146 -1.36875
0.384 3.40842 -1.43696
0.385 3.53209 -1.49707
0.386 3.64198 -1.54881
0.387 3.73768 -1.59192
0.388 3.8188 -1.6262
0.389 3.88503 -1.65148
0.39 3.93612 -1.66762
0.391 3.97187 -1.67454
0.392 3.99215 -1.67219
0.393 3.9969 -1.66056
0.394 3.98612 -1.63969
0.395 3.95986 -1.60963
0.396 3.91824 -1.57052
0.397 3.86146 -1.52249
0.398 3.78976 -1.46574
0.399 3.70346 -1.4005
0.4 3.60292 -1.32704
0.401 3.48858 -1.24565
0.402 3.36093 -1.15669
0.403 3.22052 -1.06051
0.404 3.06793 -0.957527
0.405 2.90383 -0.84817
0.406 2.7289 -0.732902
0.407 2.5439 -0.612211
0.408 2.34961 -0.486609
0.409 2.14687 -0.356632
0.41 1.93653 -0.222835
0.411 1.7195 -0.0857886
0.412 1.4967 0.0539184
0.413 1.26909 0.195687
0.414 1.03764 0.338907
0.415 0.803353 0.482961
0.416 0.567226 0.627228
0.417 0.330281 0.771084
0.418 0.0935411 0.913905
0.419 -0.141968 1.05507
0.42 -0.375225 1.19397
0.421 -0.605215 1.33
0.422 -0.830934 1.46256
0.423 -1.05139 1.59108
0.424 -1.26563 1.71499
0.425 -1.47269 1.83375
0.426 -1.67166 1.94683
0.427 -1.86165 2.05374
0.428 -2.04182 2.154
0.429 -2.21135 2.24718
0.43 -2.36948 2.33284
0.431 -2.51548 2.41062
0.432 -2.64867 2.48015
0.433 -2.76843 2.54114
0.434 -2.8742 2.59329
0.435 -2.96546 2.63638
0.436 -3.04177 2.6702
0.437 -3.10273 2.69458
0.438 -3.14801 2.70942
0.439 -3.17735 2.71463
0.44 -3.19056 2.71018
0.441 -3.18751 2.69608
0.442 -3.16814 2.67237
0.443 -3.13244 2.63915
0.444 -3.08051 2.59655
0.445 -3.01248 2.54474
0.446 -2.92857 2.48395
0.447 -2.82905 2.41443
0.448 -2.71427 2.33648
0.449 -2.58465 2.25043
0.45 -2.44065 2.15665
0.451 -2.28282 2.05555
0.452 -2.11175 1.94757
0.453 -1.92809 1.83319
0.454 -1.73256 1.7129
0.455 -1.52592 1.58724
0.456 -1.30898 1.45676
0.457 -1.08259 1.32205
0.458 -0.847671 1.18371
0.459 -0.605146 1.04235
0.46 -0.355997 0.89861
0.461 -0.101231 0.753146
0.462 0.158118 0.606613
0.463 0.420991 0.459681
0.464 0.68631 0.313021
0.465 0.952984 0.16731
0.466 1.21991 0.023222
0.467 1.48598 -0.118573
0.468 1.75008 -0.257412
0.469 2.01111 -0.392639
0.47 2.26798 -0.523612
0.471 2.51958 -0.649705
0.472 2.76487 -0.77031
0.473 3.00278 -0.884837
0.474 3.2323 -0.992723
0.475 3.45243 -1.09343
0.476 3.66223 -1.18644
0.477 3.86077 -1.27129
0.478 4.04718 -1.34751
0.479 4.22062 -1.41471
0.48 4.38032 -1.4725
0.481 4.52556 -1.52055
0.482 4.65565 -1.55857
0.483 4.76998 -1.58629
0.484 4.86802 -1.60352
0.485 4.94927 -1.61008
0.486 5.01331 -1.60586
0.487 5.05979 -1.59077
0.488 5.08844 -1.56479
0.489 5.09905 -1.52795
0.49 5.09147 -1.48031
0.491 5.06565 -1.42198
0.492 5.0216 -1.35312
0.493 4.9594 -1.27395
0.494 4.87922 -1.18471
0.495 4.78129 -1.08572
0.496 4.66591 -0.977306
0.497 4.53347 -0.859866
0.498 4.38441 -0.733828
0.499 4.21925 -0.599663
0.5 4.03858 -0.45788
0.501 3.84305 -0.309025
0.502 3.63338 -0.153679
0.503 3.41033 0.00754262
0.504 3.17473 0.173997
0.505 2.92748 0.345013
0.506 2.6695 0.519893
0.507 2.40177 0.697917
0.508 2.12533 0.878347
0.509 1.84122 1.06043
0.51 1.55056 1.24338
0.511 1.25446 1.42644
0.512 0.954079 1.60882
0.513 0.650591 1.78971
0.514 0.345185 1.96833
0.515 0.0390645 2.14389
0.516 -0.266563 2.3156
0.517 -0.570488 2.48269
0.518 -0.871502 2.64439
0.519 -1.16841 2.79996
0.52 -1.46002 2.94866
0.521 -1.74516 3.08978
0.522 -2.0227 3.22264
0.523 -2.29151 3.34659
0.524 -2.55051 3.461
0.525 -2.79865 3.56526
0.526 -3.03491 3.65884
0.527 -3.25834 3.7412
0.528 -3.46803 3.81186
0.529 -3.6631 3.8704
0.53 -3.84277 3.91642
0.531 -4.00627 3.94957
0.532 -4.15294 3.96956
0.533 -4.28216 3.97614
0.534 -4.39338 3.96912
0.535 -4.48614 3.94835
0.536 -4.56002 3.91375
0.537 -4.61471 3.86527
0.538 -4.64996 3.80294
0.539 -4.6656 3.72683
0.54 -4.66154 3.63707
0.541 -4.63777 3.53383
0.542 -4.59436 3.41736
0.543 -4.53146 3.28794
0.544 -4.4493 3.14592
0.545 -4.34818 2.99169
0.546 -4.2285 2.8257
0.547 -4.09072 2.64843
0.548 -3.93538 2.46043
0.549 -3.76307 2.26229
0.55 -3.5745 2.05463
0.551 -3.3704 1.83811
0.552 -3.15159 1.61347
0.553 -2.91895 1.38142
0.554 -2.67342 1.14276
0.555 -2.41597 0.898291
0.556 -2.14767 0.648849
0.557 -1.86958 0.395294
0.558 -1.58286 0.138507
0.559 -1.28866 -0.120614
0.56 -0.988185 -0.381155
0.561 -0.682678 -0.642193
0.562 -0.37339 -0.902797
0.563 -0.0615991 -1.16203
0.564 0.251406 -1.41897
0.565 0.564327 -1.67267
0.566 0.875862 -1.92221
0.567 1.18471 -2.16668
0.568 1.48958 -2.40519
0.569 1.78918 -2.63685
0.57 2.08227 -2.86081
0.571 2.36759 -3.07623
0.572 2.64393 -3.28231
0.573 2.91011 -3.47827
0.574 3.16499 -3.66338
0.575 3.40748 -3.83694
0.576 3.63651 -3.99829
0.577 3.85108 -4.14681
0.578 4.05026 -4.28193
0.579 4.23314 -4.40313
0.58 4.39892 -4.50995
0.581 4.54682 -4.60195
0.582 4.67617 -4.67879
0.583 4.78635 -4.74014
0.584 4.87682 -4.78576
0.585 4.94712 -4.81547
0.586 4.99687 -4.82911
0.587 5.02577 -4.82664
0.588 5.03361 -4.80802
0.589 5.02025 -4.77332
0.59 4.98565 -4.72264
0.591 4.92985 -4.65616
0.592 4.85296 -4.57411
0.593 4.75521 -4.47678
0.594 4.63688 -4.36451
0.595 4.49835 -4.23773
0.596 4.34008 -4.09689
0.597 4.16261 -3.9425
0.598 3.96657 -3.77515
0.599 3.75264 -3.59546
0.6 3.52159 -3.40409
0.601 3.27427 -3.20175
0.602 3.01158 -2.98922
0.603 2.73449 -2.76728
0.604 2.44404 -2.53678
0.605 2.14131 -2.29858
0.606 1.82744 -2.0536
0.607 1.50363 -1.80275
0.608 1.17109 -1.54699
0.609 0.831109 -1.28729
0.61 0.484977 -1.02465
0.611 0.134026 -0.760076
0.612 -0.220391 -0.494569
0.613 -0.576904 -0.229153
0.614 -0.934132 0.0351551
0.615 -1.29069 0.297337
0.616 -1.64518 0.556385
0.617 -1.99623 0.811298
0.618 -2.34245 1.06109
0.619 -2.68251 1.3048
0.62 -3.01504 1.54148
0.621 -3.33876 1.77022
0.622 -3.65238 1.99011
0.623 -3.95466 2.20031
0.624 -4.2444 2.4
0.625 -4.52045 2.5884
0.626 -4.78172 2.76476
0.627 -5.02716 2.9284
0.628 -5.25579 3.07866
0.629 -5.46669 3.21497
0.63 -5.65902 3.33677
0.631 -5.83199 3.44358
0.632 -5.98491 3.53498
0.633 -6.11716 3.61059
0.634 -6.22818 3.6701
0.635 -6.31753 3.71327
0.636 -6.38483 3.73992
0.637 -6.42979 3.74992
0.638 -6.45221 3.74322
0.639 -6.45198 3.71982
0.64 -6.42908 3.67981
0.641 -6.38359 3.62331
0.642 -6.31565 3.55053
0.643 -6.22551 3.46172
0.644 -6.11352 3.35722
0.645 -5.98009 3.23742
0.646 -5.82573 3.10275
0.647 -5.65104 2.95373
0.648 -5.45669 2.7909
0.649 -5.24342 2.61489
0.65 -5.01207 2.42636
0.651 -4.76354 2.22603
0.652 -4.49879 2.01464
0.653 -4.21886 1.79302
0.654 -3.92485 1.56198
0.655 -3.61791 1.32243
0.656 -3.29924 1.07526
0.657 -2.97009 0.821429
0.658 -2.63176 0.561896
0.659 -2.28558 0.297654
0.66 -1.93292 0.0297136
0.661 -1.57517 -0.240902
0.662 -1.21373 -0.513156
0.663 -0.850044 -0.786009
0.664 -0.485537 -1.05842
0.665 -0.121655 -1.32934
0.666 0.240164 -1.59773
0.667 0.598487 -1.86257
0.668 0.951897 -2.12285
0.669 1.29899 -2.37756
0.67 1.6384 -2.62574
0.671 1.96878 -2.86643
0.672 2.28881 -3.09871
0.673 2.59724 -3.3217
0.674 2.89284 -3.53454
0.675 3.17443 -3.73643
0.676 3.44092 -3.92659
0.677 3.69123 -4.1043
0.678 3.92438 -4.26888
0.679 4.13946 -4.4197
0.68 4.3356 -4.55621
0.681 4.51205 -4.67787
0.682 4.6681 -4.78424
0.683 4.80315 -4.87491
0.684 4.91667 -4.94954
0.685 5.00822 -5.00787
0.686 5.07745 -5.04967
0.687 5.12409 -5.0748
0.688 5.14798 -5.08318
0.689 5.14905 -5.07478
0.69 5.12729 -5.04965
0.691 5.08283 -5.00791
0.692 5.01585 -4.94972
0.693 4.92666 -4.87534
0.694 4.81563 -4.78504
0.695 4.68322 -4.67921
0.696 4.53 -4.55825
0.697 4.3566 -4.42266
0.698 4.16376 -4.27296
0.699 3.95226 -4.10975
0.7 3.72299 -3.93366
0.701 3.4769 -3.74538
0.702 3.21501 -3.54566
0.703 2.9384 -3.33526
0.704 2.64822 -3.11501
0.705 2.34566 -2.88577
0.706 2.03199 -2.64842
0.707 1.70849 -2.40388
0.708 1.37652 -2.1531
0.709 1.03743 -1.89703
0.71 0.692632 -1.63668
0.711 0.343559 -1.37303
0.712 -0.00834529 -1.10709
0.713 -0.361623 -0.839885
0.714 -0.714808 -0.572428
0.715 -1.06643 -0.305736
0.716 -1.41504 -0.0408183
0.717 -1.75918 0.221324
0.718 -2.09741 0.479706
0.719 -2.42833 0.733358
0.72 -2.75056 0.981333
0.721 -3.06274 1.22271
0.722 -3.36358 1.4566
0.723 -3.6518 1.68214
0.724 -3.9262 1.89851
0.725 -4.18562 2.10492
0.726 -4.42896 2.30063
0.727 -4.65518 2.48495
0.728 -4.86334 2.65723
0.729 -5.05252 2.81687
0.73 -5.22192 2.96333
0.731 -5.3708 3.09611
0.732 -5.4985 3.21479
0.733 -5.60447 3.31899
0.734 -5.68821 3.40841
0.735 -5.74935 3.48277
0.736 -5.78757 3.54191
0.737 -5.80268 3.58568
0.738 -5.79455 3.61403
0.739 -5.76318 3.62695
0.74 -5.70864 3.62451
0.741 -5.63109 3.60683
0.742 -5.53081 3.57411
0.743 -5.40814 3.52658
0.744 -5.26353 3.46457
0.745 -5.09752 3.38843
0.746 -4.91074 3.2986
0.747 -4.70388 3.19556
0.748 -4.47775 3.07984
0.749 -4.23321 2.95202
0.75 -3.97119 2.81275
0.751 -3.69273 2.66271
0.752 -3.3989 2.50261
0.753 -3.09084 2.33323
0.754 -2.76977 2.15536
0.755 -2.43694 1.96984
0.756 -2.09366 1.77754
0.757 -1.74127 1.57933
0.758 -1.38117 1.37615
0.759 -1.01478 1.16892
0.76 -0.64354 0.958585
0.761 -0.268922 0.746107
0.762 0.107593 0.532451
0.763 0.484513 0.318586
0.764 0.860345 0.105478
0.765 1.2336 -0.105909
0.766 1.60279 -0.314623
0.767 1.96646 -0.519723
0.768 2.32316 -0.720287
0.769 2.67148 -0.915411
0.77 3.01003 -1.10422
0.771 3.33746 -1.28586
0.772 3.65248 -1.45952
0.773 3.95383 -1.62441
0.774 4.24033 -1.77979
0.775 4.51082 -1.92495
0.776 4.76425 -2.05925
0.777 4.9996 -2.18206
0.778 5.21594 -2.29282
0.779 5.41243 -2.39103
0.78 5.58828 -2.47623
0.781 5.74281 -2.54803
0.782 5.8754 -2.60607
0.783 5.98555 -2.65008
0.784 6.07282 -2.67984
0.785 6.13689 -2.69518
0.786 6.17752 -2.69601
0.787 6.19456 -2.68229
0.788 6.18796 -2.65405
0.789 6.15778 -2.61137
0.79 6.10416 -2.55441
0.791 6.02733 -2.48338
0.792 5.92763 -2.39855
0.793 5.80548 -2.30025
0.794 5.66141 -2.18888
0.795 5.49603 -2.06489
0.796 5.31002 -1.92876
0.797 5.10416 -1.78106
0.798 4.87933 -1.6224
0.799 4.63644 -1.45342
0.8 4.37652 -1.27482
0.801 4.10065 -1.08735
0.802 3.80996 -0.891772
0.803 3.50568 -0.688911
0.804 3.18906 -0.479612
0.805 2.86141 -0.264751
0.806 2.52411 -0.0452289
0.807 2.17853 0.178032
0.808 1.82613 0.40409
0.809 1.46836 0.631992
0.81 1.1067 0.860774
0.811 0.742664 1.08947
0.812 0.377755 1.3171
0.813 0.0134909 1.5427
0.814 -0.348615 1.7653
0.815 -0.707057 1.98396
0.816 -1.06034 2.19774
0.817 -1.40701 2.40572
0.818 -1.7456 2.607
0.819 -2.0747 2.80071
0.82 -2.39296 2.98601
0.821 -2.69902 3.16209
0.822 -2.99162 3.32819
0.823 -3.26953 3.48356
0.824 -3.53158 3.62753
0.825 -3.77666 3.75946
0.826 -4.00375 3.87874
0.827 -4.21188 3.98484
0.828 -4.40018 4.07728
0.829 -4.56783 4.15562
0.83 -4.71413 4.21949
0.831 -4.83844 4.26857
0.832 -4.94022 4.30261
0.833 -5.01902 4.32143
0.834 -5.07449 4.32489
0.835 -5.10637 4.31293
0.836 -5.1145 4.28555
0.837 -5.09882 4.24282
0.838 -5.05935 4.18486
0.839 -4.99623 4.11187
0.84 -4.90969 4.02409
0.841 -4.80005 3.92186
0.842 -4.66774 3.80554
0.843 -4.51326 3.67557
0.844 -4.33724 3.53245
0.845 -4.14035 3.37673
0.846 -3.9234 3.20902
0.847 -3.68723 3.02997
0.848 -3.4328 2.84028
0.849 -3.16113 2.64071
0.85 -2.87331 2.43205
0.851 -2.57051 2.21513
0.852 -2.25396 1.99082
0.853 -1.92493 1.76003
0.854 -1.58476 1.52369
0.855 -1.23485 1.28275
0.856 -0.876613 1.03819
0.857 -0.511516 0.791002
0.858 -0.141054 0.542206
0.859 0.233256 0.292814
0.86 0.609875 0.0438518
0.861 0.987257 -0.203657
0.862 1.36385 -0.448691
0.863 1.73809 -0.690237
0.864 2.10844 -0.927292
0.865 2.47336 -1.15887
0.866 2.83133 -1.384
0.867 3.18088 -1.60175
0.868 3.52054 -1.8112
0.869 3.84889 -2.01147
0.87 4.16456 -2.20171
0.871 4.46621 -2.38111
0.872 4.75259 -2.5489
0.873 5.02246 -2.70438
0.874 5.2747 -2.84685
0.875 5.50821 -2.97572
0.876 5.72199 -3.0904
0.877 5.91512 -3.1904
0.878 6.08676 -3.27526
0.879 6.23613 -3.3446
0.88 6.36258 -3.39808
0.881 6.46553 -3.43545
0.882 6.54449 -3.45651
0.883 6.59907 -3.46113
0.884 6.62898 -3.44926
0.885 6.63403 -3.42089
0.886 6.61413 -3.37609
0.887 6.56928 -3.31502
0.888 6.4996 -3.23787
0.889 6.40529 -3.14493
0.89 6.28666 -3.03653
0.891 6.14412 -2.91307
0.892 5.97818 -2.77504
0.893 5.78943 -2.62294
0.894 5.57856 -2.45738
0.895 5.34635 -2.279
0.896 5.09367 -2.0885
0.897 4.82148 -1.88664
0.898 4.5308 -1.6742
0.899 4.22274 -1.45205
0.9 3.89848 -1.22107
0.901 3.55926 -0.982189
0.902 3.20639 -0.736374
0.903 2.84123 -0.48462
0.904 2.46519 -0.227952
0.905 2.07973 0.0325809
0.906 1.68636 0.295912
0.907 1.28659 0.560959
0.908 0.881999 0.826627
0.909 0.474156 1.09182
0.91 0.0646581 1.35542
0.911 -0.344891 1.61634
0.912 -0.752887 1.87349
0.913 -1.15773 2.12577
0.914 -1.55783 2.37213
0.915 -1.95161 2.61151
0.916 -2.33752 2.84289
0.917 -2.71406 3.06527
0.918 -3.07973 3.2777
0.919 -3.4331 3.47923
0.92 -3.77276 3.669
0.921 -4.0974 3.84614
0.922 -4.40572 4.00987
0.923 -4.69651 4.15943
0.924 -4.96862 4.29414
0.925 -5.22098 4.41336
0.926 -5.45261 4.51651
0.927 -5.66258 4.60307
0.928 -5.85008 4.6726
0.929 -6.01436 4.7247
0.93 -6.15478 4.75906
0.931 -6.2708 4.77543
0.932 -6.36196 4.77362
0.933 -6.42791 4.75353
0.934 -6.46841 4.71513
0.935 -6.48329 4.65843
0.936 -6.47252 4.58356
0.937 -6.43616 4.49068
0.938 -6.37436 4.38005
0.939 -6.28738 4.25199
0.94 -6.17558 4.10688
0.941 -6.03943 3.94519
0.942 -5.8795 3.76742
0.943 -5.69642 3.57418
0.944 -5.49096 3.3661
0.945 -5.26395 3.1439
0.946 -5.01632 2.90834
0.947 -4.74908 2.66025
0.948 -4.46332 2.40048
0.949 -4.1602 2.12997
0.95 -3.84095 1.84967
0.951 -3.50688 1.56059
0.952 -3.15935 1.26376
0.953 -2.79977 0.960255
0.954 -2.42961 0.651182
0.955 -2.05037 0.337662
0.956 -1.66359 0.0208408
0.957 -1.27086 -0.298122
0.958 -0.873776 -0.618056
0.959 -0.473952 -0.937782
0.96 -0.0730214 -1.25612
0.961 0.327379 -1.5719
0.962 0.725614 -1.88395
0.963 1.12006 -2.1911
0.964 1.50909 -2.49223
0.965 1.89114 -2.78622
0.966 2.26462 -3.07196
0.967 2.628 -3.34839
0.968 2.9798 -3.61449
0.969 3.31857 -3.86927
0.97 3.64292 -4.11176
0.971 3.95151 -4.34108
0.972 4.24305 -4.55635
0.973 4.51636 -4.75679
0.974 4.77029 -4.94165
0.975 5.00379 -5.11023
0.976 5.21587 -5.26191
0.977 5.40566 -5.39613
0.978 5.57235 -5.5124
0.979 5.71523 -5.61028
0.98 5.83369 -5.68942
0.981 5.92721 -5.74953
0.982 5.99538 -5.7904
0.983 6.03789 -5.81189
0.984 6.05452 -5.81393
0.985 6.04516 -5.79653
0.986 6.00982 -5.75978
0.987 5.94859 -5.70382
0.988 5.86168 -5.6289
0.989 5.7494 -5.53532
0.99 5.61216 -5.42345
0.991 5.45047 -5.29373
0.992 5.26494 -5.14668
0.993 5.05628 -4.98288
0.994 4.82529 -4.80297
0.995 4.57285 -4.60766
0.996 4.29994 -4.39771
0.997 4.00762 -4.17394
0.998 3.69702 -3.93723
0.999 3.36937 -3.6885
1 3.02593 -3.42871
