0.001 3.41418e-008 2.44832e-009
0.002 3.10868e-007 1.96703e-008
0.003 1.46552e-006 8.16735e-008
0.004 4.85452e-006 2.3987e-007
0.005 1.28462e-005 5.69611e-007
0.006 2.91014e-005 1.17443e-006
0.007 5.88423e-005 2.19247e-006
0.008 0.000109105 3.80544e-006
0.009 0.000188976 6.25062e-006
0.01 0.000309807 9.83618e-006
0.011 0.000485411 1.49601e-005
0.012 0.000732233 2.21331e-005
0.013 0.00106949 3.20057e-005
0.014 0.00151931 4.53996e-005
0.015 0.00210677 6.33436e-005
0.016 0.00286002 8.71137e-005
0.017 0.00381028 0.000118278
0.018 0.00499182 0.000158748
0.019 0.00644194 0.000210828
0.02 0.00820093 0.000277279
0.021 0.0103119 0.000361374
0.022 0.0128207 0.000466971
0.023 0.0157758 0.000598575
0.024 0.0192279 0.000761417
0.025 0.02323 0.000961521
0.026 0.0278367 0.00120579
0.027 0.0331044 0.00150207
0.028 0.0390907 0.00185923
0.029 0.0458541 0.00228728
0.03 0.0534535 0.00279738
0.031 0.0619482 0.00340197
0.032 0.071397 0.00411483
0.033 0.0818581 0.00495112
0.034 0.0933885 0.00592752
0.035 0.106044 0.00706221
0.036 0.119877 0.008375
0.037 0.134939 0.00988732
0.038 0.151278 0.0116223
0.039 0.168937 0.0136048
0.04 0.187958 0.0158614
0.041 0.208375 0.0184206
0.042 0.23022 0.0213124
0.043 0.253517 0.0245688
0.044 0.278287 0.0282236
0.045 0.304543 0.032312
0.046 0.332292 0.0368712
0.047 0.361532 0.0419399
0.048 0.392256 0.0475583
0.049 0.42445 0.0537683
0.05 0.458088 0.0606129
0.051 0.493141 0.0681364
0.052 0.529566 0.0763844
0.053 0.567317 0.0854032
0.054 0.606335 0.0952401
0.055 0.646553 0.105943
0.056 0.687898 0.11756
0.057 0.730285 0.13014
0.058 0.773621 0.143731
0.059 0.817805 0.158382
0.06 0.862726 0.17414
0.061 0.908268 0.191052
0.062 0.954303 0.209165
0.063 1.0007 0.228522
0.064 1.04731 0.249168
0.065 1.09399 0.271142
0.066 1.14059 0.294485
0.067 1.18695 0.319232
0.068 1.23289 0.345417
0.069 1.27826 0.373069
0.07 1.32286 0.402216
0.071 1.36653 0.432881
0.072 1.40909 0.465082
0.073 1.45035 0.498832
0.074 1.49013 0.534142
0.075 1.52824 0.571015
0.076 1.56451 0.60945
0.077 1.59874 0.64944
0.078 1.63076 0.690972
0.079 1.66039 0.734025
0.08 1.68746 0.778575
0.081 1.7118 0.824588
0.082 1.73325 0.872024
0.083 1.75165 0.920836
0.084 1.76686 0.970971
0.085 1.77874 1.02237
0.086 1.78716 1.07495
0.087 1.792 1.12865
0.088 1.79315 1.18338
0.089 1.79052 1.23904
0.09 1.78402 1.29554
0.091 1.77359 1.35277
0.092 1.75916 1.41061
0.093 1.7407 1.46894
0.094 1.71818 1.52763
0.095 1.69159 1.58654
0.096 1.66093 1.64553
0.097 1.62623 1.70444
0.098 1.58753 1.76313
0.099 1.54488 1.82141
0.1 1.49835 1.87913
0.101 1.44803 1.93612
0.102 1.39404 1.99218
0.103 1.33649 2.04715
0.104 1.27553 2.10082
0.105 1.21132 2.15302
0.106 1.14402 2.20355
0.107 1.07383 2.25221
0.108 1.00096 2.29881
0.109 0.925631 2.34315
0.11 0.848071 2.38503
0.111 0.768532 2.42426
0.112 0.687277 2.46065
0.113 0.604581 2.494
0.114 0.520727 2.52413
0.115 0.436011 2.55084
0.116 0.350738 2.57396
0.117 0.265219 2.59331
0.118 0.179774 2.60873
0.119 0.0947266 2.62005
0.12 0.0104058 2.62712
0.121 -0.072857 2.62979
0.122 -0.154729 2.62793
0.123 -0.234876 2.6214
0.124 -0.312968 2.61011
0.125 -0.388673 2.59394
0.126 -0.461669 2.57281
0.127 -0.531633 2.54663
0.128 -0.598256 2.51534
0.129 -0.661231 2.47889
0.13 -0.720265 2.43725
0.131 -0.775076 2.3904
0.132 -0.825392 2.33833
0.133 -0.870959 2.28105
0.134 -0.911536 2.2186
0.135 -0.946898 2.15102
0.136 -0.97684 2.07838
0.137 -1.00118 2.00075
0.138 -1.01974 1.91823
0.139 -1.03238 1.83094
0.14 -1.03898 1.73901
0.141 -1.03944 1.6426
0.142 -1.03368 1.54187
0.143 -1.02164 1.437
0.144 -1.00331 1.3282
0.145 -0.978688 1.21569
0.146 -0.947788 1.0997
0.147 -0.910667 0.980488
0.148 -0.867403 0.858318
0.149 -0.8181 0.733472
0.15 -0.762892 0.606244
0.151 -0.701934 0.476943
0.152 -0.635413 0.34589
0.153 -0.563538 0.213418
0.154 -0.486545 0.0798693
0.155 -0.404695 -0.0544022
0.156 -0.318271 -0.189035
0.157 -0.227582 -0.323661
0.158 -0.132958 -0.457904
0.159 -0.0347509 -0.591383
0.16 0.0666684 -0.723715
0.161 0.170909 -0.854511
0.162 0.277563 -0.983383
0.163 0.386207 -1.10994
0.164 0.496401 -1.2338
0.165 0.607694 -1.35457
0.166 0.719622 -1.47188
0.167 0.831714 -1.58535
0.168 0.943489 -1.69461
0.169 1.05446 -1.79929
0.17 1.16414 -1.89906
0.171 1.27204 -1.99357
0.172 1.37765 -2.08249
0.173 1.4805 -2.16551
0.174 1.5801 -2.24233
0.175 1.67597 -2.31267
0.176 1.76763 -2.37626
0.177 1.85463 -2.43286
0.178 1.93651 -2.48225
0.179 2.01285 -2.52421
0.18 2.08321 -2.55857
0.181 2.14721 -2.58517
0.182 2.20447 -2.60386
0.183 2.25461 -2.61454
0.184 2.29732 -2.61712
0.185 2.33227 -2.61154
0.186 2.35918 -2.59777
0.187 2.37781 -2.5758
0.188 2.38792 -2.54565
0.189 2.38932 -2.50737
0.19 2.38185 -2.46104
0.191 2.36537 -2.40676
0.192 2.3398 -2.34466
0.193 2.30507 -2.27491
0.194 2.26115 -2.19769
0.195 2.20806 -2.11322
0.196 2.14585 -2.02175
0.197 2.0746 -1.92353
0.198 1.99442 -1.81886
0.199 1.90548 -1.70807
0.2 1.80796 -1.59149
0.201 1.7021 -1.4695
0.202 1.58817 -1.34248
0.203 1.46645 -1.21084
0.204 1.33729 -1.07502
0.205 1.20105 -0.935457
0.206 1.05813 -0.79262
0.207 0.908949 -0.64699
0.208 0.753978 -0.499062
0.209 0.593697 -0.349345
0.21 0.428617 -0.198356
0.211 0.259275 -0.0466231
0.212 0.0862289 0.105319
0.213 -0.0899433 0.256929
0.214 -0.268645 0.407665
0.215 -0.449263 0.556979
0.216 -0.631171 0.704327
0.217 -0.813731 0.849166
0.218 -0.996296 0.990956
0.219 -1.17821 1.12917
0.22 -1.35883 1.26327
0.221 -1.53747 1.39275
0.222 -1.7135 1.51711
0.223 -1.88625 1.63585
0.224 -2.05508 1.74851
0.225 -2.21936 1.85462
0.226 -2.37844 1.95376
0.227 -2.53173 2.0455
0.228 -2.67863 2.12946
0.229 -2.81856 2.20525
0.23 -2.95097 2.27256
0.231 -3.07532 2.33104
0.232 -3.19113 2.38043
0.233 -3.29791 2.42046
0.234 -3.39521 2.45091
0.235 -3.48264 2.47158
0.236 -3.55981 2.48232
0.237 -3.62638 2.48299
0.238 -3.68205 2.47351
0.239 -3.72657 2.45381
0.24 -3.75971 2.42388
0.241 -3.78129 2.38372
0.242 -3.79118 2.3334
0.243 -3.78929 2.273
0.244 -3.77556 2.20263
0.245 -3.75001 2.12246
0.246 -3.71267 2.03269
0.247 -3.66363 1.93354
0.248 -3.60303 1.82527
0.249 -3.53106 1.70819
0.25 -3.44793 1.58263
0.251 -3.35392 1.44894
0.252 -3.24934 1.30753
0.253 -3.13456 1.15881
0.254 -3.00996 1.00323
0.255 -2.87599 0.841286
0.256 -2.73312 0.673465
0.257 -2.58188 0.500299
0.258 -2.42281 0.322337
0.259 -2.25649 0.140147
0.26 -2.08354 -0.0456835
0.261 -1.9046 -0.234553
0.262 -1.72035 -0.425846
0.263 -1.53148 -0.618933
0.264 -1.33871 -0.813177
0.265 -1.14276 -1.00793
0.266 -0.944396 -1.20256
0.267 -0.744378 -1.39639
0.268 -0.54348 -1.58878
0.269 -0.342482 -1.77909
0.27 -0.142171 -1.96666
0.271 0.0566684 -2.15085
0.272 0.253251 -2.33104
0.273 0.4468 -2.50662
0.274 0.636544 -2.67697
0.275 0.821725 -2.84151
0.276 1.0016 -2.99967
0.277 1.17544 -3.1509
0.278 1.34255 -3.29468
0.279 1.50224 -3.43051
0.28 1.65386 -3.5579
0.281 1.79677 -3.67642
0.282 1.9304 -3.78565
0.283 2.05418 -3.8852
0.284 2.16758 -3.97471
0.285 2.27014 -4.05389
0.286 2.36139 -4.12243
0.287 2.44096 -4.1801
0.288 2.50847 -4.22669
0.289 2.56364 -4.26203
0.29 2.60619 -4.28599
0.291 2.63593 -4.29849
0.292 2.65269 -4.29948
0.293 2.65637 -4.28895
0.294 2.64692 -4.26693
0.295 2.62432 -4.23349
0.296 2.58865 -4.18876
0.297 2.53999 -4.13289
0.298 2.4785 -4.06606
0.299 2.4044 -3.98852
0.3 2.31795 -3.90054
0.301 2.21946 -3.80242
0.302 2.10928 -3.69451
0.303 1.98784 -3.5772
0.304 1.85558 -3.45088
0.305 1.71302 -3.31602
0.306 1.56069 -3.17308
0.307 1.39919 -3.02257
0.308 1.22915 -2.86502
0.309 1.05123 -2.70099
0.31 0.866135 -2.53105
0.311 0.674592 -2.35581
0.312 0.477365 -2.17587
0.313 0.275241 -1.99189
0.314 0.069032 -1.80449
0.315 -0.140432 -1.61435
0.316 -0.352302 -1.42212
0.317 -0.565719 -1.22849
0.318 -0.779811 -1.03411
0.319 -0.9937 -0.839687
0.32 -1.20651 -0.645878
0.321 -1.41735 -0.453359
0.322 -1.62536 -0.262796
0.323 -1.82966 -0.0748437
0.324 -2.0294 0.109854
0.325 -2.22373 0.290668
0.326 -2.41184 0.466985
0.327 -2.59292 0.638211
0.328 -2.76619 0.803774
0.329 -2.93091 0.963124
0.33 -3.08635 1.11574
0.331 -3.23184 1.26112
0.332 -3.36672 1.3988
0.333 -3.4904 1.52835
0.334 -3.60231 1.64937
0.335 -3.70193 1.76148
0.336 -3.78879 1.86435
0.337 -3.86247 1.95769
0.338 -3.92261 2.04125
0.339 -3.96887 2.1148
0.34 -4.001 2.17816
0.341 -4.0188 2.23121
0.342 -4.02211 2.27384
0.343 -4.01085 2.30599
0.344 -3.98497 2.32767
0.345 -3.9445 2.33888
0.346 -3.88953 2.33972
0.347 -3.8202 2.33028
0.348 -3.7367 2.31071
0.349 -3.6393 2.28122
0.35 -3.5283 2.24202
0.351 -3.40408 2.19339
0.352 -3.26706 2.13564
0.353 -3.11772 2.06909
0.354 -2.95658 1.99414
0.355 -2.78423 1.91119
0.356 -2.60128 1.82068
0.357 -2.4084 1.72307
0.358 -2.20631 1.61886
0.359 -1.99575 1.50857
0.36 -1.77751 1.39275
0.361 -1.5524 1.27195
0.362 -1.32128 1.14677
0.363 -1.08501 1.0178
0.364 -0.844505 0.885648
0.365 -0.600671 0.750944
0.366 -0.354446 0.614317
0.367 -0.106773 0.476404
0.368 0.141392 0.337847
0.369 0.389093 0.199286
0.37 0.63537 0.0613596
0.371 0.879268 -0.0752973
0.372 1.11984 -0.210058
0.373 1.35615 -0.342306
0.374 1.58727 -0.471437
0.375 1.8123 -0.596862
0.376 2.03036 -0.718008
0.377 2.2406 -0.834324
0.378 2.44219 -0.945281
0.379 2.63435 -1.05037
0.38 2.81631 -1.14912
0.381 2.98736 -1.24107
0.382 3.14683 -1.32581
0.383 3.29409 -1.40294
0.384 3.42857 -1.47211
0.385 3.54973 -1.53301
0.386 3.65711 -1.58534
0.387 3.75028 -1.62887
0.388 3.82889 -1.66339
0.389 3.89262 -1.68872
0.39 3.94124 -1.70475
0.391 3.97457 -1.71138
0.392 3.99248 -1.70857
0.393 3.99492 -1.69631
0.394 3.9819 -1.67465
0.395 3.95348 -1.64366
0.396 3.9098 -1.60346
0.397 3.85105 -1.55421
0.398 3.7775 -1.49611
0.399 3.68946 -1.42939
0.4 3.58732 -1.35433
0.401 3.47151 -1.27125
0.402 3.34252 -1.18048
0.403 3.20091 -1.08242
0.404 3.04729 -0.977471
0.405 2.8823 -0.866079
0.406 2.70666 -0.748717
0.407 2.52111 -0.625884
0.408 2.32643 -0.498101
0.409 2.12347 -0.365915
0.41 1.91309 -0.229891
0.411 1.69619 -0.0906097
0.412 1.47368 0.0513302
0.413 1.24654 0.195319
0.414 1.01573 0.340738
0.415 0.782242 0.48696
0.416 0.547081 0.633355
0.417 0.311262 0.779289
0.418 0.0758031 0.924131
0.419 -0.158277 1.06725
0.42 -0.389961 1.20804
0.421 -0.618243 1.34586
0.422 -0.842125 1.48014
0.423 -1.06063 1.61028
0.424 -1.27279 1.73571
0.425 -1.47768 1.85588
0.426 -1.67439 1.97027
0.427 -1.86204 2.07837
0.428 -2.03979 2.17971
0.429 -2.20684 2.27384
0.43 -2.36244 2.36034
0.431 -2.50587 2.43883
0.432 -2.63647 2.50896
0.433 -2.75364 2.57041
0.434 -2.85681 2.62291
0.435 -2.94548 2.66622
0.436 -3.01922 2.70014
0.437 -3.07765 2.72451
0.438 -3.12046 2.73922
0.439 -3.14739 2.74419
0.44 -3.15827 2.73939
0.441 -3.15297 2.72484
0.442 -3.13144 2.70058
0.443 -3.09371 2.66671
0.444 -3.03986 2.62338
0.445 -2.97005 2.57077
0.446 -2.88449 2.5091
0.447 -2.78348 2.43863
0.448 -2.66738 2.35967
0.449 -2.5366 2.27256
0.45 -2.39162 2.17768
0.451 -2.23299 2.07544
0.452 -2.06132 1.9663
0.453 -1.87726 1.85073
0.454 -1.68152 1.72924
0.455 -1.47488 1.60238
0.456 -1.25815 1.47071
0.457 -1.03219 1.33482
0.458 -0.797906 1.19531
0.459 -0.556231 1.05282
0.46 -0.308144 0.907991
0.461 -0.0546516 0.761475
0.462 0.203214 0.613941
0.463 0.464398 0.466064
0.464 0.727827 0.318524
0.465 0.992412 0.172002
0.466 1.25706 0.0271765
0.467 1.52067 -0.115277
0.468 1.78213 -0.254689
0.469 2.04035 -0.390402
0.47 2.29425 -0.521771
0.471 2.54274 -0.648167
0.472 2.78477 -0.768977
0.473 3.01931 -0.883614
0.474 3.24533 -0.991511
0.475 3.46188 -1.09213
0.476 3.66799 -1.18496
0.477 3.86278 -1.26952
0.478 4.04537 -1.34537
0.479 4.21495 -1.4121
0.48 4.37076 -1.46933
0.481 4.51209 -1.51674
0.482 4.63827 -1.55403
0.483 4.74872 -1.58095
0.484 4.8429 -1.5973
0.485 4.92034 -1.60292
0.486 4.98063 -1.59769
0.487 5.02345 -1.58155
0.488 5.04853 -1.55448
0.489 5.05567 -1.5165
0.49 5.04476 -1.46769
0.491 5.01574 -1.40818
0.492 4.96864 -1.33813
0.493 4.90357 -1.25776
0.494 4.82069 -1.16733
0.495 4.72025 -1.06716
0.496 4.60258 -0.957606
0.497 4.46805 -0.839056
0.498 4.31713 -0.711956
0.499 4.15035 -0.576785
0.5 3.9683 -0.434062
0.501 3.77164 -0.284344
0.502 3.56109 -0.128221
0.503 3.33742 0.0336833
0.504 3.10149 0.200716
0.505 2.85416 0.372196
0.506 2.59638 0.547419
0.507 2.32914 0.725657
0.508 2.05344 0.906162
0.509 1.77036 1.08817
0.51 1.481 1.27091
0.511 1.18646 1.4536
0.512 0.887914 1.63543
0.513 0.586515 1.81562
0.514 0.283452 1.99336
0.515 -0.0200823 2.16787
0.516 -0.322888 2.33835
0.517 -0.623764 2.50403
0.518 -0.921515 2.66415
0.519 -1.21495 2.81794
0.52 -1.50291 2.9647
0.521 -1.78422 3.1037
0.522 -2.05776 3.23426
0.523 -2.32243 3.35574
0.524 -2.57715 3.4675
0.525 -2.8209 3.56897
0.526 -3.05268 3.65958
0.527 -3.27154 3.73883
0.528 -3.4766 3.80624
0.529 -3.66701 3.86139
0.53 -3.84198 3.90389
0.531 -4.00079 3.9334
0.532 -4.14279 3.94965
0.533 -4.26736 3.9524
0.534 -4.374 3.94146
0.535 -4.46224 3.91671
0.536 -4.53171 3.87806
0.537 -4.58209 3.82549
0.538 -4.61317 3.75904
0.539 -4.62479 3.67879
0.54 -4.61688 3.58489
0.541 -4.58945 3.47753
0.542 -4.54258 3.35696
0.543 -4.47645 3.2235
0.544 -4.39129 3.07749
0.545 -4.28743 2.91935
0.546 -4.16526 2.74953
0.547 -4.02528 2.56855
0.548 -3.86801 2.37696
0.549 -3.6941 2.17536
0.55 -3.50422 1.9644
0.551 -3.29914 1.74476
0.552 -3.07967 1.51716
0.553 -2.8467 1.28237
0.554 -2.60118 1.04117
0.555 -2.34409 0.794379
0.556 -2.07648 0.542854
0.557 -1.79943 0.287462
0.558 -1.51409 0.0290963
0.559 -1.22161 -0.231336
0.56 -0.923204 -0.492912
0.561 -0.620092 -0.7547
0.562 -0.313527 -1.01576
0.563 -0.0047779 -1.27516
0.564 0.304875 -1.53195
0.565 0.614142 -1.78519
0.566 0.921733 -2.03397
0.567 1.22636 -2.27737
0.568 1.52675 -2.51449
0.569 1.82162 -2.74445
0.57 2.10974 -2.96639
0.571 2.38989 -3.17948
0.572 2.66086 -3.38293
0.573 2.92149 -3.57596
0.574 3.17066 -3.75784
0.575 3.4073 -3.92788
0.576 3.63038 -4.08543
0.577 3.8389 -4.22989
0.578 4.03195 -4.36068
0.579 4.20867 -4.47731
0.58 4.36825 -4.57932
0.581 4.50996 -4.66629
0.582 4.63314 -4.73789
0.583 4.73719 -4.79381
0.584 4.82161 -4.83383
0.585 4.88596 -4.85777
0.586 4.92987 -4.86551
0.587 4.95308 -4.85701
0.588 4.95539 -4.83227
0.589 4.93669 -4.79136
0.59 4.89695 -4.73441
0.591 4.83625 -4.66161
0.592 4.75472 -4.57322
0.593 4.65258 -4.46956
0.594 4.53017 -4.35098
0.595 4.38786 -4.21793
0.596 4.22614 -4.07088
0.597 4.04556 -3.91038
0.598 3.84675 -3.73702
0.599 3.63043 -3.55144
0.6 3.39737 -3.35434
0.601 3.14843 -3.14644
0.602 2.88451 -2.92854
0.603 2.60661 -2.70144
0.604 2.31575 -2.46601
0.605 2.01303 -2.22312
0.606 1.6996 -1.97371
0.607 1.37663 -1.71872
0.608 1.04537 -1.45912
0.609 0.707069 -1.19589
0.61 0.363038 -0.930037
0.611 0.0145979 -0.662583
0.612 -0.336906 -0.394551
0.613 -0.690113 -0.126967
0.614 -1.04365 0.139141
0.615 -1.39614 0.402748
0.616 -1.74622 0.662838
0.617 -2.0925 0.918408
0.618 -2.43363 1.16847
0.619 -2.76828 1.41205
0.62 -3.09512 1.64821
0.621 -3.41286 1.87603
0.622 -3.72026 2.09462
0.623 -4.01608 2.30313
0.624 -4.29916 2.50074
0.625 -4.56837 2.68668
0.626 -4.82263 2.86022
0.627 -5.06092 3.02067
0.628 -5.2823 3.1674
0.629 -5.48587 3.29983
0.63 -5.67081 3.41743
0.631 -5.83637 3.51973
0.632 -5.98187 3.60631
0.633 -6.10672 3.67683
0.634 -6.21041 3.73099
0.635 -6.2925 3.76856
0.636 -6.35264 3.78938
0.637 -6.39058 3.79335
0.638 -6.40615 3.78043
0.639 -6.39924 3.75066
0.64 -6.36989 3.70412
0.641 -6.31816 3.64098
0.642 -6.24425 3.56147
0.643 -6.14843 3.46586
0.644 -6.03105 3.35452
0.645 -5.89256 3.22784
0.646 -5.73348 3.0863
0.647 -5.55442 2.93044
0.648 -5.35608 2.76083
0.649 -5.13922 2.57811
0.65 -4.90467 2.38296
0.651 -4.65336 2.17614
0.652 -4.38626 1.95842
0.653 -4.10442 1.73062
0.654 -3.80893 1.49361
0.655 -3.50096 1.24829
0.656 -3.18171 0.995603
0.657 -2.85243 0.7365
0.658 -2.51443 0.471973
0.659 -2.16902 0.203031
0.66 -1.81758 -0.069299
0.661 -1.46149 -0.343976
0.662 -1.10215 -0.619951
0.663 -0.740978 -0.896168
0.664 -0.379405 -1.17157
0.665 -0.0188571 -1.44511
0.666 0.339239 -1.71573
0.667 0.693468 -1.9824
0.668 1.04243 -2.24409
0.669 1.38474 -2.49982
0.67 1.71904 -2.74859
0.671 2.04402 -2.98946
0.672 2.35838 -3.22151
0.673 2.66088 -3.44384
0.674 2.95033 -3.65561
0.675 3.22557 -3.85601
0.676 3.48553 -4.04427
0.677 3.72917 -4.21968
0.678 3.95553 -4.38157
0.679 4.16372 -4.52932
0.68 4.35292 -4.66237
0.681 4.52239 -4.78022
0.682 4.67146 -4.88242
0.683 4.79954 -4.96858
0.684 4.90615 -5.03839
0.685 4.99088 -5.09159
0.686 5.05339 -5.12798
0.687 5.09345 -5.14742
0.688 5.11093 -5.14987
0.689 5.10577 -5.13531
0.69 5.07801 -5.10382
0.691 5.02779 -5.05553
0.692 4.95533 -4.99063
0.693 4.86094 -4.90938
0.694 4.74502 -4.81212
0.695 4.60806 -4.69922
0.696 4.45065 -4.57113
0.697 4.27343 -4.42835
0.698 4.07715 -4.27145
0.699 3.86263 -4.10103
0.7 3.63075 -3.91777
0.701 3.38247 -3.72236
0.702 3.11884 -3.51559
0.703 2.84094 -3.29824
0.704 2.54991 -3.07115
0.705 2.24698 -2.83521
0.706 1.93339 -2.59133
0.707 1.61043 -2.34043
0.708 1.27946 -2.0835
0.709 0.941829 -1.82151
0.71 0.598947 -1.55546
0.711 0.252233 -1.28637
0.712 -0.0968749 -1.01527
0.713 -0.446929 -0.743192
0.714 -0.796477 -0.471159
0.715 -1.14406 -0.200204
0.716 -1.48825 0.0686529
0.717 -1.82759 0.3344
0.718 -2.16069 0.596044
0.719 -2.48614 0.852608
0.72 -2.80259 1.10314
0.721 -3.10871 1.34671
0.722 -3.40323 1.58243
0.723 -3.6849 1.80944
0.724 -3.95254 2.02691
0.725 -4.20501 2.23406
0.726 -4.44125 2.43015
0.727 -4.66026 2.61448
0.728 -4.8611 2.78642
0.729 -5.0429 2.94538
0.73 -5.20488 3.09081
0.731 -5.34634 3.22224
0.732 -5.46665 3.33924
0.733 -5.56528 3.44145
0.734 -5.64177 3.52858
0.735 -5.69576 3.60037
0.736 -5.72699 3.65666
0.737 -5.73527 3.69734
0.738 -5.72053 3.72235
0.739 -5.68277 3.73171
0.74 -5.62209 3.7255
0.741 -5.53869 3.70387
0.742 -5.43286 3.66701
0.743 -5.30497 3.61521
0.744 -5.1555 3.54878
0.745 -4.98499 3.46813
0.746 -4.7941 3.37368
0.747 -4.58354 3.26594
0.748 -4.35413 3.14548
0.749 -4.10674 3.01288
0.75 -3.84233 2.86882
0.751 -3.56193 2.71399
0.752 -3.26662 2.54912
0.753 -2.95757 2.37502
0.754 -2.63598 2.19249
0.755 -2.30311 2.00238
0.756 -1.96027 1.80558
0.757 -1.6088 1.603
0.758 -1.2501 1.39557
0.759 -0.885576 1.18422
0.76 -0.516666 0.969931
0.761 -0.144831 0.753666
0.762 0.228459 0.536404
0.763 0.601726 0.319125
0.764 0.97349 0.102806
0.765 1.34228 -0.111583
0.766 1.70663 -0.323078
0.767 2.0651 -0.530735
0.768 2.41626 -0.733623
0.769 2.75872 -0.930837
0.77 3.09113 -1.12149
0.771 3.41215 -1.30474
0.772 3.72053 -1.47977
0.773 4.01503 -1.64578
0.774 4.29449 -1.80204
0.775 4.5578 -1.94785
0.776 4.80392 -2.08256
0.777 5.03188 -2.20555
0.778 5.24077 -2.31627
0.779 5.42977 -2.41422
0.78 5.59815 -2.49896
0.781 5.74523 -2.57008
0.782 5.87046 -2.62726
0.783 5.97333 -2.67023
0.784 6.05346 -2.69878
0.785 6.11055 -2.71276
0.786 6.14439 -2.71208
0.787 6.15486 -2.69672
0.788 6.14194 -2.66672
0.789 6.10572 -2.62218
0.79 6.04635 -2.56327
0.791 5.9641 -2.49022
0.792 5.85933 -2.40331
0.793 5.73249 -2.30289
0.794 5.58412 -2.18937
0.795 5.41485 -2.06321
0.796 5.22538 -1.92492
0.797 5.01651 -1.77509
0.798 4.78911 -1.61432
0.799 4.54413 -1.44328
0.8 4.2826 -1.26269
0.801 4.00561 -1.0733
0.802 3.71429 -0.875893
0.803 3.40987 -0.671309
0.804 3.09361 -0.460401
0.805 2.76682 -0.244059
0.806 2.43087 -0.0231925
0.807 2.08713 0.201264
0.808 1.73705 0.428362
0.809 1.38206 0.657139
0.81 1.02366 0.886623
0.811 0.663314 1.11584
0.812 0.30253 1.34381
0.813 -0.0571952 1.56956
0.814 -0.414368 1.79213
0.815 -0.767505 2.01056
0.816 -1.11514 2.22391
0.817 -1.45581 2.43126
0.818 -1.78812 2.63173
0.819 -2.11068 2.82443
0.82 -2.42213 3.00854
0.821 -2.72118 3.18324
0.822 -3.00658 3.34778
0.823 -3.27714 3.50143
0.824 -3.53171 3.64351
0.825 -3.76924 3.77339
0.826 -3.98871 3.89048
0.827 -4.18922 3.99425
0.828 -4.3699 4.08424
0.829 -4.52999 4.16001
0.83 -4.66881 4.22121
0.831 -4.78575 4.26753
0.832 -4.88032 4.29875
0.833 -4.9521 4.31468
0.834 -5.00076 4.3152
0.835 -5.02609 4.30028
0.836 -5.02794 4.26993
0.837 -5.0063 4.22422
0.838 -4.9612 4.1633
0.839 -4.89283 4.08738
0.84 -4.80143 3.99674
0.841 -4.68735 3.89169
0.842 -4.55104 3.77265
0.843 -4.39304 3.64005
0.844 -4.21396 3.49442
0.845 -4.01453 3.33631
0.846 -3.79554 3.16635
0.847 -3.55787 2.98521
0.848 -3.30247 2.7936
0.849 -3.03039 2.5923
0.85 -2.74272 2.38209
0.851 -2.44063 2.16383
0.852 -2.12534 1.9384
0.853 -1.79815 1.70671
0.854 -1.46039 1.4697
0.855 -1.11343 1.22833
0.856 -0.758692 0.983595
0.857 -0.397639 0.736485
0.858 -0.0317486 0.488017
0.859 0.337474 0.239213
0.86 0.708509 -0.00890187
0.861 1.07983 -0.255303
0.862 1.44989 -0.498969
0.863 1.81717 -0.738889
0.864 2.18015 -0.974064
0.865 2.53731 -1.20351
0.866 2.88717 -1.42627
0.867 3.22827 -1.64141
0.868 3.55919 -1.84803
0.869 3.87853 -2.04524
0.87 4.18496 -2.23221
0.871 4.47718 -2.40815
0.872 4.75396 -2.5723
0.873 5.01412 -2.72396
0.874 5.25655 -2.86247
0.875 5.48022 -2.98723
0.876 5.68414 -3.09769
0.877 5.86744 -3.19335
0.878 6.02932 -3.2738
0.879 6.16904 -3.33865
0.88 6.28599 -3.3876
0.881 6.37962 -3.42041
0.882 6.44947 -3.43691
0.883 6.49521 -3.43699
0.884 6.51657 -3.4206
0.885 6.51341 -3.38777
0.886 6.48565 -3.3386
0.887 6.43334 -3.27324
0.888 6.35663 -3.19194
0.889 6.25575 -3.09498
0.89 6.13103 -2.98273
0.891 5.98292 -2.8556
0.892 5.81193 -2.7141
0.893 5.61869 -2.55876
0.894 5.40391 -2.3902
0.895 5.16839 -2.20908
0.896 4.91301 -2.01612
0.897 4.63873 -1.81208
0.898 4.34661 -1.59778
0.899 4.03774 -1.37408
0.9 3.71332 -1.1419
0.901 3.37459 -0.902158
0.902 3.02286 -0.655843
0.903 2.65949 -0.403957
0.904 2.28589 -0.147533
0.905 1.9035 0.112375
0.906 1.51383 0.374693
0.907 1.11837 0.638336
0.908 0.718688 0.902206
0.909 0.316337 1.1652
0.91 -0.0871083 1.42623
0.911 -0.490065 1.68418
0.912 -0.890954 1.93796
0.913 -1.2882 2.18651
0.914 -1.68024 2.42875
0.915 -2.06554 2.66366
0.916 -2.44258 2.89021
0.917 -2.80987 3.10742
0.918 -3.16597 3.31435
0.919 -3.50948 3.51008
0.92 -3.83903 3.69373
0.921 -4.15334 3.86449
0.922 -4.45117 4.02157
0.923 -4.73133 4.16426
0.924 -4.99274 4.29186
0.925 -5.23435 4.40378
0.926 -5.45521 4.49946
0.927 -5.65446 4.57841
0.928 -5.83132 4.64019
0.929 -5.98509 4.68446
0.93 -6.11517 4.71091
0.931 -6.22106 4.71933
0.932 -6.30234 4.70956
0.933 -6.3587 4.68152
0.934 -6.38994 4.6352
0.935 -6.39593 4.57067
0.936 -6.37668 4.48805
0.937 -6.33227 4.38756
0.938 -6.2629 4.26947
0.939 -6.16885 4.13413
0.94 -6.05053 3.98196
0.941 -5.90841 3.81343
0.942 -5.7431 3.6291
0.943 -5.55525 3.42957
0.944 -5.34566 3.21553
0.945 -5.11516 2.98771
0.946 -4.86472 2.74688
0.947 -4.59534 2.4939
0.948 -4.30812 2.22966
0.949 -4.00425 1.95509
0.95 -3.68496 1.67117
0.951 -3.35155 1.37892
0.952 -3.00538 1.0794
0.953 -2.64786 0.773691
0.954 -2.28045 0.462908
0.955 -1.90465 0.148184
0.956 -1.52199 -0.169327
0.957 -1.13403 -0.488459
0.958 -0.742356 -0.808036
0.959 -0.348568 -1.12688
0.96 0.0457287 -1.4438
0.961 0.438921 -1.75764
0.962 0.829401 -2.06722
0.963 1.21557 -2.37139
0.964 1.59585 -2.66902
0.965 1.96869 -2.95899
0.966 2.33254 -3.24023
0.967 2.68592 -3.51168
0.968 3.02738 -3.77232
0.969 3.35551 -4.02119
0.97 3.66896 -4.25734
0.971 3.96643 -4.47989
0.972 4.24669 -4.68801
0.973 4.50859 -4.88091
0.974 4.75103 -5.05788
0.975 4.973 -5.21825
0.976 5.17357 -5.36142
0.977 5.35191 -5.48685
0.978 5.50724 -5.59408
0.979 5.63892 -5.68271
0.98 5.74637 -5.75241
0.981 5.82912 -5.80292
0.982 5.88681 -5.83407
0.983 5.91915 -5.84574
0.984 5.92598 -5.8379
0.985 5.90724 -5.81059
0.986 5.86296 -5.76394
0.987 5.79327 -5.69811
0.988 5.69842 -5.61339
0.989 5.57875 -5.51011
0.99 5.4347 -5.38867
0.991 5.26682 -5.24954
0.992 5.07573 -5.09328
0.993 4.86217 -4.9205
0.994 4.62696 -4.73186
0.995 4.37101 -4.5281
0.996 4.0953 -4.31001
0.997 3.80092 -4.07844
0.998 3.489 -3.83429
0.999 3.16076 -3.57851
1 2.8175 -3.31208
