0.001 3.39375e-008 2.63051e-009
0.002 3.09236e-007 2.11214e-008
0.003 1.4588e-006 8.76213e-008
0.004 4.83503e-006 2.57019e-007
0.005 1.28006e-005 6.09327e-007
0.006 2.90094e-005 1.25369e-006
0.007 5.8675e-005 2.33448e-006
0.008 0.000108823 4.0398e-006
0.009 0.00018853 6.61291e-006
0.01 0.000309134 1.03668e-005
0.011 0.000484436 1.57023e-005
0.012 0.000730865 2.31298e-005
0.013 0.00106763 3.32955e-005
0.014 0.00151682 4.70108e-005
0.015 0.00210352 6.52872e-005
0.016 0.00285586 8.93746e-005
0.017 0.00380503 0.000120804
0.018 0.00498529 0.000161437
0.019 0.00643393 0.000213513
0.02 0.0081912 0.00027971
0.021 0.0103002 0.000363201
0.022 0.0128068 0.000467716
0.023 0.0157594 0.000597613
0.024 0.0192087 0.000757943
0.025 0.0232076 0.000954523
0.026 0.0278108 0.00119401
0.027 0.0330747 0.00148398
0.028 0.0390568 0.00183298
0.029 0.0458155 0.00225065
0.03 0.0534099 0.00274776
0.031 0.0618991 0.00333629
0.032 0.0713419 0.00402952
0.033 0.0817965 0.00484207
0.034 0.0933198 0.00578999
0.035 0.105967 0.00689082
0.036 0.119792 0.00816364
0.037 0.134846 0.00962911
0.038 0.151175 0.0113095
0.039 0.168824 0.0132289
0.04 0.187833 0.0154128
0.041 0.208238 0.0178886
0.042 0.23007 0.0206855
0.043 0.253353 0.0238343
0.044 0.278108 0.0273674
0.045 0.304347 0.0313191
0.046 0.332077 0.0357252
0.047 0.361297 0.0406231
0.048 0.392 0.0460517
0.049 0.42417 0.0520514
0.05 0.457783 0.0586638
0.051 0.492807 0.065932
0.052 0.529202 0.0738999
0.053 0.566919 0.0826125
0.054 0.6059 0.0921157
0.055 0.646078 0.102456
0.056 0.687379 0.11368
0.057 0.729717 0.125835
0.058 0.773 0.138968
0.059 0.817125 0.153126
0.06 0.861983 0.168357
0.061 0.907455 0.184704
0.062 0.953413 0.202215
0.063 0.999724 0.220931
0.064 1.04625 0.240897
0.065 1.09283 0.262151
0.066 1.13932 0.284732
0.067 1.18556 0.308676
0.068 1.23137 0.334017
0.069 1.2766 0.360783
0.07 1.32105 0.389004
0.071 1.36456 0.4187
0.072 1.40694 0.449891
0.073 1.44801 0.482593
0.074 1.48758 0.516815
0.075 1.52547 0.552563
0.076 1.5615 0.589836
0.077 1.59547 0.628629
0.078 1.62722 0.668931
0.079 1.65656 0.710725
0.08 1.68331 0.753987
0.081 1.70732 0.798686
0.082 1.72841 0.844788
0.083 1.74644 0.892246
0.084 1.76125 0.941012
0.085 1.7727 0.991026
0.086 1.78067 1.04222
0.087 1.78504 1.09453
0.088 1.78569 1.14787
0.089 1.78253 1.20216
0.09 1.77547 1.25729
0.091 1.76446 1.31317
0.092 1.74942 1.36968
0.093 1.73032 1.42671
0.094 1.70714 1.48414
0.095 1.67985 1.54183
0.096 1.64848 1.59964
0.097 1.61303 1.65743
0.098 1.57355 1.71506
0.099 1.5301 1.77235
0.1 1.48274 1.82916
0.101 1.43158 1.88531
0.102 1.37671 1.94063
0.103 1.31826 1.99494
0.104 1.25638 2.04807
0.105 1.19122 2.09983
0.106 1.12296 2.15003
0.107 1.05179 2.19849
0.108 0.97793 2.24501
0.109 0.901589 2.28942
0.11 0.823009 2.3315
0.111 0.742443 2.37109
0.112 0.660155 2.40797
0.113 0.576422 2.44198
0.114 0.491531 2.47292
0.115 0.405781 2.50062
0.116 0.31948 2.52489
0.117 0.232944 2.54556
0.118 0.146494 2.56248
0.119 0.0604599 2.57548
0.12 -0.0248268 2.5844
0.121 -0.10903 2.58911
0.122 -0.191813 2.58946
0.123 -0.272837 2.58534
0.124 -0.351767 2.57662
0.125 -0.428269 2.56321
0.126 -0.502012 2.54501
0.127 -0.572672 2.52193
0.128 -0.639933 2.49392
0.129 -0.703484 2.46091
0.13 -0.763028 2.42288
0.131 -0.818277 2.37978
0.132 -0.868955 2.33162
0.133 -0.914802 2.27839
0.134 -0.955572 2.22012
0.135 -0.991038 2.15685
0.136 -1.02099 2.08862
0.137 -1.04523 2.01552
0.138 -1.0636 1.93762
0.139 -1.07593 1.85503
0.14 -1.08212 1.76788
0.141 -1.08204 1.6763
0.142 -1.07562 1.58044
0.143 -1.06282 1.48048
0.144 -1.04358 1.3766
0.145 -1.01792 1.26902
0.146 -0.985859 1.15795
0.147 -0.947439 1.04362
0.148 -0.902741 0.926289
0.149 -0.851868 0.806222
0.15 -0.79495 0.683696
0.151 -0.732145 0.559003
0.152 -0.663637 0.432447
0.153 -0.589636 0.304346
0.154 -0.51038 0.175024
0.155 -0.426128 0.0448185
0.156 -0.337169 -0.0859254
0.157 -0.243811 -0.216855
0.158 -0.146387 -0.347611
0.159 -0.0452532 -0.477828
0.16 0.0592167 -0.607138
0.161 0.166627 -0.735166
0.162 0.276566 -0.86154
0.163 0.388604 -0.985883
0.164 0.502296 -1.10782
0.165 0.617184 -1.22698
0.166 0.732799 -1.343
0.167 0.848661 -1.4555
0.168 0.964281 -1.56413
0.169 1.07917 -1.66854
0.17 1.19282 -1.76839
0.171 1.30473 -1.86333
0.172 1.41441 -1.95306
0.173 1.52135 -2.03726
0.174 1.62506 -2.11563
0.175 1.72504 -2.1879
0.176 1.82082 -2.2538
0.177 1.91192 -2.31308
0.178 1.99788 -2.36552
0.179 2.07825 -2.41091
0.18 2.15261 -2.44906
0.181 2.22053 -2.4798
0.182 2.28164 -2.50299
0.183 2.33555 -2.51851
0.184 2.38192 -2.52627
0.185 2.42043 -2.52618
0.186 2.45078 -2.51821
0.187 2.4727 -2.50233
0.188 2.48595 -2.47854
0.189 2.49034 -2.44689
0.19 2.48568 -2.40742
0.191 2.47183 -2.36023
0.192 2.4487 -2.30543
0.193 2.41619 -2.24314
0.194 2.37429 -2.17355
0.195 2.32299 -2.09684
0.196 2.26233 -2.01323
0.197 2.19238 -1.92296
0.198 2.11326 -1.8263
0.199 2.02511 -1.72355
0.2 1.92812 -1.61501
0.201 1.82252 -1.50104
0.202 1.70856 -1.38199
0.203 1.58654 -1.25824
0.204 1.45678 -1.13019
0.205 1.31966 -0.998271
0.206 1.17556 -0.862909
0.207 1.02491 -0.724562
0.208 0.86818 -0.583694
0.209 0.705845 -0.440788
0.21 0.538421 -0.296333
0.211 0.366447 -0.150831
0.212 0.190486 -0.0047907
0.213 0.011119 0.141273
0.214 -0.17105 0.286841
0.215 -0.355402 0.43139
0.216 -0.541303 0.574397
0.217 -0.728105 0.715341
0.218 -0.915153 0.853702
0.219 -1.10178 0.988966
0.22 -1.28732 1.12062
0.221 -1.47111 1.24818
0.222 -1.65246 1.37114
0.223 -1.83071 1.48903
0.224 -2.00521 1.60139
0.225 -2.17529 1.70776
0.226 -2.34032 1.80773
0.227 -2.49966 1.90087
0.228 -2.6527 1.9868
0.229 -2.79885 2.06516
0.23 -2.93754 2.13559
0.231 -3.06821 2.19778
0.232 -3.19035 2.25145
0.233 -3.30346 2.29631
0.234 -3.40707 2.33214
0.235 -3.50075 2.35874
0.236 -3.58411 2.37592
0.237 -3.65679 2.38355
0.238 -3.71847 2.38152
0.239 -3.76886 2.36975
0.24 -3.80772 2.34819
0.241 -3.83485 2.31685
0.242 -3.8501 2.27574
0.243 -3.85336 2.22492
0.244 -3.84457 2.16449
0.245 -3.82369 2.09459
0.246 -3.79077 2.01536
0.247 -3.74586 1.92701
0.248 -3.6891 1.82976
0.249 -3.62065 1.72389
0.25 -3.54071 1.60969
0.251 -3.44955 1.48747
0.252 -3.34747 1.35761
0.253 -3.23481 1.22047
0.254 -3.11197 1.07648
0.255 -2.97936 0.926072
0.256 -2.83747 0.769711
0.257 -2.6868 0.607883
0.258 -2.5279 0.441098
0.259 -2.36134 0.269885
0.26 -2.18774 0.0947916
0.261 -2.00774 -0.0836199
0.262 -1.82202 -0.264771
0.263 -1.63127 -0.448071
0.264 -1.4362 -0.63292
0.265 -1.23757 -0.818709
0.266 -1.03613 -1.00482
0.267 -0.832642 -1.19064
0.268 -0.627902 -1.37555
0.269 -0.422699 -1.55892
0.27 -0.21783 -1.74015
0.271 -0.0140957 -1.91861
0.272 0.187705 -2.09371
0.273 0.386777 -2.26485
0.274 0.582332 -2.43144
0.275 0.773592 -2.59293
0.276 0.959795 -2.74875
0.277 1.14019 -2.89838
0.278 1.31406 -3.04129
0.279 1.48068 -3.177
0.28 1.63939 -3.30504
0.281 1.78954 -3.42497
0.282 1.93049 -3.53636
0.283 2.06168 -3.63884
0.284 2.18254 -3.73205
0.285 2.29258 -3.81567
0.286 2.39131 -3.88941
0.287 2.47832 -3.953
0.288 2.55322 -4.00624
0.289 2.61568 -4.04893
0.29 2.66541 -4.08093
0.291 2.70218 -4.10213
0.292 2.7258 -4.11245
0.293 2.73614 -4.11187
0.294 2.73311 -4.10039
0.295 2.71669 -4.07805
0.296 2.68691 -4.04494
0.297 2.64384 -4.00117
0.298 2.58761 -3.94691
0.299 2.51842 -3.88234
0.3 2.43651 -3.80772
0.301 2.34216 -3.72329
0.302 2.23571 -3.62937
0.303 2.11757 -3.52629
0.304 1.98817 -3.41442
0.305 1.848 -3.29417
0.306 1.69759 -3.16596
0.307 1.53752 -3.03025
0.308 1.36842 -2.88753
0.309 1.19093 -2.7383
0.31 1.00575 -2.58311
0.311 0.813613 -2.4225
0.312 0.615274 -2.25704
0.313 0.411522 -2.08732
0.314 0.203168 -1.91395
0.315 -0.00895313 -1.73754
0.316 -0.223989 -1.5587
0.317 -0.441071 -1.37809
0.318 -0.659319 -1.19632
0.319 -0.877845 -1.01404
0.32 -1.09576 -0.831881
0.321 -1.31216 -0.650488
0.322 -1.52615 -0.470487
0.323 -1.73686 -0.292503
0.324 -1.94341 -0.117149
0.325 -2.14492 0.0549727
0.326 -2.34056 0.223275
0.327 -2.5295 0.387186
0.328 -2.71094 0.546155
0.329 -2.88409 0.69965
0.33 -3.04821 0.847163
0.331 -3.2026 0.98821
0.332 -3.34657 1.12234
0.333 -3.47948 1.24911
0.334 -3.60075 1.36814
0.335 -3.70982 1.47905
0.336 -3.80618 1.58152
0.337 -3.88939 1.67524
0.338 -3.95903 1.75996
0.339 -4.01476 1.83543
0.34 -4.05628 1.90148
0.341 -4.08335 1.95796
0.342 -4.09578 2.00474
0.343 -4.09346 2.04176
0.344 -4.07631 2.06898
0.345 -4.04432 2.08641
0.346 -3.99756 2.09408
0.347 -3.93612 2.09208
0.348 -3.86019 2.08054
0.349 -3.76998 2.05961
0.35 -3.66579 2.02948
0.351 -3.54796 1.9904
0.352 -3.4169 1.94262
0.353 -3.27305 1.88645
0.354 -3.11692 1.82223
0.355 -2.94908 1.75032
0.356 -2.77013 1.67113
0.357 -2.58072 1.58507
0.358 -2.38155 1.4926
0.359 -2.17335 1.39419
0.36 -1.95692 1.29035
0.361 -1.73305 1.1816
0.362 -1.5026 1.06847
0.363 -1.26643 0.951527
0.364 -1.02545 0.831332
0.365 -0.78057 0.708469
0.366 -0.532739 0.583529
0.367 -0.282906 0.457108
0.368 -0.0320351 0.329808
0.369 0.218903 0.202232
0.37 0.468936 0.0749824
0.371 0.717092 -0.0513418
0.372 0.962403 -0.176147
0.373 1.20391 -0.298848
0.374 1.44068 -0.418871
0.375 1.67177 -0.535653
0.376 1.89628 -0.648649
0.377 2.11332 -0.757329
0.378 2.32205 -0.861187
0.379 2.52164 -0.959734
0.38 2.71131 -1.05251
0.381 2.8903 -1.13907
0.382 3.05791 -1.21902
0.383 3.21348 -1.29197
0.384 3.35639 -1.35758
0.385 3.48609 -1.41552
0.386 3.60205 -1.46552
0.387 3.70382 -1.50734
0.388 3.791 -1.54075
0.389 3.86326 -1.56559
0.39 3.9203 -1.58172
0.391 3.96192 -1.58905
0.392 3.98795 -1.58751
0.393 3.99831 -1.57709
0.394 3.99296 -1.55781
0.395 3.97194 -1.52972
0.396 3.93535 -1.49292
0.397 3.88335 -1.44755
0.398 3.81618 -1.39379
0.399 3.73411 -1.33184
0.4 3.63752 -1.26195
0.401 3.5268 -1.18441
0.402 3.40243 -1.09952
0.403 3.26494 -1.00765
0.404 3.11491 -0.909169
0.405 2.95299 -0.804488
0.406 2.77986 -0.694048
0.407 2.59625 -0.578312
0.408 2.40295 -0.457768
0.409 2.20078 -0.332927
0.41 1.9906 -0.20432
0.411 1.77331 -0.0724937
0.412 1.54983 0.0619878
0.413 1.32113 0.198549
0.414 1.08818 0.336603
0.415 0.851973 0.475556
0.416 0.613536 0.614808
0.417 0.373892 0.753757
0.418 0.134074 0.891801
0.419 -0.104878 1.02834
0.42 -0.341929 1.16278
0.421 -0.576047 1.29453
0.422 -0.80621 1.42301
0.423 -1.03141 1.54767
0.424 -1.25066 1.66795
0.425 -1.46299 1.78332
0.426 -1.66746 1.89327
0.427 -1.86316 1.99731
0.428 -2.04921 2.09498
0.429 -2.22477 2.18583
0.43 -2.38905 2.26946
0.431 -2.5413 2.3455
0.432 -2.6808 2.41358
0.433 -2.80691 2.47341
0.434 -2.91903 2.52469
0.435 -3.01662 2.5672
0.436 -3.09919 2.60072
0.437 -3.16632 2.62509
0.438 -3.21766 2.64019
0.439 -3.25291 2.64592
0.44 -3.27184 2.64225
0.441 -3.2743 2.62918
0.442 -3.2602 2.60673
0.443 -3.22951 2.57498
0.444 -3.18229 2.53407
0.445 -3.11864 2.48414
0.446 -3.03876 2.4254
0.447 -2.94291 2.35809
0.448 -2.8314 2.28249
0.449 -2.70462 2.19892
0.45 -2.56304 2.10772
0.451 -2.40717 2.00929
0.452 -2.23759 1.90404
0.453 -2.05494 1.79243
0.454 -1.85993 1.67495
0.455 -1.65329 1.5521
0.456 -1.43584 1.42442
0.457 -1.20842 1.29247
0.458 -0.971945 1.15684
0.459 -0.727339 1.01812
0.46 -0.475583 0.876941
0.461 -0.217686 0.733923
0.462 0.04531 0.589713
0.463 0.31234 0.444964
0.464 0.582318 0.300332
0.465 0.854137 0.15648
0.466 1.12668 0.0140677
0.467 1.39883 -0.126246
0.468 1.66945 -0.263808
0.469 1.93742 -0.397974
0.47 2.20161 -0.528109
0.471 2.46092 -0.653594
0.472 2.71426 -0.773826
0.473 2.96054 -0.888219
0.474 3.19871 -0.996213
0.475 3.42776 -1.09727
0.476 3.64669 -1.19087
0.477 3.85456 -1.27655
0.478 4.05044 -1.35384
0.479 4.23348 -1.42233
0.48 4.40286 -1.48164
0.481 4.55782 -1.53143
0.482 4.69764 -1.57138
0.483 4.82167 -1.60124
0.484 4.92933 -1.62077
0.485 5.02009 -1.62981
0.486 5.0935 -1.62821
0.487 5.14916 -1.61588
0.488 5.18675 -1.59277
0.489 5.20604 -1.5589
0.49 5.20684 -1.51429
0.491 5.18906 -1.45906
0.492 5.15268 -1.39333
0.493 5.09774 -1.3173
0.494 5.02438 -1.23118
0.495 4.93279 -1.13528
0.496 4.82326 -1.02989
0.497 4.69614 -0.915385
0.498 4.55184 -0.792174
0.499 4.39087 -0.660699
0.5 4.21378 -0.521447
0.501 4.02122 -0.374938
0.502 3.81387 -0.22173
0.503 3.59249 -0.0624131
0.504 3.35791 0.102392
0.505 3.111 0.272035
0.506 2.85268 0.445842
0.507 2.58393 0.623112
0.508 2.30578 0.803127
0.509 2.01928 0.985148
0.51 1.72555 1.16842
0.511 1.4257 1.35219
0.512 1.12092 1.53567
0.513 0.812377 1.71809
0.514 0.501284 1.89867
0.515 0.18886 2.07662
0.516 -0.123666 2.25116
0.517 -0.43506 2.42154
0.518 -0.744088 2.58697
0.519 -1.04952 2.74673
0.52 -1.35015 2.90008
0.521 -1.64476 3.04629
0.522 -1.93219 3.1847
0.523 -2.21126 3.31463
0.524 -2.48087 3.43545
0.525 -2.73991 3.54655
0.526 -2.98733 3.64736
0.527 -3.22214 3.73735
0.528 -3.44336 3.81602
0.529 -3.6501 3.88292
0.53 -3.8415 3.93763
0.531 -4.01677 3.97978
0.532 -4.17518 4.00906
0.533 -4.31607 4.0252
0.534 -4.43884 4.02795
0.535 -4.54297 4.01717
0.536 -4.62801 3.99271
0.537 -4.6936 3.95452
0.538 -4.73943 3.90258
0.539 -4.76529 3.83693
0.54 -4.77104 3.75765
0.541 -4.75663 3.6649
0.542 -4.72209 3.55886
0.543 -4.66753 3.4398
0.544 -4.59313 3.30802
0.545 -4.49916 3.16387
0.546 -4.38598 3.00775
0.547 -4.25402 2.84013
0.548 -4.10378 2.6615
0.549 -3.93585 2.4724
0.55 -3.75088 2.27344
0.551 -3.54959 2.06524
0.552 -3.3328 1.84847
0.553 -3.10134 1.62384
0.554 -2.85615 1.3921
0.555 -2.59821 1.15403
0.556 -2.32855 0.910418
0.557 -2.04825 0.662104
0.558 -1.75845 0.409939
0.559 -1.46033 0.154795
0.56 -1.15509 -0.102439
0.561 -0.84397 -0.360863
0.562 -0.52825 -0.619564
0.563 -0.209218 -0.877627
0.564 0.111813 -1.13413
0.565 0.433524 -1.38816
0.566 0.754584 -1.6388
0.567 1.07366 -1.88515
0.568 1.38944 -2.1263
0.569 1.70058 -2.3614
0.57 2.00581 -2.58957
0.571 2.30382 -2.80998
0.572 2.59337 -3.02181
0.573 2.87323 -3.22429
0.574 3.14221 -3.41667
0.575 3.39916 -3.59823
0.576 3.64296 -3.76829
0.577 3.87258 -3.92622
0.578 4.08699 -4.07142
0.579 4.28527 -4.20334
0.58 4.46653 -4.32148
0.581 4.62995 -4.4254
0.582 4.77479 -4.5147
0.583 4.90037 -4.58903
0.584 5.0061 -4.6481
0.585 5.09146 -4.69169
0.586 5.156 -4.71961
0.587 5.19936 -4.73175
0.588 5.22129 -4.72806
0.589 5.22158 -4.70853
0.59 5.20014 -4.67323
0.591 5.15695 -4.62228
0.592 5.09208 -4.55587
0.593 5.00569 -4.47422
0.594 4.89803 -4.37764
0.595 4.76943 -4.26649
0.596 4.62031 -4.14118
0.597 4.45117 -4.00217
0.598 4.26259 -3.84997
0.599 4.05522 -3.68517
0.6 3.82982 -3.50837
0.601 3.58718 -3.32025
0.602 3.3282 -3.12151
0.603 3.05382 -2.9129
0.604 2.76507 -2.69521
0.605 2.463 -2.46926
0.606 2.14877 -2.23592
0.607 1.82354 -1.99607
0.608 1.48855 -1.75062
0.609 1.14507 -1.50052
0.61 0.794401 -1.2467
0.611 0.437895 -0.990153
0.612 0.0769148 -0.731851
0.613 -0.287152 -0.472785
0.614 -0.6529 -0.21395
0.615 -1.01892 0.0436609
0.616 -1.38378 0.299056
0.617 -1.74608 0.551253
0.618 -2.1044 0.799278
0.619 -2.45734 1.04217
0.62 -2.80352 1.279
0.621 -3.14159 1.50885
0.622 -3.47022 1.73082
0.623 -3.78812 1.94406
0.624 -4.09403 2.14774
0.625 -4.38674 2.34106
0.626 -4.66511 2.52327
0.627 -4.92802 2.69366
0.628 -5.17443 2.85157
0.629 -5.40336 2.99638
0.63 -5.6139 3.12751
0.631 -5.8052 3.24445
0.632 -5.97649 3.34674
0.633 -6.12708 3.43397
0.634 -6.25637 3.5058
0.635 -6.36383 3.56194
0.636 -6.44902 3.60215
0.637 -6.51157 3.62627
0.638 -6.55124 3.6342
0.639 -6.56784 3.62589
0.64 -6.56128 3.60135
0.641 -6.53159 3.56069
0.642 -6.47886 3.50403
0.643 -6.40327 3.43158
0.644 -6.30512 3.34362
0.645 -6.18476 3.24047
0.646 -6.04267 3.12251
0.647 -5.87938 2.9902
0.648 -5.69553 2.84403
0.649 -5.49183 2.68456
0.65 -5.26908 2.51238
0.651 -5.02813 2.32816
0.652 -4.76994 2.1326
0.653 -4.4955 1.92644
0.654 -4.20591 1.71047
0.655 -3.90229 1.48551
0.656 -3.58585 1.25243
0.657 -3.25781 1.01211
0.658 -2.91948 0.765479
0.659 -2.5722 0.513477
0.66 -2.21732 0.25707
0.661 -1.85626 -0.00276056
0.662 -1.49043 -0.265018
0.663 -1.12129 -0.528698
0.664 -0.750304 -0.792789
0.665 -0.37893 -1.05628
0.666 -0.00864356 -1.31816
0.667 0.359088 -1.57743
0.668 0.722807 -1.83309
0.669 1.08107 -2.08417
0.67 1.43246 -2.3297
0.671 1.77557 -2.56875
0.672 2.10906 -2.80039
0.673 2.43159 -3.02376
0.674 2.74188 -3.23799
0.675 3.0387 -3.44226
0.676 3.32088 -3.63581
0.677 3.58729 -3.81789
0.678 3.83688 -3.98781
0.679 4.06866 -4.14494
0.68 4.28172 -4.28867
0.681 4.4752 -4.41847
0.682 4.64834 -4.53385
0.683 4.80047 -4.63437
0.684 4.93099 -4.71968
0.685 5.03938 -4.78945
0.686 5.12522 -4.84344
0.687 5.18818 -4.88145
0.688 5.22802 -4.90335
0.689 5.2446 -4.90908
0.69 5.23787 -4.89864
0.691 5.20787 -4.87208
0.692 5.15474 -4.82954
0.693 5.07871 -4.77118
0.694 4.9801 -4.69727
0.695 4.85932 -4.6081
0.696 4.7169 -4.50404
0.697 4.55341 -4.38552
0.698 4.36954 -4.25301
0.699 4.16605 -4.10704
0.7 3.94379 -3.94819
0.701 3.70366 -3.77711
0.702 3.44668 -3.59446
0.703 3.17389 -3.40098
0.704 2.88643 -3.19742
0.705 2.58548 -2.98459
0.706 2.27228 -2.76332
0.707 1.94813 -2.53448
0.708 1.61436 -2.29897
0.709 1.27236 -2.0577
0.71 0.923534 -1.81161
0.711 0.569328 -1.56167
0.712 0.211206 -1.30884
0.713 -0.14935 -1.05409
0.714 -0.510846 -0.798418
0.715 -0.871786 -0.542796
0.716 -1.23067 -0.288208
0.717 -1.58601 -0.0356276
0.718 -1.93633 0.213982
0.719 -2.28017 0.459674
0.72 -2.6161 0.700518
0.721 -2.94271 0.935607
0.722 -3.25865 1.16406
0.723 -3.56258 1.38502
0.724 -3.85324 1.59768
0.725 -4.12939 1.80125
0.726 -4.38988 1.99498
0.727 -4.6336 2.17817
0.728 -4.85952 2.35017
0.729 -5.06667 2.51037
0.73 -5.25416 2.65821
0.731 -5.42119 2.79317
0.732 -5.56702 2.91482
0.733 -5.69102 3.02274
0.734 -5.79262 3.1166
0.735 -5.87137 3.19612
0.736 -5.9269 3.26108
0.737 -5.95892 3.31132
0.738 -5.96725 3.34673
0.739 -5.95181 3.36728
0.74 -5.9126 3.37299
0.741 -5.84974 3.36395
0.742 -5.76342 3.3403
0.743 -5.65395 3.30225
0.744 -5.5217 3.25006
0.745 -5.36718 3.18405
0.746 -5.19094 3.10462
0.747 -4.99366 3.01219
0.748 -4.77609 2.90724
0.749 -4.53905 2.79033
0.75 -4.28346 2.66204
0.751 -4.01031 2.523
0.752 -3.72065 2.3739
0.753 -3.41562 2.21544
0.754 -3.09641 2.0484
0.755 -2.76426 1.87356
0.756 -2.42048 1.69174
0.757 -2.06642 1.5038
0.758 -1.70347 1.31061
0.759 -1.33307 1.11307
0.76 -0.956682 0.912093
0.761 -0.575788 0.7086
0.762 -0.191899 0.50353
0.763 0.193465 0.297822
0.764 0.578775 0.0924189
0.765 0.962501 -0.11174
0.766 1.34312 -0.313723
0.767 1.71912 -0.512606
0.768 2.089 -0.707482
0.769 2.4513 -0.89746
0.77 2.80457 -1.08167
0.771 3.1474 -1.25928
0.772 3.47844 -1.42946
0.773 3.79635 -1.59144
0.774 4.09988 -1.74446
0.775 4.38782 -1.88783
0.776 4.65902 -2.02088
0.777 4.9124 -2.14298
0.778 5.14696 -2.25357
0.779 5.36176 -2.35211
0.78 5.55595 -2.43814
0.781 5.72876 -2.51123
0.782 5.8795 -2.57103
0.783 6.0076 -2.61722
0.784 6.11253 -2.64956
0.785 6.19389 -2.66786
0.786 6.25138 -2.67199
0.787 6.28476 -2.66189
0.788 6.29394 -2.63755
0.789 6.27887 -2.59902
0.79 6.23965 -2.54642
0.791 6.17644 -2.47993
0.792 6.08953 -2.39978
0.793 5.97927 -2.30628
0.794 5.84615 -2.19976
0.795 5.69071 -2.08065
0.796 5.51361 -1.94941
0.797 5.31558 -1.80655
0.798 5.09746 -1.65265
0.799 4.86013 -1.48832
0.8 4.6046 -1.31422
0.801 4.33192 -1.13106
0.802 4.04322 -0.939586
0.803 3.7397 -0.74058
0.804 3.42261 -0.534859
0.805 3.09327 -0.32327
0.806 2.75304 -0.106689
0.807 2.40333 0.113987
0.808 2.04559 0.337839
0.809 1.68131 0.563935
0.81 1.312 0.791329
0.811 0.939175 1.01907
0.812 0.564398 1.24619
0.813 0.18922 1.47174
0.814 -0.184797 1.69477
0.815 -0.556101 1.91432
0.816 -0.923145 2.12946
0.817 -1.2844 2.33929
0.818 -1.63836 2.54289
0.819 -1.98355 2.73939
0.82 -2.31852 2.92794
0.821 -2.64187 3.10773
0.822 -2.95225 3.27797
0.823 -3.24835 3.43792
0.824 -3.52893 3.58687
0.825 -3.7928 3.72416
0.826 -4.03885 3.84917
0.827 -4.26603 3.96135
0.828 -4.47337 4.06017
0.829 -4.65999 4.14519
0.83 -4.82509 4.21598
0.831 -4.96794 4.27222
0.832 -5.08792 4.31361
0.833 -5.18451 4.33992
0.834 -5.25726 4.35099
0.835 -5.30583 4.34673
0.836 -5.32999 4.32709
0.837 -5.32959 4.29209
0.838 -5.3046 4.24184
0.839 -5.25507 4.17647
0.84 -5.18117 4.09621
0.841 -5.08316 4.00133
0.842 -4.9614 3.89216
0.843 -4.81634 3.76912
0.844 -4.64855 3.63265
0.845 -4.45867 3.48327
0.846 -4.24745 3.32154
0.847 -4.01571 3.14809
0.848 -3.76438 2.96359
0.849 -3.49443 2.76875
0.85 -3.20696 2.56434
0.851 -2.9031 2.35116
0.852 -2.58408 2.13005
0.853 -2.25118 1.90189
0.854 -1.90573 1.66759
0.855 -1.54912 1.42809
0.856 -1.18281 1.18435
0.857 -0.808274 0.937341
0.858 -0.42703 0.688073
0.859 -0.0406297 0.437549
0.86 0.349353 0.186789
0.861 0.741326 -0.0631856
0.862 1.13369 -0.311354
0.863 1.52483 -0.5567
0.864 1.91315 -0.798214
0.865 2.29705 -1.0349
0.866 2.67495 -1.26578
0.867 3.04529 -1.4899
0.868 3.40653 -1.70632
0.869 3.75717 -1.91414
0.87 4.09577 -2.11248
0.871 4.4209 -2.30052
0.872 4.73121 -2.47745
0.873 5.02538 -2.64252
0.874 5.30219 -2.79503
0.875 5.56046 -2.93431
0.876 5.79908 -3.05977
0.877 6.01705 -3.17084
0.878 6.2134 -3.26704
0.879 6.3873 -3.34793
0.88 6.53796 -3.41314
0.881 6.66473 -3.46236
0.882 6.76701 -3.49533
0.883 6.84433 -3.51189
0.884 6.8963 -3.5119
0.885 6.92265 -3.49533
0.886 6.92318 -3.4622
0.887 6.89784 -3.41258
0.888 6.84665 -3.34664
0.889 6.76973 -3.2646
0.89 6.66733 -3.16674
0.891 6.53979 -3.05341
0.892 6.38753 -2.92504
0.893 6.21112 -2.7821
0.894 6.01117 -2.62512
0.895 5.78843 -2.45472
0.896 5.54372 -2.27154
0.897 5.27795 -2.0763
0.898 4.99213 -1.86974
0.899 4.68733 -1.65269
0.9 4.36471 -1.42599
0.901 4.02552 -1.19054
0.902 3.67103 -0.947284
0.903 3.30263 -0.697178
0.904 2.92173 -0.441226
0.905 2.5298 -0.180457
0.906 2.12837 0.0840784
0.907 1.71898 0.351312
0.908 1.30323 0.620158
0.909 0.882743 0.889522
0.91 0.459155 1.1583
0.911 0.0341214 1.4254
0.912 -0.390696 1.68971
0.913 -0.813635 1.95015
0.914 -1.23304 2.20562
0.915 -1.64726 2.45507
0.916 -2.05467 2.69745
0.917 -2.45368 2.93173
0.918 -2.84271 3.15693
0.919 -3.22024 3.37209
0.92 -3.58478 3.57627
0.921 -3.93489 3.7686
0.922 -4.26919 3.94824
0.923 -4.58638 4.11439
0.924 -4.88519 4.26631
0.925 -5.16446 4.40331
0.926 -5.42307 4.52476
0.927 -5.66003 4.63008
0.928 -5.87438 4.71876
0.929 -6.06529 4.79035
0.93 -6.23201 4.84448
0.931 -6.37388 4.88081
0.932 -6.49035 4.89911
0.933 -6.58097 4.89919
0.934 -6.64539 4.88096
0.935 -6.68335 4.84436
0.936 -6.69472 4.78945
0.937 -6.67946 4.71632
0.938 -6.63765 4.62515
0.939 -6.56947 4.5162
0.94 -6.47519 4.38977
0.941 -6.35522 4.24626
0.942 -6.21003 4.08613
0.943 -6.04023 3.90988
0.944 -5.8465 3.71812
0.945 -5.62964 3.51147
0.946 -5.39053 3.29065
0.947 -5.13013 3.05643
0.948 -4.84951 2.8096
0.949 -4.54981 2.55105
0.95 -4.23223 2.28169
0.951 -3.89807 2.00246
0.952 -3.54869 1.71437
0.953 -3.1855 1.41846
0.954 -2.80998 1.11579
0.955 -2.42365 0.807445
0.956 -2.02808 0.494555
0.957 -1.62487 0.178254
0.958 -1.21567 -0.140303
0.959 -0.802138 -0.459953
0.96 -0.385951 -0.779526
0.961 0.0311941 -1.09785
0.962 0.4476 -1.41375
0.963 0.861571 -1.72608
0.964 1.27142 -2.03367
0.965 1.67547 -2.3354
0.966 2.07208 -2.63015
0.967 2.45963 -2.91684
0.968 2.83653 -3.19441
0.969 3.20123 -3.46183
0.97 3.55224 -3.71812
0.971 3.88813 -3.96233
0.972 4.2075 -4.19356
0.973 4.50905 -4.41096
0.974 4.79152 -4.61374
0.975 5.05375 -4.80115
0.976 5.29464 -4.9725
0.977 5.5132 -5.12718
0.978 5.7085 -5.26461
0.979 5.87973 -5.3843
0.98 6.02616 -5.48584
0.981 6.14716 -5.56884
0.982 6.2422 -5.63304
0.983 6.31087 -5.67822
0.984 6.35283 -5.70423
0.985 6.3679 -5.71099
0.986 6.35595 -5.69853
0.987 6.317 -5.6669
0.988 6.25117 -5.61627
0.989 6.15867 -5.54686
0.99 6.03983 -5.45896
0.991 5.89509 -5.35295
0.992 5.72499 -5.22924
0.993 5.53016 -5.08836
0.994 5.31135 -4.93086
0.995 5.06939 -4.75739
0.996 4.80522 -4.56863
0.997 4.51985 -4.36533
0.998 4.21439 -4.14831
0.999 3.89003 -3.91842
1 3.54802 -3.67657
