0.001 2.88591e-008 2.17329e-008
0.002 2.68718e-007 1.73749e-007
0.003 1.2923e-006 7.16259e-007
0.004 4.35304e-006 2.08277e-006
0.005 1.16779e-005 4.88159e-006
0.006 2.67509e-005 9.9006e-006
0.007 5.45849e-005 1.81168e-005
0.008 0.000101979 3.0712e-005
0.009 0.000177758 4.90966e-005
0.01 0.000292996 7.49417e-005
0.011 0.000461216 0.000110221
0.012 0.000698565 0.000157266
0.013 0.00102397 0.000218828
0.014 0.00145926 0.000298157
0.015 0.00202927 0.00039909
0.016 0.00276189 0.000526154
0.017 0.00368813 0.000684682
0.018 0.00484212 0.000880936
0.019 0.00626106 0.00112225
0.02 0.0079852 0.00141717
0.021 0.0100577 0.00177563
0.022 0.0125246 0.00220909
0.023 0.0154345 0.00273075
0.024 0.0188386 0.00335568
0.025 0.0227903 0.00410106
0.026 0.027345 0.00498631
0.027 0.0325599 0.00603328
0.028 0.0384935 0.00726648
0.029 0.0452057 0.00871318
0.03 0.052757 0.0104036
0.031 0.0612081 0.0123711
0.032 0.07062 0.0146523
0.033 0.0810533 0.0172871
0.034 0.0925675 0.020319
0.035 0.105221 0.0237948
0.036 0.119071 0.0277652
0.037 0.134171 0.0322843
0.038 0.150575 0.0374099
0.039 0.16833 0.0432033
0.04 0.187482 0.0497293
0.041 0.208072 0.0570561
0.042 0.230139 0.0652552
0.043 0.253714 0.074401
0.044 0.278823 0.0845707
0.045 0.30549 0.0958441
0.046 0.333729 0.108303
0.047 0.36355 0.122031
0.048 0.394956 0.137115
0.049 0.427941 0.153638
0.05 0.462495 0.17169
0.051 0.4986 0.191355
0.052 0.536227 0.21272
0.053 0.575343 0.23587
0.054 0.615907 0.260887
0.055 0.657867 0.287852
0.056 0.701167 0.316842
0.057 0.745738 0.347929
0.058 0.791509 0.381182
0.059 0.838396 0.416664
0.06 0.886309 0.454432
0.061 0.935153 0.494534
0.062 0.98482 0.537012
0.063 1.0352 0.581899
0.064 1.08618 0.629218
0.065 1.13762 0.678983
0.066 1.1894 0.731196
0.067 1.24139 0.785848
0.068 1.29343 0.842918
0.069 1.34538 0.90237
0.07 1.39709 0.964158
0.071 1.44841 1.02822
0.072 1.49918 1.09447
0.073 1.54923 1.16284
0.074 1.59841 1.2332
0.075 1.64654 1.30543
0.076 1.69347 1.3794
0.077 1.73903 1.45496
0.078 1.78306 1.53193
0.079 1.82539 1.61013
0.08 1.86587 1.68935
0.081 1.90433 1.76938
0.082 1.94062 1.84999
0.083 1.9746 1.93093
0.084 2.00611 2.01193
0.085 2.03501 2.09273
0.086 2.06117 2.17304
0.087 2.08447 2.25256
0.088 2.10478 2.33098
0.089 2.12199 2.40798
0.09 2.13599 2.48323
0.091 2.1467 2.5564
0.092 2.15401 2.62714
0.093 2.15786 2.69511
0.094 2.15818 2.75996
0.095 2.15492 2.82134
0.096 2.14802 2.8789
0.097 2.13745 2.93228
0.098 2.1232 2.98115
0.099 2.10524 3.02517
0.1 2.08358 3.06399
0.101 2.05822 3.0973
0.102 2.0292 3.12477
0.103 1.99655 3.14612
0.104 1.96031 3.16105
0.105 1.92054 3.16929
0.106 1.87732 3.17059
0.107 1.83071 3.16471
0.108 1.78082 3.15144
0.109 1.72775 3.1306
0.11 1.6716 3.10202
0.111 1.61251 3.06555
0.112 1.5506 3.0211
0.113 1.48601 2.96858
0.114 1.41891 2.90793
0.115 1.34944 2.83913
0.116 1.27777 2.7622
0.117 1.20408 2.67718
0.118 1.12855 2.58414
0.119 1.05136 2.4832
0.12 0.972706 2.3745
0.121 0.892786 2.25822
0.122 0.811801 2.13458
0.123 0.729953 2.00382
0.124 0.64745 1.86623
0.125 0.564501 1.72212
0.126 0.481317 1.57184
0.127 0.398108 1.41578
0.128 0.315086 1.25435
0.129 0.232462 1.08799
0.13 0.150443 0.917165
0.131 0.0692371 0.742384
0.132 -0.0109514 0.564168
0.133 -0.089922 0.383064
0.134 -0.167478 0.199643
0.135 -0.243427 0.0144926
0.136 -0.317582 -0.171779
0.137 -0.389762 -0.35855
0.138 -0.459793 -0.545187
0.139 -0.527506 -0.731044
0.14 -0.592742 -0.91547
0.141 -0.655347 -1.09781
0.142 -0.715178 -1.2774
0.143 -0.772099 -1.45358
0.144 -0.825985 -1.62571
0.145 -0.876717 -1.79314
0.146 -0.924191 -1.95522
0.147 -0.968308 -2.11133
0.148 -1.00898 -2.26086
0.149 -1.04614 -2.40323
0.15 -1.07971 -2.53786
0.151 -1.10965 -2.66421
0.152 -1.13591 -2.78175
0.153 -1.15845 -2.89
0.154 -1.17727 -2.9885
0.155 -1.19234 -3.07682
0.156 -1.20368 -3.15458
0.157 -1.2113 -3.22142
0.158 -1.21521 -3.27705
0.159 -1.21547 -3.32118
0.16 -1.21211 -3.3536
0.161 -1.20519 -3.37413
0.162 -1.19479 -3.38264
0.163 -1.18097 -3.37904
0.164 -1.16384 -3.3633
0.165 -1.14349 -3.33542
0.166 -1.12002 -3.29549
0.167 -1.09356 -3.24359
0.168 -1.06424 -3.1799
0.169 -1.03219 -3.10463
0.17 -0.99756 -3.01803
0.171 -0.960495 -2.92042
0.172 -0.921158 -2.81214
0.173 -0.879717 -2.69359
0.174 -0.836344 -2.56523
0.175 -0.79122 -2.42754
0.176 -0.744529 -2.28104
0.177 -0.696462 -2.12631
0.178 -0.647213 -1.96395
0.179 -0.596982 -1.7946
0.18 -0.54597 -1.61894
0.181 -0.494382 -1.43765
0.182 -0.442427 -1.25147
0.183 -0.390314 -1.06116
0.184 -0.338252 -0.867489
0.185 -0.286454 -0.671241
0.186 -0.235129 -0.473224
0.187 -0.184489 -0.274254
0.188 -0.134742 -0.0751564
0.189 -0.0860963 0.123243
0.19 -0.0387555 0.320114
0.191 0.00707827 0.514631
0.192 0.0512071 0.705974
0.193 0.0934375 0.893333
0.194 0.133581 1.07591
0.195 0.171454 1.25292
0.196 0.206879 1.42361
0.197 0.239687 1.58723
0.198 0.269715 1.74308
0.199 0.296806 1.89046
0.2 0.320816 2.02874
0.201 0.341605 2.15728
0.202 0.359046 2.27551
0.203 0.37302 2.38288
0.204 0.38342 2.47891
0.205 0.390148 2.56313
0.206 0.393119 2.63513
0.207 0.392259 2.69456
0.208 0.387506 2.7411
0.209 0.378812 2.77448
0.21 0.366139 2.79451
0.211 0.349464 2.80102
0.212 0.328777 2.7939
0.213 0.304083 2.77311
0.214 0.275397 2.73865
0.215 0.242752 2.69057
0.216 0.206192 2.62899
0.217 0.165776 2.55407
0.218 0.121579 2.46602
0.219 0.073686 2.3651
0.22 0.0221992 2.25165
0.221 -0.0327667 2.12602
0.222 -0.0910833 1.98863
0.223 -0.152609 1.83993
0.224 -0.217188 1.68044
0.225 -0.284653 1.5107
0.226 -0.354824 1.3313
0.227 -0.427508 1.14285
0.228 -0.502503 0.946027
0.229 -0.579592 0.741513
0.23 -0.658551 0.530031
0.231 -0.739145 0.31233
0.232 -0.821129 0.0891845
0.233 -0.904251 -0.138613
0.234 -0.98825 -0.370249
0.235 -1.07286 -0.604897
0.236 -1.1578 -0.841717
0.237 -1.2428 -1.07986
0.238 -1.32758 -1.31848
0.239 -1.41184 -1.55671
0.24 -1.4953 -1.79371
0.241 -1.57767 -2.02861
0.242 -1.65865 -2.26058
0.243 -1.73796 -2.48878
0.244 -1.8153 -2.71239
0.245 -1.89039 -2.93061
0.246 -1.96295 -3.14265
0.247 -2.03269 -3.34775
0.248 -2.09934 -3.54517
0.249 -2.16264 -3.73419
0.25 -2.22232 -3.91413
0.251 -2.27815 -4.08434
0.252 -2.32987 -4.24421
0.253 -2.37727 -4.39314
0.254 -2.42011 -4.5306
0.255 -2.4582 -4.65608
0.256 -2.49135 -4.76911
0.257 -2.51937 -4.86929
0.258 -2.54211 -4.95622
0.259 -2.55943 -5.02957
0.26 -2.57118 -5.08907
0.261 -2.57727 -5.13446
0.262 -2.5776 -5.16556
0.263 -2.57209 -5.18223
0.264 -2.56068 -5.18436
0.265 -2.54334 -5.1719
0.266 -2.52006 -5.14487
0.267 -2.49084 -5.1033
0.268 -2.45569 -5.04729
0.269 -2.41466 -4.97698
0.27 -2.36782 -4.89257
0.271 -2.31525 -4.79428
0.272 -2.25706 -4.6824
0.273 -2.19336 -4.55726
0.274 -2.12431 -4.4192
0.275 -2.05006 -4.26866
0.276 -1.97079 -4.10606
0.277 -1.88672 -3.9319
0.278 -1.79805 -3.7467
0.279 -1.70502 -3.55101
0.28 -1.60788 -3.34542
0.281 -1.50689 -3.13056
0.282 -1.40235 -2.90708
0.283 -1.29454 -2.67565
0.284 -1.18378 -2.43696
0.285 -1.07038 -2.19176
0.286 -0.954669 -1.94077
0.287 -0.836992 -1.68477
0.288 -0.717694 -1.42452
0.289 -0.59713 -1.16082
0.29 -0.475661 -0.894469
0.291 -0.353649 -0.626276
0.292 -0.231464 -0.357054
0.293 -0.109473 -0.0876217
0.294 0.0119539 0.181203
0.295 0.132449 0.448605
0.296 0.251647 0.713771
0.297 0.369186 0.975896
0.298 0.484711 1.23418
0.299 0.59787 1.48785
0.3 0.708324 1.73613
0.301 0.815738 1.97827
0.302 0.919792 2.21352
0.303 1.02018 2.44118
0.304 1.11659 2.66056
0.305 1.20876 2.87099
0.306 1.2964 3.07183
0.307 1.37928 3.26248
0.308 1.45715 3.44235
0.309 1.5298 3.6109
0.31 1.59704 3.76763
0.311 1.65867 3.91206
0.312 1.71456 4.04375
0.313 1.76456 4.16232
0.314 1.80855 4.2674
0.315 1.84644 4.35868
0.316 1.87817 4.4359
0.317 1.90368 4.49882
0.318 1.92295 4.54728
0.319 1.93598 4.58114
0.32 1.94279 4.6003
0.321 1.94341 4.60473
0.322 1.93792 4.59444
0.323 1.9264 4.56949
0.324 1.90897 4.52996
0.325 1.88575 4.47603
0.326 1.85689 4.40787
0.327 1.82257 4.32575
0.328 1.78297 4.22994
0.329 1.73831 4.12079
0.33 1.68882 3.99868
0.331 1.63474 3.86403
0.332 1.57633 3.71732
0.333 1.51386 3.55906
0.334 1.44763 3.3898
0.335 1.37794 3.21013
0.336 1.3051 3.02068
0.337 1.22944 2.82211
0.338 1.15128 2.61512
0.339 1.07098 2.40044
0.34 0.988873 2.17883
0.341 0.905315 1.95107
0.342 0.820662 1.71797
0.343 0.735272 1.48037
0.344 0.649504 1.23911
0.345 0.563716 0.995054
0.346 0.478266 0.749093
0.347 0.393507 0.502115
0.348 0.309788 0.255017
0.349 0.227452 0.00870492
0.35 0.146837 -0.235917
0.351 0.0682686 -0.477945
0.352 -0.00793292 -0.71648
0.353 -0.08146 -0.95063
0.354 -0.152016 -1.17952
0.355 -0.219319 -1.40227
0.356 -0.283098 -1.61805
0.357 -0.343098 -1.82602
0.358 -0.39908 -2.02539
0.359 -0.450821 -2.21536
0.36 -0.498116 -2.39521
0.361 -0.540776 -2.56421
0.362 -0.578632 -2.72168
0.363 -0.611534 -2.86699
0.364 -0.63935 -2.99953
0.365 -0.661969 -3.11875
0.366 -0.6793 -3.22415
0.367 -0.691272 -3.31526
0.368 -0.697834 -3.39166
0.369 -0.698956 -3.45301
0.37 -0.694629 -3.49899
0.371 -0.684864 -3.52935
0.372 -0.669693 -3.54391
0.373 -0.649165 -3.54253
0.374 -0.623353 -3.52512
0.375 -0.592346 -3.49168
0.376 -0.556254 -3.44225
0.377 -0.515205 -3.37693
0.378 -0.469344 -3.29588
0.379 -0.418834 -3.19933
0.38 -0.363853 -3.08756
0.381 -0.304598 -2.96092
0.382 -0.241279 -2.8198
0.383 -0.174119 -2.66466
0.384 -0.103357 -2.49601
0.385 -0.0292423 -2.31442
0.386 0.0479633 -2.12051
0.387 0.127988 -1.91495
0.388 0.210549 -1.69845
0.389 0.295358 -1.47177
0.39 0.382117 -1.23572
0.391 0.470521 -0.99114
0.392 0.560263 -0.738911
0.393 0.651027 -0.479947
0.394 0.742499 -0.21519
0.395 0.83436 0.0543894
0.396 0.92629 0.327799
0.397 1.01797 0.604027
0.398 1.10908 0.882047
0.399 1.19931 1.16082
0.4 1.28834 1.4393
0.401 1.37587 1.71644
0.402 1.46159 1.99119
0.403 1.5452 2.26252
0.404 1.62642 2.52937
0.405 1.70497 2.79075
0.406 1.78057 3.04563
0.407 1.85296 3.29305
0.408 1.92188 3.53204
0.409 1.98711 3.76168
0.41 2.0484 3.98107
0.411 2.10555 4.18936
0.412 2.15834 4.38573
0.413 2.2066 4.5694
0.414 2.25015 4.73964
0.415 2.28883 4.89579
0.416 2.32249 5.0372
0.417 2.35101 5.16331
0.418 2.37428 5.27361
0.419 2.3922 5.36764
0.42 2.40469 5.44501
0.421 2.41169 5.50539
0.422 2.41316 5.5485
0.423 2.40907 5.57416
0.424 2.39941 5.58222
0.425 2.38419 5.57262
0.426 2.36342 5.54536
0.427 2.33715 5.5005
0.428 2.30544 5.43818
0.429 2.26836 5.35859
0.43 2.226 5.262
0.431 2.17846 5.14875
0.432 2.12587 5.01922
0.433 2.06836 4.87387
0.434 2.00609 4.71321
0.435 1.93921 4.53782
0.436 1.86791 4.34831
0.437 1.79238 4.14538
0.438 1.71283 3.92974
0.439 1.62946 3.70218
0.44 1.54251 3.46352
0.441 1.45222 3.21461
0.442 1.35883 2.95635
0.443 1.26259 2.68967
0.444 1.16378 2.41554
0.445 1.06267 2.13492
0.446 0.959534 1.84884
0.447 0.854654 1.55831
0.448 0.748323 1.26437
0.449 0.640833 0.968073
0.45 0.532481 0.670459
0.451 0.423565 0.372583
0.452 0.314383 0.0754929
0.453 0.205237 -0.219771
0.454 0.0964256 -0.512179
0.455 -0.0117539 -0.80072
0.456 -0.119006 -1.0844
0.457 -0.225039 -1.36225
0.458 -0.329566 -1.63333
0.459 -0.432304 -1.89672
0.46 -0.532976 -2.15155
0.461 -0.631314 -2.39698
0.462 -0.727056 -2.63221
0.463 -0.819949 -2.85648
0.464 -0.90975 -3.06909
0.465 -0.996225 -3.26937
0.466 -1.07915 -3.45672
0.467 -1.15832 -3.63057
0.468 -1.23353 -3.79044
0.469 -1.30461 -3.93586
0.47 -1.37137 -4.06646
0.471 -1.43365 -4.1819
0.472 -1.49133 -4.28193
0.473 -1.54427 -4.36632
0.474 -1.59235 -4.43494
0.475 -1.63549 -4.4877
0.476 -1.6736 -4.52457
0.477 -1.70663 -4.54559
0.478 -1.73452 -4.55085
0.479 -1.75724 -4.5405
0.48 -1.7748 -4.51477
0.481 -1.78719 -4.4739
0.482 -1.79443 -4.41824
0.483 -1.79657 -4.34814
0.484 -1.79367 -4.26405
0.485 -1.78579 -4.16643
0.486 -1.77304 -4.0558
0.487 -1.75551 -3.93273
0.488 -1.73333 -3.79784
0.489 -1.70665 -3.65176
0.49 -1.67561 -3.49518
0.491 -1.64039 -3.32881
0.492 -1.60116 -3.1534
0.493 -1.55813 -2.96973
0.494 -1.51151 -2.77857
0.495 -1.46151 -2.58076
0.496 -1.40837 -2.37713
0.497 -1.35233 -2.16851
0.498 -1.29364 -1.95576
0.499 -1.23257 -1.73976
0.5 -1.16938 -1.52135
0.501 -1.10436 -1.30141
0.502 -1.03777 -1.0808
0.503 -0.969913 -0.860377
0.504 -0.901072 -0.640985
0.505 -0.83154 -0.423457
0.506 -0.761611 -0.208612
0.507 -0.691579 0.00275255
0.508 -0.621737 0.209858
0.509 -0.552377 0.411951
0.51 -0.483786 0.608305
0.511 -0.41625 0.798221
0.512 -0.350048 0.981033
0.513 -0.285454 1.15611
0.514 -0.222732 1.32284
0.515 -0.162142 1.48069
0.516 -0.103931 1.62911
0.517 -0.0483382 1.76762
0.518 0.00440955 1.8958
0.519 0.0540968 2.01323
0.52 0.100521 2.11956
0.521 0.143494 2.21448
0.522 0.18284 2.29773
0.523 0.218401 2.36908
0.524 0.250032 2.42836
0.525 0.277606 2.47544
0.526 0.301012 2.51022
0.527 0.320155 2.53269
0.528 0.334961 2.54283
0.529 0.345369 2.5407
0.53 0.35134 2.5264
0.531 0.352851 2.50005
0.532 0.349898 2.46184
0.533 0.342495 2.41198
0.534 0.330674 2.35074
0.535 0.314485 2.27841
0.536 0.293997 2.19533
0.537 0.269294 2.10186
0.538 0.240478 1.9984
0.539 0.207671 1.88539
0.54 0.171006 1.76329
0.541 0.130634 1.6326
0.542 0.0867225 1.49383
0.543 0.0394505 1.34752
0.544 -0.0109879 1.19425
0.545 -0.0643862 1.03459
0.546 -0.120526 0.869141
0.547 -0.179179 0.698529
0.548 -0.240104 0.523383
0.549 -0.303055 0.344344
0.55 -0.367774 0.162065
0.551 -0.433999 -0.022796
0.552 -0.50146 -0.209575
0.553 -0.569884 -0.397607
0.554 -0.638994 -0.586226
0.555 -0.708511 -0.774767
0.556 -0.778152 -0.962571
0.557 -0.847636 -1.14898
0.558 -0.916685 -1.33336
0.559 -0.985018 -1.51506
0.56 -1.05236 -1.69347
0.561 -1.11845 -1.86797
0.562 -1.183 -2.03798
0.563 -1.24578 -2.20291
0.564 -1.30652 -2.3622
0.565 -1.36498 -2.51534
0.566 -1.42093 -2.66179
0.567 -1.47414 -2.80108
0.568 -1.52441 -2.93273
0.569 -1.57152 -3.05632
0.57 -1.61531 -3.17144
0.571 -1.65558 -3.2777
0.572 -1.69219 -3.37476
0.573 -1.72498 -3.46231
0.574 -1.75383 -3.54005
0.575 -1.77861 -3.60774
0.576 -1.79924 -3.66515
0.577 -1.81562 -3.71211
0.578 -1.8277 -3.74846
0.579 -1.83541 -3.7741
0.58 -1.83873 -3.78893
0.581 -1.83764 -3.79293
0.582 -1.83213 -3.78608
0.583 -1.82223 -3.76841
0.584 -1.80797 -3.73998
0.585 -1.78939 -3.7009
0.586 -1.76655 -3.65129
0.587 -1.73954 -3.59134
0.588 -1.70844 -3.52123
0.589 -1.67337 -3.4412
0.59 -1.63444 -3.35152
0.591 -1.59179 -3.2525
0.592 -1.54557 -3.14446
0.593 -1.49592 -3.02775
0.594 -1.44303 -2.90277
0.595 -1.38706 -2.76994
0.596 -1.32822 -2.62968
0.597 -1.26668 -2.48247
0.598 -1.20266 -2.32879
0.599 -1.13636 -2.16915
0.6 -1.06801 -2.00408
0.601 -0.997812 -1.83411
0.602 -0.926004 -1.65983
0.603 -0.852808 -1.48178
0.604 -0.778454 -1.30058
0.605 -0.70317 -1.1168
0.606 -0.627188 -0.931056
0.607 -0.550735 -0.743956
0.608 -0.474039 -0.556116
0.609 -0.397325 -0.368149
0.61 -0.320812 -0.180671
0.611 -0.244719 0.00570635
0.612 -0.169256 0.190376
0.613 -0.0946293 0.372736
0.614 -0.0210376 0.552198
0.615 0.0513271 0.728182
0.616 0.122281 0.900121
0.617 0.191649 1.06747
0.618 0.259265 1.22968
0.619 0.324971 1.38626
0.62 0.388621 1.5367
0.621 0.450079 1.68055
0.622 0.509219 1.81735
0.623 0.565925 1.94669
0.624 0.620096 2.06819
0.625 0.671638 2.18148
0.626 0.720471 2.28624
0.627 0.766527 2.38218
0.628 0.809748 2.46903
0.629 0.850089 2.54658
0.63 0.887515 2.61463
0.631 0.922006 2.67303
0.632 0.953548 2.72167
0.633 0.982143 2.76047
0.634 1.0078 2.7894
0.635 1.03054 2.80844
0.636 1.0504 2.81765
0.637 1.06742 2.81709
0.638 1.08165 2.80688
0.639 1.09314 2.78717
0.64 1.10197 2.75816
0.641 1.10822 2.72007
0.642 1.11196 2.67315
0.643 1.1133 2.61771
0.644 1.11232 2.55407
0.645 1.10913 2.4826
0.646 1.10384 2.40368
0.647 1.09657 2.31774
0.648 1.08743 2.22522
0.649 1.07655 2.12659
0.65 1.06404 2.02235
0.651 1.05004 1.91302
0.652 1.03468 1.79913
0.653 1.01808 1.68124
0.654 1.00038 1.5599
0.655 0.981712 1.4357
0.656 0.962204 1.30923
0.657 0.941988 1.18109
0.658 0.921193 1.05186
0.659 0.899947 0.922157
0.66 0.878374 0.792575
0.661 0.856597 0.663712
0.662 0.834735 0.536157
0.663 0.812904 0.410493
0.664 0.791216 0.28729
0.665 0.769779 0.167105
0.666 0.748695 0.0504773
0.667 0.728064 -0.0620706
0.668 0.707978 -0.170038
0.669 0.688525 -0.272948
0.67 0.669788 -0.370347
0.671 0.651844 -0.461811
0.672 0.634763 -0.546943
0.673 0.618611 -0.625379
0.674 0.603447 -0.696787
0.675 0.589324 -0.760866
0.676 0.576287 -0.817355
0.677 0.564379 -0.866027
0.678 0.553633 -0.906691
0.679 0.544077 -0.939196
0.68 0.535734 -0.963431
0.681 0.52862 -0.979321
0.682 0.522745 -0.986832
0.683 0.518114 -0.985971
0.684 0.514725 -0.976783
0.685 0.512571 -0.959351
0.686 0.51164 -0.933798
0.687 0.511916 -0.900286
0.688 0.513374 -0.859012
0.689 0.515989 -0.810209
0.69 0.519727 -0.754148
0.691 0.524554 -0.69113
0.692 0.530427 -0.621489
0.693 0.537304 -0.54559
0.694 0.545135 -0.463826
0.695 0.55387 -0.376617
0.696 0.563453 -0.284407
0.697 0.573826 -0.187661
0.698 0.58493 -0.0868661
0.699 0.596701 0.0174738
0.7 0.609074 0.12484
0.701 0.621983 0.234701
0.702 0.635359 0.346516
0.703 0.649132 0.459735
0.704 0.663231 0.573805
0.705 0.677584 0.688172
0.706 0.692119 0.80228
0.707 0.706762 0.915577
0.708 0.721441 1.02752
0.709 0.736083 1.13757
0.71 0.750616 1.2452
0.711 0.764968 1.3499
0.712 0.779067 1.45118
0.713 0.792845 1.54855
0.714 0.806232 1.64156
0.715 0.819162 1.72978
0.716 0.831569 1.81279
0.717 0.843391 1.89022
0.718 0.854564 1.96171
0.719 0.865032 2.02693
0.72 0.874737 2.08559
0.721 0.883626 2.13743
0.722 0.891647 2.18223
0.723 0.898754 2.21979
0.724 0.9049 2.24995
0.725 0.910045 2.2726
0.726 0.91415 2.28764
0.727 0.91718 2.29503
0.728 0.919106 2.29477
0.729 0.919898 2.28687
0.73 0.919534 2.27139
0.731 0.917995 2.24843
0.732 0.915264 2.21813
0.733 0.91133 2.18064
0.734 0.906184 2.13616
0.735 0.899825 2.08493
0.736 0.892251 2.0272
0.737 0.883467 1.96327
0.738 0.873482 1.89344
0.739 0.862309 1.81807
0.74 0.849964 1.73751
0.741 0.836466 1.65215
0.742 0.821842 1.5624
0.743 0.806118 1.46869
0.744 0.789327 1.37144
0.745 0.771503 1.27112
0.746 0.752686 1.16818
0.747 0.732916 1.06311
0.748 0.712241 0.95636
0.749 0.690706 0.848429
0.75 0.668363 0.739793
0.751 0.645266 0.630932
0.752 0.621469 0.522322
0.753 0.597031 0.414432
0.754 0.572012 0.307725
0.755 0.546472 0.202652
0.756 0.520474 0.0996509
0.757 0.494083 -0.000854526
0.758 0.467363 -0.0984573
0.759 0.440379 -0.192769
0.76 0.413196 -0.283422
0.761 0.385881 -0.37007
0.762 0.358498 -0.452391
0.763 0.331113 -0.530087
0.764 0.303788 -0.602888
0.765 0.276588 -0.670548
0.766 0.249572 -0.732854
0.767 0.222801 -0.789617
0.768 0.196331 -0.840681
0.769 0.170218 -0.88592
0.77 0.144515 -0.925238
0.771 0.11927 -0.958569
0.772 0.0945309 -0.985878
0.773 0.0703402 -1.00716
0.774 0.0467377 -1.02245
0.775 0.0237593 -1.03179
0.776 0.00143677 -1.03528
0.777 -0.020202 -1.03303
0.778 -0.0411337 -1.02518
0.779 -0.0613393 -1.01191
0.78 -0.0808042 -0.993399
0.781 -0.0995187 -0.969879
0.782 -0.117477 -0.941589
0.783 -0.13468 -0.908796
0.784 -0.151131 -0.871786
0.785 -0.16684 -0.830863
0.786 -0.18182 -0.786349
0.787 -0.196089 -0.73858
0.788 -0.209671 -0.687908
0.789 -0.222593 -0.634694
0.79 -0.234888 -0.57931
0.791 -0.24659 -0.522137
0.792 -0.25774 -0.46356
0.793 -0.268382 -0.40397
0.794 -0.278562 -0.343759
0.795 -0.288331 -0.283318
0.796 -0.297742 -0.223039
0.797 -0.306852 -0.163308
0.798 -0.315717 -0.104508
0.799 -0.3244 -0.0470119
0.8 -0.332961 0.00881399
0.801 -0.341463 0.0626152
0.802 -0.349971 0.114049
0.803 -0.358549 0.162787
0.804 -0.36726 0.208515
0.805 -0.376169 0.250937
0.806 -0.385338 0.289772
0.807 -0.39483 0.324762
0.808 -0.404705 0.355666
0.809 -0.415021 0.382265
0.81 -0.425833 0.404363
0.811 -0.437193 0.421784
0.812 -0.449151 0.434377
0.813 -0.461753 0.442016
0.814 -0.47504 0.444598
0.815 -0.489048 0.442044
0.816 -0.50381 0.4343
0.817 -0.519353 0.421338
0.818 -0.535699 0.403153
0.819 -0.552863 0.379766
0.82 -0.570856 0.351221
0.821 -0.589681 0.317589
0.822 -0.609337 0.278961
0.823 -0.629814 0.235452
0.824 -0.651096 0.187202
0.825 -0.673163 0.134368
0.826 -0.695986 0.0771328
0.827 -0.719528 0.0156955
0.828 -0.743748 -0.0497242
0.829 -0.768598 -0.118889
0.83 -0.794023 -0.191544
0.831 -0.819961 -0.26742
0.832 -0.846345 -0.346232
0.833 -0.873102 -0.427682
0.834 -0.900152 -0.511459
0.835 -0.927412 -0.597245
0.836 -0.954792 -0.684707
0.837 -0.982199 -0.773509
0.838 -1.00953 -0.863305
0.839 -1.0367 -0.953746
0.84 -1.06358 -1.04448
0.841 -1.09007 -1.13514
0.842 -1.11607 -1.22539
0.843 -1.14146 -1.31485
0.844 -1.16613 -1.40318
0.845 -1.18996 -1.49002
0.846 -1.21283 -1.57502
0.847 -1.23464 -1.65785
0.848 -1.25528 -1.73816
0.849 -1.27462 -1.81563
0.85 -1.29256 -1.88995
0.851 -1.309 -1.96079
0.852 -1.32384 -2.02788
0.853 -1.33697 -2.09092
0.854 -1.34829 -2.14964
0.855 -1.35773 -2.20379
0.856 -1.3652 -2.25314
0.857 -1.37062 -2.29744
0.858 -1.37392 -2.33651
0.859 -1.37504 -2.37015
0.86 -1.37393 -2.3982
0.861 -1.37053 -2.42049
0.862 -1.36481 -2.4369
0.863 -1.35674 -2.44732
0.864 -1.3463 -2.45166
0.865 -1.33347 -2.44984
0.866 -1.31825 -2.44183
0.867 -1.30066 -2.42758
0.868 -1.28071 -2.4071
0.869 -1.25842 -2.3804
0.87 -1.23383 -2.34752
0.871 -1.207 -2.30851
0.872 -1.17797 -2.26346
0.873 -1.14682 -2.21246
0.874 -1.11362 -2.15565
0.875 -1.07845 -2.09316
0.876 -1.04141 -2.02515
0.877 -1.0026 -1.95181
0.878 -0.96214 -1.87334
0.879 -0.920138 -1.78996
0.88 -0.876724 -1.70192
0.881 -0.832033 -1.60946
0.882 -0.786203 -1.51287
0.883 -0.739381 -1.41242
0.884 -0.691717 -1.30844
0.885 -0.643367 -1.20123
0.886 -0.594491 -1.09113
0.887 -0.545251 -0.978479
0.888 -0.495812 -0.863643
0.889 -0.446343 -0.746985
0.89 -0.39701 -0.628881
0.891 -0.347984 -0.509713
0.892 -0.299431 -0.389874
0.893 -0.25152 -0.269758
0.894 -0.204416 -0.149767
0.895 -0.158281 -0.0303036
0.896 -0.113274 0.0882276
0.897 -0.0695504 0.205421
0.898 -0.0272606 0.320874
0.899 0.0134509 0.434183
0.9 0.0524457 0.544953
0.901 0.0895925 0.65279
0.902 0.124767 0.757311
0.903 0.157854 0.858137
0.904 0.188746 0.954902
0.905 0.217345 1.04725
0.906 0.243563 1.13484
0.907 0.267321 1.21733
0.908 0.288553 1.29442
0.909 0.307201 1.36581
0.91 0.32322 1.43122
0.911 0.336575 1.49038
0.912 0.347245 1.54305
0.913 0.355217 1.58902
0.914 0.360495 1.62809
0.915 0.363089 1.66009
0.916 0.363026 1.68487
0.917 0.360342 1.7023
0.918 0.355085 1.71229
0.919 0.347315 1.71477
0.92 0.337103 1.7097
0.921 0.324531 1.69706
0.922 0.309692 1.67688
0.923 0.292689 1.64919
0.924 0.273635 1.61407
0.925 0.252652 1.57162
0.926 0.229872 1.52197
0.927 0.205433 1.4653
0.928 0.179484 1.40179
0.929 0.152179 1.33165
0.93 0.123678 1.25516
0.931 0.0941478 1.17257
0.932 0.063761 1.08419
0.933 0.0326932 0.990363
0.934 0.0011242 0.89144
0.935 -0.0307635 0.787804
0.936 -0.0627854 0.679861
0.937 -0.0947554 0.568038
0.938 -0.126487 0.452785
0.939 -0.157795 0.33457
0.94 -0.188494 0.213879
0.941 -0.2184 0.0912154
0.942 -0.247334 -0.0329055
0.943 -0.275119 -0.157954
0.944 -0.301581 -0.283391
0.945 -0.326553 -0.408669
0.946 -0.349872 -0.533233
0.947 -0.371382 -0.656524
0.948 -0.390934 -0.777984
0.949 -0.408388 -0.897051
0.95 -0.423608 -1.01317
0.951 -0.436471 -1.12578
0.952 -0.446861 -1.23435
0.953 -0.454672 -1.33834
0.954 -0.459809 -1.43722
0.955 -0.462186 -1.53049
0.956 -0.46173 -1.61765
0.957 -0.458376 -1.69824
0.958 -0.452075 -1.77179
0.959 -0.442785 -1.83789
0.96 -0.430479 -1.89612
0.961 -0.415141 -1.94612
0.962 -0.396766 -1.98753
0.963 -0.375363 -2.02004
0.964 -0.350951 -2.04338
0.965 -0.323562 -2.05729
0.966 -0.293241 -2.06156
0.967 -0.260042 -2.05602
0.968 -0.224032 -2.04054
0.969 -0.185291 -2.01501
0.97 -0.143906 -1.97939
0.971 -0.0999767 -1.93367
0.972 -0.053614 -1.87786
0.973 -0.00493726 -1.81204
0.974 0.0459246 -1.73633
0.975 0.0988336 -1.65087
0.976 0.153643 -1.55588
0.977 0.2102 -1.45158
0.978 0.268341 -1.33826
0.979 0.327899 -1.21624
0.98 0.388699 -1.08589
0.981 0.450562 -0.947591
0.982 0.513303 -0.801797
0.983 0.576733 -0.648975
0.984 0.640659 -0.489635
0.985 0.704887 -0.324315
0.986 0.769219 -0.153586
0.987 0.833455 0.0219531
0.988 0.897397 0.201677
0.989 0.960845 0.384938
0.99 1.0236 0.571065
0.991 1.08546 0.759371
0.992 1.14624 0.949151
0.993 1.20573 1.13969
0.994 1.26375 1.33026
0.995 1.32012 1.52012
0.996 1.37465 1.70854
0.997 1.42716 1.89478
0.998 1.47749 2.07811
0.999 1.52546 2.25778
1 1.57093 2.43308
