0.001 3.39925e-008 2.59488e-009
0.002 3.09675e-007 2.08378e-008
0.003 1.46061e-006 8.64596e-008
0.004 4.84027e-006 2.53673e-007
0.005 1.28129e-005 6.01589e-007
0.006 2.90342e-005 1.23828e-006
0.007 5.87199e-005 2.30694e-006
0.008 0.000108899 3.99449e-006
0.009 0.000188649 6.54314e-006
0.01 0.000309314 1.02651e-005
0.011 0.000484697 1.5561e-005
0.012 0.000731231 2.29416e-005
0.013 0.00106812 3.30543e-005
0.014 0.00151748 4.67135e-005
0.015 0.00210439 6.49347e-005
0.016 0.00285697 8.89742e-005
0.017 0.00380642 0.000120372
0.018 0.00498702 0.000161
0.019 0.00643605 0.000213115
0.02 0.00819377 0.000279411
0.021 0.0103033 0.000363084
0.022 0.0128105 0.000467896
0.023 0.0157637 0.000598235
0.024 0.0192137 0.000759192
0.025 0.0232134 0.000956633
0.026 0.0278175 0.00119727
0.027 0.0330824 0.00148873
0.028 0.0390655 0.00183965
0.029 0.0458254 0.00225974
0.03 0.0534211 0.00275985
0.031 0.0619116 0.00335208
0.032 0.0713559 0.0040498
0.033 0.081812 0.00486777
0.034 0.0933371 0.00582217
0.035 0.105986 0.00693069
0.036 0.119813 0.00821256
0.037 0.134869 0.00968861
0.038 0.1512 0.0113813
0.039 0.168852 0.0133149
0.04 0.187863 0.0155151
0.041 0.208271 0.0180097
0.042 0.230106 0.0208279
0.043 0.253392 0.0240008
0.044 0.27815 0.0275611
0.045 0.304393 0.0315434
0.046 0.332127 0.0359837
0.047 0.361352 0.0409197
0.048 0.39206 0.0463907
0.049 0.424234 0.0524373
0.05 0.457853 0.0591015
0.051 0.492883 0.0664265
0.052 0.529284 0.0744568
0.053 0.567008 0.0832376
0.054 0.605997 0.0928151
0.055 0.646184 0.103236
0.056 0.687494 0.114547
0.057 0.729842 0.126797
0.058 0.773136 0.140032
0.059 0.817274 0.1543
0.06 0.862145 0.169647
0.061 0.907631 0.18612
0.062 0.953606 0.203765
0.063 0.999935 0.222624
0.064 1.04648 0.24274
0.065 1.09308 0.264154
0.066 1.13959 0.286904
0.067 1.18586 0.311027
0.068 1.2317 0.336555
0.069 1.27695 0.363518
0.07 1.32144 0.391944
0.071 1.36498 0.421855
0.072 1.4074 0.453271
0.073 1.44851 0.486205
0.074 1.48813 0.520669
0.075 1.52607 0.556666
0.076 1.56214 0.594198
0.077 1.59617 0.633257
0.078 1.62798 0.673832
0.079 1.65738 0.715905
0.08 1.6842 0.759453
0.081 1.70828 0.804445
0.082 1.72946 0.850843
0.083 1.74756 0.898603
0.084 1.76246 0.947673
0.085 1.77401 0.997994
0.086 1.78208 1.0495
0.087 1.78654 1.10212
0.088 1.78731 1.15577
0.089 1.78426 1.21036
0.09 1.77733 1.2658
0.091 1.76644 1.32198
0.092 1.75154 1.37878
0.093 1.73259 1.43611
0.094 1.70955 1.49381
0.095 1.68242 1.55178
0.096 1.6512 1.60985
0.097 1.61592 1.6679
0.098 1.57662 1.72576
0.099 1.53334 1.78327
0.1 1.48617 1.84029
0.101 1.43519 1.89662
0.102 1.38052 1.95211
0.103 1.32227 2.00657
0.104 1.2606 2.05983
0.105 1.19565 2.11169
0.106 1.12761 2.16197
0.107 1.05666 2.21048
0.108 0.983024 2.25702
0.109 0.90691 2.30142
0.11 0.828561 2.34346
0.111 0.748228 2.38297
0.112 0.666173 2.41976
0.113 0.582675 2.45362
0.114 0.498019 2.48439
0.115 0.412505 2.51187
0.116 0.326438 2.53589
0.117 0.240133 2.55628
0.118 0.153913 2.57287
0.119 0.0681041 2.5855
0.12 -0.0169613 2.59402
0.121 -0.100949 2.59829
0.122 -0.183522 2.59816
0.123 -0.264344 2.59351
0.124 -0.34308 2.58423
0.125 -0.419397 2.57021
0.126 -0.492966 2.55136
0.127 -0.563463 2.52761
0.128 -0.630574 2.49887
0.129 -0.693989 2.46511
0.13 -0.753411 2.42628
0.131 -0.808553 2.38236
0.132 -0.859142 2.33333
0.133 -0.904918 2.27921
0.134 -0.945636 2.22002
0.135 -0.98107 2.1558
0.136 -1.01101 2.0866
0.137 -1.03526 2.0125
0.138 -1.05366 1.93358
0.139 -1.06606 1.84995
0.14 -1.07233 1.76174
0.141 -1.07236 1.66909
0.142 -1.06608 1.57215
0.143 -1.05344 1.4711
0.144 -1.0344 1.36613
0.145 -1.00896 1.25746
0.146 -0.977148 1.14529
0.147 -0.93901 1.02988
0.148 -0.894624 0.911471
0.149 -0.844094 0.790339
0.15 -0.78755 0.666765
0.151 -0.72515 0.541044
0.152 -0.657078 0.413484
0.153 -0.583546 0.284405
0.154 -0.504788 0.154137
0.155 -0.421067 0.0230204
0.156 -0.332668 -0.108597
0.157 -0.239901 -0.240358
0.158 -0.143099 -0.3719
0.159 -0.0426141 -0.502855
0.16 0.0611781 -0.63285
0.161 0.167884 -0.761508
0.162 0.277092 -0.888452
0.163 0.388373 -1.0133
0.164 0.501285 -1.13569
0.165 0.615371 -1.25523
0.166 0.730162 -1.37155
0.167 0.845181 -1.48429
0.168 0.959941 -1.59308
0.169 1.07395 -1.69757
0.17 1.18671 -1.79743
0.171 1.29772 -1.8923
0.172 1.40649 -1.98187
0.173 1.51251 -2.06584
0.174 1.61529 -2.14389
0.175 1.71435 -2.21576
0.176 1.8092 -2.28117
0.177 1.89938 -2.33989
0.178 1.98442 -2.39168
0.179 2.06388 -2.43634
0.18 2.13733 -2.47367
0.181 2.20437 -2.50352
0.182 2.2646 -2.52574
0.183 2.31766 -2.54022
0.184 2.3632 -2.54685
0.185 2.4009 -2.54557
0.186 2.43046 -2.53634
0.187 2.45163 -2.51913
0.188 2.46417 -2.49397
0.189 2.46787 -2.46087
0.19 2.46257 -2.4199
0.191 2.44811 -2.37116
0.192 2.42441 -2.31476
0.193 2.39139 -2.25084
0.194 2.34902 -2.17958
0.195 2.2973 -2.10116
0.196 2.23627 -2.01582
0.197 2.16601 -1.9238
0.198 2.08663 -1.82538
0.199 1.99828 -1.72085
0.2 1.90115 -1.61055
0.201 1.79547 -1.4948
0.202 1.68149 -1.37399
0.203 1.55952 -1.24849
0.204 1.42987 -1.11872
0.205 1.29292 -0.985103
0.206 1.14906 -0.848081
0.207 0.998724 -0.708112
0.208 0.842362 -0.565671
0.209 0.680464 -0.421243
0.21 0.513542 -0.275326
0.211 0.342135 -0.128427
0.212 0.166804 0.01894
0.213 -0.0118695 0.166254
0.214 -0.193284 0.31299
0.215 -0.376821 0.458621
0.216 -0.561848 0.602618
0.217 -0.74772 0.744455
0.218 -0.933784 0.883608
0.219 -1.11938 1.01956
0.22 -1.30383 1.1518
0.221 -1.48648 1.27981
0.222 -1.66666 1.40312
0.223 -1.8437 1.52125
0.224 -2.01694 1.63371
0.225 -2.18573 1.74007
0.226 -2.34944 1.8399
0.227 -2.50743 1.93278
0.228 -2.65911 2.01833
0.229 -2.80388 2.09617
0.23 -2.94116 2.16596
0.231 -3.07043 2.22738
0.232 -3.19115 2.28014
0.233 -3.30284 2.32399
0.234 -3.40504 2.35868
0.235 -3.49732 2.38402
0.236 -3.57929 2.39982
0.237 -3.6506 2.40597
0.238 -3.71092 2.40233
0.239 -3.75999 2.38886
0.24 -3.79756 2.3655
0.241 -3.82344 2.33225
0.242 -3.83747 2.28915
0.243 -3.83957 2.23625
0.244 -3.82965 2.17367
0.245 -3.80771 2.10153
0.246 -3.77378 2.02
0.247 -3.72793 1.9293
0.248 -3.67028 1.82965
0.249 -3.60101 1.72133
0.25 -3.52034 1.60464
0.251 -3.42851 1.47991
0.252 -3.32584 1.34751
0.253 -3.21268 1.20783
0.254 -3.08941 1.0613
0.255 -2.95647 0.908346
0.256 -2.81433 0.749458
0.257 -2.66349 0.585128
0.258 -2.50451 0.415872
0.259 -2.33797 0.242229
0.26 -2.16448 0.0647535
0.261 -1.98469 -0.115981
0.262 -1.79925 -0.299389
0.263 -1.60888 -0.484872
0.264 -1.41429 -0.67182
0.265 -1.21622 -0.859618
0.266 -1.01543 -1.04764
0.267 -0.812682 -1.23527
0.268 -0.608763 -1.42187
0.269 -0.404462 -1.60681
0.27 -0.200575 -1.78949
0.271 0.00210146 -1.96926
0.272 0.202772 -2.14554
0.273 0.400644 -2.31771
0.274 0.594934 -2.4852
0.275 0.784868 -2.64742
0.276 0.969688 -2.80382
0.277 1.14865 -2.95387
0.278 1.32103 -3.09704
0.279 1.48614 -3.23285
0.28 1.64329 -3.36082
0.281 1.79184 -3.48051
0.282 1.93118 -3.5915
0.283 2.06073 -3.69341
0.284 2.17995 -3.78588
0.285 2.28832 -3.8686
0.286 2.3854 -3.94127
0.287 2.47076 -4.00363
0.288 2.54402 -4.05548
0.289 2.60485 -4.09663
0.29 2.65298 -4.12693
0.291 2.68818 -4.14629
0.292 2.71027 -4.15463
0.293 2.71911 -4.15193
0.294 2.71464 -4.13819
0.295 2.69684 -4.11348
0.296 2.66573 -4.07787
0.297 2.62139 -4.0315
0.298 2.56398 -3.97453
0.299 2.49367 -3.90716
0.3 2.41072 -3.82965
0.301 2.31542 -3.74225
0.302 2.20812 -3.6453
0.303 2.08921 -3.53913
0.304 1.95913 -3.42412
0.305 1.81839 -3.30068
0.306 1.66752 -3.16925
0.307 1.5071 -3.03031
0.308 1.33774 -2.88434
0.309 1.16012 -2.73188
0.31 0.974912 -2.57345
0.311 0.782862 -2.40962
0.312 0.584724 -2.24097
0.313 0.381287 -2.06811
0.314 0.173362 -1.89164
0.315 -0.0382172 -1.71219
0.316 -0.252598 -1.53039
0.317 -0.468915 -1.34688
0.318 -0.686289 -1.16231
0.319 -0.903834 -0.977323
0.32 -1.12066 -0.792563
0.321 -1.33587 -0.608677
0.322 -1.54859 -0.426303
0.323 -1.75792 -0.246072
0.324 -1.963 -0.0686036
0.325 -2.16297 0.105493
0.326 -2.35698 0.275625
0.327 -2.54422 0.441217
0.328 -2.72388 0.601711
0.329 -2.8952 0.756572
0.33 -3.05744 0.905289
0.331 -3.20988 1.04737
0.332 -3.35187 1.18237
0.333 -3.48277 1.30985
0.334 -3.60199 1.4294
0.335 -3.70899 1.54068
0.336 -3.80327 1.64333
0.337 -3.88439 1.73706
0.338 -3.95194 1.82162
0.339 -4.00559 1.89677
0.34 -4.04504 1.96234
0.341 -4.07007 2.01816
0.342 -4.08049 2.06413
0.343 -4.07619 2.10018
0.344 -4.05711 2.12628
0.345 -4.02324 2.14244
0.346 -3.97465 2.14871
0.347 -3.91146 2.14518
0.348 -3.83384 2.13196
0.349 -3.74203 2.10924
0.35 -3.63632 2.07722
0.351 -3.51706 2.03612
0.352 -3.38466 1.98624
0.353 -3.23957 1.92787
0.354 -3.08231 1.86137
0.355 -2.91344 1.78712
0.356 -2.73357 1.7055
0.357 -2.54336 1.61698
0.358 -2.34351 1.52199
0.359 -2.13476 1.42103
0.36 -1.91789 1.31462
0.361 -1.69371 1.20327
0.362 -1.46306 1.08754
0.363 -1.22683 0.967997
0.364 -0.985912 0.845213
0.365 -0.741222 0.719782
0.366 -0.4937 0.592301
0.367 -0.244298 0.463379
0.368 0.0060218 0.333623
0.369 0.256292 0.203646
0.37 0.505543 0.0740586
0.371 0.752806 -0.054533
0.372 0.997118 -0.181528
0.373 1.23753 -0.306334
0.374 1.47309 -0.428369
0.375 1.70289 -0.547067
0.376 1.92602 -0.661875
0.377 2.14161 -0.77226
0.378 2.34881 -0.877708
0.379 2.5468 -0.977728
0.38 2.73481 -1.07185
0.381 2.91209 -1.15965
0.382 3.07795 -1.24069
0.383 3.23172 -1.31461
0.384 3.37281 -1.38106
0.385 3.50066 -1.43971
0.386 3.61476 -1.49028
0.387 3.71467 -1.53254
0.388 3.79999 -1.56626
0.389 3.87039 -1.59128
0.39 3.92561 -1.60746
0.391 3.96542 -1.6147
0.392 3.98969 -1.61296
0.393 3.99832 -1.60221
0.394 3.9913 -1.58249
0.395 3.96867 -1.55384
0.396 3.93053 -1.51637
0.397 3.87706 -1.47023
0.398 3.80849 -1.4156
0.399 3.72512 -1.35268
0.4 3.62731 -1.28174
0.401 3.51547 -1.20305
0.402 3.39009 -1.11696
0.403 3.2517 -1.0238
0.404 3.10088 -0.923979
0.405 2.93828 -0.817901
0.406 2.76459 -0.706015
0.407 2.58055 -0.588792
0.408 2.38695 -0.466729
0.409 2.1846 -0.340344
0.41 1.97437 -0.210174
0.411 1.75716 -0.0767753
0.412 1.53389 0.0592825
0.413 1.30552 0.197416
0.414 1.07303 0.337031
0.415 0.837413 0.477526
0.416 0.599687 0.618296
0.417 0.360874 0.758731
0.418 0.122006 0.898223
0.419 -0.115885 1.03617
0.42 -0.351766 1.17196
0.421 -0.584611 1.30501
0.422 -0.813403 1.43473
0.423 -1.03714 1.56056
0.424 -1.25484 1.68195
0.425 -1.46555 1.79835
0.426 -1.66832 1.90925
0.427 -1.86225 2.01417
0.428 -2.04649 2.11263
0.429 -2.22019 2.20419
0.43 -2.38257 2.28845
0.431 -2.53288 2.36502
0.432 -2.67043 2.43355
0.433 -2.79458 2.49373
0.434 -2.90474 2.54529
0.435 -3.00037 2.58797
0.436 -3.081 2.62159
0.437 -3.14623 2.64597
0.438 -3.19569 2.66099
0.439 -3.22911 2.66658
0.44 -3.24628 2.66268
0.441 -3.24703 2.64929
0.442 -3.2313 2.62646
0.443 -3.19906 2.59427
0.444 -3.15038 2.55285
0.445 -3.08538 2.50236
0.446 -3.00425 2.443
0.447 -2.90726 2.37503
0.448 -2.79474 2.29871
0.449 -2.66709 2.21439
0.45 -2.52476 2.12241
0.451 -2.36828 2.02317
0.452 -2.19824 1.9171
0.453 -2.01528 1.80466
0.454 -1.82011 1.68633
0.455 -1.61348 1.56263
0.456 -1.39619 1.4341
0.457 -1.16909 1.30132
0.458 -0.933101 1.16487
0.459 -0.689145 1.02536
0.46 -0.438201 0.883407
0.461 -0.18128 0.739654
0.462 0.0805805 0.594747
0.463 0.346316 0.449344
0.464 0.614843 0.304107
0.465 0.88506 0.159702
0.466 1.15586 0.0167929
0.467 1.42611 -0.123957
0.468 1.6947 -0.261892
0.469 1.96051 -0.396364
0.47 2.22242 -0.526737
0.471 2.47933 -0.652388
0.472 2.73015 -0.772712
0.473 2.97383 -0.887125
0.474 3.2093 -0.995062
0.475 3.43557 -1.09599
0.476 3.65166 -1.18939
0.477 3.85662 -1.27478
0.478 4.04955 -1.35172
0.479 4.22959 -1.41979
0.48 4.39595 -1.4786
0.481 4.54787 -1.52783
0.482 4.68466 -1.56716
0.483 4.80566 -1.59633
0.484 4.91032 -1.61512
0.485 4.9981 -1.62337
0.486 5.06858 -1.62093
0.487 5.12137 -1.60772
0.488 5.15617 -1.5837
0.489 5.17274 -1.54888
0.49 5.17092 -1.5033
0.491 5.15062 -1.44708
0.492 5.11183 -1.38035
0.493 5.05462 -1.30332
0.494 4.97912 -1.21621
0.495 4.88554 -1.11932
0.496 4.77417 -1.01296
0.497 4.64537 -0.897517
0.498 4.49957 -0.773398
0.499 4.33727 -0.641058
0.5 4.15905 -0.50099
0.501 3.96555 -0.353721
0.502 3.75745 -0.199818
0.503 3.53554 -0.0398781
0.504 3.30062 0.125471
0.505 3.05358 0.295573
0.506 2.79535 0.469745
0.507 2.5269 0.647282
0.508 2.24926 0.827458
0.509 1.96349 1.00953
0.51 1.67069 1.19274
0.511 1.372 1.37632
0.512 1.06857 1.55949
0.513 0.761586 1.74146
0.514 0.452251 1.92146
0.515 0.141777 2.0987
0.516 -0.168612 2.2724
0.517 -0.477689 2.44178
0.518 -0.78423 2.60608
0.519 -1.08702 2.76456
0.52 -1.38484 2.91649
0.521 -1.67651 3.06115
0.522 -1.96085 3.19785
0.523 -2.23673 3.32594
0.524 -2.50303 3.44478
0.525 -2.75867 3.55378
0.526 -3.00261 3.65235
0.527 -3.23387 3.73998
0.528 -3.45149 3.81617
0.529 -3.65458 3.88048
0.53 -3.84231 3.93249
0.531 -4.0139 3.97185
0.532 -4.16863 3.99824
0.533 -4.30586 4.01139
0.534 -4.42501 4.0111
0.535 -4.52557 3.9972
0.536 -4.60711 3.96957
0.537 -4.66927 3.92816
0.538 -4.71177 3.87296
0.539 -4.73441 3.80403
0.54 -4.73707 3.72146
0.541 -4.71971 3.62541
0.542 -4.68236 3.51609
0.543 -4.62516 3.39377
0.544 -4.5483 3.25875
0.545 -4.45206 3.11141
0.546 -4.33681 2.95217
0.547 -4.20299 2.78148
0.548 -4.05111 2.59987
0.549 -3.88176 2.40789
0.55 -3.69562 2.20615
0.551 -3.49341 1.99528
0.552 -3.27593 1.77598
0.553 -3.04405 1.54896
0.554 -2.7987 1.31498
0.555 -2.54086 1.07483
0.556 -2.27157 0.829307
0.557 -1.99192 0.579264
0.558 -1.70303 0.325559
0.559 -1.40607 0.0690734
0.56 -1.10227 -0.189297
0.561 -0.792854 -0.448643
0.562 -0.479093 -0.708048
0.563 -0.162274 -0.966588
0.564 0.156299 -1.22334
0.565 0.47531 -1.47738
0.566 0.793439 -1.7278
0.567 1.10936 -1.97368
0.568 1.42177 -2.21413
0.569 1.72935 -2.44827
0.57 2.03082 -2.67525
0.571 2.3249 -2.89422
0.572 2.61035 -3.10438
0.573 2.88597 -3.30495
0.574 3.15056 -3.49518
0.575 3.40301 -3.67436
0.576 3.64222 -3.84181
0.577 3.86714 -3.99692
0.578 4.07681 -4.13908
0.579 4.27028 -4.26776
0.58 4.4467 -4.38248
0.581 4.60527 -4.48278
0.582 4.74526 -4.56828
0.583 4.86601 -4.63865
0.584 4.96696 -4.69361
0.585 5.04759 -4.73294
0.586 5.10748 -4.75649
0.587 5.14629 -4.76413
0.588 5.16378 -4.75585
0.589 5.15977 -4.73164
0.59 5.13417 -4.69159
0.591 5.08698 -4.63583
0.592 5.0183 -4.56457
0.593 4.92831 -4.47805
0.594 4.81725 -4.3766
0.595 4.68548 -4.26058
0.596 4.53343 -4.13042
0.597 4.36161 -3.98661
0.598 4.17062 -3.82967
0.599 3.96112 -3.6602
0.6 3.73387 -3.47882
0.601 3.48968 -3.28623
0.602 3.22945 -3.08313
0.603 2.95413 -2.87031
0.604 2.66475 -2.64855
0.605 2.36238 -2.41871
0.606 2.04816 -2.18166
0.607 1.72327 -1.93828
0.608 1.38895 -1.68952
0.609 1.04646 -1.43632
0.61 0.697108 -1.17964
0.611 0.342236 -0.920466
0.612 -0.0167957 -0.65979
0.613 -0.378603 -0.39861
0.614 -0.74179 -0.137929
0.615 -1.10495 0.121253
0.616 -1.46667 0.377937
0.617 -1.82555 0.631135
0.618 -2.18018 0.879871
0.619 -2.52918 1.12318
0.62 -2.87119 1.36013
0.621 -3.20486 1.5898
0.622 -3.52888 1.8113
0.623 -3.84197 2.02376
0.624 -4.1429 2.22637
0.625 -4.43048 2.41833
0.626 -4.70357 2.5989
0.627 -4.96108 2.76736
0.628 -5.20198 2.92306
0.629 -5.42533 3.06539
0.63 -5.63022 3.19378
0.631 -5.81583 3.30773
0.632 -5.98141 3.40679
0.633 -6.12629 3.49056
0.634 -6.24989 3.55871
0.635 -6.3517 3.61095
0.636 -6.4313 3.64708
0.637 -6.48836 3.66695
0.638 -6.52263 3.67045
0.639 -6.53395 3.65756
0.64 -6.52227 3.62832
0.641 -6.48761 3.58283
0.642 -6.43009 3.52125
0.643 -6.34992 3.4438
0.644 -6.2474 3.35078
0.645 -6.1229 3.24251
0.646 -5.97692 3.11942
0.647 -5.81 2.98195
0.648 -5.6228 2.83064
0.649 -5.41604 2.66605
0.65 -5.19051 2.48881
0.651 -4.94711 2.29959
0.652 -4.68678 2.0991
0.653 -4.41054 1.88812
0.654 -4.11946 1.66744
0.655 -3.8147 1.43791
0.656 -3.49745 1.2004
0.657 -3.16896 0.955823
0.658 -2.83052 0.705114
0.659 -2.48347 0.44923
0.66 -2.12917 0.189151
0.661 -1.76902 -0.074127
0.662 -1.40445 -0.339597
0.663 -1.0369 -0.606242
0.664 -0.667814 -0.873041
0.665 -0.298662 -1.13897
0.666 0.0690978 -1.40302
0.667 0.434008 -1.66416
0.668 0.794622 -1.92141
0.669 1.14951 -2.17378
0.67 1.49727 -2.4203
0.671 1.83651 -2.66002
0.672 2.1659 -2.89204
0.673 2.48413 -3.11547
0.674 2.78993 -3.32946
0.675 3.08209 -3.53318
0.676 3.35945 -3.72586
0.677 3.62092 -3.90677
0.678 3.86546 -4.07523
0.679 4.0921 -4.23059
0.68 4.29994 -4.37227
0.681 4.48816 -4.49974
0.682 4.65603 -4.61251
0.683 4.80287 -4.71017
0.684 4.92812 -4.79235
0.685 5.03129 -4.85875
0.686 5.11197 -4.90914
0.687 5.16986 -4.94333
0.688 5.20474 -4.9612
0.689 5.21649 -4.96272
0.69 5.20507 -4.94788
0.691 5.17055 -4.91676
0.692 5.11309 -4.86951
0.693 5.03293 -4.80632
0.694 4.93041 -4.72746
0.695 4.80598 -4.63324
0.696 4.66014 -4.52406
0.697 4.49352 -4.40035
0.698 4.3068 -4.2626
0.699 4.10075 -4.11137
0.7 3.87624 -3.94726
0.701 3.63419 -3.77091
0.702 3.3756 -3.58303
0.703 3.10154 -3.38435
0.704 2.81315 -3.17565
0.705 2.51162 -2.95776
0.706 2.19818 -2.73152
0.707 1.87414 -2.49782
0.708 1.54084 -2.25757
0.709 1.19965 -2.0117
0.71 0.851986 -1.76117
0.711 0.499281 -1.50695
0.712 0.142997 -1.25001
0.713 -0.21539 -0.991348
0.714 -0.574396 -0.731959
0.715 -0.932533 -0.472834
0.716 -1.28831 -0.214964
0.717 -1.64026 0.0406693
0.718 -1.98691 0.293095
0.719 -2.32682 0.541359
0.72 -2.65857 0.784526
0.721 -2.98078 1.02168
0.722 -3.29209 1.25195
0.723 -3.59121 1.47446
0.724 -3.87688 1.68841
0.725 -4.1479 1.893
0.726 -4.40312 2.0875
0.727 -4.64145 2.27119
0.728 -4.8619 2.44344
0.729 -5.06351 2.60363
0.73 -5.24541 2.7512
0.731 -5.40683 2.88566
0.732 -5.54706 3.00656
0.733 -5.66547 3.1135
0.734 -5.76154 3.20615
0.735 -5.83483 3.28425
0.736 -5.88498 3.34758
0.737 -5.91174 3.39598
0.738 -5.91495 3.42938
0.739 -5.89455 3.44774
0.74 -5.85056 3.45109
0.741 -5.78311 3.43954
0.742 -5.69243 3.41325
0.743 -5.57882 3.37242
0.744 -5.4427 3.31735
0.745 -5.28456 3.24836
0.746 -5.105 3.16585
0.747 -4.90469 3.07028
0.748 -4.6844 2.96214
0.749 -4.44497 2.84199
0.75 -4.18733 2.71043
0.751 -3.91246 2.5681
0.752 -3.62144 2.41571
0.753 -3.3154 2.25399
0.754 -2.99554 2.0837
0.755 -2.6631 1.90565
0.756 -2.3194 1.72068
0.757 -1.96578 1.52965
0.758 -1.60365 1.33345
0.759 -1.23441 1.13298
0.76 -0.859545 0.929176
0.761 -0.480524 0.722963
0.762 -0.0988488 0.515289
0.763 0.283967 0.307104
0.764 0.666407 0.0993582
0.765 1.04695 -0.107003
0.766 1.42409 -0.31104
0.767 1.79633 -0.511825
0.768 2.16218 -0.708444
0.769 2.5202 -0.900004
0.77 2.86895 -1.08563
0.771 3.20706 -1.26449
0.772 3.53317 -1.43575
0.773 3.84599 -1.59864
0.774 4.14428 -1.75241
0.775 4.42684 -1.89635
0.776 4.69255 -2.02981
0.777 4.94037 -2.15216
0.778 5.16929 -2.26283
0.779 5.37843 -2.36131
0.78 5.56694 -2.44712
0.781 5.73408 -2.51985
0.782 5.8792 -2.57915
0.783 6.00172 -2.62471
0.784 6.10117 -2.6563
0.785 6.17716 -2.67374
0.786 6.2294 -2.67691
0.787 6.25769 -2.66574
0.788 6.26195 -2.64025
0.789 6.24217 -2.6005
0.79 6.19844 -2.54661
0.791 6.13098 -2.47877
0.792 6.04006 -2.39724
0.793 5.92608 -2.30231
0.794 5.78952 -2.19435
0.795 5.63095 -2.07379
0.796 5.45103 -1.9411
0.797 5.25053 -1.79681
0.798 5.03027 -1.64149
0.799 4.79117 -1.47579
0.8 4.53423 -1.30036
0.801 4.26051 -1.11592
0.802 3.97114 -0.923239
0.803 3.66733 -0.7231
0.804 3.35033 -0.516332
0.805 3.02147 -0.303789
0.806 2.6821 -0.0863564
0.807 2.33363 0.135061
0.808 1.9775 0.359539
0.809 1.6152 0.586137
0.81 1.24822 0.813904
0.811 0.87809 1.04188
0.812 0.506343 1.2691
0.813 0.134523 1.49461
0.814 -0.235824 1.71746
0.815 -0.603157 1.93668
0.816 -0.965949 2.15135
0.817 -1.32269 2.36054
0.818 -1.67189 2.56337
0.819 -2.01209 2.75895
0.82 -2.34187 2.94644
0.821 -2.65985 3.12502
0.822 -2.96469 3.29392
0.823 -3.25513 3.4524
0.824 -3.52993 3.59975
0.825 -3.78795 3.73532
0.826 -4.02808 3.8585
0.827 -4.2493 3.96874
0.828 -4.45069 4.06553
0.829 -4.63137 4.14841
0.83 -4.79058 4.217
0.831 -4.92762 4.27096
0.832 -5.04189 4.31001
0.833 -5.13288 4.33393
0.834 -5.20019 4.34259
0.835 -5.24351 4.33587
0.836 -5.26261 4.31377
0.837 -5.25738 4.27631
0.838 -5.22781 4.2236
0.839 -5.17397 4.1558
0.84 -5.09605 4.07314
0.841 -4.99433 3.97591
0.842 -4.86919 3.86446
0.843 -4.72112 3.73919
0.844 -4.55067 3.60059
0.845 -4.35852 3.44918
0.846 -4.14541 3.28552
0.847 -3.9122 3.11027
0.848 -3.6598 2.92409
0.849 -3.38922 2.72771
0.85 -3.10154 2.52191
0.851 -2.79792 2.30751
0.852 -2.47957 2.08534
0.853 -2.14778 1.8563
0.854 -1.80389 1.62131
0.855 -1.44928 1.3813
0.856 -1.0854 1.13725
0.857 -0.713718 0.89013
0.858 -0.335755 0.640956
0.859 0.046952 0.390736
0.86 0.43284 0.140488
0.861 0.820331 -0.108763
0.862 1.20784 -0.355997
0.863 1.59377 -0.600196
0.864 1.97653 -0.840354
0.865 2.35456 -1.07548
0.866 2.72628 -1.3046
0.867 3.09016 -1.52675
0.868 3.4447 -1.74101
0.869 3.78841 -1.94649
0.87 4.11986 -2.14231
0.871 4.43767 -2.32765
0.872 4.7405 -2.50173
0.873 5.02708 -2.6638
0.874 5.2962 -2.81316
0.875 5.54671 -2.94917
0.876 5.77754 -3.07124
0.877 5.98771 -3.17882
0.878 6.17629 -3.27144
0.879 6.34247 -3.34867
0.88 6.4855 -3.41017
0.881 6.60475 -3.45562
0.882 6.69966 -3.48481
0.883 6.76979 -3.49756
0.884 6.81476 -3.49377
0.885 6.83435 -3.47342
0.886 6.82838 -3.43655
0.887 6.79682 -3.38325
0.888 6.73972 -3.31369
0.889 6.65724 -3.22812
0.89 6.54962 -3.12684
0.891 6.41724 -3.01021
0.892 6.26056 -2.87868
0.893 6.08013 -2.73273
0.894 5.8766 -2.57292
0.895 5.65074 -2.39986
0.896 5.40337 -2.21423
0.897 5.13542 -2.01674
0.898 4.8479 -1.80817
0.899 4.5419 -1.58934
0.9 4.21859 -1.36112
0.901 3.87921 -1.12442
0.902 3.52505 -0.880165
0.903 3.15749 -0.629349
0.904 2.77793 -0.372978
0.905 2.38785 -0.112086
0.906 1.98876 0.152272
0.907 1.58222 0.41902
0.908 1.16979 0.68707
0.909 0.753098 0.955326
0.91 0.333762 1.22268
0.911 -0.0865783 1.48804
0.912 -0.506277 1.7503
0.913 -0.923691 2.00838
0.914 -1.33718 2.26118
0.915 -1.74513 2.50766
0.916 -2.14593 2.74677
0.917 -2.53801 2.9775
0.918 -2.91983 3.19886
0.919 -3.28988 3.4099
0.92 -3.64671 3.60972
0.921 -3.98891 3.79743
0.922 -4.31514 3.97222
0.923 -4.6241 4.13329
0.924 -4.91459 4.27993
0.925 -5.18545 4.41146
0.926 -5.43563 4.52726
0.927 -5.66413 4.62678
0.928 -5.87006 4.70953
0.929 -6.0526 4.77506
0.93 -6.21104 4.82303
0.931 -6.34477 4.85313
0.932 -6.45325 4.86514
0.933 -6.53607 4.8589
0.934 -6.5929 4.83432
0.935 -6.62354 4.79139
0.936 -6.62786 4.73017
0.937 -6.60587 4.65079
0.938 -6.55767 4.55344
0.939 -6.48345 4.4384
0.94 -6.38354 4.30601
0.941 -6.25833 4.15667
0.942 -6.10835 3.99087
0.943 -5.93421 3.80914
0.944 -5.73662 3.61209
0.945 -5.51639 3.40038
0.946 -5.2744 3.17474
0.947 -5.01166 2.93595
0.948 -4.72921 2.68485
0.949 -4.42822 2.4223
0.95 -4.1099 2.14926
0.951 -3.77555 1.86667
0.952 -3.42653 1.57557
0.953 -3.06425 1.27699
0.954 -2.69018 0.972012
0.955 -2.30584 0.66174
0.956 -1.91281 0.347303
0.957 -1.51266 0.0298451
0.958 -1.10704 -0.289473
0.959 -0.697586 -0.609482
0.96 -0.285972 -0.929008
0.961 0.126129 -1.24688
0.962 0.537037 -1.56192
0.963 0.945077 -1.87297
0.964 1.34858 -2.17889
0.965 1.74591 -2.47854
0.966 2.13543 -2.77081
0.967 2.51556 -3.05463
0.968 2.88473 -3.32895
0.969 3.24144 -3.59274
0.97 3.58421 -3.84504
0.971 3.91165 -4.08491
0.972 4.22239 -4.31146
0.973 4.51516 -4.52386
0.974 4.78875 -4.72132
0.975 5.04202 -4.90312
0.976 5.27392 -5.06859
0.977 5.48349 -5.21712
0.978 5.66983 -5.34817
0.979 5.83216 -5.46127
0.98 5.9698 -5.55601
0.981 6.08214 -5.63206
0.982 6.1687 -5.68914
0.983 6.2291 -5.72707
0.984 6.26303 -5.74573
0.985 6.27034 -5.74506
0.986 6.25095 -5.72511
0.987 6.20488 -5.68597
0.988 6.1323 -5.62781
0.989 6.03344 -5.55089
0.99 5.90866 -5.45553
0.991 5.75843 -5.34211
0.992 5.58329 -5.2111
0.993 5.38393 -5.06302
0.994 5.16108 -4.89847
0.995 4.91561 -4.7181
0.996 4.64846 -4.52263
0.997 4.36067 -4.31282
0.998 4.05335 -4.08952
0.999 3.7277 -3.85359
1 3.38497 -3.60597
