0.001 3.34442e-008 2.43194e-009
0.002 3.05301e-007 1.95348e-008
0.003 1.44264e-006 8.10885e-008
0.004 4.78826e-006 2.38065e-007
0.005 1.26917e-005 5.6507e-007
0.006 2.87905e-005 1.16444e-006
0.007 5.82787e-005 2.17248e-006
0.008 0.000108161 3.76818e-006
0.009 0.000187487 6.18486e-006
0.01 0.000307573 9.72514e-006
0.011 0.00048219 1.47794e-005
0.012 0.000727742 2.18482e-005
0.013 0.00106341 3.15687e-005
0.014 0.00151126 4.47453e-005
0.015 0.00209635 6.23849e-005
0.016 0.00284678 8.57364e-005
0.017 0.00379373 0.000116334
0.018 0.00497145 0.000156049
0.019 0.0064172 0.000207135
0.02 0.00817124 0.000272295
0.021 0.0102767 0.000354735
0.022 0.0127794 0.000458229
0.023 0.0157277 0.000587192
0.024 0.0191725 0.000746746
0.025 0.0231666 0.000942793
0.026 0.0277648 0.0011821
0.027 0.0330234 0.00147235
0.028 0.0390001 0.00182225
0.029 0.0457535 0.00224161
0.03 0.0533425 0.00274137
0.031 0.0618264 0.00333375
0.032 0.0712642 0.00403225
0.033 0.0817141 0.00485178
0.034 0.0932333 0.00580869
0.035 0.105877 0.00692086
0.036 0.119699 0.00820774
0.037 0.134751 0.00969037
0.038 0.151079 0.0113915
0.039 0.168729 0.0133356
0.04 0.18774 0.0155488
0.041 0.208149 0.018059
0.042 0.229986 0.0208959
0.043 0.253277 0.024091
0.044 0.278042 0.0276774
0.045 0.304294 0.0316899
0.046 0.332039 0.0361651
0.047 0.361279 0.0411412
0.048 0.392004 0.0466579
0.049 0.4242 0.0527563
0.05 0.457842 0.0594789
0.051 0.492901 0.0668696
0.052 0.529334 0.0749732
0.053 0.567095 0.0838355
0.054 0.606125 0.0935033
0.055 0.646357 0.104024
0.056 0.687717 0.115445
0.057 0.730122 0.127815
0.058 0.773477 0.141181
0.059 0.817681 0.155592
0.06 0.862624 0.171095
0.061 0.908189 0.187736
0.062 0.954248 0.205562
0.063 1.00067 0.224616
0.064 1.0473 0.244941
0.065 1.09401 0.26658
0.066 1.14064 0.289569
0.067 1.18701 0.313947
0.068 1.23298 0.339745
0.069 1.27836 0.366995
0.07 1.32298 0.395724
0.071 1.36667 0.425955
0.072 1.40924 0.457707
0.073 1.4505 0.490994
0.074 1.49028 0.525827
0.075 1.52839 0.56221
0.076 1.56463 0.600144
0.077 1.59885 0.63962
0.078 1.63084 0.680629
0.079 1.66043 0.723151
0.08 1.68745 0.767162
0.081 1.71173 0.812631
0.082 1.73311 0.859518
0.083 1.75143 0.90778
0.084 1.76654 0.957363
0.085 1.77831 1.00821
0.086 1.7866 1.06025
0.087 1.79129 1.11341
0.088 1.79228 1.1676
0.089 1.78947 1.22274
0.09 1.78278 1.27873
0.091 1.77213 1.33547
0.092 1.75746 1.39283
0.093 1.73874 1.4507
0.094 1.71594 1.50896
0.095 1.68905 1.56746
0.096 1.65808 1.62607
0.097 1.62303 1.68463
0.098 1.58396 1.743
0.099 1.54092 1.80101
0.1 1.49399 1.85849
0.101 1.44324 1.91528
0.102 1.38879 1.97119
0.103 1.33077 2.02605
0.104 1.26931 2.07968
0.105 1.20458 2.13188
0.106 1.13675 2.18247
0.107 1.06601 2.23124
0.108 0.992562 2.27802
0.109 0.91664 2.3226
0.11 0.838474 2.36479
0.111 0.758316 2.40439
0.112 0.67643 2.44122
0.113 0.593091 2.47508
0.114 0.508586 2.50578
0.115 0.423212 2.53314
0.116 0.337277 2.55699
0.117 0.251093 2.57714
0.118 0.164983 2.59343
0.119 0.0792736 2.60569
0.12 -0.0057043 2.61378
0.121 -0.0896163 2.61754
0.122 -0.172127 2.61684
0.123 -0.252899 2.61156
0.124 -0.331598 2.60157
0.125 -0.407892 2.58678
0.126 -0.481451 2.56709
0.127 -0.551955 2.54241
0.128 -0.619085 2.51269
0.129 -0.682536 2.47787
0.13 -0.74201 2.43792
0.131 -0.79722 2.3928
0.132 -0.847893 2.34252
0.133 -0.89377 2.28708
0.134 -0.934606 2.2265
0.135 -0.970176 2.16083
0.136 -1.00027 2.09012
0.137 -1.0247 2.01445
0.138 -1.04329 1.93392
0.139 -1.05589 1.84863
0.14 -1.06239 1.75871
0.141 -1.06267 1.66431
0.142 -1.05666 1.56559
0.143 -1.0443 1.46272
0.144 -1.02557 1.3559
0.145 -1.00046 1.24535
0.146 -0.969002 1.1313
0.147 -0.931236 1.01398
0.148 -0.887242 0.893666
0.149 -0.837126 0.770623
0.15 -0.781018 0.64514
0.151 -0.719075 0.517522
0.152 -0.651482 0.38808
0.153 -0.57845 0.257142
0.154 -0.500215 0.125044
0.155 -0.417038 -0.00786777
0.156 -0.329204 -0.141238
0.157 -0.237024 -0.274705
0.158 -0.140829 -0.407897
0.159 -0.0409731 -0.540441
0.16 0.0621697 -0.671957
0.161 0.168206 -0.802064
0.162 0.276724 -0.930376
0.163 0.387297 -1.05651
0.164 0.499481 -1.18008
0.165 0.612821 -1.30071
0.166 0.726849 -1.41802
0.167 0.841088 -1.53164
0.168 0.955052 -1.6412
0.169 1.06825 -1.74635
0.17 1.18018 -1.84672
0.171 1.29036 -1.94199
0.172 1.39828 -2.03183
0.173 1.50344 -2.11593
0.174 1.60535 -2.19398
0.175 1.70353 -2.2657
0.176 1.7975 -2.33083
0.177 1.88678 -2.38912
0.178 1.97093 -2.44034
0.179 2.04949 -2.48427
0.18 2.12206 -2.52074
0.181 2.1882 -2.54958
0.182 2.24754 -2.57064
0.183 2.29972 -2.58382
0.184 2.34438 -2.58901
0.185 2.38121 -2.58615
0.186 2.40992 -2.57519
0.187 2.43025 -2.55614
0.188 2.44197 -2.52898
0.189 2.44486 -2.49378
0.19 2.43877 -2.45059
0.191 2.42356 -2.39951
0.192 2.39912 -2.34066
0.193 2.36539 -2.27418
0.194 2.32234 -2.20027
0.195 2.26998 -2.11913
0.196 2.20834 -2.03097
0.197 2.1375 -1.93607
0.198 2.05759 -1.8347
0.199 1.96875 -1.72717
0.2 1.87117 -1.61382
0.201 1.76508 -1.495
0.202 1.65075 -1.37108
0.203 1.52847 -1.24247
0.204 1.39857 -1.10958
0.205 1.26142 -0.972843
0.206 1.11742 -0.832724
0.207 0.966992 -0.689688
0.208 0.810602 -0.544219
0.209 0.648735 -0.396815
0.21 0.481906 -0.247984
0.211 0.310653 -0.098243
0.212 0.135539 0.0518816
0.213 -0.0428529 0.201859
0.214 -0.223922 0.351152
0.215 -0.407049 0.499225
0.216 -0.591601 0.645538
0.217 -0.776934 0.789556
0.218 -0.962393 0.930744
0.219 -1.14732 1.06858
0.22 -1.33104 1.20253
0.221 -1.5129 1.33209
0.222 -1.69222 1.45677
0.223 -1.86834 1.57607
0.224 -2.0406 1.68952
0.225 -2.20837 1.79667
0.226 -2.37099 1.89708
0.227 -2.52784 1.99034
0.228 -2.67833 2.07604
0.229 -2.82185 2.15381
0.23 -2.95785 2.22332
0.231 -3.08579 2.28424
0.232 -3.20515 2.33628
0.233 -3.31543 2.37917
0.234 -3.4162 2.41269
0.235 -3.50702 2.43662
0.236 -3.58751 2.45081
0.237 -3.65731 2.45511
0.238 -3.71611 2.44943
0.239 -3.76364 2.43368
0.24 -3.79967 2.40785
0.241 -3.82401 2.37193
0.242 -3.83651 2.32596
0.243 -3.83707 2.27002
0.244 -3.82563 2.2042
0.245 -3.80218 2.12866
0.246 -3.76677 2.04358
0.247 -3.71946 1.94917
0.248 -3.6604 1.84568
0.249 -3.58974 1.73338
0.25 -3.50772 1.6126
0.251 -3.4146 1.48369
0.252 -3.31068 1.34701
0.253 -3.19633 1.20297
0.254 -3.07193 1.05202
0.255 -2.93792 0.894602
0.256 -2.79479 0.731217
0.257 -2.64303 0.562371
0.258 -2.48321 0.388597
0.259 -2.31591 0.210448
0.26 -2.14174 0.0284962
0.261 -1.96135 -0.156672
0.262 -1.77542 -0.344455
0.263 -1.58465 -0.534237
0.264 -1.38975 -0.725396
0.265 -1.19147 -0.917299
0.266 -0.990569 -1.10931
0.267 -0.787815 -1.30079
0.268 -0.583992 -1.49109
0.269 -0.379891 -1.67957
0.27 -0.176308 -1.86561
0.271 0.0259602 -2.04856
0.272 0.226118 -2.2278
0.273 0.423374 -2.40273
0.274 0.616946 -2.57275
0.275 0.806061 -2.73726
0.276 0.989963 -2.89572
0.277 1.16791 -3.04756
0.278 1.33918 -3.19227
0.279 1.50309 -3.32933
0.28 1.65895 -3.45829
0.281 1.80613 -3.57868
0.282 1.94402 -3.69008
0.283 2.07204 -3.79212
0.284 2.18965 -3.88442
0.285 2.29636 -3.96667
0.286 2.39172 -4.03857
0.287 2.47529 -4.09988
0.288 2.54672 -4.15037
0.289 2.60568 -4.18987
0.29 2.65191 -4.21823
0.291 2.68517 -4.23536
0.292 2.7053 -4.2412
0.293 2.71217 -4.23572
0.294 2.70572 -4.21894
0.295 2.68593 -4.19092
0.296 2.65284 -4.15176
0.297 2.60655 -4.10159
0.298 2.54719 -4.0406
0.299 2.47498 -3.969
0.3 2.39015 -3.88704
0.301 2.29302 -3.79501
0.302 2.18394 -3.69325
0.303 2.06332 -3.5821
0.304 1.9316 -3.46197
0.305 1.78928 -3.33328
0.306 1.63692 -3.19649
0.307 1.47509 -3.05208
0.308 1.30442 -2.90057
0.309 1.12558 -2.74249
0.31 0.939274 -2.5784
0.311 0.746231 -2.40889
0.312 0.547217 -2.23455
0.313 0.343026 -2.056
0.314 0.134474 -1.87387
0.315 -0.0776013 -1.68881
0.316 -0.292345 -1.50145
0.317 -0.508887 -1.31247
0.318 -0.726346 -1.12252
0.319 -0.943833 -0.932272
0.32 -1.16046 -0.742383
0.321 -1.37533 -0.553514
0.322 -1.58755 -0.366321
0.323 -1.79625 -0.18145
0.324 -2.00054 0.000464484
0.325 -2.19958 0.1788
0.326 -2.39252 0.35295
0.327 -2.57855 0.522326
0.328 -2.75686 0.68636
0.329 -2.9267 0.844505
0.33 -3.08732 0.99624
0.331 -3.23802 1.14107
0.332 -3.37814 1.27853
0.333 -3.50706 1.40818
0.334 -3.62418 1.52961
0.335 -3.72898 1.64246
0.336 -3.82096 1.74638
0.337 -3.89969 1.84109
0.338 -3.96476 1.9263
0.339 -4.01586 2.0018
0.34 -4.05269 2.06741
0.341 -4.07504 2.12296
0.342 -4.08273 2.16837
0.343 -4.07565 2.20355
0.344 -4.05376 2.22849
0.345 -4.01707 2.2432
0.346 -3.96563 2.24773
0.347 -3.89959 2.24219
0.348 -3.81913 2.22671
0.349 -3.72449 2.20146
0.35 -3.61598 2.16666
0.351 -3.49395 2.12257
0.352 -3.35883 2.06946
0.353 -3.21107 2.00767
0.354 -3.05121 1.93755
0.355 -2.87981 1.85949
0.356 -2.6975 1.77392
0.357 -2.50493 1.68128
0.358 -2.30283 1.58206
0.359 -2.09193 1.47674
0.36 -1.87302 1.36587
0.361 -1.64693 1.24999
0.362 -1.41451 1.12967
0.363 -1.17664 1.00548
0.364 -0.934223 0.878021
0.365 -0.688183 0.747905
0.366 -0.439465 0.615748
0.367 -0.189026 0.482171
0.368 0.062171 0.347803
0.369 0.313153 0.213271
0.37 0.562949 0.0792022
0.371 0.810587 -0.0537803
0.372 1.0551 -0.18506
0.373 1.29555 -0.31403
0.374 1.53097 -0.440095
0.375 1.76047 -0.562672
0.376 1.98312 -0.681197
0.377 2.19807 -0.795124
0.378 2.40447 -0.903927
0.379 2.60149 -1.00711
0.38 2.78838 -1.10418
0.381 2.96439 -1.19471
0.382 3.12882 -1.27827
0.383 3.28104 -1.35446
0.384 3.42044 -1.42295
0.385 3.54647 -1.4834
0.386 3.65863 -1.53552
0.387 3.75649 -1.57907
0.388 3.83967 -1.61384
0.389 3.90783 -1.63966
0.39 3.96072 -1.65638
0.391 3.99814 -1.66391
0.392 4.01994 -1.66221
0.393 4.02606 -1.65125
0.394 4.01649 -1.63107
0.395 3.99127 -1.60174
0.396 3.95053 -1.56336
0.397 3.89444 -1.51607
0.398 3.82326 -1.46007
0.399 3.7373 -1.39559
0.4 3.63692 -1.32288
0.401 3.52255 -1.24224
0.402 3.39468 -1.15402
0.403 3.25386 -1.05857
0.404 3.10069 -0.956293
0.405 2.93581 -0.847625
0.406 2.75993 -0.733022
0.407 2.57381 -0.61297
0.408 2.37822 -0.487979
0.409 2.17401 -0.358581
0.41 1.96205 -0.225328
0.411 1.74324 -0.08879
0.412 1.51851 0.0504465
0.413 1.28883 0.191784
0.414 1.05518 0.334613
0.415 0.818573 0.478319
0.416 0.580016 0.62228
0.417 0.340541 0.765872
0.418 0.101182 0.908474
0.419 -0.137024 1.04946
0.42 -0.373044 1.18823
0.421 -0.605849 1.32417
0.422 -0.834425 1.45668
0.423 -1.05777 1.58518
0.424 -1.2749 1.70912
0.425 -1.48486 1.82793
0.426 -1.68672 1.94111
0.427 -1.87957 2.04815
0.428 -2.06257 2.14857
0.429 -2.23487 2.24193
0.43 -2.39569 2.3278
0.431 -2.54431 2.40581
0.432 -2.68004 2.47559
0.433 -2.80223 2.53684
0.434 -2.9103 2.58927
0.435 -3.00375 2.63264
0.436 -3.08209 2.66675
0.437 -3.14493 2.69142
0.438 -3.19194 2.70655
0.439 -3.22284 2.71205
0.44 -3.23742 2.70787
0.441 -3.23556 2.69403
0.442 -3.21717 2.67056
0.443 -3.18226 2.63757
0.444 -3.13091 2.59517
0.445 -3.06324 2.54354
0.446 -2.97947 2.4829
0.447 -2.87987 2.4135
0.448 -2.76479 2.33563
0.449 -2.63464 2.24963
0.45 -2.48989 2.15586
0.451 -2.33108 2.05473
0.452 -2.1588 1.94668
0.453 -1.97372 1.83219
0.454 -1.77655 1.71174
0.455 -1.56805 1.58588
0.456 -1.34904 1.45515
0.457 -1.12039 1.32014
0.458 -0.883004 1.18146
0.459 -0.63783 1.03971
0.46 -0.385854 0.895546
0.461 -0.128093 0.749608
0.462 0.134408 0.60256
0.463 0.400579 0.455072
0.464 0.66933 0.307819
0.465 0.939556 0.161479
0.466 1.21014 0.016728
0.467 1.47996 -0.12576
0.468 1.7479 -0.265318
0.469 2.01283 -0.401288
0.47 2.27363 -0.533024
0.471 2.52921 -0.659895
0.472 2.77849 -0.781289
0.473 3.02039 -0.896612
0.474 3.25389 -1.0053
0.475 3.47797 -1.1068
0.476 3.69166 -1.2006
0.477 3.89403 -1.28621
0.478 4.08419 -1.3632
0.479 4.26128 -1.43112
0.48 4.42451 -1.48962
0.481 4.57315 -1.53834
0.482 4.7065 -1.57698
0.483 4.82394 -1.60529
0.484 4.9249 -1.62305
0.485 5.00889 -1.63009
0.486 5.07547 -1.62628
0.487 5.12428 -1.61154
0.488 5.15503 -1.58584
0.489 5.16751 -1.5492
0.49 5.16156 -1.50168
0.491 5.13711 -1.44338
0.492 5.09417 -1.37447
0.493 5.03282 -1.29515
0.494 4.95322 -1.20567
0.495 4.85558 -1.10634
0.496 4.74022 -0.997483
0.497 4.60752 -0.879496
0.498 4.45791 -0.752804
0.499 4.29192 -0.617878
0.5 4.11014 -0.475225
0.501 3.91321 -0.325391
0.502 3.70186 -0.168956
0.503 3.47687 -0.00653596
0.504 3.23906 0.161226
0.505 2.98933 0.333656
0.506 2.72863 0.510056
0.507 2.45794 0.689704
0.508 2.1783 0.871858
0.509 1.89078 1.05576
0.51 1.59649 1.24064
0.511 1.29657 1.4257
0.512 0.992192 1.61017
0.513 0.684538 1.79323
0.514 0.374817 1.9741
0.515 0.0642478 2.15197
0.516 -0.245945 2.32606
0.517 -0.554532 2.49559
0.518 -0.860289 2.65977
0.519 -1.162 2.81786
0.52 -1.45845 2.96912
0.521 -1.74846 3.11283
0.522 -2.03087 3.24829
0.523 -2.30453 3.37485
0.524 -2.56834 3.49187
0.525 -2.82123 3.59873
0.526 -3.06218 3.69489
0.527 -3.29019 3.7798
0.528 -3.50433 3.85299
0.529 -3.70373 3.91399
0.53 -3.88756 3.96243
0.531 -4.05506 3.99793
0.532 -4.20554 4.02019
0.533 -4.33835 4.02897
0.534 -4.45294 4.02405
0.535 -4.54882 4.00528
0.536 -4.62558 3.97256
0.537 -4.68288 3.92586
0.538 -4.72045 3.86517
0.539 -4.73811 3.79057
0.54 -4.73578 3.70217
0.541 -4.71342 3.60016
0.542 -4.6711 3.48475
0.543 -4.60895 3.35624
0.544 -4.52722 3.21496
0.545 -4.42619 3.06129
0.546 -4.30625 2.89569
0.547 -4.16787 2.71863
0.548 -4.01158 2.53066
0.549 -3.83799 2.33236
0.55 -3.64779 2.12435
0.551 -3.44172 1.9073
0.552 -3.22062 1.68192
0.553 -2.98536 1.44896
0.554 -2.73688 1.20919
0.555 -2.47619 0.963427
0.556 -2.20434 0.712502
0.557 -1.92243 0.45728
0.558 -1.6316 0.198646
0.559 -1.33304 -0.0624992
0.56 -1.02797 -0.325237
0.561 -0.717643 -0.588638
0.562 -0.403323 -0.851765
0.563 -0.0863097 -1.11368
0.564 0.232088 -1.37344
0.565 0.55055 -1.6301
0.566 0.867755 -1.88274
0.567 1.18238 -2.13043
0.568 1.49311 -2.37226
0.569 1.79864 -2.60735
0.57 2.09769 -2.83483
0.571 2.38899 -3.05385
0.572 2.6713 -3.2636
0.573 2.94343 -3.4633
0.574 3.2042 -3.65219
0.575 3.45249 -3.82956
0.576 3.68723 -3.99474
0.577 3.90738 -4.1471
0.578 4.11199 -4.28606
0.579 4.30013 -4.41109
0.58 4.47098 -4.5217
0.581 4.62374 -4.61746
0.582 4.75771 -4.69799
0.583 4.87226 -4.76298
0.584 4.96682 -4.81216
0.585 5.04093 -4.84533
0.586 5.09418 -4.86233
0.587 5.12625 -4.8631
0.588 5.13693 -4.84761
0.589 5.12606 -4.81589
0.59 5.09358 -4.76805
0.591 5.03953 -4.70424
0.592 4.96401 -4.6247
0.593 4.86724 -4.5297
0.594 4.74949 -4.41959
0.595 4.61114 -4.29476
0.596 4.45266 -4.15568
0.597 4.27457 -4.00285
0.598 4.07749 -3.83684
0.599 3.86213 -3.65827
0.6 3.62925 -3.4678
0.601 3.3797 -3.26615
0.602 3.1144 -3.05407
0.603 2.83432 -2.83236
0.604 2.5405 -2.60185
0.605 2.23405 -2.36342
0.606 1.91611 -2.11797
0.607 1.58789 -1.86642
0.608 1.25064 -1.60974
0.609 0.905628 -1.34891
0.61 0.55419 -1.08491
0.611 0.19767 -0.818755
0.612 -0.16256 -0.551463
0.613 -0.525109 -0.284059
0.614 -0.888572 -0.0175683
0.615 -1.25154 0.246986
0.616 -1.6126 0.508584
0.617 -1.97034 0.76622
0.618 -2.32337 1.0189
0.619 -2.67029 1.26564
0.62 -3.00976 1.5055
0.621 -3.34043 1.73753
0.622 -3.661 1.96085
0.623 -3.9702 2.17458
0.624 -4.26682 2.37788
0.625 -4.54966 2.56997
0.626 -4.81761 2.7501
0.627 -5.0696 2.91755
0.628 -5.30462 3.07167
0.629 -5.52174 3.21185
0.63 -5.72007 3.33754
0.631 -5.89881 3.44823
0.632 -6.05725 3.54349
0.633 -6.19474 3.62293
0.634 -6.31072 3.68624
0.635 -6.40471 3.73314
0.636 -6.47631 3.76344
0.637 -6.52522 3.77701
0.638 -6.55123 3.77378
0.639 -6.5542 3.75375
0.64 -6.53412 3.71697
0.641 -6.49104 3.66357
0.642 -6.4251 3.59375
0.643 -6.33654 3.50774
0.644 -6.2257 3.40587
0.645 -6.09299 3.28852
0.646 -5.93891 3.15613
0.647 -5.76407 3.00918
0.648 -5.56913 2.84823
0.649 -5.35484 2.67389
0.65 -5.12204 2.48682
0.651 -4.87164 2.28772
0.652 -4.60461 2.07735
0.653 -4.32199 1.85651
0.654 -4.02489 1.62604
0.655 -3.71448 1.38682
0.656 -3.39197 1.13975
0.657 -3.05863 0.885786
0.658 -2.71577 0.625891
0.659 -2.36475 0.36106
0.66 -2.00695 0.092304
0.661 -1.64378 -0.179349
0.662 -1.27667 -0.452861
0.663 -0.907081 -0.727184
0.664 -0.536464 -1.00127
0.665 -0.16629 -1.27407
0.666 0.201976 -1.54454
0.667 0.566876 -1.81164
0.668 0.926965 -2.07435
0.669 1.28081 -2.33167
0.67 1.62702 -2.58261
0.671 1.96422 -2.82622
0.672 2.29106 -3.06156
0.673 2.60626 -3.28773
0.674 2.90857 -3.50386
0.675 3.19677 -3.70915
0.676 3.46974 -3.9028
0.677 3.7264 -4.08407
0.678 3.96572 -4.25228
0.679 4.18676 -4.40679
0.68 4.38864 -4.54702
0.681 4.57058 -4.67243
0.682 4.73185 -4.78256
0.683 4.87181 -4.87699
0.684 4.98994 -4.95537
0.685 5.08575 -5.01742
0.686 5.15889 -5.0629
0.687 5.20907 -5.09166
0.688 5.23612 -5.10361
0.689 5.23993 -5.0987
0.69 5.22052 -5.07698
0.691 5.17797 -5.03854
0.692 5.11248 -4.98356
0.693 5.02433 -4.91225
0.694 4.9139 -4.8249
0.695 4.78165 -4.72188
0.696 4.62813 -4.60359
0.697 4.454 -4.47051
0.698 4.25996 -4.32317
0.699 4.04683 -4.16214
0.7 3.81549 -3.98807
0.701 3.56691 -3.80163
0.702 3.3021 -3.60356
0.703 3.02217 -3.39464
0.704 2.72828 -3.17568
0.705 2.42163 -2.94753
0.706 2.1035 -2.71109
0.707 1.7752 -2.46727
0.708 1.4381 -2.21701
0.709 1.09357 -1.96129
0.71 0.743064 -1.70108
0.711 0.388015 -1.4374
0.712 0.0298994 -1.17125
0.713 -0.329799 -0.903663
0.714 -0.689589 -0.635649
0.715 -1.04798 -0.368235
0.716 -1.40347 -0.102436
0.717 -1.7546 0.16074
0.718 -2.09989 0.4203
0.719 -2.43791 0.675268
0.72 -2.76725 0.924688
0.721 -3.08653 1.16763
0.722 -3.39442 1.4032
0.723 -3.68961 1.63051
0.724 -3.97088 1.84875
0.725 -4.23702 2.05711
0.726 -4.48693 2.25485
0.727 -4.71953 2.44125
0.728 -4.93384 2.61567
0.729 -5.12894 2.77748
0.73 -5.30398 2.92614
0.731 -5.45821 3.06115
0.732 -5.59095 3.18206
0.733 -5.70161 3.28848
0.734 -5.78969 3.38011
0.735 -5.85478 3.45667
0.736 -5.89657 3.51796
0.737 -5.91483 3.56385
0.738 -5.90944 3.59426
0.739 -5.88036 3.60918
0.74 -5.82766 3.60868
0.741 -5.7515 3.59286
0.742 -5.65214 3.56191
0.743 -5.52993 3.51606
0.744 -5.38532 3.45563
0.745 -5.21883 3.38098
0.746 -5.03109 3.29253
0.747 -4.82282 3.19074
0.748 -4.5948 3.07617
0.749 -4.34792 2.94938
0.75 -4.08312 2.81102
0.751 -3.80144 2.66176
0.752 -3.50397 2.50232
0.753 -3.19187 2.33347
0.754 -2.86635 2.156
0.755 -2.52871 1.97077
0.756 -2.18025 1.77862
0.757 -1.82236 1.58046
0.758 -1.45645 1.3772
0.759 -1.08396 1.16977
0.76 -0.706352 0.959136
0.761 -0.325133 0.746253
0.762 0.0581905 0.532092
0.763 0.4421 0.317629
0.764 0.825073 0.103837
0.765 1.20559 -0.108315
0.766 1.58214 -0.317866
0.767 1.95322 -0.523869
0.768 2.31736 -0.725391
0.769 2.67312 -0.921523
0.77 3.01907 -1.11138
0.771 3.35385 -1.2941
0.772 3.67612 -1.46885
0.773 3.98459 -1.63485
0.774 4.27804 -1.79135
0.775 4.55531 -1.93762
0.776 4.8153 -2.07301
0.777 5.05696 -2.19688
0.778 5.27935 -2.30868
0.779 5.48158 -2.40788
0.78 5.66285 -2.49401
0.781 5.82245 -2.56668
0.782 5.95976 -2.62553
0.783 6.07422 -2.67026
0.784 6.16541 -2.70066
0.785 6.23296 -2.71655
0.786 6.27663 -2.71783
0.787 6.29625 -2.70445
0.788 6.29178 -2.67644
0.789 6.26323 -2.63387
0.79 6.21076 -2.5769
0.791 6.1346 -2.50574
0.792 6.03506 -2.42064
0.793 5.91259 -2.32195
0.794 5.7677 -2.21005
0.795 5.60099 -2.08539
0.796 5.41317 -1.94846
0.797 5.20502 -1.79983
0.798 4.97741 -1.6401
0.799 4.73129 -1.46991
0.8 4.46769 -1.28998
0.801 4.18769 -1.10104
0.802 3.89247 -0.903877
0.803 3.58324 -0.699309
0.804 3.2613 -0.488189
0.805 2.92797 -0.271397
0.806 2.58464 -0.0498419
0.807 2.23274 0.175546
0.808 1.87373 0.40382
0.809 1.50909 0.634016
0.81 1.14034 0.865162
0.811 0.769011 1.09628
0.812 0.396645 1.32639
0.813 0.0247901 1.5545
0.814 -0.345007 1.77966
0.815 -0.711209 2.00089
0.816 -1.07229 2.21724
0.817 -1.42675 2.42779
0.818 -1.7731 2.63162
0.819 -2.1099 2.82786
0.82 -2.43574 3.01566
0.821 -2.74926 3.19418
0.822 -3.04915 3.36265
0.823 -3.33414 3.52033
0.824 -3.60305 3.66652
0.825 -3.85472 3.80057
0.826 -4.0881 3.92187
0.827 -4.30221 4.02987
0.828 -4.49613 4.12407
0.829 -4.66903 4.20404
0.83 -4.82016 4.26938
0.831 -4.94889 4.31978
0.832 -5.05464 4.35498
0.833 -5.13694 4.37478
0.834 -5.19542 4.37903
0.835 -5.22982 4.36768
0.836 -5.23994 4.34072
0.837 -5.22573 4.2982
0.838 -5.18719 4.24025
0.839 -5.12445 4.16706
0.84 -5.03774 4.07888
0.841 -4.92739 3.97602
0.842 -4.7938 3.85887
0.843 -4.6375 3.72786
0.844 -4.45909 3.58349
0.845 -4.25929 3.42631
0.846 -4.03887 3.25692
0.847 -3.79872 3.07599
0.848 -3.53979 2.88423
0.849 -3.26313 2.6824
0.85 -2.96984 2.47128
0.851 -2.66111 2.25173
0.852 -2.33818 2.02462
0.853 -2.00236 1.79086
0.854 -1.65502 1.5514
0.855 -1.29756 1.3072
0.856 -0.931438 1.05925
0.857 -0.558153 0.808554
0.858 -0.179226 0.556142
0.859 0.203791 0.303043
0.86 0.589328 0.050294
0.861 0.9758 -0.201066
0.862 1.36162 -0.45
0.863 1.74519 -0.69548
0.864 2.12494 -0.936487
0.865 2.49929 -1.17202
0.866 2.86668 -1.4011
0.867 3.2256 -1.62276
0.868 3.57455 -1.83608
0.869 3.91206 -2.04015
0.87 4.23673 -2.23411
0.871 4.5472 -2.41714
0.872 4.84214 -2.58846
0.873 5.12033 -2.74733
0.874 5.38057 -2.89306
0.875 5.62175 -3.02502
0.876 5.84283 -3.14263
0.877 6.04287 -3.24536
0.878 6.22098 -3.33276
0.879 6.37638 -3.40442
0.88 6.50837 -3.46
0.881 6.61635 -3.49924
0.882 6.69982 -3.52192
0.883 6.75836 -3.5279
0.884 6.79167 -3.51712
0.885 6.79953 -3.48957
0.886 6.78185 -3.44531
0.887 6.73861 -3.38449
0.888 6.66993 -3.30731
0.889 6.576 -3.21402
0.89 6.45713 -3.10499
0.891 6.31372 -2.9806
0.892 6.14628 -2.84132
0.893 5.95541 -2.68769
0.894 5.74181 -2.52029
0.895 5.50626 -2.33978
0.896 5.24966 -2.14685
0.897 4.97295 -1.94227
0.898 4.6772 -1.72685
0.899 4.36351 -1.50143
0.9 4.0331 -1.26691
0.901 3.68723 -1.02425
0.902 3.32723 -0.7744
0.903 2.95449 -0.518384
0.904 2.57045 -0.257234
0.905 2.1766 0.00798792
0.906 1.77447 0.276199
0.907 1.36563 0.546301
0.908 0.951666 0.817184
0.909 0.534202 1.08773
0.91 0.114867 1.35682
0.911 -0.304697 1.62333
0.912 -0.722845 1.88615
0.913 -1.13794 2.14418
0.914 -1.54834 2.39634
0.915 -1.95244 2.64154
0.916 -2.34866 2.87875
0.917 -2.73543 3.10696
0.918 -3.11122 3.32517
0.919 -3.47456 3.53244
0.92 -3.82402 3.72786
0.921 -4.15821 3.91057
0.922 -4.47582 4.07975
0.923 -4.7756 4.23463
0.924 -5.05636 4.3745
0.925 -5.317 4.49871
0.926 -5.55649 4.60665
0.927 -5.77388 4.6978
0.928 -5.96832 4.77169
0.929 -6.13904 4.8279
0.93 -6.28538 4.86611
0.931 -6.40676 4.88606
0.932 -6.5027 4.88754
0.933 -6.57284 4.87043
0.934 -6.61691 4.83469
0.935 -6.63473 4.78034
0.936 -6.62626 4.70747
0.937 -6.59154 4.61626
0.938 -6.53072 4.50694
0.939 -6.44405 4.37982
0.94 -6.3319 4.2353
0.941 -6.19473 4.07381
0.942 -6.0331 3.89589
0.943 -5.84767 3.70212
0.944 -5.6392 3.49314
0.945 -5.40854 3.26967
0.946 -5.15663 3.03247
0.947 -4.88449 2.78237
0.948 -4.59324 2.52025
0.949 -4.28406 2.24702
0.95 -3.95821 1.96367
0.951 -3.617 1.67119
0.952 -3.26184 1.37065
0.953 -2.89416 1.06312
0.954 -2.51546 0.749724
0.955 -2.12728 0.431594
0.956 -1.73121 0.109892
0.957 -1.32884 -0.214207
0.958 -0.921833 -0.539513
0.959 -0.511833 -0.864833
0.96 -0.100517 -1.18897
0.961 0.31044 -1.51072
0.962 0.719358 -1.82891
0.963 1.12457 -2.14234
0.964 1.52442 -2.44987
0.965 1.91726 -2.75036
0.966 2.3015 -3.04267
0.967 2.67556 -3.32574
0.968 3.0379 -3.5985
0.969 3.38703 -3.85995
0.97 3.72152 -4.10911
0.971 4.03999 -4.34505
0.972 4.34113 -4.5669
0.973 4.62368 -4.77383
0.974 4.88648 -4.96508
0.975 5.12843 -5.13993
0.976 5.34852 -5.29774
0.977 5.54583 -5.43792
0.978 5.71953 -5.55996
0.979 5.86888 -5.66342
0.98 5.99324 -5.74792
0.981 6.09206 -5.81315
0.982 6.16492 -5.85888
0.983 6.21147 -5.88496
0.984 6.23149 -5.89131
0.985 6.22485 -5.87793
0.986 6.19155 -5.84488
0.987 6.13167 -5.79231
0.988 6.0454 -5.72044
0.989 5.93307 -5.62957
0.99 5.79506 -5.52006
0.991 5.63191 -5.39236
0.992 5.44422 -5.24696
0.993 5.2327 -5.08446
0.994 4.99816 -4.90548
0.995 4.74151 -4.71073
0.996 4.46374 -4.50099
0.997 4.16592 -4.27706
0.998 3.84921 -4.03983
0.999 3.51485 -3.79023
1 3.16414 -3.52923
