0.001 3.36203e-008 2.5615e-009
0.002 3.06705e-007 2.05689e-008
0.003 1.4484e-006 8.53402e-008
0.004 4.80492e-006 2.50376e-007
0.005 1.27305e-005 5.93739e-007
0.006 2.88683e-005 1.22207e-006
0.007 5.84194e-005 2.27664e-006
0.008 0.000108396 3.94193e-006
0.009 0.000187856 6.45701e-006
0.01 0.000308124 1.01301e-005
0.011 0.000482982 1.53569e-005
0.012 0.00072884 2.26421e-005
0.013 0.00106489 3.26256e-005
0.014 0.0015132 4.61125e-005
0.015 0.00209885 6.41074e-005
0.016 0.00284993 8.78532e-005
0.017 0.00379764 0.000118874
0.018 0.00497621 0.000159024
0.019 0.00642292 0.000210536
0.02 0.00817803 0.000276082
0.021 0.0102846 0.000358827
0.022 0.0127886 0.000462498
0.023 0.0157383 0.000591447
0.024 0.0191844 0.000750722
0.025 0.02318 0.000946139
0.026 0.0277797 0.00118435
0.027 0.0330398 0.00147294
0.028 0.039018 0.00182046
0.029 0.0457727 0.00223655
0.03 0.053363 0.00273199
0.031 0.061848 0.00331877
0.032 0.0712867 0.00401019
0.033 0.0817372 0.00482089
0.034 0.0932567 0.00576695
0.035 0.105901 0.00686592
0.036 0.119722 0.00813693
0.037 0.134772 0.00960066
0.038 0.151099 0.0112795
0.039 0.168746 0.0131974
0.04 0.187753 0.01538
0.041 0.208158 0.017855
0.042 0.229989 0.0206513
0.043 0.253274 0.0237999
0.044 0.27803 0.0273334
0.045 0.304273 0.031286
0.046 0.332007 0.0356937
0.047 0.361233 0.040594
0.048 0.391943 0.0460259
0.049 0.424122 0.0520299
0.05 0.457745 0.0586477
0.051 0.492781 0.0659226
0.052 0.52919 0.0738985
0.053 0.566923 0.0826207
0.054 0.605922 0.0921351
0.055 0.646121 0.102488
0.056 0.687444 0.113727
0.057 0.729807 0.125899
0.058 0.773117 0.139052
0.059 0.817272 0.153232
0.06 0.862162 0.168487
0.061 0.907668 0.184861
0.062 0.953663 0.202402
0.063 1.00001 0.221152
0.064 1.04658 0.241153
0.065 1.09321 0.262447
0.066 1.13974 0.285072
0.067 1.18603 0.309063
0.068 1.2319 0.334455
0.069 1.27718 0.361277
0.07 1.32169 0.389556
0.071 1.36525 0.419315
0.072 1.4077 0.450575
0.073 1.44883 0.483348
0.074 1.48846 0.517647
0.075 1.52642 0.553476
0.076 1.56251 0.590835
0.077 1.59655 0.629719
0.078 1.62837 0.670116
0.079 1.65778 0.71201
0.08 1.6846 0.755377
0.081 1.70868 0.800186
0.082 1.72985 0.846401
0.083 1.74794 0.893978
0.084 1.76282 0.942866
0.085 1.77435 0.993007
0.086 1.78239 1.04434
0.087 1.78682 1.09678
0.088 1.78754 1.15026
0.089 1.78444 1.20468
0.09 1.77745 1.25996
0.091 1.7665 1.31598
0.092 1.75152 1.37264
0.093 1.73248 1.42983
0.094 1.70935 1.48741
0.095 1.68212 1.54525
0.096 1.65079 1.60322
0.097 1.61539 1.66116
0.098 1.57595 1.71894
0.099 1.53253 1.77639
0.1 1.48521 1.83335
0.101 1.43407 1.88964
0.102 1.37922 1.94511
0.103 1.32079 1.99957
0.104 1.25892 2.05283
0.105 1.19377 2.10473
0.106 1.12552 2.15506
0.107 1.05435 2.20364
0.108 0.98048 2.25028
0.109 0.904128 2.29479
0.11 0.825532 2.33698
0.111 0.744944 2.37665
0.112 0.662629 2.41362
0.113 0.578864 2.44769
0.114 0.493937 2.47869
0.115 0.408146 2.50643
0.116 0.3218 2.53074
0.117 0.235213 2.55144
0.118 0.148709 2.56836
0.119 0.062616 2.58135
0.12 -0.0227332 2.59025
0.121 -0.107003 2.59492
0.122 -0.189855 2.59522
0.123 -0.270952 2.59102
0.124 -0.349957 2.58222
0.125 -0.426537 2.5687
0.126 -0.50036 2.55037
0.127 -0.571103 2.52715
0.128 -0.638447 2.49898
0.129 -0.702084 2.46579
0.13 -0.761714 2.42756
0.131 -0.817049 2.38424
0.132 -0.867813 2.33584
0.133 -0.913747 2.28236
0.134 -0.954603 2.22381
0.135 -0.990154 2.16025
0.136 -1.02019 2.09171
0.137 -1.04451 2.01828
0.138 -1.06296 1.94003
0.139 -1.07538 1.85708
0.14 -1.08164 1.76955
0.141 -1.08163 1.67757
0.142 -1.07529 1.5813
0.143 -1.06255 1.48091
0.144 -1.04338 1.3766
0.145 -1.01778 1.26856
0.146 -0.985774 1.15702
0.147 -0.947408 1.04222
0.148 -0.902759 0.924411
0.149 -0.851931 0.803853
0.15 -0.795055 0.68083
0.151 -0.732287 0.555635
0.152 -0.663812 0.428574
0.153 -0.58984 0.299964
0.154 -0.510608 0.170134
0.155 -0.426378 0.0394202
0.156 -0.337436 -0.0918293
0.157 -0.244092 -0.223261
0.158 -0.146679 -0.354512
0.159 -0.0455516 -0.485218
0.16 0.0589141 -0.615007
0.161 0.166323 -0.743504
0.162 0.276263 -0.870333
0.163 0.388304 -0.995118
0.164 0.502 -1.11748
0.165 0.616895 -1.23705
0.166 0.732516 -1.35345
0.167 0.848385 -1.46632
0.168 0.964012 -1.5753
0.169 1.0789 -1.68003
0.17 1.19256 -1.78017
0.171 1.30448 -1.87538
0.172 1.41416 -1.96534
0.173 1.5211 -2.04975
0.174 1.62481 -2.1283
0.175 1.72478 -2.20071
0.176 1.82055 -2.26672
0.177 1.91164 -2.32608
0.178 1.99758 -2.37856
0.179 2.07793 -2.42395
0.18 2.15225 -2.46206
0.181 2.22015 -2.49273
0.182 2.28121 -2.51581
0.183 2.33507 -2.53118
0.184 2.38139 -2.53875
0.185 2.41983 -2.53843
0.186 2.45011 -2.53019
0.187 2.47195 -2.51401
0.188 2.48512 -2.48988
0.189 2.48941 -2.45785
0.19 2.48465 -2.41796
0.191 2.47069 -2.37031
0.192 2.44743 -2.31502
0.193 2.4148 -2.25221
0.194 2.37276 -2.18206
0.195 2.32132 -2.10476
0.196 2.2605 -2.02052
0.197 2.19039 -1.9296
0.198 2.1111 -1.83227
0.199 2.02277 -1.72881
0.2 1.9256 -1.61955
0.201 1.81981 -1.50483
0.202 1.70565 -1.38501
0.203 1.58343 -1.26048
0.204 1.45347 -1.13163
0.205 1.31613 -0.998902
0.206 1.17182 -0.862722
0.207 1.02096 -0.723548
0.208 0.864012 -0.581852
0.209 0.701459 -0.438115
0.21 0.533817 -0.292831
0.211 0.361625 -0.146505
0.212 0.185447 0.000351368
0.213 0.00586648 0.147221
0.214 -0.176513 0.293581
0.215 -0.361071 0.438905
0.216 -0.547172 0.582669
0.217 -0.734169 0.724347
0.218 -0.921403 0.863417
0.219 -1.10821 0.999361
0.22 -1.29392 1.13167
0.221 -1.47786 1.25984
0.222 -1.65936 1.38338
0.223 -1.83775 1.50181
0.224 -2.01237 1.61467
0.225 -2.18256 1.7215
0.226 -2.34768 1.82188
0.227 -2.50709 1.91538
0.228 -2.6602 2.00163
0.229 -2.80639 2.08025
0.23 -2.9451 2.15089
0.231 -3.07578 2.21324
0.232 -3.1979 2.26699
0.233 -3.31098 2.3119
0.234 -3.41453 2.34771
0.235 -3.50815 2.37423
0.236 -3.59141 2.39128
0.237 -3.66398 2.39872
0.238 -3.72552 2.39643
0.239 -3.77575 2.38434
0.24 -3.81443 2.36241
0.241 -3.84137 2.33064
0.242 -3.8564 2.28903
0.243 -3.85943 2.23767
0.244 -3.85037 2.17664
0.245 -3.82922 2.10607
0.246 -3.796 2.02613
0.247 -3.75078 1.93701
0.248 -3.69369 1.83896
0.249 -3.62489 1.73223
0.25 -3.54459 1.61711
0.251 -3.45306 1.49395
0.252 -3.35059 1.3631
0.253 -3.23753 1.22494
0.254 -3.11427 1.07989
0.255 -2.98125 0.928391
0.256 -2.83893 0.770914
0.257 -2.68783 0.607947
0.258 -2.52849 0.440003
0.259 -2.36149 0.267615
0.26 -2.18745 0.0913333
0.261 -2.00701 -0.0882744
0.262 -1.82085 -0.270626
0.263 -1.62966 -0.455128
0.264 -1.43416 -0.641174
0.265 -1.23511 -0.828153
0.266 -1.03325 -1.01544
0.267 -0.829363 -1.20243
0.268 -0.624232 -1.38848
0.269 -0.418652 -1.57297
0.27 -0.213423 -1.75528
0.271 -0.00934581 -1.9348
0.272 0.192779 -2.11092
0.273 0.392154 -2.28304
0.274 0.58799 -2.45058
0.275 0.779508 -2.61295
0.276 0.965943 -2.76962
0.277 1.14655 -2.92003
0.278 1.32059 -3.06367
0.279 1.48737 -3.20005
0.28 1.6462 -3.3287
0.281 1.79643 -3.44917
0.282 1.93745 -3.56104
0.283 2.06866 -3.66393
0.284 2.18952 -3.75747
0.285 2.29951 -3.84135
0.286 2.39818 -3.91527
0.287 2.48508 -3.97898
0.288 2.55984 -4.03224
0.289 2.62213 -4.07489
0.29 2.67166 -4.10677
0.291 2.70819 -4.12777
0.292 2.73154 -4.13781
0.293 2.74158 -4.13688
0.294 2.73822 -4.12496
0.295 2.72144 -4.10211
0.296 2.69127 -4.06842
0.297 2.64779 -4.02399
0.298 2.59112 -3.969
0.299 2.52147 -3.90365
0.3 2.43906 -3.82815
0.301 2.3442 -3.7428
0.302 2.23723 -3.64789
0.303 2.11854 -3.54376
0.304 1.98858 -3.43079
0.305 1.84783 -3.30938
0.306 1.69684 -3.17996
0.307 1.53618 -3.043
0.308 1.36647 -2.89899
0.309 1.18838 -2.74844
0.31 1.0026 -2.59189
0.311 0.809855 -2.42988
0.312 0.610916 -2.26301
0.313 0.406569 -2.09186
0.314 0.19763 -1.91705
0.315 -0.015066 -1.73918
0.316 -0.230662 -1.55889
0.317 -0.448288 -1.37681
0.318 -0.667061 -1.19358
0.319 -0.88609 -1.00985
0.32 -1.10448 -0.826266
0.321 -1.32133 -0.643459
0.322 -1.53576 -0.462068
0.323 -1.74686 -0.282722
0.324 -1.95377 -0.106039
0.325 -2.15561 0.0673756
0.326 -2.35154 0.236929
0.327 -2.54073 0.402046
0.328 -2.72238 0.562172
0.329 -2.8957 0.71677
0.33 -3.05995 0.86533
0.331 -3.21443 1.00736
0.332 -3.35843 1.14241
0.333 -3.49135 1.27005
0.334 -3.61256 1.38987
0.335 -3.72153 1.5015
0.336 -3.81775 1.60461
0.337 -3.90076 1.6989
0.338 -3.97017 1.78411
0.339 -4.02561 1.86
0.34 -4.0668 1.92639
0.341 -4.09349 1.98312
0.342 -4.1055 2.03008
0.343 -4.10271 2.0672
0.344 -4.08505 2.09443
0.345 -4.05252 2.11179
0.346 -4.00516 2.11932
0.347 -3.9431 2.11711
0.348 -3.8665 2.10527
0.349 -3.7756 2.08396
0.35 -3.67068 2.05339
0.351 -3.5521 2.01379
0.352 -3.42025 1.96543
0.353 -3.2756 1.90861
0.354 -3.11865 1.84367
0.355 -2.94996 1.77099
0.356 -2.77015 1.69096
0.357 -2.57986 1.60402
0.358 -2.37981 1.51061
0.359 -2.17073 1.41123
0.36 -1.95341 1.30637
0.361 -1.72865 1.19656
0.362 -1.49732 1.08234
0.363 -1.26027 0.96428
0.364 -1.01843 0.842943
0.365 -0.772699 0.71892
0.366 -0.524035 0.592804
0.367 -0.273391 0.465198
0.368 -0.0217328 0.336708
0.369 0.229966 0.207941
0.37 0.480729 0.0795055
0.371 0.729581 -0.0479959
0.372 0.975553 -0.173965
0.373 1.21768 -0.297811
0.374 1.45503 -0.418957
0.375 1.68665 -0.536835
0.376 1.91165 -0.650896
0.377 2.12914 -0.760608
0.378 2.33827 -0.865457
0.379 2.5382 -0.964953
0.38 2.72815 -1.05863
0.381 2.90738 -1.14605
0.382 3.07517 -1.2268
0.383 3.23086 -1.3005
0.384 3.37384 -1.36679
0.385 3.50354 -1.42536
0.386 3.61945 -1.47593
0.387 3.72112 -1.51825
0.388 3.80814 -1.5521
0.389 3.88017 -1.57731
0.39 3.93694 -1.59375
0.391 3.97823 -1.60131
0.392 4.00388 -1.59994
0.393 4.0138 -1.58962
0.394 4.00796 -1.57036
0.395 3.9864 -1.54224
0.396 3.94923 -1.50534
0.397 3.89661 -1.4598
0.398 3.82877 -1.4058
0.399 3.746 -1.34355
0.4 3.64866 -1.27331
0.401 3.53716 -1.19535
0.402 3.41199 -1.10999
0.403 3.27367 -1.0176
0.404 3.12279 -0.918538
0.405 2.96 -0.813235
0.406 2.78598 -0.702127
0.407 2.60147 -0.585682
0.408 2.40727 -0.464393
0.409 2.20419 -0.338774
0.41 1.9931 -0.209358
0.411 1.7749 -0.0766988
0.412 1.55053 0.0586374
0.413 1.32094 0.19607
0.414 1.08712 0.335009
0.415 0.850068 0.474855
0.416 0.610806 0.615004
0.417 0.370363 0.754851
0.418 0.129779 0.893787
0.419 -0.109906 1.03121
0.42 -0.347652 1.16652
0.421 -0.582424 1.29912
0.422 -0.813196 1.42844
0.423 -1.03896 1.55391
0.424 -1.25872 1.67497
0.425 -1.47151 1.79109
0.426 -1.67639 1.90175
0.427 -1.87244 2.00646
0.428 -2.05878 2.10476
0.429 -2.23457 2.1962
0.43 -2.39902 2.28038
0.431 -2.55137 2.3569
0.432 -2.69092 2.42542
0.433 -2.81701 2.48563
0.434 -2.92905 2.53724
0.435 -3.02649 2.58002
0.436 -3.10885 2.61376
0.437 -3.17571 2.63828
0.438 -3.22671 2.65347
0.439 -3.26157 2.65925
0.44 -3.28004 2.65555
0.441 -3.28199 2.64239
0.442 -3.26732 2.6198
0.443 -3.23601 2.58786
0.444 -3.18811 2.54669
0.445 -3.12375 2.49645
0.446 -3.0431 2.43735
0.447 -2.94644 2.36963
0.448 -2.83409 2.29357
0.449 -2.70644 2.20949
0.45 -2.56394 2.11774
0.451 -2.40714 2.01872
0.452 -2.2366 1.91285
0.453 -2.05297 1.80058
0.454 -1.85696 1.68241
0.455 -1.64933 1.55885
0.456 -1.43087 1.43043
0.457 -1.20245 1.29773
0.458 -0.964971 1.16133
0.459 -0.719374 1.02183
0.46 -0.46664 0.879863
0.461 -0.207784 0.73606
0.462 0.0561481 0.591068
0.463 0.324086 0.445544
0.464 0.594939 0.300151
0.465 0.867598 0.155552
0.466 1.14094 0.0124147
0.467 1.41384 -0.1286
0.468 1.68517 -0.266834
0.469 1.95378 -0.401639
0.47 2.21857 -0.532377
0.471 2.47842 -0.658425
0.472 2.73222 -0.779176
0.473 2.9789 -0.894042
0.474 3.21741 -1.00246
0.475 3.44673 -1.10388
0.476 3.66585 -1.1978
0.477 3.87383 -1.28373
0.478 4.06976 -1.36122
0.479 4.25276 -1.42985
0.48 4.42203 -1.48923
0.481 4.57679 -1.53902
0.482 4.71633 -1.57892
0.483 4.84001 -1.60865
0.484 4.94724 -1.628
0.485 5.03749 -1.63678
0.486 5.11031 -1.63486
0.487 5.16531 -1.62215
0.488 5.20217 -1.5986
0.489 5.22066 -1.56421
0.49 5.22059 -1.51904
0.491 5.20187 -1.46318
0.492 5.16449 -1.39677
0.493 5.10849 -1.32
0.494 5.03402 -1.2331
0.495 4.94127 -1.13636
0.496 4.83053 -1.0301
0.497 4.70215 -0.914684
0.498 4.55656 -0.790525
0.499 4.39426 -0.658073
0.5 4.21583 -0.517817
0.501 4.02189 -0.370283
0.502 3.81315 -0.216034
0.503 3.59038 -0.0556643
0.504 3.35439 0.110199
0.505 3.10607 0.280901
0.506 2.84636 0.455762
0.507 2.57622 0.634076
0.508 2.2967 0.815118
0.509 2.00886 0.998146
0.51 1.7138 1.1824
0.511 1.41268 1.36711
0.512 1.10665 1.5515
0.513 0.796914 1.73479
0.514 0.484676 1.91618
0.515 0.171163 2.09489
0.516 -0.14239 2.27014
0.517 -0.454746 2.44116
0.518 -0.764665 2.60717
0.519 -1.07092 2.76743
0.52 -1.37228 2.92119
0.521 -1.66755 3.06776
0.522 -1.95554 3.20642
0.523 -2.2351 3.33652
0.524 -2.50509 3.45742
0.525 -2.76443 3.56851
0.526 -3.01206 3.66921
0.527 -3.24697 3.759
0.528 -3.4682 3.83737
0.529 -3.67485 3.90387
0.53 -3.86606 3.95807
0.531 -4.04104 3.99963
0.532 -4.19906 4.02821
0.533 -4.33946 4.04354
0.534 -4.46165 4.04539
0.535 -4.5651 4.03361
0.536 -4.64938 4.00806
0.537 -4.7141 3.96869
0.538 -4.75899 3.91547
0.539 -4.78382 3.84845
0.54 -4.78847 3.76773
0.541 -4.77288 3.67345
0.542 -4.73708 3.56582
0.543 -4.6812 3.44509
0.544 -4.60542 3.31157
0.545 -4.51001 3.16562
0.546 -4.39535 3.00766
0.547 -4.26186 2.83814
0.548 -4.11005 2.65756
0.549 -3.94052 2.46649
0.55 -3.75392 2.26552
0.551 -3.551 2.0553
0.552 -3.33255 1.83649
0.553 -3.09944 1.60982
0.554 -2.85259 1.37603
0.555 -2.59301 1.13592
0.556 -2.32172 0.890285
0.557 -2.03982 0.639972
0.558 -1.74846 0.385839
0.559 -1.4488 0.128765
0.56 -1.14207 -0.130352
0.561 -0.829524 -0.390604
0.562 -0.512429 -0.651073
0.563 -0.192088 -0.910834
0.564 0.130181 -1.16896
0.565 0.453052 -1.42453
0.566 0.775189 -1.67662
0.567 1.09526 -1.92432
0.568 1.41192 -2.16674
0.569 1.72387 -2.40298
0.57 2.02979 -2.63218
0.571 2.32839 -2.8535
0.572 2.61842 -3.06613
0.573 2.89864 -3.26928
0.574 3.16787 -3.46219
0.575 3.42494 -3.64415
0.576 3.66876 -3.81448
0.577 3.89826 -3.97253
0.578 4.11244 -4.11771
0.579 4.31036 -4.24947
0.58 4.49114 -4.36732
0.581 4.65396 -4.47079
0.582 4.79808 -4.5595
0.583 4.92282 -4.63309
0.584 5.02759 -4.69129
0.585 5.11188 -4.73386
0.586 5.17524 -4.76063
0.587 5.21732 -4.77149
0.588 5.23786 -4.76638
0.589 5.23666 -4.74531
0.59 5.21364 -4.70834
0.591 5.16878 -4.65561
0.592 5.10216 -4.58729
0.593 5.01395 -4.50365
0.594 4.90439 -4.40497
0.595 4.77384 -4.29162
0.596 4.62271 -4.16403
0.597 4.45151 -4.02265
0.598 4.26083 -3.86803
0.599 4.05134 -3.70074
0.6 3.82378 -3.52139
0.601 3.57898 -3.33068
0.602 3.31782 -3.12931
0.603 3.04128 -2.91805
0.604 2.75036 -2.69768
0.605 2.44616 -2.46906
0.606 2.12981 -2.23304
0.607 1.80251 -1.99052
0.608 1.46548 -1.74243
0.609 1.12003 -1.48971
0.61 0.767447 -1.23332
0.611 0.409096 -0.974246
0.612 0.0463485 -0.713476
0.613 -0.3194 -0.45201
0.614 -0.686738 -0.190852
0.615 -1.05425 0.0689958
0.616 -1.42049 0.326534
0.617 -1.78406 0.580772
0.618 -2.14354 0.830728
0.619 -2.49751 1.07544
0.62 -2.84459 1.31396
0.621 -3.18343 1.54536
0.622 -3.5127 1.76876
0.623 -3.83109 1.98327
0.624 -4.13735 2.18808
0.625 -4.43027 2.38238
0.626 -4.70869 2.56541
0.627 -4.97151 2.73647
0.628 -5.21768 2.89487
0.629 -5.44622 3.04001
0.63 -5.65622 3.1713
0.631 -5.84683 3.28824
0.632 -6.01729 3.39036
0.633 -6.16691 3.47726
0.634 -6.29509 3.54858
0.635 -6.40129 3.60404
0.636 -6.48509 3.64341
0.637 -6.54613 3.66653
0.638 -6.58416 3.67329
0.639 -6.599 3.66366
0.64 -6.59058 3.63767
0.641 -6.55892 3.59539
0.642 -6.50411 3.53698
0.643 -6.42636 3.46265
0.644 -6.32596 3.37267
0.645 -6.20329 3.26739
0.646 -6.05881 3.14719
0.647 -5.89308 3.01253
0.648 -5.70674 2.86391
0.649 -5.50051 2.70191
0.65 -5.2752 2.52712
0.651 -5.03168 2.34023
0.652 -4.77089 2.14193
0.653 -4.49387 1.93298
0.654 -4.2017 1.71419
0.655 -3.89553 1.48638
0.656 -3.57655 1.25043
0.657 -3.24603 1.00723
0.658 -2.90526 0.757728
0.659 -2.55559 0.502867
0.66 -2.19841 0.243626
0.661 -1.83511 -0.0190026
0.662 -1.46713 -0.284013
0.663 -1.09594 -0.550389
0.664 -0.722998 -0.817112
0.665 -0.349783 -1.08316
0.666 0.0222281 -1.34751
0.667 0.391559 -1.60915
0.668 0.756747 -1.86708
0.669 1.11634 -2.12032
0.67 1.46892 -2.36789
0.671 1.81308 -2.60885
0.672 2.14745 -2.84227
0.673 2.47071 -3.06727
0.674 2.78158 -3.28298
0.675 3.07882 -3.48859
0.676 3.36125 -3.68331
0.677 3.62776 -3.86641
0.678 3.87728 -4.03718
0.679 4.10882 -4.19497
0.68 4.32148 -4.33921
0.681 4.5144 -4.46934
0.682 4.68682 -4.58487
0.683 4.83808 -4.68537
0.684 4.96756 -4.77048
0.685 5.07477 -4.83987
0.686 5.15929 -4.89331
0.687 5.22079 -4.9306
0.688 5.25904 -4.95161
0.689 5.2739 -4.95628
0.69 5.26533 -4.94462
0.691 5.23338 -4.91668
0.692 5.17819 -4.8726
0.693 5.10001 -4.81257
0.694 4.99916 -4.73684
0.695 4.87607 -4.64572
0.696 4.73126 -4.53958
0.697 4.56533 -4.41886
0.698 4.37897 -4.28404
0.699 4.17295 -4.13566
0.7 3.94813 -3.97431
0.701 3.70544 -3.80064
0.702 3.44587 -3.61533
0.703 3.17051 -3.41912
0.704 2.88049 -3.21278
0.705 2.577 -2.99712
0.706 2.26131 -2.77299
0.707 1.93471 -2.54127
0.708 1.59855 -2.30286
0.709 1.25423 -2.05869
0.71 0.903161 -1.80972
0.711 0.546799 -1.55691
0.712 0.186619 -1.30123
0.713 -0.17589 -1.04368
0.714 -0.539226 -0.785251
0.715 -0.901881 -0.526933
0.716 -1.26235 -0.269718
0.717 -1.61914 -0.0145871
0.718 -1.97077 0.237487
0.719 -2.31576 0.485547
0.72 -2.65269 0.728657
0.721 -2.98015 0.9659
0.722 -3.29676 1.19639
0.723 -3.6012 1.41927
0.724 -3.8922 1.63371
0.725 -4.16852 1.83892
0.726 -4.42901 2.03415
0.727 -4.67255 2.21871
0.728 -4.89812 2.39192
0.729 -5.10474 2.55317
0.73 -5.29154 2.70191
0.731 -5.4577 2.83762
0.732 -5.6025 2.95984
0.733 -5.7253 3.06819
0.734 -5.82556 3.16232
0.735 -5.9028 3.24195
0.736 -5.95667 3.30685
0.737 -5.9869 3.35688
0.738 -5.9933 3.39193
0.739 -5.97581 3.41196
0.74 -5.93443 3.41702
0.741 -5.86928 3.40717
0.742 -5.78058 3.38258
0.743 -5.66862 3.34346
0.744 -5.53382 3.29007
0.745 -5.37666 3.22275
0.746 -5.19773 3.14188
0.747 -4.99771 3.04791
0.748 -4.77735 2.94133
0.749 -4.5375 2.82269
0.75 -4.27908 2.69259
0.751 -4.00309 2.55167
0.752 -3.71061 2.40062
0.753 -3.40277 2.24016
0.754 -3.08077 2.07107
0.755 -2.74588 1.89414
0.756 -2.39942 1.71021
0.757 -2.04273 1.52014
0.758 -1.67723 1.32481
0.759 -1.30437 1.12513
0.76 -0.925603 0.922028
0.761 -0.542442 0.716429
0.762 -0.156399 0.509281
0.763 0.230995 0.301535
0.764 0.618204 0.0941415
0.765 1.00369 -0.111952
0.766 1.38592 -0.315805
0.767 1.76338 -0.516487
0.768 2.13456 -0.713081
0.769 2.49799 -0.904691
0.77 2.85221 -1.09044
0.771 3.19583 -1.26948
0.772 3.52747 -1.441
0.773 3.84581 -1.6042
0.774 4.14959 -1.75833
0.775 4.43758 -1.90268
0.776 4.70866 -2.03659
0.777 4.96173 -2.15943
0.778 5.19579 -2.27061
0.779 5.40991 -2.36963
0.78 5.60324 -2.456
0.781 5.77501 -2.5293
0.782 5.92456 -2.58917
0.783 6.05127 -2.6353
0.784 6.15467 -2.66745
0.785 6.23435 -2.68544
0.786 6.28999 -2.68912
0.787 6.3214 -2.67845
0.788 6.32846 -2.65342
0.789 6.31116 -2.61408
0.79 6.26958 -2.56056
0.791 6.20392 -2.49305
0.792 6.11445 -2.41177
0.793 6.00157 -2.31704
0.794 5.86573 -2.20922
0.795 5.70752 -2.08871
0.796 5.5276 -1.95601
0.797 5.32671 -1.81162
0.798 5.1057 -1.65612
0.799 4.86547 -1.49015
0.8 4.60704 -1.31437
0.801 4.33146 -1.1295
0.802 4.03989 -0.936285
0.803 3.73353 -0.735525
0.804 3.41366 -0.528045
0.805 3.08158 -0.314701
0.806 2.7387 -0.0963766
0.807 2.38641 0.126021
0.808 2.0262 0.351565
0.809 1.65954 0.579312
0.81 1.28795 0.808309
0.811 0.912994 1.03759
0.812 0.536211 1.2662
0.813 0.159171 1.49316
0.814 -0.216559 1.71751
0.815 -0.589416 1.93831
0.816 -0.957848 2.1546
0.817 -1.32032 2.36547
0.818 -1.67532 2.57001
0.819 -2.02136 2.76734
0.82 -2.357 2.9566
0.821 -2.68083 3.13698
0.822 -2.9915 3.30768
0.823 -3.28769 3.46796
0.824 -3.56816 3.61711
0.825 -3.83174 3.75447
0.826 -4.07729 3.87941
0.827 -4.30379 3.99139
0.828 -4.51025 4.08987
0.829 -4.69581 4.1744
0.83 -4.85966 4.24458
0.831 -5.00109 4.30007
0.832 -5.11948 4.34058
0.833 -5.2143 4.36588
0.834 -5.28513 4.37582
0.835 -5.33163 4.3703
0.836 -5.35358 4.34929
0.837 -5.35083 4.31281
0.838 -5.32337 4.26097
0.839 -5.27125 4.19392
0.84 -5.19467 4.11187
0.841 -5.09388 4.01513
0.842 -4.96926 3.90402
0.843 -4.82128 3.77897
0.844 -4.65051 3.64043
0.845 -4.45761 3.48892
0.846 -4.24334 3.32503
0.847 -4.00854 3.14938
0.848 -3.75414 2.96266
0.849 -3.48114 2.76558
0.85 -3.19064 2.55893
0.851 -2.88379 2.34351
0.852 -2.56183 2.12019
0.853 -2.22605 1.88984
0.854 -1.8778 1.65339
0.855 -1.51849 1.41178
0.856 -1.14958 1.16598
0.857 -0.772552 0.91699
0.858 -0.388946 0.665811
0.859 -0.000321391 0.413461
0.86 0.391738 0.160968
0.861 0.78563 -0.090638
0.862 1.17974 -0.340328
0.863 1.57246 -0.587077
0.864 1.96217 -0.829869
0.865 2.34727 -1.0677
0.866 2.72617 -1.29959
0.867 3.09731 -1.52457
0.868 3.45914 -1.74171
0.869 3.81016 -1.95009
0.87 4.14892 -2.14884
0.871 4.47399 -2.33711
0.872 4.78402 -2.51413
0.873 5.0777 -2.67911
0.874 5.35379 -2.83137
0.875 5.61112 -2.97023
0.876 5.84859 -3.09511
0.877 6.06519 -3.20543
0.878 6.25997 -3.30072
0.879 6.43209 -3.38054
0.88 6.58078 -3.44451
0.881 6.70538 -3.49234
0.882 6.80531 -3.52378
0.883 6.8801 -3.53865
0.884 6.92937 -3.53684
0.885 6.95287 -3.51832
0.886 6.95041 -3.48311
0.887 6.92193 -3.4313
0.888 6.86748 -3.36305
0.889 6.78719 -3.27861
0.89 6.68133 -3.17825
0.891 6.55023 -3.06235
0.892 6.39435 -2.93133
0.893 6.21426 -2.78568
0.894 6.01059 -2.62595
0.895 5.78409 -2.45276
0.896 5.53561 -2.26676
0.897 5.26608 -2.06868
0.898 4.97651 -1.85929
0.899 4.66799 -1.63941
0.9 4.34171 -1.4099
0.901 3.9989 -1.17169
0.902 3.64088 -0.925699
0.903 3.26904 -0.672925
0.904 2.8848 -0.414377
0.905 2.48965 -0.151092
0.906 2.08512 0.115866
0.907 1.67279 0.385417
0.908 1.25425 0.656466
0.909 0.831141 0.927908
0.91 0.405112 1.19863
0.911 -0.0221738 1.46752
0.912 -0.449044 1.73348
0.913 -0.873827 1.99539
0.914 -1.29486 2.25217
0.915 -1.71048 2.50274
0.916 -2.11907 2.74607
0.917 -2.51902 2.9811
0.918 -2.90875 3.20686
0.919 -3.28673 3.42237
0.92 -3.65147 3.6267
0.921 -4.00154 3.81897
0.922 -4.33556 3.99834
0.923 -4.6522 4.16401
0.924 -4.95023 4.31524
0.925 -5.22847 4.45133
0.926 -5.48582 4.57166
0.927 -5.72126 4.67566
0.928 -5.93388 4.76281
0.929 -6.12283 4.83267
0.93 -6.28737 4.88487
0.931 -6.42685 4.91908
0.932 -6.54073 4.93507
0.933 -6.62857 4.93266
0.934 -6.69002 4.91177
0.935 -6.72485 4.87235
0.936 -6.73293 4.81445
0.937 -6.71425 4.7382
0.938 -6.66888 4.64377
0.939 -6.59702 4.53143
0.94 -6.49897 4.40151
0.941 -6.37513 4.25441
0.942 -6.226 4.09058
0.943 -6.05221 3.91058
0.944 -5.85446 3.71499
0.945 -5.63354 3.50448
0.946 -5.39037 3.27976
0.947 -5.12593 3.04161
0.948 -4.84128 2.79086
0.949 -4.5376 2.52838
0.95 -4.2161 2.25512
0.951 -3.8781 1.97203
0.952 -3.52496 1.68013
0.953 -3.15813 1.38047
0.954 -2.77908 1.07413
0.955 -2.38936 0.762219
0.956 -1.99055 0.445865
0.957 -1.58427 0.126221
0.958 -1.17217 -0.195547
0.959 -0.755933 -0.518262
0.96 -0.337242 -0.840742
0.961 0.0821958 -1.1618
0.962 0.500672 -1.48027
0.963 0.916481 -1.79496
0.964 1.32793 -2.10472
0.965 1.73333 -2.40841
0.966 2.13104 -2.7049
0.967 2.51943 -2.99311
0.968 2.8969 -3.27197
0.969 3.26192 -3.54044
0.97 3.61298 -3.79754
0.971 3.94864 -4.04232
0.972 4.26751 -4.27387
0.973 4.5683 -4.49135
0.974 4.84974 -4.69394
0.975 5.11068 -4.88092
0.976 5.35002 -5.05159
0.977 5.56678 -5.20533
0.978 5.76004 -5.34158
0.979 5.92898 -5.45985
0.98 6.07289 -5.55972
0.981 6.19115 -5.64084
0.982 6.28324 -5.70292
0.983 6.34875 -5.74575
0.984 6.38739 -5.7692
0.985 6.39894 -5.77321
0.986 6.38332 -5.75779
0.987 6.34056 -5.72303
0.988 6.27077 -5.6691
0.989 6.17421 -5.59621
0.99 6.0512 -5.5047
0.991 5.90221 -5.39492
0.992 5.72779 -5.26734
0.993 5.5286 -5.12247
0.994 5.30539 -4.96089
0.995 5.05902 -4.78325
0.996 4.79044 -4.59025
0.997 4.50068 -4.38268
0.998 4.19087 -4.16134
0.999 3.86221 -3.92711
1 3.51598 -3.68092
