0.001 3.10875e-008 2.02936e-009
0.002 2.86498e-007 1.63084e-008
0.003 1.36536e-006 6.77472e-008
0.004 4.56451e-006 1.99132e-007
0.005 1.21704e-005 4.73469e-007
0.006 2.77412e-005 9.77959e-007
0.007 5.63774e-005 1.83006e-006
0.008 0.000104976 3.18604e-006
0.009 0.000182472 5.25244e-006
0.01 0.000300051 8.3008e-006
0.011 0.000471353 1.26859e-005
0.012 0.000712646 1.88681e-005
0.013 0.00104297 2.74392e-005
0.014 0.00148425 3.91534e-005
0.015 0.00206143 5.4962e-005
0.016 0.00280247 7.60527e-005
0.017 0.00373844 0.000103894
0.018 0.00490348 0.000140283
0.019 0.00633479 0.000187398
0.02 0.00807255 0.000247858
0.021 0.0101598 0.00032478
0.022 0.0126425 0.000421846
0.023 0.0155689 0.00054337
0.024 0.0189899 0.000694373
0.025 0.0229584 0.00088065
0.026 0.0275295 0.00110885
0.027 0.0327594 0.00138656
0.028 0.0387062 0.00172237
0.029 0.0454285 0.00212595
0.03 0.0529856 0.00260816
0.031 0.0614371 0.00318107
0.032 0.0708424 0.00385809
0.033 0.08126 0.00465402
0.034 0.0927475 0.0055851
0.035 0.105361 0.00666912
0.036 0.119154 0.00792543
0.037 0.134179 0.00937502
0.038 0.150483 0.0110405
0.039 0.168112 0.0129464
0.04 0.187107 0.0151187
0.041 0.207504 0.0175854
0.042 0.229334 0.0203762
0.043 0.252625 0.0235224
0.044 0.277396 0.0270574
0.045 0.303662 0.0310159
0.046 0.331429 0.0354348
0.047 0.360699 0.0403522
0.048 0.391465 0.0458081
0.049 0.423711 0.0518437
0.05 0.457415 0.0585018
0.051 0.492547 0.0658266
0.052 0.529066 0.073863
0.053 0.566924 0.0826575
0.054 0.606065 0.0922569
0.055 0.646423 0.102709
0.056 0.687922 0.114062
0.057 0.73048 0.126365
0.058 0.774003 0.139666
0.059 0.818391 0.154014
0.06 0.863532 0.169456
0.061 0.90931 0.18604
0.062 0.955597 0.203812
0.063 1.00226 0.222818
0.064 1.04915 0.243101
0.065 1.09613 0.264703
0.066 1.14304 0.287664
0.067 1.18972 0.312021
0.068 1.23599 0.337808
0.069 1.2817 0.365057
0.07 1.32665 0.393795
0.071 1.37068 0.424048
0.072 1.4136 0.455834
0.073 1.45523 0.48917
0.074 1.49537 0.524066
0.075 1.53384 0.560529
0.076 1.57046 0.598559
0.077 1.60505 0.63815
0.078 1.63741 0.679292
0.079 1.66737 0.721967
0.08 1.69476 0.766152
0.081 1.7194 0.811816
0.082 1.74113 0.858922
0.083 1.7598 0.907424
0.084 1.77524 0.957272
0.085 1.78732 1.00841
0.086 1.79591 1.06076
0.087 1.80089 1.11426
0.088 1.80214 1.16882
0.089 1.79957 1.22435
0.09 1.79308 1.28076
0.091 1.78262 1.33794
0.092 1.76811 1.39577
0.093 1.74952 1.45414
0.094 1.72681 1.51292
0.095 1.69998 1.57197
0.096 1.66902 1.63115
0.097 1.63397 1.69032
0.098 1.59484 1.7493
0.099 1.55171 1.80796
0.1 1.50463 1.86611
0.101 1.45371 1.92358
0.102 1.39904 1.9802
0.103 1.34075 2.03579
0.104 1.27899 2.09015
0.105 1.2139 2.1431
0.106 1.14568 2.19445
0.107 1.07449 2.244
0.108 1.00057 2.29155
0.109 0.924118 2.33692
0.11 0.845385 2.37989
0.111 0.76462 2.42028
0.112 0.682087 2.45789
0.113 0.598064 2.49253
0.114 0.512841 2.524
0.115 0.426716 2.55212
0.116 0.339998 2.5767
0.117 0.253004 2.59757
0.118 0.166058 2.61455
0.119 0.0794912 2.62749
0.12 -0.0063631 2.63621
0.121 -0.0911668 2.64059
0.122 -0.17458 2.64046
0.123 -0.256264 2.63571
0.124 -0.335878 2.62621
0.125 -0.413087 2.61185
0.126 -0.487557 2.59255
0.127 -0.558962 2.56821
0.128 -0.626981 2.53877
0.129 -0.691302 2.50416
0.13 -0.751623 2.46436
0.131 -0.807654 2.41933
0.132 -0.859117 2.36906
0.133 -0.905747 2.31356
0.134 -0.947295 2.25285
0.135 -0.983532 2.18697
0.136 -1.01424 2.11598
0.137 -1.03923 2.03994
0.138 -1.05833 1.95896
0.139 -1.07138 1.87313
0.14 -1.07825 1.78259
0.141 -1.07884 1.68748
0.142 -1.07306 1.58796
0.143 -1.06086 1.48421
0.144 -1.04221 1.37643
0.145 -1.0171 1.26482
0.146 -0.985545 1.14963
0.147 -0.947603 1.03109
0.148 -0.903347 0.909461
0.149 -0.852879 0.785027
0.15 -0.796328 0.658076
0.151 -0.733852 0.528912
0.152 -0.665636 0.397851
0.153 -0.59189 0.265224
0.154 -0.512851 0.131369
0.155 -0.428781 -0.0033627
0.156 -0.339968 -0.138612
0.157 -0.246723 -0.27401
0.158 -0.149381 -0.409184
0.159 -0.0482983 -0.543753
0.16 0.0561473 -0.677333
0.161 0.163559 -0.809534
0.162 0.273521 -0.939969
0.163 0.3856 -1.06824
0.164 0.499351 -1.19397
0.165 0.614309 -1.31676
0.166 0.730004 -1.43623
0.167 0.84595 -1.552
0.168 0.961656 -1.6637
0.169 1.07662 -1.77095
0.17 1.19035 -1.87341
0.171 1.30233 -1.97073
0.172 1.41205 -2.06256
0.173 1.51902 -2.1486
0.174 1.62273 -2.22853
0.175 1.72269 -2.30207
0.176 1.81841 -2.36893
0.177 1.90941 -2.42886
0.178 1.99523 -2.48164
0.179 2.07542 -2.52703
0.18 2.14955 -2.56485
0.181 2.21718 -2.59492
0.182 2.27794 -2.6171
0.183 2.33145 -2.63126
0.184 2.37735 -2.63731
0.185 2.41532 -2.63516
0.186 2.44506 -2.62479
0.187 2.46631 -2.60616
0.188 2.47881 -2.57928
0.189 2.48238 -2.54419
0.19 2.47682 -2.50096
0.191 2.462 -2.44967
0.192 2.4378 -2.39045
0.193 2.40417 -2.32345
0.194 2.36107 -2.24883
0.195 2.30849 -2.16681
0.196 2.24647 -2.07761
0.197 2.1751 -1.9815
0.198 2.09449 -1.87876
0.199 2.00478 -1.76969
0.2 1.90618 -1.65463
0.201 1.7989 -1.53394
0.202 1.68321 -1.40801
0.203 1.55941 -1.27722
0.204 1.42783 -1.14201
0.205 1.28885 -1.00282
0.206 1.14286 -0.860111
0.207 0.990302 -0.714355
0.208 0.831637 -0.566046
0.209 0.667359 -0.41569
0.21 0.49799 -0.263803
0.211 0.324075 -0.110912
0.212 0.146186 0.0424472
0.213 -0.0350865 0.195733
0.214 -0.219131 0.348401
0.215 -0.40532 0.4999
0.216 -0.59301 0.649682
0.217 -0.781545 0.797198
0.218 -0.97026 0.941903
0.219 -1.15848 1.08326
0.22 -1.34553 1.22073
0.221 -1.53073 1.35379
0.222 -1.7134 1.48193
0.223 -1.89286 1.60466
0.224 -2.06844 1.72147
0.225 -2.23949 1.83192
0.226 -2.40534 1.93554
0.227 -2.56537 2.03191
0.228 -2.71895 2.12062
0.229 -2.86548 2.20128
0.23 -3.0044 2.27355
0.231 -3.13513 2.33708
0.232 -3.25715 2.39157
0.233 -3.36996 2.43675
0.234 -3.47311 2.47238
0.235 -3.56614 2.49824
0.236 -3.64867 2.51416
0.237 -3.72033 2.51998
0.238 -3.7808 2.5156
0.239 -3.82979 2.50095
0.24 -3.86707 2.47598
0.241 -3.89244 2.44068
0.242 -3.90574 2.3951
0.243 -3.90688 2.33929
0.244 -3.89578 2.27337
0.245 -3.87243 2.19748
0.246 -3.83686 2.11179
0.247 -3.78916 2.01651
0.248 -3.72945 1.91189
0.249 -3.65791 1.79823
0.25 -3.57474 1.67582
0.251 -3.48023 1.54503
0.252 -3.37468 1.40623
0.253 -3.25845 1.25983
0.254 -3.13194 1.10627
0.255 -2.99559 0.946025
0.256 -2.84989 0.779585
0.257 -2.69536 0.607469
0.258 -2.53255 0.430219
0.259 -2.36206 0.248397
0.26 -2.18451 0.0625856
0.261 -2.00058 -0.126617
0.262 -1.81093 -0.318597
0.263 -1.6163 -0.512727
0.264 -1.4174 -0.70837
0.265 -1.215 -0.90488
0.266 -1.00987 -1.1016
0.267 -0.802791 -1.29789
0.268 -0.594575 -1.49307
0.269 -0.386023 -1.68651
0.27 -0.17795 -1.87753
0.271 0.0288313 -2.0655
0.272 0.233506 -2.24978
0.273 0.435265 -2.42973
0.274 0.633307 -2.60475
0.275 0.826841 -2.77423
0.276 1.01509 -2.93758
0.277 1.1973 -3.09426
0.278 1.37273 -3.2437
0.279 1.54067 -3.38539
0.28 1.70042 -3.51885
0.281 1.85133 -3.6436
0.282 1.99278 -3.75921
0.283 2.12416 -3.86527
0.284 2.24494 -3.96141
0.285 2.35458 -4.0473
0.286 2.45263 -4.12262
0.287 2.53866 -4.18712
0.288 2.61228 -4.24057
0.289 2.67316 -4.28277
0.29 2.72102 -4.31357
0.291 2.75562 -4.33286
0.292 2.77679 -4.34058
0.293 2.78439 -4.33669
0.294 2.77835 -4.32121
0.295 2.75866 -4.29418
0.296 2.72535 -4.25571
0.297 2.67852 -4.20592
0.298 2.61829 -4.14499
0.299 2.54489 -4.07314
0.3 2.45855 -3.99062
0.301 2.35959 -3.89771
0.302 2.24837 -3.79476
0.303 2.12529 -3.68212
0.304 1.99082 -3.56019
0.305 1.84547 -3.4294
0.306 1.68978 -3.29022
0.307 1.52437 -3.14314
0.308 1.34985 -2.98868
0.309 1.16693 -2.82739
0.31 0.976307 -2.65984
0.311 0.778738 -2.48662
0.312 0.575004 -2.30835
0.313 0.365916 -2.12565
0.314 0.15231 -1.93916
0.315 -0.0649583 -1.74956
0.316 -0.285012 -1.55749
0.317 -0.506959 -1.36365
0.318 -0.729898 -1.1687
0.319 -0.952918 -0.973329
0.32 -1.1751 -0.778219
0.321 -1.39554 -0.584048
0.322 -1.61332 -0.39149
0.323 -1.82752 -0.201209
0.324 -2.03727 -0.0138594
0.325 -2.24167 0.169917
0.326 -2.43986 0.349493
0.327 -2.63101 0.524263
0.328 -2.81428 0.693638
0.329 -2.9889 0.857052
0.33 -3.15411 1.01397
0.331 -3.30918 1.16387
0.332 -3.45343 1.30627
0.333 -3.58622 1.44072
0.334 -3.70693 1.56679
0.335 -3.81503 1.68411
0.336 -3.91 1.7923
0.337 -3.99138 1.89107
0.338 -4.05878 1.98013
0.339 -4.11184 2.05924
0.34 -4.15028 2.1282
0.341 -4.17385 2.18687
0.342 -4.18239 2.23511
0.343 -4.17578 2.27285
0.344 -4.15396 2.30007
0.345 -4.11694 2.31677
0.346 -4.06478 2.323
0.347 -3.99761 2.31885
0.348 -3.91563 2.30445
0.349 -3.81908 2.27999
0.35 -3.70826 2.24567
0.351 -3.58355 2.20174
0.352 -3.44536 2.1485
0.353 -3.29418 2.08627
0.354 -3.13054 2.01542
0.355 -2.95503 1.93634
0.356 -2.76827 1.84946
0.357 -2.57096 1.75524
0.358 -2.36381 1.65417
0.359 -2.14759 1.54675
0.36 -1.92312 1.43352
0.361 -1.69123 1.31505
0.362 -1.4528 1.19191
0.363 -1.20873 1.06471
0.364 -0.959957 0.934039
0.365 -0.707425 0.800535
0.366 -0.452104 0.664828
0.367 -0.194977 0.527557
0.368 0.0629622 0.389366
0.369 0.320716 0.250903
0.37 0.577284 0.112812
0.371 0.831668 -0.0242663
0.372 1.08287 -0.159695
0.373 1.32992 -0.29285
0.374 1.57185 -0.423114
0.375 1.80769 -0.549889
0.376 2.03654 -0.672589
0.377 2.25749 -0.79065
0.378 2.46966 -0.903528
0.379 2.67222 -1.0107
0.38 2.86437 -1.11168
0.381 3.04535 -1.206
0.382 3.21444 -1.29321
0.383 3.37098 -1.37293
0.384 3.51434 -1.44476
0.385 3.64396 -1.50839
0.386 3.75933 -1.5635
0.387 3.85998 -1.60984
0.388 3.94553 -1.64718
0.389 4.01564 -1.67534
0.39 4.07003 -1.69417
0.391 4.1085 -1.70357
0.392 4.13089 -1.70349
0.393 4.13714 -1.69389
0.394 4.12723 -1.67481
0.395 4.10122 -1.6463
0.396 4.05921 -1.60848
0.397 4.00141 -1.56149
0.398 3.92805 -1.50551
0.399 3.83946 -1.44077
0.4 3.73602 -1.36754
0.401 3.61816 -1.28613
0.402 3.48639 -1.19686
0.403 3.34127 -1.10011
0.404 3.18341 -0.996302
0.405 3.01349 -0.885859
0.406 2.83223 -0.769254
0.407 2.6404 -0.646984
0.408 2.43881 -0.51957
0.409 2.22832 -0.387558
0.41 2.00984 -0.251513
0.411 1.78429 -0.11202
0.412 1.55264 0.0303189
0.413 1.31588 0.174891
0.414 1.07502 0.32107
0.415 0.831099 0.468222
0.416 0.585169 0.61571
0.417 0.33829 0.76289
0.418 0.0915273 0.909122
0.419 -0.154048 1.05377
0.42 -0.397369 1.19619
0.421 -0.637376 1.33577
0.422 -0.873019 1.47189
0.423 -1.10326 1.60396
0.424 -1.3271 1.73138
0.425 -1.54353 1.8536
0.426 -1.7516 1.97007
0.427 -1.95037 2.08027
0.428 -2.13896 2.18371
0.429 -2.31652 2.27993
0.43 -2.48223 2.3685
0.431 -2.63532 2.449
0.432 -2.77511 2.52108
0.433 -2.90091 2.58441
0.434 -3.01214 2.63869
0.435 -3.10825 2.68368
0.436 -3.18877 2.71914
0.437 -3.25328 2.74492
0.438 -3.30143 2.76089
0.439 -3.33293 2.76695
0.44 -3.34758 2.76306
0.441 -3.34524 2.74923
0.442 -3.32583 2.7255
0.443 -3.28934 2.69195
0.444 -3.23587 2.64871
0.445 -3.16554 2.59597
0.446 -3.07857 2.53394
0.447 -2.97525 2.46288
0.448 -2.85593 2.38308
0.449 -2.72104 2.29489
0.45 -2.57106 2.1987
0.451 -2.40656 2.0949
0.452 -2.22815 1.98396
0.453 -2.03651 1.86636
0.454 -1.83238 1.74261
0.455 -1.61656 1.61326
0.456 -1.38988 1.47888
0.457 -1.15325 1.34008
0.458 -0.907602 1.19746
0.459 -0.653919 1.05168
0.46 -0.393221 0.903383
0.461 -0.126562 0.753244
0.462 0.144977 0.601948
0.463 0.420287 0.450184
0.464 0.698241 0.298651
0.465 0.977693 0.148049
0.466 1.25749 -0.000923819
0.467 1.53647 -0.14757
0.468 1.81346 -0.291199
0.469 2.08731 -0.431131
0.47 2.35686 -0.566698
0.471 2.62098 -0.697246
0.472 2.87853 -0.822141
0.473 3.12842 -0.940769
0.474 3.36957 -1.05254
0.475 3.60095 -1.15689
0.476 3.82153 -1.25329
0.477 4.03036 -1.34122
0.478 4.22651 -1.42023
0.479 4.4091 -1.48988
0.48 4.57731 -1.54978
0.481 4.73037 -1.59957
0.482 4.86758 -1.63893
0.483 4.98827 -1.6676
0.484 5.09188 -1.68536
0.485 5.17788 -1.69202
0.486 5.24582 -1.68745
0.487 5.29534 -1.67157
0.488 5.32613 -1.64434
0.489 5.33797 -1.60579
0.49 5.3307 -1.55596
0.491 5.30427 -1.49499
0.492 5.25866 -1.42302
0.493 5.19397 -1.34027
0.494 5.11036 -1.247
0.495 5.00806 -1.14351
0.496 4.8874 -1.03017
0.497 4.74877 -0.90736
0.498 4.59264 -0.775538
0.499 4.41954 -0.635184
0.5 4.23009 -0.486826
0.501 4.02496 -0.331029
0.502 3.80491 -0.168396
0.503 3.57074 0.000437849
0.504 3.32332 0.174802
0.505 3.06358 0.353999
0.506 2.79251 0.537304
0.507 2.51112 0.723967
0.508 2.2205 0.913219
0.509 1.92177 1.10427
0.51 1.61607 1.29632
0.511 1.30459 1.48855
0.512 0.988551 1.68014
0.513 0.669183 1.87027
0.514 0.347741 2.0581
0.515 0.0254916 2.2428
0.516 -0.29629 2.42355
0.517 -0.616329 2.59955
0.518 -0.93335 2.76997
0.519 -1.24609 2.93405
0.52 -1.55329 3.09101
0.521 -1.85372 3.24011
0.522 -2.14618 3.38062
0.523 -2.42947 3.51186
0.524 -2.70245 3.63315
0.525 -2.96401 3.74388
0.526 -3.21307 3.84346
0.527 -3.44863 3.93132
0.528 -3.66971 4.00697
0.529 -3.8754 4.06995
0.53 -4.06484 4.11982
0.531 -4.23725 4.15623
0.532 -4.3919 4.17885
0.533 -4.52814 4.18743
0.534 -4.64539 4.18174
0.535 -4.74313 4.16162
0.536 -4.82095 4.12698
0.537 -4.8785 4.07777
0.538 -4.91551 4.01399
0.539 -4.93179 3.93572
0.54 -4.92725 3.84308
0.541 -4.90187 3.73626
0.542 -4.85571 3.61548
0.543 -4.78894 3.48106
0.544 -4.70178 3.33333
0.545 -4.59457 3.1727
0.546 -4.4677 2.99964
0.547 -4.32166 2.81464
0.548 -4.15701 2.61828
0.549 -3.97439 2.41116
0.55 -3.77453 2.19393
0.551 -3.55821 1.96729
0.552 -3.32629 1.73197
0.553 -3.07969 1.48876
0.554 -2.8194 1.23847
0.555 -2.54646 0.981934
0.556 -2.26199 0.720036
0.557 -1.96712 0.453674
0.558 -1.66305 0.18377
0.559 -1.35103 -0.0887338
0.56 -1.03232 -0.362879
0.561 -0.708227 -0.637695
0.562 -0.380087 -0.912204
0.563 -0.0492484 -1.18542
0.564 0.282921 -1.45637
0.565 0.615047 -1.72406
0.566 0.945747 -1.98753
0.567 1.27364 -2.24581
0.568 1.59736 -2.49795
0.569 1.91555 -2.74302
0.57 2.22686 -2.98012
0.571 2.52997 -3.20837
0.572 2.82361 -3.42691
0.573 3.1065 -3.63491
0.574 3.37745 -3.83161
0.575 3.63527 -4.01625
0.576 3.87886 -4.18813
0.577 4.10713 -4.3466
0.578 4.3191 -4.49104
0.579 4.5138 -4.6209
0.58 4.69036 -4.73566
0.581 4.84797 -4.83489
0.582 4.9859 -4.91818
0.583 5.1035 -4.9852
0.584 5.20019 -5.03568
0.585 5.27546 -5.0694
0.586 5.32892 -5.08621
0.587 5.36024 -5.08602
0.588 5.36919 -5.06882
0.589 5.35563 -5.03463
0.59 5.31949 -4.98357
0.591 5.26081 -4.91581
0.592 5.17973 -4.83157
0.593 5.07645 -4.73115
0.594 4.9513 -4.61492
0.595 4.80466 -4.48329
0.596 4.63701 -4.33674
0.597 4.44893 -4.1758
0.598 4.24108 -4.00107
0.599 4.01418 -3.81319
0.6 3.76905 -3.61286
0.601 3.50658 -3.40083
0.602 3.22773 -3.17788
0.603 2.93353 -2.94486
0.604 2.62508 -2.70264
0.605 2.30352 -2.45213
0.606 1.97007 -2.19428
0.607 1.62599 -1.93006
0.608 1.27259 -1.66047
0.609 0.911212 -1.38654
0.61 0.543244 -1.10932
0.611 0.170097 -0.829846
0.612 -0.206789 -0.5492
0.613 -0.585958 -0.268452
0.614 -0.96594 0.0113222
0.615 -1.34526 0.28905
0.616 -1.72243 0.563663
0.617 -2.09599 0.834104
0.618 -2.46447 1.09933
0.619 -2.82642 1.35832
0.62 -3.18043 1.61007
0.621 -3.52509 1.8536
0.622 -3.85904 2.08797
0.623 -4.18096 2.31227
0.624 -4.48958 2.52563
0.625 -4.78366 2.72721
0.626 -5.06204 2.91622
0.627 -5.32359 3.09192
0.628 -5.56727 3.25362
0.629 -5.79211 3.40068
0.63 -5.99719 3.53253
0.631 -6.18168 3.64863
0.632 -6.34483 3.74853
0.633 -6.48598 3.83181
0.634 -6.60455 3.89815
0.635 -6.70003 3.94726
0.636 -6.77204 3.97895
0.637 -6.82025 3.99306
0.638 -6.84445 3.98953
0.639 -6.84453 3.96835
0.64 -6.82045 3.92959
0.641 -6.77229 3.87337
0.642 -6.70021 3.79989
0.643 -6.60447 3.70943
0.644 -6.48543 3.6023
0.645 -6.34354 3.47891
0.646 -6.17933 3.33972
0.647 -5.99343 3.18523
0.648 -5.78656 3.01605
0.649 -5.55952 2.83279
0.65 -5.31318 2.63616
0.651 -5.04851 2.42689
0.652 -4.76654 2.20578
0.653 -4.46837 1.97367
0.654 -4.15516 1.73143
0.655 -3.82815 1.48
0.656 -3.48862 1.22032
0.657 -3.13791 0.953392
0.658 -2.77738 0.680229
0.659 -2.40848 0.401874
0.66 -2.03265 0.119389
0.661 -1.65137 -0.166145
0.662 -1.26616 -0.453638
0.663 -0.878533 -0.74199
0.664 -0.490031 -1.0301
0.665 -0.102189 -1.31686
0.666 0.283454 -1.60118
0.667 0.66537 -1.88198
0.668 1.04204 -2.15817
0.669 1.41198 -2.4287
0.67 1.7737 -2.69253
0.671 2.12578 -2.94867
0.672 2.46682 -3.19612
0.673 2.79546 -3.43395
0.674 3.1104 -3.66125
0.675 3.41038 -3.87715
0.676 3.69421 -4.08084
0.677 3.96077 -4.27152
0.678 4.209 -4.44849
0.679 4.4379 -4.61108
0.68 4.64658 -4.75866
0.681 4.83421 -4.89068
0.682 5.00004 -5.00665
0.683 5.14343 -5.10613
0.684 5.26381 -5.18876
0.685 5.3607 -5.25423
0.686 5.43373 -5.3023
0.687 5.48263 -5.33281
0.688 5.50721 -5.34566
0.689 5.50738 -5.3408
0.69 5.48316 -5.31829
0.691 5.43467 -5.27822
0.692 5.36212 -5.22077
0.693 5.26582 -5.14617
0.694 5.14617 -5.05474
0.695 5.00369 -4.94684
0.696 4.83895 -4.82291
0.697 4.65266 -4.68344
0.698 4.44557 -4.52899
0.699 4.21856 -4.36018
0.7 3.97256 -4.17767
0.701 3.70859 -3.98217
0.702 3.42775 -3.77447
0.703 3.13119 -3.55537
0.704 2.82014 -3.32574
0.705 2.49588 -3.08647
0.706 2.15977 -2.83849
0.707 1.81318 -2.58277
0.708 1.45755 -2.3203
0.709 1.09436 -2.0521
0.71 0.72511 -1.7792
0.711 0.351325 -1.50267
0.712 -0.0254424 -1.22356
0.713 -0.403629 -0.942941
0.714 -0.781665 -0.661896
0.715 -1.15798 -0.381494
0.716 -1.53101 -0.102803
0.717 -1.89919 0.173119
0.718 -2.261 0.445228
0.719 -2.61493 0.712498
0.72 -2.95949 0.973928
0.721 -3.29323 1.22854
0.722 -3.61477 1.47539
0.723 -3.92275 1.71356
0.724 -4.21587 1.94218
0.725 -4.49288 2.16042
0.726 -4.75263 2.36748
0.727 -4.99399 2.56264
0.728 -5.21595 2.74518
0.729 -5.41754 2.91449
0.73 -5.59789 3.06998
0.731 -5.75622 3.21112
0.732 -5.89183 3.33745
0.733 -6.00412 3.44857
0.734 -6.09257 3.54414
0.735 -6.15676 3.6239
0.736 -6.19639 3.68762
0.737 -6.21122 3.73517
0.738 -6.20116 3.76648
0.739 -6.16618 3.78154
0.74 -6.10636 3.7804
0.741 -6.0219 3.76321
0.742 -5.91308 3.73014
0.743 -5.78029 3.68145
0.744 -5.62401 3.61748
0.745 -5.44482 3.53859
0.746 -5.24339 3.44525
0.747 -5.0205 3.33794
0.748 -4.77699 3.21724
0.749 -4.5138 3.08376
0.75 -4.23195 2.93817
0.751 -3.93254 2.78118
0.752 -3.61672 2.61356
0.753 -3.28574 2.4361
0.754 -2.9409 2.24966
0.755 -2.58354 2.05512
0.756 -2.21509 1.85339
0.757 -1.83698 1.6454
0.758 -1.45071 1.43213
0.759 -1.05782 1.21455
0.76 -0.659853 0.993676
0.761 -0.258396 0.770513
0.762 0.14496 0.546082
0.763 0.54861 0.321409
0.764 0.95095 0.0975171
0.765 1.35038 -0.124576
0.766 1.7453 -0.343863
0.767 2.13415 -0.559346
0.768 2.51537 -0.77005
0.769 2.88744 -0.975018
0.77 3.24888 -1.17332
0.771 3.59825 -1.36406
0.772 3.93414 -1.54637
0.773 4.25522 -1.71942
0.774 4.56021 -1.88242
0.775 4.84789 -2.03463
0.776 5.11711 -2.17534
0.777 5.3668 -2.30392
0.778 5.59596 -2.41977
0.779 5.80368 -2.52235
0.78 5.98915 -2.61117
0.781 6.15161 -2.68581
0.782 6.29043 -2.74592
0.783 6.40507 -2.79119
0.784 6.49507 -2.82138
0.785 6.56008 -2.83634
0.786 6.59987 -2.83596
0.787 6.61428 -2.82019
0.788 6.60328 -2.78907
0.789 6.56692 -2.74269
0.79 6.50537 -2.68122
0.791 6.41891 -2.60488
0.792 6.3079 -2.51396
0.793 6.17282 -2.40883
0.794 6.01422 -2.28988
0.795 5.83279 -2.15761
0.796 5.62927 -2.01254
0.797 5.40452 -1.85526
0.798 5.15947 -1.68643
0.799 4.89515 -1.50673
0.8 4.61265 -1.3169
0.801 4.31315 -1.11774
0.802 3.99789 -0.910071
0.803 3.66818 -0.694763
0.804 3.3254 -0.472716
0.805 2.97096 -0.244863
0.806 2.60635 -0.0121628
0.807 2.23306 0.224403
0.808 1.85266 0.463832
0.809 1.46673 0.705111
0.81 1.07687 0.947213
0.811 0.684708 1.18911
0.812 0.291869 1.42976
0.813 -0.100006 1.66814
0.814 -0.489285 1.90323
0.815 -0.874343 2.13401
0.816 -1.25357 2.35949
0.817 -1.62539 2.57868
0.818 -1.98824 2.79065
0.819 -2.3406 2.99445
0.82 -2.68099 3.18921
0.821 -3.00798 3.37406
0.822 -3.32021 3.54819
0.823 -3.61635 3.71081
0.824 -3.89514 3.86122
0.825 -4.15542 3.99871
0.826 -4.39607 4.12268
0.827 -4.61607 4.23254
0.828 -4.81448 4.32779
0.829 -4.99044 4.40797
0.83 -5.1432 4.47269
0.831 -5.27208 4.52161
0.832 -5.37651 4.55449
0.833 -5.45604 4.57112
0.834 -5.51028 4.57137
0.835 -5.53898 4.55518
0.836 -5.54197 4.52256
0.837 -5.51921 4.47358
0.838 -5.47075 4.4084
0.839 -5.39675 4.32722
0.84 -5.29748 4.23033
0.841 -5.1733 4.11806
0.842 -5.02468 3.99084
0.843 -4.8522 3.84914
0.844 -4.65654 3.69348
0.845 -4.43846 3.52448
0.846 -4.19883 3.34279
0.847 -3.9386 3.14911
0.848 -3.65881 2.9442
0.849 -3.36058 2.72887
0.85 -3.04511 2.50398
0.851 -2.71367 2.27043
0.852 -2.36761 2.02914
0.853 -2.00832 1.7811
0.854 -1.63726 1.5273
0.855 -1.25595 1.26877
0.856 -0.86594 1.00656
0.857 -0.468821 0.741745
0.858 -0.0662213 0.475404
0.859 0.34021 0.208632
0.86 0.748802 -0.0574746
0.861 1.15787 -0.321816
0.862 1.56574 -0.583297
0.863 1.97071 -0.840832
0.864 2.37112 -1.09335
0.865 2.76529 -1.33979
0.866 3.15159 -1.57912
0.867 3.52842 -1.81033
0.868 3.89419 -2.03245
0.869 4.24738 -2.24453
0.87 4.5865 -2.44567
0.871 4.91012 -2.63501
0.872 5.21686 -2.81172
0.873 5.50544 -2.97505
0.874 5.77461 -3.12428
0.875 6.02322 -3.25875
0.876 6.25019 -3.37786
0.877 6.45453 -3.48107
0.878 6.63535 -3.56791
0.879 6.79184 -3.63797
0.88 6.92329 -3.69091
0.881 7.02909 -3.72646
0.882 7.10874 -3.74442
0.883 7.16183 -3.74465
0.884 7.18807 -3.7271
0.885 7.18728 -3.69179
0.886 7.15937 -3.63881
0.887 7.10437 -3.56831
0.888 7.02244 -3.48054
0.889 6.91381 -3.37579
0.89 6.77885 -3.25445
0.891 6.61802 -3.11696
0.892 6.43188 -2.96383
0.893 6.22112 -2.79565
0.894 5.9865 -2.61305
0.895 5.7289 -2.41675
0.896 5.44927 -2.2075
0.897 5.14868 -1.98613
0.898 4.82826 -1.7535
0.899 4.48923 -1.51054
0.9 4.13289 -1.25821
0.901 3.76061 -0.997524
0.902 3.37382 -0.729527
0.903 2.97403 -0.455297
0.904 2.56278 -0.175945
0.905 2.14166 0.107394
0.906 1.71233 0.393565
0.907 1.27645 0.681396
0.908 0.835726 0.969705
0.909 0.391886 1.2573
0.91 -0.0533296 1.54299
0.911 -0.498175 1.82559
0.912 -0.940901 2.10392
0.913 -1.37977 2.3768
0.914 -1.81304 2.64308
0.915 -2.23902 2.90165
0.916 -2.65603 3.15138
0.917 -3.0624 3.39122
0.918 -3.45655 3.62011
0.919 -3.83691 3.83707
0.92 -4.20198 4.04114
0.921 -4.55031 4.23141
0.922 -4.88052 4.40703
0.923 -5.19131 4.5672
0.924 -5.48144 4.71117
0.925 -5.74977 4.83826
0.926 -5.99523 4.94786
0.927 -6.21685 5.03942
0.928 -6.41375 5.11245
0.929 -6.58515 5.16655
0.93 -6.73038 5.20137
0.931 -6.84886 5.21667
0.932 -6.94012 5.21224
0.933 -7.00382 5.18798
0.934 -7.0397 5.14387
0.935 -7.04762 5.07994
0.936 -7.02757 4.99632
0.937 -6.97963 4.89322
0.938 -6.90401 4.7709
0.939 -6.80101 4.62972
0.94 -6.67106 4.47012
0.941 -6.5147 4.2926
0.942 -6.33255 4.09772
0.943 -6.12536 3.88613
0.944 -5.89398 3.65855
0.945 -5.63934 3.41574
0.946 -5.36248 3.15854
0.947 -5.06453 2.88785
0.948 -4.7467 2.60462
0.949 -4.41028 2.30984
0.95 -4.05663 2.00456
0.951 -3.68719 1.68988
0.952 -3.30348 1.36693
0.953 -2.90704 1.03686
0.954 -2.49949 0.700887
0.955 -2.08249 0.360218
0.956 -1.65773 0.0161008
0.957 -1.22695 -0.330206
0.958 -0.79191 -0.677433
0.959 -0.354373 -1.0243
0.96 0.0838718 -1.36954
0.961 0.521034 -1.71186
0.962 0.955329 -2.05001
0.963 1.38498 -2.38273
0.964 1.80823 -2.70879
0.965 2.22334 -3.02697
0.966 2.62861 -3.33611
0.967 3.02237 -3.63503
0.968 3.40302 -3.92264
0.969 3.76898 -4.19786
0.97 4.11873 -4.45967
0.971 4.45085 -4.7071
0.972 4.76394 -4.93921
0.973 5.05672 -5.15515
0.974 5.32796 -5.35411
0.975 5.57653 -5.53536
0.976 5.8014 -5.69822
0.977 6.0016 -5.84209
0.978 6.17629 -5.96645
0.979 6.32473 -6.07083
0.98 6.44628 -6.15485
0.981 6.54039 -6.21822
0.982 6.60665 -6.26071
0.983 6.64474 -6.28218
0.984 6.65447 -6.28256
0.985 6.63574 -6.26187
0.986 6.58859 -6.22021
0.987 6.51317 -6.15775
0.988 6.40972 -6.07477
0.989 6.27862 -5.97158
0.99 6.12035 -5.84861
0.991 5.9355 -5.70635
0.992 5.72476 -5.54536
0.993 5.48895 -5.36628
0.994 5.22897 -5.16981
0.995 4.94581 -4.95672
0.996 4.64058 -4.72786
0.997 4.31445 -4.4841
0.998 3.96871 -4.22641
0.999 3.60469 -3.9558
1 3.22382 -3.67331
