0.001 3.47936e-008 2.66828e-009
0.002 3.16067e-007 2.14287e-008
0.003 1.48688e-006 8.8919e-008
0.004 4.91634e-006 2.60912e-007
0.005 1.29901e-005 6.1881e-007
0.006 2.93909e-005 1.27382e-006
0.007 5.93665e-005 2.37324e-006
0.008 0.000109982 4.10931e-006
0.009 0.000190356 6.73096e-006
0.01 0.000311874 1.05588e-005
0.011 0.000488386 1.60039e-005
0.012 0.000736372 2.35899e-005
0.013 0.00107509 3.39799e-005
0.014 0.00152669 4.80072e-005
0.015 0.0021163 6.67102e-005
0.016 0.00287209 9.13724e-005
0.017 0.00382531 0.000123566
0.018 0.00501025 0.000165201
0.019 0.00646425 0.000218576
0.02 0.00822757 0.000286439
0.021 0.0103434 0.000372045
0.022 0.0128575 0.000479219
0.023 0.0158183 0.000612428
0.024 0.0192766 0.00077685
0.025 0.0232852 0.000978444
0.026 0.0278988 0.00122403
0.027 0.0331738 0.00152136
0.028 0.0391676 0.00187919
0.029 0.0459385 0.00230739
0.03 0.0535456 0.00281696
0.031 0.0620479 0.00342017
0.032 0.0715041 0.00413058
0.033 0.0819722 0.00496315
0.034 0.0935093 0.00593427
0.035 0.10617 0.00706186
0.036 0.120009 0.00836539
0.037 0.135075 0.00986596
0.038 0.151417 0.0115863
0.039 0.169078 0.0135509
0.04 0.188098 0.0157859
0.041 0.208513 0.0183193
0.042 0.230353 0.0211806
0.043 0.253644 0.0244012
0.044 0.278405 0.0280143
0.045 0.304648 0.0320547
0.046 0.332381 0.0365588
0.047 0.361602 0.0415647
0.048 0.392303 0.047112
0.049 0.424469 0.0532416
0.05 0.458076 0.0599959
0.051 0.493091 0.0674186
0.052 0.529475 0.0755542
0.053 0.567179 0.0844485
0.054 0.606143 0.0941479
0.055 0.646303 0.104699
0.056 0.687583 0.116151
0.057 0.729898 0.128549
0.058 0.773155 0.141942
0.059 0.817253 0.156378
0.06 0.862082 0.171904
0.061 0.907522 0.188565
0.062 0.953449 0.206407
0.063 0.999727 0.225474
0.064 1.04622 0.245809
0.065 1.09277 0.267451
0.066 1.13922 0.29044
0.067 1.18543 0.314811
0.068 1.23121 0.340597
0.069 1.27641 0.367828
0.07 1.32084 0.39653
0.071 1.36432 0.426727
0.072 1.40668 0.458436
0.073 1.44774 0.491671
0.074 1.48731 0.526443
0.075 1.5252 0.562755
0.076 1.56123 0.600607
0.077 1.59522 0.639991
0.078 1.62699 0.680895
0.079 1.65637 0.723301
0.08 1.68317 0.767183
0.081 1.70724 0.81251
0.082 1.72841 0.859243
0.083 1.74653 0.907336
0.084 1.76144 0.956737
0.085 1.77302 1.00739
0.086 1.78113 1.05921
0.087 1.78566 1.11215
0.088 1.78649 1.1661
0.089 1.78353 1.22099
0.09 1.7767 1.27671
0.091 1.76593 1.33316
0.092 1.75117 1.39022
0.093 1.73236 1.44778
0.094 1.7095 1.50571
0.095 1.68256 1.56387
0.096 1.65155 1.62212
0.097 1.61651 1.68032
0.098 1.57745 1.73831
0.099 1.53445 1.79593
0.1 1.48757 1.85301
0.101 1.43691 1.90939
0.102 1.38257 1.96489
0.103 1.32468 2.01932
0.104 1.26338 2.07252
0.105 1.19883 2.12428
0.106 1.1312 2.17442
0.107 1.06069 2.22275
0.108 0.987497 2.26908
0.109 0.911853 2.31322
0.11 0.833989 2.35496
0.111 0.754155 2.39413
0.112 0.672615 2.43052
0.113 0.589643 2.46395
0.114 0.505525 2.49424
0.115 0.420557 2.5212
0.116 0.335045 2.54465
0.117 0.2493 2.56442
0.118 0.163644 2.58035
0.119 0.0784009 2.59227
0.12 -0.00609945 2.60004
0.121 -0.0895248 2.6035
0.122 -0.171541 2.60253
0.123 -0.251814 2.597
0.124 -0.330012 2.5868
0.125 -0.405803 2.57182
0.126 -0.478862 2.55197
0.127 -0.548868 2.52718
0.128 -0.615509 2.49737
0.129 -0.678478 2.46251
0.13 -0.737481 2.42255
0.131 -0.792235 2.37747
0.132 -0.842469 2.32727
0.133 -0.887925 2.27195
0.134 -0.928362 2.21154
0.135 -0.963556 2.14609
0.136 -0.9933 2.07565
0.137 -1.01741 2.0003
0.138 -1.03571 1.92013
0.139 -1.04806 1.83525
0.14 -1.05433 1.74579
0.141 -1.05443 1.6519
0.142 -1.04827 1.55374
0.143 -1.03581 1.45149
0.144 -1.01702 1.34533
0.145 -0.991893 1.2355
0.146 -0.960457 1.1222
0.147 -0.922763 1.00569
0.148 -0.878889 0.886228
0.149 -0.82894 0.764082
0.15 -0.773047 0.63954
0.151 -0.711368 0.512903
0.152 -0.644087 0.384483
0.153 -0.571416 0.254603
0.154 -0.493588 0.123597
0.155 -0.410866 -0.00819025
0.156 -0.323534 -0.140407
0.157 -0.231901 -0.272694
0.158 -0.136296 -0.404684
0.159 -0.0370731 -0.536006
0.16 0.0653966 -0.666284
0.161 0.170721 -0.79514
0.162 0.278492 -0.922194
0.163 0.388284 -1.04707
0.164 0.499657 -1.16937
0.165 0.612158 -1.28874
0.166 0.725322 -1.4048
0.167 0.838675 -1.51718
0.168 0.951737 -1.62552
0.169 1.06402 -1.72946
0.17 1.17503 -1.82866
0.171 1.28427 -1.92279
0.172 1.39125 -2.01151
0.173 1.49548 -2.09454
0.174 1.59646 -2.17156
0.175 1.69373 -2.24231
0.176 1.78679 -2.30651
0.177 1.8752 -2.36392
0.178 1.95849 -2.41433
0.179 2.03622 -2.45752
0.18 2.10799 -2.49331
0.181 2.17338 -2.52155
0.182 2.23201 -2.54209
0.183 2.28351 -2.55481
0.184 2.32756 -2.55964
0.185 2.36383 -2.55649
0.186 2.39203 -2.54535
0.187 2.41192 -2.52619
0.188 2.42326 -2.49903
0.189 2.42584 -2.46391
0.19 2.41952 -2.4209
0.191 2.40415 -2.3701
0.192 2.37963 -2.31162
0.193 2.3459 -2.24563
0.194 2.30293 -2.17229
0.195 2.25073 -2.09181
0.196 2.18933 -2.00442
0.197 2.11883 -1.91039
0.198 2.03934 -1.80998
0.199 1.95101 -1.70351
0.2 1.85403 -1.5913
0.201 1.74863 -1.47371
0.202 1.63507 -1.35112
0.203 1.51364 -1.22391
0.204 1.38468 -1.0925
0.205 1.24855 -0.957334
0.206 1.10565 -0.818849
0.207 0.956399 -0.677514
0.208 0.801259 -0.533809
0.209 0.640712 -0.388226
0.21 0.475269 -0.241267
0.211 0.305465 -0.0934456
0.212 0.131857 0.05472
0.213 -0.0449759 0.202704
0.214 -0.224438 0.349978
0.215 -0.405916 0.49601
0.216 -0.588782 0.640269
0.217 -0.772399 0.782226
0.218 -0.956117 0.921353
0.219 -1.13928 1.05713
0.22 -1.32124 1.18905
0.221 -1.50132 1.3166
0.222 -1.67886 1.43929
0.223 -1.85322 1.55664
0.224 -2.02374 1.6682
0.225 -2.18977 1.7735
0.226 -2.3507 1.87212
0.227 -2.5059 1.96365
0.228 -2.65477 2.0477
0.229 -2.79674 2.12391
0.23 -2.93124 2.19194
0.231 -3.05774 2.25148
0.232 -3.17573 2.30223
0.233 -3.28473 2.34395
0.234 -3.3843 2.3764
0.235 -3.47401 2.39939
0.236 -3.55348 2.41275
0.237 -3.62237 2.41636
0.238 -3.68037 2.41011
0.239 -3.72721 2.39393
0.24 -3.76266 2.36781
0.241 -3.78654 2.33174
0.242 -3.79871 2.28577
0.243 -3.79906 2.22996
0.244 -3.78754 2.16444
0.245 -3.76415 2.08934
0.246 -3.72891 2.00485
0.247 -3.68192 1.91117
0.248 -3.62331 1.80856
0.249 -3.55324 1.6973
0.25 -3.47193 1.57769
0.251 -3.37966 1.45009
0.252 -3.27672 1.31487
0.253 -3.16347 1.17244
0.254 -3.0403 1.02321
0.255 -2.90764 0.867652
0.256 -2.76598 0.706248
0.257 -2.6158 0.539501
0.258 -2.45767 0.367938
0.259 -2.29216 0.192107
0.26 -2.11987 0.0125701
0.261 -1.94146 -0.170091
0.262 -1.75759 -0.355282
0.263 -1.56895 -0.542397
0.264 -1.37626 -0.73082
0.265 -1.18024 -0.919929
0.266 -0.981647 -1.1091
0.267 -0.781247 -1.29769
0.268 -0.579812 -1.48507
0.269 -0.378122 -1.67062
0.27 -0.176965 -1.8537
0.271 0.0228729 -2.03371
0.272 0.220605 -2.21001
0.273 0.415451 -2.38202
0.274 0.606637 -2.54914
0.275 0.793402 -2.7108
0.276 0.974998 -2.86645
0.277 1.15069 -3.01554
0.278 1.31978 -3.15757
0.279 1.48157 -3.29204
0.28 1.6354 -3.41848
0.281 1.78064 -3.53645
0.282 1.9167 -3.64555
0.283 2.04299 -3.74539
0.284 2.159 -3.83562
0.285 2.26422 -3.91593
0.286 2.35822 -3.98603
0.287 2.44059 -4.04568
0.288 2.51095 -4.09467
0.289 2.569 -4.13283
0.29 2.61447 -4.16001
0.291 2.64713 -4.17613
0.292 2.66682 -4.18112
0.293 2.67343 -4.17498
0.294 2.66689 -4.15771
0.295 2.64718 -4.12939
0.296 2.61434 -4.09011
0.297 2.56848 -4.04001
0.298 2.50973 -3.97927
0.299 2.43829 -3.9081
0.3 2.35441 -3.82677
0.301 2.2584 -3.73554
0.302 2.15061 -3.63476
0.303 2.03143 -3.52478
0.304 1.90131 -3.40599
0.305 1.76075 -3.27881
0.306 1.61029 -3.14369
0.307 1.45051 -3.00112
0.308 1.28201 -2.8516
0.309 1.10548 -2.69565
0.31 0.921584 -2.53385
0.311 0.731065 -2.36674
0.312 0.534672 -2.19494
0.313 0.333189 -2.01904
0.314 0.127422 -1.83967
0.315 -0.0818027 -1.65746
0.316 -0.293641 -1.47305
0.317 -0.507235 -1.28709
0.318 -0.721716 -1.10023
0.319 -0.936207 -0.913122
0.32 -1.14983 -0.726421
0.321 -1.3617 -0.540775
0.322 -1.57095 -0.356826
0.323 -1.7767 -0.175211
0.324 -1.97809 0.00344824
0.325 -2.17429 0.17854
0.326 -2.36446 0.34947
0.327 -2.54779 0.515661
0.328 -2.7235 0.676555
0.329 -2.89084 0.831618
0.33 -3.04909 0.980338
0.331 -3.19754 1.12223
0.332 -3.33555 1.25684
0.333 -3.4625 1.38374
0.334 -3.57782 1.50253
0.335 -3.68099 1.61285
0.336 -3.7715 1.71438
0.337 -3.84895 1.80682
0.338 -3.91294 1.88991
0.339 -3.96314 1.96344
0.34 -3.99928 2.02722
0.341 -4.02114 2.08112
0.342 -4.02855 2.12502
0.343 -4.02141 2.15889
0.344 -3.99967 2.18267
0.345 -3.96335 2.19641
0.346 -3.9125 2.20016
0.347 -3.84726 2.19401
0.348 -3.76781 2.1781
0.349 -3.6744 2.15261
0.35 -3.56732 2.11775
0.351 -3.44693 2.07377
0.352 -3.31364 2.02097
0.353 -3.16792 1.95966
0.354 -3.01028 1.89019
0.355 -2.84128 1.81295
0.356 -2.66153 1.72836
0.357 -2.47169 1.63687
0.358 -2.27247 1.53894
0.359 -2.06459 1.43508
0.36 -1.84883 1.32579
0.361 -1.62601 1.21163
0.362 -1.39696 1.09315
0.363 -1.16254 0.970915
0.364 -0.923664 0.845523
0.365 -0.681227 0.717568
0.366 -0.43616 0.587658
0.367 -0.189406 0.456404
0.368 0.0580857 0.324425
0.369 0.305358 0.192337
0.37 0.551455 0.0607558
0.371 0.795421 -0.0697062
0.372 1.03631 -0.198444
0.373 1.27317 -0.324862
0.374 1.5051 -0.448375
0.375 1.73118 -0.568414
0.376 1.95052 -0.684423
0.377 2.16226 -0.795869
0.378 2.36559 -0.902237
0.379 2.55969 -1.00304
0.38 2.7438 -1.0978
0.381 2.9172 -1.18609
0.382 3.07922 -1.26749
0.383 3.2292 -1.34164
0.384 3.36656 -1.40817
0.385 3.49077 -1.46677
0.386 3.60133 -1.51718
0.387 3.69781 -1.55914
0.388 3.77984 -1.59244
0.389 3.8471 -1.61693
0.39 3.89932 -1.63248
0.391 3.93633 -1.63899
0.392 3.95797 -1.63641
0.393 3.96418 -1.62474
0.394 3.95494 -1.604
0.395 3.93032 -1.57426
0.396 3.89042 -1.53564
0.397 3.83544 -1.48828
0.398 3.7656 -1.43237
0.399 3.68121 -1.36813
0.4 3.58264 -1.29583
0.401 3.47032 -1.21575
0.402 3.34471 -1.12824
0.403 3.20636 -1.03365
0.404 3.05586 -0.932378
0.405 2.89385 -0.824851
0.406 2.72101 -0.711521
0.407 2.53809 -0.592866
0.408 2.34587 -0.469389
0.409 2.14515 -0.341615
0.41 1.93681 -0.210087
0.411 1.72173 -0.0753666
0.412 1.50082 0.06197
0.413 1.27504 0.201334
0.414 1.04535 0.342128
0.415 0.812736 0.483745
0.416 0.578201 0.625575
0.417 0.342754 0.767006
0.418 0.107411 0.907426
0.419 -0.126809 1.04623
0.42 -0.35889 1.1828
0.421 -0.587823 1.31656
0.422 -0.812609 1.44692
0.423 -1.03227 1.57331
0.424 -1.24583 1.69518
0.425 -1.45235 1.81199
0.426 -1.65093 1.92322
0.427 -1.84066 2.0284
0.428 -2.02072 2.12704
0.429 -2.19028 2.21871
0.43 -2.34859 2.30301
0.431 -2.4949 2.37956
0.432 -2.62855 2.44801
0.433 -2.74892 2.50804
0.434 -2.85543 2.5594
0.435 -2.94758 2.60184
0.436 -3.02489 2.63516
0.437 -3.08699 2.65921
0.438 -3.13354 2.67386
0.439 -3.16427 2.67904
0.44 -3.17898 2.6747
0.441 -3.17753 2.66087
0.442 -3.15986 2.63758
0.443 -3.12596 2.60492
0.444 -3.07591 2.56302
0.445 -3.00984 2.51206
0.446 -2.92795 2.45224
0.447 -2.83051 2.38381
0.448 -2.71786 2.30707
0.449 -2.59041 2.22234
0.45 -2.44861 2.12999
0.451 -2.29299 2.03041
0.452 -2.12414 1.92404
0.453 -1.94271 1.81134
0.454 -1.74939 1.69281
0.455 -1.54494 1.56896
0.456 -1.33015 1.44034
0.457 -1.10587 1.30752
0.458 -0.873003 1.17109
0.459 -0.632466 1.03166
0.46 -0.385229 0.889862
0.461 -0.132289 0.746328
0.462 0.125329 0.601707
0.463 0.386575 0.456659
0.464 0.650381 0.311844
0.465 0.915663 0.167928
0.466 1.18133 0.0255747
0.467 1.44627 -0.114556
0.468 1.70939 -0.25181
0.469 1.9696 -0.385541
0.47 2.22579 -0.515117
0.471 2.47688 -0.63992
0.472 2.72182 -0.759348
0.473 2.95956 -0.872821
0.474 3.18908 -0.979781
0.475 3.40939 -1.0797
0.476 3.61954 -1.17206
0.477 3.81861 -1.2564
0.478 4.00573 -1.33227
0.479 4.18006 -1.39926
0.48 4.34082 -1.457
0.481 4.48729 -1.50516
0.482 4.61879 -1.54344
0.483 4.73471 -1.57158
0.484 4.83448 -1.58939
0.485 4.91763 -1.59668
0.486 4.98372 -1.59334
0.487 5.0324 -1.57928
0.488 5.06338 -1.55449
0.489 5.07645 -1.51896
0.49 5.07146 -1.47277
0.491 5.04833 -1.41602
0.492 5.00708 -1.34887
0.493 4.94777 -1.27151
0.494 4.87056 -1.1842
0.495 4.77566 -1.08722
0.496 4.66338 -0.980906
0.497 4.53408 -0.865641
0.498 4.3882 -0.741841
0.499 4.22623 -0.609966
0.5 4.04877 -0.470513
0.501 3.85644 -0.324016
0.502 3.64994 -0.171044
0.503 3.43003 -0.0121978
0.504 3.19754 0.151893
0.505 2.95333 0.320568
0.506 2.69832 0.493146
0.507 2.43348 0.668919
0.508 2.15982 0.847163
0.509 1.8784 1.02713
0.51 1.5903 1.20808
0.511 1.29663 1.38923
0.512 0.99853 1.5698
0.513 0.697173 1.74903
0.514 0.393735 1.92613
0.515 0.0894075 2.10032
0.516 -0.214609 2.27083
0.517 -0.517112 2.43689
0.518 -0.816903 2.59775
0.519 -1.11279 2.75267
0.52 -1.40359 2.90092
0.521 -1.68814 3.04181
0.522 -1.9653 3.17466
0.523 -2.23396 3.29881
0.524 -2.49302 3.41366
0.525 -2.74145 3.51859
0.526 -2.97824 3.61307
0.527 -3.20242 3.69658
0.528 -3.41307 3.76863
0.529 -3.60934 3.8288
0.53 -3.79041 3.87668
0.531 -3.95553 3.91194
0.532 -4.10403 3.93427
0.533 -4.23528 3.94342
0.534 -4.34873 3.9392
0.535 -4.44389 3.92145
0.536 -4.52037 3.89008
0.537 -4.57781 3.84504
0.538 -4.61598 3.78634
0.539 -4.63467 3.71405
0.54 -4.63381 3.62828
0.541 -4.61335 3.5292
0.542 -4.57336 3.41704
0.543 -4.51398 3.29206
0.544 -4.43541 3.15461
0.545 -4.33796 3.00505
0.546 -4.22199 2.84382
0.547 -4.08795 2.6714
0.548 -3.93636 2.4883
0.549 -3.76783 2.29509
0.55 -3.583 2.09239
0.551 -3.38262 1.88084
0.552 -3.16748 1.66114
0.553 -2.93845 1.43401
0.554 -2.69644 1.20022
0.555 -2.44242 0.960542
0.556 -2.17743 0.715802
0.557 -1.90254 0.466841
0.558 -1.61886 0.21452
0.559 -1.32756 -0.0402804
0.56 -1.02981 -0.296666
0.561 -0.726837 -0.553731
0.562 -0.419891 -0.810561
0.563 -0.110231 -1.06624
0.564 0.200863 -1.31985
0.565 0.512104 -1.57047
0.566 0.8222 -1.8172
0.567 1.12986 -2.05913
0.568 1.43379 -2.29539
0.569 1.73273 -2.5251
0.57 2.02542 -2.74743
0.571 2.31061 -2.96153
0.572 2.58711 -3.16663
0.573 2.85373 -3.36195
0.574 3.10933 -3.54676
0.575 3.35281 -3.72037
0.576 3.58312 -3.88212
0.577 3.79926 -4.03141
0.578 4.00026 -4.16765
0.579 4.18526 -4.29033
0.58 4.3534 -4.39898
0.581 4.50394 -4.49317
0.582 4.63617 -4.57255
0.583 4.74948 -4.63679
0.584 4.8433 -4.68563
0.585 4.91718 -4.71888
0.586 4.97072 -4.7364
0.587 5.00361 -4.7381
0.588 5.01561 -4.72396
0.589 5.00658 -4.69402
0.59 4.97646 -4.64837
0.591 4.92527 -4.58718
0.592 4.85312 -4.51064
0.593 4.7602 -4.41905
0.594 4.64679 -4.31273
0.595 4.51324 -4.19207
0.596 4.36 -4.05751
0.597 4.18758 -3.90955
0.598 3.99659 -3.74874
0.599 3.78769 -3.57568
0.6 3.56165 -3.39102
0.601 3.31927 -3.19544
0.602 3.06146 -2.98969
0.603 2.78914 -2.77454
0.604 2.50335 -2.5508
0.605 2.20515 -2.31932
0.606 1.89566 -2.08098
0.607 1.57604 -1.83668
0.608 1.24752 -1.58735
0.609 0.911336 -1.33394
0.61 0.568782 -1.07742
0.611 0.22117 -0.818774
0.612 -0.130163 -0.558987
0.613 -0.483861 -0.299056
0.614 -0.838557 -0.0399806
0.615 -1.19287 0.217244
0.616 -1.54543 0.471627
0.617 -1.89487 0.722187
0.618 -2.2398 0.967958
0.619 -2.57889 1.20799
0.62 -2.91081 1.44135
0.621 -3.23425 1.66713
0.622 -3.54794 1.88447
0.623 -3.85064 2.0925
0.624 -4.14115 2.29043
0.625 -4.41832 2.47748
0.626 -4.68106 2.65292
0.627 -4.92831 2.81606
0.628 -5.1591 2.96625
0.629 -5.37249 3.10291
0.63 -5.56763 3.2255
0.631 -5.74374 3.33353
0.632 -5.90011 3.42657
0.633 -6.0361 3.50425
0.634 -6.15116 3.56624
0.635 -6.24481 3.6123
0.636 -6.31667 3.64224
0.637 -6.36643 3.65592
0.638 -6.39388 3.65327
0.639 -6.39889 3.63429
0.64 -6.38141 3.59903
0.641 -6.34151 3.54762
0.642 -6.27931 3.48025
0.643 -6.19504 3.39714
0.644 -6.08902 3.29862
0.645 -5.96165 3.18503
0.646 -5.81342 3.05682
0.647 -5.64488 2.91446
0.648 -5.4567 2.75848
0.649 -5.2496 2.58948
0.65 -5.02439 2.40809
0.651 -4.78194 2.215
0.652 -4.5232 2.01095
0.653 -4.24918 1.7967
0.654 -3.96095 1.57308
0.655 -3.65964 1.34093
0.656 -3.34644 1.10115
0.657 -3.02257 0.854643
0.658 -2.68931 0.602357
0.659 -2.34798 0.345254
0.66 -1.99992 0.0843176
0.661 -1.64649 -0.179454
0.662 -1.2891 -0.445052
0.663 -0.929162 -0.711459
0.664 -0.568091 -0.977655
0.665 -0.207317 -1.24262
0.666 0.151733 -1.50534
0.667 0.507638 -1.76482
0.668 0.858989 -2.02005
0.669 1.2044 -2.27005
0.67 1.54249 -2.51388
0.671 1.87193 -2.7506
0.672 2.19142 -2.97931
0.673 2.49968 -3.19913
0.674 2.7955 -3.40921
0.675 3.07771 -3.60877
0.676 3.34519 -3.79704
0.677 3.59688 -3.9733
0.678 3.83179 -4.13688
0.679 4.04898 -4.28717
0.68 4.24761 -4.42358
0.681 4.42689 -4.54562
0.682 4.58611 -4.65281
0.683 4.72465 -4.74476
0.684 4.84198 -4.82113
0.685 4.93763 -4.88163
0.686 5.01124 -4.92605
0.687 5.06253 -4.95422
0.688 5.09131 -4.96605
0.689 5.09749 -4.96151
0.69 5.08105 -4.94064
0.691 5.04208 -4.90352
0.692 4.98075 -4.85032
0.693 4.89735 -4.78125
0.694 4.79221 -4.6966
0.695 4.66579 -4.59671
0.696 4.51861 -4.48198
0.697 4.3513 -4.35287
0.698 4.16454 -4.20989
0.699 3.95912 -4.0536
0.7 3.73589 -3.88461
0.701 3.49577 -3.70361
0.702 3.23976 -3.51128
0.703 2.96892 -3.30839
0.704 2.68436 -3.09573
0.705 2.38728 -2.87412
0.706 2.07888 -2.64443
0.707 1.76045 -2.40755
0.708 1.43331 -2.1644
0.709 1.09881 -1.91591
0.71 0.758325 -1.66304
0.711 0.413274 -1.40677
0.712 0.0650829 -1.14808
0.713 -0.284807 -0.887965
0.714 -0.634944 -0.627409
0.715 -0.983876 -0.36741
0.716 -1.33016 -0.108955
0.717 -1.67234 0.146977
0.718 -2.00901 0.399422
0.719 -2.33877 0.64743
0.72 -2.66023 0.890073
0.721 -2.97205 1.12645
0.722 -3.27293 1.35567
0.723 -3.56161 1.57691
0.724 -3.83688 1.78935
0.725 -4.09757 1.99221
0.726 -4.34259 2.18477
0.727 -4.5709 2.36633
0.728 -4.78152 2.53626
0.729 -4.97355 2.69396
0.73 -5.14617 2.8389
0.731 -5.29863 2.97058
0.732 -5.43027 3.08857
0.733 -5.5405 3.1925
0.734 -5.62882 3.28205
0.735 -5.69483 3.35697
0.736 -5.73821 3.41705
0.737 -5.75873 3.46217
0.738 -5.75626 3.49224
0.739 -5.73075 3.50726
0.74 -5.68227 3.50728
0.741 -5.61095 3.49241
0.742 -5.51704 3.46282
0.743 -5.40086 3.41875
0.744 -5.26283 3.36049
0.745 -5.10348 3.28838
0.746 -4.92338 3.20284
0.747 -4.72322 3.10433
0.748 -4.50377 2.99336
0.749 -4.26587 2.87049
0.75 -4.01043 2.73634
0.751 -3.73844 2.59156
0.752 -3.45096 2.43686
0.753 -3.14911 2.27298
0.754 -2.83406 2.10069
0.755 -2.50706 1.9208
0.756 -2.16938 1.73416
0.757 -1.82236 1.54162
0.758 -1.46735 1.34409
0.759 -1.10575 1.14246
0.76 -0.739005 0.937661
0.761 -0.368549 0.730632
0.762 0.00415084 0.522312
0.763 0.377618 0.313649
0.764 0.750375 0.105588
0.765 1.12094 -0.100928
0.766 1.48785 -0.304965
0.767 1.84965 -0.505603
0.768 2.2049 -0.701935
0.769 2.55219 -0.893074
0.77 2.89014 -1.07816
0.771 3.21741 -1.25635
0.772 3.5327 -1.42685
0.773 3.83476 -1.58888
0.774 4.12239 -1.74171
0.775 4.39445 -1.88464
0.776 4.64986 -2.01702
0.777 4.88761 -2.13825
0.778 5.10676 -2.24776
0.779 5.30644 -2.34506
0.78 5.48587 -2.42968
0.781 5.64433 -2.50123
0.782 5.78122 -2.55936
0.783 5.89599 -2.60378
0.784 5.98819 -2.63427
0.785 6.05749 -2.65066
0.786 6.10361 -2.65285
0.787 6.12639 -2.64078
0.788 6.12577 -2.61448
0.789 6.10175 -2.57401
0.79 6.05446 -2.51953
0.791 5.98412 -2.45121
0.792 5.89102 -2.36933
0.793 5.77557 -2.27419
0.794 5.63827 -2.16617
0.795 5.47967 -2.0457
0.796 5.30047 -1.91326
0.797 5.10139 -1.76939
0.798 4.88328 -1.61466
0.799 4.64705 -1.44971
0.8 4.39366 -1.27521
0.801 4.12419 -1.09189
0.802 3.83975 -0.900493
0.803 3.54152 -0.701818
0.804 3.23073 -0.496689
0.805 2.90868 -0.28596
0.806 2.5767 -0.0705089
0.807 2.23617 0.148762
0.808 1.8885 0.370934
0.809 1.53512 0.595074
0.81 1.17752 0.820237
0.811 0.817159 1.04547
0.812 0.455547 1.26983
0.813 0.0941804 1.49236
0.814 -0.26544 1.71211
0.815 -0.621819 1.92814
0.816 -0.973476 2.13955
0.817 -1.31895 2.34541
0.818 -1.65679 2.54484
0.819 -1.98561 2.73699
0.82 -2.30402 2.92103
0.821 -2.6107 3.09615
0.822 -2.90436 3.26159
0.823 -3.18377 3.41662
0.824 -3.44776 3.56057
0.825 -3.69523 3.69279
0.826 -3.92512 3.8127
0.827 -4.13647 3.91974
0.828 -4.32838 4.01344
0.829 -4.50003 4.09335
0.83 -4.65069 4.1591
0.831 -4.77971 4.21037
0.832 -4.88653 4.2469
0.833 -4.97068 4.26848
0.834 -5.03179 4.27498
0.835 -5.06956 4.26632
0.836 -5.08382 4.24249
0.837 -5.07446 4.20354
0.838 -5.04151 4.14958
0.839 -4.98506 4.08078
0.84 -4.90531 3.99738
0.841 -4.80256 3.89969
0.842 -4.6772 3.78805
0.843 -4.52971 3.66288
0.844 -4.36067 3.52466
0.845 -4.17074 3.37392
0.846 -3.96068 3.21124
0.847 -3.73131 3.03725
0.848 -3.48356 2.85263
0.849 -3.21842 2.65811
0.85 -2.93694 2.45446
0.851 -2.64028 2.24249
0.852 -2.32961 2.02305
0.853 -2.00621 1.79701
0.854 -1.67137 1.56528
0.855 -1.32646 1.3288
0.856 -0.97289 1.08852
0.857 -0.612087 0.84542
0.858 -0.24553 0.600485
0.859 0.125284 0.354717
0.86 0.498836 0.109118
0.861 0.873595 -0.135304
0.862 1.24802 -0.377545
0.863 1.62057 -0.616605
0.864 1.98971 -0.851498
0.865 2.35391 -1.08125
0.866 2.71167 -1.3049
0.867 3.06151 -1.52153
0.868 3.40196 -1.73022
0.869 3.73162 -1.93011
0.87 4.04909 -2.12034
0.871 4.35306 -2.30011
0.872 4.64225 -2.46867
0.873 4.91543 -2.62528
0.874 5.17144 -2.76928
0.875 5.4092 -2.90005
0.876 5.62769 -3.01701
0.877 5.82597 -3.11965
0.878 6.00317 -3.20751
0.879 6.15851 -3.2802
0.88 6.29131 -3.33737
0.881 6.40096 -3.37875
0.882 6.48696 -3.40414
0.883 6.54888 -3.41337
0.884 6.58641 -3.40639
0.885 6.59933 -3.38316
0.886 6.58752 -3.34375
0.887 6.55096 -3.28827
0.888 6.48971 -3.21691
0.889 6.40397 -3.12992
0.89 6.29399 -3.02761
0.891 6.16017 -2.91038
0.892 6.00295 -2.77864
0.893 5.82292 -2.63292
0.894 5.62072 -2.47376
0.895 5.3971 -2.3018
0.896 5.1529 -2.11769
0.897 4.88903 -1.92217
0.898 4.60649 -1.716
0.899 4.30634 -1.50001
0.9 3.98975 -1.27505
0.901 3.65791 -1.04204
0.902 3.31211 -0.801895
0.903 2.95367 -0.555599
0.904 2.58399 -0.304146
0.905 2.20449 -0.0485571
0.906 1.81665 0.210124
0.907 1.42197 0.470838
0.908 1.02199 0.732515
0.909 0.618276 0.994075
0.91 0.212396 1.25443
0.911 -0.194059 1.51251
0.912 -0.599499 1.76723
0.913 -1.00234 2.01753
0.914 -1.40099 2.26235
0.915 -1.7939 2.50065
0.916 -2.17951 2.73143
0.917 -2.55633 2.95369
0.918 -2.92285 3.16648
0.919 -3.27765 3.36888
0.92 -3.61932 3.56
0.921 -3.94653 3.739
0.922 -4.25798 3.90509
0.923 -4.55244 4.0575
0.924 -4.82877 4.19556
0.925 -5.08586 4.3186
0.926 -5.32272 4.42605
0.927 -5.5384 4.51738
0.928 -5.73207 4.59213
0.929 -5.90296 4.64988
0.93 -6.05041 4.69032
0.931 -6.17383 4.71317
0.932 -6.27275 4.71822
0.933 -6.34679 4.70536
0.934 -6.39566 4.67451
0.935 -6.41919 4.62569
0.936 -6.41728 4.55897
0.937 -6.38998 4.47451
0.938 -6.33738 4.37253
0.939 -6.25973 4.25332
0.94 -6.15734 4.11723
0.941 -6.03064 3.96468
0.942 -5.88016 3.79618
0.943 -5.7065 3.61226
0.944 -5.51038 3.41355
0.945 -5.29261 3.20072
0.946 -5.05406 2.9745
0.947 -4.79572 2.73567
0.948 -4.51863 2.48508
0.949 -4.22392 2.2236
0.95 -3.91279 1.95217
0.951 -3.58652 1.67174
0.952 -3.24641 1.38334
0.953 -2.89387 1.08799
0.954 -2.53031 0.786768
0.955 -2.15723 0.480768
0.956 -1.77614 0.171105
0.957 -1.38858 -0.141092
0.958 -0.996151 -0.454677
0.959 -0.600434 -0.7685
0.96 -0.203046 -1.08141
0.961 0.194393 -1.39224
0.962 0.590262 -1.69986
0.963 0.982946 -2.00312
0.964 1.37084 -2.3009
0.965 1.75236 -2.59209
0.966 2.12595 -2.87563
0.967 2.49007 -3.15045
0.968 2.84323 -3.41553
0.969 3.18399 -3.6699
0.97 3.51095 -3.91259
0.971 3.82275 -4.14272
0.972 4.11811 -4.35943
0.973 4.39582 -4.56191
0.974 4.65472 -4.74941
0.975 4.89374 -4.92124
0.976 5.11188 -5.07676
0.977 5.30823 -5.2154
0.978 5.48197 -5.33665
0.979 5.63235 -5.44007
0.98 5.75874 -5.52528
0.981 5.86059 -5.59198
0.982 5.93746 -5.63993
0.983 5.98899 -5.66897
0.984 6.01494 -5.67901
0.985 6.01517 -5.67003
0.986 5.98963 -5.64208
0.987 5.93839 -5.5953
0.988 5.86161 -5.52987
0.989 5.75956 -5.44607
0.99 5.63261 -5.34425
0.991 5.48124 -5.22481
0.992 5.30601 -5.08822
0.993 5.10758 -4.93504
0.994 4.88671 -4.76587
0.995 4.64425 -4.58137
0.996 4.38114 -4.38228
0.997 4.09839 -4.16937
0.998 3.7971 -3.94348
0.999 3.47845 -3.7055
1 3.14368 -3.45635
