0.001 3.41935e-008 2.56193e-009
0.002 3.11279e-007 2.05765e-008
0.003 1.46721e-006 8.53958e-008
0.004 4.85938e-006 2.50634e-007
0.005 1.28574e-005 5.94636e-007
0.006 2.91239e-005 1.22463e-006
0.007 5.88827e-005 2.28297e-006
0.008 0.000109172 3.95595e-006
0.009 0.00018908 6.48552e-006
0.01 0.000309962 1.01842e-005
0.011 0.000485631 1.54539e-005
0.012 0.000732535 2.28079e-005
0.013 0.0010699 3.28978e-005
0.014 0.00151983 4.6544e-005
0.015 0.00210743 6.4771e-005
0.016 0.00286084 8.88469e-005
0.017 0.00381128 0.000120327
0.018 0.00499301 0.000161105
0.019 0.00644334 0.000213459
0.02 0.00820254 0.000280118
0.021 0.0103137 0.000364314
0.022 0.0128228 0.000469852
0.023 0.0157781 0.000601176
0.024 0.0192303 0.00076344
0.025 0.0232325 0.000962577
0.026 0.0278393 0.00120538
0.027 0.033107 0.00149959
0.028 0.0390932 0.00185393
0.029 0.0458563 0.00227823
0.03 0.0534554 0.0027835
0.031 0.0619496 0.00338195
0.032 0.0713976 0.00408715
0.033 0.0818577 0.00491402
0.034 0.0933868 0.00587895
0.035 0.10604 0.00699983
0.036 0.119872 0.00829613
0.037 0.134931 0.00978894
0.038 0.151267 0.011501
0.039 0.168923 0.0134568
0.04 0.187939 0.0156824
0.041 0.208352 0.0182058
0.042 0.230191 0.0210567
0.043 0.253482 0.0242665
0.044 0.278244 0.0278683
0.045 0.304492 0.0318969
0.046 0.33223 0.0363889
0.047 0.36146 0.0413824
0.048 0.392172 0.0469169
0.049 0.424351 0.0530337
0.05 0.457974 0.059775
0.051 0.493009 0.0671847
0.052 0.529415 0.0753074
0.053 0.567144 0.0841889
0.054 0.606138 0.0938759
0.055 0.64633 0.104415
0.056 0.687646 0.115855
0.057 0.730001 0.128243
0.058 0.773302 0.141626
0.059 0.817447 0.156054
0.06 0.862328 0.171571
0.061 0.907824 0.188226
0.062 0.953809 0.206064
0.063 1.00015 0.225129
0.064 1.04671 0.245463
0.065 1.09333 0.267107
0.066 1.13986 0.2901
0.067 1.18614 0.314477
0.068 1.23201 0.340273
0.069 1.27728 0.367517
0.07 1.3218 0.396236
0.071 1.36538 0.426452
0.072 1.40783 0.458185
0.073 1.44898 0.491449
0.074 1.48864 0.526253
0.075 1.52663 0.562602
0.076 1.56276 0.600495
0.077 1.59685 0.639927
0.078 1.62872 0.680884
0.079 1.65819 0.723347
0.08 1.6851 0.767293
0.081 1.70926 0.812689
0.082 1.73052 0.859498
0.083 1.74873 0.907672
0.084 1.76374 0.957161
0.085 1.7754 1.0079
0.086 1.7836 1.05983
0.087 1.7882 1.11287
0.088 1.7891 1.16694
0.089 1.78621 1.22195
0.09 1.77945 1.27779
0.091 1.76873 1.33438
0.092 1.75401 1.39158
0.093 1.73525 1.44929
0.094 1.71242 1.50736
0.095 1.68551 1.56568
0.096 1.65452 1.6241
0.097 1.61947 1.68247
0.098 1.58042 1.74063
0.099 1.5374 1.79842
0.1 1.4905 1.85569
0.101 1.4398 1.91225
0.102 1.38542 1.96794
0.103 1.32748 2.02257
0.104 1.26611 2.07596
0.105 1.20148 2.12792
0.106 1.13377 2.17826
0.107 1.06316 2.22679
0.108 0.989861 2.27332
0.109 0.914097 2.31765
0.11 0.836103 2.35959
0.111 0.75613 2.39895
0.112 0.674441 2.43553
0.113 0.591311 2.46915
0.114 0.507026 2.49962
0.115 0.421882 2.52675
0.116 0.336186 2.55037
0.117 0.250252 2.57031
0.118 0.164398 2.58639
0.119 0.0789524 2.59845
0.12 -0.00575577 2.60635
0.121 -0.0893931 2.60994
0.122 -0.171625 2.60908
0.123 -0.252116 2.60365
0.124 -0.330532 2.59353
0.125 -0.406543 2.57862
0.126 -0.479821 2.55883
0.127 -0.550045 2.53407
0.128 -0.6169 2.50429
0.129 -0.680081 2.46943
0.13 -0.739291 2.42945
0.131 -0.794246 2.38434
0.132 -0.844673 2.33408
0.133 -0.890314 2.27869
0.134 -0.930928 2.21818
0.135 -0.966288 2.15261
0.136 -0.996187 2.08203
0.137 -1.02044 2.00652
0.138 -1.03887 1.92617
0.139 -1.05133 1.84108
0.14 -1.05771 1.7514
0.141 -1.05789 1.65726
0.142 -1.0518 1.55882
0.143 -1.03939 1.45627
0.144 -1.02063 1.3498
0.145 -0.995515 1.23962
0.146 -0.964073 1.12596
0.147 -0.926353 1.00907
0.148 -0.882433 0.889206
0.149 -0.832417 0.766638
0.15 -0.776436 0.641655
0.151 -0.714649 0.51456
0.152 -0.647239 0.385664
0.153 -0.574417 0.255293
0.154 -0.496419 0.123781
0.155 -0.413506 -0.00852574
0.156 -0.325963 -0.141274
0.157 -0.234099 -0.274103
0.158 -0.138246 -0.406644
0.159 -0.038755 -0.538525
0.16 0.0639993 -0.669368
0.161 0.169625 -0.798793
0.162 0.277713 -0.926418
0.163 0.387835 -1.05186
0.164 0.499552 -1.17474
0.165 0.612408 -1.29468
0.166 0.725939 -1.4113
0.167 0.839668 -1.52423
0.168 0.953112 -1.63312
0.169 1.06578 -1.73759
0.17 1.17718 -1.83731
0.171 1.28682 -1.93195
0.172 1.3942 -2.02117
0.173 1.49882 -2.10466
0.174 1.6002 -2.18213
0.175 1.69785 -2.2533
0.176 1.7913 -2.3179
0.177 1.88007 -2.37569
0.178 1.96372 -2.42645
0.179 2.04181 -2.46995
0.18 2.11391 -2.50603
0.181 2.17962 -2.53451
0.182 2.23854 -2.55526
0.183 2.29033 -2.56816
0.184 2.33463 -2.57312
0.185 2.37113 -2.57008
0.186 2.39954 -2.55899
0.187 2.41961 -2.53984
0.188 2.4311 -2.51266
0.189 2.43381 -2.47747
0.19 2.42758 -2.43434
0.191 2.41226 -2.38338
0.192 2.38777 -2.3247
0.193 2.35403 -2.25846
0.194 2.31101 -2.18483
0.195 2.25873 -2.10402
0.196 2.19722 -2.01625
0.197 2.12656 -1.92179
0.198 2.04688 -1.82092
0.199 1.95832 -1.71394
0.2 1.86107 -1.60119
0.201 1.75536 -1.48301
0.202 1.64146 -1.35979
0.203 1.51965 -1.23192
0.204 1.39028 -1.09982
0.205 1.2537 -0.963917
0.206 1.11031 -0.82467
0.207 0.960549 -0.682545
0.208 0.804862 -0.538023
0.209 0.643738 -0.391599
0.21 0.477691 -0.243777
0.211 0.307256 -0.0950735
0.212 0.132993 0.0539901
0.213 -0.0445177 0.202886
0.214 -0.224677 0.351081
0.215 -0.406869 0.498042
0.216 -0.590466 0.643233
0.217 -0.774824 0.786123
0.218 -0.959294 0.926182
0.219 -1.14322 1.06289
0.22 -1.32593 1.19572
0.221 -1.50678 1.32417
0.222 -1.68509 1.44775
0.223 -1.8602 1.56597
0.224 -2.03147 1.67837
0.225 -2.19824 1.78449
0.226 -2.35989 1.8839
0.227 -2.5158 1.97619
0.228 -2.66536 2.06096
0.229 -2.80799 2.13786
0.23 -2.94312 2.20653
0.231 -3.07023 2.26666
0.232 -3.1888 2.31796
0.233 -3.29834 2.36017
0.234 -3.39841 2.39307
0.235 -3.48858 2.41645
0.236 -3.56848 2.43015
0.237 -3.63774 2.43403
0.238 -3.69607 2.42799
0.239 -3.74319 2.41197
0.24 -3.77887 2.38594
0.241 -3.80292 2.34989
0.242 -3.81521 2.30388
0.243 -3.81563 2.24796
0.244 -3.80412 2.18226
0.245 -3.78068 2.10692
0.246 -3.74535 2.02211
0.247 -3.6982 1.92805
0.248 -3.63937 1.825
0.249 -3.56902 1.71322
0.25 -3.48738 1.59304
0.251 -3.39472 1.4648
0.252 -3.29133 1.32888
0.253 -3.17758 1.18568
0.254 -3.05386 1.03563
0.255 -2.9206 0.879192
0.256 -2.77827 0.716853
0.257 -2.62739 0.54912
0.258 -2.46851 0.376523
0.259 -2.30221 0.19961
0.26 -2.12909 0.0189499
0.261 -1.94981 -0.164874
0.262 -1.76503 -0.351263
0.263 -1.57545 -0.539609
0.264 -1.38179 -0.729291
0.265 -1.18478 -0.919683
0.266 -0.98518 -1.11015
0.267 -0.783752 -1.30006
0.268 -0.581275 -1.48878
0.269 -0.378536 -1.67566
0.27 -0.176324 -1.86008
0.271 0.0245682 -2.04142
0.272 0.223352 -2.21905
0.273 0.41924 -2.39238
0.274 0.611457 -2.5608
0.275 0.799236 -2.72374
0.276 0.981825 -2.88064
0.277 1.15849 -3.03096
0.278 1.32851 -3.17418
0.279 1.49121 -3.30981
0.28 1.64591 -3.43736
0.281 1.79197 -3.5564
0.282 1.9288 -3.66651
0.283 2.05583 -3.76731
0.284 2.17251 -3.85844
0.285 2.27836 -3.93958
0.286 2.37293 -4.01046
0.287 2.45579 -4.07082
0.288 2.52659 -4.12044
0.289 2.58501 -4.15915
0.29 2.63078 -4.18682
0.291 2.66368 -4.20335
0.292 2.68353 -4.20867
0.293 2.69023 -4.20277
0.294 2.68369 -4.18567
0.295 2.66392 -4.15743
0.296 2.63094 -4.11814
0.297 2.58486 -4.06795
0.298 2.52582 -4.00704
0.299 2.45401 -3.93562
0.3 2.36969 -3.85394
0.301 2.27317 -3.7623
0.302 2.16479 -3.66101
0.303 2.04495 -3.55044
0.304 1.91411 -3.43099
0.305 1.77276 -3.30307
0.306 1.62145 -3.16714
0.307 1.46075 -3.02368
0.308 1.29129 -2.8732
0.309 1.11373 -2.71624
0.31 0.928765 -2.55335
0.311 0.73713 -2.38511
0.312 0.539581 -2.21212
0.313 0.336906 -2.03497
0.314 0.129915 -1.85431
0.315 -0.0805613 -1.67077
0.316 -0.293673 -1.48499
0.317 -0.508556 -1.29763
0.318 -0.724337 -1.10934
0.319 -0.940134 -0.920778
0.32 -1.15506 -0.732607
0.321 -1.36824 -0.545479
0.322 -1.57877 -0.360042
0.323 -1.7858 -0.176935
0.324 -1.98845 0.00321142
0.325 -2.18587 0.179783
0.326 -2.37723 0.352178
0.327 -2.56172 0.519816
0.328 -2.73855 0.682133
0.329 -2.90695 0.83859
0.33 -3.06621 0.988671
0.331 -3.21562 1.13189
0.332 -3.35452 1.26777
0.333 -3.4823 1.3959
0.334 -3.59837 1.51588
0.335 -3.70222 1.62733
0.336 -3.79334 1.72992
0.337 -3.87131 1.82336
0.338 -3.93573 1.90738
0.339 -3.98628 1.98178
0.34 -4.02269 2.04635
0.341 -4.04472 2.10097
0.342 -4.05221 2.14552
0.343 -4.04506 2.17994
0.344 -4.02321 2.20421
0.345 -3.98668 2.21835
0.346 -3.93554 2.22241
0.347 -3.8699 2.2165
0.348 -3.78997 2.20074
0.349 -3.69598 2.17531
0.35 -3.58823 2.14044
0.351 -3.46709 2.09636
0.352 -3.33296 2.04338
0.353 -3.18631 1.9818
0.354 -3.02766 1.91199
0.355 -2.85758 1.83434
0.356 -2.67668 1.74926
0.357 -2.48561 1.65721
0.358 -2.2851 1.55865
0.359 -2.07587 1.45408
0.36 -1.85871 1.34404
0.361 -1.63443 1.22906
0.362 -1.40389 1.1097
0.363 -1.16794 0.986541
0.364 -0.927498 0.860177
0.365 -0.68347 0.731208
0.366 -0.436793 0.600246
0.367 -0.188417 0.467909
0.368 0.0607031 0.334817
0.369 0.309604 0.201593
0.37 0.557321 0.0688591
0.371 0.802893 -0.0627691
0.372 1.04537 -0.192681
0.373 1.28379 -0.320275
0.374 1.51724 -0.444962
0.375 1.7448 -0.566167
0.376 1.96558 -0.68333
0.377 2.17872 -0.795911
0.378 2.38337 -0.903392
0.379 2.57873 -1.00528
0.38 2.76403 -1.10109
0.381 2.93855 -1.1904
0.382 3.1016 -1.27278
0.383 3.25253 -1.34785
0.384 3.39076 -1.41527
0.385 3.51573 -1.4747
0.386 3.62696 -1.52588
0.387 3.72402 -1.56855
0.388 3.80651 -1.60251
0.389 3.87413 -1.62759
0.39 3.92661 -1.64365
0.391 3.96376 -1.65061
0.392 3.98544 -1.64842
0.393 3.99157 -1.63705
0.394 3.98215 -1.61655
0.395 3.95723 -1.58698
0.396 3.91693 -1.54845
0.397 3.86142 -1.5011
0.398 3.79096 -1.44513
0.399 3.70585 -1.38076
0.4 3.60646 -1.30825
0.401 3.4932 -1.2279
0.402 3.36657 -1.14004
0.403 3.22711 -1.04504
0.404 3.07541 -0.943296
0.405 2.91212 -0.835232
0.406 2.73793 -0.721305
0.407 2.55358 -0.601997
0.408 2.35986 -0.477814
0.409 2.1576 -0.349285
0.41 1.94765 -0.216957
0.411 1.73092 -0.0813959
0.412 1.50833 0.0568182
0.413 1.28083 0.197092
0.414 1.0494 0.338823
0.415 0.81503 0.481401
0.416 0.578731 0.624209
0.417 0.34152 0.766632
0.418 0.104421 0.908051
0.419 -0.13154 1.04785
0.42 -0.365339 1.18543
0.421 -0.595958 1.32018
0.422 -0.822392 1.45152
0.423 -1.04365 1.57888
0.424 -1.25876 1.70169
0.425 -1.46677 1.81941
0.426 -1.66676 1.93153
0.427 -1.85784 2.03754
0.428 -2.03916 2.13699
0.429 -2.20989 2.22943
0.43 -2.36927 2.31444
0.431 -2.51656 2.39165
0.432 -2.65109 2.4607
0.433 -2.77222 2.52128
0.434 -2.87939 2.57312
0.435 -2.97206 2.61598
0.436 -3.04979 2.64965
0.437 -3.11218 2.67397
0.438 -3.1589 2.68883
0.439 -3.18966 2.69415
0.44 -3.20428 2.68988
0.441 -3.20261 2.67604
0.442 -3.18459 2.65267
0.443 -3.15021 2.61985
0.444 -3.09956 2.57772
0.445 -3.03275 2.52645
0.446 -2.95 2.46625
0.447 -2.85159 2.39738
0.448 -2.73785 2.32013
0.449 -2.60918 2.23482
0.45 -2.46606 2.14182
0.451 -2.30902 2.04154
0.452 -2.13865 1.93441
0.453 -1.9556 1.8209
0.454 -1.76057 1.7015
0.455 -1.55433 1.57674
0.456 -1.33768 1.44717
0.457 -1.11148 1.31336
0.458 -0.876621 1.17592
0.459 -0.634048 1.03545
0.46 -0.384733 0.892583
0.461 -0.129683 0.747968
0.462 0.13007 0.602258
0.463 0.393465 0.456115
0.464 0.659426 0.310207
0.465 0.92686 0.165205
0.466 1.19466 0.0217789
0.467 1.46172 -0.119406
0.468 1.72693 -0.257689
0.469 1.98918 -0.392419
0.47 2.24736 -0.522958
0.471 2.50039 -0.648681
0.472 2.74719 -0.768983
0.473 2.98672 -0.883277
0.474 3.21794 -0.991001
0.475 3.43986 -1.09162
0.476 3.65151 -1.18461
0.477 3.85198 -1.26952
0.478 4.04038 -1.34587
0.479 4.21587 -1.41327
0.48 4.37766 -1.47134
0.481 4.52503 -1.51974
0.482 4.65728 -1.55817
0.483 4.77381 -1.58637
0.484 4.87405 -1.60415
0.485 4.9575 -1.61131
0.486 5.02375 -1.60775
0.487 5.07243 -1.59338
0.488 5.10326 -1.56817
0.489 5.11601 -1.53213
0.49 5.11054 -1.48533
0.491 5.08678 -1.42788
0.492 5.04473 -1.35994
0.493 4.98448 -1.28169
0.494 4.90616 -1.19341
0.495 4.81002 -1.09537
0.496 4.69634 -0.987913
0.497 4.5655 -0.871428
0.498 4.41794 -0.746334
0.499 4.25418 -0.613095
0.5 4.07478 -0.472213
0.501 3.8804 -0.324228
0.502 3.67175 -0.169714
0.503 3.44958 -0.00927764
0.504 3.21474 0.156444
0.505 2.96809 0.326787
0.506 2.71057 0.501059
0.507 2.44315 0.678548
0.508 2.16686 0.858521
0.509 1.88277 1.04023
0.51 1.59195 1.22291
0.511 1.29554 1.40578
0.512 0.9947 1.58807
0.513 0.690595 1.76898
0.514 0.384418 1.94773
0.515 0.0773748 2.12353
0.516 -0.229325 2.29561
0.517 -0.534467 2.46318
0.518 -0.836841 2.62548
0.519 -1.13524 2.78177
0.52 -1.42848 2.93132
0.521 -1.71539 3.07343
0.522 -1.9948 3.20739
0.523 -2.2656 3.33257
0.524 -2.5267 3.44833
0.525 -2.77703 3.55408
0.526 -3.01558 3.64925
0.527 -3.24137 3.73333
0.528 -3.4535 3.80583
0.529 -3.65107 3.86632
0.53 -3.83329 3.91439
0.531 -3.99939 3.94969
0.532 -4.14869 3.97194
0.533 -4.28055 3.98086
0.534 -4.39443 3.97627
0.535 -4.48985 3.95801
0.536 -4.56637 3.92598
0.537 -4.62369 3.88014
0.538 -4.66152 3.8205
0.539 -4.6797 3.74712
0.54 -4.67813 3.66012
0.541 -4.65677 3.55968
0.542 -4.6157 3.44602
0.543 -4.55505 3.31942
0.544 -4.47503 3.18021
0.545 -4.37596 3.02877
0.546 -4.2582 2.86555
0.547 -4.12221 2.69102
0.548 -3.96852 2.50571
0.549 -3.79772 2.31019
0.55 -3.6105 2.10509
0.551 -3.4076 1.89106
0.552 -3.18981 1.66881
0.553 -2.95803 1.43906
0.554 -2.71316 1.20258
0.555 -2.45621 0.960176
0.556 -2.1882 0.71267
0.557 -1.91023 0.460912
0.558 -1.62342 0.205774
0.559 -1.32894 -0.0518521
0.56 -1.02799 -0.311062
0.561 -0.721812 -0.570941
0.562 -0.411654 -0.830563
0.563 -0.0987977 -1.089
0.564 0.215466 -1.34533
0.565 0.529836 -1.59861
0.566 0.843007 -1.84794
0.567 1.15367 -2.0924
0.568 1.46054 -2.33111
0.569 1.76231 -2.56317
0.57 2.05772 -2.78774
0.571 2.34553 -3.00399
0.572 2.62451 -3.2111
0.573 2.89347 -3.40831
0.574 3.15126 -3.59487
0.575 3.39677 -3.77009
0.576 3.62894 -3.9333
0.577 3.84675 -4.08388
0.578 4.04925 -4.22126
0.579 4.23554 -4.34491
0.58 4.40478 -4.45435
0.581 4.5562 -4.54916
0.582 4.6891 -4.62897
0.583 4.80285 -4.69345
0.584 4.89691 -4.74236
0.585 4.97079 -4.77549
0.586 5.02411 -4.79269
0.587 5.05655 -4.79388
0.588 5.06788 -4.77905
0.589 5.05795 -4.74823
0.59 5.02671 -4.70152
0.591 4.97418 -4.63907
0.592 4.90047 -4.56111
0.593 4.80578 -4.46791
0.594 4.69039 -4.35982
0.595 4.55467 -4.23722
0.596 4.39906 -4.10057
0.597 4.22408 -3.95036
0.598 4.03036 -3.78716
0.599 3.81858 -3.61158
0.6 3.58949 -3.42426
0.601 3.34392 -3.22591
0.602 3.08278 -3.01728
0.603 2.80703 -2.79915
0.604 2.51769 -2.57235
0.605 2.21585 -2.33772
0.606 1.90263 -2.09617
0.607 1.57923 -1.8486
0.608 1.24688 -1.59596
0.609 0.906829 -1.33922
0.61 0.560388 -1.07935
0.611 0.208885 -0.817335
0.612 -0.146327 -0.554192
0.613 -0.503879 -0.290925
0.614 -0.862385 -0.0285442
0.615 -1.22045 0.231942
0.616 -1.5767 0.489531
0.617 -1.92972 0.743229
0.618 -2.27814 0.992057
0.619 -2.62061 1.23505
0.62 -2.95577 1.47128
0.621 -3.2823 1.69981
0.622 -3.59893 1.91977
0.623 -3.9044 2.1303
0.624 -4.1975 2.33057
0.625 -4.47706 2.51981
0.626 -4.74199 2.69728
0.627 -4.99122 2.86227
0.628 -5.22376 3.01415
0.629 -5.43868 3.15231
0.63 -5.63512 3.2762
0.631 -5.81227 3.38534
0.632 -5.96944 3.47929
0.633 -6.10598 3.55767
0.634 -6.22133 3.62016
0.635 -6.31501 3.66651
0.636 -6.38665 3.69652
0.637 -6.43592 3.71006
0.638 -6.46263 3.70707
0.639 -6.46664 3.68752
0.64 -6.44791 3.6515
0.641 -6.40651 3.59911
0.642 -6.34257 3.53055
0.643 -6.25632 3.44606
0.644 -6.14809 3.34595
0.645 -6.01829 3.2306
0.646 -5.8674 3.10044
0.647 -5.69602 2.95595
0.648 -5.5048 2.79767
0.649 -5.29447 2.62621
0.65 -5.06586 2.44221
0.651 -4.81986 2.24637
0.652 -4.55743 2.03943
0.653 -4.27958 1.82217
0.654 -3.98742 1.59544
0.655 -3.68208 1.36008
0.656 -3.36476 1.11699
0.657 -3.03672 0.867112
0.658 -2.69924 0.611388
0.659 -2.35364 0.3508
0.66 -2.0013 0.0863421
0.661 -1.64361 -0.180973
0.662 -1.28196 -0.450124
0.663 -0.917806 -0.72008
0.664 -0.55257 -0.989808
0.665 -0.187702 -1.25827
0.666 0.175354 -1.52445
0.667 0.535163 -1.78732
0.668 0.890299 -2.04588
0.669 1.23936 -2.29914
0.67 1.58095 -2.54612
0.671 1.91373 -2.78589
0.672 2.23637 -3.01752
0.673 2.5476 -3.24013
0.674 2.84619 -3.45288
0.675 3.13095 -3.65495
0.676 3.40075 -3.84556
0.677 3.65453 -4.024
0.678 3.89128 -4.18959
0.679 4.11006 -4.3417
0.68 4.31002 -4.47975
0.681 4.49036 -4.60322
0.682 4.65038 -4.71165
0.683 4.78945 -4.80463
0.684 4.90702 -4.88182
0.685 5.00265 -4.94293
0.686 5.07595 -4.98773
0.687 5.12665 -5.01608
0.688 5.15457 -5.02787
0.689 5.15961 -5.02308
0.69 5.14177 -5.00174
0.691 5.10114 -4.96394
0.692 5.0379 -4.90985
0.693 4.95233 -4.83969
0.694 4.84478 -4.75375
0.695 4.71572 -4.65237
0.696 4.56569 -4.53597
0.697 4.39531 -4.405
0.698 4.2053 -4.25998
0.699 3.99644 -4.10149
0.7 3.7696 -3.93015
0.701 3.52572 -3.74663
0.702 3.26581 -3.55167
0.703 2.99094 -3.34601
0.704 2.70226 -3.13046
0.705 2.40096 -2.90587
0.706 2.08828 -2.6731
0.707 1.76551 -2.43305
0.708 1.43399 -2.18667
0.709 1.0951 -1.93489
0.71 0.750229 -1.6787
0.711 0.400811 -1.41907
0.712 0.0482903 -1.15701
0.713 -0.305871 -0.893516
0.714 -0.660205 -0.629595
0.715 -1.01324 -0.366254
0.716 -1.36351 -0.104494
0.717 -1.70956 0.154696
0.718 -2.04995 0.410335
0.719 -2.38327 0.661465
0.72 -2.70811 0.907143
0.721 -3.02313 1.14646
0.722 -3.327 1.37851
0.723 -3.61845 1.60246
0.724 -3.89626 1.81748
0.725 -4.15925 2.02279
0.726 -4.40631 2.21765
0.727 -4.6364 2.40135
0.728 -4.84854 2.57327
0.729 -5.04181 2.73278
0.73 -5.21539 2.87935
0.731 -5.36852 3.01249
0.732 -5.50053 3.13175
0.733 -5.61084 3.23676
0.734 -5.69895 3.3272
0.735 -5.76445 3.40281
0.736 -5.80702 3.46339
0.737 -5.82644 3.50881
0.738 -5.82259 3.53899
0.739 -5.79542 3.55392
0.74 -5.74498 3.55366
0.741 -5.67145 3.53832
0.742 -5.57506 3.50808
0.743 -5.45615 3.46317
0.744 -5.31515 3.40389
0.745 -5.15258 3.3306
0.746 -4.96906 3.24371
0.747 -4.76528 3.14369
0.748 -4.54201 3.03106
0.749 -4.30011 2.9064
0.75 -4.04051 2.77032
0.751 -3.76423 2.6235
0.752 -3.47233 2.46664
0.753 -3.16595 2.3005
0.754 -2.84629 2.12586
0.755 -2.5146 1.94355
0.756 -2.17219 1.75441
0.757 -1.82039 1.55933
0.758 -1.46061 1.35921
0.759 -1.09424 1.15496
0.76 -0.722748 0.947531
0.761 -0.347596 0.737863
0.762 0.0297329 0.526912
0.763 0.407743 0.315638
0.764 0.784936 0.105
0.765 1.15982 -0.104049
0.766 1.5309 -0.310563
0.767 1.89671 -0.513608
0.768 2.25579 -0.712268
0.769 2.60672 -0.905645
0.77 2.9481 -1.09287
0.771 3.27858 -1.27308
0.772 3.59685 -1.44549
0.773 3.90163 -1.60929
0.774 4.19172 -1.76376
0.775 4.46597 -1.90818
0.776 4.72329 -2.0419
0.777 4.96266 -2.1643
0.778 5.18312 -2.27483
0.779 5.38382 -2.37297
0.78 5.56395 -2.45826
0.781 5.72281 -2.5303
0.782 5.85977 -2.58874
0.783 5.9743 -2.6333
0.784 6.06596 -2.66374
0.785 6.13439 -2.6799
0.786 6.17933 -2.68167
0.787 6.20063 -2.66901
0.788 6.19822 -2.64193
0.789 6.17213 -2.60053
0.79 6.12248 -2.54492
0.791 6.0495 -2.47533
0.792 5.9535 -2.39201
0.793 5.8349 -2.29528
0.794 5.69419 -2.18553
0.795 5.53197 -2.06319
0.796 5.34893 -1.92875
0.797 5.14582 -1.78275
0.798 4.9235 -1.62579
0.799 4.68289 -1.45851
0.8 4.42499 -1.28159
0.801 4.15088 -1.09577
0.802 3.86169 -0.901812
0.803 3.55862 -0.700519
0.804 3.24293 -0.49273
0.805 2.91594 -0.279311
0.806 2.57899 -0.0611533
0.807 2.23349 0.160829
0.808 1.88086 0.385703
0.809 1.52258 0.612523
0.81 1.16012 0.840331
0.811 0.794991 1.06817
0.812 0.428711 1.29506
0.813 0.0627999 1.52005
0.814 -0.301223 1.74219
0.815 -0.661843 1.96051
0.816 -1.01756 2.17409
0.817 -1.3669 2.38201
0.818 -1.70839 2.58338
0.819 -2.04062 2.77732
0.82 -2.3622 2.96299
0.821 -2.67179 3.1396
0.822 -2.96808 3.30636
0.823 -3.24984 3.46254
0.824 -3.51589 3.60745
0.825 -3.76509 3.74045
0.826 -3.99641 3.86095
0.827 -4.20886 3.96838
0.828 -4.40155 4.06228
0.829 -4.57364 4.14218
0.83 -4.7244 4.20772
0.831 -4.85319 4.25858
0.832 -4.95944 4.29448
0.833 -5.04268 4.31525
0.834 -5.10253 4.32072
0.835 -5.13873 4.31084
0.836 -5.15108 4.2856
0.837 -5.13951 4.24504
0.838 -5.10402 4.18929
0.839 -5.04474 4.11852
0.84 -4.96187 4.03298
0.841 -4.85571 3.93298
0.842 -4.72668 3.81888
0.843 -4.57527 3.69111
0.844 -4.40207 3.55015
0.845 -4.20777 3.39655
0.846 -3.99313 3.23089
0.847 -3.75901 3.05382
0.848 -3.50634 2.86603
0.849 -3.23613 2.66827
0.85 -2.94947 2.46131
0.851 -2.64752 2.24599
0.852 -2.33149 2.02316
0.853 -2.00266 1.79371
0.854 -1.66237 1.55857
0.855 -1.31199 1.31869
0.856 -0.952957 1.07503
0.857 -0.586732 0.828588
0.858 -0.21481 0.580367
0.859 0.161288 0.331379
0.86 0.540022 0.0826447
0.861 0.919836 -0.164816
0.862 1.29917 -0.409985
0.863 1.67646 -0.65185
0.864 2.05015 -0.88941
0.865 2.41869 -1.12168
0.866 2.78057 -1.34769
0.867 3.13427 -1.5665
0.868 3.47832 -1.77719
0.869 3.8113 -1.97888
0.87 4.1318 -2.17071
0.871 4.43848 -2.35187
0.872 4.73006 -2.5216
0.873 5.0053 -2.67916
0.874 5.26302 -2.82387
0.875 5.50214 -2.95511
0.876 5.72163 -3.0723
0.877 5.92053 -3.17493
0.878 6.09799 -3.26253
0.879 6.25322 -3.33471
0.88 6.38553 -3.39112
0.881 6.49431 -3.4315
0.882 6.57906 -3.45564
0.883 6.63937 -3.46339
0.884 6.67493 -3.45468
0.885 6.68551 -3.42949
0.886 6.67101 -3.3879
0.887 6.6314 -3.33001
0.888 6.56679 -3.25604
0.889 6.47736 -3.16623
0.89 6.36339 -3.06092
0.891 6.22527 -2.94049
0.892 6.0635 -2.80539
0.893 5.87864 -2.65615
0.894 5.67138 -2.49333
0.895 5.44247 -2.31757
0.896 5.19279 -2.12956
0.897 4.92325 -1.93003
0.898 4.63488 -1.71976
0.899 4.32878 -1.49961
0.9 4.00612 -1.27044
0.901 3.66813 -1.03317
0.902 3.31611 -0.788757
0.903 2.95142 -0.538187
0.904 2.57547 -0.282475
0.905 2.18971 -0.0226615
0.906 1.79565 0.240194
0.907 1.39481 0.505015
0.908 0.988764 0.770714
0.909 0.579089 1.03619
0.91 0.167388 1.30035
0.911 -0.244728 1.5621
0.912 -0.655646 1.82033
0.913 -1.06376 2.07398
0.914 -1.46745 2.32196
0.915 -1.86516 2.56324
0.916 -2.2553 2.79678
0.917 -2.63635 3.02158
0.918 -3.00681 3.23668
0.919 -3.36522 3.44114
0.92 -3.71017 3.63407
0.921 -4.04029 3.81461
0.922 -4.3543 3.98196
0.923 -4.65095 4.13537
0.924 -4.92907 4.27412
0.925 -5.18757 4.39758
0.926 -5.42542 4.50514
0.927 -5.64171 4.59629
0.928 -5.83556 4.67055
0.929 -6.00623 4.72752
0.93 -6.15305 4.76687
0.931 -6.27543 4.78833
0.932 -6.37291 4.7917
0.933 -6.4451 4.77686
0.934 -6.49173 4.74375
0.935 -6.51263 4.69239
0.936 -6.50773 4.62286
0.937 -6.47706 4.53533
0.938 -6.42075 4.43001
0.939 -6.33904 4.30722
0.94 -6.23228 4.16733
0.941 -6.1009 4.01076
0.942 -5.94545 3.83802
0.943 -5.76656 3.64968
0.944 -5.56496 3.44637
0.945 -5.34149 3.22878
0.946 -5.09704 2.99766
0.947 -4.83261 2.75381
0.948 -4.54929 2.49808
0.949 -4.24822 2.23138
0.95 -3.93063 1.95465
0.951 -3.59782 1.66888
0.952 -3.25113 1.3751
0.953 -2.89197 1.07437
0.954 -2.52181 0.767765
0.955 -2.14216 0.456412
0.956 -1.75455 0.141442
0.957 -1.36056 -0.175994
0.958 -0.961813 -0.494732
0.959 -0.559915 -0.813601
0.96 -0.15651 -1.13143
0.961 0.246758 -1.44704
0.962 0.648243 -1.75927
0.963 1.04631 -2.06697
0.964 1.43932 -2.369
0.965 1.82568 -2.66423
0.966 2.20381 -2.95156
0.967 2.57214 -3.22995
0.968 2.92919 -3.49834
0.969 3.27347 -3.75574
0.97 3.60358 -4.00119
0.971 3.91815 -4.23379
0.972 4.21589 -4.45266
0.973 4.49556 -4.657
0.974 4.75601 -4.84604
0.975 4.99615 -5.01909
0.976 5.21499 -5.17551
0.977 5.4116 -5.31471
0.978 5.58516 -5.43619
0.979 5.73494 -5.5395
0.98 5.86028 -5.62427
0.981 5.96066 -5.6902
0.982 6.03562 -5.73704
0.983 6.08482 -5.76465
0.984 6.10804 -5.77294
0.985 6.10512 -5.76189
0.986 6.07605 -5.73156
0.987 6.0209 -5.6821
0.988 5.93986 -5.61371
0.989 5.83319 -5.52667
0.99 5.7013 -5.42134
0.991 5.54468 -5.29813
0.992 5.3639 -5.15755
0.993 5.15966 -5.00014
0.994 4.93274 -4.82654
0.995 4.68401 -4.63742
0.996 4.41443 -4.43353
0.997 4.12505 -4.21567
0.998 3.81698 -3.98469
0.999 3.49143 -3.7415
1 3.14966 -3.48704
