0.001 3.40125e-008 2.52439e-009
0.002 3.09835e-007 2.02759e-008
0.003 1.46127e-006 8.41544e-008
0.004 4.8422e-006 2.47017e-007
0.005 1.28174e-005 5.86146e-007
0.006 2.90434e-005 1.20739e-006
0.007 5.87369e-005 2.25142e-006
0.008 0.000108928 3.90253e-006
0.009 0.000188696 6.40034e-006
0.01 0.000309385 1.00548e-005
0.011 0.000484801 1.52648e-005
0.012 0.00073138 2.25405e-005
0.013 0.00106833 3.253e-005
0.014 0.00151776 4.605e-005
0.015 0.00210476 6.41212e-005
0.016 0.00285746 8.80074e-005
0.017 0.00380705 0.00011926
0.018 0.00498782 0.000159768
0.019 0.00643705 0.000211806
0.02 0.00819502 0.000278098
0.021 0.0103048 0.000361873
0.022 0.0128124 0.000466931
0.023 0.015766 0.000597714
0.024 0.0192165 0.000759372
0.025 0.0232167 0.000957837
0.026 0.0278215 0.0011999
0.027 0.033087 0.0014933
0.028 0.039071 0.00184676
0.029 0.0458318 0.00227012
0.03 0.0534285 0.00277438
0.031 0.0619203 0.00337177
0.032 0.0713659 0.00407584
0.033 0.0818237 0.00490155
0.034 0.0933505 0.00586527
0.035 0.106002 0.00698493
0.036 0.119831 0.00828
0.037 0.134889 0.00977158
0.038 0.151223 0.0114824
0.039 0.168878 0.0134371
0.04 0.187893 0.0156616
0.041 0.208305 0.0181841
0.042 0.230144 0.0210342
0.043 0.253435 0.0242433
0.044 0.278199 0.0278446
0.045 0.304448 0.0318731
0.046 0.332189 0.0363652
0.047 0.361421 0.0413591
0.048 0.392137 0.0468945
0.049 0.424321 0.0530125
0.05 0.45795 0.0597557
0.051 0.492991 0.0671677
0.052 0.529405 0.0752935
0.053 0.567143 0.0841788
0.054 0.606147 0.0938703
0.055 0.64635 0.104415
0.056 0.687678 0.115861
0.057 0.730047 0.128256
0.058 0.773363 0.141649
0.059 0.817525 0.156085
0.06 0.862422 0.171614
0.061 0.907937 0.188282
0.062 0.953943 0.206133
0.063 1.00031 0.225213
0.064 1.04688 0.245564
0.065 1.09353 0.267227
0.066 1.14009 0.29024
0.067 1.1864 0.31464
0.068 1.23229 0.34046
0.069 1.2776 0.36773
0.07 1.32215 0.396477
0.071 1.36575 0.426724
0.072 1.40824 0.45849
0.073 1.44943 0.491789
0.074 1.48912 0.526631
0.075 1.52714 0.56302
0.076 1.56331 0.600956
0.077 1.59744 0.640432
0.078 1.62935 0.681436
0.079 1.65886 0.723949
0.08 1.6858 0.767947
0.081 1.71 0.813398
0.082 1.7313 0.860264
0.083 1.74955 0.908498
0.084 1.76459 0.958048
0.085 1.77629 1.00885
0.086 1.78452 1.06085
0.087 1.78916 1.11396
0.088 1.7901 1.1681
0.089 1.78725 1.22318
0.09 1.78051 1.2791
0.091 1.76983 1.33575
0.092 1.75514 1.39303
0.093 1.73641 1.45082
0.094 1.71361 1.50898
0.095 1.68672 1.56737
0.096 1.65575 1.62587
0.097 1.62073 1.68432
0.098 1.58169 1.74256
0.099 1.53869 1.80044
0.1 1.4918 1.85778
0.101 1.44112 1.91443
0.102 1.38674 1.97019
0.103 1.3288 2.02489
0.104 1.26744 2.07836
0.105 1.20281 2.13039
0.106 1.1351 2.1808
0.107 1.06448 2.2294
0.108 0.991176 2.27599
0.109 0.915401 2.32038
0.11 0.837393 2.36238
0.111 0.757402 2.40179
0.112 0.675693 2.43842
0.113 0.59254 2.47208
0.114 0.508229 2.50258
0.115 0.423057 2.52974
0.116 0.33733 2.55339
0.117 0.251362 2.57334
0.118 0.165473 2.58943
0.119 0.0799886 2.6015
0.12 -0.00475979 2.60939
0.121 -0.0884392 2.61296
0.122 -0.170715 2.61208
0.123 -0.251251 2.60662
0.124 -0.329715 2.59646
0.125 -0.405774 2.5815
0.126 -0.479101 2.56165
0.127 -0.549375 2.53683
0.128 -0.616281 2.50697
0.129 -0.679513 2.47203
0.13 -0.738775 2.43196
0.131 -0.79378 2.38674
0.132 -0.844259 2.33636
0.133 -0.889951 2.28084
0.134 -0.930615 2.2202
0.135 -0.966024 2.15449
0.136 -0.995971 2.08375
0.137 -1.02027 2.00807
0.138 -1.03874 1.92755
0.139 -1.05125 1.84228
0.14 -1.05767 1.75241
0.141 -1.05789 1.65806
0.142 -1.05184 1.55942
0.143 -1.03947 1.45665
0.144 -1.02074 1.34996
0.145 -0.995653 1.23955
0.146 -0.964239 1.12566
0.147 -0.926543 1.00852
0.148 -0.882645 0.88841
0.149 -0.832648 0.76559
0.15 -0.776683 0.640352
0.151 -0.714909 0.512998
0.152 -0.647509 0.383841
0.153 -0.574695 0.253207
0.154 -0.496701 0.121432
0.155 -0.413789 -0.0111391
0.156 -0.326245 -0.144151
0.157 -0.234377 -0.277241
0.158 -0.138517 -0.410041
0.159 -0.0390175 -0.542178
0.16 0.0637481 -0.673272
0.161 0.169387 -0.802943
0.162 0.27749 -0.930808
0.163 0.38763 -1.05648
0.164 0.499365 -1.17959
0.165 0.612241 -1.29974
0.166 0.725793 -1.41657
0.167 0.839543 -1.5297
0.168 0.953009 -1.63877
0.169 1.0657 -1.74342
0.17 1.17712 -1.8433
0.171 1.28678 -1.93808
0.172 1.39418 -2.02743
0.173 1.49882 -2.11104
0.174 1.60022 -2.18861
0.175 1.69789 -2.25987
0.176 1.79135 -2.32453
0.177 1.88013 -2.38237
0.178 1.9638 -2.43315
0.179 2.04189 -2.47667
0.18 2.11399 -2.51274
0.181 2.1797 -2.54119
0.182 2.23862 -2.56189
0.183 2.2904 -2.57472
0.184 2.33468 -2.5796
0.185 2.37117 -2.57644
0.186 2.39956 -2.56523
0.187 2.4196 -2.54593
0.188 2.43106 -2.51858
0.189 2.43373 -2.4832
0.19 2.42746 -2.43987
0.191 2.41209 -2.38868
0.192 2.38755 -2.32975
0.193 2.35375 -2.26324
0.194 2.31067 -2.18933
0.195 2.25831 -2.10821
0.196 2.19673 -2.02013
0.197 2.12599 -1.92534
0.198 2.04622 -1.82412
0.199 1.95757 -1.71678
0.2 1.86023 -1.60365
0.201 1.75442 -1.48509
0.202 1.64041 -1.36148
0.203 1.51849 -1.2332
0.204 1.38901 -1.10068
0.205 1.25231 -0.964364
0.206 1.1088 -0.824691
0.207 0.958916 -0.682137
0.208 0.803104 -0.537182
0.209 0.641853 -0.390324
0.21 0.475677 -0.24207
0.211 0.305113 -0.0929347
0.212 0.130721 0.0565571
0.213 -0.0469192 0.205876
0.214 -0.227207 0.354488
0.215 -0.409527 0.501857
0.216 -0.593249 0.647448
0.217 -0.777731 0.790727
0.218 -0.962321 0.931161
0.219 -1.14636 1.06823
0.22 -1.32919 1.2014
0.221 -1.51014 1.33019
0.222 -1.68855 1.45408
0.223 -1.86376 1.57259
0.224 -2.03512 1.68526
0.225 -2.20198 1.79162
0.226 -2.3637 1.89126
0.227 -2.51967 1.98374
0.228 -2.66929 2.06869
0.229 -2.81197 2.14573
0.23 -2.94714 2.21452
0.231 -3.07428 2.27475
0.232 -3.19287 2.32611
0.233 -3.30242 2.36836
0.234 -3.40249 2.40126
0.235 -3.49264 2.42461
0.236 -3.57251 2.43825
0.237 -3.64174 2.44204
0.238 -3.70002 2.43588
0.239 -3.74708 2.4197
0.24 -3.78268 2.39348
0.241 -3.80665 2.35722
0.242 -3.81884 2.31096
0.243 -3.81915 2.25477
0.244 -3.80753 2.18876
0.245 -3.78396 2.11308
0.246 -3.74848 2.02791
0.247 -3.70117 1.93346
0.248 -3.64218 1.82999
0.249 -3.57166 1.71777
0.25 -3.48983 1.59712
0.251 -3.39698 1.46839
0.252 -3.29339 1.33196
0.253 -3.17943 1.18823
0.254 -3.05549 1.03763
0.255 -2.92201 0.880626
0.256 -2.77945 0.717707
0.257 -2.62834 0.54938
0.258 -2.46922 0.376178
0.259 -2.30268 0.198652
0.26 -2.12932 0.0173707
0.261 -1.9498 -0.167079
0.262 -1.76477 -0.354098
0.263 -1.57495 -0.543073
0.264 -1.38105 -0.733384
0.265 -1.1838 -0.924402
0.266 -0.983961 -1.11549
0.267 -0.782301 -1.30601
0.268 -0.579598 -1.49533
0.269 -0.376639 -1.6828
0.27 -0.174215 -1.8678
0.271 0.0268816 -2.0497
0.272 0.22586 -2.22787
0.273 0.421933 -2.40172
0.274 0.614323 -2.57064
0.275 0.802263 -2.73406
0.276 0.985001 -2.89141
0.277 1.1618 -3.04215
0.278 1.33194 -3.18576
0.279 1.49474 -3.32175
0.28 1.64953 -3.44963
0.281 1.79567 -3.56896
0.282 1.93256 -3.67933
0.283 2.05963 -3.78035
0.284 2.17633 -3.87167
0.285 2.28219 -3.95296
0.286 2.37674 -4.02395
0.287 2.45957 -4.08437
0.288 2.53032 -4.13402
0.289 2.58867 -4.17272
0.29 2.63436 -4.20034
0.291 2.66715 -4.21677
0.292 2.68688 -4.22196
0.293 2.69343 -4.21588
0.294 2.68673 -4.19856
0.295 2.66678 -4.17007
0.296 2.63362 -4.13049
0.297 2.58733 -4.07996
0.298 2.52806 -4.01868
0.299 2.45601 -3.94685
0.3 2.37145 -3.86473
0.301 2.27465 -3.7726
0.302 2.166 -3.6708
0.303 2.04587 -3.55969
0.304 1.91473 -3.43967
0.305 1.77308 -3.31115
0.306 1.62145 -3.17459
0.307 1.46043 -3.03048
0.308 1.29065 -2.87933
0.309 1.11276 -2.72168
0.31 0.927466 -2.55808
0.311 0.735499 -2.38911
0.312 0.537619 -2.21538
0.313 0.334614 -2.03749
0.314 0.127296 -1.85607
0.315 -0.083501 -1.67177
0.316 -0.296928 -1.48522
0.317 -0.512119 -1.29709
0.318 -0.728199 -1.10804
0.319 -0.944285 -0.918721
0.32 -1.15949 -0.729799
0.321 -1.37293 -0.541928
0.322 -1.58372 -0.355761
0.323 -1.79098 -0.171939
0.324 -1.99384 0.00890712
0.325 -2.19146 0.186158
0.326 -2.383 0.359212
0.327 -2.56765 0.527484
0.328 -2.74462 0.690411
0.329 -2.91314 0.847449
0.33 -3.07249 0.998081
0.331 -3.22198 1.14182
0.332 -3.36093 1.27819
0.333 -3.48873 1.40677
0.334 -3.6048 1.52716
0.335 -3.70862 1.63899
0.336 -3.79969 1.74192
0.337 -3.87757 1.83566
0.338 -3.9419 1.91995
0.339 -3.99232 1.99456
0.34 -4.02856 2.05932
0.341 -4.05041 2.11407
0.342 -4.0577 2.15871
0.343 -4.05032 2.19319
0.344 -4.02821 2.21747
0.345 -3.99141 2.23157
0.346 -3.93996 2.23556
0.347 -3.87401 2.22952
0.348 -3.79373 2.21361
0.349 -3.69938 2.18799
0.35 -3.59125 2.15287
0.351 -3.46971 2.10853
0.352 -3.33517 2.05523
0.353 -3.18809 1.99331
0.354 -3.029 1.92312
0.355 -2.85847 1.84506
0.356 -2.6771 1.75954
0.357 -2.48557 1.66701
0.358 -2.28458 1.56796
0.359 -2.07487 1.46287
0.36 -1.85723 1.35229
0.361 -1.63247 1.23675
0.362 -1.40144 1.11681
0.363 -1.16502 0.993059
0.364 -0.924099 0.866088
0.365 -0.679602 0.736503
0.366 -0.432466 0.604917
0.367 -0.183639 0.47195
0.368 0.065919 0.338226
0.369 0.315244 0.20437
0.37 0.563371 0.0710063
0.371 0.809335 -0.0612471
0.372 1.05218 -0.191777
0.373 1.29096 -0.319979
0.374 1.52474 -0.445263
0.375 1.75261 -0.567049
0.376 1.97368 -0.684778
0.377 2.18707 -0.797906
0.378 2.39195 -0.905913
0.379 2.58752 -1.0083
0.38 2.773 -1.1046
0.381 2.94766 -1.19436
0.382 3.11083 -1.27716
0.383 3.26184 -1.35263
0.384 3.40012 -1.42041
0.385 3.52512 -1.48018
0.386 3.63634 -1.53165
0.387 3.73335 -1.57459
0.388 3.81578 -1.60878
0.389 3.88329 -1.63405
0.39 3.93564 -1.65028
0.391 3.97262 -1.65736
0.392 3.99411 -1.65525
0.393 4.00001 -1.64393
0.394 3.99034 -1.62344
0.395 3.96514 -1.59385
0.396 3.92453 -1.55525
0.397 3.86869 -1.50782
0.398 3.79787 -1.45172
0.399 3.71238 -1.38718
0.4 3.61259 -1.31448
0.401 3.49891 -1.2339
0.402 3.37185 -1.14578
0.403 3.23194 -1.0505
0.404 3.07977 -0.948438
0.405 2.916 -0.840034
0.406 2.74132 -0.725745
0.407 2.55648 -0.606053
0.408 2.36226 -0.481466
0.409 2.15949 -0.352514
0.41 1.94904 -0.219748
0.411 1.73181 -0.0837355
0.412 1.50871 0.0549419
0.413 1.28072 0.195688
0.414 1.0488 0.337899
0.415 0.813951 0.48096
0.416 0.577184 0.624255
0.417 0.339519 0.767164
0.418 0.101983 0.909068
0.419 -0.134398 1.04935
0.42 -0.368596 1.1874
0.421 -0.599594 1.32262
0.422 -0.826382 1.45441
0.423 -1.04797 1.5822
0.424 -1.26338 1.70544
0.425 -1.47166 1.82356
0.426 -1.6719 1.93607
0.427 -1.8632 2.04246
0.428 -2.04469 2.14225
0.429 -2.21558 2.235
0.43 -2.37507 2.32031
0.431 -2.52245 2.39778
0.432 -2.65702 2.46707
0.433 -2.77817 2.52787
0.434 -2.88531 2.57989
0.435 -2.97792 2.6229
0.436 -3.05556 2.65669
0.437 -3.11782 2.6811
0.438 -3.16437 2.69602
0.439 -3.19493 2.70135
0.44 -3.20932 2.69708
0.441 -3.20738 2.68319
0.442 -3.18906 2.65975
0.443 -3.15436 2.62683
0.444 -3.10334 2.58456
0.445 -3.03615 2.53313
0.446 -2.95299 2.47274
0.447 -2.85414 2.40365
0.448 -2.73994 2.32615
0.449 -2.61079 2.24057
0.45 -2.46718 2.14728
0.451 -2.30962 2.04668
0.452 -2.13872 1.93922
0.453 -1.95512 1.82535
0.454 -1.75955 1.70558
0.455 -1.55275 1.58043
0.456 -1.33553 1.45046
0.457 -1.10877 1.31625
0.458 -0.873346 1.17839
0.459 -0.630212 1.0375
0.46 -0.380341 0.894208
0.461 -0.124743 0.749167
0.462 0.135546 0.603032
0.463 0.399465 0.456468
0.464 0.665934 0.310145
0.465 0.933856 0.164737
0.466 1.20213 0.0209144
0.467 1.46963 -0.120653
0.468 1.73526 -0.259304
0.469 1.9979 -0.394385
0.47 2.25644 -0.525256
0.471 2.5098 -0.65129
0.472 2.7569 -0.771879
0.473 2.99668 -0.886436
0.474 3.22813 -0.994395
0.475 3.45023 -1.09522
0.476 3.66204 -1.18839
0.477 3.86261 -1.27344
0.478 4.05107 -1.34991
0.479 4.22658 -1.4174
0.48 4.38835 -1.47551
0.481 4.53565 -1.52393
0.482 4.6678 -1.56234
0.483 4.78417 -1.59049
0.484 4.88421 -1.60817
0.485 4.96743 -1.61521
0.486 5.03339 -1.61148
0.487 5.08175 -1.59691
0.488 5.11221 -1.57147
0.489 5.12455 -1.53518
0.49 5.11863 -1.48808
0.491 5.09439 -1.4303
0.492 5.05183 -1.362
0.493 4.99102 -1.28337
0.494 4.91212 -1.19467
0.495 4.81536 -1.09619
0.496 4.70104 -0.988276
0.497 4.56953 -0.871307
0.498 4.42128 -0.745711
0.499 4.25681 -0.611952
0.5 4.07668 -0.470537
0.501 3.88156 -0.322006
0.502 3.67215 -0.166937
0.503 3.44922 -0.00593856
0.504 3.21361 0.160349
0.505 2.96619 0.331258
0.506 2.7079 0.506094
0.507 2.43971 0.684143
0.508 2.16267 0.864668
0.509 1.87782 1.04692
0.51 1.58626 1.23012
0.511 1.28914 1.41351
0.512 0.987595 1.59628
0.513 0.682812 1.77767
0.514 0.375984 1.95686
0.515 0.0683175 2.13308
0.516 -0.238974 2.30554
0.517 -0.544674 2.47346
0.518 -0.847569 2.63608
0.519 -1.14645 2.79265
0.52 -1.44013 2.94243
0.521 -1.72743 3.08473
0.522 -2.0072 3.21885
0.523 -2.27831 3.34413
0.524 -2.53966 3.45995
0.525 -2.7902 3.5657
0.526 -3.0289 3.66083
0.527 -3.2548 3.74482
0.528 -3.46697 3.81717
0.529 -3.66454 3.87746
0.53 -3.8467 3.92528
0.531 -4.01269 3.96028
0.532 -4.16182 3.98216
0.533 -4.29347 3.99068
0.534 -4.40707 3.98562
0.535 -4.50216 3.96684
0.536 -4.57831 3.93425
0.537 -4.63519 3.88779
0.538 -4.67255 3.82749
0.539 -4.69021 3.7534
0.54 -4.68807 3.66565
0.541 -4.6661 3.56441
0.542 -4.62438 3.44992
0.543 -4.56304 3.32244
0.544 -4.4823 3.18232
0.545 -4.38247 3.02995
0.546 -4.26392 2.86576
0.547 -4.12712 2.69023
0.548 -3.97259 2.5039
0.549 -3.80094 2.30735
0.55 -3.61284 2.10119
0.551 -3.40905 1.8861
0.552 -3.19038 1.66278
0.553 -2.95769 1.43195
0.554 -2.71193 1.1944
0.555 -2.45408 0.950922
0.556 -2.18518 0.702352
0.557 -1.90633 0.449543
0.558 -1.61865 0.193371
0.559 -1.32332 -0.0652701
0.56 -1.02155 -0.32547
0.561 -0.714565 -0.58631
0.562 -0.403636 -0.846862
0.563 -0.0900411 -1.10619
0.564 0.224925 -1.36337
0.565 0.539958 -1.61747
0.566 0.853748 -1.86756
0.567 1.16499 -2.11273
0.568 1.47238 -2.35209
0.569 1.77462 -2.58476
0.57 2.07046 -2.80987
0.571 2.35863 -3.02659
0.572 2.63791 -3.23412
0.573 2.90711 -3.43168
0.574 3.16509 -3.61852
0.575 3.41072 -3.79395
0.576 3.64294 -3.95729
0.577 3.86075 -4.10793
0.578 4.06317 -4.2453
0.579 4.24931 -4.36886
0.58 4.41834 -4.47814
0.581 4.56949 -4.57271
0.582 4.70205 -4.65219
0.583 4.8154 -4.71629
0.584 4.90899 -4.76473
0.585 4.98234 -4.79731
0.586 5.03507 -4.8139
0.587 5.06686 -4.81441
0.588 5.07748 -4.79883
0.589 5.06679 -4.76719
0.59 5.03473 -4.71959
0.591 4.98134 -4.65619
0.592 4.90672 -4.57723
0.593 4.81108 -4.48297
0.594 4.6947 -4.37376
0.595 4.55795 -4.25
0.596 4.40127 -4.11214
0.597 4.22522 -3.96069
0.598 4.03038 -3.79621
0.599 3.81747 -3.6193
0.6 3.58723 -3.43064
0.601 3.34051 -3.23093
0.602 3.0782 -3.02091
0.603 2.80129 -2.80138
0.604 2.51079 -2.57317
0.605 2.20779 -2.33713
0.606 1.89343 -2.09417
0.607 1.56891 -1.8452
0.608 1.23545 -1.59117
0.609 0.894325 -1.33305
0.61 0.546839 -1.07182
0.611 0.194324 -0.808489
0.612 -0.16186 -0.544053
0.613 -0.52034 -0.279529
0.614 -0.879726 -0.0159334
0.615 -1.23863 0.245721
0.616 -1.59564 0.504428
0.617 -1.94938 0.759188
0.618 -2.29846 1.00902
0.619 -2.64151 1.25296
0.62 -2.97719 1.49005
0.621 -3.30418 1.71939
0.622 -3.62119 1.94008
0.623 -3.92696 2.15126
0.624 -4.22029 2.35211
0.625 -4.50001 2.54184
0.626 -4.76501 2.71972
0.627 -5.01423 2.88504
0.628 -5.24668 3.03715
0.629 -5.46144 3.17546
0.63 -5.65762 3.29942
0.631 -5.83445 3.40853
0.632 -5.99122 3.50236
0.633 -6.12727 3.58053
0.634 -6.24206 3.64272
0.635 -6.33511 3.68869
0.636 -6.40604 3.71822
0.637 -6.45454 3.73121
0.638 -6.4804 3.72756
0.639 -6.4835 3.7073
0.64 -6.4638 3.67047
0.641 -6.42137 3.6172
0.642 -6.35634 3.54769
0.643 -6.26896 3.46217
0.644 -6.15956 3.36098
0.645 -6.02853 3.24447
0.646 -5.87639 3.1131
0.647 -5.70371 2.96734
0.648 -5.51117 2.80775
0.649 -5.2995 2.63492
0.65 -5.06953 2.44952
0.651 -4.82216 2.25224
0.652 -4.55834 2.04384
0.653 -4.27912 1.82509
0.654 -3.98557 1.59685
0.655 -3.67886 1.35996
0.656 -3.36019 1.11535
0.657 -3.0308 0.863936
0.658 -2.69201 0.606684
0.659 -2.34513 0.344576
0.66 -1.99154 0.0786137
0.661 -1.63264 -0.190186
0.662 -1.26983 -0.460794
0.663 -0.904554 -0.732176
0.664 -0.538256 -1.00329
0.665 -0.172383 -1.27311
0.666 0.191616 -1.54059
0.667 0.552302 -1.80471
0.668 0.908245 -2.06446
0.669 1.25804 -2.31884
0.67 1.60029 -2.56689
0.671 1.93365 -2.80765
0.672 2.2568 -3.0402
0.673 2.56845 -3.26366
0.674 2.86737 -3.47717
0.675 3.15237 -3.67992
0.676 3.42233 -3.87113
0.677 3.67618 -4.05008
0.678 3.91292 -4.21609
0.679 4.1316 -4.36852
0.68 4.33137 -4.50681
0.681 4.51143 -4.63042
0.682 4.67109 -4.7389
0.683 4.8097 -4.83183
0.684 4.92675 -4.90887
0.685 5.02175 -4.96974
0.686 5.09436 -5.01422
0.687 5.1443 -5.04215
0.688 5.17138 -5.05343
0.689 5.17551 -5.04804
0.69 5.1567 -5.02601
0.691 5.11503 -4.98744
0.692 5.0507 -4.9325
0.693 4.96398 -4.86142
0.694 4.85524 -4.77447
0.695 4.72494 -4.67202
0.696 4.57363 -4.55448
0.697 4.40195 -4.4223
0.698 4.2106 -4.27602
0.699 4.00038 -4.11622
0.7 3.77216 -3.94352
0.701 3.52689 -3.7586
0.702 3.26559 -3.5622
0.703 2.98934 -3.35506
0.704 2.69927 -3.13801
0.705 2.3966 -2.91189
0.706 2.08256 -2.67758
0.707 1.75847 -2.43599
0.708 1.42565 -2.18805
0.709 1.0855 -1.93472
0.71 0.739404 -1.67698
0.711 0.388808 -1.41581
0.712 0.0351614 -1.15223
0.713 -0.32007 -0.887243
0.714 -0.675414 -0.621855
0.715 -1.02939 -0.35708
0.716 -1.38054 -0.0939247
0.717 -1.7274 0.166616
0.718 -2.06851 0.423559
0.719 -2.40247 0.675938
0.72 -2.72788 0.92281
0.721 -3.04337 1.16325
0.722 -3.34764 1.39638
0.723 -3.63939 1.62133
0.724 -3.9174 1.83727
0.725 -4.18051 2.04343
0.726 -4.4276 2.23906
0.727 -4.65762 2.42347
0.728 -4.86959 2.59599
0.729 -5.0626 2.75603
0.73 -5.23583 2.90305
0.731 -5.38852 3.03655
0.732 -5.52 3.15608
0.733 -5.62968 3.26128
0.734 -5.71708 3.35182
0.735 -5.78179 3.42745
0.736 -5.82349 3.48796
0.737 -5.84197 3.53322
0.738 -5.83709 3.56316
0.739 -5.80882 3.57778
0.74 -5.75724 3.57712
0.741 -5.68248 3.56131
0.742 -5.58481 3.53052
0.743 -5.46458 3.48499
0.744 -5.32221 3.42502
0.745 -5.15823 3.35098
0.746 -4.97326 3.26329
0.747 -4.768 3.1624
0.748 -4.54323 3.04886
0.749 -4.29982 2.92323
0.75 -4.0387 2.78614
0.751 -3.76088 2.63827
0.752 -3.46745 2.48034
0.753 -3.15955 2.31308
0.754 -2.83838 2.13731
0.755 -2.50521 1.95385
0.756 -2.16133 1.76355
0.757 -1.80811 1.56729
0.758 -1.44693 1.36599
0.759 -1.07922 1.16058
0.76 -0.706433 0.95198
0.761 -0.330039 0.741159
0.762 0.0484699 0.529073
0.763 0.427595 0.316686
0.764 0.805834 0.104962
0.765 1.18169 -0.105141
0.766 1.55366 -0.312672
0.767 1.92028 -0.516695
0.768 2.28008 -0.716287
0.769 2.63165 -0.910548
0.77 2.97358 -1.0986
0.771 3.30451 -1.2796
0.772 3.62313 -1.45272
0.773 3.92817 -1.61718
0.774 4.21841 -1.77223
0.775 4.49272 -1.91718
0.776 4.75 -2.05136
0.777 4.98922 -2.17415
0.778 5.20944 -2.285
0.779 5.4098 -2.38339
0.78 5.58949 -2.46885
0.781 5.74782 -2.54099
0.782 5.88415 -2.59946
0.783 5.99796 -2.64397
0.784 6.08881 -2.6743
0.785 6.15635 -2.69027
0.786 6.20032 -2.69179
0.787 6.22057 -2.6788
0.788 6.21704 -2.65134
0.789 6.18975 -2.60948
0.79 6.13885 -2.55336
0.791 6.06455 -2.4832
0.792 5.96719 -2.39925
0.793 5.84717 -2.30185
0.794 5.70501 -2.19137
0.795 5.5413 -2.06826
0.796 5.35674 -1.93301
0.797 5.15209 -1.78616
0.798 4.92821 -1.62833
0.799 4.68603 -1.46014
0.8 4.42656 -1.2823
0.801 4.15087 -1.09554
0.802 3.86013 -0.900621
0.803 3.55552 -0.698364
0.804 3.23832 -0.489607
0.805 2.90983 -0.275222
0.806 2.57143 -0.0561055
0.807 2.22452 0.166823
0.808 1.87054 0.392628
0.809 1.51095 0.620357
0.81 1.14725 0.849049
0.811 0.78094 1.07774
0.812 0.413552 1.30545
0.813 0.0466079 1.53122
0.814 -0.318367 1.75409
0.815 -0.679856 1.9731
0.816 -1.03635 2.18731
0.817 -1.38638 2.39582
0.818 -1.72846 2.59771
0.819 -2.06119 2.79211
0.82 -2.38317 2.97819
0.821 -2.69304 3.15513
0.822 -2.98953 3.32215
0.823 -3.27137 3.47853
0.824 -3.5374 3.62357
0.825 -3.78648 3.75663
0.826 -4.01757 3.8771
0.827 -4.22969 3.98445
0.828 -4.42193 4.07817
0.829 -4.59349 4.15784
0.83 -4.74361 4.22307
0.831 -4.87166 4.27354
0.832 -4.97708 4.30899
0.833 -5.0594 4.32923
0.834 -5.11825 4.33412
0.835 -5.15336 4.32358
0.836 -5.16455 4.29762
0.837 -5.15173 4.25628
0.838 -5.11494 4.19969
0.839 -5.05429 4.12804
0.84 -4.96998 4.04156
0.841 -4.86235 3.94058
0.842 -4.7318 3.82546
0.843 -4.57883 3.69663
0.844 -4.40404 3.55457
0.845 -4.20812 3.39985
0.846 -3.99184 3.23304
0.847 -3.75607 3.05481
0.848 -3.50175 2.86585
0.849 -3.2299 2.66691
0.85 -2.94161 2.45877
0.851 -2.63804 2.24227
0.852 -2.32042 2.01826
0.853 -1.99003 1.78766
0.854 -1.64822 1.55138
0.855 -1.29637 1.31038
0.856 -0.935918 1.06564
0.857 -0.568333 0.818152
0.858 -0.195117 0.568922
0.859 0.182203 0.318972
0.86 0.562081 0.0693233
0.861 0.942957 -0.178997
0.862 1.32326 -0.424967
0.863 1.70143 -0.66757
0.864 2.07591 -0.905802
0.865 2.44513 -1.13867
0.866 2.80759 -1.36521
0.867 3.16175 -1.58448
0.868 3.50617 -1.79554
0.869 3.83939 -1.99752
0.87 4.16002 -2.18956
0.871 4.46672 -2.37085
0.872 4.75819 -2.54061
0.873 5.03321 -2.69812
0.874 5.2906 -2.84269
0.875 5.52926 -2.97371
0.876 5.74818 -3.09059
0.877 5.9464 -3.19282
0.878 6.12306 -3.27993
0.879 6.27738 -3.35154
0.88 6.40867 -3.4073
0.881 6.51634 -3.44694
0.882 6.59988 -3.47027
0.883 6.65888 -3.47713
0.884 6.69303 -3.46745
0.885 6.70212 -3.44124
0.886 6.68605 -3.39854
0.887 6.64481 -3.3395
0.888 6.57849 -3.26431
0.889 6.48729 -3.17324
0.89 6.3715 -3.06662
0.891 6.23151 -2.94483
0.892 6.06782 -2.80835
0.893 5.88102 -2.65769
0.894 5.6718 -2.49342
0.895 5.44091 -2.3162
0.896 5.18923 -2.12671
0.897 4.9177 -1.9257
0.898 4.62734 -1.71396
0.899 4.31927 -1.49233
0.9 3.99465 -1.26169
0.901 3.65474 -1.02298
0.902 3.30084 -0.777154
0.903 2.93431 -0.525201
0.904 2.55658 -0.268144
0.905 2.1691 -0.00702952
0.906 1.77339 0.257076
0.907 1.37098 0.523091
0.908 0.963435 0.78992
0.909 0.552353 1.05646
0.91 0.139339 1.32162
0.911 -0.273991 1.58427
0.912 -0.686018 1.84334
0.913 -1.09513 2.09773
0.914 -1.49971 2.34636
0.915 -1.89818 2.58819
0.916 -2.28897 2.82219
0.917 -2.67054 3.04735
0.918 -3.04139 3.2627
0.919 -3.40007 3.46731
0.92 -3.74515 3.66027
0.921 -4.07528 3.84075
0.922 -4.38915 4.00792
0.923 -4.68554 4.16103
0.924 -4.96327 4.29938
0.925 -5.22125 4.42232
0.926 -5.45846 4.52926
0.927 -5.67397 4.61967
0.928 -5.86693 4.69308
0.929 -6.03658 4.74911
0.93 -6.18226 4.7874
0.931 -6.30339 4.80771
0.932 -6.39952 4.80984
0.933 -6.47026 4.79366
0.934 -6.51534 4.75912
0.935 -6.5346 4.70625
0.936 -6.52797 4.63513
0.937 -6.49549 4.54593
0.938 -6.43731 4.43888
0.939 -6.35367 4.3143
0.94 -6.24492 4.17255
0.941 -6.11151 4.01407
0.942 -5.95398 3.83939
0.943 -5.77299 3.64907
0.944 -5.56927 3.44375
0.945 -5.34365 3.22413
0.946 -5.09706 2.99097
0.947 -4.8305 2.74506
0.948 -4.54505 2.48728
0.949 -4.24188 2.21853
0.95 -3.92222 1.93978
0.951 -3.58737 1.652
0.952 -3.23869 1.35624
0.953 -2.8776 1.05357
0.954 -2.50557 0.745081
0.955 -2.12412 0.431891
0.956 -1.7348 0.115144
0.957 -1.33918 -0.204002
0.958 -0.938896 -0.524376
0.959 -0.535562 -0.844801
0.96 -0.130826 -1.1641
0.961 0.27366 -1.48109
0.962 0.676246 -1.7946
0.963 1.07529 -2.10347
0.964 1.46916 -2.40657
0.965 1.85624 -2.70275
0.966 2.23495 -2.99093
0.967 2.60374 -3.27003
0.968 2.9611 -3.53902
0.969 3.30555 -3.79689
0.97 3.63569 -4.04269
0.971 3.95015 -4.2755
0.972 4.24763 -4.49445
0.973 4.52691 -4.69873
0.974 4.78682 -4.88759
0.975 5.02629 -5.06032
0.976 5.24431 -5.21629
0.977 5.43998 -5.35491
0.978 5.61246 -5.47568
0.979 5.76103 -5.57816
0.98 5.88505 -5.66197
0.981 5.98398 -5.72682
0.982 6.05739 -5.77246
0.983 6.10494 -5.79876
0.984 6.12639 -5.80562
0.985 6.12163 -5.79305
0.986 6.09062 -5.7611
0.987 6.03346 -5.70991
0.988 5.95032 -5.63972
0.989 5.84152 -5.55079
0.99 5.70743 -5.44349
0.991 5.54856 -5.31826
0.992 5.36551 -5.17558
0.993 5.15897 -5.01604
0.994 4.92973 -4.84024
0.995 4.67867 -4.6489
0.996 4.40676 -4.44275
0.997 4.11506 -4.22261
0.998 3.80469 -3.98934
0.999 3.47688 -3.74386
1 3.13289 -3.48711
