0.001 3.40142e-008 2.5774e-009
0.002 3.09848e-007 2.06986e-008
0.003 1.46133e-006 8.58893e-008
0.004 4.84234e-006 2.52029e-007
0.005 1.28177e-005 5.97785e-007
0.006 2.90439e-005 1.2307e-006
0.007 5.87377e-005 2.29335e-006
0.008 0.000108929 3.9721e-006
0.009 0.000188697 6.50858e-006
0.01 0.000309386 1.02146e-005
0.011 0.0004848 1.54905e-005
0.012 0.000731376 2.28472e-005
0.013 0.00106832 3.29326e-005
0.014 0.00151775 4.65622e-005
0.015 0.00210473 6.47534e-005
0.016 0.00285741 8.87652e-005
0.017 0.00380698 0.000120141
0.018 0.00498771 0.000160759
0.019 0.0064369 0.000212881
0.02 0.0081948 0.000279211
0.021 0.0103045 0.000362955
0.022 0.0128119 0.000467886
0.023 0.0157654 0.00059841
0.024 0.0192157 0.000759636
0.025 0.0232158 0.000957448
0.026 0.0278203 0.00119858
0.027 0.0330855 0.0014907
0.028 0.0390691 0.00184247
0.029 0.0458295 0.00226363
0.03 0.0534256 0.00276508
0.031 0.0619167 0.00335896
0.032 0.0713616 0.00405869
0.033 0.0818185 0.00487909
0.034 0.0933443 0.00583641
0.035 0.105994 0.00694838
0.036 0.119822 0.00823433
0.037 0.134878 0.00971516
0.038 0.151211 0.0114134
0.039 0.168863 0.0133534
0.04 0.187876 0.0155611
0.041 0.208285 0.0180641
0.042 0.230121 0.0208919
0.043 0.253409 0.0240758
0.044 0.278169 0.0276485
0.045 0.304414 0.0316446
0.046 0.332149 0.0361005
0.047 0.361376 0.0410538
0.048 0.392086 0.0465441
0.049 0.424263 0.052612
0.05 0.457884 0.0592998
0.051 0.492917 0.0666507
0.052 0.529322 0.0747094
0.053 0.567049 0.0835213
0.054 0.606041 0.0931326
0.055 0.646232 0.10359
0.056 0.687546 0.114941
0.057 0.7299 0.127234
0.058 0.773199 0.140516
0.059 0.817342 0.154833
0.06 0.86222 0.170234
0.061 0.907713 0.186765
0.062 0.953696 0.20447
0.063 1.00003 0.223394
0.064 1.04658 0.243579
0.065 1.0932 0.265066
0.066 1.13972 0.287894
0.067 1.186 0.312098
0.068 1.23185 0.337711
0.069 1.27712 0.364765
0.07 1.32162 0.393285
0.071 1.36518 0.423294
0.072 1.40762 0.454812
0.073 1.44875 0.487853
0.074 1.48839 0.522427
0.075 1.52635 0.558538
0.076 1.56245 0.596188
0.077 1.5965 0.635368
0.078 1.62834 0.676068
0.079 1.65777 0.71827
0.08 1.68462 0.761948
0.081 1.70874 0.807073
0.082 1.72994 0.853607
0.083 1.74809 0.901504
0.084 1.76303 0.950713
0.085 1.77462 1.00117
0.086 1.78273 1.05282
0.087 1.78725 1.10558
0.088 1.78806 1.15937
0.089 1.78507 1.21411
0.09 1.7782 1.26968
0.091 1.76737 1.326
0.092 1.75253 1.38294
0.093 1.73363 1.4404
0.094 1.71066 1.49823
0.095 1.6836 1.55632
0.096 1.65246 1.61452
0.097 1.61726 1.67267
0.098 1.57803 1.73064
0.099 1.53484 1.78826
0.1 1.48775 1.84537
0.101 1.43686 1.90179
0.102 1.38228 1.95736
0.103 1.32412 2.01189
0.104 1.26254 2.0652
0.105 1.19769 2.1171
0.106 1.12974 2.16742
0.107 1.0589 2.21595
0.108 0.98536 2.2625
0.109 0.909349 2.30689
0.11 0.831104 2.34892
0.111 0.750875 2.3884
0.112 0.668926 2.42513
0.113 0.585534 2.45893
0.114 0.500984 2.48962
0.115 0.415575 2.51701
0.116 0.329614 2.54091
0.117 0.243413 2.56117
0.118 0.157296 2.57761
0.119 0.0715887 2.59007
0.12 -0.0133775 2.59841
0.121 -0.0972683 2.60246
0.122 -0.179748 2.60211
0.123 -0.26048 2.59722
0.124 -0.339129 2.58768
0.125 -0.415364 2.57339
0.126 -0.488855 2.55425
0.127 -0.559281 2.53018
0.128 -0.626325 2.50112
0.129 -0.689679 2.46701
0.13 -0.749048 2.42781
0.131 -0.804144 2.38351
0.132 -0.854695 2.33409
0.133 -0.90044 2.27956
0.134 -0.941137 2.21995
0.135 -0.976558 2.15529
0.136 -1.00649 2.08564
0.137 -1.03076 2.01108
0.138 -1.04917 1.9317
0.139 -1.0616 1.84759
0.14 -1.06791 1.7589
0.141 -1.06799 1.66576
0.142 -1.06178 1.56832
0.143 -1.04921 1.46678
0.144 -1.03026 1.36131
0.145 -1.00493 1.25213
0.146 -0.97323 1.13947
0.147 -0.935222 1.02356
0.148 -0.890979 0.904661
0.149 -0.840606 0.783043
0.15 -0.784234 0.65899
0.151 -0.72202 0.532799
0.152 -0.654148 0.404781
0.153 -0.58083 0.275255
0.154 -0.5023 0.144556
0.155 -0.418821 0.0130226
0.156 -0.330678 -0.118993
0.157 -0.238181 -0.251133
0.158 -0.141661 -0.383034
0.159 -0.0414725 -0.514324
0.16 0.0620111 -0.64463
0.161 0.168396 -0.773574
0.162 0.277271 -0.900778
0.163 0.388209 -1.02586
0.164 0.500766 -1.14845
0.165 0.614487 -1.26815
0.166 0.728904 -1.38461
0.167 0.84354 -1.49746
0.168 0.95791 -1.60632
0.169 1.07152 -1.71085
0.17 1.18388 -1.8107
0.171 1.29448 -1.90554
0.172 1.40283 -1.99504
0.173 1.50844 -2.07889
0.174 1.61081 -2.1568
0.175 1.70944 -2.22848
0.176 1.80387 -2.29367
0.177 1.89363 -2.35212
0.178 1.97825 -2.40361
0.179 2.0573 -2.44793
0.18 2.13035 -2.48489
0.181 2.19699 -2.51433
0.182 2.25682 -2.5361
0.183 2.3095 -2.55009
0.184 2.35466 -2.55621
0.185 2.39199 -2.55438
0.186 2.4212 -2.54457
0.187 2.44203 -2.52675
0.188 2.45425 -2.50094
0.189 2.45764 -2.46718
0.19 2.45204 -2.42553
0.191 2.43732 -2.37607
0.192 2.41337 -2.31894
0.193 2.38012 -2.25427
0.194 2.33753 -2.18223
0.195 2.28563 -2.10304
0.196 2.22443 -2.0169
0.197 2.15403 -1.92408
0.198 2.07454 -1.82485
0.199 1.9861 -1.71951
0.2 1.88891 -1.60839
0.201 1.7832 -1.49183
0.202 1.66922 -1.37021
0.203 1.54726 -1.24392
0.204 1.41767 -1.11336
0.205 1.2808 -0.978961
0.206 1.13706 -0.841178
0.207 0.986862 -0.700467
0.208 0.830672 -0.557306
0.209 0.668975 -0.412184
0.21 0.502285 -0.265599
0.211 0.331138 -0.118062
0.212 0.156096 0.0299097
0.213 -0.0222597 0.177793
0.214 -0.203328 0.325062
0.215 -0.386492 0.471184
0.216 -0.57112 0.615631
0.217 -0.756568 0.757873
0.218 -0.942181 0.897384
0.219 -1.1273 1.03364
0.22 -1.31126 1.16614
0.221 -1.49339 1.29437
0.222 -1.67303 1.41783
0.223 -1.84952 1.53605
0.224 -2.02219 1.64856
0.225 -2.19039 1.75492
0.226 -2.3535 1.85467
0.227 -2.51089 1.94743
0.228 -2.66194 2.03279
0.229 -2.80607 2.11038
0.23 -2.94272 2.17987
0.231 -3.07135 2.24093
0.232 -3.19143 2.29328
0.233 -3.30247 2.33665
0.234 -3.40403 2.37081
0.235 -3.49568 2.39556
0.236 -3.57702 2.41073
0.237 -3.6477 2.41619
0.238 -3.70742 2.41181
0.239 -3.75588 2.39755
0.24 -3.79287 2.37335
0.241 -3.81818 2.33923
0.242 -3.83167 2.2952
0.243 -3.83323 2.24135
0.244 -3.82281 2.17777
0.245 -3.80038 2.1046
0.246 -3.76599 2.02202
0.247 -3.71972 1.93023
0.248 -3.66168 1.82948
0.249 -3.59204 1.72003
0.25 -3.51103 1.6022
0.251 -3.41891 1.47631
0.252 -3.31598 1.34275
0.253 -3.20259 1.2019
0.254 -3.07913 1.05419
0.255 -2.94604 0.900077
0.256 -2.80378 0.74003
0.257 -2.65288 0.574551
0.258 -2.49388 0.404162
0.259 -2.32735 0.229405
0.26 -2.15391 0.0508387
0.261 -1.97421 -0.13096
0.262 -1.78891 -0.315401
0.263 -1.59872 -0.501881
0.264 -1.40435 -0.689789
0.265 -1.20654 -0.878505
0.266 -1.00605 -1.0674
0.267 -0.803642 -1.25585
0.268 -0.600101 -1.44322
0.269 -0.396216 -1.62888
0.27 -0.19278 -1.81221
0.271 0.00941111 -1.99259
0.272 0.209562 -2.16939
0.273 0.406884 -2.34203
0.274 0.600595 -2.50992
0.275 0.789922 -2.67247
0.276 0.974109 -2.82913
0.277 1.15242 -2.97936
0.278 1.32412 -3.12264
0.279 1.48853 -3.25848
0.28 1.64497 -3.38641
0.281 1.79279 -3.50598
0.282 1.93139 -3.61677
0.283 2.0602 -3.71841
0.284 2.17866 -3.81053
0.285 2.28628 -3.89282
0.286 2.3826 -3.96499
0.287 2.4672 -4.02678
0.288 2.53972 -4.07798
0.289 2.59981 -4.11841
0.29 2.64722 -4.14792
0.291 2.6817 -4.16642
0.292 2.70309 -4.17384
0.293 2.71126 -4.17016
0.294 2.70613 -4.15538
0.295 2.68769 -4.12956
0.296 2.65598 -4.0928
0.297 2.61107 -4.04522
0.298 2.55312 -3.987
0.299 2.48231 -3.91834
0.3 2.39889 -3.83949
0.301 2.30316 -3.75072
0.302 2.19546 -3.65237
0.303 2.07621 -3.54477
0.304 1.94584 -3.42831
0.305 1.80484 -3.3034
0.306 1.65376 -3.1705
0.307 1.49318 -3.03007
0.308 1.32371 -2.88261
0.309 1.14603 -2.72865
0.31 0.960819 -2.56873
0.311 0.768814 -2.40342
0.312 0.570773 -2.23332
0.313 0.367485 -2.05901
0.314 0.159762 -1.88112
0.315 -0.0515641 -1.70028
0.316 -0.265641 -1.51712
0.317 -0.481603 -1.33229
0.318 -0.698572 -1.14643
0.319 -0.915663 -0.960202
0.32 -1.13199 -0.774253
0.321 -1.34666 -0.589228
0.322 -1.55878 -0.405772
0.323 -1.76748 -0.224516
0.324 -1.97189 -0.0460858
0.325 -2.17114 0.128909
0.326 -2.3644 0.299871
0.327 -2.55086 0.466223
0.328 -2.72971 0.627406
0.329 -2.90018 0.782883
0.33 -3.06155 0.932139
0.331 -3.21311 1.07469
0.332 -3.35419 1.21007
0.333 -3.48416 1.33785
0.334 -3.60245 1.45764
0.335 -3.7085 1.56906
0.336 -3.80182 1.67178
0.337 -3.88198 1.76551
0.338 -3.94858 1.84998
0.339 -4.00127 1.92497
0.34 -4.03978 1.99029
0.341 -4.06387 2.04579
0.342 -4.07337 2.09137
0.343 -4.06816 2.12696
0.344 -4.0482 2.15253
0.345 -4.01348 2.1681
0.346 -3.96406 2.1737
0.347 -3.90006 2.16945
0.348 -3.82167 2.15545
0.349 -3.72913 2.13189
0.35 -3.62272 2.09898
0.351 -3.50281 2.05694
0.352 -3.36979 2.00608
0.353 -3.22414 1.94669
0.354 -3.06637 1.87913
0.355 -2.89703 1.80378
0.356 -2.71675 1.72104
0.357 -2.52617 1.63137
0.358 -2.32602 1.53521
0.359 -2.11701 1.43307
0.36 -1.89994 1.32546
0.361 -1.67562 1.21292
0.362 -1.44489 1.09598
0.363 -1.20864 0.975233
0.364 -0.967747 0.851252
0.365 -0.723146 0.724633
0.366 -0.47577 0.59598
0.367 -0.226569 0.465902
0.368 0.0234943 0.335014
0.369 0.273455 0.20393
0.37 0.522343 0.0732653
0.371 0.769193 -0.0563702
0.372 1.01304 -0.184372
0.373 1.25294 -0.310145
0.374 1.48795 -0.433106
0.375 1.71716 -0.552682
0.376 1.93966 -0.668321
0.377 2.15457 -0.779486
0.378 2.36107 -0.88566
0.379 2.55832 -0.986353
0.38 2.74557 -1.08109
0.381 2.92206 -1.16944
0.382 3.08711 -1.25099
0.383 3.24006 -1.32535
0.384 3.38031 -1.39217
0.385 3.5073 -1.45114
0.386 3.62055 -1.50196
0.387 3.7196 -1.54441
0.388 3.80406 -1.57826
0.389 3.87362 -1.60335
0.39 3.92799 -1.61954
0.391 3.96697 -1.62674
0.392 3.99043 -1.62489
0.393 3.99826 -1.61398
0.394 3.99047 -1.59403
0.395 3.96709 -1.56512
0.396 3.92824 -1.52733
0.397 3.87409 -1.48082
0.398 3.80488 -1.42577
0.399 3.72091 -1.36239
0.4 3.62254 -1.29095
0.401 3.51019 -1.21173
0.402 3.38434 -1.12506
0.403 3.24553 -1.03131
0.404 3.09434 -0.930849
0.405 2.93143 -0.824113
0.406 2.75749 -0.711548
0.407 2.57325 -0.593629
0.408 2.3795 -0.470854
0.409 2.17706 -0.343745
0.41 1.96681 -0.212844
0.411 1.74962 -0.0787089
0.412 1.52645 0.058086
0.413 1.29823 0.196954
0.414 1.06595 0.337298
0.415 0.830597 0.478515
0.416 0.593194 0.619993
0.417 0.354758 0.761122
0.418 0.116321 0.901289
0.419 -0.121087 1.03989
0.42 -0.356434 1.17631
0.421 -0.588699 1.30997
0.422 -0.816865 1.44027
0.423 -1.03994 1.56665
0.424 -1.25693 1.68854
0.425 -1.46689 1.80543
0.426 -1.66888 1.91678
0.427 -1.86202 2.0221
0.428 -2.04542 2.12093
0.429 -2.21827 2.21282
0.43 -2.37978 2.29737
0.431 -2.52921 2.37418
0.432 -2.66587 2.44292
0.433 -2.78912 2.50327
0.434 -2.89838 2.55495
0.435 -2.99311 2.59772
0.436 -3.07286 2.63138
0.437 -3.13721 2.65577
0.438 -3.18581 2.67076
0.439 -3.2184 2.67626
0.44 -3.23475 2.67225
0.441 -3.23472 2.65873
0.442 -3.21824 2.63572
0.443 -3.18529 2.60333
0.444 -3.13594 2.56167
0.445 -3.07032 2.51091
0.446 -2.98861 2.45126
0.447 -2.8911 2.38297
0.448 -2.77812 2.30633
0.449 -2.65006 2.22166
0.45 -2.50738 2.12931
0.451 -2.35062 2.0297
0.452 -2.18037 1.92324
0.453 -1.99726 1.8104
0.454 -1.80201 1.69168
0.455 -1.59537 1.56758
0.456 -1.37815 1.43866
0.457 -1.1512 1.30549
0.458 -0.915425 1.16865
0.459 -0.671759 1.02877
0.46 -0.421181 0.886455
0.461 -0.164699 0.742355
0.462 0.0966475 0.597119
0.463 0.361797 0.451408
0.464 0.629667 0.305884
0.465 0.899159 0.161216
0.466 1.16916 0.0180698
0.467 1.43856 -0.12289
0.468 1.70623 -0.261005
0.469 1.97105 -0.395626
0.47 2.23193 -0.526116
0.471 2.48775 -0.651852
0.472 2.73743 -0.772229
0.473 2.97992 -0.886659
0.474 3.21417 -0.994579
0.475 3.43918 -1.09545
0.476 3.65396 -1.18877
0.477 3.8576 -1.27404
0.478 4.04918 -1.35082
0.479 4.22787 -1.41871
0.48 4.39286 -1.4773
0.481 4.54339 -1.52628
0.482 4.67879 -1.56533
0.483 4.79842 -1.5942
0.484 4.90171 -1.61266
0.485 4.98814 -1.62055
0.486 5.05729 -1.61773
0.487 5.10878 -1.60412
0.488 5.1423 -1.57969
0.489 5.15763 -1.54444
0.49 5.15461 -1.49843
0.491 5.13317 -1.44177
0.492 5.09329 -1.37459
0.493 5.03504 -1.2971
0.494 4.95856 -1.20955
0.495 4.86407 -1.1122
0.496 4.75187 -1.00541
0.497 4.6223 -0.889545
0.498 4.47582 -0.765017
0.499 4.31292 -0.632287
0.5 4.13419 -0.491851
0.501 3.94025 -0.344241
0.502 3.73182 -0.190026
0.503 3.50965 -0.0298068
0.504 3.27458 0.135786
0.505 3.02748 0.306091
0.506 2.76929 0.480425
0.507 2.50098 0.658078
0.508 2.22357 0.838322
0.509 1.93813 1.02041
0.51 1.64576 1.20359
0.511 1.34759 1.38707
0.512 1.04478 1.57009
0.513 0.738508 1.75186
0.514 0.429972 1.93159
0.515 0.120386 2.1085
0.516 -0.18903 2.2818
0.517 -0.497054 2.45072
0.518 -0.802463 2.6145
0.519 -1.10404 2.77239
0.52 -1.40059 2.92367
0.521 -1.69092 3.06761
0.522 -1.97387 3.20353
0.523 -2.24829 3.33078
0.524 -2.51308 3.44871
0.525 -2.76718 3.55674
0.526 -3.00954 3.65429
0.527 -3.23918 3.74084
0.528 -3.45516 3.8159
0.529 -3.6566 3.87901
0.53 -3.84266 3.92979
0.531 -4.01257 3.96787
0.532 -4.16563 3.99294
0.533 -4.3012 4.00473
0.534 -4.41871 4.00305
0.535 -4.51765 3.98772
0.536 -4.5976 3.95865
0.537 -4.6582 3.91577
0.538 -4.69919 3.8591
0.539 -4.72037 3.78867
0.54 -4.72163 3.7046
0.541 -4.70293 3.60705
0.542 -4.66431 3.49624
0.543 -4.60591 3.37243
0.544 -4.52794 3.23595
0.545 -4.43067 3.08716
0.546 -4.31449 2.9265
0.547 -4.17982 2.75443
0.548 -4.02721 2.57147
0.549 -3.85723 2.37819
0.55 -3.67056 2.17519
0.551 -3.46793 1.96313
0.552 -3.25015 1.74269
0.553 -3.0181 1.5146
0.554 -2.77268 1.27961
0.555 -2.5149 1.03853
0.556 -2.24578 0.792155
0.557 -1.96643 0.541344
0.558 -1.67796 0.286959
0.559 -1.38155 0.0298853
0.56 -1.07841 -0.228979
0.561 -0.769774 -0.48872
0.562 -0.456912 -0.74842
0.563 -0.141108 -1.00715
0.564 0.176337 -1.26399
0.565 0.494112 -1.51801
0.566 0.8109 -1.76829
0.567 1.12538 -2.01393
0.568 1.43625 -2.25403
0.569 1.7422 -2.48771
0.57 2.04195 -2.71411
0.571 2.33424 -2.9324
0.572 2.61782 -3.14176
0.573 2.8915 -3.34142
0.574 3.1541 -3.53064
0.575 3.4045 -3.7087
0.576 3.64161 -3.87494
0.577 3.8644 -4.02873
0.578 4.0719 -4.16948
0.579 4.26318 -4.29665
0.58 4.4374 -4.40977
0.581 4.59376 -4.5084
0.582 4.73155 -4.59214
0.583 4.85011 -4.66068
0.584 4.94888 -4.71374
0.585 5.02736 -4.75111
0.586 5.08514 -4.77263
0.587 5.12189 -4.77821
0.588 5.13737 -4.7678
0.589 5.1314 -4.74144
0.59 5.10392 -4.69921
0.591 5.05493 -4.64125
0.592 4.98453 -4.56776
0.593 4.8929 -4.47901
0.594 4.78031 -4.37533
0.595 4.64711 -4.25708
0.596 4.49374 -4.12471
0.597 4.32072 -3.9787
0.598 4.12864 -3.81959
0.599 3.91819 -3.64799
0.6 3.69011 -3.46453
0.601 3.44524 -3.2699
0.602 3.18446 -3.06482
0.603 2.90873 -2.85009
0.604 2.61908 -2.62649
0.605 2.3166 -2.39489
0.606 2.00241 -2.15615
0.607 1.67769 -1.91119
0.608 1.34369 -1.66094
0.609 1.00168 -1.40635
0.61 0.652944 -1.14839
0.611 0.298837 -0.888043
0.612 -0.0592855 -0.626314
0.613 -0.420043 -0.364201
0.614 -0.782042 -0.102711
0.615 -1.14388 0.157152
0.616 -1.50415 0.414388
0.617 -1.86145 0.668005
0.618 -2.21438 0.917026
0.619 -2.56157 1.16049
0.62 -2.90166 1.39745
0.621 -3.23331 1.62699
0.622 -3.55521 1.84823
0.623 -3.8661 2.0603
0.624 -4.16474 2.26237
0.625 -4.44997 2.45366
0.626 -4.72063 2.63343
0.627 -4.97567 2.80096
0.628 -5.21406 2.9556
0.629 -5.43485 3.09675
0.63 -5.63715 3.22385
0.631 -5.82016 3.33639
0.632 -5.98313 3.43393
0.633 -6.12541 3.51607
0.634 -6.24642 3.58249
0.635 -6.34565 3.63292
0.636 -6.4227 3.66714
0.637 -6.47725 3.68502
0.638 -6.50906 3.68646
0.639 -6.51799 3.67144
0.64 -6.50397 3.64002
0.641 -6.46706 3.59229
0.642 -6.40736 3.52843
0.643 -6.32511 3.44867
0.644 -6.2206 3.3533
0.645 -6.09423 3.24267
0.646 -5.94648 3.1172
0.647 -5.77793 2.97737
0.648 -5.58921 2.82369
0.649 -5.38106 2.65675
0.65 -5.1543 2.47717
0.651 -4.90979 2.28565
0.652 -4.6485 2.08291
0.653 -4.37145 1.86972
0.654 -4.07973 1.64688
0.655 -3.77447 1.41526
0.656 -3.45687 1.17574
0.657 -3.1282 0.929225
0.658 -2.78973 0.676663
0.659 -2.44281 0.419019
0.66 -2.08879 0.157278
0.661 -1.72909 -0.107558
0.662 -1.36511 -0.374475
0.663 -0.998303 -0.642451
0.664 -0.630113 -0.91046
0.665 -0.261998 -1.17748
0.666 0.104584 -1.44248
0.667 0.468183 -1.70445
0.668 0.827357 -1.96238
0.669 1.18068 -2.2153
0.67 1.52676 -2.46223
0.671 1.86422 -2.70223
0.672 2.19172 -2.93438
0.673 2.50796 -3.15779
0.674 2.81169 -3.37161
0.675 3.10171 -3.57503
0.676 3.37686 -3.76726
0.677 3.63605 -3.94759
0.678 3.87827 -4.11533
0.679 4.10254 -4.26983
0.68 4.30799 -4.41052
0.681 4.4938 -4.53686
0.682 4.65925 -4.64839
0.683 4.80367 -4.74468
0.684 4.92651 -4.82538
0.685 5.02728 -4.89018
0.686 5.10561 -4.93887
0.687 5.16118 -4.97125
0.688 5.19379 -4.98724
0.689 5.20332 -4.98677
0.69 5.18976 -4.96987
0.691 5.15318 -4.93662
0.692 5.09374 -4.88717
0.693 5.0117 -4.82172
0.694 4.9074 -4.74055
0.695 4.7813 -4.64398
0.696 4.63392 -4.53241
0.697 4.46587 -4.40629
0.698 4.27785 -4.26611
0.699 4.07065 -4.11244
0.7 3.84512 -3.94588
0.701 3.6022 -3.7671
0.702 3.34289 -3.57679
0.703 3.06827 -3.37571
0.704 2.77947 -3.16464
0.705 2.47768 -2.94442
0.706 2.16415 -2.71589
0.707 1.84018 -2.47995
0.708 1.50711 -2.23753
0.709 1.16631 -1.98955
0.71 0.819186 -1.73698
0.711 0.467185 -1.48079
0.712 0.111759 -1.22197
0.713 -0.24562 -0.961527
0.714 -0.603471 -0.700446
0.715 -0.96031 -0.439728
0.716 -1.31465 -0.18037
0.717 -1.66503 0.0766441
0.718 -2.00999 0.33034
0.719 -2.34808 0.579759
0.72 -2.67791 0.823965
0.721 -2.99809 1.06204
0.722 -3.30728 1.29311
0.723 -3.60418 1.5163
0.724 -3.88756 1.7308
0.725 -4.15621 1.93583
0.726 -4.40901 2.13064
0.727 -4.64487 2.31452
0.728 -4.8628 2.48684
0.729 -5.06187 2.64698
0.73 -5.24121 2.79439
0.731 -5.40006 2.92857
0.732 -5.53772 3.04907
0.733 -5.65357 3.15552
0.734 -5.74711 3.24757
0.735 -5.81789 3.32497
0.736 -5.86558 3.3875
0.737 -5.88994 3.43502
0.738 -5.89081 3.46744
0.739 -5.86814 3.48474
0.74 -5.82196 3.48696
0.741 -5.75242 3.47421
0.742 -5.65973 3.44665
0.743 -5.54424 3.40451
0.744 -5.40635 3.34806
0.745 -5.24656 3.27766
0.746 -5.06549 3.1937
0.747 -4.8638 3.09663
0.748 -4.64228 2.98698
0.749 -4.40176 2.8653
0.75 -4.14318 2.7322
0.751 -3.86754 2.58833
0.752 -3.5759 2.43439
0.753 -3.26941 2.27113
0.754 -2.94926 2.09931
0.755 -2.61671 1.91976
0.756 -2.27305 1.73331
0.757 -1.91965 1.54083
0.758 -1.55789 1.34321
0.759 -1.1892 1.14138
0.76 -0.815041 0.936243
0.761 -0.436886 0.728757
0.762 -0.0562349 0.519867
0.763 0.325406 0.310524
0.764 0.706522 0.101684
0.765 1.0856 -0.105705
0.766 1.46114 -0.3107
0.767 1.83165 -0.51237
0.768 2.19565 -0.709801
0.769 2.5517 -0.902097
0.77 2.89838 -1.08838
0.771 3.23432 -1.26782
0.772 3.55817 -1.43958
0.773 3.86865 -1.60289
0.774 4.16453 -1.757
0.775 4.44463 -1.90121
0.776 4.70783 -2.03485
0.777 4.95309 -2.15731
0.778 5.17944 -2.26802
0.779 5.38597 -2.36645
0.78 5.57189 -2.45216
0.781 5.73644 -2.52471
0.782 5.87898 -2.58377
0.783 5.99895 -2.62904
0.784 6.09589 -2.66027
0.785 6.16942 -2.6773
0.786 6.21926 -2.68
0.787 6.24523 -2.66833
0.788 6.24724 -2.64229
0.789 6.2253 -2.60196
0.79 6.17952 -2.54746
0.791 6.11011 -2.47899
0.792 6.01736 -2.3968
0.793 5.90168 -2.3012
0.794 5.76354 -2.19256
0.795 5.60355 -2.07131
0.796 5.42235 -1.93793
0.797 5.22072 -1.79296
0.798 4.99949 -1.63697
0.799 4.75958 -1.47061
0.8 4.502 -1.29455
0.801 4.2278 -1.1095
0.802 3.93813 -0.916243
0.803 3.63419 -0.715561
0.804 3.31724 -0.508287
0.805 2.9886 -0.295284
0.806 2.64962 -0.0774365
0.807 2.30172 0.144345
0.808 1.94633 0.369134
0.809 1.58493 0.595985
0.81 1.21902 0.823946
0.811 0.850121 1.05206
0.812 0.479757 1.27935
0.813 0.10947 1.50486
0.814 -0.2592 1.72764
0.815 -0.624722 1.94674
0.816 -0.985573 2.16121
0.817 -1.34025 2.37014
0.818 -1.68728 2.57263
0.819 -2.0252 2.76781
0.82 -2.35262 2.95484
0.821 -2.66815 3.13289
0.822 -2.97048 3.3012
0.823 -3.25834 3.45902
0.824 -3.53051 3.60566
0.825 -3.78585 3.74046
0.826 -4.02329 3.86282
0.827 -4.24181 3.97219
0.828 -4.44049 4.06806
0.829 -4.61847 4.14999
0.83 -4.775 4.21759
0.831 -4.90939 4.27052
0.832 -5.02107 4.30851
0.833 -5.10953 4.33137
0.834 -5.17437 4.33892
0.835 -5.2153 4.33111
0.836 -5.23211 4.30789
0.837 -5.22469 4.26932
0.838 -5.19304 4.2155
0.839 -5.13725 4.1466
0.84 -5.05751 4.06286
0.841 -4.95412 3.96457
0.842 -4.82746 3.85209
0.843 -4.67802 3.72583
0.844 -4.50638 3.58627
0.845 -4.3132 3.43393
0.846 -4.09926 3.26941
0.847 -3.86539 3.09334
0.848 -3.61252 2.90641
0.849 -3.34167 2.70934
0.85 -3.05392 2.50292
0.851 -2.75041 2.28797
0.852 -2.43239 2.06533
0.853 -2.10112 1.8359
0.854 -1.75795 1.6006
0.855 -1.40427 1.36037
0.856 -1.04151 1.11618
0.857 -0.671144 0.869028
0.858 -0.294689 0.619906
0.859 0.0863237 0.369831
0.86 0.470336 0.119825
0.861 0.855774 -0.129089
0.862 1.24106 -0.375889
0.863 1.6246 -0.61956
0.864 2.00483 -0.859096
0.865 2.38018 -1.0935
0.866 2.74908 -1.32181
0.867 3.11002 -1.54307
0.868 3.4615 -1.75635
0.869 3.80205 -1.96075
0.87 4.13025 -2.15543
0.871 4.44472 -2.33955
0.872 4.74415 -2.51232
0.873 5.02728 -2.67303
0.874 5.2929 -2.82096
0.875 5.53989 -2.95549
0.876 5.76719 -3.07601
0.877 5.97381 -3.18201
0.878 6.15887 -3.27301
0.879 6.32155 -3.34859
0.88 6.46113 -3.40841
0.881 6.57697 -3.45216
0.882 6.66855 -3.47964
0.883 6.73542 -3.49067
0.884 6.77723 -3.48518
0.885 6.79376 -3.46313
0.886 6.78487 -3.42457
0.887 6.7505 -3.36962
0.888 6.69074 -3.29844
0.889 6.60575 -3.21129
0.89 6.49579 -3.10848
0.891 6.36125 -2.99039
0.892 6.20258 -2.85745
0.893 6.02035 -2.71016
0.894 5.81524 -2.5491
0.895 5.58799 -2.37487
0.896 5.33944 -2.18816
0.897 5.07054 -1.98969
0.898 4.78228 -1.78025
0.899 4.47578 -1.56066
0.9 4.1522 -1.33179
0.901 3.81277 -1.09455
0.902 3.4588 -0.849896
0.903 3.09165 -0.598806
0.904 2.71274 -0.342292
0.905 2.32354 -0.0813922
0.906 1.92556 0.182834
0.907 1.52034 0.449311
0.908 1.10946 0.716949
0.909 0.694532 0.98465
0.91 0.277164 1.25131
0.911 -0.141009 1.51583
0.912 -0.558348 1.77711
0.913 -0.973218 2.03405
0.914 -1.38399 2.2856
0.915 -1.78906 2.53067
0.916 -2.18683 2.76825
0.917 -2.57574 2.99731
0.918 -2.95425 3.21689
0.919 -3.32088 3.42602
0.92 -3.67419 3.62381
0.921 -4.01278 3.80938
0.922 -4.33532 3.98192
0.923 -4.64053 4.14065
0.924 -4.92723 4.28486
0.925 -5.19426 4.41387
0.926 -5.4406 4.52708
0.927 -5.66526 4.62393
0.928 -5.86736 4.70395
0.929 -6.0461 4.76672
0.93 -6.20079 4.81187
0.931 -6.33082 4.83912
0.932 -6.43568 4.84826
0.933 -6.51497 4.83914
0.934 -6.56838 4.81168
0.935 -6.5957 4.76587
0.936 -6.59685 4.70179
0.937 -6.57182 4.61957
0.938 -6.52074 4.51943
0.939 -6.44381 4.40164
0.94 -6.34137 4.26656
0.941 -6.21382 4.1146
0.942 -6.0617 3.94625
0.943 -5.88563 3.76206
0.944 -5.68632 3.56264
0.945 -5.4646 3.34868
0.946 -5.22136 3.12089
0.947 -4.95759 2.88008
0.948 -4.67436 2.62708
0.949 -4.37283 2.36278
0.95 -4.05423 2.08812
0.951 -3.71984 1.80408
0.952 -3.37103 1.51167
0.953 -3.00921 1.21195
0.954 -2.63585 0.905998
0.955 -2.25247 0.594927
0.956 -1.86064 0.279866
0.957 -1.46194 -0.0380351
0.958 -1.05799 -0.357614
0.959 -0.650445 -0.677699
0.96 -0.240958 -0.997115
0.961 0.168803 -1.31469
0.962 0.577166 -1.62924
0.963 0.982465 -1.93963
0.964 1.38305 -2.24469
0.965 1.77728 -2.5433
0.966 2.16354 -2.83435
0.967 2.54026 -3.11677
0.968 2.90588 -3.38952
0.969 3.25892 -3.65157
0.97 3.59792 -3.90196
0.971 3.92149 -4.13976
0.972 4.22829 -4.36409
0.973 4.51705 -4.57413
0.974 4.78659 -4.76908
0.975 5.03577 -4.94825
0.976 5.26358 -5.11095
0.977 5.46904 -5.25661
0.978 5.6513 -5.38469
0.979 5.80959 -5.49471
0.98 5.94323 -5.58629
0.981 6.05165 -5.6591
0.982 6.13437 -5.71289
0.983 6.19102 -5.74746
0.984 6.22133 -5.76272
0.985 6.22513 -5.75863
0.986 6.20237 -5.73523
0.987 6.1531 -5.69263
0.988 6.07748 -5.63101
0.989 5.97577 -5.55065
0.99 5.84833 -5.45186
0.991 5.69563 -5.33506
0.992 5.51826 -5.20071
0.993 5.31687 -5.04935
0.994 5.09224 -4.88159
0.995 4.84522 -4.69808
0.996 4.57678 -4.49956
0.997 4.28794 -4.28681
0.998 3.97983 -4.06067
0.999 3.65365 -3.82202
1 3.31066 -3.57181
