0.001 2.80076e-008 1.20826e-009
0.002 2.61923e-007 9.74096e-009
0.003 1.26436e-006 4.06686e-008
0.004 4.27206e-006 1.20424e-007
0.005 1.1489e-005 2.89256e-007
0.006 2.63699e-005 6.05418e-007
0.007 5.38928e-005 1.15159e-006
0.008 0.000100816 2.04401e-006
0.009 0.000175919 3.44464e-006
0.01 0.000290226 5.57701e-006
0.011 0.000457203 8.74572e-006
0.012 0.00069294 1.33603e-005
0.013 0.0010163 1.99635e-005
0.014 0.00144903 2.92638e-005
0.015 0.00201591 4.21737e-005
0.016 0.00274474 5.98515e-005
0.017 0.00366645 8.37495e-005
0.018 0.00481506 0.000115666
0.019 0.00622767 0.000157802
0.02 0.00794438 0.000212823
0.021 0.0100082 0.000283927
0.022 0.0124651 0.000374912
0.023 0.0153634 0.000490251
0.024 0.018754 0.00063517
0.025 0.02269 0.000815727
0.026 0.0272266 0.0010389
0.027 0.0324204 0.00131265
0.028 0.0383296 0.00164604
0.029 0.0450133 0.00204929
0.03 0.0525312 0.00253389
0.031 0.0609433 0.00311265
0.032 0.0703095 0.00379981
0.033 0.080689 0.00461109
0.034 0.0921402 0.00556381
0.035 0.10472 0.00667691
0.036 0.118482 0.00797104
0.037 0.13348 0.00946862
0.038 0.149762 0.0111939
0.039 0.167375 0.0131729
0.04 0.186361 0.0154336
0.041 0.206757 0.018006
0.042 0.228596 0.0209217
0.043 0.251906 0.0242146
0.044 0.276707 0.0279201
0.045 0.303016 0.0320759
0.046 0.330842 0.0367211
0.047 0.360185 0.0418968
0.048 0.391041 0.0476459
0.049 0.423395 0.0540127
0.05 0.457228 0.0610431
0.051 0.492508 0.0687843
0.052 0.529199 0.0772849
0.053 0.567253 0.0865943
0.054 0.606614 0.0967632
0.055 0.647219 0.107843
0.056 0.688993 0.119884
0.057 0.731855 0.13294
0.058 0.775712 0.147063
0.059 0.820466 0.162303
0.06 0.866006 0.178713
0.061 0.912216 0.196343
0.062 0.958969 0.215243
0.063 1.00613 0.23546
0.064 1.05357 0.257042
0.065 1.10112 0.280032
0.066 1.14865 0.304473
0.067 1.19597 0.330403
0.068 1.24294 0.35786
0.069 1.28938 0.386877
0.07 1.3351 0.417481
0.071 1.37994 0.449698
0.072 1.42371 0.483549
0.073 1.46622 0.519049
0.074 1.50729 0.556209
0.075 1.54673 0.595033
0.076 1.58436 0.63552
0.077 1.61998 0.677663
0.078 1.65343 0.721448
0.079 1.68451 0.766855
0.08 1.71305 0.813857
0.081 1.73888 0.862417
0.082 1.76183 0.912494
0.083 1.78174 0.964037
0.084 1.79847 1.01699
0.085 1.81186 1.07128
0.086 1.82179 1.12684
0.087 1.82813 1.18359
0.088 1.83076 1.24143
0.089 1.8296 1.30026
0.09 1.82455 1.35997
0.091 1.81552 1.42046
0.092 1.80248 1.48159
0.093 1.78536 1.54323
0.094 1.76414 1.60524
0.095 1.7388 1.66748
0.096 1.70934 1.72977
0.097 1.67578 1.79198
0.098 1.63815 1.85391
0.099 1.59651 1.9154
0.1 1.55093 1.97626
0.101 1.50148 2.0363
0.102 1.44828 2.09534
0.103 1.39145 2.15316
0.104 1.33112 2.20958
0.105 1.26745 2.26437
0.106 1.20061 2.31735
0.107 1.13078 2.36828
0.108 1.05819 2.41697
0.109 0.983034 2.46319
0.11 0.905558 2.50674
0.111 0.826008 2.5474
0.112 0.744647 2.58497
0.113 0.661747 2.61922
0.114 0.577595 2.64997
0.115 0.492486 2.67701
0.116 0.406726 2.70015
0.117 0.320628 2.71919
0.118 0.234513 2.73396
0.119 0.148706 2.74427
0.12 0.0635402 2.74997
0.121 -0.0206517 2.7509
0.122 -0.103533 2.7469
0.123 -0.184768 2.73786
0.124 -0.264021 2.72364
0.125 -0.340959 2.70413
0.126 -0.415253 2.67925
0.127 -0.486579 2.6489
0.128 -0.554621 2.61301
0.129 -0.619069 2.57155
0.13 -0.679626 2.52447
0.131 -0.736004 2.47176
0.132 -0.787929 2.41341
0.133 -0.835139 2.34945
0.134 -0.877391 2.2799
0.135 -0.914454 2.20483
0.136 -0.946119 2.1243
0.137 -0.972195 2.03841
0.138 -0.99251 1.94727
0.139 -1.00692 1.85102
0.14 -1.01528 1.74979
0.141 -1.01751 1.64376
0.142 -1.01352 1.53312
0.143 -1.00325 1.41808
0.144 -0.986669 1.29887
0.145 -0.963783 1.17572
0.146 -0.934611 1.0489
0.147 -0.899202 0.918699
0.148 -0.857632 0.785403
0.149 -0.810005 0.649326
0.15 -0.756452 0.510799
0.151 -0.69713 0.370162
0.152 -0.632223 0.227773
0.153 -0.561941 0.0839991
0.154 -0.486521 -0.0607789
0.155 -0.406224 -0.206171
0.156 -0.321336 -0.351776
0.157 -0.232166 -0.497187
0.158 -0.139046 -0.64199
0.159 -0.0423314 -0.785764
0.16 0.0576052 -0.928085
0.161 0.16037 -1.06853
0.162 0.265551 -1.20666
0.163 0.372722 -1.34206
0.164 0.481439 -1.47429
0.165 0.591247 -1.60295
0.166 0.701679 -1.7276
0.167 0.812258 -1.84784
0.168 0.922499 -1.96326
0.169 1.03191 -2.07347
0.17 1.14 -2.17809
0.171 1.24628 -2.27675
0.172 1.35023 -2.36908
0.173 1.45138 -2.45476
0.174 1.54923 -2.53346
0.175 1.64329 -2.60488
0.176 1.7331 -2.66872
0.177 1.81818 -2.72473
0.178 1.89808 -2.77267
0.179 1.97238 -2.81231
0.18 2.04064 -2.84347
0.181 2.10246 -2.86598
0.182 2.15746 -2.87971
0.183 2.20528 -2.88453
0.184 2.24559 -2.88036
0.185 2.27807 -2.86716
0.186 2.30245 -2.84489
0.187 2.31846 -2.81357
0.188 2.32588 -2.77322
0.189 2.32453 -2.72393
0.19 2.31424 -2.66578
0.191 2.29489 -2.59891
0.192 2.26639 -2.52348
0.193 2.22867 -2.43968
0.194 2.18172 -2.34774
0.195 2.12557 -2.24791
0.196 2.06025 -2.14047
0.197 1.98587 -2.02574
0.198 1.90255 -1.90406
0.199 1.81047 -1.77581
0.2 1.70981 -1.64136
0.201 1.60082 -1.50116
0.202 1.48378 -1.35564
0.203 1.359 -1.20527
0.204 1.22683 -1.05055
0.205 1.08763 -0.891988
0.206 0.94183 -0.73011
0.207 0.789862 -0.565464
0.208 0.632202 -0.398614
0.209 0.469347 -0.230135
0.21 0.301824 -0.0606125
0.211 0.130182 0.109356
0.212 -0.0450068 0.279168
0.213 -0.223149 0.448214
0.214 -0.403634 0.615883
0.215 -0.585836 0.78156
0.216 -0.769114 0.944635
0.217 -0.952817 1.1045
0.218 -1.13628 1.26055
0.219 -1.31885 1.41219
0.22 -1.49985 1.55884
0.221 -1.67861 1.69991
0.222 -1.85446 1.83487
0.223 -2.02675 1.96316
0.224 -2.1948 2.08425
0.225 -2.35799 2.19766
0.226 -2.51567 2.30289
0.227 -2.66722 2.3995
0.228 -2.81206 2.48705
0.229 -2.94959 2.56515
0.23 -3.07927 2.63342
0.231 -3.20056 2.69153
0.232 -3.31297 2.73917
0.233 -3.41601 2.77607
0.234 -3.50924 2.802
0.235 -3.59228 2.81675
0.236 -3.66473 2.82017
0.237 -3.72627 2.81214
0.238 -3.77662 2.79257
0.239 -3.81551 2.76143
0.24 -3.84274 2.71871
0.241 -3.85815 2.66445
0.242 -3.86161 2.59873
0.243 -3.85305 2.52169
0.244 -3.83245 2.43347
0.245 -3.79981 2.33429
0.246 -3.75521 2.22439
0.247 -3.69876 2.10405
0.248 -3.63061 1.9736
0.249 -3.55098 1.83341
0.25 -3.4601 1.68386
0.251 -3.35829 1.52539
0.252 -3.24588 1.35848
0.253 -3.12325 1.18362
0.254 -2.99084 1.00135
0.255 -2.84911 0.812232
0.256 -2.69857 0.616857
0.257 -2.53977 0.415843
0.258 -2.37328 0.20983
0.259 -2.19971 -0.000518351
0.26 -2.01973 -0.214521
0.261 -1.83399 -0.431477
0.262 -1.6432 -0.650675
0.263 -1.44808 -0.871388
0.264 -1.24938 -1.09288
0.265 -1.04787 -1.31441
0.266 -0.84431 -1.53524
0.267 -0.639504 -1.7546
0.268 -0.434249 -1.97177
0.269 -0.229349 -2.18599
0.27 -0.0256138 -2.39653
0.271 0.17615 -2.60266
0.272 0.375139 -2.80367
0.273 0.570557 -2.99886
0.274 0.761616 -3.18754
0.275 0.947545 -3.36906
0.276 1.12759 -3.54277
0.277 1.30101 -3.70806
0.278 1.46709 -3.86434
0.279 1.62516 -4.01105
0.28 1.77454 -4.14767
0.281 1.91461 -4.2737
0.282 2.04479 -4.38868
0.283 2.16452 -4.4922
0.284 2.27327 -4.58387
0.285 2.37058 -4.66336
0.286 2.45602 -4.73036
0.287 2.52921 -4.78462
0.288 2.5898 -4.82593
0.289 2.63752 -4.85413
0.29 2.67212 -4.86909
0.291 2.69342 -4.87074
0.292 2.70129 -4.85907
0.293 2.69566 -4.83407
0.294 2.6765 -4.79584
0.295 2.64383 -4.74448
0.296 2.59776 -4.68015
0.297 2.53842 -4.60307
0.298 2.466 -4.51349
0.299 2.38076 -4.41171
0.3 2.283 -4.29806
0.301 2.17307 -4.17295
0.302 2.05139 -4.03679
0.303 1.9184 -3.89005
0.304 1.77462 -3.73323
0.305 1.6206 -3.56688
0.306 1.45692 -3.39157
0.307 1.28424 -3.20791
0.308 1.10321 -3.01654
0.309 0.914572 -2.81811
0.31 0.719057 -2.61332
0.311 0.517451 -2.40289
0.312 0.310562 -2.18754
0.313 0.0992245 -1.96802
0.314 -0.115705 -1.7451
0.315 -0.333352 -1.51955
0.316 -0.552825 -1.29215
0.317 -0.773222 -1.0637
0.318 -0.993635 -0.83498
0.319 -1.21315 -0.60679
0.32 -1.43084 -0.379914
0.321 -1.64581 -0.155133
0.322 -1.85715 0.06678
0.323 -2.06396 0.285066
0.324 -2.26535 0.498981
0.325 -2.46048 0.707798
0.326 -2.64849 0.910812
0.327 -2.82857 1.10734
0.328 -2.99993 1.29673
0.329 -3.16181 1.47835
0.33 -3.3135 1.65161
0.331 -3.4543 1.81595
0.332 -3.58358 1.97083
0.333 -3.70073 2.11577
0.334 -3.8052 2.25032
0.335 -3.89649 2.37407
0.336 -3.97414 2.48666
0.337 -4.03776 2.58776
0.338 -4.08699 2.67709
0.339 -4.12156 2.75444
0.34 -4.14123 2.8196
0.341 -4.14582 2.87245
0.342 -4.13523 2.91291
0.343 -4.10941 2.94093
0.344 -4.06837 2.95652
0.345 -4.01217 2.95975
0.346 -3.94096 2.95072
0.347 -3.85493 2.92959
0.348 -3.75433 2.89656
0.349 -3.63949 2.85188
0.35 -3.51076 2.79585
0.351 -3.36859 2.7288
0.352 -3.21346 2.65112
0.353 -3.04591 2.56322
0.354 -2.86653 2.46558
0.355 -2.67598 2.35868
0.356 -2.47493 2.24307
0.357 -2.26412 2.11931
0.358 -2.04433 1.98801
0.359 -1.81638 1.84978
0.36 -1.58111 1.70528
0.361 -1.33942 1.55519
0.362 -1.0922 1.40021
0.363 -0.840411 1.24104
0.364 -0.584997 1.07842
0.365 -0.326938 0.91308
0.366 -0.0672255 0.745778
0.367 0.193141 0.577265
0.368 0.453157 0.408297
0.369 0.711814 0.239629
0.37 0.968109 0.0720142
0.371 1.22104 -0.0938034
0.372 1.46963 -0.257089
0.373 1.7129 -0.41712
0.374 1.9499 -0.573192
0.375 2.1797 -0.724617
0.376 2.40139 -0.87073
0.377 2.61411 -1.01089
0.378 2.81701 -1.14448
0.379 3.0093 -1.27093
0.38 3.19022 -1.38967
0.381 3.35904 -1.50019
0.382 3.51512 -1.602
0.383 3.65782 -1.69468
0.384 3.78659 -1.7778
0.385 3.90091 -1.85102
0.386 4.00034 -1.91401
0.387 4.0845 -1.9665
0.388 4.15304 -2.00826
0.389 4.20571 -2.03912
0.39 4.2423 -2.05893
0.391 4.26268 -2.06763
0.392 4.26678 -2.06515
0.393 4.2546 -2.05153
0.394 4.2262 -2.02682
0.395 4.18172 -1.99112
0.396 4.12136 -1.94459
0.397 4.04536 -1.88743
0.398 3.95408 -1.8199
0.399 3.84789 -1.74228
0.4 3.72726 -1.65491
0.401 3.5927 -1.55818
0.402 3.44478 -1.45249
0.403 3.28414 -1.33831
0.404 3.11146 -1.21613
0.405 2.92747 -1.08648
0.406 2.73296 -0.949925
0.407 2.52876 -0.807056
0.408 2.31575 -0.658493
0.409 2.09482 -0.504878
0.41 1.86693 -0.346879
0.411 1.63306 -0.185181
0.412 1.39419 -0.0204842
0.413 1.15137 0.146495
0.414 0.905639 0.315033
0.415 0.658049 0.484397
0.416 0.409671 0.653853
0.417 0.16158 0.822664
0.418 -0.0851471 0.990096
0.419 -0.329439 1.15542
0.42 -0.570232 1.31792
0.421 -0.806472 1.47689
0.422 -1.03713 1.63163
0.423 -1.26118 1.78148
0.424 -1.47764 1.92578
0.425 -1.68555 2.0639
0.426 -1.88398 2.19524
0.427 -2.07205 2.31923
0.428 -2.24891 2.43533
0.429 -2.41375 2.54303
0.43 -2.56583 2.64186
0.431 -2.70444 2.73139
0.432 -2.82893 2.81124
0.433 -2.93872 2.88105
0.434 -3.03329 2.94053
0.435 -3.11215 2.9894
0.436 -3.17492 3.02747
0.437 -3.22127 3.05457
0.438 -3.25091 3.07058
0.439 -3.26367 3.07544
0.44 -3.25942 3.06912
0.441 -3.2381 3.05168
0.442 -3.19973 3.02317
0.443 -3.14441 2.98375
0.444 -3.0723 2.93359
0.445 -2.98364 2.87292
0.446 -2.87872 2.80201
0.447 -2.75793 2.72119
0.448 -2.62172 2.63083
0.449 -2.47059 2.53134
0.45 -2.30512 2.42317
0.451 -2.12594 2.30682
0.452 -1.93377 2.18281
0.453 -1.72935 2.05172
0.454 -1.5135 1.91415
0.455 -1.28707 1.77072
0.456 -1.05099 1.6221
0.457 -0.806205 1.46897
0.458 -0.553711 1.31204
0.459 -0.29454 1.15203
0.46 -0.0297588 0.989692
0.461 0.239541 0.825776
0.462 0.512244 0.661049
0.463 0.787213 0.496283
0.464 1.0633 0.332254
0.465 1.33935 0.169736
0.466 1.61419 0.00949965
0.467 1.88666 -0.14769
0.468 2.15561 -0.30108
0.469 2.41988 -0.449931
0.47 2.67834 -0.593521
0.471 2.92987 -0.731147
0.472 3.17339 -0.862132
0.473 3.40783 -0.985824
0.474 3.63216 -1.1016
0.475 3.84539 -1.20887
0.476 4.04657 -1.30709
0.477 4.2348 -1.39573
0.478 4.40922 -1.47432
0.479 4.56903 -1.54243
0.48 4.7135 -1.59967
0.481 4.84193 -1.6457
0.482 4.9537 -1.68022
0.483 5.04827 -1.70299
0.484 5.12516 -1.71383
0.485 5.18393 -1.71259
0.486 5.22427 -1.69918
0.487 5.24589 -1.67358
0.488 5.24861 -1.63581
0.489 5.23232 -1.58594
0.49 5.19699 -1.52411
0.491 5.14265 -1.45051
0.492 5.06942 -1.36537
0.493 4.97752 -1.269
0.494 4.8672 -1.16173
0.495 4.73884 -1.04397
0.496 4.59285 -0.916165
0.497 4.42975 -0.778809
0.498 4.2501 -0.632446
0.499 4.05455 -0.477664
0.5 3.84381 -0.31509
0.501 3.61867 -0.145395
0.502 3.37995 0.0307159
0.503 3.12857 0.212503
0.504 2.86547 0.399193
0.505 2.59166 0.589987
0.506 2.30818 0.784059
0.507 2.01614 0.980563
0.508 1.71667 1.17863
0.509 1.41094 1.37739
0.51 1.10014 1.57594
0.511 0.785494 1.77338
0.512 0.46825 1.96882
0.513 0.149661 2.16135
0.514 -0.169005 2.35007
0.515 -0.486477 2.5341
0.516 -0.801486 2.71254
0.517 -1.11277 2.88455
0.518 -1.41907 3.04927
0.519 -1.71915 3.20588
0.52 -2.0118 3.35358
0.521 -2.29584 3.49162
0.522 -2.5701 3.61925
0.523 -2.83346 3.73578
0.524 -3.08485 3.84055
0.525 -3.32323 3.93295
0.526 -3.54763 4.01241
0.527 -3.75711 4.07842
0.528 -3.9508 4.13049
0.529 -4.1279 4.16822
0.53 -4.28767 4.19124
0.531 -4.42942 4.19924
0.532 -4.55258 4.19199
0.533 -4.65659 4.1693
0.534 -4.74103 4.13103
0.535 -4.80551 4.07714
0.536 -4.84975 4.00761
0.537 -4.87355 3.92252
0.538 -4.87677 3.82199
0.539 -4.85938 3.70621
0.54 -4.82143 3.57543
0.541 -4.76305 3.42998
0.542 -4.68444 3.27022
0.543 -4.58592 3.09659
0.544 -4.46785 2.9096
0.545 -4.33071 2.7098
0.546 -4.17503 2.49779
0.547 -4.00144 2.27425
0.548 -3.81063 2.03988
0.549 -3.60338 1.79545
0.55 -3.38051 1.54176
0.551 -3.14294 1.27968
0.552 -2.89163 1.01008
0.553 -2.62762 0.733909
0.554 -2.35198 0.452115
0.555 -2.06585 0.165693
0.556 -1.77042 -0.124343
0.557 -1.4669 -0.416956
0.558 -1.15655 -0.711089
0.559 -0.840677 -1.00568
0.56 -0.520588 -1.29964
0.561 -0.197625 -1.59189
0.562 0.126855 -1.88136
0.563 0.451485 -2.16695
0.564 0.774894 -2.4476
0.565 1.09571 -2.72225
0.566 1.41257 -2.98986
0.567 1.72413 -3.2494
0.568 2.02903 -3.49987
0.569 2.32599 -3.7403
0.57 2.6137 -3.96976
0.571 2.89093 -4.18736
0.572 3.15646 -4.39222
0.573 3.40912 -4.58354
0.574 3.6478 -4.76055
0.575 3.87144 -4.92253
0.576 4.07902 -5.06882
0.577 4.26961 -5.19882
0.578 4.44233 -5.31197
0.579 4.59638 -5.4078
0.58 4.73102 -5.48588
0.581 4.84559 -5.54586
0.582 4.93953 -5.58745
0.583 5.01234 -5.61043
0.584 5.06361 -5.61467
0.585 5.09302 -5.60007
0.586 5.10034 -5.56664
0.587 5.08542 -5.51445
0.588 5.04822 -5.44363
0.589 4.98877 -5.3544
0.59 4.9072 -5.24705
0.591 4.80372 -5.12192
0.592 4.67865 -4.97944
0.593 4.53239 -4.8201
0.594 4.36541 -4.64446
0.595 4.1783 -4.45315
0.596 3.9717 -4.24684
0.597 3.74636 -4.0263
0.598 3.50308 -3.7923
0.599 3.24276 -3.54573
0.6 2.96636 -3.28747
0.601 2.67491 -3.0185
0.602 2.36951 -2.73981
0.603 2.05131 -2.45243
0.604 1.72151 -2.15746
0.605 1.38139 -1.856
0.606 1.03225 -1.54918
0.607 0.675425 -1.23817
0.608 0.312311 -0.92416
0.609 -0.0556845 -0.608336
0.61 -0.427126 -0.291909
0.611 -0.800559 0.0239071
0.612 -1.17452 0.337899
0.613 -1.54753 0.648856
0.614 -1.91812 0.955575
0.615 -2.28482 1.25687
0.616 -2.64618 1.55156
0.617 -3.00076 1.83851
0.618 -3.34713 2.1166
0.619 -3.68392 2.38472
0.62 -4.00977 2.64184
0.621 -4.32338 2.88692
0.622 -4.62346 3.11901
0.623 -4.90882 3.33718
0.624 -5.17828 3.54056
0.625 -5.43076 3.72833
0.626 -5.66521 3.89973
0.627 -5.88068 4.05408
0.628 -6.07627 4.19073
0.629 -6.25118 4.30912
0.63 -6.40466 4.40877
0.631 -6.53608 4.48923
0.632 -6.64486 4.55017
0.633 -6.73055 4.59131
0.634 -6.79275 4.61244
0.635 -6.83119 4.61344
0.636 -6.84566 4.59427
0.637 -6.83607 4.55496
0.638 -6.80242 4.49562
0.639 -6.7448 4.41643
0.64 -6.6634 4.31767
0.641 -6.55851 4.19967
0.642 -6.4305 4.06284
0.643 -6.27985 3.90768
0.644 -6.10712 3.73475
0.645 -5.91296 3.54467
0.646 -5.69812 3.33815
0.647 -5.46341 3.11594
0.648 -5.20973 2.87888
0.649 -4.93808 2.62783
0.65 -4.64949 2.36375
0.651 -4.3451 2.08761
0.652 -4.02609 1.80046
0.653 -3.6937 1.50338
0.654 -3.34925 1.19748
0.655 -2.99407 0.883933
0.656 -2.62956 0.563915
0.657 -2.25716 0.238644
0.658 -1.87834 -0.090645
0.659 -1.49459 -0.4227
0.66 -1.10743 -0.756256
0.661 -0.718377 -1.09004
0.662 -0.328984 -1.42278
0.663 0.059212 -1.7532
0.664 0.444672 -2.08005
0.665 0.825867 -2.40206
0.666 1.20129 -2.71801
0.667 1.56944 -3.02669
0.668 1.92886 -3.3269
0.669 2.27813 -3.6175
0.67 2.61585 -3.89738
0.671 2.94068 -4.16545
0.672 3.25134 -4.42068
0.673 3.54659 -4.6621
0.674 3.82525 -4.88877
0.675 4.08622 -5.09983
0.676 4.32847 -5.29445
0.677 4.55104 -5.47189
0.678 4.75303 -5.63146
0.679 4.93366 -5.77254
0.68 5.09222 -5.8946
0.681 5.22808 -5.99715
0.682 5.3407 -6.07981
0.683 5.42966 -6.14225
0.684 5.49462 -6.18422
0.685 5.53532 -6.20557
0.686 5.55163 -6.20621
0.687 5.54349 -6.18613
0.688 5.51097 -6.1454
0.689 5.45421 -6.08418
0.69 5.37346 -6.00271
0.691 5.26909 -5.90129
0.692 5.14152 -5.7803
0.693 4.9913 -5.64021
0.694 4.81907 -5.48155
0.695 4.62555 -5.30492
0.696 4.41155 -5.111
0.697 4.17797 -4.90053
0.698 3.92577 -4.67431
0.699 3.65602 -4.4332
0.7 3.36984 -4.17811
0.701 3.06842 -3.91002
0.702 2.75301 -3.62995
0.703 2.42493 -3.33895
0.704 2.08555 -3.03813
0.705 1.73628 -2.72863
0.706 1.37857 -2.41162
0.707 1.01392 -2.0883
0.708 0.643842 -1.75988
0.709 0.269886 -1.4276
0.71 -0.106391 -1.09271
0.711 -0.483416 -0.756468
0.712 -0.859614 -0.420126
0.713 -1.23341 -0.0849414
0.714 -1.60324 0.24784
0.715 -1.96756 0.576983
0.716 -2.32483 0.901272
0.717 -2.67355 1.21951
0.718 -3.01225 1.53054
0.719 -3.33952 1.83321
0.72 -3.65395 2.12643
0.721 -3.95423 2.40915
0.722 -4.23908 2.68034
0.723 -4.50729 2.93904
0.724 -4.7577 3.18434
0.725 -4.98924 3.41539
0.726 -5.20093 3.63138
0.727 -5.39183 3.83158
0.728 -5.56112 4.01532
0.729 -5.70804 4.182
0.73 -5.83195 4.33109
0.731 -5.93229 4.46212
0.732 -6.00857 4.57472
0.733 -6.06045 4.66857
0.734 -6.08764 4.74344
0.735 -6.08998 4.79918
0.736 -6.0674 4.83569
0.737 -6.01994 4.85299
0.738 -5.94773 4.85114
0.739 -5.851 4.8303
0.74 -5.73011 4.79071
0.741 -5.58548 4.73266
0.742 -5.41764 4.65654
0.743 -5.22723 4.56279
0.744 -5.01496 4.45195
0.745 -4.78165 4.32459
0.746 -4.52819 4.18138
0.747 -4.25557 4.02303
0.748 -3.96484 3.85031
0.749 -3.65714 3.66407
0.75 -3.33367 3.46519
0.751 -2.9957 3.25459
0.752 -2.64456 3.03328
0.753 -2.28163 2.80225
0.754 -1.90835 2.56258
0.755 -1.52619 2.31535
0.756 -1.13667 2.06167
0.757 -0.74133 1.8027
0.758 -0.341741 1.53958
0.759 0.0605111 1.27349
0.76 0.463825 1.00561
0.761 0.866597 0.737123
0.762 1.26722 0.46921
0.763 1.6641 0.203048
0.764 2.05566 -0.0601983
0.765 2.44034 -0.319379
0.766 2.81659 -0.573367
0.767 3.18293 -0.821057
0.768 3.53788 -1.06138
0.769 3.88004 -1.29329
0.77 4.20804 -1.5158
0.771 4.52058 -1.72793
0.772 4.8164 -1.9288
0.773 5.09434 -2.11752
0.774 5.35329 -2.2933
0.775 5.59222 -2.45539
0.776 5.81019 -2.6031
0.777 6.00633 -2.7358
0.778 6.17987 -2.85294
0.779 6.33014 -2.95402
0.78 6.45654 -3.03861
0.781 6.55859 -3.10638
0.782 6.6359 -3.15703
0.783 6.68818 -3.19037
0.784 6.71524 -3.20627
0.785 6.717 -3.20468
0.786 6.69349 -3.18561
0.787 6.64481 -3.14916
0.788 6.57121 -3.09551
0.789 6.47301 -3.02491
0.79 6.35063 -2.93766
0.791 6.20461 -2.83416
0.792 6.03556 -2.71488
0.793 5.84421 -2.58033
0.794 5.63138 -2.43112
0.795 5.39794 -2.2679
0.796 5.1449 -2.09138
0.797 4.87331 -1.90234
0.798 4.5843 -1.7016
0.799 4.27911 -1.49005
0.8 3.95899 -1.26861
0.801 3.62528 -1.03824
0.802 3.27939 -0.799955
0.803 2.92276 -0.554785
0.804 2.55688 -0.303802
0.805 2.18326 -0.0481005
0.806 1.80348 0.211205
0.807 1.41912 0.472983
0.808 1.03177 0.736094
0.809 0.643061 0.999389
0.81 0.254606 1.26172
0.811 -0.131972 1.52194
0.812 -0.515061 1.77891
0.813 -0.893062 2.03152
0.814 -1.2644 2.27864
0.815 -1.62752 2.51921
0.816 -1.98091 2.75217
0.817 -2.32309 2.97648
0.818 -2.65264 3.19118
0.819 -2.96817 3.3953
0.82 -3.26836 3.58794
0.821 -3.55196 3.76826
0.822 -3.81778 3.93546
0.823 -4.0647 4.08877
0.824 -4.29169 4.22752
0.825 -4.49779 4.35109
0.826 -4.68214 4.4589
0.827 -4.84395 4.55046
0.828 -4.98255 4.62536
0.829 -5.09734 4.68322
0.83 -5.18783 4.72378
0.831 -5.25364 4.74682
0.832 -5.29448 4.7522
0.833 -5.31016 4.73987
0.834 -5.30061 4.70985
0.835 -5.26585 4.66222
0.836 -5.20602 4.59716
0.837 -5.12135 4.5149
0.838 -5.01218 4.41576
0.839 -4.87896 4.30013
0.84 -4.72222 4.16847
0.841 -4.54261 4.0213
0.842 -4.34086 3.85923
0.843 -4.11781 3.68291
0.844 -3.87437 3.49307
0.845 -3.61155 3.29048
0.846 -3.33043 3.07598
0.847 -3.03217 2.85046
0.848 -2.71802 2.61485
0.849 -2.38928 2.37015
0.85 -2.04732 2.11736
0.851 -1.69355 1.85755
0.852 -1.32945 1.59181
0.853 -0.956546 1.32125
0.854 -0.576385 1.04702
0.855 -0.190561 0.770272
0.856 0.199312 0.492178
0.857 0.591599 0.213916
0.858 0.984654 -0.063331
0.859 1.37682 -0.338383
0.86 1.76646 -0.610068
0.861 2.15191 -0.877224
0.862 2.53156 -1.13871
0.863 2.9038 -1.39339
0.864 3.26704 -1.64019
0.865 3.61974 -1.87802
0.866 3.96041 -2.10587
0.867 4.28758 -2.32274
0.868 4.59985 -2.5277
0.869 4.89588 -2.71983
0.87 5.17438 -2.8983
0.871 5.43416 -3.06232
0.872 5.67408 -3.21116
0.873 5.89308 -3.34416
0.874 6.09019 -3.46071
0.875 6.26453 -3.56028
0.876 6.41532 -3.64241
0.877 6.54185 -3.70672
0.878 6.64354 -3.75288
0.879 6.71989 -3.78067
0.88 6.7705 -3.78991
0.881 6.79509 -3.78053
0.882 6.79348 -3.75253
0.883 6.76559 -3.70597
0.884 6.71146 -3.64103
0.885 6.63122 -3.55792
0.886 6.52513 -3.45695
0.887 6.39353 -3.33853
0.888 6.23689 -3.2031
0.889 6.05577 -3.05121
0.89 5.85082 -2.88346
0.891 5.6228 -2.70053
0.892 5.37258 -2.50316
0.893 5.10109 -2.29216
0.894 4.80936 -2.06841
0.895 4.49853 -1.83281
0.896 4.16978 -1.58636
0.897 3.82438 -1.33007
0.898 3.46368 -1.06503
0.899 3.08908 -0.792345
0.9 2.70204 -0.513166
0.901 2.30408 -0.228676
0.902 1.89676 0.0599127
0.903 1.48168 0.35137
0.904 1.06048 0.644446
0.905 0.634816 0.937878
0.906 0.206372 1.2304
0.907 -0.223156 1.52074
0.908 -0.652068 1.80763
0.909 -1.07866 2.08982
0.91 -1.50125 2.36605
0.911 -1.91815 2.63511
0.912 -2.3277 2.8958
0.913 -2.72827 3.14694
0.914 -3.11828 3.38739
0.915 -3.49617 3.61606
0.916 -3.86042 3.83189
0.917 -4.2096 4.03388
0.918 -4.54231 4.22106
0.919 -4.85722 4.39255
0.92 -5.15308 4.5475
0.921 -5.42871 4.68514
0.922 -5.68301 4.80475
0.923 -5.91497 4.90571
0.924 -6.12366 4.98745
0.925 -6.30826 5.04948
0.926 -6.46804 5.09139
0.927 -6.60236 5.11284
0.928 -6.71069 5.11359
0.929 -6.79262 5.09348
0.93 -6.84781 5.05241
0.931 -6.87607 4.99039
0.932 -6.87729 4.9075
0.933 -6.85149 4.80391
0.934 -6.79877 4.67988
0.935 -6.71938 4.53574
0.936 -6.61364 4.37191
0.937 -6.482 4.18889
0.938 -6.32501 3.98725
0.939 -6.14333 3.76766
0.94 -5.9377 3.53084
0.941 -5.70898 3.27759
0.942 -5.4581 3.00878
0.943 -5.18612 2.72535
0.944 -4.89414 2.4283
0.945 -4.58337 2.11867
0.946 -4.2551 1.79758
0.947 -3.91067 1.46618
0.948 -3.55151 1.12569
0.949 -3.17909 0.777335
0.95 -2.79495 0.42241
0.951 -2.40066 0.0622202
0.952 -1.99786 -0.301897
0.953 -1.58821 -0.668584
0.954 -1.17339 -1.03647
0.955 -0.755116 -1.40417
0.956 -0.335112 -1.77031
0.957 0.084887 -2.13349
0.958 0.503146 -2.49235
0.959 0.917938 -2.84551
0.96 1.32754 -3.19162
0.961 1.73027 -3.52938
0.962 2.12445 -3.85747
0.963 2.50845 -4.17463
0.964 2.88067 -4.47965
0.965 3.23957 -4.77135
0.966 3.58365 -5.04859
0.967 3.91147 -5.31029
0.968 4.22168 -5.55543
0.969 4.51297 -5.78306
0.97 4.78411 -5.99228
0.971 5.03397 -6.18227
0.972 5.26149 -6.35226
0.973 5.46571 -6.5016
0.974 5.64575 -6.62966
0.975 5.80085 -6.73595
0.976 5.93033 -6.82002
0.977 6.03362 -6.88152
0.978 6.11026 -6.92019
0.979 6.15989 -6.93585
0.98 6.18228 -6.92842
0.981 6.17728 -6.89789
0.982 6.14487 -6.84436
0.983 6.08515 -6.768
0.984 5.99831 -6.66907
0.985 5.88466 -6.54795
0.986 5.74462 -6.40505
0.987 5.57871 -6.24091
0.988 5.38758 -6.05614
0.989 5.17194 -5.85141
0.99 4.93265 -5.6275
0.991 4.67062 -5.38524
0.992 4.38688 -5.12555
0.993 4.08255 -4.8494
0.994 3.75883 -4.55783
0.995 3.41698 -4.25194
0.996 3.05836 -3.9329
0.997 2.6844 -3.60192
0.998 2.29657 -3.26024
0.999 1.89642 -2.90917
1 1.48553 -2.55004
