0.001 3.59578e-008 2.84486e-009
0.002 3.25354e-007 2.28449e-008
0.003 1.52505e-006 9.47808e-008
0.004 5.02681e-006 2.78041e-007
0.005 1.32475e-005 6.5918e-007
0.006 2.99089e-005 1.35617e-006
0.007 6.03048e-005 2.52483e-006
0.008 0.000111553 4.36775e-006
0.009 0.00019283 7.14625e-006
0.01 0.000315585 1.11955e-005
0.011 0.000493732 1.69435e-005
0.012 0.000743818 2.49335e-005
0.013 0.00108517 3.58508e-005
0.014 0.00154 5.05541e-005
0.015 0.00213352 7.01105e-005
0.016 0.00289394 9.58353e-005
0.017 0.00385257 0.000129337
0.018 0.00504376 0.000172564
0.019 0.00650488 0.000227861
0.02 0.00827623 0.000298022
0.021 0.010401 0.000386355
0.022 0.012925 0.000496743
0.023 0.0158966 0.000633716
0.024 0.0193666 0.000802516
0.025 0.0233879 0.00100918
0.026 0.0280149 0.00126059
0.027 0.033304 0.00156459
0.028 0.0393126 0.00193004
0.029 0.046099 0.00236686
0.03 0.0537219 0.00288617
0.031 0.0622402 0.00350034
0.032 0.0717126 0.00422302
0.033 0.0821969 0.00506928
0.034 0.0937498 0.00605562
0.035 0.106426 0.00720006
0.036 0.120279 0.0085222
0.037 0.135359 0.0100432
0.038 0.151713 0.011786
0.039 0.169385 0.0137752
0.04 0.188414 0.0160369
0.041 0.208836 0.0185992
0.042 0.23068 0.0214919
0.043 0.253972 0.0247465
0.044 0.278731 0.028396
0.045 0.30497 0.0324756
0.046 0.332693 0.0370215
0.047 0.361901 0.0420721
0.048 0.392585 0.0476668
0.049 0.424728 0.0538468
0.05 0.458307 0.0606544
0.051 0.49329 0.0681333
0.052 0.529636 0.076328
0.053 0.567295 0.0852843
0.054 0.606209 0.0950485
0.055 0.646313 0.105668
0.056 0.687529 0.117189
0.057 0.729775 0.12966
0.058 0.772956 0.143129
0.059 0.816971 0.157642
0.06 0.86171 0.173247
0.061 0.907055 0.189989
0.062 0.952878 0.207915
0.063 0.999048 0.227066
0.064 1.04542 0.247486
0.065 1.09185 0.269215
0.066 1.13818 0.29229
0.067 1.18425 0.316747
0.068 1.2299 0.342618
0.069 1.27495 0.369934
0.07 1.31924 0.39872
0.071 1.36258 0.428998
0.072 1.40479 0.460786
0.073 1.44569 0.494098
0.074 1.4851 0.528943
0.075 1.52283 0.565323
0.076 1.55871 0.603239
0.077 1.59255 0.642682
0.078 1.62417 0.683638
0.079 1.65339 0.72609
0.08 1.68005 0.770011
0.081 1.70398 0.815369
0.082 1.72502 0.862123
0.083 1.74301 0.910229
0.084 1.7578 0.959633
0.085 1.76927 1.01027
0.086 1.77728 1.06208
0.087 1.78172 1.11498
0.088 1.78248 1.16889
0.089 1.77946 1.22372
0.09 1.77258 1.27937
0.091 1.76178 1.33574
0.092 1.747 1.3927
0.093 1.7282 1.45014
0.094 1.70535 1.50794
0.095 1.67845 1.56595
0.096 1.64751 1.62404
0.097 1.61254 1.68206
0.098 1.57359 1.73985
0.099 1.53071 1.79725
0.1 1.48397 1.8541
0.101 1.43348 1.91023
0.102 1.37933 1.96546
0.103 1.32165 2.01961
0.104 1.26059 2.0725
0.105 1.1963 2.12395
0.106 1.12895 2.17375
0.107 1.05875 2.22174
0.108 0.985884 2.2677
0.109 0.910587 2.31145
0.11 0.833092 2.3528
0.111 0.753648 2.39156
0.112 0.672515 2.42753
0.113 0.589969 2.46053
0.114 0.506293 2.49037
0.115 0.421783 2.51687
0.116 0.336742 2.53986
0.117 0.251481 2.55916
0.118 0.166319 2.57462
0.119 0.0815789 2.58606
0.12 -0.00241203 2.59334
0.121 -0.0853232 2.59632
0.122 -0.166823 2.59487
0.123 -0.246579 2.58886
0.124 -0.324262 2.57818
0.125 -0.399543 2.56273
0.126 -0.472098 2.54242
0.127 -0.541611 2.51717
0.128 -0.607769 2.48693
0.129 -0.670272 2.45164
0.13 -0.728825 2.41127
0.131 -0.783149 2.36579
0.132 -0.832975 2.31521
0.133 -0.878049 2.25954
0.134 -0.918132 2.1988
0.135 -0.953002 2.13304
0.136 -0.982455 2.06232
0.137 -1.00631 1.98671
0.138 -1.02439 1.90632
0.139 -1.03656 1.82126
0.14 -1.0427 1.73165
0.141 -1.04271 1.63764
0.142 -1.03651 1.5394
0.143 -1.02405 1.4371
0.144 -1.00531 1.33094
0.145 -0.98029 1.22114
0.146 -0.949011 1.10793
0.147 -0.911529 0.991539
0.148 -0.867921 0.872242
0.149 -0.818293 0.750307
0.15 -0.762777 0.626021
0.151 -0.701532 0.499685
0.152 -0.634741 0.371611
0.153 -0.562615 0.242123
0.154 -0.485389 0.111555
0.155 -0.403323 -0.0197501
0.156 -0.316701 -0.15144
0.157 -0.22583 -0.283156
0.158 -0.13104 -0.414533
0.159 -0.0326803 -0.545199
0.16 0.0688782 -0.674781
0.161 0.173246 -0.802902
0.162 0.280018 -0.929183
0.163 0.38877 -1.05324
0.164 0.499066 -1.17471
0.165 0.610456 -1.29321
0.166 0.722479 -1.40836
0.167 0.834664 -1.51981
0.168 0.946534 -1.62719
0.169 1.0576 -1.73015
0.17 1.16739 -1.82836
0.171 1.27539 -1.92147
0.172 1.38113 -2.00918
0.173 1.48412 -2.09117
0.174 1.58386 -2.16715
0.175 1.6799 -2.23686
0.176 1.77174 -2.30002
0.177 1.85895 -2.3564
0.178 1.94106 -2.40578
0.179 2.01766 -2.44796
0.18 2.08831 -2.48276
0.181 2.15262 -2.51001
0.182 2.21022 -2.5296
0.183 2.26074 -2.5414
0.184 2.30386 -2.54533
0.185 2.33926 -2.54133
0.186 2.36666 -2.52937
0.187 2.38581 -2.50944
0.188 2.39648 -2.48155
0.189 2.39848 -2.44575
0.19 2.39164 -2.40211
0.191 2.37585 -2.35074
0.192 2.35099 -2.29175
0.193 2.31701 -2.22531
0.194 2.27388 -2.15158
0.195 2.22162 -2.07079
0.196 2.16027 -1.98316
0.197 2.08991 -1.88894
0.198 2.01066 -1.78843
0.199 1.92267 -1.68193
0.2 1.82613 -1.56978
0.201 1.72128 -1.45232
0.202 1.60837 -1.32993
0.203 1.4877 -1.203
0.204 1.3596 -1.07196
0.205 1.22443 -0.937236
0.206 1.08258 -0.799273
0.207 0.934486 -0.658538
0.208 0.780594 -0.515511
0.209 0.621387 -0.370682
0.21 0.457372 -0.224552
0.211 0.28908 -0.0776316
0.212 0.117064 0.0695617
0.213 -0.0581027 0.216505
0.214 -0.235827 0.362672
0.215 -0.415503 0.507535
0.216 -0.596508 0.650566
0.217 -0.778209 0.791238
0.218 -0.959965 0.929029
0.219 -1.14113 1.06342
0.22 -1.32104 1.19391
0.221 -1.49906 1.31999
0.222 -1.67452 1.44118
0.223 -1.84679 1.557
0.224 -2.01521 1.667
0.225 -2.17915 1.77072
0.226 -2.33799 1.86775
0.227 -2.49112 1.95768
0.228 -2.63796 2.04013
0.229 -2.77792 2.11474
0.23 -2.91046 2.18118
0.231 -3.03506 2.23914
0.232 -3.1512 2.28834
0.233 -3.25842 2.32853
0.234 -3.35627 2.35948
0.235 -3.44436 2.38101
0.236 -3.52229 2.39295
0.237 -3.58973 2.39519
0.238 -3.64639 2.38762
0.239 -3.69199 2.3702
0.24 -3.72633 2.34288
0.241 -3.7492 2.3057
0.242 -3.76049 2.25868
0.243 -3.76009 2.20191
0.244 -3.74796 2.1355
0.245 -3.72409 2.05961
0.246 -3.68851 1.97442
0.247 -3.64133 1.88014
0.248 -3.58266 1.77702
0.249 -3.51269 1.66535
0.25 -3.43163 1.54545
0.251 -3.33974 1.41766
0.252 -3.23735 1.28236
0.253 -3.12478 1.13994
0.254 -3.00245 0.990855
0.255 -2.87077 0.835549
0.256 -2.73022 0.674507
0.257 -2.58131 0.508234
0.258 -2.42457 0.337258
0.259 -2.26058 0.162124
0.26 -2.08995 -0.0166048
0.261 -1.91331 -0.19835
0.262 -1.73133 -0.382519
0.263 -1.54468 -0.568509
0.264 -1.35408 -0.755707
0.265 -1.16026 -0.943493
0.266 -0.963942 -1.13124
0.267 -0.765897 -1.31833
0.268 -0.566886 -1.50412
0.269 -0.367682 -1.68799
0.27 -0.169061 -1.86933
0.271 0.0281991 -2.04751
0.272 0.223322 -2.22193
0.273 0.415537 -2.392
0.274 0.604082 -2.55712
0.275 0.788205 -2.71674
0.276 0.967169 -2.87031
0.277 1.14025 -3.01729
0.278 1.30676 -3.15717
0.279 1.46601 -3.28948
0.28 1.61735 -3.41375
0.281 1.76017 -3.52955
0.282 1.89387 -3.63648
0.283 2.0179 -3.73415
0.284 2.13173 -3.82224
0.285 2.23488 -3.90042
0.286 2.32692 -3.96843
0.287 2.40744 -4.02603
0.288 2.47609 -4.07301
0.289 2.53256 -4.10921
0.29 2.5766 -4.1345
0.291 2.60798 -4.14879
0.292 2.62655 -4.15203
0.293 2.6322 -4.1442
0.294 2.62486 -4.12534
0.295 2.60453 -4.09551
0.296 2.57125 -4.05482
0.297 2.52512 -4.00341
0.298 2.46628 -3.94146
0.299 2.39495 -3.8692
0.3 2.31136 -3.78687
0.301 2.21582 -3.69478
0.302 2.10868 -3.59324
0.303 1.99034 -3.48262
0.304 1.86124 -3.36332
0.305 1.72189 -3.23575
0.306 1.5728 -3.10037
0.307 1.41456 -2.95765
0.308 1.24778 -2.80812
0.309 1.07311 -2.65229
0.31 0.891243 -2.49072
0.311 0.702894 -2.32398
0.312 0.508812 -2.15266
0.313 0.30977 -1.97736
0.314 0.106565 -1.79871
0.315 -0.0999863 -1.61734
0.316 -0.309049 -1.43387
0.317 -0.519776 -1.24896
0.318 -0.73131 -1.06326
0.319 -0.942785 -0.877404
0.32 -1.15333 -0.692049
0.321 -1.36209 -0.507837
0.322 -1.56818 -0.325406
0.323 -1.77076 -0.145383
0.324 -1.96898 0.031613
0.325 -2.162 0.204978
0.326 -2.34902 0.374125
0.327 -2.52923 0.538481
0.328 -2.70186 0.697499
0.329 -2.86619 0.850648
0.33 -3.02148 0.997427
0.331 -3.16707 1.13736
0.332 -3.3023 1.26999
0.333 -3.42659 1.39491
0.334 -3.53936 1.51172
0.335 -3.6401 1.62007
0.336 -3.72834 1.71964
0.337 -3.80366 1.81014
0.338 -3.86567 1.89133
0.339 -3.91407 1.96298
0.34 -3.94859 2.02494
0.341 -3.969 2.07706
0.342 -3.97516 2.11926
0.343 -3.96697 2.15146
0.344 -3.94438 2.17366
0.345 -3.90741 2.18589
0.346 -3.85613 2.1882
0.347 -3.79067 2.1807
0.348 -3.71122 2.16352
0.349 -3.61802 2.13686
0.35 -3.51137 2.10093
0.351 -3.39163 2.05597
0.352 -3.25921 2.00229
0.353 -3.11456 1.9402
0.354 -2.9582 1.87006
0.355 -2.79068 1.79226
0.356 -2.61262 1.70721
0.357 -2.42466 1.61537
0.358 -2.2275 1.5172
0.359 -2.02187 1.41319
0.36 -1.80852 1.30388
0.361 -1.58827 1.18979
0.362 -1.36194 1.07147
0.363 -1.13039 0.949515
0.364 -0.894506 0.824492
0.365 -0.655175 0.697
0.366 -0.413319 0.567642
0.367 -0.169866 0.437028
0.368 0.0742467 0.305768
0.369 0.318078 0.174476
0.37 0.560684 0.0437636
0.371 0.801125 -0.085764
0.372 1.03847 -0.213507
0.373 1.27178 -0.338874
0.374 1.50017 -0.461289
0.375 1.72273 -0.580185
0.376 1.9386 -0.695017
0.377 2.14693 -0.805256
0.378 2.34691 -0.910393
0.379 2.53775 -1.00994
0.38 2.7187 -1.10345
0.381 2.88905 -1.19048
0.382 3.04814 -1.27063
0.383 3.19533 -1.34352
0.384 3.33006 -1.40883
0.385 3.4518 -1.46623
0.386 3.56007 -1.51546
0.387 3.65444 -1.55627
0.388 3.73456 -1.58848
0.389 3.80011 -1.61192
0.39 3.85084 -1.62646
0.391 3.88657 -1.63203
0.392 3.90716 -1.62857
0.393 3.91256 -1.61609
0.394 3.90274 -1.5946
0.395 3.87778 -1.5642
0.396 3.83779 -1.52499
0.397 3.78294 -1.47712
0.398 3.7135 -1.42078
0.399 3.62974 -1.3562
0.4 3.53205 -1.28364
0.401 3.42084 -1.20339
0.402 3.29658 -1.1158
0.403 3.15982 -1.02121
0.404 3.01112 -0.920038
0.405 2.85113 -0.812693
0.406 2.68052 -0.699631
0.407 2.50003 -0.581327
0.408 2.31043 -0.458284
0.409 2.11252 -0.331022
0.41 1.90714 -0.200083
0.411 1.69518 -0.0660245
0.412 1.47754 0.0705816
0.413 1.25515 0.209151
0.414 1.02897 0.34909
0.415 0.799961 0.489797
0.416 0.569114 0.630668
0.417 0.337421 0.771095
0.418 0.105882 0.910473
0.419 -0.124501 1.0482
0.42 -0.352729 1.18368
0.421 -0.577812 1.31632
0.422 -0.798767 1.44555
0.423 -1.01463 1.5708
0.424 -1.22445 1.69153
0.425 -1.42731 1.8072
0.426 -1.6223 1.91732
0.427 -1.80857 2.0214
0.428 -1.98527 2.11898
0.429 -2.15162 2.20962
0.43 -2.30687 2.29293
0.431 -2.45029 2.36853
0.432 -2.58124 2.43609
0.433 -2.69911 2.49529
0.434 -2.80333 2.54589
0.435 -2.8934 2.58763
0.436 -2.96888 2.62033
0.437 -3.02939 2.64384
0.438 -3.0746 2.65804
0.439 -3.10426 2.66285
0.44 -3.11816 2.65825
0.441 -3.11619 2.64424
0.442 -3.09828 2.62087
0.443 -3.06443 2.58823
0.444 -3.01471 2.54646
0.445 -2.94926 2.49572
0.446 -2.86828 2.43623
0.447 -2.77205 2.36823
0.448 -2.66089 2.29203
0.449 -2.53521 2.20794
0.45 -2.39546 2.11632
0.451 -2.24217 2.01758
0.452 -2.07591 1.91214
0.453 -1.89732 1.80046
0.454 -1.70709 1.68303
0.455 -1.50597 1.56037
0.456 -1.29473 1.43302
0.457 -1.07422 1.30155
0.458 -0.845314 1.16653
0.459 -0.608921 1.02858
0.46 -0.365994 0.888303
0.461 -0.117514 0.746343
0.462 0.135511 0.603337
0.463 0.392051 0.459935
0.464 0.651056 0.316791
0.465 0.911462 0.174562
0.466 1.17219 0.0339015
0.467 1.43217 -0.104537
0.468 1.69031 -0.24011
0.469 1.94554 -0.37218
0.47 2.19678 -0.500123
0.471 2.44298 -0.623331
0.472 2.68308 -0.741212
0.473 2.91608 -0.853194
0.474 3.14097 -0.958729
0.475 3.35679 -1.05729
0.476 3.5626 -1.14839
0.477 3.75749 -1.23155
0.478 3.94063 -1.30634
0.479 4.11119 -1.37236
0.48 4.2684 -1.42925
0.481 4.41157 -1.47668
0.482 4.54003 -1.51436
0.483 4.65317 -1.54204
0.484 4.75047 -1.55952
0.485 4.83143 -1.56664
0.486 4.89566 -1.56327
0.487 4.9428 -1.54935
0.488 4.97257 -1.52485
0.489 4.98477 -1.48978
0.49 4.97925 -1.4442
0.491 4.95596 -1.38824
0.492 4.91489 -1.32204
0.493 4.85613 -1.2458
0.494 4.77982 -1.15977
0.495 4.68618 -1.06424
0.496 4.57552 -0.959538
0.497 4.44819 -0.846046
0.498 4.30462 -0.724176
0.499 4.14532 -0.594384
0.5 3.97084 -0.457161
0.501 3.78182 -0.313035
0.502 3.57895 -0.16257
0.503 3.36296 -0.00635758
0.504 3.13468 0.154978
0.505 2.89494 0.320788
0.506 2.64467 0.490397
0.507 2.3848 0.663109
0.508 2.11633 0.838209
0.509 1.84029 1.01497
0.51 1.55775 1.19263
0.511 1.26979 1.37045
0.512 0.977545 1.54767
0.513 0.682148 1.72351
0.514 0.384757 1.89721
0.515 0.08654 2.06801
0.516 -0.211328 2.23513
0.517 -0.507671 2.39784
0.518 -0.801313 2.55539
0.519 -1.09109 2.70705
0.52 -1.37584 2.85211
0.521 -1.65443 2.98989
0.522 -1.92575 3.11973
0.523 -2.18869 3.24098
0.524 -2.44222 3.35304
0.525 -2.68529 3.45533
0.526 -2.91693 3.5473
0.527 -3.13619 3.62846
0.528 -3.34218 3.69834
0.529 -3.53406 3.75651
0.53 -3.71104 3.80259
0.531 -3.87239 3.83625
0.532 -4.01744 3.85719
0.533 -4.14559 3.86517
0.534 -4.25631 3.85999
0.535 -4.34912 3.84153
0.536 -4.42362 3.80968
0.537 -4.4795 3.76441
0.538 -4.51651 3.70574
0.539 -4.53447 3.63371
0.54 -4.53329 3.54847
0.541 -4.51294 3.45018
0.542 -4.47349 3.33905
0.543 -4.41508 3.21538
0.544 -4.33791 3.07948
0.545 -4.24229 2.93174
0.546 -4.12856 2.77257
0.547 -3.99719 2.60245
0.548 -3.84867 2.4219
0.549 -3.6836 2.23148
0.55 -3.50263 2.03179
0.551 -3.30648 1.82348
0.552 -3.09593 1.60723
0.553 -2.87182 1.38375
0.554 -2.63507 1.15379
0.555 -2.38661 0.918134
0.556 -2.12747 0.677582
0.557 -1.85868 0.432962
0.558 -1.58135 0.185123
0.559 -1.2966 -0.065069
0.56 -1.0056 -0.316735
0.561 -0.709539 -0.568984
0.562 -0.40964 -0.82092
0.563 -0.107137 -1.07164
0.564 0.19672 -1.32024
0.565 0.500674 -1.56583
0.566 0.803459 -1.80751
0.567 1.10382 -2.04441
0.568 1.40049 -2.27565
0.569 1.69223 -2.50039
0.57 1.97781 -2.71779
0.571 2.25603 -2.92706
0.572 2.52571 -3.12741
0.573 2.78569 -3.3181
0.574 3.03487 -3.49841
0.575 3.27217 -3.66766
0.576 3.49657 -3.82521
0.577 3.70708 -3.97048
0.578 3.90278 -4.10289
0.579 4.0828 -4.22195
0.58 4.24634 -4.3272
0.581 4.39265 -4.41823
0.582 4.52106 -4.49468
0.583 4.63097 -4.55626
0.584 4.72183 -4.60271
0.585 4.7932 -4.63385
0.586 4.84469 -4.64954
0.587 4.876 -4.64971
0.588 4.88692 -4.63434
0.589 4.8773 -4.60348
0.59 4.84708 -4.55722
0.591 4.7963 -4.49572
0.592 4.72505 -4.41921
0.593 4.63354 -4.32795
0.594 4.52204 -4.22228
0.595 4.39089 -4.10259
0.596 4.24054 -3.96931
0.597 4.07149 -3.82295
0.598 3.88434 -3.66404
0.599 3.67975 -3.49318
0.6 3.45844 -3.31101
0.601 3.22123 -3.11821
0.602 2.96899 -2.9155
0.603 2.70264 -2.70366
0.604 2.42318 -2.48349
0.605 2.13164 -2.25581
0.606 1.82914 -2.02149
0.607 1.51681 -1.78143
0.608 1.19584 -1.53654
0.609 0.867444 -1.28775
0.61 0.532887 -1.03601
0.611 0.19345 -0.782285
0.612 -0.149561 -0.527551
0.613 -0.494823 -0.272785
0.614 -0.841 -0.0189637
0.615 -1.18675 0.232935
0.616 -1.53073 0.48194
0.617 -1.87159 0.727091
0.618 -2.20801 0.96744
0.619 -2.53867 1.20206
0.62 -2.86228 1.43003
0.621 -3.17756 1.65048
0.622 -3.48327 1.86255
0.623 -3.7782 2.06541
0.624 -4.0612 2.25827
0.625 -4.33113 2.44038
0.626 -4.58694 2.61102
0.627 -4.82759 2.76952
0.628 -5.05213 2.91527
0.629 -5.25967 3.04768
0.63 -5.44938 3.16624
0.631 -5.62048 3.27046
0.632 -5.77229 3.35994
0.633 -5.9042 3.43431
0.634 -6.01566 3.49327
0.635 -6.10622 3.53659
0.636 -6.17551 3.56407
0.637 -6.22323 3.57559
0.638 -6.24918 3.5711
0.639 -6.25323 3.5506
0.64 -6.23535 3.51415
0.641 -6.19559 3.46187
0.642 -6.13409 3.39395
0.643 -6.05107 3.31065
0.644 -5.94685 3.21225
0.645 -5.82182 3.09914
0.646 -5.67646 2.97173
0.647 -5.51132 2.8305
0.648 -5.32704 2.67599
0.649 -5.12434 2.50876
0.65 -4.904 2.32947
0.651 -4.66688 2.13878
0.652 -4.41391 1.93742
0.653 -4.14607 1.72616
0.654 -3.86441 1.5058
0.655 -3.57004 1.27718
0.656 -3.26411 1.04117
0.657 -2.94783 0.798678
0.658 -2.62243 0.550624
0.659 -2.2892 0.297959
0.66 -1.94945 0.0416472
0.661 -1.60452 -0.217329
0.662 -1.25577 -0.477979
0.663 -0.904576 -0.739306
0.664 -0.552327 -1.00031
0.665 -0.200413 -1.25998
0.666 0.149775 -1.51734
0.667 0.496852 -1.7714
0.668 0.839446 -2.02117
0.669 1.1762 -2.26571
0.67 1.50579 -2.50409
0.671 1.8269 -2.73538
0.672 2.13827 -2.9587
0.673 2.43866 -3.1732
0.674 2.72689 -3.37806
0.675 3.00181 -3.5725
0.676 3.26235 -3.75577
0.677 3.50746 -3.92718
0.678 3.73619 -4.08608
0.679 3.94763 -4.23185
0.68 4.14096 -4.36396
0.681 4.3154 -4.4819
0.682 4.47028 -4.58522
0.683 4.60499 -4.67353
0.684 4.71901 -4.74652
0.685 4.81189 -4.8039
0.686 4.88329 -4.84547
0.687 4.93293 -4.87108
0.688 4.96063 -4.88064
0.689 4.9663 -4.87414
0.69 4.94994 -4.8516
0.691 4.91163 -4.81313
0.692 4.85154 -4.75889
0.693 4.76994 -4.6891
0.694 4.66718 -4.60404
0.695 4.5437 -4.50406
0.696 4.4 -4.38955
0.697 4.23671 -4.26097
0.698 4.05448 -4.11882
0.699 3.8541 -3.96367
0.7 3.63638 -3.79612
0.701 3.40224 -3.61683
0.702 3.15263 -3.42651
0.703 2.8886 -3.22588
0.704 2.61124 -3.01574
0.705 2.32169 -2.7969
0.706 2.02116 -2.57021
0.707 1.71088 -2.33654
0.708 1.39215 -2.0968
0.709 1.06626 -1.85191
0.71 0.734588 -1.60282
0.711 0.398489 -1.35047
0.712 0.0593597 -1.09584
0.713 -0.281396 -0.839897
0.714 -0.622367 -0.583618
0.715 -0.962138 -0.327975
0.716 -1.2993 -0.0739377
0.717 -1.63245 0.177535
0.718 -1.9602 0.425497
0.719 -2.2812 0.669019
0.72 -2.59409 0.90719
0.721 -2.89758 1.13913
0.722 -3.1904 1.36397
0.723 -3.47131 1.5809
0.724 -3.73915 1.78911
0.725 -3.99278 1.98786
0.726 -4.23113 2.17642
0.727 -4.45319 2.35413
0.728 -4.65802 2.52037
0.729 -4.84475 2.67455
0.73 -5.01256 2.81614
0.731 -5.16074 2.94468
0.732 -5.28864 3.05974
0.733 -5.39569 3.16096
0.734 -5.4814 3.24803
0.735 -5.5454 3.32071
0.736 -5.58736 3.3788
0.737 -5.60706 3.42218
0.738 -5.60439 3.45078
0.739 -5.57929 3.46459
0.74 -5.53183 3.46367
0.741 -5.46214 3.44813
0.742 -5.37047 3.41814
0.743 -5.25712 3.37394
0.744 -5.12252 3.31582
0.745 -4.96716 3.24411
0.746 -4.79161 3.15924
0.747 -4.59655 3.06164
0.748 -4.38272 2.95184
0.749 -4.15093 2.83038
0.75 -3.90208 2.69787
0.751 -3.63714 2.55496
0.752 -3.35712 2.40233
0.753 -3.06312 2.24072
0.754 -2.75629 2.07088
0.755 -2.43783 1.89362
0.756 -2.10898 1.70976
0.757 -1.77104 1.52015
0.758 -1.42533 1.32567
0.759 -1.07322 1.1272
0.76 -0.716094 0.925662
0.761 -0.355361 0.72196
0.762 0.00755518 0.517024
0.763 0.371219 0.311783
0.764 0.734194 0.107164
0.765 1.09504 -0.0959093
0.766 1.45233 -0.296522
0.767 1.80466 -0.49377
0.768 2.15061 -0.686766
0.769 2.48883 -0.874643
0.77 2.81798 -1.05656
0.771 3.13674 -1.23169
0.772 3.44385 -1.39924
0.773 3.73811 -1.55848
0.774 4.01833 -1.70866
0.775 4.28342 -1.84912
0.776 4.53233 -1.97922
0.777 4.76407 -2.09837
0.778 4.97772 -2.20601
0.779 5.17245 -2.30166
0.78 5.34749 -2.38487
0.781 5.50216 -2.45525
0.782 5.63584 -2.51246
0.783 5.74803 -2.55623
0.784 5.83828 -2.58633
0.785 5.90626 -2.6026
0.786 5.95171 -2.60494
0.787 5.97447 -2.59331
0.788 5.97447 -2.56771
0.789 5.95173 -2.52823
0.79 5.90636 -2.475
0.791 5.83857 -2.40822
0.792 5.74867 -2.32814
0.793 5.63702 -2.23507
0.794 5.50412 -2.12937
0.795 5.35052 -2.01146
0.796 5.17687 -1.88183
0.797 4.98389 -1.74098
0.798 4.77239 -1.5895
0.799 4.54325 -1.428
0.8 4.29744 -1.25714
0.801 4.03596 -1.07763
0.802 3.75991 -0.890211
0.803 3.47043 -0.695652
0.804 3.16872 -0.494763
0.805 2.85603 -0.288381
0.806 2.53366 -0.0773646
0.807 2.20295 0.137403
0.808 1.86526 0.355023
0.809 1.52199 0.574582
0.81 1.17458 0.795156
0.811 0.824444 1.01582
0.812 0.473049 1.23563
0.813 0.121849 1.45367
0.814 -0.227699 1.669
0.815 -0.574146 1.88072
0.816 -0.916052 2.08792
0.817 -1.252 2.28972
0.818 -1.58058 2.48524
0.819 -1.90044 2.67366
0.82 -2.21025 2.85416
0.821 -2.50871 3.02595
0.822 -2.79457 3.18829
0.823 -3.06664 3.34047
0.824 -3.32378 3.48182
0.825 -3.56492 3.61172
0.826 -3.78903 3.72959
0.827 -3.99519 3.8349
0.828 -4.1825 3.92718
0.829 -4.35019 4.00599
0.83 -4.49753 4.07097
0.831 -4.6239 4.1218
0.832 -4.72874 4.15823
0.833 -4.81161 4.18006
0.834 -4.87213 4.18716
0.835 -4.91002 4.17945
0.836 -4.9251 4.15692
0.837 -4.91729 4.11961
0.838 -4.88658 4.06763
0.839 -4.83308 4.00116
0.84 -4.75696 3.92042
0.841 -4.65853 3.82571
0.842 -4.53815 3.71737
0.843 -4.39629 3.59581
0.844 -4.2335 3.46149
0.845 -4.05044 3.31493
0.846 -3.84782 3.15669
0.847 -3.62645 2.98739
0.848 -3.38722 2.8077
0.849 -3.13108 2.61831
0.85 -2.85907 2.42
0.851 -2.57228 2.21353
0.852 -2.27187 1.99974
0.853 -1.95906 1.77948
0.854 -1.63512 1.55365
0.855 -1.30136 1.32314
0.856 -0.959136 1.0889
0.857 -0.60985 0.851868
0.858 -0.254925 0.613013
0.859 0.104188 0.373308
0.86 0.466018 0.133731
0.861 0.829081 -0.104735
0.862 1.19188 -0.341111
0.863 1.55294 -0.574424
0.864 1.91075 -0.803712
0.865 2.26384 -1.02803
0.866 2.61076 -1.24643
0.867 2.95006 -1.45803
0.868 3.28033 -1.66192
0.869 3.6002 -1.85727
0.87 3.90833 -2.04324
0.871 4.20344 -2.21906
0.872 4.48427 -2.38398
0.873 4.74966 -2.5373
0.874 4.99846 -2.67836
0.875 5.22964 -2.80655
0.876 5.44219 -2.92133
0.877 5.6352 -3.02218
0.878 5.80784 -3.10866
0.879 5.95934 -3.18038
0.88 6.08904 -3.23702
0.881 6.19635 -3.2783
0.882 6.28077 -3.30401
0.883 6.3419 -3.31402
0.884 6.37942 -3.30825
0.885 6.39312 -3.28668
0.886 6.38287 -3.24937
0.887 6.34866 -3.19642
0.888 6.29054 -3.12802
0.889 6.20869 -3.04441
0.89 6.10337 -2.94589
0.891 5.97494 -2.83285
0.892 5.82384 -2.70569
0.893 5.65063 -2.56492
0.894 5.45592 -2.41108
0.895 5.24044 -2.24476
0.896 5.00499 -2.06663
0.897 4.75046 -1.87738
0.898 4.4778 -1.67777
0.899 4.18805 -1.46858
0.9 3.88233 -1.25067
0.901 3.56179 -1.0249
0.902 3.22767 -0.792184
0.903 2.88125 -0.553468
0.904 2.52388 -0.309719
0.905 2.15694 -0.0619316
0.906 1.78185 0.188881
0.907 1.40006 0.441689
0.908 1.01307 0.695452
0.909 0.622384 0.949121
0.91 0.22952 1.20164
0.911 -0.163983 1.45197
0.912 -0.556587 1.69905
0.913 -0.946754 1.94184
0.914 -1.33296 2.17934
0.915 -1.71368 2.41052
0.916 -2.08744 2.6344
0.917 -2.45275 2.85003
0.918 -2.8082 3.05648
0.919 -3.15237 3.25284
0.92 -3.48392 3.43826
0.921 -3.80155 3.61192
0.922 -4.10401 3.77305
0.923 -4.39011 3.92091
0.924 -4.65872 4.05484
0.925 -4.90879 4.1742
0.926 -5.13934 4.27842
0.927 -5.34947 4.367
0.928 -5.53835 4.43948
0.929 -5.70524 4.49547
0.93 -5.8495 4.53465
0.931 -5.97055 4.55675
0.932 -6.06794 4.56159
0.933 -6.14128 4.54903
0.934 -6.19031 4.51901
0.935 -6.21484 4.47155
0.936 -6.21478 4.40673
0.937 -6.19015 4.32468
0.938 -6.14107 4.22562
0.939 -6.06774 4.10984
0.94 -5.97048 3.97768
0.941 -5.8497 3.82955
0.942 -5.70588 3.66593
0.943 -5.53962 3.48736
0.944 -5.35161 3.29444
0.945 -5.14261 3.08781
0.946 -4.91348 2.86819
0.947 -4.66516 2.63634
0.948 -4.39865 2.39308
0.949 -4.11504 2.13926
0.95 -3.81549 1.87579
0.951 -3.50121 1.6036
0.952 -3.17349 1.32367
0.953 -2.83366 1.03702
0.954 -2.48311 0.74468
0.955 -2.12325 0.447712
0.956 -1.75556 0.147201
0.957 -1.38153 -0.155755
0.958 -1.00268 -0.460044
0.959 -0.620564 -0.764549
0.96 -0.236729 -1.06815
0.961 0.147257 -1.36972
0.962 0.529828 -1.66815
0.963 0.909422 -1.96234
0.964 1.28449 -2.25119
0.965 1.6535 -2.53364
0.966 2.01495 -2.80863
0.967 2.36734 -3.07514
0.968 2.70925 -3.33219
0.969 3.03926 -3.57881
0.97 3.35603 -3.81409
0.971 3.65824 -4.03715
0.972 3.94466 -4.24717
0.973 4.2141 -4.44336
0.974 4.46545 -4.62499
0.975 4.69766 -4.7914
0.976 4.90977 -4.94196
0.977 5.10089 -5.07612
0.978 5.27022 -5.19339
0.979 5.41704 -5.29334
0.98 5.54073 -5.3756
0.981 5.64076 -5.43987
0.982 5.71668 -5.48594
0.983 5.76815 -5.51364
0.984 5.79494 -5.52288
0.985 5.79689 -5.51366
0.986 5.77396 -5.48601
0.987 5.7262 -5.44007
0.988 5.65377 -5.37603
0.989 5.55692 -5.29416
0.99 5.436 -5.19478
0.991 5.29146 -5.0783
0.992 5.12384 -4.94518
0.993 4.93378 -4.79594
0.994 4.722 -4.63119
0.995 4.48932 -4.45156
0.996 4.23662 -4.25776
0.997 3.9649 -4.05056
0.998 3.67521 -3.83076
0.999 3.36866 -3.59923
1 3.04647 -3.35687
