0.001 3.35951e-008 2.56338e-009
0.002 3.06504e-007 2.05838e-008
0.003 1.44758e-006 8.53999e-008
0.004 4.80252e-006 2.50544e-007
0.005 1.27249e-005 5.94116e-007
0.006 2.88571e-005 1.22279e-006
0.007 5.8399e-005 2.27785e-006
0.008 0.000108361 3.94378e-006
0.009 0.000187802 6.45958e-006
0.01 0.000308043 1.01334e-005
0.011 0.000482865 1.53605e-005
0.012 0.000728677 2.26454e-005
0.013 0.00106466 3.26274e-005
0.014 0.00151291 4.61108e-005
0.015 0.00209847 6.40991e-005
0.016 0.00284945 8.78339e-005
0.017 0.00379703 0.000118838
0.018 0.00497546 0.000158962
0.019 0.00642202 0.000210438
0.02 0.00817694 0.000275932
0.021 0.0102833 0.000358607
0.022 0.0127871 0.000462185
0.023 0.0157365 0.000591012
0.024 0.0191824 0.00075013
0.025 0.0231776 0.000945346
0.026 0.027777 0.00118331
0.027 0.0330368 0.00147158
0.028 0.0390146 0.00181871
0.029 0.0457689 0.00223433
0.03 0.0533588 0.0027292
0.031 0.0618434 0.0033153
0.032 0.0712816 0.00400591
0.033 0.0817317 0.00481564
0.034 0.0932507 0.00576056
0.035 0.105894 0.00685821
0.036 0.119715 0.00812767
0.037 0.134765 0.00958962
0.038 0.151091 0.0112664
0.039 0.168737 0.0131819
0.04 0.187744 0.0153619
0.041 0.208148 0.0178338
0.042 0.229979 0.0206267
0.043 0.253263 0.0237715
0.044 0.27802 0.0273006
0.045 0.304261 0.0312484
0.046 0.331995 0.0356507
0.047 0.361221 0.040545
0.048 0.391931 0.0459703
0.049 0.424109 0.051967
0.05 0.457732 0.0585769
0.051 0.492768 0.065843
0.052 0.529177 0.0738094
0.053 0.566909 0.0825212
0.054 0.605908 0.0920243
0.055 0.646107 0.102365
0.056 0.687429 0.113591
0.057 0.729792 0.125749
0.058 0.773101 0.138886
0.059 0.817256 0.15305
0.06 0.862145 0.168287
0.061 0.907651 0.184643
0.062 0.953646 0.202164
0.063 0.999996 0.220893
0.064 1.04656 0.240872
0.065 1.09319 0.262143
0.066 1.13972 0.284742
0.067 1.18601 0.308708
0.068 1.23187 0.334072
0.069 1.27715 0.360865
0.07 1.32166 0.389115
0.071 1.36522 0.418843
0.072 1.40766 0.45007
0.073 1.44879 0.48281
0.074 1.48842 0.517075
0.075 1.52637 0.552868
0.076 1.56246 0.59019
0.077 1.5965 0.629036
0.078 1.62831 0.669395
0.079 1.65771 0.711249
0.08 1.68453 0.754575
0.081 1.7086 0.799343
0.082 1.72975 0.845517
0.083 1.74784 0.893052
0.084 1.76271 0.941897
0.085 1.77423 0.991996
0.086 1.78225 1.04328
0.087 1.78667 1.09568
0.088 1.78738 1.14912
0.089 1.78427 1.2035
0.09 1.77726 1.25874
0.091 1.76629 1.31472
0.092 1.75129 1.37134
0.093 1.73223 1.42849
0.094 1.70908 1.48603
0.095 1.68183 1.54383
0.096 1.65047 1.60177
0.097 1.61505 1.65968
0.098 1.57558 1.71743
0.099 1.53214 1.77485
0.1 1.48479 1.83178
0.101 1.43362 1.88806
0.102 1.37874 1.9435
0.103 1.32028 1.99794
0.104 1.25838 2.0512
0.105 1.1932 2.10308
0.106 1.12491 2.15341
0.107 1.05371 2.20199
0.108 0.979798 2.24863
0.109 0.903409 2.29315
0.11 0.824775 2.33534
0.111 0.744149 2.37503
0.112 0.661796 2.41202
0.113 0.577991 2.44612
0.114 0.493024 2.47715
0.115 0.407194 2.50493
0.116 0.320807 2.52928
0.117 0.234181 2.55002
0.118 0.147637 2.567
0.119 0.0615047 2.58005
0.12 -0.0238833 2.58901
0.121 -0.108191 2.59375
0.122 -0.19108 2.59412
0.123 -0.272214 2.59001
0.124 -0.351255 2.58129
0.125 -0.427868 2.56786
0.126 -0.501723 2.54963
0.127 -0.572496 2.52651
0.128 -0.639869 2.49844
0.129 -0.703533 2.46537
0.13 -0.763187 2.42725
0.131 -0.818543 2.38405
0.132 -0.869327 2.33578
0.133 -0.915277 2.28242
0.134 -0.956146 2.22401
0.135 -0.991707 2.16058
0.136 -1.02175 2.09219
0.137 -1.04608 2.01889
0.138 -1.06452 1.94079
0.139 -1.07693 1.85799
0.14 -1.08318 1.7706
0.141 -1.08317 1.67878
0.142 -1.0768 1.58266
0.143 -1.06404 1.48242
0.144 -1.04484 1.37826
0.145 -1.01921 1.27038
0.146 -0.98717 1.15899
0.147 -0.948762 1.04434
0.148 -0.904066 0.926675
0.149 -0.853186 0.806262
0.15 -0.796252 0.683381
0.151 -0.733421 0.558325
0.152 -0.664879 0.431398
0.153 -0.590834 0.302919
0.154 -0.511524 0.173214
0.155 -0.42721 0.0426201
0.156 -0.338179 -0.0885155
0.157 -0.244741 -0.219839
0.158 -0.14723 -0.35099
0.159 -0.0459989 -0.481603
0.16 0.0585749 -0.611306
0.161 0.166097 -0.739726
0.162 0.276154 -0.866487
0.163 0.388315 -0.991212
0.164 0.502137 -1.11353
0.165 0.61716 -1.23305
0.166 0.732914 -1.34943
0.167 0.848918 -1.46228
0.168 0.964683 -1.57124
0.169 1.07972 -1.67598
0.17 1.19351 -1.77613
0.171 1.30558 -1.87137
0.172 1.4154 -1.96137
0.173 1.52249 -2.04582
0.174 1.62635 -2.12443
0.175 1.72647 -2.19691
0.176 1.82239 -2.263
0.177 1.91362 -2.32245
0.178 1.99971 -2.37504
0.179 2.0802 -2.42055
0.18 2.15467 -2.45879
0.181 2.22271 -2.48959
0.182 2.28391 -2.51282
0.183 2.33791 -2.52835
0.184 2.38435 -2.53608
0.185 2.42292 -2.53595
0.186 2.45332 -2.52789
0.187 2.47528 -2.5119
0.188 2.48856 -2.48798
0.189 2.49296 -2.45616
0.19 2.48829 -2.41649
0.191 2.47443 -2.36907
0.192 2.45125 -2.314
0.193 2.4187 -2.25143
0.194 2.37673 -2.18151
0.195 2.32534 -2.10445
0.196 2.26458 -2.02046
0.197 2.19451 -1.92979
0.198 2.11525 -1.8327
0.199 2.02695 -1.72949
0.2 1.92979 -1.62048
0.201 1.82401 -1.506
0.202 1.70984 -1.38643
0.203 1.5876 -1.26213
0.204 1.45761 -1.13352
0.205 1.32024 -1.00102
0.206 1.17588 -0.865064
0.207 1.02496 -0.726108
0.208 0.867942 -0.584621
0.209 0.705308 -0.441085
0.21 0.537575 -0.295993
0.211 0.365282 -0.149849
0.212 0.188992 -0.00316271
0.213 0.00929036 0.143548
0.214 -0.17322 0.28976
0.215 -0.357919 0.434951
0.216 -0.54417 0.578595
0.217 -0.731325 0.720166
0.218 -0.918726 0.859145
0.219 -1.10571 0.995013
0.22 -1.2916 1.12726
0.221 -1.47573 1.25539
0.222 -1.65743 1.3789
0.223 -1.83602 1.49732
0.224 -2.01084 1.61018
0.225 -2.18124 1.71704
0.226 -2.34658 1.81746
0.227 -2.50621 1.91103
0.228 -2.65954 1.99735
0.229 -2.80596 2.07606
0.23 -2.94489 2.14681
0.231 -3.0758 2.20929
0.232 -3.19815 2.26319
0.233 -3.31145 2.30826
0.234 -3.41523 2.34426
0.235 -3.50906 2.37097
0.236 -3.59255 2.38823
0.237 -3.66533 2.3959
0.238 -3.72707 2.39385
0.239 -3.77751 2.38202
0.24 -3.81639 2.36036
0.241 -3.84352 2.32886
0.242 -3.85874 2.28755
0.243 -3.86194 2.23649
0.244 -3.85305 2.17577
0.245 -3.83205 2.10552
0.246 -3.79898 2.02591
0.247 -3.7539 1.93713
0.248 -3.69693 1.83942
0.249 -3.62824 1.73304
0.25 -3.54805 1.61827
0.251 -3.4566 1.49546
0.252 -3.35421 1.36496
0.253 -3.24121 1.22716
0.254 -3.118 1.08246
0.255 -2.98501 0.931314
0.256 -2.84272 0.774183
0.257 -2.69162 0.611559
0.258 -2.53227 0.443951
0.259 -2.36524 0.271891
0.26 -2.19116 0.0959296
0.261 -2.01067 -0.0833673
0.262 -1.82444 -0.265419
0.263 -1.63317 -0.449632
0.264 -1.43758 -0.635404
0.265 -1.23841 -0.822121
0.266 -1.03643 -1.00917
0.267 -0.832405 -1.19592
0.268 -0.627124 -1.38175
0.269 -0.421381 -1.56605
0.27 -0.215977 -1.74819
0.271 -0.0117135 -1.92755
0.272 0.190608 -2.10353
0.273 0.39019 -2.27554
0.274 0.586242 -2.44298
0.275 0.777986 -2.60528
0.276 0.964654 -2.76189
0.277 1.1455 -2.91227
0.278 1.31979 -3.05591
0.279 1.48681 -3.19231
0.28 1.6459 -3.321
0.281 1.79639 -3.44153
0.282 1.93767 -3.55348
0.283 2.06915 -3.65648
0.284 2.19027 -3.75016
0.285 2.30053 -3.83419
0.286 2.39945 -3.90829
0.287 2.48662 -3.9722
0.288 2.56164 -4.02569
0.289 2.62418 -4.06857
0.29 2.67395 -4.10071
0.291 2.71072 -4.12199
0.292 2.73431 -4.13234
0.293 2.74457 -4.13172
0.294 2.74142 -4.12015
0.295 2.72485 -4.09765
0.296 2.69487 -4.06432
0.297 2.65157 -4.02028
0.298 2.59507 -3.96568
0.299 2.52557 -3.90073
0.3 2.44331 -3.82565
0.301 2.34858 -3.74072
0.302 2.24172 -3.64625
0.303 2.12312 -3.54256
0.304 1.99324 -3.43003
0.305 1.85256 -3.30907
0.306 1.70161 -3.1801
0.307 1.54098 -3.0436
0.308 1.37128 -2.90004
0.309 1.19318 -2.74994
0.31 1.00737 -2.59383
0.311 0.814589 -2.43227
0.312 0.615588 -2.26584
0.313 0.411162 -2.09512
0.314 0.202125 -1.92072
0.315 -0.0106853 -1.74326
0.316 -0.226414 -1.56337
0.317 -0.444188 -1.38168
0.318 -0.663127 -1.19883
0.319 -0.882338 -1.01546
0.32 -1.10092 -0.832219
0.321 -1.31799 -0.649739
0.322 -1.53264 -0.468658
0.323 -1.74398 -0.289603
0.324 -1.95114 -0.113191
0.325 -2.15325 0.0599715
0.326 -2.34945 0.229294
0.327 -2.53893 0.394203
0.328 -2.72087 0.554141
0.329 -2.89449 0.708576
0.33 -3.05905 0.856995
0.331 -3.21384 0.998911
0.332 -3.35817 1.13387
0.333 -3.4914 1.26143
0.334 -3.61294 1.3812
0.335 -3.72224 1.49281
0.336 -3.81878 1.59592
0.337 -3.90212 1.69024
0.338 -3.97184 1.77549
0.339 -4.02761 1.85146
0.34 -4.06911 1.91794
0.341 -4.09611 1.97478
0.342 -4.10842 2.02188
0.343 -4.10592 2.05915
0.344 -4.08855 2.08656
0.345 -4.05629 2.10412
0.346 -4.00919 2.11187
0.347 -3.94738 2.10988
0.348 -3.87102 2.09829
0.349 -3.78034 2.07725
0.35 -3.67563 2.04696
0.351 -3.55724 2.00765
0.352 -3.42556 1.95959
0.353 -3.28107 1.90308
0.354 -3.12426 1.83847
0.355 -2.95569 1.76613
0.356 -2.77598 1.68644
0.357 -2.58578 1.59984
0.358 -2.38579 1.50679
0.359 -2.17676 1.40776
0.36 -1.95946 1.30326
0.361 -1.73471 1.19381
0.362 -1.50336 1.07995
0.363 -1.26628 0.962247
0.364 -1.02438 0.841265
0.365 -0.778586 0.717592
0.366 -0.529831 0.591822
0.367 -0.279077 0.464555
0.368 -0.0272915 0.336396
0.369 0.224552 0.207952
0.37 0.475476 0.0798288
0.371 0.724506 -0.0473704
0.372 0.97067 -0.173049
0.373 1.21301 -0.296617
0.374 1.45057 -0.417498
0.375 1.68243 -0.535125
0.376 1.90768 -0.64895
0.377 2.12542 -0.758441
0.378 2.33481 -0.863086
0.379 2.53502 -0.962394
0.38 2.72525 -1.0559
0.381 2.90476 -1.14317
0.382 3.07284 -1.22378
0.383 3.22883 -1.29736
0.384 3.3721 -1.36355
0.385 3.50209 -1.42204
0.386 3.6183 -1.47255
0.387 3.72026 -1.51481
0.388 3.80757 -1.54864
0.389 3.87989 -1.57384
0.39 3.93693 -1.59028
0.391 3.97849 -1.59786
0.392 4.0044 -1.59653
0.393 4.01458 -1.58626
0.394 4.00898 -1.56708
0.395 3.98766 -1.53904
0.396 3.9507 -1.50224
0.397 3.89828 -1.45681
0.398 3.83063 -1.40294
0.399 3.74803 -1.34083
0.4 3.65085 -1.27073
0.401 3.5395 -1.19293
0.402 3.41444 -1.10774
0.403 3.27623 -1.01552
0.404 3.12543 -0.916646
0.405 2.9627 -0.811531
0.406 2.78872 -0.700618
0.407 2.60424 -0.584373
0.408 2.41004 -0.463286
0.409 2.20694 -0.337872
0.41 1.99581 -0.208663
0.411 1.77756 -0.0762099
0.412 1.55311 0.05892
0.413 1.32342 0.196148
0.414 1.08948 0.334884
0.415 0.852289 0.474531
0.416 0.612871 0.614485
0.417 0.372254 0.754141
0.418 0.131478 0.892893
0.419 -0.108414 1.03014
0.42 -0.346383 1.16528
0.421 -0.581392 1.29772
0.422 -0.812416 1.42688
0.423 -1.03844 1.5522
0.424 -1.25848 1.67313
0.425 -1.47155 1.78912
0.426 -1.67672 1.89967
0.427 -1.87307 2.00428
0.428 -2.05972 2.10248
0.429 -2.23582 2.19384
0.43 -2.40059 2.27794
0.431 -2.55325 2.3544
0.432 -2.69312 2.42288
0.433 -2.81952 2.48305
0.434 -2.93187 2.53463
0.435 -3.02961 2.5774
0.436 -3.11227 2.61113
0.437 -3.17943 2.63566
0.438 -3.23071 2.65087
0.439 -3.26584 2.65666
0.44 -3.28458 2.653
0.441 -3.28677 2.63989
0.442 -3.27233 2.61735
0.443 -3.24124 2.58547
0.444 -3.19354 2.54437
0.445 -3.12936 2.4942
0.446 -3.04887 2.43518
0.447 -2.95235 2.36755
0.448 -2.84012 2.29157
0.449 -2.71256 2.20758
0.45 -2.57014 2.11593
0.451 -2.41338 2.01701
0.452 -2.24287 1.91123
0.453 -2.05924 1.79907
0.454 -1.86321 1.68099
0.455 -1.65552 1.55753
0.456 -1.43699 1.42921
0.457 -1.20846 1.2966
0.458 -0.970855 1.16029
0.459 -0.725102 1.02088
0.46 -0.472187 0.878989
0.461 -0.213126 0.735261
0.462 0.0510367 0.590338
0.463 0.319229 0.444878
0.464 0.59036 0.29954
0.465 0.863319 0.15499
0.466 1.13698 0.0118928
0.467 1.41023 -0.12909
0.468 1.68191 -0.267301
0.469 1.95091 -0.402091
0.47 2.2161 -0.532824
0.471 2.47635 -0.658876
0.472 2.73058 -0.77964
0.473 2.97771 -0.894529
0.474 3.21667 -1.00298
0.475 3.44644 -1.10444
0.476 3.66603 -1.19841
0.477 3.87449 -1.2844
0.478 4.07089 -1.36196
0.479 4.25437 -1.43067
0.48 4.42412 -1.49013
0.481 4.57936 -1.54002
0.482 4.71938 -1.58001
0.483 4.84352 -1.60985
0.484 4.95121 -1.62931
0.485 5.04192 -1.6382
0.486 5.11518 -1.6364
0.487 5.1706 -1.62381
0.488 5.20788 -1.60039
0.489 5.22676 -1.56613
0.49 5.22707 -1.52108
0.491 5.20871 -1.46535
0.492 5.17166 -1.39907
0.493 5.11598 -1.32242
0.494 5.04179 -1.23565
0.495 4.9493 -1.13902
0.496 4.83879 -1.03287
0.497 4.71062 -0.917561
0.498 4.56521 -0.7935
0.499 4.40306 -0.661137
0.5 4.22474 -0.520961
0.501 4.03088 -0.373497
0.502 3.82219 -0.219306
0.503 3.59943 -0.0589837
0.504 3.36343 0.106846
0.505 3.11506 0.277528
0.506 2.85525 0.452384
0.507 2.585 0.630708
0.508 2.30533 0.811776
0.509 2.0173 0.994847
0.51 1.72203 1.17916
0.511 1.42065 1.36395
0.512 1.11435 1.54844
0.513 0.804295 1.73184
0.514 0.491716 1.91337
0.515 0.177834 2.09223
0.516 -0.136115 2.26766
0.517 -0.448892 2.43886
0.518 -0.759257 2.60508
0.519 -1.06598 2.76557
0.52 -1.36783 2.91959
0.521 -1.66361 3.06642
0.522 -1.95212 3.20537
0.523 -2.23222 3.33577
0.524 -2.50277 3.45699
0.525 -2.76266 3.56842
0.526 -3.01086 3.66948
0.527 -3.24635 3.75964
0.528 -3.46816 3.83839
0.529 -3.67539 3.90528
0.53 -3.86718 3.9599
0.531 -4.04274 4.00187
0.532 -4.20133 4.03088
0.533 -4.3423 4.04664
0.534 -4.46504 4.04895
0.535 -4.56904 4.03761
0.536 -4.65384 4.01252
0.537 -4.71907 3.9736
0.538 -4.76445 3.92085
0.539 -4.78974 3.85429
0.54 -4.79483 3.77402
0.541 -4.77966 3.68019
0.542 -4.74425 3.57301
0.543 -4.68872 3.45272
0.544 -4.61327 3.31963
0.545 -4.51816 3.17411
0.546 -4.40376 3.01655
0.547 -4.27049 2.84742
0.548 -4.11887 2.66723
0.549 -3.94948 2.47653
0.55 -3.76299 2.2759
0.551 -3.56014 2.066
0.552 -3.34171 1.8475
0.553 -3.10859 1.62111
0.554 -2.86169 1.38758
0.555 -2.602 1.1477
0.556 -2.33057 0.902275
0.557 -2.04849 0.65214
0.558 -1.7569 0.398157
0.559 -1.45698 0.141203
0.56 -1.14995 -0.117825
0.561 -0.837053 -0.378019
0.562 -0.519574 -0.638462
0.563 -0.198812 -0.898231
0.564 0.123916 -1.1564
0.565 0.447279 -1.41204
0.566 0.769941 -1.66424
0.567 1.09057 -1.91208
0.568 1.40782 -2.15467
0.569 1.72038 -2.39112
0.57 2.02693 -2.62056
0.571 2.3262 -2.84216
0.572 2.61691 -3.05509
0.573 2.89784 -3.25858
0.574 3.16778 -3.45186
0.575 3.42558 -3.63422
0.576 3.67014 -3.80498
0.577 3.90039 -3.96348
0.578 4.11533 -4.10915
0.579 4.314 -4.24142
0.58 4.49554 -4.3598
0.581 4.65911 -4.46383
0.582 4.80397 -4.55311
0.583 4.92945 -4.6273
0.584 5.03494 -4.68612
0.585 5.11993 -4.72932
0.586 5.18398 -4.75673
0.587 5.22673 -4.76824
0.588 5.24791 -4.76379
0.589 5.24734 -4.74339
0.59 5.2249 -4.7071
0.591 5.1806 -4.65505
0.592 5.11451 -4.58742
0.593 5.02679 -4.50445
0.594 4.91769 -4.40645
0.595 4.78755 -4.29377
0.596 4.63679 -4.16684
0.597 4.46592 -4.02612
0.598 4.27552 -3.87213
0.599 4.06626 -3.70546
0.6 3.8389 -3.52673
0.601 3.59424 -3.3366
0.602 3.33318 -3.1358
0.603 3.05668 -2.92508
0.604 2.76575 -2.70523
0.605 2.46149 -2.4771
0.606 2.14504 -2.24154
0.607 1.81758 -1.99946
0.608 1.48035 -1.75177
0.609 1.13463 -1.49941
0.61 0.781748 -1.24336
0.611 0.423044 -0.984577
0.612 0.0598952 -0.724067
0.613 -0.3063 -0.462822
0.614 -0.674128 -0.201846
0.615 -1.04217 0.0578592
0.616 -1.40899 0.315295
0.617 -1.77317 0.569471
0.618 -2.13329 0.819407
0.619 -2.48795 1.06414
0.62 -2.83575 1.30272
0.621 -3.17533 1.53423
0.622 -3.50537 1.75777
0.623 -3.82455 1.97247
0.624 -4.13163 2.1775
0.625 -4.42539 2.37206
0.626 -4.70466 2.55539
0.627 -4.96835 2.72679
0.628 -5.21539 2.88557
0.629 -5.44481 3.03111
0.63 -5.65569 3.16285
0.631 -5.84718 3.28027
0.632 -6.01852 3.38289
0.633 -6.169 3.47032
0.634 -6.29804 3.5422
0.635 -6.40509 3.59824
0.636 -6.48971 3.63822
0.637 -6.55156 3.66197
0.638 -6.59038 3.66939
0.639 -6.60598 3.66042
0.64 -6.59829 3.6351
0.641 -6.56732 3.59351
0.642 -6.51319 3.5358
0.643 -6.43607 3.46217
0.644 -6.33626 3.37291
0.645 -6.21413 3.26833
0.646 -6.07016 3.14885
0.647 -5.90489 3.01489
0.648 -5.71897 2.86697
0.649 -5.51311 2.70566
0.65 -5.28811 2.53156
0.651 -5.04485 2.34533
0.652 -4.78428 2.14768
0.653 -4.50743 1.93936
0.654 -4.21537 1.72118
0.655 -3.90925 1.49396
0.656 -3.59027 1.25858
0.657 -3.2597 1.01592
0.658 -2.91883 0.766929
0.659 -2.56901 0.512548
0.66 -2.21161 0.253754
0.661 -1.84805 -0.0084603
0.662 -1.47977 -0.273092
0.663 -1.10822 -0.539126
0.664 -0.734877 -0.805544
0.665 -0.361213 -1.07132
0.666 0.0112893 -1.33545
0.667 0.381153 -1.59691
0.668 0.746912 -1.8547
0.669 1.10712 -2.10783
0.67 1.46033 -2.35534
0.671 1.80517 -2.59628
0.672 2.14024 -2.82973
0.673 2.46423 -3.05479
0.674 2.77585 -3.27062
0.675 3.07386 -3.47638
0.676 3.35708 -3.67129
0.677 3.62438 -3.85461
0.678 3.87471 -4.02565
0.679 4.10707 -4.18376
0.68 4.32054 -4.32835
0.681 4.51427 -4.45886
0.682 4.68751 -4.57481
0.683 4.83957 -4.67577
0.684 4.96985 -4.76136
0.685 5.07784 -4.83127
0.686 5.16312 -4.88525
0.687 5.22536 -4.9231
0.688 5.26433 -4.94471
0.689 5.27988 -4.95
0.69 5.27197 -4.93897
0.691 5.24065 -4.91169
0.692 5.18606 -4.86829
0.693 5.10843 -4.80894
0.694 5.00809 -4.73391
0.695 4.88548 -4.64349
0.696 4.74109 -4.53807
0.697 4.57554 -4.41806
0.698 4.38952 -4.28396
0.699 4.18378 -4.13629
0.7 3.9592 -3.97566
0.701 3.71668 -3.8027
0.702 3.45725 -3.61809
0.703 3.18196 -3.42257
0.704 2.89196 -3.21691
0.705 2.58844 -3.00192
0.706 2.27266 -2.77844
0.707 1.94592 -2.54735
0.708 1.60957 -2.30955
0.709 1.265 -2.06597
0.71 0.913635 -1.81757
0.711 0.556924 -1.56529
0.712 0.196344 -1.31013
0.713 -0.166611 -1.05307
0.714 -0.530438 -0.795095
0.715 -0.89363 -0.537204
0.716 -1.25468 -0.280383
0.717 -1.61209 -0.0256142
0.718 -1.96437 0.226131
0.719 -2.31005 0.473896
0.72 -2.6477 0.716746
0.721 -2.97591 0.953764
0.722 -3.2933 1.18406
0.723 -3.59854 1.40678
0.724 -3.89035 1.6211
0.725 -4.16751 1.82623
0.726 -4.42884 2.02141
0.727 -4.67324 2.20595
0.728 -4.89967 2.37918
0.729 -5.10716 2.54048
0.73 -5.29482 2.6893
0.731 -5.46183 2.82512
0.732 -5.60748 2.9475
0.733 -5.73112 3.05602
0.734 -5.8322 3.15034
0.735 -5.91024 3.2302
0.736 -5.96489 3.29536
0.737 -5.99587 3.34566
0.738 -6.00301 3.38101
0.739 -5.9862 3.40136
0.74 -5.94548 3.40675
0.741 -5.88096 3.39726
0.742 -5.79284 3.37304
0.743 -5.68142 3.3343
0.744 -5.54711 3.28131
0.745 -5.3904 3.2144
0.746 -5.21187 3.13394
0.747 -5.01219 3.04039
0.748 -4.79213 2.93423
0.749 -4.55252 2.81602
0.75 -4.29429 2.68634
0.751 -4.01843 2.54585
0.752 -3.72603 2.39521
0.753 -3.41821 2.23518
0.754 -3.09617 2.06649
0.755 -2.76119 1.88997
0.756 -2.41458 1.70643
0.757 -2.05769 1.51674
0.758 -1.69193 1.32178
0.759 -1.31875 1.12246
0.76 -0.939622 0.919696
0.761 -0.556044 0.714421
0.762 -0.169536 0.507581
0.763 0.218371 0.300125
0.764 0.606137 0.0930015
0.765 0.992224 -0.112841
0.766 1.3751 -0.316463
0.767 1.75323 -0.516935
0.768 2.12513 -0.71334
0.769 2.4893 -0.904782
0.77 2.8443 -1.09039
0.771 3.18872 -1.2693
0.772 3.52119 -1.44071
0.773 3.84037 -1.60383
0.774 4.145 -1.7579
0.775 4.43386 -1.90221
0.776 4.70581 -2.0361
0.777 4.95976 -2.15893
0.778 5.1947 -2.27014
0.779 5.4097 -2.36919
0.78 5.6039 -2.45561
0.781 5.77654 -2.52898
0.782 5.92692 -2.58893
0.783 6.05447 -2.63516
0.784 6.15867 -2.66742
0.785 6.23913 -2.68552
0.786 6.29552 -2.68934
0.787 6.32765 -2.67881
0.788 6.33539 -2.65392
0.789 6.31873 -2.61474
0.79 6.27776 -2.56138
0.791 6.21266 -2.49402
0.792 6.12371 -2.41291
0.793 6.01129 -2.31834
0.794 5.87587 -2.21068
0.795 5.71802 -2.09033
0.796 5.53841 -1.95778
0.797 5.33777 -1.81354
0.798 5.11695 -1.65818
0.799 4.87687 -1.49234
0.8 4.61851 -1.31669
0.801 4.34295 -1.13193
0.802 4.05134 -0.938813
0.803 3.74488 -0.738141
0.804 3.42485 -0.530734
0.805 3.09256 -0.317448
0.806 2.7494 -0.0991665
0.807 2.39678 0.123205
0.808 2.03618 0.34874
0.809 1.66908 0.576497
0.81 1.297 0.805522
0.811 0.921497 1.03485
0.812 0.544122 1.26352
0.813 0.166444 1.49057
0.814 -0.209966 1.71503
0.815 -0.583544 1.93594
0.816 -0.952733 2.15238
0.817 -1.316 2.36341
0.818 -1.67181 2.56812
0.819 -2.01871 2.76564
0.82 -2.35522 2.95512
0.821 -2.67994 3.13572
0.822 -2.99152 3.30667
0.823 -3.28863 3.46721
0.824 -3.57003 3.61663
0.825 -3.83454 3.75427
0.826 -4.08102 3.87952
0.827 -4.30844 3.99179
0.828 -4.51583 4.09059
0.829 -4.70229 4.17545
0.83 -4.86703 4.24596
0.831 -5.00933 4.30177
0.832 -5.12856 4.34261
0.833 -5.22419 4.36825
0.834 -5.2958 4.37853
0.835 -5.34305 4.37334
0.836 -5.3657 4.35266
0.837 -5.36362 4.31651
0.838 -5.33677 4.26498
0.839 -5.28522 4.19823
0.84 -5.20914 4.11649
0.841 -5.10881 4.02002
0.842 -4.98459 3.90919
0.843 -4.83695 3.78439
0.844 -4.66646 3.64609
0.845 -4.47378 3.4948
0.846 -4.25966 3.33111
0.847 -4.02494 3.15564
0.848 -3.77056 2.96907
0.849 -3.49751 2.77213
0.85 -3.20688 2.56558
0.851 -2.89985 2.35025
0.852 -2.57763 2.12698
0.853 -2.24152 1.89666
0.854 -1.89288 1.6602
0.855 -1.53312 1.41857
0.856 -1.16368 1.17271
0.857 -0.786063 0.923637
0.858 -0.401807 0.672342
0.859 -0.012473 0.419847
0.86 0.380353 0.16718
0.861 0.775066 -0.0846288
0.862 1.17005 -0.33455
0.863 1.56369 -0.581559
0.864 1.95437 -0.824639
0.865 2.34048 -1.06279
0.866 2.72043 -1.29501
0.867 3.09265 -1.52036
0.868 3.45559 -1.73788
0.869 3.80776 -1.94667
0.87 4.14767 -2.14585
0.871 4.47393 -2.33458
0.872 4.78515 -2.51206
0.873 5.08003 -2.67754
0.874 5.35733 -2.83029
0.875 5.61587 -2.96967
0.876 5.85454 -3.09506
0.877 6.07233 -3.20592
0.878 6.26829 -3.30174
0.879 6.44156 -3.3821
0.88 6.59139 -3.44661
0.881 6.71709 -3.49498
0.882 6.8181 -3.52696
0.883 6.89392 -3.54236
0.884 6.94419 -3.54108
0.885 6.96864 -3.52307
0.886 6.96708 -3.48836
0.887 6.93945 -3.43704
0.888 6.88579 -3.36927
0.889 6.80623 -3.28527
0.89 6.70104 -3.18534
0.891 6.57054 -3.06985
0.892 6.4152 -2.93921
0.893 6.23557 -2.79391
0.894 6.03229 -2.6345
0.895 5.80611 -2.4616
0.896 5.55787 -2.27586
0.897 5.2885 -2.078
0.898 4.99902 -1.86879
0.899 4.69051 -1.64906
0.9 4.36415 -1.41966
0.901 4.02119 -1.18151
0.902 3.66295 -0.935549
0.903 3.2908 -0.682757
0.904 2.90617 -0.424148
0.905 2.51056 -0.160759
0.906 2.1055 0.106349
0.907 1.69256 0.376093
0.908 1.27334 0.64738
0.909 0.849491 0.919103
0.91 0.422652 1.19015
0.911 -0.00550509 1.45941
0.912 -0.433305 1.72578
0.913 -0.859073 1.98814
0.914 -1.28114 2.24542
0.915 -1.69785 2.49653
0.916 -2.10756 2.74043
0.917 -2.50868 2.97607
0.918 -2.89961 3.20248
0.919 -3.27882 3.41866
0.92 -3.64482 3.62371
0.921 -3.99616 3.81672
0.922 -4.33147 3.99686
0.923 -4.64942 4.16333
0.924 -4.94876 4.31537
0.925 -5.2283 4.4523
0.926 -5.48695 4.57349
0.927 -5.72369 4.67835
0.928 -5.93758 4.76639
0.929 -6.12778 4.83714
0.93 -6.29354 4.89023
0.931 -6.43423 4.92534
0.932 -6.54927 4.94223
0.933 -6.63823 4.94072
0.934 -6.70076 4.92072
0.935 -6.73662 4.88218
0.936 -6.74567 4.82515
0.937 -6.72791 4.74975
0.938 -6.68339 4.65616
0.939 -6.61232 4.54464
0.94 -6.51499 4.4155
0.941 -6.39181 4.26916
0.942 -6.24326 4.10607
0.943 -6.06997 3.92677
0.944 -5.87264 3.73185
0.945 -5.65207 3.52196
0.946 -5.40916 3.29782
0.947 -5.14489 3.06021
0.948 -4.86034 2.80996
0.949 -4.55667 2.54794
0.95 -4.23509 2.27507
0.951 -3.89693 1.99234
0.952 -3.54355 1.70074
0.953 -3.17639 1.40133
0.954 -2.79693 1.09518
0.955 -2.40672 0.783408
0.956 -2.00734 0.467136
0.957 -1.60042 0.147516
0.958 -1.18759 -0.174284
0.959 -0.770559 -0.497089
0.96 -0.351005 -0.819716
0.961 0.0693622 -1.14098
0.962 0.48883 -1.45971
0.963 0.905689 -1.77471
0.964 1.31824 -2.08485
0.965 1.7248 -2.38896
0.966 2.12371 -2.68594
0.967 2.51334 -2.97468
0.968 2.89209 -3.25412
0.969 3.25841 -3.52322
0.97 3.6108 -3.781
0.971 3.94781 -4.0265
0.972 4.26806 -4.25882
0.973 4.57022 -4.4771
0.974 4.85305 -4.68054
0.975 5.11537 -4.86839
0.976 5.35609 -5.03996
0.977 5.57421 -5.19464
0.978 5.76881 -5.33186
0.979 5.93908 -5.45112
0.98 6.08428 -5.55199
0.981 6.2038 -5.63413
0.982 6.29712 -5.69725
0.983 6.36381 -5.74113
0.984 6.40358 -5.76563
0.985 6.41621 -5.7707
0.986 6.40161 -5.75633
0.987 6.35981 -5.72262
0.988 6.29092 -5.66973
0.989 6.19518 -5.59788
0.99 6.07292 -5.50738
0.991 5.92461 -5.39861
0.992 5.75079 -5.27201
0.993 5.55212 -5.1281
0.994 5.32934 -4.96745
0.995 5.08332 -4.79071
0.996 4.815 -4.59859
0.997 4.52542 -4.39184
0.998 4.21569 -4.1713
0.999 3.88702 -3.93783
1 3.5407 -3.69235
