0.001 3.34232e-008 2.44721e-009
0.002 3.05133e-007 1.96563e-008
0.003 1.44195e-006 8.15864e-008
0.004 4.78626e-006 2.395e-007
0.005 1.2687e-005 5.6839e-007
0.006 2.87811e-005 1.17106e-006
0.007 5.82615e-005 2.18433e-006
0.008 0.000108132 3.78769e-006
0.009 0.000187441 6.21495e-006
0.01 0.000307504 9.7691e-006
0.011 0.00048209 1.48407e-005
0.012 0.000727602 2.19301e-005
0.013 0.00106322 3.16741e-005
0.014 0.001511 4.4876e-005
0.015 0.00209602 6.25411e-005
0.016 0.00284636 8.59156e-005
0.017 0.0037932 0.000116531
0.018 0.00497079 0.000156252
0.019 0.00641639 0.000207329
0.02 0.00817026 0.000272455
0.021 0.0102755 0.000354828
0.022 0.012778 0.000458211
0.023 0.0157261 0.000587004
0.024 0.0191705 0.000746313
0.025 0.0231643 0.000942022
0.026 0.0277622 0.00118087
0.027 0.0330205 0.00147053
0.028 0.0389968 0.00181967
0.029 0.0457497 0.00223806
0.03 0.0533382 0.00273661
0.031 0.0618216 0.0033275
0.032 0.0712588 0.00402419
0.033 0.0817081 0.00484153
0.034 0.0932267 0.00579583
0.035 0.10587 0.0069049
0.036 0.119691 0.0081881
0.037 0.134742 0.00966646
0.038 0.151069 0.0113626
0.039 0.168718 0.0133009
0.04 0.187728 0.0155075
0.041 0.208136 0.0180101
0.042 0.229972 0.0208384
0.043 0.253262 0.0240236
0.044 0.278025 0.0275989
0.045 0.304276 0.031599
0.046 0.33202 0.0360604
0.047 0.361257 0.0410209
0.048 0.391981 0.0465204
0.049 0.424174 0.0525997
0.05 0.457815 0.0593012
0.051 0.492871 0.0666687
0.052 0.529302 0.0747469
0.053 0.567059 0.0835814
0.054 0.606086 0.093219
0.055 0.646315 0.103707
0.056 0.687672 0.115092
0.057 0.730072 0.127423
0.058 0.773422 0.140748
0.059 0.817621 0.155115
0.06 0.86256 0.170569
0.061 0.908118 0.18716
0.062 0.95417 0.204931
0.063 1.00058 0.223927
0.064 1.04721 0.244191
0.065 1.09391 0.265764
0.066 1.14053 0.288685
0.067 1.18689 0.312989
0.068 1.23285 0.338712
0.069 1.27822 0.365882
0.07 1.32283 0.394527
0.071 1.3665 0.42467
0.072 1.40905 0.456331
0.073 1.4503 0.489523
0.074 1.49006 0.524258
0.075 1.52814 0.560539
0.076 1.56437 0.598367
0.077 1.59856 0.637736
0.078 1.63053 0.678633
0.079 1.66009 0.721042
0.08 1.68709 0.764936
0.081 1.71134 0.810286
0.082 1.73268 0.857053
0.083 1.75097 0.905193
0.084 1.76605 0.954652
0.085 1.77777 1.00537
0.086 1.78603 1.05729
0.087 1.79068 1.11032
0.088 1.79162 1.16439
0.089 1.78876 1.21941
0.09 1.78202 1.27527
0.091 1.77131 1.33188
0.092 1.7566 1.38913
0.093 1.73782 1.44688
0.094 1.71496 1.50502
0.095 1.68801 1.56342
0.096 1.65697 1.62192
0.097 1.62185 1.68038
0.098 1.58272 1.73865
0.099 1.5396 1.79657
0.1 1.49259 1.85397
0.101 1.44177 1.91069
0.102 1.38724 1.96654
0.103 1.32913 2.02134
0.104 1.26759 2.07492
0.105 1.20277 2.12708
0.106 1.13485 2.17763
0.107 1.06402 2.22639
0.108 0.990488 2.27316
0.109 0.914473 2.31775
0.11 0.836214 2.35996
0.111 0.755963 2.39959
0.112 0.673982 2.43647
0.113 0.590547 2.47039
0.114 0.505947 2.50117
0.115 0.420479 2.52862
0.116 0.334449 2.55257
0.117 0.248172 2.57284
0.118 0.16197 2.58926
0.119 0.0761692 2.60168
0.12 -0.00889768 2.60994
0.121 -0.0928964 2.61388
0.122 -0.175491 2.61339
0.123 -0.256344 2.60832
0.124 -0.33512 2.59857
0.125 -0.411488 2.58403
0.126 -0.485117 2.5646
0.127 -0.555685 2.54021
0.128 -0.622875 2.51079
0.129 -0.68638 2.47628
0.13 -0.745901 2.43665
0.131 -0.801152 2.39187
0.132 -0.851859 2.34194
0.133 -0.897763 2.28687
0.134 -0.938618 2.22667
0.135 -0.974198 2.16139
0.136 -1.00429 2.09108
0.137 -1.02871 2.01583
0.138 -1.04729 1.93571
0.139 -1.05987 1.85085
0.14 -1.06632 1.76136
0.141 -1.06656 1.6674
0.142 -1.06049 1.56911
0.143 -1.04806 1.46669
0.144 -1.02925 1.36032
0.145 -1.00405 1.25021
0.146 -0.972482 1.1366
0.147 -0.934598 1.01973
0.148 -0.890474 0.89985
0.149 -0.840216 0.777238
0.15 -0.783952 0.65218
0.151 -0.721841 0.524978
0.152 -0.654068 0.395943
0.153 -0.580842 0.265399
0.154 -0.5024 0.133682
0.155 -0.419004 0.00113729
0.156 -0.33094 -0.131883
0.157 -0.238516 -0.265016
0.158 -0.142066 -0.397894
0.159 -0.0419428 -0.530144
0.16 0.0614784 -0.661389
0.161 0.167804 -0.791246
0.162 0.276622 -0.919334
0.163 0.387505 -1.04527
0.164 0.500009 -1.16867
0.165 0.613677 -1.28916
0.166 0.728042 -1.40635
0.167 0.842625 -1.51989
0.168 0.95694 -1.62939
0.169 1.0705 -1.73451
0.17 1.18279 -1.8349
0.171 1.29334 -1.93021
0.172 1.40162 -2.02013
0.173 1.50716 -2.10433
0.174 1.60945 -2.18253
0.175 1.708 -2.25443
0.176 1.80235 -2.31977
0.177 1.89201 -2.3783
0.178 1.97653 -2.42979
0.179 2.05546 -2.47404
0.18 2.12839 -2.51086
0.181 2.19489 -2.54007
0.182 2.25459 -2.56155
0.183 2.30711 -2.57516
0.184 2.3521 -2.58082
0.185 2.38926 -2.57846
0.186 2.41828 -2.56803
0.187 2.43891 -2.54953
0.188 2.45092 -2.52296
0.189 2.45408 -2.48835
0.19 2.44825 -2.44579
0.191 2.43328 -2.39535
0.192 2.40906 -2.33716
0.193 2.37554 -2.27137
0.194 2.33267 -2.19815
0.195 2.28047 -2.1177
0.196 2.21897 -2.03026
0.197 2.14825 -1.93608
0.198 2.06843 -1.83544
0.199 1.97966 -1.72864
0.2 1.88214 -1.61601
0.201 1.77607 -1.49792
0.202 1.66174 -1.37472
0.203 1.53942 -1.24682
0.204 1.40947 -1.11464
0.205 1.27224 -0.978595
0.206 1.12813 -0.839152
0.207 0.977564 -0.696775
0.208 0.821011 -0.551945
0.209 0.658955 -0.405157
0.21 0.491909 -0.256916
0.211 0.320414 -0.107738
0.212 0.145032 0.0418538
0.213 -0.0336542 0.19133
0.214 -0.215042 0.340158
0.215 -0.398512 0.487801
0.216 -0.583432 0.633723
0.217 -0.769154 0.77739
0.218 -0.955025 0.918271
0.219 -1.14038 1.05584
0.22 -1.32456 1.18957
0.221 -1.50688 1.31897
0.222 -1.68669 1.44352
0.223 -1.86332 1.56275
0.224 -2.03611 1.67617
0.225 -2.2044 1.78335
0.226 -2.36757 1.88384
0.227 -2.52498 1.97722
0.228 -2.67602 2.06311
0.229 -2.82012 2.14112
0.23 -2.9567 2.21092
0.231 -3.08521 2.27217
0.232 -3.20515 2.3246
0.233 -3.31602 2.36794
0.234 -3.41736 2.40194
0.235 -3.50875 2.42642
0.236 -3.58981 2.4412
0.237 -3.66017 2.44613
0.238 -3.71952 2.44112
0.239 -3.76759 2.4261
0.24 -3.80414 2.40103
0.241 -3.82898 2.36592
0.242 -3.84197 2.32078
0.243 -3.843 2.26571
0.244 -3.83201 2.2008
0.245 -3.80899 2.12619
0.246 -3.77398 2.04207
0.247 -3.72705 1.94864
0.248 -3.66833 1.84615
0.249 -3.598 1.73487
0.25 -3.51627 1.61512
0.251 -3.42341 1.48725
0.252 -3.31972 1.35162
0.253 -3.20555 1.20863
0.254 -3.08131 1.05873
0.255 -2.94743 0.902362
0.256 -2.80438 0.740016
0.257 -2.65267 0.572199
0.258 -2.49286 0.399438
0.259 -2.32554 0.222285
0.26 -2.15131 0.0413054
0.261 -1.97082 -0.142915
0.262 -1.78475 -0.329779
0.263 -1.5938 -0.518676
0.264 -1.39869 -0.708984
0.265 -1.20016 -0.900076
0.266 -0.998973 -1.09132
0.267 -0.795898 -1.28207
0.268 -0.59172 -1.47169
0.269 -0.38723 -1.65955
0.27 -0.183227 -1.84501
0.271 0.0194931 -2.02745
0.272 0.220132 -2.20623
0.273 0.417897 -2.38077
0.274 0.612004 -2.55044
0.275 0.801679 -2.71469
0.276 0.986163 -2.87293
0.277 1.16471 -3.02463
0.278 1.33661 -3.16926
0.279 1.50115 -3.30633
0.28 1.65766 -3.43534
0.281 1.80551 -3.55586
0.282 1.94407 -3.66747
0.283 2.07277 -3.76978
0.284 2.19107 -3.86242
0.285 2.29847 -3.94507
0.286 2.3945 -4.01745
0.287 2.47876 -4.0793
0.288 2.55087 -4.1304
0.289 2.6105 -4.17057
0.29 2.65738 -4.19967
0.291 2.69129 -4.21759
0.292 2.71204 -4.22428
0.293 2.71952 -4.21971
0.294 2.71366 -4.20389
0.295 2.69443 -4.17688
0.296 2.66188 -4.13878
0.297 2.6161 -4.08971
0.298 2.55723 -4.02987
0.299 2.48546 -3.95944
0.3 2.40105 -3.8787
0.301 2.3043 -3.78792
0.302 2.19556 -3.68742
0.303 2.07523 -3.57757
0.304 1.94377 -3.45876
0.305 1.80167 -3.33139
0.306 1.64948 -3.19594
0.307 1.48777 -3.05288
0.308 1.31719 -2.90271
0.309 1.13839 -2.74598
0.31 0.952066 -2.58323
0.311 0.758965 -2.41505
0.312 0.559846 -2.24202
0.313 0.355501 -2.06477
0.314 0.146749 -1.88391
0.315 -0.0655746 -1.70009
0.316 -0.280612 -1.51395
0.317 -0.497494 -1.32615
0.318 -0.715338 -1.13735
0.319 -0.933255 -0.948198
0.32 -1.15035 -0.759364
0.321 -1.36573 -0.571504
0.322 -1.57851 -0.385268
0.323 -1.78779 -0.201299
0.324 -1.99272 -0.020231
0.325 -2.19242 0.157318
0.326 -2.38605 0.330743
0.327 -2.5728 0.499458
0.328 -2.75187 0.662896
0.329 -2.92248 0.820513
0.33 -3.08389 0.971788
0.331 -3.23541 1.11623
0.332 -3.37637 1.25336
0.333 -3.50613 1.38276
0.334 -3.62412 1.50402
0.335 -3.72978 1.61677
0.336 -3.82264 1.72066
0.337 -3.90223 1.8154
0.338 -3.96818 1.90072
0.339 -4.02014 1.9764
0.34 -4.05783 2.04225
0.341 -4.08103 2.09813
0.342 -4.08955 2.14391
0.343 -4.08329 2.17954
0.344 -4.0622 2.20498
0.345 -4.02628 2.22026
0.346 -3.9756 2.22542
0.347 -3.91028 2.22056
0.348 -3.83051 2.20581
0.349 -3.73652 2.18134
0.35 -3.62863 2.14737
0.351 -3.50718 2.10415
0.352 -3.3726 2.05195
0.353 -3.22534 1.9911
0.354 -3.06593 1.92196
0.355 -2.89494 1.84491
0.356 -2.71299 1.76036
0.357 -2.52074 1.66878
0.358 -2.31889 1.57062
0.359 -2.1082 1.46639
0.36 -1.88946 1.35661
0.361 -1.66348 1.24182
0.362 -1.43111 1.12259
0.363 -1.19324 0.999495
0.364 -0.950771 0.873125
0.365 -0.704629 0.744086
0.366 -0.455758 0.612991
0.367 -0.205113 0.480459
0.368 0.0463383 0.347114
0.369 0.297624 0.21358
0.37 0.54777 0.0804808
0.371 0.795806 -0.0515632
0.372 1.04076 -0.181939
0.373 1.28169 -0.310042
0.374 1.51764 -0.435279
0.375 1.74769 -0.557072
0.376 1.97095 -0.674857
0.377 2.18652 -0.78809
0.378 2.39358 -0.896249
0.379 2.59129 -0.998834
0.38 2.77889 -1.09537
0.381 2.95563 -1.18541
0.382 3.12082 -1.26853
0.383 3.2738 -1.34435
0.384 3.41397 -1.41251
0.385 3.54078 -1.47269
0.386 3.65374 -1.5246
0.387 3.75239 -1.568
0.388 3.83635 -1.60267
0.389 3.90529 -1.62844
0.39 3.95896 -1.64517
0.391 3.99714 -1.65276
0.392 4.01969 -1.65118
0.393 4.02653 -1.64039
0.394 4.01766 -1.62043
0.395 3.99311 -1.59135
0.396 3.95302 -1.55328
0.397 3.89755 -1.50635
0.398 3.82695 -1.45074
0.399 3.74153 -1.38669
0.4 3.64165 -1.31445
0.401 3.52775 -1.23432
0.402 3.4003 -1.14662
0.403 3.25985 -1.05173
0.404 3.107 -0.950044
0.405 2.9424 -0.841984
0.406 2.76675 -0.728008
0.407 2.58079 -0.608599
0.408 2.38533 -0.484264
0.409 2.18118 -0.355531
0.41 1.96923 -0.222949
0.411 1.75038 -0.087087
0.412 1.52555 0.0514742
0.413 1.29572 0.192139
0.414 1.06187 0.334302
0.415 0.825006 0.477349
0.416 0.586141 0.620664
0.417 0.346308 0.763624
0.418 0.106542 0.905611
0.419 -0.132118 1.04601
0.42 -0.368637 1.1842
0.421 -0.601985 1.31958
0.422 -0.831143 1.45157
0.423 -1.05511 1.57958
0.424 -1.2729 1.70305
0.425 -1.48354 1.82143
0.426 -1.68612 1.93421
0.427 -1.87972 2.04088
0.428 -2.06348 2.14097
0.429 -2.23656 2.23403
0.43 -2.39819 2.31964
0.431 -2.54762 2.39743
0.432 -2.68416 2.46703
0.433 -2.80718 2.52813
0.434 -2.91608 2.58045
0.435 -3.01034 2.62374
0.436 -3.08949 2.65781
0.437 -3.15314 2.68249
0.438 -3.20093 2.69765
0.439 -3.23259 2.70321
0.44 -3.24791 2.69914
0.441 -3.24676 2.68543
0.442 -3.22905 2.66212
0.443 -3.19479 2.62932
0.444 -3.14403 2.58714
0.445 -3.07693 2.53575
0.446 -2.99368 2.47537
0.447 -2.89455 2.40625
0.448 -2.77988 2.32869
0.449 -2.65009 2.243
0.45 -2.50565 2.14956
0.451 -2.34708 2.04877
0.452 -2.17499 1.94107
0.453 -1.99003 1.82693
0.454 -1.79292 1.70684
0.455 -1.58441 1.58133
0.456 -1.36533 1.45096
0.457 -1.13654 1.31631
0.458 -0.898941 1.17796
0.459 -0.65349 1.03655
0.46 -0.401168 0.89271
0.461 -0.142994 0.747082
0.462 0.119987 0.600327
0.463 0.386703 0.453115
0.464 0.656064 0.306118
0.465 0.926962 0.160011
0.466 1.19828 0.0154705
0.467 1.4689 -0.126832
0.468 1.73768 -0.266231
0.469 2.00351 -0.402069
0.47 2.26527 -0.533701
0.471 2.52185 -0.660498
0.472 2.77217 -0.781848
0.473 3.01516 -0.897157
0.474 3.24978 -1.00586
0.475 3.47501 -1.10741
0.476 3.68989 -1.20128
0.477 3.89346 -1.28701
0.478 4.08484 -1.36413
0.479 4.26317 -1.43222
0.48 4.42765 -1.49091
0.481 4.57754 -1.53986
0.482 4.71214 -1.57875
0.483 4.83083 -1.60733
0.484 4.93303 -1.62538
0.485 5.01824 -1.63273
0.486 5.08602 -1.62925
0.487 5.13601 -1.61486
0.488 5.16791 -1.58952
0.489 5.1815 -1.55326
0.49 5.17662 -1.50611
0.491 5.1532 -1.44821
0.492 5.11124 -1.37969
0.493 5.05082 -1.30076
0.494 4.97208 -1.21167
0.495 4.87525 -1.11272
0.496 4.76063 -1.00424
0.497 4.62859 -0.886615
0.498 4.47958 -0.760271
0.499 4.31411 -0.625673
0.5 4.13277 -0.483328
0.501 3.93621 -0.333777
0.502 3.72515 -0.177599
0.503 3.50035 -0.0154033
0.504 3.26265 0.152167
0.505 3.01295 0.324441
0.506 2.75219 0.500725
0.507 2.48135 0.680297
0.508 2.20147 0.86242
0.509 1.91362 1.04634
0.51 1.61891 1.23128
0.511 1.31849 1.41645
0.512 1.01352 1.60108
0.513 0.705198 1.78437
0.514 0.394725 1.96551
0.515 0.0833247 2.14371
0.516 -0.227775 2.31819
0.517 -0.537342 2.48816
0.518 -0.844148 2.65284
0.519 -1.14697 2.81149
0.52 -1.4446 2.96337
0.521 -1.73585 3.10775
0.522 -2.01954 3.24395
0.523 -2.29454 3.37129
0.524 -2.55973 3.48914
0.525 -2.81403 3.5969
0.526 -3.05642 3.694
0.527 -3.2859 3.77991
0.528 -3.50154 3.85413
0.529 -3.70245 3.91622
0.53 -3.8878 3.96578
0.531 -4.05681 4.00244
0.532 -4.2088 4.02591
0.533 -4.34311 4.03591
0.534 -4.45919 4.03225
0.535 -4.55653 4.01476
0.536 -4.63472 3.98335
0.537 -4.69341 3.93796
0.538 -4.73234 3.8786
0.539 -4.75131 3.80533
0.54 -4.75023 3.71827
0.541 -4.72906 3.61759
0.542 -4.68786 3.50351
0.543 -4.62678 3.37631
0.544 -4.54602 3.23633
0.545 -4.4459 3.08394
0.546 -4.32678 2.91958
0.547 -4.18912 2.74373
0.548 -4.03346 2.55694
0.549 -3.86041 2.35977
0.55 -3.67065 2.15284
0.551 -3.46492 1.93683
0.552 -3.24405 1.71243
0.553 -3.00891 1.48038
0.554 -2.76045 1.24147
0.555 -2.49967 0.996482
0.556 -2.22761 0.746265
0.557 -1.94539 0.491673
0.558 -1.65414 0.233587
0.559 -1.35504 -0.0270928
0.56 -1.04933 -0.289452
0.561 -0.738242 -0.552565
0.562 -0.423064 -0.815497
0.563 -0.105089 -1.07731
0.564 0.214371 -1.33706
0.565 0.533995 -1.59382
0.566 0.852454 -1.84665
0.567 1.16842 -2.09463
0.568 1.48058 -2.33685
0.569 1.78763 -2.57243
0.57 2.08826 -2.8005
0.571 2.38122 -3.02022
0.572 2.66525 -3.23076
0.573 2.93916 -3.43133
0.574 3.20176 -3.6212
0.575 3.45193 -3.79965
0.576 3.68858 -3.96599
0.577 3.91069 -4.11961
0.578 4.11727 -4.2599
0.579 4.30741 -4.38635
0.58 4.48025 -4.49845
0.581 4.63501 -4.59578
0.582 4.77098 -4.67794
0.583 4.88751 -4.74463
0.584 4.98403 -4.79556
0.585 5.06007 -4.83054
0.586 5.11522 -4.8494
0.587 5.14915 -4.85207
0.588 5.16162 -4.83851
0.589 5.15249 -4.80876
0.59 5.12169 -4.7629
0.591 5.06924 -4.7011
0.592 4.99525 -4.62357
0.593 4.89992 -4.53059
0.594 4.78352 -4.42249
0.595 4.64643 -4.29967
0.596 4.48909 -4.16257
0.597 4.31203 -4.01171
0.598 4.11588 -3.84763
0.599 3.90133 -3.67096
0.6 3.66914 -3.48234
0.601 3.42016 -3.28249
0.602 3.15529 -3.07215
0.603 2.87552 -2.85212
0.604 2.58187 -2.62323
0.605 2.27546 -2.38633
0.606 1.95743 -2.14234
0.607 1.62898 -1.89217
0.608 1.29136 -1.63677
0.609 0.94586 -1.37712
0.61 0.593791 -1.1142
0.611 0.236507 -0.849026
0.612 -0.124615 -0.582607
0.613 -0.488184 -0.315962
0.614 -0.852791 -0.0501168
0.615 -1.21702 0.213909
0.616 -1.57946 0.4751
0.617 -1.9387 0.732448
0.618 -2.29332 0.984962
0.619 -2.64195 1.23167
0.62 -2.98322 1.4716
0.621 -3.31578 1.70385
0.622 -3.63832 1.9275
0.623 -3.94957 2.14168
0.624 -4.2483 2.34556
0.625 -4.53332 2.53835
0.626 -4.8035 2.71929
0.627 -5.05777 2.88767
0.628 -5.2951 3.04284
0.629 -5.51456 3.18417
0.63 -5.71525 3.31112
0.631 -5.89638 3.42317
0.632 -6.0572 3.51989
0.633 -6.19706 3.60088
0.634 -6.31539 3.66582
0.635 -6.41172 3.71444
0.636 -6.48562 3.74653
0.637 -6.5368 3.76196
0.638 -6.56502 3.76065
0.639 -6.57016 3.7426
0.64 -6.55217 3.70785
0.641 -6.5111 3.65651
0.642 -6.4471 3.58879
0.643 -6.3604 3.50491
0.644 -6.25132 3.40519
0.645 -6.12026 3.29
0.646 -5.96774 3.15977
0.647 -5.79433 3.01498
0.648 -5.60071 2.85618
0.649 -5.38762 2.68396
0.65 -5.15589 2.49899
0.651 -4.90642 2.30196
0.652 -4.64018 2.09362
0.653 -4.35822 1.87476
0.654 -4.06165 1.64621
0.655 -3.75161 1.40884
0.656 -3.42934 1.16356
0.657 -3.09609 0.911306
0.658 -2.75318 0.65304
0.659 -2.40196 0.389749
0.66 -2.04382 0.122439
0.661 -1.68017 -0.147868
0.662 -1.31244 -0.420137
0.663 -0.942084 -0.693327
0.664 -0.570576 -0.966392
0.665 -0.19938 -1.23829
0.666 0.170033 -1.50797
0.667 0.536201 -1.77441
0.668 0.897672 -2.03659
0.669 1.25301 -2.2935
0.67 1.60082 -2.54417
0.671 1.93971 -2.78762
0.672 2.26833 -3.02294
0.673 2.5854 -3.24922
0.674 2.88964 -3.46561
0.675 3.17985 -3.67126
0.676 3.45488 -3.86541
0.677 3.71365 -4.04732
0.678 3.95512 -4.21628
0.679 4.17835 -4.37167
0.68 4.38244 -4.51289
0.681 4.5666 -4.63941
0.682 4.73009 -4.75076
0.683 4.87228 -4.84652
0.684 4.99261 -4.92634
0.685 5.09061 -4.98992
0.686 5.1659 -5.03703
0.687 5.2182 -5.0675
0.688 5.2473 -5.08124
0.689 5.25311 -5.0782
0.69 5.23563 -5.05841
0.691 5.19494 -5.02198
0.692 5.13123 -4.96904
0.693 5.04476 -4.89984
0.694 4.93591 -4.81464
0.695 4.80514 -4.71379
0.696 4.653 -4.59771
0.697 4.48011 -4.46685
0.698 4.2872 -4.32174
0.699 4.07507 -4.16295
0.7 3.84461 -3.99111
0.701 3.59675 -3.8069
0.702 3.33254 -3.61104
0.703 3.05306 -3.4043
0.704 2.75947 -3.18749
0.705 2.45299 -2.96145
0.706 2.13487 -2.72707
0.707 1.80644 -2.48526
0.708 1.46905 -2.23696
0.709 1.12411 -1.98312
0.71 0.773023 -1.72473
0.711 0.41726 -1.4628
0.712 0.0582905 -1.19831
0.713 -0.302399 -0.932294
0.714 -0.663313 -0.665765
0.715 -1.02295 -0.399742
0.716 -1.37983 -0.135236
0.717 -1.73245 0.126749
0.718 -2.07935 0.385222
0.719 -2.41909 0.639208
0.72 -2.75024 0.887756
0.721 -3.07143 1.12994
0.722 -3.38131 1.36485
0.723 -3.67857 1.59163
0.724 -3.96197 1.80944
0.725 -4.23032 2.01749
0.726 -4.48247 2.21502
0.727 -4.71736 2.40134
0.728 -4.934 2.57577
0.729 -5.13144 2.73771
0.73 -5.30884 2.8866
0.731 -5.46543 3.02195
0.732 -5.60053 3.14329
0.733 -5.71353 3.25025
0.734 -5.80393 3.3425
0.735 -5.8713 3.41978
0.736 -5.91532 3.48187
0.737 -5.93577 3.52864
0.738 -5.93249 3.56001
0.739 -5.90546 3.57597
0.74 -5.85474 3.57656
0.741 -5.78046 3.5619
0.742 -5.68289 3.53216
0.743 -5.56236 3.48758
0.744 -5.41932 3.42845
0.745 -5.25429 3.35514
0.746 -5.06788 3.26806
0.747 -4.86081 3.16768
0.748 -4.63387 3.05452
0.749 -4.38792 2.92917
0.75 -4.12391 2.79224
0.751 -3.84288 2.64442
0.752 -3.5459 2.48641
0.753 -3.23414 2.31899
0.754 -2.90882 2.14294
0.755 -2.57121 1.95909
0.756 -2.22265 1.7683
0.757 -1.86449 1.57147
0.758 -1.49816 1.3695
0.759 -1.12509 1.16333
0.76 -0.746771 0.953904
0.761 -0.364689 0.742177
0.762 0.0196403 0.529121
0.763 0.404693 0.315704
0.764 0.788942 0.102898
0.765 1.17086 -0.10833
0.766 1.54894 -0.317023
0.767 1.92166 -0.522236
0.768 2.28756 -0.723038
0.769 2.64516 -0.91852
0.77 2.99306 -1.1078
0.771 3.32987 -1.29001
0.772 3.65425 -1.46434
0.773 3.9649 -1.62998
0.774 4.26059 -1.78619
0.775 4.54015 -1.93225
0.776 4.80246 -2.06749
0.777 5.04648 -2.19129
0.778 5.27124 -2.30308
0.779 5.47586 -2.40234
0.78 5.65952 -2.4886
0.781 5.8215 -2.56145
0.782 5.96116 -2.62054
0.783 6.07795 -2.66558
0.784 6.17142 -2.69632
0.785 6.24121 -2.71261
0.786 6.28705 -2.71433
0.787 6.30878 -2.70143
0.788 6.30634 -2.67393
0.789 6.27973 -2.63191
0.79 6.22911 -2.57551
0.791 6.15468 -2.50494
0.792 6.05678 -2.42046
0.793 5.93582 -2.32239
0.794 5.79231 -2.21112
0.795 5.62686 -2.08709
0.796 5.44015 -1.9508
0.797 5.23298 -1.80279
0.798 5.0062 -1.64366
0.799 4.76076 -1.47408
0.8 4.49768 -1.29472
0.801 4.21805 -1.10633
0.802 3.92304 -0.909691
0.803 3.61386 -0.705612
0.804 3.29181 -0.494944
0.805 2.95821 -0.278565
0.806 2.61446 -0.0573789
0.807 2.26197 0.167687
0.808 1.90222 0.395688
0.809 1.53669 0.625664
0.81 1.1669 0.856644
0.811 0.794384 1.08765
0.812 0.420694 1.31771
0.813 0.0473813 1.54583
0.814 -0.324003 1.77105
0.815 -0.691912 1.99241
0.816 -1.05481 2.20895
0.817 -1.4112 2.41975
0.818 -1.75957 2.6239
0.819 -2.09849 2.82051
0.82 -2.42653 3.00873
0.821 -2.74232 3.18774
0.822 -3.04453 3.35675
0.823 -3.33191 3.51503
0.824 -3.60322 3.66187
0.825 -3.85735 3.79661
0.826 -4.0932 3.91865
0.827 -4.30978 4.02743
0.828 -4.50616 4.12246
0.829 -4.68152 4.20328
0.83 -4.83509 4.26951
0.831 -4.96621 4.32083
0.832 -5.0743 4.35696
0.833 -5.15889 4.37771
0.834 -5.2196 4.38294
0.835 -5.25613 4.37256
0.836 -5.26831 4.34657
0.837 -5.25604 4.30503
0.838 -5.21935 4.24805
0.839 -5.15834 4.17582
0.84 -5.07323 4.08858
0.841 -4.96433 3.98664
0.842 -4.83207 3.87038
0.843 -4.67694 3.74022
0.844 -4.49955 3.59667
0.845 -4.3006 3.44026
0.846 -4.08087 3.27161
0.847 -3.84124 3.09136
0.848 -3.58265 2.90022
0.849 -3.30615 2.69895
0.85 -3.01285 2.48833
0.851 -2.70392 2.26921
0.852 -2.38061 2.04246
0.853 -2.04423 1.80899
0.854 -1.69613 1.56974
0.855 -1.33774 1.32567
0.856 -0.970517 1.07777
0.857 -0.595948 0.827049
0.858 -0.215564 0.574522
0.859 0.169078 0.321223
0.86 0.556402 0.0681888
0.861 0.94482 -0.183542
0.862 1.33274 -0.432932
0.863 1.71855 -0.678953
0.864 2.10067 -0.920585
0.865 2.47752 -1.15683
0.866 2.84754 -1.38669
0.867 3.20919 -1.60922
0.868 3.56097 -1.82347
0.869 3.9014 -2.02856
0.87 4.22907 -2.2236
0.871 4.5426 -2.40778
0.872 4.84066 -2.58031
0.873 5.12201 -2.74044
0.874 5.38544 -2.88749
0.875 5.62983 -3.02081
0.876 5.85414 -3.13983
0.877 6.05738 -3.244
0.878 6.23869 -3.33287
0.879 6.39725 -3.40603
0.88 6.53236 -3.46312
0.881 6.6434 -3.50388
0.882 6.72986 -3.52809
0.883 6.79131 -3.5356
0.884 6.82743 -3.52633
0.885 6.83801 -3.50028
0.886 6.82293 -3.45751
0.887 6.78217 -3.39813
0.888 6.71582 -3.32235
0.889 6.62408 -3.23044
0.89 6.50725 -3.12272
0.891 6.36571 -2.99958
0.892 6.19997 -2.8615
0.893 6.01062 -2.70899
0.894 5.79836 -2.54264
0.895 5.56396 -2.36309
0.896 5.3083 -2.17104
0.897 5.03234 -1.96724
0.898 4.73712 -1.75249
0.899 4.42377 -1.52765
0.9 4.09348 -1.29361
0.901 3.74752 -1.0513
0.902 3.38722 -0.801695
0.903 3.01396 -0.545802
0.904 2.6292 -0.284653
0.905 2.23441 -0.0193083
0.906 1.83115 0.249152
0.907 1.42097 0.519631
0.908 1.00547 0.79102
0.909 0.586279 1.0622
0.91 0.165033 1.33205
0.911 -0.256621 1.59946
0.912 -0.677028 1.8633
0.913 -1.09454 2.12247
0.914 -1.50752 2.37589
0.915 -1.91434 2.62248
0.916 -2.31341 2.8612
0.917 -2.70315 3.09103
0.918 -3.08203 3.31097
0.919 -3.44855 3.52007
0.92 -3.80128 3.71743
0.921 -4.13881 3.90217
0.922 -4.45983 4.07347
0.923 -4.76305 4.23055
0.924 -5.0473 4.3727
0.925 -5.31144 4.49926
0.926 -5.55444 4.60961
0.927 -5.77533 4.70322
0.928 -5.97325 4.77961
0.929 -6.14742 4.83837
0.93 -6.29715 4.87916
0.931 -6.42186 4.9017
0.932 -6.52105 4.90578
0.933 -6.59436 4.89129
0.934 -6.64148 4.85815
0.935 -6.66226 4.80638
0.936 -6.65661 4.73607
0.937 -6.62456 4.64738
0.938 -6.56627 4.54054
0.939 -6.48197 4.41586
0.94 -6.37202 4.2737
0.941 -6.23687 4.11451
0.942 -6.07707 3.93881
0.943 -5.89327 3.74717
0.944 -5.68623 3.54023
0.945 -5.4568 3.31869
0.946 -5.20589 3.08331
0.947 -4.93455 2.83491
0.948 -4.64386 2.57437
0.949 -4.33502 2.30259
0.95 -4.00927 2.02054
0.951 -3.66795 1.72923
0.952 -3.31244 1.4297
0.953 -2.94418 1.12303
0.954 -2.56468 0.81034
0.955 -2.17548 0.492753
0.956 -1.77815 0.17143
0.957 -1.37432 -0.152455
0.958 -0.965637 -0.477717
0.959 -0.553757 -0.803162
0.96 -0.140361 -1.12759
0.961 0.272864 -1.44981
0.962 0.684233 -1.76863
0.963 1.09207 -2.08288
0.964 1.4947 -2.39138
0.965 1.89048 -2.693
0.966 2.2778 -2.98661
0.967 2.65506 -3.27114
0.968 3.02072 -3.54552
0.969 3.37328 -3.80873
0.97 3.71129 -4.05979
0.971 4.03335 -4.29778
0.972 4.33813 -4.52181
0.973 4.62438 -4.73105
0.974 4.89091 -4.92472
0.975 5.13661 -5.10211
0.976 5.36046 -5.26256
0.977 5.56151 -5.40548
0.978 5.73892 -5.53034
0.979 5.89194 -5.6367
0.98 6.01991 -5.72417
0.981 6.12228 -5.79242
0.982 6.19859 -5.84123
0.983 6.2485 -5.87043
0.984 6.27177 -5.87993
0.985 6.26825 -5.8697
0.986 6.23793 -5.83982
0.987 6.18087 -5.79042
0.988 6.09727 -5.72171
0.989 5.98743 -5.63397
0.99 5.85173 -5.52756
0.991 5.69069 -5.40291
0.992 5.50491 -5.26051
0.993 5.29509 -5.10094
0.994 5.06203 -4.92482
0.995 4.80664 -4.73286
0.996 4.52989 -4.5258
0.997 4.23286 -4.30447
0.998 3.91671 -4.06972
0.999 3.58265 -3.82249
1 3.232 -3.56373
