0.001 3.40724e-008 2.53804e-009
0.002 3.10313e-007 2.03852e-008
0.003 1.46324e-006 8.46053e-008
0.004 4.84789e-006 2.4833e-007
0.005 1.28307e-005 5.89225e-007
0.006 2.90701e-005 1.21363e-006
0.007 5.87852e-005 2.26283e-006
0.008 0.000109009 3.92182e-006
0.009 0.000188823 6.43103e-006
0.01 0.000309576 1.01013e-005
0.011 0.000485076 1.53326e-005
0.012 0.000731762 2.26361e-005
0.013 0.00106885 3.2661e-005
0.014 0.00151845 4.62254e-005
0.015 0.00210564 6.43509e-005
0.016 0.00285858 8.83028e-005
0.017 0.00380845 0.000119634
0.018 0.00498953 0.000160233
0.019 0.00643913 0.000212378
0.02 0.0081975 0.000278792
0.021 0.0103078 0.000362706
0.022 0.0128158 0.000467921
0.023 0.01577 0.000598877
0.024 0.019221 0.000760725
0.025 0.0232219 0.000959398
0.026 0.0278273 0.00120169
0.027 0.0330936 0.00149532
0.028 0.0390783 0.00184904
0.029 0.0458399 0.00227266
0.03 0.0534374 0.00277718
0.031 0.0619299 0.00337484
0.032 0.0713763 0.00407919
0.033 0.0818348 0.00490516
0.034 0.0933624 0.00586914
0.035 0.106014 0.00698902
0.036 0.119844 0.00828429
0.037 0.134903 0.00977603
0.038 0.151237 0.011487
0.039 0.168892 0.0134417
0.04 0.187908 0.0156662
0.041 0.20832 0.0181885
0.042 0.230159 0.0210384
0.043 0.25345 0.0242471
0.044 0.278213 0.027848
0.045 0.304462 0.0318757
0.046 0.332202 0.036367
0.047 0.361433 0.0413598
0.048 0.392147 0.0468939
0.049 0.42433 0.0530103
0.05 0.457956 0.0597516
0.051 0.492995 0.0671615
0.052 0.529406 0.0752847
0.053 0.567141 0.0841671
0.054 0.606141 0.0938552
0.055 0.646341 0.104396
0.056 0.687665 0.115838
0.057 0.730028 0.128228
0.058 0.773339 0.141615
0.059 0.817495 0.156046
0.06 0.862386 0.171568
0.061 0.907895 0.188229
0.062 0.953893 0.206072
0.063 1.00025 0.225143
0.064 1.04682 0.245485
0.065 1.09346 0.267137
0.066 1.14 0.29014
0.067 1.1863 0.314528
0.068 1.23219 0.340335
0.069 1.27748 0.367592
0.07 1.32202 0.396324
0.071 1.36562 0.426555
0.072 1.40809 0.458305
0.073 1.44926 0.491586
0.074 1.48895 0.526409
0.075 1.52696 0.562779
0.076 1.56311 0.600694
0.077 1.59722 0.640148
0.078 1.62912 0.68113
0.079 1.65861 0.72362
0.08 1.68554 0.767593
0.081 1.70973 0.813018
0.082 1.73101 0.859857
0.083 1.74925 0.908064
0.084 1.76427 0.957586
0.085 1.77596 1.00836
0.086 1.78418 1.06033
0.087 1.7888 1.11341
0.088 1.78973 1.16751
0.089 1.78686 1.22256
0.09 1.78011 1.27845
0.091 1.76941 1.33507
0.092 1.75471 1.39232
0.093 1.73596 1.45007
0.094 1.71315 1.5082
0.095 1.68624 1.56656
0.096 1.65527 1.62502
0.097 1.62023 1.68344
0.098 1.58118 1.74165
0.099 1.53817 1.79949
0.1 1.49128 1.85681
0.101 1.44059 1.91342
0.102 1.3862 1.96915
0.103 1.32826 2.02383
0.104 1.26689 2.07726
0.105 1.20226 2.12927
0.106 1.13453 2.17965
0.107 1.06392 2.22823
0.108 0.990607 2.2748
0.109 0.91483 2.31917
0.11 0.836822 2.36115
0.111 0.756832 2.40054
0.112 0.675123 2.43716
0.113 0.591972 2.47081
0.114 0.507664 2.50131
0.115 0.422496 2.52846
0.116 0.336774 2.55211
0.117 0.250812 2.57206
0.118 0.164929 2.58815
0.119 0.079453 2.60023
0.12 -0.00528708 2.60813
0.121 -0.0889574 2.61172
0.122 -0.171223 2.61086
0.123 -0.251749 2.60542
0.124 -0.330201 2.59529
0.125 -0.406248 2.58036
0.126 -0.479563 2.56055
0.127 -0.549824 2.53577
0.128 -0.616716 2.50595
0.129 -0.679934 2.47105
0.13 -0.739181 2.43103
0.131 -0.794172 2.38587
0.132 -0.844635 2.33556
0.133 -0.890312 2.2801
0.134 -0.93096 2.21953
0.135 -0.966353 2.15389
0.136 -0.996284 2.08323
0.137 -1.02056 2.00763
0.138 -1.03902 1.92719
0.139 -1.05151 1.84201
0.14 -1.05791 1.75222
0.141 -1.05812 1.65798
0.142 -1.05205 1.55943
0.143 -1.03966 1.45676
0.144 -1.02092 1.35017
0.145 -0.995819 1.23986
0.146 -0.964389 1.12608
0.147 -0.926678 1.00905
0.148 -0.882765 0.889049
0.149 -0.832753 0.76634
0.15 -0.776773 0.641214
0.151 -0.714984 0.513972
0.152 -0.64757 0.384928
0.153 -0.574742 0.254406
0.154 -0.496734 0.122743
0.155 -0.413809 -0.00971695
0.156 -0.326252 -0.142619
0.157 -0.23437 -0.275601
0.158 -0.138497 -0.408295
0.159 -0.0389849 -0.540327
0.16 0.0637936 -0.67132
0.161 0.169446 -0.800893
0.162 0.277561 -0.928664
0.163 0.387713 -1.05425
0.164 0.499461 -1.17727
0.165 0.612351 -1.29734
0.166 0.725915 -1.41409
0.167 0.839679 -1.52715
0.168 0.953158 -1.63615
0.169 1.06586 -1.74074
0.17 1.1773 -1.84057
0.171 1.28697 -1.9353
0.172 1.39439 -2.02461
0.173 1.49904 -2.10819
0.174 1.60046 -2.18574
0.175 1.69814 -2.25697
0.176 1.79162 -2.32163
0.177 1.88043 -2.37947
0.178 1.96411 -2.43026
0.179 2.04222 -2.47379
0.18 2.11434 -2.50988
0.181 2.18007 -2.53836
0.182 2.23901 -2.55911
0.183 2.29081 -2.57199
0.184 2.33513 -2.57692
0.185 2.37164 -2.57383
0.186 2.40006 -2.56269
0.187 2.42012 -2.54348
0.188 2.43161 -2.51622
0.189 2.43431 -2.48094
0.19 2.42806 -2.43772
0.191 2.41273 -2.38664
0.192 2.38821 -2.32784
0.193 2.35445 -2.26146
0.194 2.3114 -2.18768
0.195 2.25908 -2.10671
0.196 2.19753 -2.01878
0.197 2.12683 -1.92414
0.198 2.04709 -1.82308
0.199 1.95847 -1.71591
0.2 1.86116 -1.60295
0.201 1.75539 -1.48457
0.202 1.64142 -1.36113
0.203 1.51954 -1.23303
0.204 1.39008 -1.1007
0.205 1.25342 -0.964559
0.206 1.10995 -0.825071
0.207 0.960096 -0.6827
0.208 0.804316 -0.53793
0.209 0.643097 -0.391256
0.21 0.476952 -0.243183
0.211 0.306417 -0.0942268
0.212 0.132052 0.0550885
0.213 -0.0455616 0.204234
0.214 -0.225825 0.352678
0.215 -0.408123 0.499884
0.216 -0.591824 0.645317
0.217 -0.776287 0.788443
0.218 -0.960861 0.928732
0.219 -1.14489 1.06566
0.22 -1.32771 1.19871
0.221 -1.50865 1.32737
0.222 -1.68705 1.45115
0.223 -1.86226 1.56956
0.224 -2.03362 1.68213
0.225 -2.20048 1.78842
0.226 -2.36221 1.88798
0.227 -2.51819 1.98041
0.228 -2.66783 2.06531
0.229 -2.81052 2.14231
0.23 -2.94572 2.21108
0.231 -3.07288 2.27129
0.232 -3.19149 2.32266
0.233 -3.30108 2.36492
0.234 -3.40118 2.39785
0.235 -3.49138 2.42124
0.236 -3.57129 2.43494
0.237 -3.64056 2.43879
0.238 -3.69889 2.43272
0.239 -3.746 2.41664
0.24 -3.78166 2.39053
0.241 -3.80569 2.35439
0.242 -3.81794 2.30826
0.243 -3.81832 2.25221
0.244 -3.80676 2.18636
0.245 -3.78326 2.11085
0.246 -3.74785 2.02586
0.247 -3.70062 1.93161
0.248 -3.6417 1.82833
0.249 -3.57126 1.71633
0.25 -3.48951 1.5959
0.251 -3.39674 1.4674
0.252 -3.29323 1.3312
0.253 -3.17936 1.18771
0.254 -3.0555 1.03736
0.255 -2.9221 0.880608
0.256 -2.77963 0.717948
0.257 -2.6286 0.549883
0.258 -2.46956 0.376946
0.259 -2.30309 0.199686
0.26 -2.12981 0.0186731
0.261 -1.95036 -0.165509
0.262 -1.76541 -0.35226
0.263 -1.57566 -0.54097
0.264 -1.38183 -0.731018
0.265 -1.18465 -0.921775
0.266 -0.984871 -1.11261
0.267 -0.78327 -1.30288
0.268 -0.580623 -1.49195
0.269 -0.377715 -1.67919
0.27 -0.175337 -1.86396
0.271 0.0257174 -2.04564
0.272 0.224658 -2.2236
0.273 0.4207 -2.39725
0.274 0.613063 -2.56598
0.275 0.800982 -2.72922
0.276 0.983704 -2.88641
0.277 1.16049 -3.037
0.278 1.33063 -3.18048
0.279 1.49344 -3.31634
0.28 1.64823 -3.44411
0.281 1.79439 -3.56335
0.282 1.9313 -3.67365
0.283 2.05839 -3.77461
0.284 2.17513 -3.86588
0.285 2.28102 -3.94715
0.286 2.37562 -4.01813
0.287 2.4585 -4.07856
0.288 2.52931 -4.12824
0.289 2.58773 -4.16699
0.29 2.63348 -4.19467
0.291 2.66634 -4.21118
0.292 2.68615 -4.21646
0.293 2.69279 -4.2105
0.294 2.68618 -4.19331
0.295 2.66632 -4.16496
0.296 2.63325 -4.12554
0.297 2.58706 -4.0752
0.298 2.5279 -4.01411
0.299 2.45596 -3.94249
0.3 2.3715 -3.86059
0.301 2.27482 -3.7687
0.302 2.16628 -3.66715
0.303 2.04627 -3.5563
0.304 1.91525 -3.43655
0.305 1.77371 -3.30831
0.306 1.6222 -3.17205
0.307 1.46129 -3.02824
0.308 1.29162 -2.8774
0.309 1.11385 -2.72006
0.31 0.928666 -2.55678
0.311 0.736808 -2.38814
0.312 0.539033 -2.21473
0.313 0.33613 -2.03717
0.314 0.128911 -1.85608
0.315 -0.0817929 -1.67211
0.316 -0.295131 -1.4859
0.317 -0.510238 -1.2981
0.318 -0.72624 -1.10937
0.319 -0.942254 -0.920374
0.32 -1.15739 -0.731768
0.321 -1.37077 -0.544209
0.322 -1.58151 -0.358345
0.323 -1.78873 -0.174818
0.324 -1.99156 0.00574104
0.325 -2.18915 0.182716
0.326 -2.38067 0.355504
0.327 -2.56531 0.523523
0.328 -2.74227 0.686208
0.329 -2.9108 0.843018
0.33 -3.07017 0.993437
0.331 -3.21967 1.13697
0.332 -3.35866 1.27317
0.333 -3.4865 1.40158
0.334 -3.60263 1.52182
0.335 -3.70651 1.63351
0.336 -3.79764 1.73633
0.337 -3.87561 1.82997
0.338 -3.94002 1.91418
0.339 -3.99054 1.98872
0.34 -4.02689 2.05343
0.341 -4.04885 2.10816
0.342 -4.05625 2.15279
0.343 -4.049 2.18728
0.344 -4.02703 2.21159
0.345 -3.99036 2.22574
0.346 -3.93906 2.22978
0.347 -3.87326 2.22383
0.348 -3.79314 2.20801
0.349 -3.69895 2.18251
0.35 -3.59099 2.14752
0.351 -3.46962 2.10332
0.352 -3.33525 2.05018
0.353 -3.18834 1.98844
0.354 -3.02943 1.91843
0.355 -2.85907 1.84057
0.356 -2.67788 1.75526
0.357 -2.48653 1.66296
0.358 -2.28572 1.56413
0.359 -2.07618 1.45929
0.36 -1.85871 1.34895
0.361 -1.63412 1.23367
0.362 -1.40326 1.11399
0.363 -1.167 0.990507
0.364 -0.926235 0.863806
0.365 -0.68189 0.734494
0.366 -0.4349 0.603182
0.367 -0.186213 0.47049
0.368 0.0632119 0.337041
0.369 0.312412 0.203459
0.37 0.560421 0.0703656
0.371 0.806277 -0.0616204
0.372 1.04902 -0.191887
0.373 1.28771 -0.319832
0.374 1.52141 -0.444865
0.375 1.74921 -0.566408
0.376 1.97021 -0.683901
0.377 2.18356 -0.796804
0.378 2.3884 -0.904594
0.379 2.58394 -1.00678
0.38 2.7694 -1.10288
0.381 2.94406 -1.19245
0.382 3.10723 -1.27509
0.383 3.25827 -1.3504
0.384 3.39657 -1.41804
0.385 3.52161 -1.47768
0.386 3.63288 -1.52904
0.387 3.72995 -1.57188
0.388 3.81245 -1.60599
0.389 3.88005 -1.63119
0.39 3.93249 -1.64736
0.391 3.96957 -1.65441
0.392 3.99116 -1.65228
0.393 3.99719 -1.64096
0.394 3.98764 -1.62047
0.395 3.96258 -1.5909
0.396 3.92211 -1.55235
0.397 3.86642 -1.50496
0.398 3.79576 -1.44893
0.399 3.71043 -1.38448
0.4 3.6108 -1.31187
0.401 3.49729 -1.2314
0.402 3.3704 -1.1434
0.403 3.23066 -1.04825
0.404 3.07867 -0.946328
0.405 2.91508 -0.838076
0.406 2.74058 -0.723947
0.407 2.55592 -0.604423
0.408 2.36187 -0.480012
0.409 2.15928 -0.351244
0.41 1.949 -0.218666
0.411 1.73193 -0.0828469
0.412 1.509 0.0556332
0.413 1.28117 0.19618
0.414 1.0494 0.338188
0.415 0.814701 0.481046
0.416 0.578074 0.624138
0.417 0.340541 0.766844
0.418 0.103128 0.908547
0.419 -0.133137 1.04863
0.42 -0.36723 1.18649
0.421 -0.598132 1.32151
0.422 -0.824835 1.45312
0.423 -1.04635 1.58074
0.424 -1.26169 1.7038
0.425 -1.46993 1.82176
0.426 -1.67012 1.93412
0.427 -1.86139 2.04035
0.428 -2.04287 2.14001
0.429 -2.21375 2.23264
0.43 -2.37326 2.31783
0.431 -2.52065 2.3952
0.432 -2.65526 2.4644
0.433 -2.77645 2.52511
0.434 -2.88365 2.57707
0.435 -2.97633 2.62002
0.436 -3.05405 2.65377
0.437 -3.1164 2.67815
0.438 -3.16305 2.69305
0.439 -3.19373 2.69838
0.44 -3.20823 2.69412
0.441 -3.20643 2.68026
0.442 -3.18825 2.65684
0.443 -3.1537 2.62397
0.444 -3.10284 2.58177
0.445 -3.03581 2.5304
0.446 -2.95282 2.47009
0.447 -2.85415 2.40109
0.448 -2.74013 2.3237
0.449 -2.61116 2.23823
0.45 -2.46773 2.14506
0.451 -2.31036 2.04459
0.452 -2.13965 1.93726
0.453 -1.95625 1.82353
0.454 -1.76086 1.7039
0.455 -1.55425 1.57891
0.456 -1.33723 1.4491
0.457 -1.11064 1.31504
0.458 -0.875399 1.17734
0.459 -0.632438 1.03662
0.46 -0.382735 0.893489
0.461 -0.127297 0.748611
0.462 0.132839 0.602638
0.463 0.396613 0.456233
0.464 0.662946 0.310066
0.465 0.930743 0.164809
0.466 1.1989 0.0211338
0.467 1.4663 -0.120293
0.468 1.73184 -0.25881
0.469 1.99439 -0.393764
0.47 2.25287 -0.524516
0.471 2.50618 -0.65044
0.472 2.75324 -0.770929
0.473 2.993 -0.885396
0.474 3.22444 -0.993276
0.475 3.44655 -1.09403
0.476 3.65837 -1.18715
0.477 3.85898 -1.27216
0.478 4.04749 -1.3486
0.479 4.22307 -1.41606
0.48 4.38492 -1.47417
0.481 4.53232 -1.52259
0.482 4.66457 -1.56102
0.483 4.78107 -1.58921
0.484 4.88125 -1.60694
0.485 4.96462 -1.61404
0.486 5.03076 -1.61039
0.487 5.07929 -1.59591
0.488 5.10994 -1.57057
0.489 5.12249 -1.53438
0.49 5.11679 -1.48741
0.491 5.09277 -1.42976
0.492 5.05044 -1.3616
0.493 4.98987 -1.28313
0.494 4.91122 -1.19459
0.495 4.81472 -1.09628
0.496 4.70066 -0.988546
0.497 4.56942 -0.871762
0.498 4.42144 -0.746356
0.499 4.25723 -0.612793
0.5 4.07738 -0.471576
0.501 3.88253 -0.323247
0.502 3.67339 -0.168381
0.503 3.45073 -0.00758576
0.504 3.21539 0.158499
0.505 2.96823 0.329207
0.506 2.71019 0.503846
0.507 2.44226 0.681701
0.508 2.16546 0.862037
0.509 1.88084 1.0441
0.51 1.58951 1.22713
0.511 1.2926 1.41035
0.512 0.991261 1.59297
0.513 0.686668 1.77421
0.514 0.380016 1.95327
0.515 0.0725107 2.12937
0.516 -0.234634 2.30172
0.517 -0.540203 2.46955
0.518 -0.842984 2.63209
0.519 -1.14177 2.7886
0.52 -1.43537 2.93834
0.521 -1.72261 3.08061
0.522 -2.00233 3.21472
0.523 -2.27342 3.34002
0.524 -2.53476 3.45586
0.525 -2.78531 3.56167
0.526 -3.02405 3.65687
0.527 -3.25 3.74094
0.528 -3.46225 3.81341
0.529 -3.65991 3.87383
0.53 -3.84218 3.9218
0.531 -4.00829 3.95697
0.532 -4.15757 3.97905
0.533 -4.28938 3.98778
0.534 -4.40317 3.98295
0.535 -4.49845 3.96442
0.536 -4.57481 3.9321
0.537 -4.63192 3.88593
0.538 -4.66952 3.82592
0.539 -4.68743 3.75216
0.54 -4.68556 3.66474
0.541 -4.66387 3.56385
0.542 -4.62243 3.44971
0.543 -4.56138 3.32261
0.544 -4.48095 3.18288
0.545 -4.38143 3.0309
0.546 -4.26319 2.86711
0.547 -4.12671 2.69199
0.548 -3.9725 2.50607
0.549 -3.80117 2.30994
0.55 -3.6134 2.1042
0.551 -3.40993 1.88953
0.552 -3.19157 1.66663
0.553 -2.95919 1.43622
0.554 -2.71373 1.19908
0.555 -2.45618 0.956012
0.556 -2.18757 0.707843
0.557 -1.909 0.455427
0.558 -1.62159 0.199637
0.559 -1.32652 -0.0586338
0.56 -1.02498 -0.318477
0.561 -0.718228 -0.578975
0.562 -0.407509 -0.839201
0.563 -0.094107 -1.09822
0.564 0.220685 -1.35511
0.565 0.535562 -1.60894
0.566 0.849216 -1.85879
0.567 1.16034 -2.10374
0.568 1.46764 -2.3429
0.569 1.76981 -2.57539
0.57 2.0656 -2.80036
0.571 2.35374 -3.01696
0.572 2.63302 -3.22439
0.573 2.90225 -3.42188
0.574 3.16027 -3.60869
0.575 3.40597 -3.78411
0.576 3.63829 -3.94748
0.577 3.85621 -4.09818
0.578 4.05878 -4.23563
0.579 4.24509 -4.3593
0.58 4.41431 -4.46872
0.581 4.56567 -4.56347
0.582 4.69846 -4.64316
0.583 4.81206 -4.70749
0.584 4.90593 -4.75619
0.585 4.97957 -4.78906
0.586 5.03261 -4.80597
0.587 5.06473 -4.80683
0.588 5.0757 -4.79161
0.589 5.06537 -4.76036
0.59 5.03369 -4.71318
0.591 4.98068 -4.65023
0.592 4.90646 -4.57172
0.593 4.81122 -4.47794
0.594 4.69526 -4.36923
0.595 4.55893 -4.24598
0.596 4.40268 -4.10865
0.597 4.22705 -3.95773
0.598 4.03265 -3.7938
0.599 3.82016 -3.61745
0.6 3.59035 -3.42935
0.601 3.34405 -3.23021
0.602 3.08217 -3.02076
0.603 2.80566 -2.80181
0.604 2.51557 -2.57417
0.605 2.21296 -2.3387
0.606 1.89899 -2.0963
0.607 1.57483 -1.84788
0.608 1.24172 -1.5944
0.609 0.90093 -1.33682
0.61 0.55376 -1.07611
0.611 0.201542 -0.813282
0.612 -0.154367 -0.549334
0.613 -0.512593 -0.28528
0.614 -0.87175 -0.0221329
0.615 -1.23044 0.239096
0.616 -1.58728 0.497401
0.617 -1.94086 0.751785
0.618 -2.28982 1.00127
0.619 -2.63277 1.24489
0.62 -2.96838 1.48169
0.621 -3.29533 1.71077
0.622 -3.61232 1.93123
0.623 -3.91811 2.14222
0.624 -4.21149 2.34291
0.625 -4.49129 2.53252
0.626 -4.75639 2.71031
0.627 -5.00576 2.87557
0.628 -5.23838 3.02767
0.629 -5.45332 3.166
0.63 -5.64973 3.29001
0.631 -5.82682 3.39921
0.632 -5.98385 3.49316
0.633 -6.12021 3.5715
0.634 -6.23533 3.63389
0.635 -6.32873 3.68009
0.636 -6.40004 3.70989
0.637 -6.44893 3.72317
0.638 -6.47521 3.71986
0.639 -6.47875 3.69996
0.64 -6.4595 3.66352
0.641 -6.41754 3.61068
0.642 -6.35299 3.54161
0.643 -6.2661 3.45657
0.644 -6.1572 3.35587
0.645 -6.02668 3.23988
0.646 -5.87506 3.10905
0.647 -5.7029 2.96384
0.648 -5.51088 2.80483
0.649 -5.29974 2.63259
0.65 -5.0703 2.44779
0.651 -4.82344 2.25112
0.652 -4.56014 2.04332
0.653 -4.28142 1.8252
0.654 -3.98837 1.59758
0.655 -3.68215 1.36132
0.656 -3.36395 1.11733
0.657 -3.03502 0.866537
0.658 -2.69667 0.609898
0.659 -2.35021 0.348395
0.66 -1.99703 0.0830271
0.661 -1.6385 -0.185191
0.662 -1.27605 -0.455233
0.663 -0.911107 -0.726066
0.664 -0.545116 -0.996654
0.665 -0.179523 -1.26596
0.666 0.184226 -1.53295
0.667 0.54469 -1.79661
0.668 0.900443 -2.05593
0.669 1.25007 -2.30991
0.67 1.5922 -2.55758
0.671 1.92546 -2.79799
0.672 2.24854 -3.03024
0.673 2.56016 -3.25342
0.674 2.85908 -3.46668
0.675 3.14412 -3.66923
0.676 3.41415 -3.86027
0.677 3.6681 -4.03908
0.678 3.90497 -4.20499
0.679 4.12382 -4.35737
0.68 4.32378 -4.49564
0.681 4.50407 -4.61927
0.682 4.66398 -4.7278
0.683 4.80288 -4.82083
0.684 4.92023 -4.89801
0.685 5.01558 -4.95905
0.686 5.08855 -5.00374
0.687 5.13887 -5.03191
0.688 5.16636 -5.04347
0.689 5.17092 -5.03839
0.69 5.15255 -5.01671
0.691 5.11134 -4.97853
0.692 5.04748 -4.924
0.693 4.96124 -4.85335
0.694 4.853 -4.76687
0.695 4.72321 -4.66491
0.696 4.57242 -4.54789
0.697 4.40125 -4.41625
0.698 4.21042 -4.27053
0.699 4.00072 -4.11131
0.7 3.77302 -3.9392
0.701 3.52826 -3.75489
0.702 3.26747 -3.5591
0.703 2.99171 -3.3526
0.704 2.70213 -3.13618
0.705 2.39993 -2.9107
0.706 2.08635 -2.67704
0.707 1.7627 -2.43609
0.708 1.43031 -2.18879
0.709 1.09055 -1.9361
0.71 0.744837 -1.67899
0.711 0.394597 -1.41845
0.712 0.041281 -1.15548
0.713 -0.313647 -0.891087
0.714 -0.668716 -0.626284
0.715 -1.02245 -0.362076
0.716 -1.37338 -0.099469
0.717 -1.72006 0.160544
0.718 -2.06102 0.416982
0.719 -2.39486 0.668881
0.72 -2.72019 0.915298
0.721 -3.03563 1.15531
0.722 -3.33988 1.38804
0.723 -3.63166 1.61262
0.724 -3.90973 1.82823
0.725 -4.17293 2.03408
0.726 -4.42014 2.22944
0.727 -4.65032 2.4136
0.728 -4.86248 2.58592
0.729 -5.05572 2.74579
0.73 -5.2292 2.89267
0.731 -5.38218 3.02607
0.732 -5.51398 3.14554
0.733 -5.62402 3.25071
0.734 -5.71179 3.34125
0.735 -5.7769 3.41692
0.736 -5.81903 3.4775
0.737 -5.83796 3.52287
0.738 -5.83355 3.55295
0.739 -5.80578 3.56774
0.74 -5.7547 3.56728
0.741 -5.68047 3.55169
0.742 -5.58333 3.52116
0.743 -5.46365 3.47592
0.744 -5.32183 3.41626
0.745 -5.15842 3.34256
0.746 -4.97402 3.25522
0.747 -4.76933 3.15471
0.748 -4.54513 3.04156
0.749 -4.30229 2.91634
0.75 -4.04173 2.77969
0.751 -3.76447 2.63226
0.752 -3.47159 2.47477
0.753 -3.16422 2.30798
0.754 -2.84357 2.13268
0.755 -2.5109 1.94969
0.756 -2.16752 1.75986
0.757 -1.81476 1.56408
0.758 -1.45403 1.36326
0.759 -1.08674 1.15831
0.76 -0.714348 0.950184
0.761 -0.338323 0.739822
0.762 0.0398458 0.528187
0.763 0.418661 0.316239
0.764 0.796622 0.104941
0.765 1.17223 -0.10475
0.766 1.54399 -0.311885
0.767 1.91043 -0.51553
0.768 2.2701 -0.714763
0.769 2.62156 -0.908686
0.77 2.96341 -1.09642
0.771 3.29431 -1.27713
0.772 3.61294 -1.44998
0.773 3.91802 -1.61419
0.774 4.20835 -1.76903
0.775 4.48277 -1.91379
0.776 4.74019 -2.04781
0.777 4.97961 -2.17046
0.778 5.20005 -2.2812
0.779 5.40066 -2.37951
0.78 5.58065 -2.46492
0.781 5.73929 -2.53704
0.782 5.87598 -2.59551
0.783 5.99017 -2.64006
0.784 6.08143 -2.67044
0.785 6.1494 -2.6865
0.786 6.19383 -2.68813
0.787 6.21456 -2.67529
0.788 6.21153 -2.64799
0.789 6.18476 -2.60631
0.79 6.13439 -2.55041
0.791 6.06064 -2.48047
0.792 5.96383 -2.39677
0.793 5.84438 -2.29964
0.794 5.7028 -2.18944
0.795 5.53967 -2.06663
0.796 5.35569 -1.93169
0.797 5.15162 -1.78517
0.798 4.92831 -1.62767
0.799 4.6867 -1.45983
0.8 4.4278 -1.28233
0.801 4.15267 -1.09592
0.802 3.86246 -0.90136
0.803 3.55838 -0.699459
0.804 3.24168 -0.491058
0.805 2.91369 -0.277025
0.806 2.57575 -0.0582561
0.807 2.22928 0.164332
0.808 1.87572 0.389805
0.809 1.51652 0.617212
0.81 1.15317 0.845594
0.811 0.787197 1.07399
0.812 0.420107 1.30142
0.813 0.0534262 1.52693
0.814 -0.31132 1.74955
0.815 -0.672615 1.96833
0.816 -1.02896 2.18234
0.817 -1.37886 2.39066
0.818 -1.72086 2.59239
0.819 -2.05355 2.78666
0.82 -2.37552 2.97263
0.821 -2.68543 3.14948
0.822 -2.98199 3.31645
0.823 -3.26394 3.47279
0.824 -3.53012 3.61783
0.825 -3.77939 3.75091
0.826 -4.0107 3.87143
0.827 -4.22307 3.97885
0.828 -4.41561 4.07268
0.829 -4.58749 4.15248
0.83 -4.73798 4.21787
0.831 -4.86642 4.26852
0.832 -4.97226 4.30418
0.833 -5.05502 4.32465
0.834 -5.11435 4.3298
0.835 -5.14995 4.31954
0.836 -5.16165 4.29388
0.837 -5.14937 4.25286
0.838 -5.11313 4.19661
0.839 -5.05304 4.12532
0.84 -4.96931 4.03921
0.841 -4.86227 3.93862
0.842 -4.73231 3.82389
0.843 -4.57993 3.69547
0.844 -4.40574 3.55384
0.845 -4.21042 3.39954
0.846 -3.99474 3.23316
0.847 -3.75956 3.05537
0.848 -3.50582 2.86684
0.849 -3.23453 2.66833
0.85 -2.94679 2.46062
0.851 -2.64376 2.24455
0.852 -2.32665 2.02096
0.853 -1.99676 1.79077
0.854 -1.65542 1.55488
0.855 -1.30401 1.31427
0.856 -0.943977 1.0699
0.857 -0.576777 0.822766
0.858 -0.203913 0.573872
0.859 0.173089 0.324237
0.86 0.552684 0.0748815
0.861 0.933315 -0.173169
0.862 1.31341 -0.418894
0.863 1.69142 -0.661278
0.864 2.06577 -0.899319
0.865 2.43491 -1.13203
0.866 2.79732 -1.35843
0.867 3.15149 -1.57759
0.868 3.49595 -1.78859
0.869 3.82926 -1.99053
0.87 4.15002 -2.18256
0.871 4.4569 -2.36387
0.872 4.74859 -2.53369
0.873 5.02386 -2.69129
0.874 5.28155 -2.83599
0.875 5.52056 -2.96716
0.876 5.73986 -3.08423
0.877 5.9385 -3.18667
0.878 6.11562 -3.27404
0.879 6.27043 -3.34593
0.88 6.40225 -3.402
0.881 6.51048 -3.44198
0.882 6.5946 -3.46567
0.883 6.65421 -3.47292
0.884 6.689 -3.46366
0.885 6.69876 -3.43788
0.886 6.68338 -3.39564
0.887 6.64284 -3.33708
0.888 6.57723 -3.26238
0.889 6.48675 -3.17182
0.89 6.3717 -3.06571
0.891 6.23246 -2.94446
0.892 6.06952 -2.80852
0.893 5.88346 -2.6584
0.894 5.67498 -2.49469
0.895 5.44483 -2.31802
0.896 5.19388 -2.12908
0.897 4.92307 -1.92861
0.898 4.63342 -1.71741
0.899 4.32603 -1.49632
0.9 4.00208 -1.2662
0.901 3.66282 -1.028
0.902 3.30953 -0.782667
0.903 2.9436 -0.531189
0.904 2.56643 -0.274588
0.905 2.17948 -0.013906
0.906 1.78425 0.249791
0.907 1.3823 0.515424
0.908 0.97517 0.781901
0.909 0.564463 1.04812
0.91 0.151782 1.31298
0.911 -0.261261 1.57538
0.912 -0.673045 1.83423
0.913 -1.08196 2.08843
0.914 -1.48639 2.33692
0.915 -1.88476 2.57865
0.916 -2.2755 2.81258
0.917 -2.65707 3.03771
0.918 -3.02797 3.25308
0.919 -3.38674 3.45774
0.92 -3.73197 3.65081
0.921 -4.06229 3.83143
0.922 -4.37641 3.99878
0.923 -4.67309 4.15212
0.924 -4.95116 4.29074
0.925 -5.20952 4.414
0.926 -5.44716 4.52129
0.927 -5.66313 4.61209
0.928 -5.8566 4.68594
0.929 -6.0268 4.74243
0.93 -6.17306 4.78124
0.931 -6.29481 4.80209
0.932 -6.39159 4.80479
0.933 -6.463 4.78922
0.934 -6.50879 4.75532
0.935 -6.52878 4.70311
0.936 -6.5229 4.63268
0.937 -6.49119 4.54419
0.938 -6.43379 4.43787
0.939 -6.35094 4.31404
0.94 -6.24299 4.17305
0.941 -6.11039 4.01536
0.942 -5.95367 3.84147
0.943 -5.77349 3.65194
0.944 -5.57057 3.44742
0.945 -5.34575 3.2286
0.946 -5.09994 2.99623
0.947 -4.83415 2.75112
0.948 -4.54945 2.49413
0.949 -4.24701 2.22616
0.95 -3.92806 1.94816
0.951 -3.59389 1.66114
0.952 -3.24586 1.36611
0.953 -2.8854 1.06414
0.954 -2.51395 0.756328
0.955 -2.13305 0.44379
0.956 -1.74423 0.127666
0.957 -1.34909 -0.190889
0.958 -0.949218 -0.510708
0.959 -0.546259 -0.830615
0.96 -0.141852 -1.14943
0.961 0.262355 -1.46598
0.962 0.664712 -1.7791
0.963 1.06358 -2.08763
0.964 1.45732 -2.39042
0.965 1.84433 -2.68635
0.966 2.22302 -2.97432
0.967 2.59185 -3.25326
0.968 2.9493 -3.52214
0.969 3.2939 -3.77996
0.97 3.62423 -4.02576
0.971 3.93894 -4.25861
0.972 4.23672 -4.47767
0.973 4.51635 -4.68211
0.974 4.77666 -4.87117
0.975 5.01658 -5.04416
0.976 5.2351 -5.20044
0.977 5.4313 -5.33942
0.978 5.60437 -5.4606
0.979 5.75356 -5.56353
0.98 5.87824 -5.64784
0.981 5.97787 -5.71323
0.982 6.05201 -5.75946
0.983 6.10031 -5.78639
0.984 6.12255 -5.79392
0.985 6.1186 -5.78204
0.986 6.08842 -5.75083
0.987 6.0321 -5.70042
0.988 5.94983 -5.63102
0.989 5.8419 -5.54291
0.99 5.70869 -5.43646
0.991 5.5507 -5.3121
0.992 5.36853 -5.17031
0.993 5.16287 -5.01166
0.994 4.9345 -4.83677
0.995 4.6843 -4.64634
0.996 4.41324 -4.44112
0.997 4.12237 -4.2219
0.998 3.81282 -3.98956
0.999 3.48578 -3.74499
1 3.14255 -3.48915
