0.001 3.38309e-008 2.54341e-009
0.002 3.08386e-007 2.04263e-008
0.003 1.45532e-006 8.47638e-008
0.004 4.82494e-006 2.48747e-007
0.005 1.27772e-005 5.9007e-007
0.006 2.89624e-005 1.21501e-006
0.007 5.85899e-005 2.26459e-006
0.008 0.000108681 3.92327e-006
0.009 0.000188307 6.43051e-006
0.01 0.000308801 1.00956e-005
0.011 0.000483959 1.5316e-005
0.012 0.000730204 2.25994e-005
0.013 0.00106674 3.25903e-005
0.014 0.00151565 4.61001e-005
0.015 0.00210202 6.41421e-005
0.016 0.00285397 8.79705e-005
0.017 0.00380269 0.000119125
0.018 0.00498244 0.000159476
0.019 0.00643051 0.000211282
0.02 0.00818715 0.00027724
0.021 0.0102955 0.000360551
0.022 0.0128013 0.000464982
0.023 0.0157531 0.000594931
0.024 0.0192016 0.000755502
0.025 0.0231997 0.000952573
0.026 0.0278021 0.00119287
0.027 0.0330651 0.00148406
0.028 0.0390464 0.00183479
0.029 0.0458044 0.0022548
0.03 0.0533981 0.00275498
0.031 0.0618868 0.00334748
0.032 0.0713292 0.0040457
0.033 0.0817836 0.00486447
0.034 0.093307 0.00582001
0.035 0.105955 0.00693009
0.036 0.119781 0.00821401
0.037 0.134835 0.00969268
0.038 0.151165 0.0113887
0.039 0.168816 0.0133263
0.04 0.187828 0.0155314
0.041 0.208237 0.0180318
0.042 0.230072 0.0208569
0.043 0.25336 0.0240379
0.044 0.278121 0.0276077
0.045 0.304366 0.031601
0.046 0.332104 0.0360539
0.047 0.361334 0.0410043
0.048 0.392047 0.0464916
0.049 0.424228 0.0525566
0.05 0.457854 0.0592415
0.051 0.492893 0.0665898
0.052 0.529305 0.0746459
0.053 0.56704 0.0834553
0.054 0.606042 0.0930645
0.055 0.646243 0.10352
0.056 0.687569 0.11487
0.057 0.729935 0.127161
0.058 0.773248 0.140442
0.059 0.817406 0.15476
0.06 0.8623 0.170161
0.061 0.907811 0.186692
0.062 0.953812 0.204399
0.063 1.00017 0.223326
0.064 1.04674 0.243514
0.065 1.09338 0.265005
0.066 1.13993 0.287838
0.067 1.18622 0.312048
0.068 1.23211 0.337669
0.069 1.2774 0.364731
0.07 1.32193 0.39326
0.071 1.36552 0.423281
0.072 1.40798 0.454811
0.073 1.44914 0.487866
0.074 1.48881 0.522455
0.075 1.5268 0.558584
0.076 1.56293 0.596252
0.077 1.59702 0.635453
0.078 1.62889 0.676175
0.079 1.65835 0.718401
0.08 1.68524 0.762105
0.081 1.70938 0.807258
0.082 1.73062 0.853822
0.083 1.7488 0.901751
0.084 1.76377 0.950994
0.085 1.77538 1.00149
0.086 1.78352 1.05318
0.087 1.78807 1.10598
0.088 1.7889 1.15981
0.089 1.78594 1.21459
0.09 1.77909 1.27021
0.091 1.76828 1.32657
0.092 1.75346 1.38357
0.093 1.73458 1.44107
0.094 1.71162 1.49896
0.095 1.68457 1.5571
0.096 1.65344 1.61535
0.097 1.61824 1.67357
0.098 1.57902 1.7316
0.099 1.53582 1.78928
0.1 1.48873 1.84644
0.101 1.43784 1.90293
0.102 1.38324 1.95856
0.103 1.32508 2.01315
0.104 1.26348 2.06652
0.105 1.19861 2.11849
0.106 1.13064 2.16887
0.107 1.05977 2.21746
0.108 0.986205 2.26408
0.109 0.910162 2.30853
0.11 0.831882 2.35062
0.111 0.751615 2.39015
0.112 0.669626 2.42694
0.113 0.586189 2.4608
0.114 0.501593 2.49154
0.115 0.416135 2.51897
0.116 0.330122 2.54293
0.117 0.243868 2.56323
0.118 0.157694 2.57971
0.119 0.0719292 2.59221
0.12 -0.0130965 2.60057
0.121 -0.0970482 2.60466
0.122 -0.17959 2.60433
0.123 -0.260385 2.59946
0.124 -0.339098 2.58993
0.125 -0.415396 2.57565
0.126 -0.488952 2.55651
0.127 -0.559441 2.53243
0.128 -0.626549 2.50336
0.129 -0.689966 2.46923
0.13 -0.749396 2.43002
0.131 -0.804552 2.38569
0.132 -0.855161 2.33623
0.133 -0.900962 2.28166
0.134 -0.941713 2.222
0.135 -0.977185 2.15728
0.136 -1.00717 2.08757
0.137 -1.03148 2.01294
0.138 -1.04994 1.93347
0.139 -1.0624 1.84928
0.14 -1.06874 1.76049
0.141 -1.06885 1.66725
0.142 -1.06266 1.56971
0.143 -1.05012 1.46805
0.144 -1.03118 1.36246
0.145 -1.00585 1.25315
0.146 -0.974161 1.14035
0.147 -0.936151 1.0243
0.148 -0.891902 0.905255
0.149 -0.841516 0.783483
0.15 -0.785125 0.659271
0.151 -0.722887 0.532916
0.152 -0.654985 0.404729
0.153 -0.58163 0.275031
0.154 -0.503059 0.144154
0.155 -0.419533 0.012441
0.156 -0.331337 -0.119758
0.157 -0.238782 -0.252084
0.158 -0.142199 -0.384171
0.159 -0.0419415 -0.51565
0.16 0.0616152 -0.646146
0.161 0.168078 -0.775279
0.162 0.277035 -0.902672
0.163 0.388058 -1.02794
0.164 0.500705 -1.15071
0.165 0.614518 -1.27061
0.166 0.729031 -1.38725
0.167 0.843765 -1.50026
0.168 0.958234 -1.6093
0.169 1.07195 -1.714
0.17 1.18441 -1.81401
0.171 1.29511 -1.909
0.172 1.40357 -1.99865
0.173 1.50928 -2.08264
0.174 1.61174 -2.16068
0.175 1.71048 -2.23248
0.176 1.80501 -2.29779
0.177 1.89486 -2.35634
0.178 1.97958 -2.40793
0.179 2.05871 -2.45232
0.18 2.13185 -2.48935
0.181 2.19856 -2.51885
0.182 2.25847 -2.54067
0.183 2.31121 -2.55469
0.184 2.35644 -2.56082
0.185 2.39382 -2.559
0.186 2.42309 -2.54918
0.187 2.44396 -2.53134
0.188 2.4562 -2.50549
0.189 2.45962 -2.47168
0.19 2.45404 -2.42996
0.191 2.43932 -2.38042
0.192 2.41536 -2.32319
0.193 2.3821 -2.25841
0.194 2.33949 -2.18625
0.195 2.28755 -2.10691
0.196 2.22631 -2.02062
0.197 2.15586 -1.92763
0.198 2.0763 -1.82822
0.199 1.98779 -1.72268
0.2 1.89052 -1.61136
0.201 1.7847 -1.49458
0.202 1.67062 -1.37273
0.203 1.54855 -1.24619
0.204 1.41883 -1.11538
0.205 1.28183 -0.98072
0.206 1.13794 -0.842665
0.207 0.987588 -0.701676
0.208 0.831237 -0.558229
0.209 0.669372 -0.412814
0.21 0.502505 -0.265931
0.211 0.331176 -0.118092
0.212 0.155945 0.0301862
0.213 -0.0226053 0.178378
0.214 -0.203873 0.325956
0.215 -0.387241 0.472389
0.216 -0.572076 0.617145
0.217 -0.757733 0.759695
0.218 -0.943559 0.899511
0.219 -1.12889 1.03607
0.22 -1.31306 1.16886
0.221 -1.49541 1.29738
0.222 -1.67526 1.42113
0.223 -1.85195 1.53962
0.224 -2.02483 1.65239
0.225 -2.19324 1.759
0.226 -2.35654 1.859
0.227 -2.51411 1.95198
0.228 -2.66535 2.03755
0.229 -2.80966 2.11535
0.23 -2.94648 2.18502
0.231 -3.07526 2.24625
0.232 -3.19549 2.29875
0.233 -3.30667 2.34226
0.234 -3.40836 2.37653
0.235 -3.50012 2.40138
0.236 -3.58156 2.41662
0.237 -3.65233 2.42212
0.238 -3.71212 2.41779
0.239 -3.76065 2.40353
0.24 -3.79767 2.37932
0.241 -3.82301 2.34517
0.242 -3.83652 2.30109
0.243 -3.83808 2.24715
0.244 -3.82763 2.18348
0.245 -3.80517 2.11019
0.246 -3.77073 2.02746
0.247 -3.72439 1.9355
0.248 -3.66626 1.83456
0.249 -3.59653 1.7249
0.25 -3.5154 1.60684
0.251 -3.42314 1.4807
0.252 -3.32006 1.34687
0.253 -3.2065 1.20573
0.254 -3.08287 1.05771
0.255 -2.94958 0.903271
0.256 -2.80712 0.742882
0.257 -2.656 0.577045
0.258 -2.49676 0.406284
0.259 -2.32998 0.231141
0.26 -2.15629 0.0521772
0.261 -1.97632 -0.13003
0.262 -1.79075 -0.314889
0.263 -1.60028 -0.501796
0.264 -1.40562 -0.690138
0.265 -1.20752 -0.879292
0.266 -1.00672 -1.06863
0.267 -0.804014 -1.25753
0.268 -0.600167 -1.44534
0.269 -0.395975 -1.63145
0.27 -0.192233 -1.81522
0.271 0.0102624 -1.99604
0.272 0.210716 -2.17328
0.273 0.408336 -2.34635
0.274 0.60234 -2.51466
0.275 0.791954 -2.67762
0.276 0.97642 -2.83468
0.277 1.155 -2.9853
0.278 1.32696 -3.12896
0.279 1.49162 -3.26515
0.28 1.64829 -3.39342
0.281 1.79634 -3.51332
0.282 1.93515 -3.62442
0.283 2.06415 -3.72634
0.284 2.18279 -3.81873
0.285 2.29057 -3.90126
0.286 2.38703 -3.97364
0.287 2.47176 -4.03562
0.288 2.54437 -4.08699
0.289 2.60455 -4.12756
0.29 2.65201 -4.15719
0.291 2.68654 -4.17577
0.292 2.70795 -4.18325
0.293 2.71611 -4.1796
0.294 2.71096 -4.16482
0.295 2.69247 -4.13898
0.296 2.66069 -4.10216
0.297 2.61569 -4.0545
0.298 2.55762 -3.99617
0.299 2.48667 -3.92737
0.3 2.4031 -3.84836
0.301 2.30719 -3.7594
0.302 2.19929 -3.66083
0.303 2.07982 -3.55298
0.304 1.94921 -3.43625
0.305 1.80796 -3.31105
0.306 1.65661 -3.17783
0.307 1.49574 -3.03705
0.308 1.32597 -2.88923
0.309 1.14796 -2.73489
0.31 0.962421 -2.57457
0.311 0.770072 -2.40884
0.312 0.571678 -2.2383
0.313 0.368027 -2.06354
0.314 0.159933 -1.88519
0.315 -0.0517687 -1.70387
0.316 -0.266226 -1.52022
0.317 -0.482571 -1.3349
0.318 -0.699925 -1.14854
0.319 -0.917402 -0.961807
0.32 -1.13411 -0.775348
0.321 -1.34916 -0.589813
0.322 -1.56165 -0.405846
0.323 -1.77072 -0.224082
0.324 -1.97549 -0.0451471
0.325 -2.17509 0.130346
0.326 -2.36869 0.301801
0.327 -2.55547 0.468636
0.328 -2.73463 0.630291
0.329 -2.9054 0.786227
0.33 -3.06704 0.93593
0.331 -3.21886 1.07891
0.332 -3.36017 1.21471
0.333 -3.49036 1.34289
0.334 -3.60883 1.46305
0.335 -3.71505 1.57482
0.336 -3.80853 1.67788
0.337 -3.8888 1.77192
0.338 -3.95549 1.85667
0.339 -4.00825 1.93192
0.34 -4.0468 1.99748
0.341 -4.0709 2.05319
0.342 -4.08039 2.09896
0.343 -4.07514 2.1347
0.344 -4.0551 2.1604
0.345 -4.02028 2.17606
0.346 -3.97073 2.18173
0.347 -3.90658 2.17751
0.348 -3.828 2.16353
0.349 -3.73525 2.13996
0.35 -3.6286 2.10699
0.351 -3.50842 2.06489
0.352 -3.37512 2.01392
0.353 -3.22916 1.95441
0.354 -3.07105 1.8867
0.355 -2.90136 1.81117
0.356 -2.7207 1.72823
0.357 -2.52973 1.63833
0.358 -2.32916 1.54193
0.359 -2.11972 1.43952
0.36 -1.90221 1.33162
0.361 -1.67743 1.21876
0.362 -1.44623 1.10151
0.363 -1.2095 0.980418
0.364 -0.968127 0.856082
0.365 -0.723036 0.729096
0.366 -0.475167 0.600065
0.367 -0.225472 0.4696
0.368 0.0250865 0.338316
0.369 0.275539 0.206831
0.37 0.524915 0.0757614
0.371 0.772245 -0.0542819
0.372 1.01657 -0.182692
0.373 1.25693 -0.308873
0.374 1.49239 -0.432238
0.375 1.72203 -0.552215
0.376 1.94495 -0.668248
0.377 2.16026 -0.779799
0.378 2.36714 -0.886351
0.379 2.56476 -0.987409
0.38 2.75234 -1.0825
0.381 2.92914 -1.17119
0.382 3.09448 -1.25306
0.383 3.24768 -1.32773
0.384 3.38817 -1.39484
0.385 3.51536 -1.45408
0.386 3.62878 -1.50516
0.387 3.72797 -1.54783
0.388 3.81254 -1.58189
0.389 3.88217 -1.60717
0.39 3.93659 -1.62352
0.391 3.97558 -1.63085
0.392 3.99901 -1.62912
0.393 4.00679 -1.6183
0.394 3.99891 -1.59841
0.395 3.9754 -1.56953
0.396 3.9364 -1.53176
0.397 3.88206 -1.48524
0.398 3.81263 -1.43015
0.399 3.7284 -1.36671
0.4 3.62975 -1.29518
0.401 3.51709 -1.21585
0.402 3.3909 -1.12905
0.403 3.25172 -1.03514
0.404 3.10015 -0.934504
0.405 2.93683 -0.827572
0.406 2.76245 -0.714791
0.407 2.57776 -0.596638
0.408 2.38354 -0.473612
0.409 2.18062 -0.346236
0.41 1.96986 -0.215054
0.411 1.75217 -0.0806249
0.412 1.52848 0.0564753
0.413 1.29973 0.195659
0.414 1.06692 0.336327
0.415 0.831032 0.477873
0.416 0.593094 0.619686
0.417 0.354126 0.761154
0.418 0.115162 0.901661
0.419 -0.122766 1.0406
0.42 -0.358625 1.17736
0.421 -0.591389 1.31135
0.422 -0.820041 1.44198
0.423 -1.04358 1.56868
0.424 -1.26102 1.6909
0.425 -1.47141 1.80808
0.426 -1.67382 1.91973
0.427 -1.86733 2.02533
0.428 -2.05109 2.12442
0.429 -2.22427 2.21657
0.43 -2.38607 2.30135
0.431 -2.53577 2.37838
0.432 -2.67266 2.44731
0.433 -2.79611 2.50783
0.434 -2.90554 2.55967
0.435 -3.0004 2.60257
0.436 -3.08024 2.63634
0.437 -3.14464 2.66081
0.438 -3.19326 2.67586
0.439 -3.22582 2.68141
0.44 -3.24211 2.67741
0.441 -3.24198 2.66387
0.442 -3.22536 2.64083
0.443 -3.19223 2.60838
0.444 -3.14266 2.56663
0.445 -3.07678 2.51577
0.446 -2.99479 2.45599
0.447 -2.89695 2.38755
0.448 -2.78361 2.31073
0.449 -2.65515 2.22585
0.45 -2.51205 2.13329
0.451 -2.35484 2.03344
0.452 -2.1841 1.92673
0.453 -2.00048 1.81361
0.454 -1.8047 1.6946
0.455 -1.5975 1.5702
0.456 -1.3797 1.44097
0.457 -1.15216 1.30747
0.458 -0.915777 1.1703
0.459 -0.671491 1.03007
0.46 -0.420282 0.887404
0.461 -0.163163 0.74295
0.462 0.0988261 0.597359
0.463 0.36462 0.45129
0.464 0.633132 0.305412
0.465 0.903262 0.160392
0.466 1.1739 0.0168994
0.467 1.44391 -0.124399
0.468 1.71219 -0.262845
0.469 1.97761 -0.397785
0.47 2.23906 -0.528582
0.471 2.49544 -0.654611
0.472 2.74565 -0.775263
0.473 2.98864 -0.889951
0.474 3.22337 -0.99811
0.475 3.44883 -1.0992
0.476 3.66403 -1.19271
0.477 3.86804 -1.27815
0.478 4.05997 -1.35509
0.479 4.23896 -1.42309
0.48 4.4042 -1.48178
0.481 4.55496 -1.53082
0.482 4.69054 -1.5699
0.483 4.8103 -1.59878
0.484 4.91367 -1.61721
0.485 5.00014 -1.62505
0.486 5.06928 -1.62214
0.487 5.12071 -1.60842
0.488 5.15413 -1.58384
0.489 5.16931 -1.54842
0.49 5.16609 -1.5022
0.491 5.1444 -1.44529
0.492 5.10422 -1.37785
0.493 5.04563 -1.30006
0.494 4.96877 -1.21218
0.495 4.87385 -1.11449
0.496 4.76118 -1.00732
0.497 4.6311 -0.891052
0.498 4.48407 -0.766101
0.499 4.32058 -0.632927
0.5 4.14122 -0.492027
0.501 3.94662 -0.343936
0.502 3.7375 -0.189224
0.503 3.51462 -0.0284945
0.504 3.27881 0.13762
0.505 3.03095 0.308457
0.506 2.77198 0.483329
0.507 2.50287 0.661525
0.508 2.22465 0.842315
0.509 1.93839 1.02495
0.51 1.64519 1.20867
0.511 1.34619 1.39269
0.512 1.04255 1.57624
0.513 0.735445 1.75853
0.514 0.426089 1.93877
0.515 0.115692 2.11616
0.516 -0.194521 2.28994
0.517 -0.503323 2.45932
0.518 -0.809491 2.62353
0.519 -1.11181 2.78183
0.52 -1.40906 2.93348
0.521 -1.70007 3.07777
0.522 -1.98366 3.21402
0.523 -2.25869 3.34155
0.524 -2.52406 3.45974
0.525 -2.77868 3.56798
0.526 -3.02152 3.6657
0.527 -3.2516 3.75239
0.528 -3.46797 3.82754
0.529 -3.66975 3.89071
0.53 -3.85609 3.94149
0.531 -4.02624 3.97953
0.532 -4.17948 4.00452
0.533 -4.31518 4.01619
0.534 -4.43275 4.01433
0.535 -4.53169 3.99879
0.536 -4.61159 3.96945
0.537 -4.67209 3.92626
0.538 -4.71292 3.86922
0.539 -4.73388 3.7984
0.54 -4.73485 3.71388
0.541 -4.71581 3.61584
0.542 -4.67681 3.5045
0.543 -4.61796 3.38012
0.544 -4.53949 3.24303
0.545 -4.44167 3.09359
0.546 -4.32489 2.93225
0.547 -4.18958 2.75946
0.548 -4.03627 2.57575
0.549 -3.86556 2.38169
0.55 -3.67812 2.17789
0.551 -3.47469 1.965
0.552 -3.25607 1.74371
0.553 -3.02315 1.51475
0.554 -2.77684 1.27889
0.555 -2.51814 1.0369
0.556 -2.24809 0.789629
0.557 -1.96778 0.53791
0.558 -1.67835 0.282613
0.559 -1.38097 0.0246276
0.56 -1.07686 -0.235143
0.561 -0.767253 -0.495785
0.562 -0.453425 -0.756373
0.563 -0.136664 -1.01598
0.564 0.181725 -1.27367
0.565 0.500427 -1.52853
0.566 0.81812 -1.77963
0.567 1.13348 -2.02605
0.568 1.4452 -2.2669
0.569 1.75197 -2.5013
0.57 2.05251 -2.72838
0.571 2.34553 -2.94731
0.572 2.62982 -3.15728
0.573 2.90414 -3.3575
0.574 3.16735 -3.54723
0.575 3.41829 -3.72575
0.576 3.6559 -3.8924
0.577 3.87913 -4.04654
0.578 4.087 -4.18759
0.579 4.2786 -4.31501
0.58 4.45307 -4.42831
0.581 4.60962 -4.52706
0.582 4.74752 -4.61087
0.583 4.86613 -4.67942
0.584 4.96488 -4.73242
0.585 5.04328 -4.76967
0.586 5.1009 -4.79101
0.587 5.13743 -4.79635
0.588 5.15261 -4.78564
0.589 5.14628 -4.75892
0.59 5.11837 -4.71626
0.591 5.06889 -4.65782
0.592 4.99793 -4.5838
0.593 4.90568 -4.49446
0.594 4.7924 -4.39012
0.595 4.65847 -4.27118
0.596 4.5043 -4.13806
0.597 4.33043 -3.99126
0.598 4.13746 -3.83132
0.599 3.92606 -3.65884
0.6 3.697 -3.47446
0.601 3.4511 -3.27887
0.602 3.18925 -3.07282
0.603 2.91243 -2.85707
0.604 2.62166 -2.63243
0.605 2.31803 -2.39977
0.606 2.00268 -2.15996
0.607 1.67679 -1.91391
0.608 1.3416 -1.66256
0.609 0.998395 -1.40686
0.61 0.648473 -1.14779
0.611 0.293179 -0.886348
0.612 -0.0661206 -0.623521
0.613 -0.428041 -0.360322
0.614 -0.791184 -0.0977596
0.615 -1.15414 0.163156
0.616 -1.5155 0.421422
0.617 -1.87386 0.676044
0.618 -2.22782 0.926038
0.619 -2.57599 1.17044
0.62 -2.91701 1.4083
0.621 -3.24955 1.63871
0.622 -3.57228 1.86076
0.623 -3.88395 2.07359
0.624 -4.18331 2.27638
0.625 -4.46919 2.46834
0.626 -4.74044 2.64871
0.627 -4.996 2.8168
0.628 -5.23483 2.97193
0.629 -5.45599 3.1135
0.63 -5.6586 3.24096
0.631 -5.84183 3.3538
0.632 -6.00494 3.45156
0.633 -6.14729 3.53387
0.634 -6.26828 3.60038
0.635 -6.36741 3.65082
0.636 -6.44429 3.685
0.637 -6.49859 3.70275
0.638 -6.53007 3.704
0.639 -6.53858 3.68873
0.64 -6.52408 3.65698
0.641 -6.4866 3.60886
0.642 -6.42627 3.54454
0.643 -6.34331 3.46425
0.644 -6.23803 3.3683
0.645 -6.11082 3.25702
0.646 -5.96217 3.13085
0.647 -5.79265 2.99026
0.648 -5.60292 2.83576
0.649 -5.39371 2.66796
0.65 -5.16583 2.48748
0.651 -4.92016 2.295
0.652 -4.65768 2.09126
0.653 -4.3794 1.87704
0.654 -4.08641 1.65315
0.655 -3.77987 1.42043
0.656 -3.46097 1.17979
0.657 -3.13097 0.932144
0.658 -2.79118 0.67843
0.659 -2.44292 0.419622
0.66 -2.08758 0.15671
0.661 -1.72655 -0.109299
0.662 -1.36127 -0.377389
0.663 -0.993167 -0.646532
0.664 -0.623707 -0.915698
0.665 -0.25435 -1.18386
0.666 0.113442 -1.44998
0.667 0.478213 -1.71305
0.668 0.838516 -1.97206
0.669 1.19292 -2.22602
0.67 1.54003 -2.47396
0.671 1.87847 -2.71492
0.672 2.20688 -2.94799
0.673 2.52397 -3.17228
0.674 2.82849 -3.38693
0.675 3.11922 -3.59113
0.676 3.39501 -3.78409
0.677 3.65477 -3.96508
0.678 3.89747 -4.13342
0.679 4.12214 -4.28846
0.68 4.32792 -4.42962
0.681 4.51397 -4.55637
0.682 4.67956 -4.66824
0.683 4.82405 -4.7648
0.684 4.94687 -4.8457
0.685 5.04754 -4.91063
0.686 5.12567 -4.95938
0.687 5.18097 -4.99175
0.688 5.21322 -5.00765
0.689 5.22231 -5.00702
0.69 5.20823 -4.98989
0.691 5.17104 -4.95635
0.692 5.11092 -4.90653
0.693 5.02812 -4.84065
0.694 4.923 -4.75898
0.695 4.79601 -4.66186
0.696 4.64766 -4.54967
0.697 4.4786 -4.42287
0.698 4.28951 -4.28196
0.699 4.08118 -4.1275
0.7 3.85448 -3.96011
0.701 3.61034 -3.78044
0.702 3.34978 -3.58921
0.703 3.07388 -3.38716
0.704 2.78376 -3.1751
0.705 2.48064 -2.95384
0.706 2.16577 -2.72426
0.707 1.84044 -2.48724
0.708 1.506 -2.24371
0.709 1.16383 -1.99462
0.71 0.81536 -1.74092
0.711 0.462016 -1.4836
0.712 0.105265 -1.22365
0.713 -0.253414 -0.962076
0.714 -0.612536 -0.699871
0.715 -0.97061 -0.438041
0.716 -1.32615 -0.177585
0.717 -1.67768 0.0805063
0.718 -2.02373 0.335256
0.719 -2.36287 0.585702
0.72 -2.69368 0.830903
0.721 -3.01478 1.06994
0.722 -3.32483 1.30193
0.723 -3.62252 1.526
0.724 -3.9066 1.74134
0.725 -4.17588 1.94715
0.726 -4.42922 2.14269
0.727 -4.66554 2.32726
0.728 -4.88385 2.5002
0.729 -5.0832 2.66091
0.73 -5.26275 2.80883
0.731 -5.4217 2.94345
0.732 -5.55937 3.06434
0.733 -5.67515 3.17111
0.734 -5.76852 3.26342
0.735 -5.83904 3.341
0.736 -5.88638 3.40366
0.737 -5.91029 3.45124
0.738 -5.91064 3.48365
0.739 -5.88735 3.50089
0.74 -5.84047 3.50298
0.741 -5.77015 3.49003
0.742 -5.67661 3.46222
0.743 -5.56018 3.41976
0.744 -5.42128 3.36294
0.745 -5.26042 3.2921
0.746 -5.07821 3.20766
0.747 -4.87533 3.11007
0.748 -4.65256 2.99984
0.749 -4.41075 2.87753
0.75 -4.15082 2.74376
0.751 -3.8738 2.59919
0.752 -3.58075 2.44451
0.753 -3.27282 2.28048
0.754 -2.9512 2.10786
0.755 -2.61717 1.92749
0.756 -2.27203 1.7402
0.757 -1.91713 1.54686
0.758 -1.55389 1.34837
0.759 -1.18372 1.14566
0.76 -0.808099 0.939647
0.761 -0.428503 0.731281
0.762 -0.0464376 0.521515
0.763 0.336584 0.311307
0.764 0.719042 0.101613
0.765 1.09942 -0.106613
0.766 1.47621 -0.312424
0.767 1.84791 -0.514887
0.768 2.21304 -0.713081
0.769 2.57016 -0.906109
0.77 2.91783 -1.09309
0.771 3.25469 -1.27319
0.772 3.57939 -1.44557
0.773 3.89063 -1.60945
0.774 4.18719 -1.76409
0.775 4.46787 -1.90878
0.776 4.73157 -2.04284
0.777 4.97724 -2.16568
0.778 5.2039 -2.2767
0.779 5.41065 -2.3754
0.78 5.59668 -2.46131
0.781 5.76125 -2.53402
0.782 5.90371 -2.59316
0.783 6.02351 -2.63846
0.784 6.12017 -2.66966
0.785 6.19333 -2.68659
0.786 6.2427 -2.68915
0.787 6.26811 -2.67727
0.788 6.26947 -2.65097
0.789 6.24679 -2.61031
0.79 6.20019 -2.55543
0.791 6.12986 -2.48653
0.792 6.03613 -2.40386
0.793 5.91938 -2.30773
0.794 5.78012 -2.19852
0.795 5.61892 -2.07665
0.796 5.43647 -1.94261
0.797 5.23352 -1.79694
0.798 5.01092 -1.64023
0.799 4.7696 -1.4731
0.8 4.51057 -1.29625
0.801 4.23489 -1.11039
0.802 3.94371 -0.9163
0.803 3.63824 -0.71477
0.804 3.31975 -0.506637
0.805 2.98956 -0.292765
0.806 2.64903 -0.0740472
0.807 2.29958 0.148605
0.808 1.94267 0.374258
0.809 1.57975 0.601966
0.81 1.21236 0.83077
0.811 0.842001 1.05971
0.812 0.47022 1.2878
0.813 0.0985615 1.5141
0.814 -0.271431 1.73762
0.815 -0.638218 1.95743
0.816 -1.00027 2.17258
0.817 -1.35609 2.38215
0.818 -1.70418 2.58524
0.819 -2.04309 2.78097
0.82 -2.37141 2.9685
0.821 -2.68776 3.147
0.822 -2.99082 3.3157
0.823 -3.27932 3.47386
0.824 -3.55204 3.62077
0.825 -3.80782 3.75579
0.826 -4.0456 3.8783
0.827 -4.26436 3.98776
0.828 -4.46318 4.08365
0.829 -4.6412 4.16554
0.83 -4.79765 4.23303
0.831 -4.93187 4.28579
0.832 -5.04325 4.32355
0.833 -5.13133 4.34609
0.834 -5.19568 4.35328
0.835 -5.23602 4.34503
0.836 -5.25213 4.32132
0.837 -5.24393 4.2822
0.838 -5.21139 4.22777
0.839 -5.15463 4.1582
0.84 -5.07384 4.07374
0.841 -4.9693 3.97467
0.842 -4.84143 3.86137
0.843 -4.6907 3.73424
0.844 -4.51769 3.59377
0.845 -4.3231 3.44049
0.846 -4.10768 3.27499
0.847 -3.87228 3.09791
0.848 -3.61784 2.90994
0.849 -3.34538 2.71182
0.85 -3.05598 2.50433
0.851 -2.75082 2.28828
0.852 -2.43111 2.06455
0.853 -2.09815 1.83402
0.854 -1.75329 1.59762
0.855 -1.39791 1.3563
0.856 -1.03347 1.11104
0.857 -0.661449 0.862818
0.858 -0.283359 0.612652
0.859 0.0992564 0.361559
0.86 0.484831 0.110565
0.861 0.871786 -0.139304
0.862 1.25853 -0.38702
0.863 1.64348 -0.631564
0.864 2.02505 -0.871925
0.865 2.40166 -1.10711
0.866 2.77175 -1.33614
0.867 3.1338 -1.55805
0.868 3.48629 -1.77193
0.869 3.82777 -1.97688
0.87 4.15679 -2.17202
0.871 4.472 -2.35653
0.872 4.77205 -2.52964
0.873 5.05569 -2.69059
0.874 5.32172 -2.8387
0.875 5.569 -2.97332
0.876 5.79647 -3.09387
0.877 6.00315 -3.19981
0.878 6.18816 -3.29067
0.879 6.35066 -3.36603
0.88 6.48995 -3.42554
0.881 6.60538 -3.46892
0.882 6.69643 -3.49593
0.883 6.76266 -3.50643
0.884 6.80373 -3.50033
0.885 6.8194 -3.4776
0.886 6.80954 -3.43829
0.887 6.77411 -3.38251
0.888 6.71317 -3.31045
0.889 6.62692 -3.22235
0.89 6.5156 -3.11852
0.891 6.37962 -2.99936
0.892 6.21943 -2.8653
0.893 6.03561 -2.71685
0.894 5.82883 -2.55457
0.895 5.59985 -2.3791
0.896 5.34952 -2.19111
0.897 5.07878 -1.99133
0.898 4.78866 -1.78056
0.899 4.48025 -1.55961
0.9 4.15474 -1.32938
0.901 3.81336 -1.09077
0.902 3.45743 -0.844741
0.903 3.08831 -0.592281
0.904 2.70745 -0.334408
0.905 2.3163 -0.0721636
0.906 1.91639 0.193387
0.907 1.50927 0.461161
0.908 1.09654 0.730065
0.909 0.679784 0.998993
0.91 0.260649 1.26684
0.911 -0.159232 1.5325
0.912 -0.578215 1.79486
0.913 -0.994657 2.05283
0.914 -1.40692 2.30534
0.915 -1.8134 2.55131
0.916 -2.21248 2.78971
0.917 -2.60261 3.01953
0.918 -2.98224 3.23977
0.919 -3.34989 3.4495
0.92 -3.70409 3.64779
0.921 -4.04347 3.83378
0.922 -4.36668 4.00665
0.923 -4.67244 4.16561
0.924 -4.95956 4.30996
0.925 -5.22689 4.43901
0.926 -5.4734 4.55216
0.927 -5.6981 4.64887
0.928 -5.90011 4.72864
0.929 -6.07864 4.79106
0.93 -6.23298 4.83577
0.931 -6.36254 4.86249
0.932 -6.46681 4.87099
0.933 -6.54537 4.86114
0.934 -6.59794 4.83286
0.935 -6.6243 4.78615
0.936 -6.62438 4.72108
0.937 -6.59817 4.63778
0.938 -6.5458 4.53648
0.939 -6.46748 4.41746
0.94 -6.36355 4.28108
0.941 -6.23443 4.12774
0.942 -6.08066 3.95796
0.943 -5.90285 3.77228
0.944 -5.70174 3.57132
0.945 -5.47816 3.35576
0.946 -5.23299 3.12635
0.947 -4.96726 2.88386
0.948 -4.68203 2.62916
0.949 -4.37846 2.36314
0.95 -4.05779 2.08674
0.951 -3.72133 1.80095
0.952 -3.37044 1.50678
0.953 -3.00654 1.20531
0.954 -2.63111 0.897614
0.955 -2.24569 0.584811
0.956 -1.85183 0.26804
0.957 -1.45115 -0.0515436
0.958 -1.04526 -0.372771
0.959 -0.635826 -0.694465
0.96 -0.224511 -1.01544
0.961 0.18701 -1.33453
0.962 0.597058 -1.65054
0.963 1.00396 -1.96231
0.964 1.40606 -2.26869
0.965 1.8017 -2.56855
0.966 2.18928 -2.86077
0.967 2.56721 -3.14428
0.968 2.93393 -3.41802
0.969 3.28795 -3.68098
0.97 3.62781 -3.93219
0.971 3.95211 -4.1707
0.972 4.25951 -4.39565
0.973 4.54875 -4.60619
0.974 4.81862 -4.80156
0.975 5.06801 -4.98102
0.976 5.29588 -5.14392
0.977 5.50128 -5.28966
0.978 5.68333 -5.4177
0.979 5.84127 -5.52759
0.98 5.97443 -5.61892
0.981 6.08224 -5.69137
0.982 6.16421 -5.74469
0.983 6.21998 -5.7787
0.984 6.24928 -5.79328
0.985 6.25195 -5.78842
0.986 6.22795 -5.76414
0.987 6.17732 -5.72057
0.988 6.10023 -5.65789
0.989 5.99695 -5.57638
0.99 5.86784 -5.47636
0.991 5.71339 -5.35825
0.992 5.53417 -5.22251
0.993 5.33086 -5.06969
0.994 5.10424 -4.9004
0.995 4.85518 -4.71532
0.996 4.58463 -4.51517
0.997 4.29365 -4.30074
0.998 3.98336 -4.07288
0.999 3.65497 -3.83248
1 3.30976 -3.58049
