0.001 3.44598e-008 2.60726e-009
0.002 3.13403e-007 2.09398e-008
0.003 1.47594e-006 8.68981e-008
0.004 4.88465e-006 2.55018e-007
0.005 1.29163e-005 6.04954e-007
0.006 2.92424e-005 1.24563e-006
0.007 5.90974e-005 2.32155e-006
0.008 0.000109532 4.02155e-006
0.009 0.000189646 6.59061e-006
0.01 0.000310811 1.03448e-005
0.011 0.000486854 1.569e-005
0.012 0.000734239 2.3144e-005
0.013 0.0010722 3.33637e-005
0.014 0.00152287 4.7175e-005
0.015 0.00211137 6.56089e-005
0.016 0.00286584 8.99403e-005
0.017 0.00381751 0.000121733
0.018 0.00500067 0.000162886
0.019 0.00645263 0.00021569
0.02 0.00821366 0.000282881
0.021 0.0103269 0.000367703
0.022 0.0128382 0.00047397
0.023 0.0157959 0.000606139
0.024 0.0192509 0.000769373
0.025 0.0232559 0.000969621
0.026 0.0278658 0.00121369
0.027 0.0331367 0.00150932
0.028 0.0391263 0.00186527
0.029 0.0458929 0.00229137
0.03 0.0534956 0.00279864
0.031 0.0619933 0.00339932
0.032 0.071445 0.00410697
0.033 0.0819087 0.00493654
0.034 0.0934414 0.00590443
0.035 0.106098 0.00702854
0.036 0.119933 0.00832835
0.037 0.134995 0.00982495
0.038 0.151334 0.0115411
0.039 0.168992 0.0135013
0.04 0.18801 0.0157316
0.041 0.208424 0.0182601
0.042 0.230264 0.0211164
0.043 0.253555 0.0243318
0.044 0.278317 0.0279396
0.045 0.304562 0.0319745
0.046 0.332299 0.0364731
0.047 0.361524 0.0414734
0.048 0.392232 0.047015
0.049 0.424405 0.0531392
0.05 0.458021 0.0598881
0.051 0.493048 0.0673055
0.052 0.529445 0.0754362
0.053 0.567163 0.0843259
0.054 0.606144 0.094021
0.055 0.646322 0.104569
0.056 0.687623 0.116017
0.057 0.72996 0.128412
0.058 0.773242 0.141804
0.059 0.817367 0.156239
0.06 0.862225 0.171765
0.061 0.907698 0.188427
0.062 0.953658 0.206271
0.063 0.999972 0.225342
0.064 1.0465 0.245682
0.065 1.09309 0.267331
0.066 1.13959 0.290328
0.067 1.18584 0.31471
0.068 1.23167 0.340508
0.069 1.27691 0.367753
0.07 1.32139 0.396472
0.071 1.36493 0.426687
0.072 1.40734 0.458418
0.073 1.44845 0.491678
0.074 1.48807 0.526476
0.075 1.52602 0.562818
0.076 1.56211 0.600703
0.077 1.59616 0.640123
0.078 1.62799 0.681066
0.079 1.65742 0.723515
0.08 1.68428 0.767443
0.081 1.70841 0.812819
0.082 1.72963 0.859605
0.083 1.7478 0.907755
0.084 1.76277 0.957216
0.085 1.7744 1.00793
0.086 1.78256 1.05982
0.087 1.78713 1.11283
0.088 1.78801 1.16686
0.089 1.78509 1.22182
0.09 1.7783 1.27762
0.091 1.76757 1.33416
0.092 1.75284 1.39131
0.093 1.73406 1.44896
0.094 1.71122 1.50698
0.095 1.6843 1.56524
0.096 1.65331 1.6236
0.097 1.61827 1.6819
0.098 1.57922 1.73999
0.099 1.53622 1.79772
0.1 1.48933 1.85491
0.101 1.43866 1.9114
0.102 1.3843 1.96701
0.103 1.32639 2.02156
0.104 1.26506 2.07486
0.105 1.20047 2.12674
0.106 1.1328 2.177
0.107 1.06225 2.22544
0.108 0.989003 2.27188
0.109 0.9133 2.31613
0.11 0.835372 2.35798
0.111 0.755469 2.39725
0.112 0.673853 2.43375
0.113 0.590801 2.46728
0.114 0.506598 2.49766
0.115 0.421541 2.52471
0.116 0.335934 2.54824
0.117 0.250091 2.56809
0.118 0.164333 2.5841
0.119 0.0789844 2.59608
0.12 -0.00562436 2.60391
0.121 -0.0891606 2.60743
0.122 -0.17129 2.6065
0.123 -0.251678 2.601
0.124 -0.329991 2.59083
0.125 -0.405898 2.57586
0.126 -0.479074 2.55602
0.127 -0.549196 2.53123
0.128 -0.615952 2.50141
0.129 -0.679034 2.46652
0.13 -0.738149 2.42652
0.131 -0.793012 2.38139
0.132 -0.84335 2.33113
0.133 -0.888908 2.27574
0.134 -0.929442 2.21524
0.135 -0.964728 2.14969
0.136 -0.994559 2.07913
0.137 -1.01875 2.00365
0.138 -1.03712 1.92334
0.139 -1.04954 1.83831
0.14 -1.05587 1.74869
0.141 -1.05602 1.65462
0.142 -1.04991 1.55627
0.143 -1.03748 1.45381
0.144 -1.01871 1.34744
0.145 -0.993602 1.23737
0.146 -0.962172 1.12383
0.147 -0.924474 1.00707
0.148 -0.880586 0.887344
0.149 -0.830612 0.764923
0.15 -0.774684 0.640098
0.151 -0.712959 0.513168
0.152 -0.645622 0.384445
0.153 -0.572884 0.254256
0.154 -0.494979 0.122934
0.155 -0.41217 -0.00917663
0.156 -0.32474 -0.141722
0.157 -0.233 -0.274341
0.158 -0.137278 -0.406667
0.159 -0.0379294 -0.538327
0.16 0.0646748 -0.668945
0.161 0.170142 -0.798141
0.162 0.278064 -0.925534
0.163 0.388013 -1.05074
0.164 0.49955 -1.17339
0.165 0.61222 -1.29309
0.166 0.72556 -1.40947
0.167 0.839093 -1.52216
0.168 0.952337 -1.63081
0.169 1.0648 -1.73505
0.17 1.176 -1.83454
0.171 1.28543 -1.92895
0.172 1.3926 -2.01795
0.173 1.49701 -2.10122
0.174 1.59819 -2.17848
0.175 1.69563 -2.24945
0.176 1.78888 -2.31386
0.177 1.87746 -2.37146
0.178 1.96092 -2.42203
0.179 2.03882 -2.46537
0.18 2.11074 -2.50129
0.181 2.17627 -2.52963
0.182 2.23504 -2.55025
0.183 2.28667 -2.56303
0.184 2.33083 -2.56789
0.185 2.3672 -2.56476
0.186 2.39549 -2.55361
0.187 2.41545 -2.53441
0.188 2.42685 -2.50718
0.189 2.42948 -2.47197
0.19 2.42319 -2.42884
0.191 2.40782 -2.37789
0.192 2.3833 -2.31924
0.193 2.34955 -2.25305
0.194 2.30653 -2.17948
0.195 2.25427 -2.09876
0.196 2.1928 -2.0111
0.197 2.12221 -1.91676
0.198 2.0426 -1.81603
0.199 1.95413 -1.70921
0.2 1.857 -1.59663
0.201 1.75142 -1.47865
0.202 1.63767 -1.35564
0.203 1.51604 -1.228
0.204 1.38685 -1.09614
0.205 1.25048 -0.960504
0.206 1.10731 -0.821533
0.207 0.957787 -0.679698
0.208 0.802356 -0.53548
0.209 0.641503 -0.389373
0.21 0.475742 -0.24188
0.211 0.305606 -0.0935159
0.212 0.131656 0.0551985
0.213 -0.0455295 0.203736
0.214 -0.225353 0.351566
0.215 -0.4072 0.498154
0.216 -0.590442 0.642969
0.217 -0.774439 0.785478
0.218 -0.958541 0.925153
0.219 -1.14209 1.06147
0.22 -1.32443 1.19392
0.221 -1.5049 1.32199
0.222 -1.68283 1.44519
0.223 -1.85756 1.56303
0.224 -2.02845 1.67506
0.225 -2.19485 1.78081
0.226 -2.35614 1.87987
0.227 -2.51168 1.97181
0.228 -2.66089 2.05625
0.229 -2.80318 2.13282
0.23 -2.93798 2.20118
0.231 -3.06477 2.26102
0.232 -3.18303 2.31205
0.233 -3.29229 2.354
0.234 -3.39208 2.38666
0.235 -3.482 2.40982
0.236 -3.56166 2.42332
0.237 -3.63071 2.42702
0.238 -3.68884 2.42083
0.239 -3.73579 2.40468
0.24 -3.77133 2.37853
0.241 -3.79526 2.34241
0.242 -3.80745 2.29634
0.243 -3.8078 2.24039
0.244 -3.79625 2.17469
0.245 -3.77279 2.09937
0.246 -3.73747 2.01462
0.247 -3.69035 1.92064
0.248 -3.63159 1.8177
0.249 -3.56133 1.70606
0.25 -3.47982 1.58604
0.251 -3.3873 1.45799
0.252 -3.28409 1.32229
0.253 -3.17055 1.17933
0.254 -3.04706 1.02955
0.255 -2.91405 0.873408
0.256 -2.77201 0.71139
0.257 -2.62144 0.544001
0.258 -2.46288 0.371771
0.259 -2.29693 0.195248
0.26 -2.12419 0.0149981
0.261 -1.9453 -0.168396
0.262 -1.76094 -0.354337
0.263 -1.57179 -0.542218
0.264 -1.37857 -0.731419
0.265 -1.18202 -0.921316
0.266 -0.982889 -1.11128
0.267 -0.781943 -1.30067
0.268 -0.579957 -1.48886
0.269 -0.377716 -1.67521
0.27 -0.176006 -1.85909
0.271 0.024381 -2.03988
0.272 0.222658 -2.21697
0.273 0.418042 -2.38974
0.274 0.609757 -2.55762
0.275 0.797039 -2.72002
0.276 0.979139 -2.87639
0.277 1.15532 -3.02618
0.278 1.32488 -3.16888
0.279 1.48712 -3.30399
0.28 1.64138 -3.43105
0.281 1.78702 -3.5496
0.282 1.92345 -3.65925
0.283 2.05009 -3.7596
0.284 2.16642 -3.85031
0.285 2.27193 -3.93105
0.286 2.36619 -4.00154
0.287 2.44877 -4.06153
0.288 2.51932 -4.11082
0.289 2.57752 -4.14923
0.29 2.6231 -4.17662
0.291 2.65583 -4.19289
0.292 2.67556 -4.198
0.293 2.68216 -4.19191
0.294 2.67557 -4.17465
0.295 2.65578 -4.14628
0.296 2.62282 -4.10691
0.297 2.57679 -4.05666
0.298 2.51783 -3.99572
0.299 2.44615 -3.92431
0.3 2.36199 -3.84267
0.301 2.26566 -3.75111
0.302 2.15751 -3.64993
0.303 2.03794 -3.53951
0.304 1.90739 -3.42023
0.305 1.76638 -3.29252
0.306 1.61542 -3.15683
0.307 1.45511 -3.01364
0.308 1.28608 -2.86347
0.309 1.10896 -2.70684
0.31 0.924475 -2.54431
0.311 0.733338 -2.37645
0.312 0.53631 -2.20387
0.313 0.334175 -2.02716
0.314 0.127742 -1.84696
0.315 -0.0821599 -1.6639
0.316 -0.294683 -1.47861
0.317 -0.508967 -1.29177
0.318 -0.72414 -1.10401
0.319 -0.939323 -0.915991
0.32 -1.15363 -0.728377
0.321 -1.36619 -0.541814
0.322 -1.5761 -0.356951
0.323 -1.78252 -0.174423
0.324 -1.98456 0.00514076
0.325 -2.18138 0.181128
0.326 -2.37215 0.35294
0.327 -2.55606 0.519996
0.328 -2.73233 0.681737
0.329 -2.9002 0.837624
0.33 -3.05894 0.987144
0.331 -3.20786 1.12981
0.332 -3.34629 1.26516
0.333 -3.47363 1.39277
0.334 -3.5893 1.51224
0.335 -3.69277 1.6232
0.336 -3.78355 1.72532
0.337 -3.86121 1.81831
0.338 -3.92536 1.90192
0.339 -3.97568 1.97591
0.34 -4.01189 2.04011
0.341 -4.03377 2.09438
0.342 -4.04116 2.13862
0.343 -4.03394 2.17275
0.344 -4.01207 2.19677
0.345 -3.97557 2.21068
0.346 -3.92449 2.21454
0.347 -3.85896 2.20846
0.348 -3.77918 2.19257
0.349 -3.68539 2.16705
0.35 -3.57789 2.13211
0.351 -3.45703 2.088
0.352 -3.32322 2.03502
0.353 -3.17694 1.97347
0.354 -3.01869 1.90373
0.355 -2.84905 1.82617
0.356 -2.66863 1.74122
0.357 -2.47808 1.64932
0.358 -2.27811 1.55094
0.359 -2.06946 1.44659
0.36 -1.85291 1.33679
0.361 -1.62926 1.22207
0.362 -1.39937 1.103
0.363 -1.16411 0.980159
0.364 -0.924357 0.854129
0.365 -0.681041 0.725513
0.366 -0.435089 0.594922
0.367 -0.187447 0.462972
0.368 0.0609312 0.330281
0.369 0.309086 0.197472
0.37 0.556057 0.0651616
0.371 0.800885 -0.0660339
0.372 1.04262 -0.195507
0.373 1.28031 -0.322657
0.374 1.51304 -0.446898
0.375 1.7399 -0.567656
0.376 1.95999 -0.684375
0.377 2.17246 -0.796515
0.378 2.37646 -0.903561
0.379 2.57121 -1.00502
0.38 2.75593 -1.10042
0.381 2.92989 -1.18932
0.382 3.09241 -1.2713
0.383 3.24286 -1.346
0.384 3.38064 -1.41305
0.385 3.5052 -1.47214
0.386 3.61607 -1.523
0.387 3.7128 -1.56537
0.388 3.79502 -1.59905
0.389 3.86241 -1.62387
0.39 3.91472 -1.6397
0.391 3.95174 -1.64646
0.392 3.97333 -1.64408
0.393 3.97944 -1.63257
0.394 3.97004 -1.61194
0.395 3.94519 -1.58227
0.396 3.90501 -1.54367
0.397 3.84968 -1.49629
0.398 3.77944 -1.44031
0.399 3.6946 -1.37596
0.4 3.59553 -1.3035
0.401 3.48264 -1.22323
0.402 3.35643 -1.13547
0.403 3.21743 -1.0406
0.404 3.06623 -0.939014
0.405 2.90348 -0.831133
0.406 2.72987 -0.717414
0.407 2.54614 -0.598338
0.408 2.35307 -0.474409
0.409 2.15148 -0.346154
0.41 1.94225 -0.21412
0.411 1.72625 -0.0788705
0.412 1.50441 0.0590157
0.413 1.27768 0.198947
0.414 1.04704 0.340323
0.415 0.813467 0.482535
0.416 0.577974 0.624968
0.417 0.341574 0.767009
0.418 0.105287 0.908041
0.419 -0.129865 1.04745
0.42 -0.362861 1.18464
0.421 -0.592688 1.319
0.422 -0.818343 1.44996
0.423 -1.03884 1.57693
0.424 -1.25321 1.69936
0.425 -1.4605 1.81672
0.426 -1.6598 1.92848
0.427 -1.85023 2.03416
0.428 -2.03092 2.13328
0.429 -2.20107 2.22541
0.43 -2.3599 2.31013
0.431 -2.50669 2.38706
0.432 -2.64076 2.45586
0.433 -2.76149 2.51622
0.434 -2.86829 2.56785
0.435 -2.96066 2.61053
0.436 -3.03814 2.64405
0.437 -3.10033 2.66825
0.438 -3.1469 2.68302
0.439 -3.17758 2.68827
0.44 -3.19218 2.68396
0.441 -3.19054 2.67011
0.442 -3.17262 2.64676
0.443 -3.1384 2.614
0.444 -3.08796 2.57195
0.445 -3.02143 2.52079
0.446 -2.93901 2.46074
0.447 -2.84099 2.39204
0.448 -2.7277 2.31499
0.449 -2.59954 2.22991
0.45 -2.45697 2.13717
0.451 -2.30054 2.03717
0.452 -2.13083 1.93034
0.453 -1.94848 1.81715
0.454 -1.7542 1.6981
0.455 -1.54875 1.57371
0.456 -1.33293 1.44453
0.457 -1.1076 1.31113
0.458 -0.873636 1.1741
0.459 -0.631988 1.03406
0.46 -0.383621 0.891641
0.461 -0.12954 0.747475
0.462 0.129227 0.60222
0.463 0.391625 0.456536
0.464 0.65658 0.311088
0.465 0.923004 0.166544
0.466 1.1898 0.0235727
0.467 1.45585 -0.117164
0.468 1.72007 -0.255007
0.469 1.98133 -0.389308
0.47 2.23855 -0.519432
0.471 2.49064 -0.644756
0.472 2.73652 -0.764676
0.473 2.97516 -0.87861
0.474 3.20554 -0.985996
0.475 3.42665 -1.0863
0.476 3.63753 -1.17901
0.477 3.83728 -1.26365
0.478 4.025 -1.33978
0.479 4.19987 -1.40699
0.48 4.36111 -1.4649
0.481 4.50797 -1.51317
0.482 4.63978 -1.55151
0.483 4.75593 -1.57967
0.484 4.85585 -1.59743
0.485 4.93907 -1.60463
0.486 5.00514 -1.60113
0.487 5.05372 -1.58687
0.488 5.08451 -1.56182
0.489 5.09731 -1.52598
0.49 5.09196 -1.47941
0.491 5.06839 -1.42224
0.492 5.02661 -1.35461
0.493 4.96669 -1.27673
0.494 4.88879 -1.18883
0.495 4.79313 -1.09123
0.496 4.68001 -0.984249
0.497 4.54979 -0.868271
0.498 4.40292 -0.74372
0.499 4.23991 -0.611055
0.5 4.06132 -0.470779
0.501 3.86782 -0.323427
0.502 3.66009 -0.169572
0.503 3.43891 -0.00981887
0.504 3.2051 0.155199
0.505 2.95952 0.324818
0.506 2.70312 0.498351
0.507 2.43686 0.675089
0.508 2.16175 0.8543
0.509 1.87887 1.03524
0.51 1.58928 1.21715
0.511 1.29413 1.39925
0.512 0.994554 1.58076
0.513 0.691722 1.76091
0.514 0.386821 1.93891
0.515 0.0810504 2.11397
0.516 -0.224384 2.28532
0.517 -0.528275 2.45219
0.518 -0.829416 2.61381
0.519 -1.12661 2.76945
0.52 -1.41867 2.91837
0.521 -1.70442 3.05988
0.522 -1.98273 3.19329
0.523 -2.25247 3.31795
0.524 -2.51255 3.43323
0.525 -2.76192 3.53854
0.526 -2.99956 3.63333
0.527 -3.22452 3.71707
0.528 -3.43586 3.78928
0.529 -3.63273 3.84953
0.53 -3.81431 3.89742
0.531 -3.97985 3.93261
0.532 -4.12866 3.95479
0.533 -4.26012 3.96371
0.534 -4.37369 3.95917
0.535 -4.46886 3.94102
0.536 -4.54524 3.90917
0.537 -4.60249 3.86357
0.538 -4.64036 3.80424
0.539 -4.65866 3.73122
0.54 -4.65729 3.64465
0.541 -4.63623 3.5447
0.542 -4.59554 3.43158
0.543 -4.53536 3.30559
0.544 -4.4559 3.16705
0.545 -4.35746 3.01633
0.546 -4.24043 2.85388
0.547 -4.10524 2.68018
0.548 -3.95242 2.49574
0.549 -3.78258 2.30115
0.55 -3.59638 2.09701
0.551 -3.39456 1.88399
0.552 -3.17793 1.66278
0.553 -2.94735 1.43412
0.554 -2.70375 1.19875
0.555 -2.44811 0.957484
0.556 -2.18145 0.71114
0.557 -1.90487 0.460564
0.558 -1.61948 0.206624
0.559 -1.32645 -0.0497932
0.56 -1.02698 -0.307787
0.561 -0.722281 -0.566447
0.562 -0.413619 -0.824852
0.563 -0.102259 -1.08208
0.564 0.210511 -1.3372
0.565 0.523396 -1.5893
0.566 0.835098 -1.83747
0.567 1.14432 -2.08079
0.568 1.44976 -2.31838
0.569 1.75015 -2.54936
0.57 2.04422 -2.77288
0.571 2.33073 -2.98812
0.572 2.60846 -3.19428
0.573 2.87623 -3.39057
0.574 3.13289 -3.57628
0.575 3.37735 -3.7507
0.576 3.60853 -3.91316
0.577 3.82543 -4.06306
0.578 4.0271 -4.19982
0.579 4.21265 -4.32292
0.58 4.38123 -4.43189
0.581 4.53209 -4.52629
0.582 4.66452 -4.60576
0.583 4.7779 -4.66999
0.584 4.87169 -4.71872
0.585 4.94541 -4.75175
0.586 4.99866 -4.76893
0.587 5.03114 -4.77019
0.588 5.04261 -4.75549
0.589 5.03293 -4.72489
0.59 5.00204 -4.67848
0.591 4.94997 -4.61641
0.592 4.87682 -4.53891
0.593 4.78279 -4.44625
0.594 4.66816 -4.33877
0.595 4.53329 -4.21685
0.596 4.37863 -4.08095
0.597 4.2047 -3.93157
0.598 4.0121 -3.76926
0.599 3.80153 -3.59463
0.6 3.57373 -3.40833
0.601 3.32953 -3.21105
0.602 3.06982 -3.00355
0.603 2.79556 -2.78659
0.604 2.50778 -2.561
0.605 2.20754 -2.32763
0.606 1.89599 -2.08738
0.607 1.57428 -1.84113
0.608 1.24365 -1.58985
0.609 0.905358 -1.33448
0.61 0.560692 -1.076
0.611 0.210977 -0.815388
0.612 -0.142442 -0.553654
0.613 -0.4982 -0.291797
0.614 -0.854921 -0.0308222
0.615 -1.21122 0.228267
0.616 -1.56571 0.484473
0.617 -1.91702 0.736808
0.618 -2.26376 0.984299
0.619 -2.60459 1.22599
0.62 -2.93816 1.46094
0.621 -3.26316 1.68824
0.622 -3.57832 1.90701
0.623 -3.88238 2.11639
0.624 -4.17416 2.31558
0.625 -4.45248 2.50379
0.626 -4.71624 2.68029
0.627 -4.9644 2.84438
0.628 -5.19597 2.99543
0.629 -5.41001 3.13283
0.63 -5.60567 3.25604
0.631 -5.78216 3.36457
0.632 -5.93877 3.45799
0.633 -6.07486 3.53592
0.634 -6.18988 3.59806
0.635 -6.28335 3.64413
0.636 -6.35489 3.67395
0.637 -6.40418 3.6874
0.638 -6.43103 3.68439
0.639 -6.43529 3.66492
0.64 -6.41694 3.62907
0.641 -6.37603 3.57693
0.642 -6.31269 3.50871
0.643 -6.22716 3.42466
0.644 -6.11976 3.32506
0.645 -5.99089 3.21031
0.646 -5.84105 3.08083
0.647 -5.6708 2.93709
0.648 -5.48081 2.77965
0.649 -5.27182 2.60909
0.65 -5.04462 2.42606
0.651 -4.80011 2.23126
0.652 -4.53924 2.02542
0.653 -4.26303 1.80933
0.654 -3.97257 1.58381
0.655 -3.66898 1.34971
0.656 -3.35346 1.10793
0.657 -3.02726 0.859397
0.658 -2.69165 0.605054
0.659 -2.34796 0.345875
0.66 -1.99754 0.0828511
0.661 -1.64178 -0.183012
0.662 -1.28207 -0.450698
0.663 -0.919848 -0.719181
0.664 -0.556533 -0.987434
0.665 -0.193564 -1.25443
0.666 0.16762 -1.51915
0.667 0.525593 -1.78057
0.668 0.878935 -2.0377
0.669 1.22625 -2.28956
0.67 1.56616 -2.53517
0.671 1.89731 -2.7736
0.672 2.21841 -3.00394
0.673 2.52817 -3.2253
0.674 2.82536 -3.43685
0.675 3.10882 -3.63778
0.676 3.37742 -3.82731
0.677 3.63009 -4.00473
0.678 3.86584 -4.16937
0.679 4.08373 -4.3206
0.68 4.28292 -4.45784
0.681 4.4626 -4.58058
0.682 4.62208 -4.68836
0.683 4.76072 -4.78077
0.684 4.878 -4.85747
0.685 4.97345 -4.91817
0.686 5.0467 -4.96267
0.687 5.09749 -4.99079
0.688 5.12561 -5.00245
0.689 5.13098 -4.99761
0.69 5.1136 -4.9763
0.691 5.07354 -4.93863
0.692 5.011 -4.88476
0.693 4.92624 -4.8149
0.694 4.81963 -4.72935
0.695 4.69161 -4.62844
0.696 4.54273 -4.51259
0.697 4.3736 -4.38225
0.698 4.18494 -4.23794
0.699 3.97751 -4.08022
0.7 3.7522 -3.90974
0.701 3.50992 -3.72714
0.702 3.25169 -3.53315
0.703 2.97857 -3.32853
0.704 2.69169 -3.11407
0.705 2.39224 -2.89062
0.706 2.08145 -2.65903
0.707 1.76062 -2.42022
0.708 1.43106 -2.17509
0.709 1.09415 -1.92461
0.71 0.751273 -1.66973
0.711 0.40385 -1.41144
0.712 0.0533197 -1.15072
0.713 -0.298865 -0.888586
0.714 -0.651244 -0.626026
0.715 -1.00236 -0.364043
0.716 -1.35074 -0.103633
0.717 -1.69495 0.154219
0.718 -2.03356 0.408539
0.719 -2.36515 0.658373
0.72 -2.68834 0.902784
0.721 -3.00178 1.14086
0.722 -3.30416 1.37173
0.723 -3.59421 1.59452
0.724 -3.87071 1.80844
0.725 -4.13249 2.01269
0.726 -4.37846 2.20655
0.727 -4.60756 2.38931
0.728 -4.81883 2.56035
0.729 -5.01135 2.71905
0.73 -5.1843 2.86488
0.731 -5.33694 2.99734
0.732 -5.46858 3.11601
0.733 -5.57866 3.22049
0.734 -5.66666 3.31049
0.735 -5.73219 3.38573
0.736 -5.77493 3.44602
0.737 -5.79465 3.49123
0.738 -5.79123 3.52128
0.739 -5.76462 3.53617
0.74 -5.71489 3.53593
0.741 -5.64217 3.5207
0.742 -5.54673 3.49064
0.743 -5.42888 3.446
0.744 -5.28907 3.38706
0.745 -5.1278 3.31417
0.746 -4.94568 3.22776
0.747 -4.7434 3.12829
0.748 -4.52173 3.01627
0.749 -4.28152 2.89228
0.75 -4.0237 2.75694
0.751 -3.74926 2.61089
0.752 -3.45928 2.45487
0.753 -3.15488 2.2896
0.754 -2.83724 2.11588
0.755 -2.50763 1.93452
0.756 -2.16732 1.74637
0.757 -1.81766 1.5523
0.758 -1.46003 1.35321
0.759 -1.09582 1.15001
0.76 -0.726493 0.943641
0.761 -0.353493 0.73504
0.762 0.0216995 0.525157
0.763 0.397601 0.314947
0.764 0.77272 0.105363
0.765 1.14557 -0.102646
0.766 1.51468 -0.30814
0.767 1.87857 -0.510189
0.768 2.2358 -0.707882
0.769 2.58496 -0.900327
0.77 2.92466 -1.08665
0.771 3.25355 -1.26602
0.772 3.57032 -1.43762
0.773 3.87371 -1.60067
0.774 4.16252 -1.75444
0.775 4.43561 -1.89822
0.776 4.69188 -2.03136
0.777 4.93033 -2.15326
0.778 5.15001 -2.26334
0.779 5.35006 -2.3611
0.78 5.52967 -2.44609
0.781 5.68816 -2.51789
0.782 5.82489 -2.57618
0.783 5.93932 -2.62065
0.784 6.03103 -2.65108
0.785 6.09966 -2.66731
0.786 6.14494 -2.66923
0.787 6.16672 -2.6568
0.788 6.16492 -2.63002
0.789 6.13959 -2.58898
0.79 6.09083 -2.53383
0.791 6.01887 -2.46475
0.792 5.92402 -2.38201
0.793 5.80668 -2.28594
0.794 5.66736 -2.1769
0.795 5.50665 -2.05533
0.796 5.32521 -1.92172
0.797 5.12381 -1.77661
0.798 4.90328 -1.62058
0.799 4.66455 -1.45428
0.8 4.40861 -1.27839
0.801 4.13652 -1.09363
0.802 3.84941 -0.900755
0.803 3.54848 -0.700579
0.804 3.23498 -0.493927
0.805 2.9102 -0.281662
0.806 2.57549 -0.0646689
0.807 2.23223 0.156142
0.808 1.88187 0.379846
0.809 1.52583 0.6055
0.81 1.16561 0.832154
0.811 0.802697 1.05885
0.812 0.438597 1.28463
0.813 0.074822 1.50853
0.814 -0.287116 1.72961
0.815 -0.645714 1.94691
0.816 -0.999479 2.15951
0.817 -1.34694 2.3665
0.818 -1.68665 2.56699
0.819 -2.01719 2.76011
0.82 -2.33718 2.94503
0.821 -2.64528 3.12093
0.822 -2.94021 3.28707
0.823 -3.22073 3.44269
0.824 -3.48567 3.58713
0.825 -3.7339 3.71973
0.826 -3.96437 3.8399
0.827 -4.17613 3.9471
0.828 -4.36826 4.04084
0.829 -4.53995 4.12068
0.83 -4.69047 4.18624
0.831 -4.81915 4.2372
0.832 -4.92546 4.27331
0.833 -5.00891 4.29435
0.834 -5.06913 4.3002
0.835 -5.10585 4.29078
0.836 -5.11887 4.26608
0.837 -5.10812 4.22616
0.838 -5.0736 4.17111
0.839 -5.01543 4.10114
0.84 -4.93381 4.01647
0.841 -4.82904 3.91741
0.842 -4.70152 3.80433
0.843 -4.55175 3.67764
0.844 -4.38031 3.53783
0.845 -4.18788 3.38542
0.846 -3.97521 3.22102
0.847 -3.74315 3.04525
0.848 -3.49263 2.85882
0.849 -3.22466 2.66244
0.85 -2.9403 2.45691
0.851 -2.64071 2.24303
0.852 -2.32709 2.02167
0.853 -2.00071 1.7937
0.854 -1.6629 1.56005
0.855 -1.31502 1.32166
0.856 -0.958505 1.0795
0.857 -0.594793 0.834534
0.858 -0.225371 0.587776
0.859 0.148247 0.340228
0.86 0.524533 0.0929027
0.861 0.901942 -0.153184
0.862 1.27892 -0.397021
0.863 1.65392 -0.637602
0.864 2.02539 -0.873931
0.865 2.3918 -1.10503
0.866 2.75163 -1.32993
0.867 3.10339 -1.54771
0.868 3.44561 -1.75744
0.869 3.77687 -1.95825
0.87 4.09578 -2.14928
0.871 4.401 -2.32974
0.872 4.69125 -2.49885
0.873 4.96531 -2.65588
0.874 5.22201 -2.80018
0.875 5.46026 -2.93109
0.876 5.67903 -3.04807
0.877 5.87739 -3.15059
0.878 6.05446 -3.23818
0.879 6.20947 -3.31046
0.88 6.34174 -3.36709
0.881 6.45065 -3.40779
0.882 6.5357 -3.43235
0.883 6.59648 -3.44064
0.884 6.63267 -3.43256
0.885 6.64406 -3.40812
0.886 6.63054 -3.36737
0.887 6.59207 -3.31044
0.888 6.52876 -3.2375
0.889 6.44077 -3.14883
0.89 6.3284 -3.04474
0.891 6.19203 -2.92562
0.892 6.03214 -2.79192
0.893 5.84929 -2.64414
0.894 5.64416 -2.48286
0.895 5.4175 -2.3087
0.896 5.17017 -2.12235
0.897 4.90308 -1.92453
0.898 4.61725 -1.71602
0.899 4.31376 -1.49766
0.9 3.99378 -1.27032
0.901 3.65852 -1.03491
0.902 3.30929 -0.792366
0.903 2.94741 -0.543679
0.904 2.5743 -0.289853
0.905 2.19139 -0.0319214
0.906 1.80018 0.229065
0.907 1.40219 0.492036
0.908 0.998963 0.755911
0.909 0.592074 1.0196
0.91 0.183115 1.28202
0.911 -0.226317 1.54206
0.912 -0.634617 1.79866
0.913 -1.04019 2.05072
0.914 -1.44143 2.2972
0.915 -1.83678 2.53704
0.916 -2.22468 2.76923
0.917 -2.6036 2.99278
0.918 -2.97206 3.20671
0.919 -3.3286 3.41011
0.92 -3.67182 3.60207
0.921 -4.00037 3.78177
0.922 -4.31296 3.94838
0.923 -4.60835 4.10117
0.924 -4.88538 4.23942
0.925 -5.14297 4.3625
0.926 -5.38009 4.46981
0.927 -5.59581 4.56084
0.928 -5.7893 4.6351
0.929 -5.95978 4.69221
0.93 -6.10658 4.73183
0.931 -6.22915 4.75369
0.932 -6.327 4.75759
0.933 -6.39974 4.74341
0.934 -6.44711 4.71108
0.935 -6.46893 4.66063
0.936 -6.46512 4.59214
0.937 -6.43572 4.50576
0.938 -6.38084 4.40171
0.939 -6.30074 4.28031
0.94 -6.19573 4.1419
0.941 -6.06626 3.98692
0.942 -5.91286 3.81587
0.943 -5.73615 3.62932
0.944 -5.53687 3.42788
0.945 -5.31582 3.21223
0.946 -5.0739 2.98313
0.947 -4.81211 2.74137
0.948 -4.5315 2.48778
0.949 -4.23323 2.22327
0.95 -3.9185 1.94878
0.951 -3.58859 1.66528
0.952 -3.24485 1.3738
0.953 -2.88867 1.07537
0.954 -2.52151 0.771097
0.955 -2.14486 0.46207
0.956 -1.76024 0.149418
0.957 -1.36923 -0.165714
0.958 -0.973425 -0.482174
0.959 -0.574425 -0.798798
0.96 -0.173863 -1.11442
0.961 0.22663 -1.42788
0.962 0.62542 -1.73801
0.963 1.02088 -2.04368
0.964 1.41139 -2.34374
0.965 1.79536 -2.63709
0.966 2.17121 -2.92264
0.967 2.53741 -3.19932
0.968 2.89246 -3.46611
0.969 3.23489 -3.72202
0.97 3.56331 -3.9661
0.971 3.87635 -4.19743
0.972 4.17273 -4.41516
0.973 4.45122 -4.61849
0.974 4.71068 -4.80664
0.975 4.95001 -4.97894
0.976 5.16822 -5.13474
0.977 5.36441 -5.27347
0.978 5.53774 -5.39461
0.979 5.68747 -5.49773
0.98 5.81298 -5.58245
0.981 5.91372 -5.64847
0.982 5.98923 -5.69555
0.983 6.03919 -5.72353
0.984 6.06335 -5.73233
0.985 6.06157 -5.72193
0.986 6.03382 -5.6924
0.987 5.98016 -5.64386
0.988 5.90079 -5.57652
0.989 5.79596 -5.49065
0.99 5.66608 -5.38661
0.991 5.5116 -5.26482
0.992 5.33313 -5.12576
0.993 5.13132 -4.96998
0.994 4.90697 -4.7981
0.995 4.66091 -4.6108
0.996 4.39412 -4.40881
0.997 4.10761 -4.19292
0.998 3.8025 -3.96399
0.999 3.47999 -3.72291
1 3.14132 -3.47062
