0.001 3.42479e-008 2.49693e-009
0.002 3.11714e-007 2.00586e-008
0.003 1.469e-006 8.3272e-008
0.004 4.86458e-006 2.44506e-007
0.005 1.28696e-005 5.80433e-007
0.006 2.91485e-005 1.19625e-006
0.007 5.89275e-005 2.23204e-006
0.008 0.000109247 3.87175e-006
0.009 0.0001892 6.35504e-006
0.01 0.000310142 9.99258e-006
0.011 0.000485893 1.51848e-005
0.012 0.000732904 2.24449e-005
0.013 0.0010704 3.24253e-005
0.014 0.0015205 4.59494e-005
0.015 0.00210831 6.40468e-005
0.016 0.00286197 8.79937e-005
0.017 0.0038127 0.000119358
0.018 0.00499479 0.000160046
0.019 0.00644553 0.000212361
0.02 0.00820521 0.000279055
0.021 0.0103169 0.000363395
0.022 0.0128266 0.000469226
0.023 0.0157826 0.000601039
0.024 0.0192357 0.000764047
0.025 0.0232387 0.000964253
0.026 0.0278465 0.00120853
0.027 0.0331153 0.0015047
0.028 0.0391028 0.0018616
0.029 0.0458673 0.00228918
0.03 0.0534678 0.00279856
0.031 0.0619636 0.00340214
0.032 0.0714135 0.00411361
0.033 0.0818755 0.0049481
0.034 0.0934068 0.00592218
0.035 0.106063 0.00705397
0.036 0.119896 0.00836318
0.037 0.134959 0.00987114
0.038 0.151298 0.0116009
0.039 0.168957 0.0135771
0.04 0.187977 0.0158264
0.041 0.208393 0.0183769
0.042 0.230236 0.0212587
0.043 0.253532 0.0245035
0.044 0.2783 0.0281449
0.045 0.304553 0.0322181
0.046 0.332298 0.03676
0.047 0.361534 0.0418093
0.048 0.392253 0.0474058
0.049 0.42444 0.0535912
0.05 0.458072 0.0604085
0.051 0.493116 0.0679016
0.052 0.529533 0.0761159
0.053 0.567274 0.0850977
0.054 0.606281 0.0948938
0.055 0.646487 0.105552
0.056 0.687818 0.117121
0.057 0.73019 0.129647
0.058 0.773509 0.143181
0.059 0.817675 0.15777
0.06 0.862577 0.17346
0.061 0.908097 0.190301
0.062 0.954109 0.208336
0.063 1.00048 0.22761
0.064 1.04707 0.248168
0.065 1.09372 0.270048
0.066 1.14029 0.293291
0.067 1.18661 0.317932
0.068 1.23252 0.344005
0.069 1.27785 0.371539
0.07 1.32242 0.400562
0.071 1.36605 0.431096
0.072 1.40856 0.46316
0.073 1.44978 0.496769
0.074 1.48951 0.53193
0.075 1.52757 0.568649
0.076 1.56378 0.606924
0.077 1.59796 0.646748
0.078 1.62992 0.688108
0.079 1.65949 0.730986
0.08 1.6865 0.775354
0.081 1.71077 0.821182
0.082 1.73216 0.868428
0.083 1.75049 0.917047
0.084 1.76563 0.966986
0.085 1.77744 1.01818
0.086 1.78578 1.07057
0.087 1.79054 1.12406
0.088 1.79161 1.17859
0.089 1.78889 1.23405
0.09 1.78231 1.29034
0.091 1.77179 1.34737
0.092 1.75727 1.40501
0.093 1.73872 1.46314
0.094 1.7161 1.52163
0.095 1.68942 1.58035
0.096 1.65866 1.63915
0.097 1.62386 1.69789
0.098 1.58506 1.75639
0.099 1.54231 1.81452
0.1 1.49568 1.87208
0.101 1.44526 1.92892
0.102 1.39116 1.98485
0.103 1.33351 2.03969
0.104 1.27244 2.09326
0.105 1.20812 2.14536
0.106 1.14072 2.1958
0.107 1.07043 2.2444
0.108 0.997454 2.29095
0.109 0.922016 2.33526
0.11 0.844353 2.37713
0.111 0.764712 2.41637
0.112 0.683357 2.45279
0.113 0.600561 2.48619
0.114 0.51661 2.51639
0.115 0.4318 2.5432
0.116 0.346435 2.56643
0.117 0.260827 2.58593
0.118 0.175296 2.60151
0.119 0.0901671 2.61303
0.12 0.00576824 2.62031
0.121 -0.0775683 2.62323
0.122 -0.159509 2.62164
0.123 -0.23972 2.61541
0.124 -0.31787 2.60444
0.125 -0.393628 2.58862
0.126 -0.46667 2.56786
0.127 -0.536675 2.54208
0.128 -0.603329 2.51122
0.129 -0.66633 2.47523
0.13 -0.725382 2.43407
0.131 -0.780202 2.38771
0.132 -0.830519 2.33617
0.133 -0.876078 2.27944
0.134 -0.916637 2.21756
0.135 -0.951972 2.15057
0.136 -0.981877 2.07854
0.137 -1.00616 2.00154
0.138 -1.02467 1.91966
0.139 -1.03724 1.83303
0.14 -1.04376 1.74178
0.141 -1.04412 1.64605
0.142 -1.03826 1.54601
0.143 -1.02611 1.44184
0.144 -1.00765 1.33375
0.145 -0.982882 1.22196
0.146 -0.951827 1.10669
0.147 -0.914538 0.988191
0.148 -0.871093 0.866736
0.149 -0.821596 0.742599
0.15 -0.766179 0.616075
0.151 -0.705001 0.487468
0.152 -0.638245 0.357098
0.153 -0.566121 0.225294
0.154 -0.488867 0.0923986
0.155 -0.406741 -0.0412391
0.156 -0.32003 -0.17526
0.157 -0.22904 -0.309297
0.158 -0.134103 -0.442977
0.159 -0.0355698 -0.575922
0.16 0.0661874 -0.707749
0.161 0.170778 -0.838075
0.162 0.277793 -0.966511
0.163 0.386808 -1.09267
0.164 0.497383 -1.21617
0.165 0.609068 -1.33663
0.166 0.721397 -1.45366
0.167 0.833899 -1.5669
0.168 0.946091 -1.67598
0.169 1.05749 -1.78053
0.17 1.1676 -1.88021
0.171 1.27593 -1.97469
0.172 1.38198 -2.06363
0.173 1.48528 -2.14672
0.174 1.58532 -2.22366
0.175 1.68164 -2.29418
0.176 1.77375 -2.35801
0.177 1.86119 -2.41491
0.178 1.94352 -2.46464
0.179 2.0203 -2.507
0.18 2.09111 -2.54181
0.181 2.15555 -2.56892
0.182 2.21323 -2.58817
0.183 2.26379 -2.59946
0.184 2.30691 -2.60271
0.185 2.34226 -2.59784
0.186 2.36957 -2.58484
0.187 2.38858 -2.56367
0.188 2.39905 -2.53438
0.189 2.4008 -2.497
0.19 2.39366 -2.4516
0.191 2.3775 -2.3983
0.192 2.35223 -2.33721
0.193 2.31778 -2.2685
0.194 2.27412 -2.19235
0.195 2.22127 -2.10898
0.196 2.15927 -2.01862
0.197 2.0882 -1.92153
0.198 2.00818 -1.81802
0.199 1.91938 -1.70839
0.2 1.82197 -1.59299
0.201 1.7162 -1.47217
0.202 1.60232 -1.34633
0.203 1.48063 -1.21587
0.204 1.35146 -1.08121
0.205 1.21518 -0.942795
0.206 1.0722 -0.801093
0.207 0.922923 -0.656577
0.208 0.767824 -0.509739
0.209 0.607383 -0.361082
0.21 0.442113 -0.21112
0.211 0.272549 -0.060377
0.212 0.0992482 0.0906162
0.213 -0.0772092 0.241323
0.214 -0.256227 0.391204
0.215 -0.437191 0.539716
0.216 -0.619476 0.686319
0.217 -0.802441 0.830471
0.218 -0.985441 0.971638
0.219 -1.16782 1.10929
0.22 -1.34892 1.2429
0.221 -1.52808 1.37197
0.222 -1.70465 1.49598
0.223 -1.87797 1.61446
0.224 -2.04738 1.72693
0.225 -2.21226 1.83294
0.226 -2.37197 1.93204
0.227 -2.5259 2.02384
0.228 -2.67345 2.10794
0.229 -2.81405 2.18396
0.23 -2.94714 2.25157
0.231 -3.07219 2.31045
0.232 -3.1887 2.36032
0.233 -3.29618 2.40091
0.234 -3.3942 2.432
0.235 -3.48234 2.4534
0.236 -3.56022 2.46495
0.237 -3.6275 2.46651
0.238 -3.68387 2.45799
0.239 -3.72909 2.43933
0.24 -3.76291 2.41051
0.241 -3.78517 2.37153
0.242 -3.79572 2.32246
0.243 -3.79447 2.26336
0.244 -3.78137 2.19436
0.245 -3.75642 2.11562
0.246 -3.71966 2.02732
0.247 -3.67117 1.92969
0.248 -3.6111 1.82298
0.249 -3.53963 1.7075
0.25 -3.45696 1.58357
0.251 -3.36339 1.45154
0.252 -3.25921 1.3118
0.253 -3.14478 1.16477
0.254 -3.02051 1.0109
0.255 -2.88682 0.850659
0.256 -2.7442 0.684543
0.257 -2.59315 0.513075
0.258 -2.43424 0.336798
0.259 -2.26803 0.156274
0.26 -2.09515 -0.0279157
0.261 -1.91623 -0.215175
0.262 -1.73196 -0.404894
0.263 -1.54301 -0.59645
0.264 -1.35012 -0.789211
0.265 -1.15401 -0.982539
0.266 -0.955433 -1.17579
0.267 -0.755156 -1.36832
0.268 -0.553954 -1.55947
0.269 -0.352607 -1.74861
0.27 -0.151901 -1.93509
0.271 0.0473749 -2.11829
0.272 0.244437 -2.29757
0.273 0.438506 -2.47232
0.274 0.62881 -2.64194
0.275 0.814588 -2.80585
0.276 0.995097 -2.96348
0.277 1.16961 -3.11429
0.278 1.33741 -3.25775
0.279 1.49783 -3.39336
0.28 1.6502 -3.52066
0.281 1.7939 -3.63919
0.282 1.92833 -3.74853
0.283 2.05293 -3.84832
0.284 2.16717 -3.93818
0.285 2.27057 -4.01781
0.286 2.36269 -4.08693
0.287 2.44312 -4.14528
0.288 2.51151 -4.19266
0.289 2.56755 -4.22891
0.29 2.61097 -4.25388
0.291 2.64158 -4.26749
0.292 2.6592 -4.26969
0.293 2.66372 -4.26046
0.294 2.65509 -4.23984
0.295 2.63331 -4.2079
0.296 2.59842 -4.16474
0.297 2.55052 -4.11052
0.298 2.48977 -4.04543
0.299 2.41638 -3.96969
0.3 2.33059 -3.88358
0.301 2.23273 -3.78738
0.302 2.12315 -3.68146
0.303 2.00225 -3.56617
0.304 1.8705 -3.44192
0.305 1.72839 -3.30916
0.306 1.57647 -3.16836
0.307 1.41532 -3.02
0.308 1.24558 -2.86462
0.309 1.0679 -2.70277
0.31 0.882992 -2.53501
0.311 0.691576 -2.36194
0.312 0.494417 -2.18417
0.313 0.292301 -2.00233
0.314 0.0860378 -1.81705
0.315 -0.123542 -1.62899
0.316 -0.33559 -1.4388
0.317 -0.549246 -1.24716
0.318 -0.76364 -1.05473
0.319 -0.977893 -0.862192
0.32 -1.19112 -0.670203
0.321 -1.40245 -0.479436
0.322 -1.611 -0.290547
0.323 -1.81591 -0.104189
0.324 -2.0163 0.0790013
0.325 -2.21135 0.258398
0.326 -2.40022 0.433393
0.327 -2.58211 0.603396
0.328 -2.75624 0.767838
0.329 -2.92186 0.926174
0.33 -3.07825 1.07788
0.331 -3.22473 1.22247
0.332 -3.36064 1.35947
0.333 -3.48538 1.48846
0.334 -3.59837 1.60902
0.335 -3.6991 1.7208
0.336 -3.7871 1.82346
0.337 -3.86193 1.91671
0.338 -3.92323 2.00029
0.339 -3.97067 2.07397
0.34 -4.00399 2.13759
0.341 -4.02298 2.19101
0.342 -4.02747 2.23412
0.343 -4.01739 2.26687
0.344 -3.99268 2.28924
0.345 -3.95336 2.30126
0.346 -3.89953 2.303
0.347 -3.83131 2.29456
0.348 -3.7489 2.27608
0.349 -3.65255 2.24777
0.35 -3.54258 2.20984
0.351 -3.41935 2.16255
0.352 -3.28327 2.10621
0.353 -3.13483 2.04115
0.354 -2.97455 1.96775
0.355 -2.803 1.88639
0.356 -2.6208 1.79753
0.357 -2.42862 1.70161
0.358 -2.22716 1.59913
0.359 -2.01717 1.4906
0.36 -1.79943 1.37656
0.361 -1.57477 1.25757
0.362 -1.34402 1.13419
0.363 -1.10806 1.00703
0.364 -0.86779 0.876696
0.365 -0.624124 0.743794
0.366 -0.377995 0.608953
0.367 -0.130349 0.472804
0.368 0.117862 0.335982
0.369 0.365678 0.199121
0.37 0.61214 0.0628552
0.371 0.856292 -0.0721876
0.372 1.09719 -0.205386
0.373 1.33388 -0.336128
0.374 1.56546 -0.463815
0.375 1.79101 -0.587862
0.376 2.00965 -0.707702
0.377 2.22052 -0.822787
0.378 2.42281 -0.932591
0.379 2.6157 -1.03661
0.38 2.79846 -1.13437
0.381 2.97035 -1.22543
0.382 3.1307 -1.30936
0.383 3.27888 -1.38577
0.384 3.41432 -1.45433
0.385 3.53647 -1.5147
0.386 3.64486 -1.5666
0.387 3.73907 -1.60979
0.388 3.81873 -1.64407
0.389 3.88353 -1.66926
0.39 3.93323 -1.68524
0.391 3.96764 -1.69192
0.392 3.98663 -1.68925
0.393 3.99015 -1.67722
0.394 3.97819 -1.65588
0.395 3.95082 -1.62529
0.396 3.90817 -1.58557
0.397 3.85044 -1.53689
0.398 3.77787 -1.47942
0.399 3.69078 -1.41342
0.4 3.58954 -1.33914
0.401 3.4746 -1.2569
0.402 3.34645 -1.16704
0.403 3.20562 -1.06994
0.404 3.05272 -0.965995
0.405 2.88841 -0.855655
0.406 2.71339 -0.739385
0.407 2.52839 -0.617676
0.408 2.33421 -0.491048
0.409 2.13168 -0.360039
0.41 1.92165 -0.225208
0.411 1.70504 -0.0871339
0.412 1.48276 0.053593
0.413 1.25577 0.196368
0.414 1.02503 0.340577
0.415 0.791546 0.4856
0.416 0.556316 0.630809
0.417 0.320355 0.775578
0.418 0.0846809 0.919281
0.419 -0.149685 1.06129
0.42 -0.381726 1.201
0.421 -0.610433 1.33779
0.422 -0.834808 1.47107
0.423 -1.05387 1.60026
0.424 -1.26665 1.7248
0.425 -1.47222 1.84413
0.426 -1.66967 1.95773
0.427 -1.8581 2.06511
0.428 -2.0367 2.16578
0.429 -2.20464 2.25931
0.43 -2.36117 2.34528
0.431 -2.50556 2.4233
0.432 -2.63717 2.49303
0.433 -2.75536 2.55416
0.434 -2.85958 2.6064
0.435 -2.94933 2.64951
0.436 -3.02416 2.68331
0.437 -3.08368 2.70763
0.438 -3.12759 2.72236
0.439 -3.15562 2.72741
0.44 -3.16758 2.72276
0.441 -3.16336 2.70841
0.442 -3.14289 2.68442
0.443 -3.1062 2.65089
0.444 -3.05336 2.60794
0.445 -2.98452 2.55577
0.446 -2.8999 2.49458
0.447 -2.79978 2.42464
0.448 -2.68451 2.34625
0.449 -2.55452 2.25975
0.45 -2.41027 2.16551
0.451 -2.25231 2.06394
0.452 -2.08124 1.9555
0.453 -1.89771 1.84064
0.454 -1.70243 1.71989
0.455 -1.49617 1.59377
0.456 -1.27974 1.46285
0.457 -1.054 1.32771
0.458 -0.819841 1.18895
0.459 -0.57821 1.0472
0.46 -0.33008 0.903098
0.461 -0.0764533 0.757293
0.462 0.181637 0.610449
0.463 0.443136 0.463237
0.464 0.70697 0.316333
0.465 0.972053 0.170413
0.466 1.23729 0.0261531
0.467 1.50157 -0.115775
0.468 1.7638 -0.254705
0.469 2.02287 -0.389983
0.47 2.2777 -0.520967
0.471 2.5272 -0.647028
0.472 2.77032 -0.767558
0.473 3.00602 -0.881969
0.474 3.23328 -0.989698
0.475 3.45113 -1.09021
0.476 3.6586 -1.18298
0.477 3.85481 -1.26755
0.478 4.03887 -1.34347
0.479 4.20997 -1.41032
0.48 4.36734 -1.46774
0.481 4.51026 -1.51539
0.482 4.63806 -1.55298
0.483 4.75016 -1.58025
0.484 4.846 -1.59701
0.485 4.92511 -1.60308
0.486 4.98708 -1.59836
0.487 5.03158 -1.58276
0.488 5.05832 -1.55628
0.489 5.06711 -1.51892
0.49 5.05782 -1.47077
0.491 5.03039 -1.41194
0.492 4.98485 -1.3426
0.493 4.92129 -1.26296
0.494 4.83988 -1.17328
0.495 4.74085 -1.07387
0.496 4.62451 -0.965068
0.497 4.49126 -0.847279
0.498 4.34154 -0.720932
0.499 4.17588 -0.586503
0.5 3.99487 -0.444506
0.501 3.79916 -0.29549
0.502 3.58946 -0.140043
0.503 3.36655 0.0212206
0.504 3.13127 0.187651
0.505 2.88449 0.358574
0.506 2.62715 0.533289
0.507 2.36022 0.711074
0.508 2.08474 0.891187
0.509 1.80176 1.07287
0.51 1.51237 1.25535
0.511 1.2177 1.43785
0.512 0.91889 1.61958
0.513 0.617116 1.79974
0.514 0.31356 1.97754
0.515 0.00941691 2.1522
0.516 -0.294112 2.32292
0.517 -0.595824 2.48893
0.518 -0.894521 2.64947
0.519 -1.18901 2.8038
0.52 -1.47812 2.95117
0.521 -1.76069 3.0909
0.522 -2.03558 3.22228
0.523 -2.30169 3.34468
0.524 -2.55793 3.45746
0.525 -2.80329 3.56004
0.526 -3.03674 3.65187
0.527 -3.25735 3.73242
0.528 -3.46421 3.80123
0.529 -3.65647 3.85786
0.53 -3.83335 3.90193
0.531 -3.9941 3.9331
0.532 -4.13805 3.95108
0.533 -4.26462 3.95563
0.534 -4.37326 3.94656
0.535 -4.4635 3.92374
0.536 -4.53497 3.88708
0.537 -4.58735 3.83655
0.538 -4.6204 3.77218
0.539 -4.63397 3.69404
0.54 -4.62796 3.60229
0.541 -4.60239 3.4971
0.542 -4.55732 3.37871
0.543 -4.49293 3.24743
0.544 -4.40944 3.10361
0.545 -4.30717 2.94764
0.546 -4.18652 2.77998
0.547 -4.04794 2.60113
0.548 -3.892 2.41164
0.549 -3.71929 2.21209
0.55 -3.53051 2.00313
0.551 -3.3264 1.78543
0.552 -3.10779 1.55971
0.553 -2.87555 1.32671
0.554 -2.63061 1.08721
0.555 -2.37398 0.842043
0.556 -2.10668 0.592034
0.557 -1.8298 0.338052
0.558 -1.54448 0.080981
0.559 -1.25188 -0.178277
0.56 -0.9532 -0.438806
0.561 -0.649666 -0.699681
0.562 -0.342529 -0.959968
0.563 -0.0330594 -1.21873
0.564 0.277461 -1.47504
0.565 0.587743 -1.72796
0.566 0.896492 -1.97656
0.567 1.20242 -2.21994
0.568 1.50424 -2.45721
0.569 1.80068 -2.68747
0.57 2.0905 -2.90989
0.571 2.37246 -3.12362
0.572 2.64536 -3.32787
0.573 2.90804 -3.52186
0.574 3.15936 -3.70488
0.575 3.39824 -3.87622
0.576 3.62365 -4.03522
0.577 3.83458 -4.18128
0.578 4.03012 -4.31384
0.579 4.20938 -4.43238
0.58 4.37156 -4.53644
0.581 4.51591 -4.6256
0.582 4.64177 -4.69952
0.583 4.74852 -4.7579
0.584 4.83566 -4.80048
0.585 4.90272 -4.8271
0.586 4.94934 -4.83763
0.587 4.97524 -4.832
0.588 4.98021 -4.81022
0.589 4.96414 -4.77235
0.59 4.92698 -4.7185
0.591 4.86879 -4.64886
0.592 4.7897 -4.56368
0.593 4.68994 -4.46325
0.594 4.56979 -4.34794
0.595 4.42966 -4.21816
0.596 4.27001 -4.0744
0.597 4.09138 -3.91717
0.598 3.8944 -3.74705
0.599 3.67977 -3.56469
0.6 3.44826 -3.37076
0.601 3.20072 -3.16599
0.602 2.93805 -2.95114
0.603 2.66124 -2.72701
0.604 2.3713 -2.49447
0.605 2.06933 -2.25438
0.606 1.75647 -2.00765
0.607 1.4339 -1.75522
0.608 1.10285 -1.49805
0.609 0.76458 -1.23712
0.61 0.420394 -0.973419
0.611 0.0716123 -0.707963
0.612 -0.280419 -0.441766
0.613 -0.634339 -0.175848
0.614 -0.988774 0.0887695
0.615 -1.34235 0.351069
0.616 -1.69368 0.610038
0.617 -2.04139 0.86468
0.618 -2.38413 1.11401
0.619 -2.72055 1.35706
0.62 -3.04933 1.59289
0.621 -3.36916 1.82058
0.622 -3.67879 2.03925
0.623 -3.97699 2.24805
0.624 -4.26258 2.44616
0.625 -4.53442 2.6328
0.626 -4.79144 2.80724
0.627 -5.03259 2.96879
0.628 -5.25692 3.11683
0.629 -5.46353 3.25075
0.63 -5.65158 3.37003
0.631 -5.82031 3.4742
0.632 -5.96904 3.56283
0.633 -6.09716 3.63556
0.634 -6.20415 3.6921
0.635 -6.28955 3.73221
0.636 -6.35301 3.75571
0.637 -6.39427 3.7625
0.638 -6.41312 3.75253
0.639 -6.40948 3.72582
0.64 -6.38333 3.68246
0.641 -6.33477 3.62259
0.642 -6.26395 3.54643
0.643 -6.17114 3.45425
0.644 -6.05669 3.34639
0.645 -5.92101 3.22325
0.646 -5.76464 3.08528
0.647 -5.58818 2.93301
0.648 -5.39229 2.767
0.649 -5.17774 2.58788
0.65 -4.94536 2.39632
0.651 -4.69605 2.19305
0.652 -4.4308 1.97884
0.653 -4.15062 1.7545
0.654 -3.85662 1.52088
0.655 -3.54995 1.27887
0.656 -3.23182 1.0294
0.657 -2.90346 0.773412
0.658 -2.56619 0.511884
0.659 -2.22131 0.245815
0.66 -1.87019 -0.0237797
0.661 -1.51422 -0.295869
0.662 -1.1548 -0.569412
0.663 -0.793348 -0.843363
0.664 -0.431291 -1.11667
0.665 -0.0700619 -1.3883
0.666 0.288912 -1.6572
0.667 0.64421 -1.92235
0.668 0.994427 -2.18272
0.669 1.33818 -2.43733
0.67 1.6741 -2.6852
0.671 2.00086 -2.92538
0.672 2.31717 -3.15696
0.673 2.62177 -3.37904
0.674 2.91347 -3.59078
0.675 3.1911 -3.79137
0.676 3.45357 -3.98005
0.677 3.69984 -4.15609
0.678 3.92893 -4.31883
0.679 4.13995 -4.46765
0.68 4.33206 -4.60198
0.681 4.50451 -4.72131
0.682 4.65662 -4.8252
0.683 4.7878 -4.91325
0.684 4.89752 -4.98514
0.685 4.98539 -5.0406
0.686 5.05104 -5.07942
0.687 5.09425 -5.10147
0.688 5.11485 -5.10668
0.689 5.11278 -5.09503
0.69 5.08807 -5.06659
0.691 5.04084 -5.02148
0.692 4.97129 -4.95987
0.693 4.87974 -4.88203
0.694 4.76656 -4.78826
0.695 4.63225 -4.67894
0.696 4.47735 -4.5545
0.697 4.30252 -4.41543
0.698 4.1085 -4.26228
0.699 3.89608 -4.09564
0.7 3.66615 -3.91618
0.701 3.41966 -3.72459
0.702 3.15764 -3.52161
0.703 2.88116 -3.30804
0.704 2.59139 -3.08471
0.705 2.28951 -2.85247
0.706 1.97677 -2.61224
0.707 1.65447 -2.36492
0.708 1.32394 -2.11149
0.709 0.986559 -1.8529
0.71 0.643713 -1.59016
0.711 0.296826 -1.32426
0.712 -0.0526648 -1.05623
0.713 -0.40331 -0.787082
0.714 -0.753653 -0.517842
0.715 -1.10224 -0.249528
0.716 -1.44762 0.0168452
0.717 -1.78836 0.280275
0.718 -2.12304 0.539772
0.719 -2.45026 0.794368
0.72 -2.76866 1.04311
0.721 -3.0769 1.28509
0.722 -3.3737 1.5194
0.723 -3.6578 1.7452
0.724 -3.92801 1.96165
0.725 -4.1832 2.16798
0.726 -4.42227 2.36344
0.727 -4.64422 2.54736
0.728 -4.8481 2.71907
0.729 -5.03304 2.878
0.73 -5.19823 3.02359
0.731 -5.34295 3.15537
0.732 -5.46658 3.27292
0.733 -5.56856 3.37585
0.734 -5.64843 3.46388
0.735 -5.70581 3.53675
0.736 -5.74042 3.59428
0.737 -5.75206 3.63635
0.738 -5.74065 3.6629
0.739 -5.70617 3.67396
0.74 -5.64872 3.66957
0.741 -5.56847 3.64989
0.742 -5.4657 3.61511
0.743 -5.34078 3.56548
0.744 -5.19416 3.50132
0.745 -5.02639 3.42302
0.746 -4.8381 3.33101
0.747 -4.63 3.22577
0.748 -4.40289 3.10786
0.749 -4.15764 2.97787
0.75 -3.8952 2.83644
0.751 -3.61659 2.68426
0.752 -3.32288 2.52206
0.753 -3.01523 2.35062
0.754 -2.69485 2.17074
0.755 -2.36297 1.98327
0.756 -2.02092 1.78908
0.757 -1.67002 1.58906
0.758 -1.31168 1.38413
0.759 -0.94729 1.17524
0.76 -0.578301 0.96333
0.761 -0.206168 0.749368
0.762 0.167637 0.534323
0.763 0.541633 0.319165
0.764 0.914339 0.104867
0.765 1.28428 -0.107608
0.766 1.64998 -0.317305
0.767 2.01 -0.523281
0.768 2.36291 -0.724615
0.769 2.7073 -0.920402
0.77 3.04181 -1.10977
0.771 3.36511 -1.29186
0.772 3.67591 -1.46586
0.773 3.97299 -1.63099
0.774 4.25517 -1.78652
0.775 4.52133 -1.93173
0.776 4.7704 -2.06597
0.777 5.00142 -2.18865
0.778 5.21346 -2.29919
0.779 5.40569 -2.3971
0.78 5.57735 -2.48192
0.781 5.72777 -2.55326
0.782 5.85637 -2.61079
0.783 5.96263 -2.65423
0.784 6.04616 -2.68336
0.785 6.10664 -2.69803
0.786 6.14385 -2.69815
0.787 6.15765 -2.68368
0.788 6.14801 -2.65467
0.789 6.11499 -2.6112
0.79 6.05875 -2.55344
0.791 5.97955 -2.4816
0.792 5.87772 -2.39597
0.793 5.7537 -2.29687
0.794 5.60802 -2.18472
0.795 5.44129 -2.05997
0.796 5.25421 -1.92311
0.797 5.04757 -1.77472
0.798 4.82223 -1.6154
0.799 4.57913 -1.44582
0.8 4.31929 -1.26666
0.801 4.04378 -1.07869
0.802 3.75375 -0.88268
0.803 3.45041 -0.679451
0.804 3.13501 -0.469854
0.805 2.80887 -0.254769
0.806 2.47333 -0.0351006
0.807 2.1298 0.188226
0.808 1.77969 0.414268
0.809 1.42446 0.64207
0.81 1.06558 0.870666
0.811 0.704537 1.09909
0.812 0.342838 1.32636
0.813 -0.0180169 1.55151
0.814 -0.376531 1.77359
0.815 -0.731212 1.99164
0.816 -1.08059 2.20472
0.817 -1.4232 2.41193
0.818 -1.75763 2.61235
0.819 -2.08247 2.80514
0.82 -2.39638 2.98944
0.821 -2.69804 3.16446
0.822 -2.98619 3.32944
0.823 -3.25962 3.48363
0.824 -3.5172 3.62637
0.825 -3.75783 3.75702
0.826 -3.9805 3.87499
0.827 -4.18427 3.97975
0.828 -4.36828 4.07082
0.829 -4.53175 4.14776
0.83 -4.67397 4.21023
0.831 -4.79434 4.2579
0.832 -4.89234 4.29054
0.833 -4.96753 4.30797
0.834 -5.01957 4.31005
0.835 -5.04824 4.29674
0.836 -5.05337 4.26804
0.837 -5.03491 4.22403
0.838 -4.99293 4.16484
0.839 -4.92756 4.09068
0.84 -4.83904 4.00179
0.841 -4.72771 3.89851
0.842 -4.594 3.78123
0.843 -4.43843 3.65038
0.844 -4.26162 3.50647
0.845 -4.06427 3.35005
0.846 -3.84717 3.18174
0.847 -3.61118 3.00219
0.848 -3.35726 2.81212
0.849 -3.08642 2.61228
0.85 -2.79977 2.40346
0.851 -2.49846 2.18651
0.852 -2.18371 1.9623
0.853 -1.85681 1.73172
0.854 -1.51908 1.49572
0.855 -1.17191 1.25525
0.856 -0.816712 1.01129
0.857 -0.454938 0.764834
0.858 -0.0880732 0.516892
0.859 0.282377 0.26848
0.86 0.65489 0.0206208
0.861 1.02793 -0.225664
0.862 1.39996 -0.469357
0.863 1.76944 -0.709448
0.864 2.13485 -0.944939
0.865 2.49466 -1.17485
0.866 2.84738 -1.39822
0.867 3.19154 -1.61411
0.868 3.52571 -1.82162
0.869 3.84849 -2.01986
0.87 4.15852 -2.20801
0.871 4.45449 -2.38525
0.872 4.73517 -2.55084
0.873 4.99935 -2.70406
0.874 5.24591 -2.84425
0.875 5.4738 -2.9708
0.876 5.68203 -3.08315
0.877 5.8697 -3.18081
0.878 6.03599 -3.26334
0.879 6.18016 -3.33035
0.88 6.30156 -3.38154
0.881 6.39963 -3.41666
0.882 6.47391 -3.43551
0.883 6.52403 -3.43798
0.884 6.54972 -3.42401
0.885 6.55079 -3.39363
0.886 6.52719 -3.34692
0.887 6.47893 -3.28402
0.888 6.40613 -3.20516
0.889 6.30902 -3.11062
0.89 6.18792 -3.00075
0.891 6.04324 -2.87596
0.892 5.87551 -2.73673
0.893 5.68532 -2.5836
0.894 5.47337 -2.41716
0.895 5.24046 -2.23807
0.896 4.98745 -2.04703
0.897 4.7153 -1.8448
0.898 4.42504 -1.63219
0.899 4.11777 -1.41005
0.9 3.79467 -1.17927
0.901 3.45699 -0.94078
0.902 3.10602 -0.695556
0.903 2.74312 -0.444593
0.904 2.36969 -0.188914
0.905 1.98719 0.0704313
0.906 1.5971 0.332377
0.907 1.20094 0.59584
0.908 0.800257 0.859731
0.909 0.396616 1.12295
0.91 -0.00840279 1.3844
0.911 -0.413214 1.64298
0.912 -0.816231 1.89761
0.913 -1.21587 2.14721
0.914 -1.61057 2.39072
0.915 -1.99877 2.62709
0.916 -2.37894 2.85532
0.917 -2.7496 3.07441
0.918 -3.10927 3.28341
0.919 -3.45655 3.48141
0.92 -3.79007 3.66752
0.921 -4.10851 3.84091
0.922 -4.41062 4.00081
0.923 -4.69521 4.14647
0.924 -4.96115 4.27722
0.925 -5.2074 4.39243
0.926 -5.433 4.49153
0.927 -5.63704 4.57404
0.928 -5.81874 4.63949
0.929 -5.97737 4.68754
0.93 -6.11232 4.71786
0.931 -6.22307 4.73023
0.932 -6.30918 4.72447
0.933 -6.37032 4.7005
0.934 -6.40626 4.65829
0.935 -6.41687 4.59788
0.936 -6.40213 4.51941
0.937 -6.3621 4.42305
0.938 -6.29696 4.30907
0.939 -6.20699 4.17781
0.94 -6.09256 4.02966
0.941 -5.95414 3.86509
0.942 -5.79231 3.68463
0.943 -5.60773 3.48889
0.944 -5.40116 3.27852
0.945 -5.17343 3.05424
0.946 -4.92549 2.81683
0.947 -4.65834 2.56711
0.948 -4.37307 2.30595
0.949 -4.07085 2.03429
0.95 -3.75291 1.7531
0.951 -3.42054 1.46337
0.952 -3.07509 1.16616
0.953 -2.71799 0.862537
0.954 -2.35067 0.553609
0.955 -1.97464 0.2405
0.956 -1.59143 -0.075644
0.957 -1.2026 -0.393664
0.958 -0.809739 -0.71239
0.959 -0.414448 -1.03065
0.96 -0.0183425 -1.34726
0.961 0.376962 -1.66105
0.962 0.769849 -1.97087
0.963 1.15871 -2.27555
0.964 1.54196 -2.57397
0.965 1.91803 -2.86501
0.966 2.28537 -3.14759
0.967 2.64248 -3.42065
0.968 2.98789 -3.68318
0.969 3.32018 -3.93419
0.97 3.63798 -4.17274
0.971 3.93999 -4.39795
0.972 4.22495 -4.60897
0.973 4.49168 -4.80501
0.974 4.73908 -4.98534
0.975 4.96611 -5.14928
0.976 5.17183 -5.29623
0.977 5.35536 -5.42564
0.978 5.51595 -5.53702
0.979 5.65289 -5.62997
0.98 5.76561 -5.70415
0.981 5.85361 -5.75928
0.982 5.9165 -5.79516
0.983 5.95399 -5.81168
0.984 5.96588 -5.80878
0.985 5.95209 -5.78649
0.986 5.91264 -5.7449
0.987 5.84764 -5.6842
0.988 5.75731 -5.60462
0.989 5.64198 -5.50648
0.99 5.50207 -5.39018
0.991 5.33811 -5.25617
0.992 5.15071 -5.10498
0.993 4.94059 -4.9372
0.994 4.70855 -4.75349
0.995 4.4555 -4.55457
0.996 4.1824 -4.34121
0.997 3.89032 -4.11424
0.998 3.5804 -3.87455
0.999 3.25384 -3.62306
1 2.91192 -3.36076
