0.001 3.39897e-008 2.57867e-009
0.002 3.09652e-007 2.07086e-008
0.003 1.46052e-006 8.59291e-008
0.004 4.84001e-006 2.5214e-007
0.005 1.28123e-005 5.98029e-007
0.006 2.9033e-005 1.23115e-006
0.007 5.87178e-005 2.2941e-006
0.008 0.000108896 3.97319e-006
0.009 0.000188644 6.50999e-006
0.01 0.000309307 1.02162e-005
0.011 0.000484687 1.54918e-005
0.012 0.000731217 2.28475e-005
0.013 0.00106811 3.29308e-005
0.014 0.00151746 4.65562e-005
0.015 0.00210436 6.47404e-005
0.016 0.00285694 8.8741e-005
0.017 0.00380639 0.000120101
0.018 0.00498699 0.000160694
0.019 0.00643602 0.000212782
0.02 0.00819374 0.000279065
0.021 0.0103033 0.000362746
0.022 0.0128105 0.000467594
0.023 0.0157637 0.00059801
0.024 0.0192138 0.000759097
0.025 0.0232135 0.000956733
0.026 0.0278177 0.00119765
0.027 0.0330826 0.00148949
0.028 0.0390658 0.00184093
0.029 0.0458258 0.00226168
0.03 0.0534216 0.00276265
0.031 0.0619123 0.00335594
0.032 0.0713568 0.00405498
0.033 0.0818132 0.00487456
0.034 0.0933386 0.00583091
0.035 0.105988 0.00694176
0.036 0.119816 0.0082264
0.037 0.134871 0.00970572
0.038 0.151203 0.0114023
0.039 0.168855 0.0133403
0.04 0.187868 0.0155457
0.041 0.208277 0.0180462
0.042 0.230112 0.0208711
0.043 0.2534 0.0240517
0.044 0.278159 0.0276208
0.045 0.304403 0.0316129
0.046 0.332139 0.0360643
0.047 0.361365 0.0410126
0.048 0.392075 0.0464974
0.049 0.424252 0.0525593
0.05 0.457873 0.0592404
0.051 0.492905 0.0665841
0.052 0.52931 0.0746349
0.053 0.567037 0.0834381
0.054 0.606029 0.0930401
0.055 0.64622 0.103488
0.056 0.687534 0.114828
0.057 0.729888 0.127109
0.058 0.773187 0.140378
0.059 0.81733 0.154682
0.06 0.862208 0.170069
0.061 0.907701 0.186584
0.062 0.953683 0.204273
0.063 1.00002 0.223179
0.064 1.04657 0.243346
0.065 1.09319 0.264814
0.066 1.13971 0.287621
0.067 1.18598 0.311804
0.068 1.23184 0.337395
0.069 1.2771 0.364425
0.07 1.3216 0.392921
0.071 1.36516 0.422905
0.072 1.4076 0.454396
0.073 1.44873 0.48741
0.074 1.48836 0.521956
0.075 1.52632 0.558039
0.076 1.56241 0.595658
0.077 1.59647 0.634808
0.078 1.6283 0.675476
0.079 1.65772 0.717646
0.08 1.68457 0.761292
0.081 1.70868 0.806384
0.082 1.72988 0.852884
0.083 1.74802 0.900747
0.084 1.76295 0.949922
0.085 1.77453 1.00035
0.086 1.78264 1.05196
0.087 1.78714 1.10469
0.088 1.78794 1.15845
0.089 1.78494 1.21314
0.09 1.77805 1.26869
0.091 1.76721 1.32497
0.092 1.75236 1.38189
0.093 1.73345 1.43931
0.094 1.71046 1.49712
0.095 1.68338 1.55518
0.096 1.65222 1.61334
0.097 1.617 1.67148
0.098 1.57775 1.72942
0.099 1.53453 1.78702
0.1 1.48742 1.84411
0.101 1.43651 1.90052
0.102 1.3819 1.95607
0.103 1.32372 2.01058
0.104 1.26211 2.06389
0.105 1.19723 2.11579
0.106 1.12926 2.1661
0.107 1.05839 2.21463
0.108 0.984817 2.26119
0.109 0.908775 2.30558
0.11 0.830498 2.34762
0.111 0.750237 2.38712
0.112 0.668256 2.42387
0.113 0.58483 2.45769
0.114 0.500248 2.48841
0.115 0.414805 2.51582
0.116 0.32881 2.53977
0.117 0.242576 2.56007
0.118 0.156425 2.57655
0.119 0.0706848 2.58906
0.12 -0.0143143 2.59745
0.121 -0.0982373 2.60156
0.122 -0.180748 2.60128
0.123 -0.261511 2.59645
0.124 -0.34019 2.58699
0.125 -0.416453 2.57277
0.126 -0.489972 2.5537
0.127 -0.560424 2.52972
0.128 -0.627492 2.50074
0.129 -0.690869 2.46673
0.13 -0.750258 2.42763
0.131 -0.805373 2.38343
0.132 -0.85594 2.33411
0.133 -0.901699 2.27969
0.134 -0.942407 2.22018
0.135 -0.977837 2.15564
0.136 -1.00778 2.0861
0.137 -1.03204 2.01166
0.138 -1.05046 1.93239
0.139 -1.06288 1.84841
0.14 -1.06918 1.75983
0.141 -1.06926 1.66681
0.142 -1.06303 1.5695
0.143 -1.05044 1.46808
0.144 -1.03147 1.36273
0.145 -1.00611 1.25368
0.146 -0.974378 1.14113
0.147 -0.936335 1.02534
0.148 -0.892053 0.906561
0.149 -0.841636 0.785058
0.15 -0.785216 0.661118
0.151 -0.722949 0.535037
0.152 -0.655021 0.407125
0.153 -0.581641 0.277702
0.154 -0.503045 0.1471
0.155 -0.419496 0.015661
0.156 -0.331279 -0.116266
0.157 -0.238703 -0.248323
0.158 -0.1421 -0.380147
0.159 -0.0418247 -0.511366
0.16 0.0617495 -0.641608
0.161 0.168229 -0.770495
0.162 0.277202 -0.897648
0.163 0.388241 -1.02269
0.164 0.500903 -1.14524
0.165 0.614732 -1.26492
0.166 0.72926 -1.38136
0.167 0.844009 -1.49419
0.168 0.958494 -1.60306
0.169 1.07222 -1.70759
0.17 1.1847 -1.80746
0.171 1.29542 -1.90233
0.172 1.4039 -1.99186
0.173 1.50963 -2.07576
0.174 1.61211 -2.15372
0.175 1.71088 -2.22546
0.176 1.80543 -2.29072
0.177 1.89531 -2.34926
0.178 1.98005 -2.40084
0.179 2.05922 -2.44526
0.18 2.13239 -2.48233
0.181 2.19914 -2.51188
0.182 2.25909 -2.53378
0.183 2.31187 -2.54791
0.184 2.35714 -2.55416
0.185 2.39458 -2.55249
0.186 2.42389 -2.54283
0.187 2.44482 -2.52518
0.188 2.45712 -2.49954
0.189 2.4606 -2.46595
0.19 2.45508 -2.42447
0.191 2.44043 -2.3752
0.192 2.41655 -2.31825
0.193 2.38336 -2.25378
0.194 2.34083 -2.18194
0.195 2.28897 -2.10294
0.196 2.22781 -2.017
0.197 2.15745 -1.92438
0.198 2.07798 -1.82535
0.199 1.98956 -1.72021
0.2 1.89238 -1.60928
0.201 1.78666 -1.49292
0.202 1.67267 -1.3715
0.203 1.5507 -1.24539
0.204 1.42108 -1.11502
0.205 1.28417 -0.980807
0.206 1.14038 -0.843201
0.207 0.990129 -0.702662
0.208 0.833876 -0.559665
0.209 0.672107 -0.4147
0.21 0.505336 -0.268265
0.211 0.334101 -0.120869
0.212 0.158961 0.0269718
0.213 -0.0195005 0.174734
0.214 -0.200683 0.32189
0.215 -0.383969 0.467913
0.216 -0.568725 0.61227
0.217 -0.754309 0.754435
0.218 -0.940066 0.893881
0.219 -1.12533 1.03009
0.22 -1.30945 1.16255
0.221 -1.49174 1.29075
0.222 -1.67155 1.4142
0.223 -1.8482 1.53242
0.224 -2.02105 1.64495
0.225 -2.18944 1.75133
0.226 -2.35273 1.85113
0.227 -2.51029 1.94394
0.228 -2.66153 2.02938
0.229 -2.80586 2.10706
0.23 -2.9427 2.17665
0.231 -3.07151 2.23782
0.232 -3.19178 2.2903
0.233 -3.30301 2.33381
0.234 -3.40475 2.36813
0.235 -3.49658 2.39305
0.236 -3.5781 2.4084
0.237 -3.64896 2.41404
0.238 -3.70885 2.40988
0.239 -3.75748 2.39582
0.24 -3.79463 2.37185
0.241 -3.8201 2.33796
0.242 -3.83374 2.29418
0.243 -3.83544 2.24058
0.244 -3.82515 2.17726
0.245 -3.80285 2.10436
0.246 -3.76858 2.02205
0.247 -3.72241 1.93053
0.248 -3.66447 1.83006
0.249 -3.59493 1.72089
0.25 -3.51399 1.60334
0.251 -3.42194 1.47775
0.252 -3.31906 1.34447
0.253 -3.20571 1.20391
0.254 -3.08229 1.05648
0.255 -2.94921 0.902647
0.256 -2.80697 0.742878
0.257 -2.65606 0.577672
0.258 -2.49704 0.40755
0.259 -2.33048 0.233054
0.26 -2.157 0.0547412
0.261 -1.97725 -0.126812
0.262 -1.79189 -0.311018
0.263 -1.60162 -0.497273
0.264 -1.40716 -0.684967
0.265 -1.20925 -0.87348
0.266 -1.00864 -1.06219
0.267 -0.806114 -1.25046
0.268 -0.602439 -1.43767
0.269 -0.39841 -1.62318
0.27 -0.19482 -1.80638
0.271 0.007533 -1.98664
0.272 0.207856 -2.16335
0.273 0.405357 -2.33591
0.274 0.599254 -2.50373
0.275 0.788775 -2.66623
0.276 0.973161 -2.82287
0.277 1.15167 -2.97309
0.278 1.32359 -3.11638
0.279 1.48821 -3.25225
0.28 1.64486 -3.38022
0.281 1.79291 -3.49986
0.282 1.93173 -3.61074
0.283 2.06075 -3.71248
0.284 2.17944 -3.80473
0.285 2.28728 -3.88716
0.286 2.38382 -3.95948
0.287 2.46864 -4.02145
0.288 2.54136 -4.07284
0.289 2.60167 -4.11348
0.29 2.64927 -4.14322
0.291 2.68395 -4.16196
0.292 2.70553 -4.16964
0.293 2.71388 -4.16622
0.294 2.70893 -4.15172
0.295 2.69066 -4.1262
0.296 2.6591 -4.08974
0.297 2.61434 -4.04248
0.298 2.55651 -3.98459
0.299 2.48583 -3.91627
0.3 2.40252 -3.83776
0.301 2.30688 -3.74935
0.302 2.19927 -3.65135
0.303 2.08009 -3.54411
0.304 1.94977 -3.42801
0.305 1.80882 -3.30347
0.306 1.65777 -3.17093
0.307 1.4972 -3.03087
0.308 1.32773 -2.88378
0.309 1.15003 -2.73018
0.31 0.964786 -2.57062
0.311 0.772732 -2.40567
0.312 0.574629 -2.23591
0.313 0.371263 -2.06195
0.314 0.163447 -1.8844
0.315 -0.0479868 -1.70388
0.316 -0.262185 -1.52104
0.317 -0.478283 -1.33651
0.318 -0.695401 -1.15095
0.319 -0.912655 -0.965007
0.32 -1.12915 -0.779326
0.321 -1.34401 -0.594556
0.322 -1.55633 -0.411338
0.323 -1.76524 -0.230307
0.324 -1.96987 -0.0520834
0.325 -2.16935 0.122721
0.326 -2.36285 0.29351
0.327 -2.54955 0.459708
0.328 -2.72865 0.620754
0.329 -2.89938 0.776112
0.33 -3.06102 0.92527
0.331 -3.21284 1.06774
0.332 -3.35419 1.20306
0.333 -3.48443 1.3308
0.334 -3.60299 1.45057
0.335 -3.70931 1.56198
0.336 -3.80291 1.66472
0.337 -3.88334 1.75849
0.338 -3.95021 1.84301
0.339 -4.00316 1.91807
0.34 -4.04193 1.98348
0.341 -4.06627 2.03909
0.342 -4.07602 2.0848
0.343 -4.07106 2.12053
0.344 -4.05132 2.14626
0.345 -4.01682 2.162
0.346 -3.96761 2.16779
0.347 -3.90382 2.16373
0.348 -3.82562 2.14995
0.349 -3.73325 2.12662
0.35 -3.627 2.09394
0.351 -3.50724 2.05215
0.352 -3.37436 2.00154
0.353 -3.22883 1.94242
0.354 -3.07116 1.87513
0.355 -2.90191 1.80005
0.356 -2.7217 1.7176
0.357 -2.53119 1.62822
0.358 -2.33107 1.53235
0.359 -2.12209 1.43051
0.36 -1.90502 1.32319
0.361 -1.68069 1.21093
0.362 -1.44994 1.09429
0.363 -1.21364 0.973834
0.364 -0.972692 0.850141
0.365 -0.728016 0.723805
0.366 -0.48055 0.59543
0.367 -0.231244 0.465624
0.368 0.0189404 0.335002
0.369 0.269036 0.204176
0.37 0.518072 0.0737604
0.371 0.765083 -0.0556351
0.372 1.00911 -0.183407
0.373 1.24919 -0.308961
0.374 1.4844 -0.431713
0.375 1.71381 -0.551094
0.376 1.93652 -0.666549
0.377 2.15166 -0.777543
0.378 2.35839 -0.883561
0.379 2.55588 -0.98411
0.38 2.74336 -1.07872
0.381 2.9201 -1.16696
0.382 3.0854 -1.2484
0.383 3.2386 -1.32267
0.384 3.3791 -1.38942
0.385 3.50634 -1.44833
0.386 3.61984 -1.49912
0.387 3.71913 -1.54154
0.388 3.80384 -1.57538
0.389 3.87363 -1.60047
0.39 3.92824 -1.61667
0.391 3.96745 -1.6239
0.392 3.99112 -1.62209
0.393 3.99916 -1.61123
0.394 3.99157 -1.59135
0.395 3.96838 -1.56251
0.396 3.92971 -1.52482
0.397 3.87572 -1.47841
0.398 3.80666 -1.42346
0.399 3.72282 -1.36021
0.4 3.62457 -1.28889
0.401 3.51233 -1.20981
0.402 3.38657 -1.12328
0.403 3.24784 -1.02967
0.404 3.09671 -0.929366
0.405 2.93385 -0.822789
0.406 2.75992 -0.710386
0.407 2.57569 -0.592631
0.408 2.38193 -0.470023
0.409 2.17947 -0.343083
0.41 1.96917 -0.212352
0.411 1.75193 -0.0783859
0.412 1.52867 0.0582406
0.413 1.30036 0.196942
0.414 1.06797 0.337122
0.415 0.832492 0.478177
0.416 0.594946 0.619498
0.417 0.356355 0.760474
0.418 0.117746 0.900493
0.419 -0.119845 1.03895
0.42 -0.355389 1.17524
0.421 -0.587861 1.30876
0.422 -0.816247 1.43894
0.423 -1.03955 1.5652
0.424 -1.25678 1.687
0.425 -1.46698 1.80378
0.426 -1.66923 1.91504
0.427 -1.86262 2.02028
0.428 -2.04628 2.11904
0.429 -2.21939 2.21087
0.43 -2.38117 2.29536
0.431 -2.53086 2.37213
0.432 -2.66779 2.44083
0.433 -2.7913 2.50115
0.434 -2.90082 2.55282
0.435 -2.99581 2.59558
0.436 -3.0758 2.62924
0.437 -3.14039 2.65363
0.438 -3.18923 2.66863
0.439 -3.22204 2.67417
0.44 -3.23861 2.67019
0.441 -3.23878 2.6567
0.442 -3.22249 2.63374
0.443 -3.18971 2.60139
0.444 -3.14052 2.55979
0.445 -3.07504 2.50909
0.446 -2.99346 2.44951
0.447 -2.89606 2.38129
0.448 -2.78316 2.30472
0.449 -2.65517 2.22012
0.45 -2.51254 2.12785
0.451 -2.35581 2.02831
0.452 -2.18557 1.92193
0.453 -2.00245 1.80917
0.454 -1.80717 1.69053
0.455 -1.60047 1.56651
0.456 -1.38317 1.43766
0.457 -1.15612 1.30456
0.458 -0.920225 1.1678
0.459 -0.676417 1.02798
0.46 -0.425676 0.885725
0.461 -0.16901 0.741683
0.462 0.0925408 0.5965
0.463 0.357915 0.450835
0.464 0.626028 0.305353
0.465 0.89578 0.16072
0.466 1.16606 0.017603
0.467 1.43575 -0.123334
0.468 1.70373 -0.261434
0.469 1.96888 -0.396048
0.47 2.2301 -0.526537
0.471 2.48627 -0.65228
0.472 2.73631 -0.77267
0.473 2.97917 -0.887122
0.474 3.2138 -0.995071
0.475 3.4392 -1.09598
0.476 3.65438 -1.18934
0.477 3.85841 -1.27466
0.478 4.05039 -1.3515
0.479 4.22947 -1.41944
0.48 4.39486 -1.47811
0.481 4.54579 -1.52716
0.482 4.68158 -1.56629
0.483 4.80159 -1.59524
0.484 4.90526 -1.61379
0.485 4.99206 -1.62176
0.486 5.06157 -1.61904
0.487 5.1134 -1.60553
0.488 5.14725 -1.58119
0.489 5.1629 -1.54604
0.49 5.16019 -1.50013
0.491 5.13903 -1.44355
0.492 5.09941 -1.37647
0.493 5.0414 -1.29908
0.494 4.96515 -1.2116
0.495 4.87086 -1.11435
0.496 4.75883 -1.00763
0.497 4.62942 -0.891839
0.498 4.48307 -0.767378
0.499 4.32027 -0.634707
0.5 4.14161 -0.494322
0.501 3.94772 -0.346755
0.502 3.73931 -0.192572
0.503 3.51714 -0.032375
0.504 3.28203 0.133206
0.505 3.03487 0.303512
0.506 2.77659 0.477858
0.507 2.50816 0.655536
0.508 2.2306 0.835818
0.509 1.94499 1.01796
0.51 1.65242 1.2012
0.511 1.35402 1.38477
0.512 1.05096 1.56788
0.513 0.74441 1.74976
0.514 0.435575 1.92962
0.515 0.125666 2.10666
0.516 -0.184095 2.28012
0.517 -0.492483 2.44921
0.518 -0.798275 2.61318
0.519 -1.10026 2.77127
0.52 -1.39722 2.92276
0.521 -1.68798 3.06693
0.522 -1.97137 3.2031
0.523 -2.24625 3.33061
0.524 -2.51151 3.44881
0.525 -2.76607 3.55712
0.526 -3.00891 3.65497
0.527 -3.23903 3.74182
0.528 -3.45549 3.81719
0.529 -3.65741 3.88064
0.53 -3.84395 3.93175
0.531 -4.01434 3.97017
0.532 -4.16787 3.99558
0.533 -4.3039 4.00773
0.534 -4.42185 4.00641
0.535 -4.52123 3.99144
0.536 -4.6016 3.96273
0.537 -4.66262 3.92022
0.538 -4.704 3.8639
0.539 -4.72555 3.79384
0.54 -4.72715 3.71013
0.541 -4.70878 3.61293
0.542 -4.67046 3.50247
0.543 -4.61234 3.379
0.544 -4.53461 3.24285
0.545 -4.43757 3.09439
0.546 -4.32157 2.93403
0.547 -4.18707 2.76226
0.548 -4.03458 2.57959
0.549 -3.86469 2.38658
0.55 -3.67809 2.18384
0.551 -3.47549 1.97201
0.552 -3.25771 1.75179
0.553 -3.02561 1.52389
0.554 -2.78012 1.28909
0.555 -2.52222 1.04816
0.556 -2.25296 0.801923
0.557 -1.97343 0.551224
0.558 -1.68474 0.296928
0.559 -1.38809 0.0399167
0.56 -1.08467 -0.218909
0.561 -0.775725 -0.478639
0.562 -0.462521 -0.738352
0.563 -0.146344 -0.997124
0.564 0.171503 -1.25403
0.565 0.489707 -1.50814
0.566 0.80695 -1.75855
0.567 1.12191 -2.00434
0.568 1.43328 -2.24461
0.569 1.73976 -2.47849
0.57 2.04005 -2.70512
0.571 2.3329 -2.92366
0.572 2.61706 -3.1333
0.573 2.89133 -3.33327
0.574 3.15453 -3.52281
0.575 3.40553 -3.70122
0.576 3.64326 -3.86783
0.577 3.86667 -4.02201
0.578 4.07479 -4.16318
0.579 4.2667 -4.29079
0.58 4.44154 -4.40436
0.581 4.59851 -4.50345
0.582 4.7369 -4.58767
0.583 4.85606 -4.65671
0.584 4.95542 -4.71028
0.585 5.03447 -4.74817
0.586 5.0928 -4.77021
0.587 5.13009 -4.77633
0.588 5.14607 -4.76646
0.589 5.14059 -4.74065
0.59 5.11357 -4.69896
0.591 5.06502 -4.64155
0.592 4.99502 -4.5686
0.593 4.90377 -4.4804
0.594 4.79152 -4.37725
0.595 4.65863 -4.25953
0.596 4.50554 -4.12768
0.597 4.33275 -3.98218
0.598 4.14087 -3.82357
0.599 3.93058 -3.65246
0.6 3.70262 -3.46946
0.601 3.45782 -3.27528
0.602 3.19708 -3.07064
0.603 2.92135 -2.85631
0.604 2.63166 -2.63311
0.605 2.32909 -2.40187
0.606 2.01476 -2.16347
0.607 1.68988 -1.91883
0.608 1.35567 -1.66886
0.609 1.0134 -1.41453
0.61 0.66438 -1.1568
0.611 0.309943 -0.896654
0.612 -0.0485473 -0.635094
0.613 -0.409709 -0.373119
0.614 -0.772147 -0.111734
0.615 -1.13446 0.148056
0.616 -1.49523 0.405251
0.617 -1.85307 0.658862
0.618 -2.20657 0.907909
0.619 -2.55435 1.15143
0.62 -2.89505 1.38848
0.621 -3.22733 1.61815
0.622 -3.54989 1.83955
0.623 -3.86146 2.0518
0.624 -4.16079 2.2541
0.625 -4.44672 2.44564
0.626 -4.7181 2.62569
0.627 -4.97386 2.79353
0.628 -5.21297 2.94851
0.629 -5.43449 3.09003
0.63 -5.63752 3.21751
0.631 -5.82126 3.33047
0.632 -5.98495 3.42844
0.633 -6.12794 3.51104
0.634 -6.24964 3.57794
0.635 -6.34956 3.62887
0.636 -6.42728 3.6636
0.637 -6.48248 3.682
0.638 -6.51492 3.68398
0.639 -6.52445 3.66952
0.64 -6.51101 3.63865
0.641 -6.47465 3.59149
0.642 -6.41547 3.5282
0.643 -6.33371 3.44901
0.644 -6.22965 3.35421
0.645 -6.1037 3.24416
0.646 -5.95634 3.11926
0.647 -5.78812 2.97999
0.648 -5.59971 2.82686
0.649 -5.39182 2.66047
0.65 -5.16528 2.48143
0.651 -4.92095 2.29043
0.652 -4.65979 2.0882
0.653 -4.38283 1.87549
0.654 -4.09115 1.65313
0.655 -3.78589 1.42196
0.656 -3.46826 1.18287
0.657 -3.13949 0.936759
0.658 -2.8009 0.684577
0.659 -2.4538 0.427287
0.66 -2.09957 0.165873
0.661 -1.73961 -0.0986645
0.662 -1.37533 -0.365313
0.663 -1.00819 -0.633052
0.664 -0.639627 -0.900856
0.665 -0.271102 -1.1677
0.666 0.0959238 -1.43256
0.667 0.459998 -1.69442
0.668 0.819679 -1.95229
0.669 1.17354 -2.20517
0.67 1.52018 -2.45209
0.671 1.85822 -2.69212
0.672 2.18632 -2.92433
0.673 2.50319 -3.14784
0.674 2.80756 -3.36179
0.675 3.09823 -3.56537
0.676 3.37404 -3.75781
0.677 3.63391 -3.93837
0.678 3.8768 -4.10636
0.679 4.10176 -4.26116
0.68 4.30789 -4.40217
0.681 4.49438 -4.52886
0.682 4.66049 -4.64076
0.683 4.80557 -4.73745
0.684 4.92906 -4.81857
0.685 5.03047 -4.88383
0.686 5.10941 -4.93298
0.687 5.16558 -4.96585
0.688 5.19877 -4.98234
0.689 5.20885 -4.9824
0.69 5.19582 -4.96603
0.691 5.15973 -4.93333
0.692 5.10075 -4.88444
0.693 5.01914 -4.81956
0.694 4.91524 -4.73896
0.695 4.78949 -4.64298
0.696 4.64243 -4.53199
0.697 4.47466 -4.40645
0.698 4.28688 -4.26685
0.699 4.07988 -4.11376
0.7 3.8545 -3.94778
0.701 3.61169 -3.76956
0.702 3.35244 -3.57982
0.703 3.07784 -3.37929
0.704 2.78901 -3.16876
0.705 2.48715 -2.94906
0.706 2.17351 -2.72104
0.707 1.84938 -2.4856
0.708 1.51611 -2.24364
0.709 1.17506 -1.99612
0.71 0.82765 -1.74398
0.711 0.47532 -1.48821
0.712 0.119525 -1.22979
0.713 -0.238261 -0.969703
0.714 -0.596556 -0.708962
0.715 -0.953873 -0.448559
0.716 -1.30873 -0.189488
0.717 -1.65965 0.0672651
0.718 -2.00518 0.320728
0.719 -2.34387 0.569943
0.72 -2.67432 0.813973
0.721 -2.99514 1.0519
0.722 -3.30499 1.28285
0.723 -3.60258 1.50595
0.724 -3.88665 1.72039
0.725 -4.156 1.92538
0.726 -4.40951 2.12019
0.727 -4.64609 2.30409
0.728 -4.86474 2.47646
0.729 -5.06452 2.63667
0.73 -5.24458 2.78418
0.731 -5.40413 2.91849
0.732 -5.54248 3.03914
0.733 -5.65902 3.14575
0.734 -5.75322 3.238
0.735 -5.82465 3.31561
0.736 -5.87297 3.37837
0.737 -5.89793 3.42614
0.738 -5.89938 3.45882
0.739 -5.87726 3.47641
0.74 -5.8316 3.47893
0.741 -5.76254 3.46648
0.742 -5.67031 3.43924
0.743 -5.55523 3.39742
0.744 -5.41771 3.34131
0.745 -5.25826 3.27125
0.746 -5.07747 3.18763
0.747 -4.87604 3.09092
0.748 -4.65472 2.98162
0.749 -4.41436 2.86029
0.75 -4.1559 2.72754
0.751 -3.88032 2.58402
0.752 -3.5887 2.43042
0.753 -3.28218 2.2675
0.754 -2.96196 2.09602
0.755 -2.62928 1.91679
0.756 -2.28546 1.73065
0.757 -1.93185 1.53848
0.758 -1.56983 1.34116
0.759 -1.20085 1.1396
0.76 -0.826342 0.934737
0.761 -0.447804 0.727506
0.762 -0.0667304 0.518855
0.763 0.31537 0.309737
0.764 0.696983 0.101105
0.765 1.07659 -0.106091
0.766 1.45269 -0.31091
0.767 1.82379 -0.512422
0.768 2.18841 -0.709712
0.769 2.5451 -0.901884
0.77 2.89245 -1.08807
0.771 3.22906 -1.26741
0.772 3.55361 -1.4391
0.773 3.86481 -1.60236
0.774 4.1614 -1.75643
0.775 4.44222 -1.90062
0.776 4.70616 -2.03425
0.777 4.95215 -2.15672
0.778 5.17922 -2.26745
0.779 5.38648 -2.36593
0.78 5.57311 -2.45168
0.781 5.73836 -2.5243
0.782 5.88159 -2.58343
0.783 6.00223 -2.62878
0.784 6.09982 -2.66011
0.785 6.17398 -2.67724
0.786 6.22442 -2.68006
0.787 6.25096 -2.6685
0.788 6.2535 -2.64259
0.789 6.23207 -2.60238
0.79 6.18676 -2.548
0.791 6.11778 -2.47966
0.792 6.02543 -2.3976
0.793 5.91009 -2.30213
0.794 5.77227 -2.19361
0.795 5.61253 -2.07249
0.796 5.43155 -1.93923
0.797 5.23009 -1.79437
0.798 5.00898 -1.63849
0.799 4.76915 -1.47223
0.8 4.51158 -1.29626
0.801 4.23736 -1.1113
0.802 3.94762 -0.918108
0.803 3.64356 -0.717487
0.804 3.32644 -0.510263
0.805 2.99757 -0.297296
0.806 2.65833 -0.0794722
0.807 2.31012 0.142299
0.808 1.95437 0.367092
0.809 1.59257 0.593961
0.81 1.22622 0.821955
0.811 0.856839 1.05011
0.812 0.485955 1.27747
0.813 0.115114 1.50306
0.814 -0.254145 1.72593
0.815 -0.620286 1.94513
0.816 -0.981785 2.15973
0.817 -1.33714 2.36879
0.818 -1.68486 2.57144
0.819 -2.0235 2.76678
0.82 -2.35165 2.95398
0.821 -2.66792 3.13222
0.822 -2.97101 3.30073
0.823 -3.25962 3.45876
0.824 -3.53256 3.60562
0.825 -3.78867 3.74065
0.826 -4.02687 3.86325
0.827 -4.24615 3.97286
0.828 -4.44557 4.06898
0.829 -4.62428 4.15116
0.83 -4.78152 4.21901
0.831 -4.91661 4.2722
0.832 -5.02896 4.31046
0.833 -5.11806 4.33357
0.834 -5.18352 4.34138
0.835 -5.22503 4.33382
0.836 -5.24238 4.31085
0.837 -5.23547 4.27252
0.838 -5.20429 4.21894
0.839 -5.14893 4.15027
0.84 -5.06957 4.06674
0.841 -4.96651 3.96866
0.842 -4.84014 3.85637
0.843 -4.69093 3.73029
0.844 -4.51947 3.59089
0.845 -4.32642 3.4387
0.846 -4.11255 3.27432
0.847 -3.8787 3.09836
0.848 -3.6258 2.91152
0.849 -3.35485 2.71453
0.85 -3.06695 2.50817
0.851 -2.76324 2.29325
0.852 -2.44496 2.07063
0.853 -2.11337 1.84119
0.854 -1.76983 1.60586
0.855 -1.41572 1.36557
0.856 -1.05249 1.12131
0.857 -0.681597 0.874056
0.858 -0.304566 0.624812
0.859 0.0770695 0.374592
0.86 0.461749 0.124418
0.861 0.847898 -0.124686
0.862 1.23393 -0.371698
0.863 1.61827 -0.615602
0.864 1.99932 -0.855391
0.865 2.37552 -1.09007
0.866 2.7453 -1.31867
0.867 3.10715 -1.54024
0.868 3.45956 -1.75385
0.869 3.80105 -1.9586
0.87 4.13021 -2.15363
0.871 4.44566 -2.33812
0.872 4.74608 -2.51128
0.873 5.03019 -2.67238
0.874 5.29679 -2.82071
0.875 5.54476 -2.95565
0.876 5.77303 -3.0766
0.877 5.98061 -3.18302
0.878 6.16661 -3.27444
0.879 6.33022 -3.35044
0.88 6.4707 -3.41067
0.881 6.58742 -3.45485
0.882 6.67984 -3.48274
0.883 6.74752 -3.49418
0.884 6.79011 -3.48908
0.885 6.80737 -3.46742
0.886 6.79916 -3.42924
0.887 6.76544 -3.37464
0.888 6.70628 -3.30381
0.889 6.62183 -3.21699
0.89 6.51236 -3.11448
0.891 6.37825 -2.99667
0.892 6.21996 -2.86399
0.893 6.03805 -2.71694
0.894 5.83319 -2.55609
0.895 5.60613 -2.38205
0.896 5.35772 -2.19549
0.897 5.08888 -1.99715
0.898 4.80063 -1.78781
0.899 4.49407 -1.56828
0.9 4.17036 -1.33944
0.901 3.83074 -1.1022
0.902 3.47651 -0.857513
0.903 3.10904 -0.606353
0.904 2.72976 -0.349734
0.905 2.34012 -0.0886947
0.906 1.94164 0.175707
0.907 1.53586 0.442394
0.908 1.12437 0.710277
0.909 0.708777 0.978257
0.91 0.290694 1.24523
0.911 -0.128241 1.5101
0.912 -0.546387 1.77175
0.913 -0.962108 2.02911
0.914 -1.37377 2.2811
0.915 -1.77976 2.52665
0.916 -2.17849 2.76473
0.917 -2.56837 2.99432
0.918 -2.94789 3.21445
0.919 -3.31555 3.42416
0.92 -3.6699 3.62255
0.921 -4.00955 3.80875
0.922 -4.33315 3.98193
0.923 -4.63943 4.14132
0.924 -4.92719 4.28619
0.925 -5.1953 4.41589
0.926 -5.44268 4.52979
0.927 -5.66838 4.62735
0.928 -5.8715 4.70809
0.929 -6.05125 4.77156
0.93 -6.20692 4.81743
0.931 -6.33789 4.8454
0.932 -6.44367 4.85524
0.933 -6.52383 4.84682
0.934 -6.57808 4.82005
0.935 -6.60619 4.77493
0.936 -6.60808 4.71152
0.937 -6.58375 4.62996
0.938 -6.53331 4.53045
0.939 -6.45697 4.41327
0.94 -6.35505 4.27878
0.941 -6.22797 4.12738
0.942 -6.07626 3.95957
0.943 -5.90053 3.77589
0.944 -5.7015 3.57695
0.945 -5.47998 3.36342
0.946 -5.23687 3.13605
0.947 -4.97317 2.8956
0.948 -4.68995 2.64293
0.949 -4.38835 2.37893
0.95 -4.06961 2.10452
0.951 -3.73502 1.82068
0.952 -3.38593 1.52844
0.953 -3.02377 1.22884
0.954 -2.65 0.922971
0.955 -2.26615 0.611932
0.956 -1.87378 0.296858
0.957 -1.47449 -0.0211022
0.958 -1.06988 -0.340786
0.959 -0.661626 -0.661022
0.96 -0.251374 -0.980635
0.961 0.159201 -1.29845
0.962 0.568427 -1.61329
0.963 0.974633 -1.924
0.964 1.37616 -2.22944
0.965 1.77138 -2.52846
0.966 2.15866 -2.81997
0.967 2.53642 -3.10289
0.968 2.90312 -3.37617
0.969 3.25725 -3.63879
0.97 3.59735 -3.88978
0.971 3.92204 -4.12822
0.972 4.22997 -4.35322
0.973 4.51986 -4.56395
0.974 4.79052 -4.75963
0.975 5.04084 -4.93954
0.976 5.26975 -5.10302
0.977 5.47631 -5.24946
0.978 5.65965 -5.37834
0.979 5.819 -5.48919
0.98 5.95366 -5.5816
0.981 6.06308 -5.65525
0.982 6.14676 -5.70988
0.983 6.20432 -5.7453
0.984 6.2355 -5.76141
0.985 6.24013 -5.75817
0.986 6.21815 -5.73561
0.987 6.16961 -5.69384
0.988 6.09465 -5.63306
0.989 5.99354 -5.5535
0.99 5.86665 -5.45552
0.991 5.71443 -5.33949
0.992 5.53747 -5.2059
0.993 5.33642 -5.05528
0.994 5.11206 -4.88822
0.995 4.86525 -4.7054
0.996 4.59694 -4.50753
0.997 4.30816 -4.2954
0.998 4.00003 -4.06984
0.999 3.67376 -3.83175
1 3.33061 -3.58205
