0.001 3.42944e-008 2.58656e-009
0.002 3.12084e-007 2.07736e-008
0.003 1.47052e-006 8.62088e-008
0.004 4.86895e-006 2.52999e-007
0.005 1.28797e-005 6.00181e-007
0.006 2.91688e-005 1.23586e-006
0.007 5.8964e-005 2.30348e-006
0.008 0.000109308 3.99058e-006
0.009 0.000189294 6.54055e-006
0.01 0.000310283 1.02676e-005
0.011 0.000486094 1.55751e-005
0.012 0.000733179 2.29784e-005
0.013 0.00107077 3.3131e-005
0.014 0.00152098 4.68553e-005
0.015 0.00210892 6.51777e-005
0.016 0.00286273 8.93683e-005
0.017 0.00381362 0.000120985
0.018 0.00499589 0.00016192
0.019 0.00644683 0.000214458
0.02 0.00820671 0.000281325
0.021 0.0103187 0.000365755
0.022 0.0128285 0.000471553
0.023 0.0157847 0.000603163
0.024 0.019238 0.000765736
0.025 0.0232412 0.000965207
0.026 0.0278491 0.00120837
0.027 0.033118 0.00150294
0.028 0.0391054 0.00185766
0.029 0.0458698 0.00228234
0.03 0.0534702 0.00278798
0.031 0.0619656 0.0033868
0.032 0.0714149 0.00409233
0.033 0.0818763 0.0049195
0.034 0.0934066 0.00588467
0.035 0.106061 0.00700573
0.036 0.119894 0.00830211
0.037 0.134954 0.00979488
0.038 0.151291 0.0115068
0.039 0.168947 0.0134622
0.04 0.187964 0.0156873
0.041 0.208376 0.01821
0.042 0.230215 0.0210599
0.043 0.253506 0.0242683
0.044 0.278268 0.0278684
0.045 0.304514 0.031895
0.046 0.332251 0.0363845
0.047 0.361478 0.041375
0.048 0.392187 0.0469061
0.049 0.424364 0.0530187
0.05 0.457983 0.0597553
0.051 0.493013 0.0671595
0.052 0.529415 0.0752761
0.053 0.567138 0.0841506
0.054 0.606125 0.0938296
0.055 0.646311 0.10436
0.056 0.687619 0.11579
0.057 0.729965 0.128167
0.058 0.773257 0.141538
0.059 0.817392 0.155952
0.06 0.862261 0.171455
0.061 0.907745 0.188094
0.062 0.953718 0.205915
0.063 1.00005 0.22496
0.064 1.04659 0.245273
0.065 1.09319 0.266895
0.066 1.13971 0.289864
0.067 1.18597 0.314217
0.068 1.23182 0.339985
0.069 1.27708 0.367199
0.07 1.32157 0.395887
0.071 1.36513 0.426071
0.072 1.40756 0.457769
0.073 1.44869 0.490995
0.074 1.48833 0.525761
0.075 1.52629 0.562069
0.076 1.56239 0.59992
0.077 1.59646 0.639307
0.078 1.6283 0.680217
0.079 1.65775 0.722632
0.08 1.68463 0.766527
0.081 1.70876 0.811871
0.082 1.73 0.858626
0.083 1.74818 0.906745
0.084 1.76316 0.956176
0.085 1.77479 1.00686
0.086 1.78296 1.05873
0.087 1.78753 1.11171
0.088 1.78841 1.16571
0.089 1.78549 1.22066
0.09 1.7787 1.27644
0.091 1.76795 1.33296
0.092 1.75321 1.3901
0.093 1.73442 1.44774
0.094 1.71156 1.50575
0.095 1.68462 1.564
0.096 1.65361 1.62235
0.097 1.61854 1.68066
0.098 1.57946 1.73876
0.099 1.53642 1.79649
0.1 1.4895 1.8537
0.101 1.43879 1.9102
0.102 1.38438 1.96583
0.103 1.32642 2.02041
0.104 1.26504 2.07374
0.105 1.2004 2.12565
0.106 1.13267 2.17595
0.107 1.06205 2.22444
0.108 0.988739 2.27093
0.109 0.912966 2.31523
0.11 0.834965 2.35714
0.111 0.754986 2.39648
0.112 0.673292 2.43304
0.113 0.590158 2.46665
0.114 0.505871 2.49711
0.115 0.420728 2.52424
0.116 0.335034 2.54786
0.117 0.249102 2.56781
0.118 0.163254 2.58391
0.119 0.0778144 2.596
0.12 -0.00688587 2.60393
0.121 -0.0905137 2.60756
0.122 -0.172734 2.60674
0.123 -0.253213 2.60137
0.124 -0.331616 2.59131
0.125 -0.407611 2.57647
0.126 -0.480873 2.55676
0.127 -0.551079 2.53209
0.128 -0.617915 2.50241
0.129 -0.681075 2.46765
0.13 -0.740264 2.42779
0.131 -0.795196 2.38279
0.132 -0.845599 2.33266
0.133 -0.891216 2.27741
0.134 -0.931804 2.21705
0.135 -0.967137 2.15163
0.136 -0.997008 2.0812
0.137 -1.02123 2.00586
0.138 -1.03963 1.92568
0.139 -1.05206 1.84077
0.14 -1.05841 1.75127
0.141 -1.05856 1.65732
0.142 -1.05244 1.55909
0.143 -1.04 1.45674
0.144 -1.0212 1.35047
0.145 -0.996055 1.2405
0.146 -0.964578 1.12706
0.147 -0.926824 1.01039
0.148 -0.882868 0.890737
0.149 -0.832816 0.76839
0.15 -0.776799 0.643629
0.151 -0.714975 0.516755
0.152 -0.647528 0.38808
0.153 -0.574668 0.257929
0.154 -0.496632 0.126636
0.155 -0.41368 -0.00545471
0.156 -0.326098 -0.13799
0.157 -0.234195 -0.27061
0.158 -0.138301 -0.402947
0.159 -0.0387692 -0.534629
0.16 0.0640268 -0.66528
0.161 0.169695 -0.794519
0.162 0.277825 -0.921966
0.163 0.387992 -1.04724
0.164 0.499753 -1.16996
0.165 0.612655 -1.28975
0.166 0.726232 -1.40623
0.167 0.840008 -1.51903
0.168 0.9535 -1.6278
0.169 1.06622 -1.73217
0.17 1.17767 -1.8318
0.171 1.28736 -1.92636
0.172 1.39479 -2.01552
0.173 1.49946 -2.09896
0.174 1.6009 -2.1764
0.175 1.6986 -2.24755
0.176 1.79211 -2.31215
0.177 1.88094 -2.36996
0.178 1.96465 -2.42074
0.179 2.0428 -2.46429
0.18 2.11496 -2.50043
0.181 2.18072 -2.529
0.182 2.23972 -2.54984
0.183 2.29156 -2.56286
0.184 2.33593 -2.56796
0.185 2.3725 -2.56506
0.186 2.40098 -2.55414
0.187 2.42111 -2.53518
0.188 2.43267 -2.50819
0.189 2.43545 -2.47321
0.19 2.42928 -2.43032
0.191 2.41404 -2.3796
0.192 2.38961 -2.32118
0.193 2.35594 -2.25521
0.194 2.313 -2.18186
0.195 2.26078 -2.10134
0.196 2.19934 -2.01388
0.197 2.12875 -1.91974
0.198 2.04913 -1.81919
0.199 1.96063 -1.71255
0.2 1.86345 -1.60014
0.201 1.75781 -1.48231
0.202 1.64396 -1.35944
0.203 1.52221 -1.23193
0.204 1.3929 -1.10019
0.205 1.25637 -0.964649
0.206 1.11304 -0.825765
0.207 0.963318 -0.684001
0.208 0.807675 -0.539839
0.209 0.646592 -0.393772
0.21 0.480581 -0.246303
0.211 0.310179 -0.0979454
0.212 0.135945 0.0507789
0.213 -0.0415415 0.199344
0.214 -0.221681 0.347217
0.215 -0.403859 0.493868
0.216 -0.587446 0.638761
0.217 -0.7718 0.781367
0.218 -0.956272 0.921155
0.219 -1.1402 1.0576
0.22 -1.32293 1.1902
0.221 -1.50379 1.31843
0.222 -1.68213 1.44181
0.223 -1.85727 1.55985
0.224 -2.02858 1.67209
0.225 -2.1954 1.77807
0.226 -2.3571 1.87736
0.227 -2.51306 1.96956
0.228 -2.66268 2.05427
0.229 -2.80538 2.13112
0.23 -2.9406 2.19977
0.231 -3.06779 2.2599
0.232 -3.18644 2.31124
0.233 -3.29608 2.35351
0.234 -3.39625 2.38649
0.235 -3.48653 2.40998
0.236 -3.56653 2.42381
0.237 -3.63592 2.42786
0.238 -3.69437 2.42201
0.239 -3.74161 2.4062
0.24 -3.77743 2.3804
0.241 -3.80162 2.34462
0.242 -3.81405 2.29889
0.243 -3.81461 2.24329
0.244 -3.80325 2.17792
0.245 -3.77996 2.10293
0.246 -3.74478 2.0185
0.247 -3.69778 1.92484
0.248 -3.6391 1.8222
0.249 -3.56891 1.71086
0.25 -3.48743 1.59112
0.251 -3.39492 1.46335
0.252 -3.29169 1.3279
0.253 -3.17809 1.18518
0.254 -3.05452 1.03563
0.255 -2.92141 0.879704
0.256 -2.77923 0.71788
0.257 -2.6285 0.550667
0.258 -2.46975 0.378593
0.259 -2.30358 0.202206
0.26 -2.1306 0.0220724
0.261 -1.95144 -0.161226
0.262 -1.76678 -0.347094
0.263 -1.57731 -0.534923
0.264 -1.38375 -0.724096
0.265 -1.18684 -0.913986
0.266 -0.987323 -1.10396
0.267 -0.785973 -1.2934
0.268 -0.583567 -1.48165
0.269 -0.380888 -1.66808
0.27 -0.178726 -1.85207
0.271 0.022126 -2.033
0.272 0.220879 -2.21024
0.273 0.416749 -2.38319
0.274 0.608958 -2.55127
0.275 0.796739 -2.71389
0.276 0.979342 -2.8705
0.277 1.15603 -3.02055
0.278 1.32609 -3.16353
0.279 1.48884 -3.29894
0.28 1.64359 -3.42632
0.281 1.78973 -3.54521
0.282 1.92664 -3.6552
0.283 2.05376 -3.75592
0.284 2.17055 -3.847
0.285 2.27652 -3.92814
0.286 2.37121 -3.99903
0.287 2.45421 -4.05944
0.288 2.52515 -4.10915
0.289 2.58373 -4.14799
0.29 2.62966 -4.17581
0.291 2.66273 -4.19253
0.292 2.68276 -4.19808
0.293 2.68964 -4.19244
0.294 2.6833 -4.17563
0.295 2.66372 -4.14771
0.296 2.63095 -4.10877
0.297 2.58508 -4.05897
0.298 2.52625 -3.99847
0.299 2.45465 -3.92749
0.3 2.37055 -3.84628
0.301 2.27424 -3.75512
0.302 2.16608 -3.65435
0.303 2.04646 -3.54432
0.304 1.91584 -3.42542
0.305 1.7747 -3.29808
0.306 1.6236 -3.16274
0.307 1.4631 -3.01989
0.308 1.29384 -2.87003
0.309 1.11648 -2.7137
0.31 0.931707 -2.55145
0.311 0.740253 -2.38386
0.312 0.542877 -2.21151
0.313 0.340366 -2.03503
0.314 0.133528 -1.85502
0.315 -0.0768045 -1.67213
0.316 -0.289784 -1.48701
0.317 -0.504548 -1.30029
0.318 -0.720222 -1.11263
0.319 -0.935926 -0.924703
0.32 -1.15078 -0.737148
0.321 -1.36388 -0.550622
0.322 -1.57437 -0.365772
0.323 -1.78136 -0.183234
0.324 -1.98399 -0.0036358
0.325 -2.18141 0.172408
0.326 -2.37279 0.344299
0.327 -2.55731 0.511456
0.328 -2.73418 0.673319
0.329 -2.90266 0.829349
0.33 -3.06199 0.979033
0.331 -3.2115 1.12188
0.332 -3.35052 1.25743
0.333 -3.47843 1.38526
0.334 -3.59465 1.50496
0.335 -3.69866 1.61617
0.336 -3.78996 1.71856
0.337 -3.86812 1.81183
0.338 -3.93276 1.89573
0.339 -3.98354 1.97002
0.34 -4.02018 2.03454
0.341 -4.04246 2.08913
0.342 -4.05021 2.13369
0.343 -4.04333 2.16816
0.344 -4.02177 2.19252
0.345 -3.98553 2.20677
0.346 -3.93469 2.21099
0.347 -3.86937 2.20526
0.348 -3.78975 2.18971
0.349 -3.69608 2.16454
0.35 -3.58866 2.12994
0.351 -3.46784 2.08618
0.352 -3.33405 2.03352
0.353 -3.18773 1.97231
0.354 -3.02941 1.90289
0.355 -2.85966 1.82564
0.356 -2.67908 1.741
0.357 -2.48834 1.64939
0.358 -2.28815 1.5513
0.359 -2.07923 1.44722
0.36 -1.86238 1.33768
0.361 -1.6384 1.22321
0.362 -1.40814 1.10437
0.363 -1.17247 0.981747
0.364 -0.932295 0.855919
0.365 -0.68852 0.727491
0.366 -0.442084 0.597072
0.367 -0.193932 0.465277
0.368 0.0549784 0.332725
0.369 0.303686 0.200038
0.37 0.551226 0.0678337
0.371 0.79664 -0.0632725
0.372 1.03897 -0.192672
0.373 1.27728 -0.319767
0.374 1.51062 -0.443968
0.375 1.7381 -0.564702
0.376 1.95882 -0.681411
0.377 2.17191 -0.793558
0.378 2.37654 -0.900625
0.379 2.5719 -1.00212
0.38 2.75723 -1.09756
0.381 2.93179 -1.18652
0.382 3.0949 -1.26859
0.383 3.24591 -1.34337
0.384 3.38424 -1.41051
0.385 3.50933 -1.46971
0.386 3.6207 -1.52068
0.387 3.71791 -1.56317
0.388 3.80058 -1.59699
0.389 3.8684 -1.62194
0.39 3.92109 -1.63792
0.391 3.95846 -1.64482
0.392 3.98038 -1.64259
0.393 3.98677 -1.63123
0.394 3.97761 -1.61076
0.395 3.95297 -1.58125
0.396 3.91295 -1.5428
0.397 3.85775 -1.49557
0.398 3.78759 -1.43974
0.399 3.70279 -1.37554
0.4 3.60371 -1.30323
0.401 3.49078 -1.2231
0.402 3.36447 -1.13548
0.403 3.22533 -1.04074
0.404 3.07396 -0.939273
0.405 2.91099 -0.831509
0.406 2.73711 -0.717899
0.407 2.55308 -0.598924
0.408 2.35967 -0.475087
0.409 2.15771 -0.346917
0.41 1.94806 -0.214957
0.411 1.73161 -0.0797731
0.412 1.50929 0.0580574
0.413 1.28205 0.197943
0.414 1.05087 0.339282
0.415 0.816735 0.481467
0.416 0.580653 0.623884
0.417 0.343642 0.765916
0.418 0.106726 0.90695
0.419 -0.12907 1.04637
0.42 -0.362723 1.18358
0.421 -0.593216 1.31797
0.422 -0.819544 1.44896
0.423 -1.04072 1.57597
0.424 -1.25576 1.69846
0.425 -1.46373 1.81587
0.426 -1.6637 1.9277
0.427 -1.85479 2.03344
0.428 -2.03613 2.13263
0.429 -2.20691 2.22483
0.43 -2.36636 2.30963
0.431 -2.51374 2.38664
0.432 -2.64838 2.45552
0.433 -2.76965 2.51596
0.434 -2.87697 2.56768
0.435 -2.96982 2.61043
0.436 -3.04774 2.64403
0.437 -3.11034 2.66831
0.438 -3.15728 2.68314
0.439 -3.18829 2.68846
0.44 -3.20317 2.68421
0.441 -3.20178 2.67042
0.442 -3.18404 2.64711
0.443 -3.14997 2.61439
0.444 -3.09962 2.57237
0.445 -3.03313 2.52124
0.446 -2.95071 2.4612
0.447 -2.85263 2.39251
0.448 -2.73922 2.31544
0.449 -2.61089 2.23035
0.45 -2.46811 2.13758
0.451 -2.31141 2.03754
0.452 -2.14137 1.93067
0.453 -1.95866 1.81742
0.454 -1.76396 1.6983
0.455 -1.55804 1.57382
0.456 -1.3417 1.44454
0.457 -1.1158 1.31103
0.458 -0.881233 1.17389
0.459 -0.638937 1.03372
0.46 -0.389884 0.891158
0.461 -0.135079 0.746843
0.462 0.124446 0.60143
0.463 0.387632 0.455578
0.464 0.653405 0.309955
0.465 0.920671 0.16523
0.466 1.18833 0.0220692
0.467 1.45527 -0.118861
0.468 1.72038 -0.256903
0.469 1.98255 -0.391406
0.47 2.24069 -0.521735
0.471 2.4937 -0.647265
0.472 2.74051 -0.767392
0.473 2.98007 -0.881531
0.474 3.21135 -0.98912
0.475 3.43336 -1.08962
0.476 3.64513 -1.18253
0.477 3.84575 -1.26736
0.478 4.03432 -1.34367
0.479 4.21 -1.41105
0.48 4.37202 -1.46913
0.481 4.51964 -1.51755
0.482 4.65217 -1.55604
0.483 4.769 -1.58432
0.484 4.86956 -1.60219
0.485 4.95337 -1.60949
0.486 5.01998 -1.60607
0.487 5.06905 -1.59187
0.488 5.10028 -1.56686
0.489 5.11345 -1.53104
0.49 5.10842 -1.48448
0.491 5.08512 -1.42728
0.492 5.04354 -1.35961
0.493 4.98376 -1.28165
0.494 4.90593 -1.19367
0.495 4.81028 -1.09595
0.496 4.6971 -0.988827
0.497 4.56676 -0.872683
0.498 4.4197 -0.747939
0.499 4.25643 -0.615057
0.5 4.07753 -0.474537
0.501 3.88365 -0.326916
0.502 3.67547 -0.172767
0.503 3.45379 -0.0126936
0.504 3.2194 0.152668
0.505 2.9732 0.322656
0.506 2.71612 0.496581
0.507 2.44912 0.673733
0.508 2.17323 0.853381
0.509 1.88951 1.03478
0.51 1.59905 1.21716
0.511 1.30297 1.39976
0.512 1.00243 1.58179
0.513 0.698604 1.76246
0.514 0.392676 1.941
0.515 0.0858519 2.11662
0.516 -0.22066 2.28854
0.517 -0.525646 2.45598
0.518 -0.827897 2.61818
0.519 -1.12621 2.77441
0.52 -1.41939 2.92393
0.521 -1.70628 3.06603
0.522 -1.98571 3.20003
0.523 -2.25656 3.32528
0.524 -2.51774 3.44115
0.525 -2.76819 3.54704
0.526 -3.0069 3.6424
0.527 -3.23289 3.7267
0.528 -3.44523 3.79946
0.529 -3.64307 3.86024
0.53 -3.82557 3.90865
0.531 -3.992 3.94433
0.532 -4.14165 3.96698
0.533 -4.27389 3.97635
0.534 -4.38818 3.97224
0.535 -4.48403 3.95449
0.536 -4.56102 3.92301
0.537 -4.61881 3.87775
0.538 -4.65716 3.81872
0.539 -4.67586 3.74597
0.54 -4.67482 3.65964
0.541 -4.65402 3.55988
0.542 -4.61352 3.44693
0.543 -4.55344 3.32106
0.544 -4.47401 3.18259
0.545 -4.37553 3.03192
0.546 -4.25836 2.86947
0.547 -4.12296 2.69572
0.548 -3.96986 2.51119
0.549 -3.79965 2.31647
0.55 -3.61301 2.11216
0.551 -3.41067 1.89893
0.552 -3.19344 1.67746
0.553 -2.9622 1.44848
0.554 -2.71785 1.21277
0.555 -2.4614 0.971122
0.556 -2.19388 0.724351
0.557 -1.91636 0.473309
0.558 -1.62997 0.218864
0.559 -1.33589 -0.0380957
0.56 -1.03531 -0.296668
0.561 -0.729467 -0.55594
0.562 -0.41961 -0.81499
0.563 -0.107016 -1.07289
0.564 0.207023 -1.32872
0.565 0.521207 -1.58155
0.566 0.834233 -1.83047
0.567 1.1448 -2.07457
0.568 1.4516 -2.31296
0.569 1.75335 -2.54476
0.57 2.04879 -2.76911
0.571 2.33667 -2.98519
0.572 2.61577 -3.1922
0.573 2.88489 -3.38936
0.574 3.14288 -3.57592
0.575 3.38864 -3.7512
0.576 3.6211 -3.91453
0.577 3.83925 -4.06529
0.578 4.04213 -4.2029
0.579 4.22884 -4.32684
0.58 4.39853 -4.43662
0.581 4.55045 -4.53184
0.582 4.68389 -4.6121
0.583 4.79821 -4.6771
0.584 4.89287 -4.72657
0.585 4.96739 -4.76031
0.586 5.02137 -4.77818
0.587 5.05449 -4.78009
0.588 5.06654 -4.76602
0.589 5.05734 -4.73601
0.59 5.02686 -4.69014
0.591 4.9751 -4.62858
0.592 4.90217 -4.55154
0.593 4.80827 -4.4593
0.594 4.69368 -4.35219
0.595 4.55876 -4.2306
0.596 4.40396 -4.09498
0.597 4.22979 -3.94582
0.598 4.03687 -3.78369
0.599 3.82587 -3.60919
0.6 3.59756 -3.42296
0.601 3.35275 -3.22571
0.602 3.09236 -3.01818
0.603 2.81733 -2.80114
0.604 2.52869 -2.57542
0.605 2.22752 -2.34188
0.606 1.91495 -2.10139
0.607 1.59216 -1.85486
0.608 1.26038 -1.60325
0.609 0.920869 -1.3475
0.61 0.574925 -1.08859
0.611 0.223876 -0.827514
0.612 -0.130926 -0.565267
0.613 -0.488114 -0.302856
0.614 -0.846306 -0.0412881
0.615 -1.20411 0.218432
0.616 -1.56014 0.475303
0.617 -1.913 0.728336
0.618 -2.26132 0.976554
0.619 -2.60373 1.219
0.62 -2.93889 1.45473
0.621 -3.26549 1.68283
0.622 -3.58223 1.90242
0.623 -3.88786 2.11264
0.624 -4.18119 2.31268
0.625 -4.46104 2.50175
0.626 -4.7263 2.67912
0.627 -4.97592 2.84408
0.628 -5.2089 2.99599
0.629 -5.42431 3.13426
0.63 -5.62129 3.25833
0.631 -5.79904 3.36771
0.632 -5.95684 3.46198
0.633 -6.09406 3.54073
0.634 -6.21013 3.60367
0.635 -6.30457 3.65053
0.636 -6.377 3.68112
0.637 -6.42711 3.69529
0.638 -6.45468 3.69299
0.639 -6.45958 3.6742
0.64 -6.44177 3.63898
0.641 -6.4013 3.58744
0.642 -6.33831 3.51979
0.643 -6.25303 3.43625
0.644 -6.14578 3.33713
0.645 -6.01696 3.22281
0.646 -5.86706 3.09371
0.647 -5.69667 2.95032
0.648 -5.50643 2.79316
0.649 -5.29708 2.62285
0.65 -5.06944 2.44001
0.651 -4.82439 2.24535
0.652 -4.56289 2.03959
0.653 -4.28595 1.82354
0.654 -3.99467 1.59799
0.655 -3.69019 1.36383
0.656 -3.3737 1.12193
0.657 -3.04644 0.873222
0.658 -2.70971 0.618657
0.659 -2.36482 0.359207
0.66 -2.01315 0.0958629
0.661 -1.65607 -0.170367
0.662 -1.29499 -0.438465
0.663 -0.93135 -0.707405
0.664 -0.566578 -0.976157
0.665 -0.202118 -1.24369
0.666 0.160587 -1.50899
0.667 0.520103 -1.77102
0.668 0.875005 -2.0288
0.669 1.22389 -2.28133
0.67 1.56537 -2.52765
0.671 1.8981 -2.76682
0.672 2.22075 -2.99791
0.673 2.53206 -3.22006
0.674 2.83078 -3.4324
0.675 3.11573 -3.63414
0.676 3.38578 -3.82449
0.677 3.63987 -4.00274
0.678 3.87699 -4.16822
0.679 4.09621 -4.32028
0.68 4.29665 -4.45836
0.681 4.47752 -4.58194
0.682 4.63813 -4.69055
0.683 4.77783 -4.78378
0.684 4.89608 -4.86129
0.685 4.99242 -4.92279
0.686 5.06649 -4.96806
0.687 5.11799 -4.99694
0.688 5.14674 -5.00933
0.689 5.15264 -5.0052
0.69 5.13569 -4.98457
0.691 5.09596 -4.94756
0.692 5.03365 -4.89431
0.693 4.94902 -4.82504
0.694 4.84243 -4.74004
0.695 4.71434 -4.63964
0.696 4.56527 -4.52427
0.697 4.39586 -4.39436
0.698 4.20681 -4.25045
0.699 3.9989 -4.09309
0.7 3.773 -3.92292
0.701 3.53004 -3.74059
0.702 3.27103 -3.54683
0.703 2.99705 -3.34239
0.704 2.70921 -3.12808
0.705 2.40873 -2.90472
0.706 2.09683 -2.67319
0.707 1.77481 -2.43438
0.708 1.44399 -2.18922
0.709 1.10576 -1.93867
0.71 0.761496 -1.68367
0.711 0.412636 -1.42523
0.712 0.0606214 -1.16433
0.713 -0.293089 -0.901963
0.714 -0.647029 -0.639141
0.715 -0.999731 -0.376865
0.716 -1.34973 -0.11613
0.717 -1.69557 0.142076
0.718 -2.03581 0.396778
0.719 -2.36904 0.647018
0.72 -2.69386 0.891859
0.721 -3.00893 1.13039
0.722 -3.31291 1.36172
0.723 -3.60453 1.585
0.724 -3.88258 1.79941
0.725 -4.14587 2.00417
0.726 -4.3933 2.19854
0.727 -4.62382 2.38183
0.728 -4.83644 2.55339
0.729 -5.03025 2.71261
0.73 -5.20443 2.85897
0.731 -5.35821 2.99195
0.732 -5.49093 3.11112
0.733 -5.60199 3.21612
0.734 -5.6909 3.3066
0.735 -5.75724 3.38232
0.736 -5.80069 3.44308
0.737 -5.82103 3.48873
0.738 -5.81812 3.51921
0.739 -5.79192 3.5345
0.74 -5.74249 3.53465
0.741 -5.66997 3.51978
0.742 -5.57462 3.49005
0.743 -5.45675 3.44571
0.744 -5.31681 3.38705
0.745 -5.1553 3.31441
0.746 -4.97284 3.22822
0.747 -4.77011 3.12894
0.748 -4.54789 3.01708
0.749 -4.30702 2.89322
0.75 -4.04844 2.75797
0.751 -3.77315 2.61199
0.752 -3.48221 2.456
0.753 -3.17677 2.29074
0.754 -2.85801 2.117
0.755 -2.52719 1.93558
0.756 -2.1856 1.74735
0.757 -1.83459 1.55317
0.758 -1.47553 1.35394
0.759 -1.10985 1.15059
0.76 -0.738983 0.944034
0.761 -0.364402 0.735228
0.762 0.012414 0.525121
0.763 0.389972 0.314668
0.764 0.766776 0.104824
0.765 1.14133 -0.103459
0.766 1.51215 -0.309238
0.767 1.87777 -0.511584
0.768 2.23673 -0.709582
0.769 2.5876 -0.902337
0.77 2.929 -1.08898
0.771 3.25956 -1.26866
0.772 3.57797 -1.44057
0.773 3.88297 -1.60394
0.774 4.17335 -1.75801
0.775 4.44795 -1.90209
0.776 4.70568 -2.03552
0.777 4.94553 -2.15768
0.778 5.16653 -2.26802
0.779 5.36782 -2.36603
0.78 5.54861 -2.45124
0.781 5.70817 -2.52325
0.782 5.84589 -2.58171
0.783 5.96123 -2.62634
0.784 6.05373 -2.65691
0.785 6.12305 -2.67324
0.786 6.16892 -2.67523
0.787 6.19118 -2.66284
0.788 6.18976 -2.63608
0.789 6.16468 -2.59502
0.79 6.11607 -2.53981
0.791 6.04414 -2.47065
0.792 5.9492 -2.38779
0.793 5.83167 -2.29156
0.794 5.69203 -2.18233
0.795 5.53089 -2.06054
0.796 5.34891 -1.92667
0.797 5.14686 -1.78127
0.798 4.92557 -1.62492
0.799 4.68598 -1.45826
0.8 4.42908 -1.28198
0.801 4.15593 -1.0968
0.802 3.86768 -0.903481
0.803 3.56551 -0.70283
0.804 3.25068 -0.495678
0.805 2.9245 -0.282888
0.806 2.58832 -0.0653484
0.807 2.24353 0.15603
0.808 1.89157 0.380318
0.809 1.53389 0.606573
0.81 1.17197 0.833841
0.811 0.807329 1.06116
0.812 0.441468 1.28757
0.813 0.075909 1.51211
0.814 -0.287829 1.73383
0.815 -0.648233 1.95177
0.816 -1.00381 2.16502
0.817 -1.35306 2.37264
0.818 -1.69456 2.57375
0.819 -2.02685 2.76748
0.82 -2.34857 2.953
0.821 -2.65837 3.12949
0.822 -2.95494 3.29618
0.823 -3.23705 3.45234
0.824 -3.50351 3.59729
0.825 -3.7532 3.73037
0.826 -3.98506 3.851
0.827 -4.19812 3.95862
0.828 -4.39147 4.05274
0.829 -4.56428 4.13293
0.83 -4.71582 4.1988
0.831 -4.84543 4.25002
0.832 -4.95255 4.28635
0.833 -5.0367 4.30757
0.834 -5.09751 4.31355
0.835 -5.13469 4.30422
0.836 -5.14806 4.27955
0.837 -5.13753 4.2396
0.838 -5.1031 4.18449
0.839 -5.0449 4.1144
0.84 -4.96312 4.02956
0.841 -4.85806 3.93028
0.842 -4.73013 3.81693
0.843 -4.57982 3.68991
0.844 -4.40771 3.54973
0.845 -4.21448 3.3969
0.846 -4.0009 3.23202
0.847 -3.76782 3.05574
0.848 -3.51615 2.86874
0.849 -3.24692 2.67176
0.85 -2.9612 2.46558
0.851 -2.66015 2.25101
0.852 -2.34497 2.02892
0.853 -2.01695 1.8002
0.854 -1.67741 1.56575
0.855 -1.32773 1.32654
0.856 -0.969328 1.08352
0.857 -0.603674 0.837685
0.858 -0.232255 0.590033
0.859 0.143409 0.341574
0.86 0.521781 0.0933255
0.861 0.901307 -0.153695
0.862 1.28043 -0.398471
0.863 1.65758 -0.639994
0.864 2.03122 -0.877264
0.865 2.39979 -1.1093
0.866 2.76177 -1.33513
0.867 3.11565 -1.55381
0.868 3.45997 -1.76444
0.869 3.79329 -1.96612
0.87 4.11422 -2.15801
0.871 4.42141 -2.33929
0.872 4.71356 -2.50919
0.873 4.98945 -2.66698
0.874 5.24791 -2.81198
0.875 5.48783 -2.94358
0.876 5.70818 -3.06118
0.877 5.90802 -3.16427
0.878 6.08647 -3.2524
0.879 6.24275 -3.32515
0.88 6.37617 -3.38219
0.881 6.4861 -3.42325
0.882 6.57206 -3.4481
0.883 6.63361 -3.45662
0.884 6.67044 -3.44871
0.885 6.68234 -3.42437
0.886 6.66917 -3.38365
0.887 6.63093 -3.32668
0.888 6.5677 -3.25363
0.889 6.47965 -3.16479
0.89 6.36707 -3.06045
0.891 6.23035 -2.94101
0.892 6.06996 -2.80692
0.893 5.88648 -2.65868
0.894 5.68058 -2.49687
0.895 5.45301 -2.32212
0.896 5.20464 -2.1351
0.897 4.93638 -1.93656
0.898 4.64925 -1.72727
0.899 4.34435 -1.50806
0.9 4.02283 -1.27982
0.901 3.68593 -1.04345
0.902 3.33495 -0.799894
0.903 2.97124 -0.550148
0.904 2.59619 -0.295218
0.905 2.21128 -0.0361395
0.906 1.81798 0.226031
0.907 1.41783 0.490221
0.908 1.0124 0.755345
0.909 0.603247 1.02031
0.91 0.191988 1.28402
0.911 -0.219775 1.54538
0.912 -0.630428 1.8033
0.913 -1.03836 2.0567
0.914 -1.44198 2.30451
0.915 -1.83969 2.54569
0.916 -2.22993 2.77921
0.917 -2.61118 3.00407
0.918 -2.98192 3.21931
0.919 -3.3407 3.42398
0.92 -3.68612 3.6172
0.921 -4.0168 3.79812
0.922 -4.33144 3.96592
0.923 -4.62881 4.11986
0.924 -4.90774 4.25922
0.925 -5.16712 4.38336
0.926 -5.40594 4.49168
0.927 -5.62325 4.58366
0.928 -5.81821 4.65882
0.929 -5.99004 4.71675
0.93 -6.13807 4.75713
0.931 -6.26172 4.77969
0.932 -6.36052 4.78421
0.933 -6.43408 4.77057
0.934 -6.48212 4.73872
0.935 -6.50446 4.68866
0.936 -6.50102 4.62047
0.937 -6.47183 4.53432
0.938 -6.41702 4.43042
0.939 -6.33683 4.30907
0.94 -6.23158 4.17063
0.941 -6.10171 4.01555
0.942 -5.94776 3.8443
0.943 -5.77036 3.65746
0.944 -5.57023 3.45565
0.945 -5.34819 3.23956
0.946 -5.10515 3.00993
0.947 -4.8421 2.76755
0.948 -4.5601 2.51327
0.949 -4.2603 2.24799
0.95 -3.94393 1.97265
0.951 -3.61227 1.68824
0.952 -3.26667 1.39577
0.953 -2.90853 1.0963
0.954 -2.53932 0.790912
0.955 -2.16053 0.480716
0.956 -1.77371 0.16684
0.957 -1.38042 -0.149567
0.958 -0.982282 -0.467347
0.959 -0.580903 -0.785332
0.96 -0.177922 -1.10235
0.961 0.225017 -1.41724
0.962 0.626272 -1.72884
0.963 1.0242 -2.03598
0.964 1.41719 -2.33754
0.965 1.80362 -2.6324
0.966 2.18191 -2.91947
0.967 2.55052 -3.19767
0.968 2.90794 -3.46597
0.969 3.25269 -3.72339
0.97 3.58336 -3.96896
0.971 3.89859 -4.20176
0.972 4.19708 -4.42095
0.973 4.47759 -4.62569
0.974 4.73897 -4.81524
0.975 4.98013 -4.98888
0.976 5.20006 -5.14599
0.977 5.39784 -5.28598
0.978 5.57263 -5.40833
0.979 5.72371 -5.5126
0.98 5.85042 -5.59841
0.981 5.95222 -5.66546
0.982 6.02865 -5.71351
0.983 6.07937 -5.74239
0.984 6.10413 -5.75201
0.985 6.10281 -5.74236
0.986 6.07535 -5.7135
0.987 6.02183 -5.66555
0.988 5.94243 -5.59873
0.989 5.83742 -5.5133
0.99 5.70718 -5.40961
0.991 5.5522 -5.28809
0.992 5.37306 -5.14921
0.993 5.17043 -4.99353
0.994 4.9451 -4.82166
0.995 4.69792 -4.63429
0.996 4.42985 -4.43215
0.997 4.14194 -4.21604
0.998 3.83529 -3.9868
0.999 3.5111 -3.74533
1 3.17063 -3.49257
