0.001 3.36076e-008 2.46111e-009
0.002 3.06605e-007 1.97685e-008
0.003 1.448e-006 8.20547e-008
0.004 4.80377e-006 2.40884e-007
0.005 1.27279e-005 5.71697e-007
0.006 2.88632e-005 1.17793e-006
0.007 5.84104e-005 2.19722e-006
0.008 0.000108381 3.8102e-006
0.009 0.000187835 6.25209e-006
0.01 0.000308094 9.82772e-006
0.011 0.000482941 1.493e-005
0.012 0.000728787 2.20622e-005
0.013 0.00106482 3.18647e-005
0.014 0.00151313 4.51454e-005
0.015 0.00209876 6.29149e-005
0.016 0.00284985 8.64261e-005
0.017 0.00379756 0.000117218
0.018 0.00497615 0.000157166
0.019 0.0064229 0.00020853
0.02 0.00817807 0.000274017
0.021 0.0102848 0.000356839
0.022 0.0127888 0.000460777
0.023 0.0157387 0.00059025
0.024 0.0191851 0.000750387
0.025 0.0231809 0.000947097
0.026 0.027781 0.00118715
0.027 0.0330416 0.00147824
0.028 0.0390204 0.00182908
0.029 0.0457759 0.00224948
0.03 0.0533671 0.0027504
0.031 0.0618532 0.00334404
0.032 0.0712933 0.00404393
0.033 0.0817454 0.00486497
0.034 0.0932667 0.00582353
0.035 0.105913 0.00693748
0.036 0.119737 0.00822625
0.037 0.13479 0.00971093
0.038 0.15112 0.0114142
0.039 0.168771 0.0133606
0.04 0.187783 0.0155763
0.041 0.208193 0.0180891
0.042 0.23003 0.0209287
0.043 0.253321 0.0241265
0.044 0.278086 0.0277158
0.045 0.304336 0.0317313
0.046 0.332081 0.0362096
0.047 0.361318 0.0411888
0.048 0.39204 0.0467087
0.049 0.424232 0.0528102
0.05 0.45787 0.059536
0.051 0.492923 0.0669298
0.052 0.529351 0.0750365
0.053 0.567104 0.0839018
0.054 0.606126 0.0935725
0.055 0.646349 0.104096
0.056 0.6877 0.115519
0.057 0.730093 0.127891
0.058 0.773436 0.14126
0.059 0.817627 0.155672
0.06 0.862557 0.171176
0.061 0.908106 0.187818
0.062 0.954148 0.205644
0.063 1.00055 0.224698
0.064 1.04717 0.245023
0.065 1.09386 0.266659
0.066 1.14046 0.289647
0.067 1.18682 0.314021
0.068 1.23276 0.339815
0.069 1.27812 0.367061
0.07 1.32272 0.395784
0.071 1.36638 0.426008
0.072 1.40892 0.457751
0.073 1.45016 0.491029
0.074 1.48991 0.525851
0.075 1.52799 0.562223
0.076 1.56421 0.600143
0.077 1.59839 0.639605
0.078 1.63036 0.680597
0.079 1.65992 0.723101
0.08 1.68692 0.767093
0.081 1.71117 0.81254
0.082 1.73252 0.859405
0.083 1.75082 0.907642
0.084 1.7659 0.957199
0.085 1.77765 1.00802
0.086 1.78591 1.06003
0.087 1.79059 1.11315
0.088 1.79156 1.16731
0.089 1.78873 1.22242
0.09 1.78201 1.27837
0.091 1.77134 1.33507
0.092 1.75667 1.39239
0.093 1.73794 1.45022
0.094 1.71513 1.50843
0.095 1.68823 1.56689
0.096 1.65725 1.62545
0.097 1.6222 1.68397
0.098 1.58313 1.74229
0.099 1.54009 1.80024
0.1 1.49316 1.85768
0.101 1.44242 1.91441
0.102 1.38798 1.97027
0.103 1.32997 2.02508
0.104 1.26853 2.07865
0.105 1.20382 2.1308
0.106 1.13601 2.18133
0.107 1.06529 2.23005
0.108 0.991878 2.27677
0.109 0.915986 2.3213
0.11 0.837854 2.36343
0.111 0.757732 2.40299
0.112 0.675885 2.43976
0.113 0.592588 2.47357
0.114 0.508127 2.50422
0.115 0.4228 2.53154
0.116 0.336912 2.55534
0.117 0.250779 2.57545
0.118 0.164722 2.5917
0.119 0.079066 2.60393
0.12 -0.00585656 2.61198
0.121 -0.0897121 2.61571
0.122 -0.172165 2.61499
0.123 -0.252879 2.60968
0.124 -0.331519 2.59968
0.125 -0.407754 2.58487
0.126 -0.481255 2.56516
0.127 -0.5517 2.54048
0.128 -0.618773 2.51076
0.129 -0.682167 2.47595
0.13 -0.741584 2.436
0.131 -0.79674 2.3909
0.132 -0.84736 2.34064
0.133 -0.893187 2.28522
0.134 -0.933975 2.22468
0.135 -0.969499 2.15905
0.136 -0.999549 2.08839
0.137 -1.02394 2.01277
0.138 -1.04249 1.9323
0.139 -1.05506 1.84707
0.14 -1.06153 1.75722
0.141 -1.06179 1.6629
0.142 -1.05576 1.56426
0.143 -1.04339 1.46148
0.144 -1.02465 1.35476
0.145 -0.999535 1.24431
0.146 -0.968072 1.13036
0.147 -0.930311 1.01316
0.148 -0.886327 0.892959
0.149 -0.836227 0.770039
0.15 -0.78014 0.644685
0.151 -0.718224 0.5172
0.152 -0.650663 0.387896
0.153 -0.577669 0.2571
0.154 -0.499476 0.125147
0.155 -0.416347 -0.00761541
0.156 -0.328568 -0.140834
0.157 -0.236446 -0.274145
0.158 -0.140315 -0.407181
0.159 -0.0405274 -0.539566
0.16 0.0625423 -0.670923
0.161 0.168501 -0.800868
0.162 0.276938 -0.92902
0.163 0.387425 -1.05499
0.164 0.499521 -1.17841
0.165 0.612769 -1.29888
0.166 0.726703 -1.41603
0.167 0.840845 -1.5295
0.168 0.95471 -1.63891
0.169 1.06781 -1.7439
0.17 1.17964 -1.84413
0.171 1.28971 -1.93927
0.172 1.39753 -2.02897
0.173 1.50259 -2.11294
0.174 1.6044 -2.19087
0.175 1.70248 -2.26248
0.176 1.79635 -2.32751
0.177 1.88554 -2.38569
0.178 1.96959 -2.43682
0.179 2.04807 -2.48068
0.18 2.12055 -2.51707
0.181 2.18661 -2.54585
0.182 2.24588 -2.56686
0.183 2.29798 -2.57999
0.184 2.34258 -2.58515
0.185 2.37935 -2.58228
0.186 2.40801 -2.57132
0.187 2.4283 -2.55227
0.188 2.43997 -2.52513
0.189 2.44284 -2.48996
0.19 2.43673 -2.44681
0.191 2.4215 -2.39578
0.192 2.39706 -2.337
0.193 2.36334 -2.27061
0.194 2.32031 -2.19679
0.195 2.26797 -2.11574
0.196 2.20636 -2.02771
0.197 2.13557 -1.93293
0.198 2.05571 -1.8317
0.199 1.96693 -1.72433
0.2 1.86943 -1.61114
0.201 1.76343 -1.49249
0.202 1.64919 -1.36876
0.203 1.52701 -1.24034
0.204 1.39723 -1.10765
0.205 1.2602 -0.971135
0.206 1.11633 -0.831238
0.207 0.966041 -0.688431
0.208 0.809798 -0.543198
0.209 0.648086 -0.396037
0.21 0.481419 -0.247453
0.211 0.310335 -0.0979653
0.212 0.135396 0.0519026
0.213 -0.0428151 0.20162
0.214 -0.223698 0.350652
0.215 -0.406635 0.498461
0.216 -0.590993 0.64451
0.217 -0.776129 0.788264
0.218 -0.961389 0.929191
0.219 -1.14611 1.06676
0.22 -1.32963 1.20046
0.221 -1.51129 1.32977
0.222 -1.69041 1.4542
0.223 -1.86633 1.57326
0.224 -2.0384 1.68648
0.225 -2.20597 1.79341
0.226 -2.3684 1.8936
0.227 -2.52507 1.98665
0.228 -2.67537 2.07215
0.229 -2.81873 2.14975
0.23 -2.95457 2.21908
0.231 -3.08235 2.27984
0.232 -3.20155 2.33174
0.233 -3.3117 2.3745
0.234 -3.41234 2.4079
0.235 -3.50304 2.43174
0.236 -3.58343 2.44584
0.237 -3.65313 2.45008
0.238 -3.71186 2.44435
0.239 -3.75932 2.42857
0.24 -3.7953 2.40273
0.241 -3.81959 2.36682
0.242 -3.83207 2.32088
0.243 -3.83261 2.26498
0.244 -3.82118 2.19923
0.245 -3.79776 2.12377
0.246 -3.76238 2.03879
0.247 -3.71512 1.9445
0.248 -3.65612 1.84115
0.249 -3.58555 1.72901
0.25 -3.50363 1.60841
0.251 -3.41062 1.47969
0.252 -3.30683 1.34322
0.253 -3.19261 1.19942
0.254 -3.06837 1.04871
0.255 -2.93453 0.891554
0.256 -2.79158 0.728445
0.257 -2.64002 0.559889
0.258 -2.4804 0.386419
0.259 -2.31332 0.208586
0.26 -2.13938 0.0269603
0.261 -1.95923 -0.157871
0.262 -1.77355 -0.345306
0.263 -1.58303 -0.534734
0.264 -1.3884 -0.725531
0.265 -1.19038 -0.917066
0.266 -0.989755 -1.1087
0.267 -0.787278 -1.2998
0.268 -0.583736 -1.48972
0.269 -0.379917 -1.67783
0.27 -0.176617 -1.86348
0.271 0.0253682 -2.04606
0.272 0.225245 -2.22493
0.273 0.422222 -2.39949
0.274 0.61552 -2.56914
0.275 0.804366 -2.7333
0.276 0.988005 -2.8914
0.277 1.1657 -3.0429
0.278 1.33672 -3.18728
0.279 1.50039 -3.32402
0.28 1.65602 -3.45267
0.281 1.80299 -3.57277
0.282 1.94067 -3.6839
0.283 2.0685 -3.78568
0.284 2.18594 -3.87774
0.285 2.2925 -3.95976
0.286 2.3877 -4.03146
0.287 2.47115 -4.09258
0.288 2.54247 -4.14291
0.289 2.60135 -4.18226
0.29 2.6475 -4.21051
0.291 2.68071 -4.22754
0.292 2.70081 -4.2333
0.293 2.70767 -4.22777
0.294 2.70122 -4.21096
0.295 2.68146 -4.18293
0.296 2.64842 -4.14379
0.297 2.60219 -4.09367
0.298 2.54293 -4.03275
0.299 2.47082 -3.96124
0.3 2.38613 -3.87939
0.301 2.28915 -3.78751
0.302 2.18024 -3.6859
0.303 2.0598 -3.57494
0.304 1.92829 -3.45501
0.305 1.78619 -3.32655
0.306 1.63407 -3.19001
0.307 1.47249 -3.04587
0.308 1.30209 -2.89465
0.309 1.12354 -2.73687
0.31 0.937525 -2.57311
0.311 0.744789 -2.40393
0.312 0.546094 -2.22995
0.313 0.342229 -2.05177
0.314 0.134012 -1.87002
0.315 -0.0777226 -1.68534
0.316 -0.29212 -1.49839
0.317 -0.508312 -1.30981
0.318 -0.725418 -1.12028
0.319 -0.942553 -0.930448
0.32 -1.15882 -0.740983
0.321 -1.37334 -0.552542
0.322 -1.58522 -0.365778
0.323 -1.79357 -0.181335
0.324 -1.99754 0.000153611
0.325 -2.19625 0.178066
0.326 -2.38887 0.351798
0.327 -2.57459 0.520763
0.328 -2.75261 0.684392
0.329 -2.92216 0.842143
0.33 -3.08252 0.993493
0.331 -3.23297 1.13795
0.332 -3.37286 1.27505
0.333 -3.50157 1.40435
0.334 -3.6185 1.52546
0.335 -3.72313 1.63799
0.336 -3.81496 1.74162
0.337 -3.89355 1.83605
0.338 -3.95852 1.92101
0.339 -4.00954 1.99627
0.34 -4.04631 2.06166
0.341 -4.06863 2.11702
0.342 -4.07631 2.16226
0.343 -4.06925 2.19729
0.344 -4.04741 2.22211
0.345 -4.01079 2.23672
0.346 -3.95945 2.24117
0.347 -3.89353 2.23558
0.348 -3.81321 2.22007
0.349 -3.71875 2.19482
0.35 -3.61043 2.16004
0.351 -3.48862 2.11599
0.352 -3.35374 2.06295
0.353 -3.20625 2.00125
0.354 -3.04668 1.93124
0.355 -2.87559 1.85332
0.356 -2.6936 1.7679
0.357 -2.50138 1.67543
0.358 -2.29963 1.5764
0.359 -2.08911 1.4713
0.36 -1.8706 1.36066
0.361 -1.64491 1.24503
0.362 -1.41291 1.12496
0.363 -1.17546 1.00105
0.364 -0.933475 0.873879
0.365 -0.687874 0.744064
0.366 -0.4396 0.612216
0.367 -0.189605 0.478959
0.368 0.0611454 0.344917
0.369 0.311683 0.210717
0.37 0.561036 0.0769845
0.371 0.808237 -0.0556584
0.372 1.05232 -0.186597
0.373 1.29234 -0.315226
0.374 1.52736 -0.440951
0.375 1.75645 -0.563191
0.376 1.97872 -0.681384
0.377 2.1933 -0.794984
0.378 2.39933 -0.903468
0.379 2.59603 -1.00633
0.38 2.7826 -1.10311
0.381 2.95831 -1.19335
0.382 3.12247 -1.27663
0.383 3.27444 -1.35256
0.384 3.41361 -1.42079
0.385 3.53944 -1.48101
0.386 3.65144 -1.53291
0.387 3.74916 -1.57627
0.388 3.83222 -1.61085
0.389 3.9003 -1.6365
0.39 3.95313 -1.65308
0.391 3.99052 -1.66049
0.392 4.01233 -1.65868
0.393 4.01849 -1.64765
0.394 4.00898 -1.62741
0.395 3.98385 -1.59803
0.396 3.94324 -1.55963
0.397 3.88731 -1.51235
0.398 3.81631 -1.45637
0.399 3.73056 -1.39193
0.4 3.63042 -1.31929
0.401 3.51632 -1.23874
0.402 3.38874 -1.15061
0.403 3.24824 -1.05529
0.404 3.0954 -0.953155
0.405 2.93089 -0.844647
0.406 2.75539 -0.730221
0.407 2.56967 -0.610362
0.408 2.3745 -0.485577
0.409 2.17072 -0.3564
0.41 1.9592 -0.22338
0.411 1.74085 -0.0870879
0.412 1.51659 0.0518935
0.413 1.28738 0.192967
0.414 1.05421 0.335525
0.415 0.818085 0.478953
0.416 0.580013 0.622632
0.417 0.341021 0.765938
0.418 0.102142 0.908252
0.419 -0.135589 1.04896
0.42 -0.371141 1.18743
0.421 -0.603489 1.32308
0.422 -0.831618 1.45531
0.423 -1.05453 1.58354
0.424 -1.27124 1.70721
0.425 -1.4808 1.82577
0.426 -1.68228 1.9387
0.427 -1.87478 2.04549
0.428 -2.05744 2.14568
0.429 -2.22943 2.23882
0.43 -2.38997 2.3245
0.431 -2.53833 2.40232
0.432 -2.67383 2.47193
0.433 -2.79582 2.53303
0.434 -2.90373 2.58533
0.435 -2.99704 2.62858
0.436 -3.07529 2.66259
0.437 -3.13807 2.68719
0.438 -3.18505 2.70226
0.439 -3.21595 2.70772
0.44 -3.23057 2.70352
0.441 -3.22878 2.68969
0.442 -3.21051 2.66625
0.443 -3.17575 2.6333
0.444 -3.12457 2.59098
0.445 -3.05712 2.53944
0.446 -2.9736 2.47891
0.447 -2.87428 2.40964
0.448 -2.75952 2.33192
0.449 -2.62971 2.24608
0.45 -2.48533 2.1525
0.451 -2.32692 2.05157
0.452 -2.15507 1.94374
0.453 -1.97044 1.82948
0.454 -1.77375 1.70928
0.455 -1.56575 1.58367
0.456 -1.34726 1.45322
0.457 -1.11914 1.31849
0.458 -0.882302 1.18009
0.459 -0.63769 1.03864
0.46 -0.386286 0.89478
0.461 -0.129104 0.749147
0.462 0.132812 0.602407
0.463 0.398394 0.455228
0.464 0.666557 0.308283
0.465 0.936197 0.162248
0.466 1.2062 0.0177985
0.467 1.47545 -0.124394
0.468 1.74282 -0.263664
0.469 2.00719 -0.399354
0.47 2.26746 -0.530822
0.471 2.52253 -0.657437
0.472 2.7713 -0.778588
0.473 3.01273 -0.893684
0.474 3.24578 -1.00216
0.475 3.46943 -1.10346
0.476 3.68273 -1.19709
0.477 3.88473 -1.28256
0.478 4.07455 -1.35941
0.479 4.25134 -1.42723
0.48 4.41431 -1.48564
0.481 4.56273 -1.5343
0.482 4.69589 -1.5729
0.483 4.81318 -1.6012
0.484 4.91404 -1.61898
0.485 4.99796 -1.62606
0.486 5.06452 -1.62232
0.487 5.11336 -1.60767
0.488 5.14418 -1.5821
0.489 5.15676 -1.54561
0.49 5.15097 -1.49826
0.491 5.12672 -1.44017
0.492 5.08402 -1.37149
0.493 5.02296 -1.29243
0.494 4.94367 -1.20323
0.495 4.8464 -1.1042
0.496 4.73145 -0.995669
0.497 4.59918 -0.87803
0.498 4.45005 -0.751707
0.499 4.28458 -0.617168
0.5 4.10334 -0.474919
0.501 3.90699 -0.325506
0.502 3.69625 -0.169507
0.503 3.47189 -0.00753483
0.504 3.23474 0.159768
0.505 2.9857 0.331731
0.506 2.7257 0.507656
0.507 2.45572 0.686824
0.508 2.17681 0.868495
0.509 1.89003 1.05191
0.51 1.59649 1.23631
0.511 1.29733 1.42089
0.512 0.993699 1.60488
0.513 0.686799 1.78748
0.514 0.377827 1.9679
0.515 0.0679994 2.14533
0.516 -0.241462 2.31899
0.517 -0.549332 2.4881
0.518 -0.854389 2.6519
0.519 -1.15542 2.80961
0.52 -1.45121 2.96052
0.521 -1.74059 3.10391
0.522 -2.0224 3.23907
0.523 -2.29549 3.36536
0.524 -2.55876 3.48213
0.525 -2.81115 3.58879
0.526 -3.05163 3.68477
0.527 -3.27921 3.76955
0.528 -3.49298 3.84263
0.529 -3.69204 3.90357
0.53 -3.87559 3.95197
0.531 -4.04284 3.98748
0.532 -4.19313 4.0098
0.533 -4.3258 4.01866
0.534 -4.4403 4.01386
0.535 -4.53614 3.99526
0.536 -4.61291 3.96276
0.537 -4.67027 3.9163
0.538 -4.70796 3.85591
0.539 -4.7258 3.78163
0.54 -4.72369 3.69361
0.541 -4.7016 3.592
0.542 -4.65961 3.47703
0.543 -4.59784 3.349
0.544 -4.51653 3.20824
0.545 -4.41597 3.05512
0.546 -4.29655 2.8901
0.547 -4.15873 2.71365
0.548 -4.00304 2.52632
0.549 -3.83009 2.32868
0.55 -3.64057 2.12136
0.551 -3.43522 1.90503
0.552 -3.21486 1.68038
0.553 -2.98037 1.44817
0.554 -2.73269 1.20917
0.555 -2.47283 0.964179
0.556 -2.20182 0.71404
0.557 -1.92076 0.45961
0.558 -1.6308 0.201772
0.559 -1.33312 -0.0585755
0.56 -1.02893 -0.320518
0.561 -0.719485 -0.583128
0.562 -0.406047 -0.845473
0.563 -0.0899091 -1.10662
0.564 0.227622 -1.36561
0.565 0.545232 -1.62154
0.566 0.861601 -1.87345
0.567 1.17541 -2.12044
0.568 1.48535 -2.3616
0.569 1.79012 -2.59605
0.57 2.08844 -2.82291
0.571 2.37904 -3.04135
0.572 2.66069 -3.25055
0.573 2.93219 -3.44974
0.574 3.19239 -3.63816
0.575 3.44015 -3.8151
0.576 3.6744 -3.9799
0.577 3.89413 -4.13193
0.578 4.09835 -4.2706
0.579 4.28618 -4.39538
0.58 4.45676 -4.5058
0.581 4.60931 -4.60142
0.582 4.74313 -4.68187
0.583 4.85759 -4.74682
0.584 4.95213 -4.79602
0.585 5.02628 -4.82926
0.586 5.07962 -4.84639
0.587 5.11186 -4.84734
0.588 5.12276 -4.83207
0.589 5.11218 -4.80064
0.59 5.08005 -4.75314
0.591 5.0264 -4.68972
0.592 4.95135 -4.61062
0.593 4.8551 -4.51611
0.594 4.73794 -4.40653
0.595 4.60023 -4.28229
0.596 4.44243 -4.14383
0.597 4.26507 -3.99167
0.598 4.06878 -3.82636
0.599 3.85424 -3.64854
0.6 3.62223 -3.45885
0.601 3.37359 -3.25801
0.602 3.10923 -3.04676
0.603 2.83012 -2.82592
0.604 2.5373 -2.5963
0.605 2.23186 -2.35878
0.606 1.91497 -2.11425
0.607 1.5878 -1.86365
0.608 1.25161 -1.60792
0.609 0.907679 -1.34804
0.61 0.557317 -1.085
0.611 0.201872 -0.819802
0.612 -0.157289 -0.553466
0.613 -0.518779 -0.287009
0.614 -0.881197 -0.0214542
0.615 -1.24314 0.242178
0.616 -1.60319 0.502873
0.617 -1.95996 0.759626
0.618 -2.31204 1.01145
0.619 -2.65806 1.25736
0.62 -2.99665 1.49642
0.621 -3.32649 1.72769
0.622 -3.64628 1.95028
0.623 -3.95475 2.16332
0.624 -4.25068 2.36598
0.625 -4.53289 2.55747
0.626 -4.80028 2.73705
0.627 -5.05176 2.904
0.628 -5.28633 3.05767
0.629 -5.50307 3.19746
0.63 -5.70108 3.3228
0.631 -5.87958 3.43322
0.632 -6.03785 3.52825
0.633 -6.17523 3.60753
0.634 -6.29118 3.67073
0.635 -6.3852 3.71758
0.636 -6.45691 3.7479
0.637 -6.506 3.76155
0.638 -6.53227 3.75846
0.639 -6.53557 3.73862
0.64 -6.51588 3.7021
0.641 -6.47326 3.64902
0.642 -6.40784 3.57956
0.643 -6.31988 3.49399
0.644 -6.20969 3.39261
0.645 -6.0777 3.27579
0.646 -5.9244 3.14399
0.647 -5.75039 2.99768
0.648 -5.55633 2.83742
0.649 -5.34297 2.66381
0.65 -5.11115 2.47751
0.651 -4.86176 2.27922
0.652 -4.59578 2.0697
0.653 -4.31424 1.84974
0.654 -4.01826 1.62018
0.655 -3.70898 1.38189
0.656 -3.38763 1.13578
0.657 -3.05547 0.882798
0.658 -2.7138 0.623897
0.659 -2.36397 0.360072
0.66 -2.00736 0.0923298
0.661 -1.64538 -0.178305
0.662 -1.27945 -0.450798
0.663 -0.911028 -0.724106
0.664 -0.541562 -0.997184
0.665 -0.172516 -1.26899
0.666 0.19465 -1.53847
0.667 0.558481 -1.80461
0.668 0.917536 -2.06638
0.669 1.27039 -2.32278
0.67 1.61565 -2.57284
0.671 1.95195 -2.81559
0.672 2.27794 -3.05011
0.673 2.59235 -3.2755
0.674 2.89392 -3.4909
0.675 3.18145 -3.69549
0.676 3.45381 -3.88849
0.677 3.70993 -4.06917
0.678 3.94877 -4.23683
0.679 4.16941 -4.39085
0.68 4.37097 -4.53064
0.681 4.55265 -4.65568
0.682 4.71374 -4.76548
0.683 4.85361 -4.85965
0.684 4.97171 -4.93784
0.685 5.06758 -4.99974
0.686 5.14085 -5.04515
0.687 5.19125 -5.0739
0.688 5.21858 -5.08589
0.689 5.22276 -5.08109
0.69 5.20378 -5.05954
0.691 5.16174 -5.02134
0.692 5.09682 -4.96664
0.693 5.00932 -4.89568
0.694 4.8996 -4.80874
0.695 4.76812 -4.70618
0.696 4.61544 -4.58841
0.697 4.44219 -4.45589
0.698 4.24909 -4.30916
0.699 4.03695 -4.14879
0.7 3.80665 -3.97542
0.701 3.55914 -3.78973
0.702 3.29544 -3.59245
0.703 3.01665 -3.38434
0.704 2.72393 -3.16623
0.705 2.41847 -2.93896
0.706 2.10154 -2.70342
0.707 1.77447 -2.46053
0.708 1.43858 -2.21121
0.709 1.09529 -1.95645
0.71 0.746 -1.69721
0.711 0.392165 -1.4345
0.712 0.0352495 -1.16933
0.713 -0.323268 -0.902715
0.714 -0.6819 -0.635672
0.715 -1.03916 -0.369219
0.716 -1.39356 -0.104369
0.717 -1.74363 0.157873
0.718 -2.08791 0.416519
0.719 -2.42497 0.670596
0.72 -2.75339 0.919151
0.721 -3.07182 1.16126
0.722 -3.3789 1.39602
0.723 -3.67336 1.62257
0.724 -3.95396 1.84008
0.725 -4.2195 2.04775
0.726 -4.46888 2.24485
0.727 -4.70103 2.43065
0.728 -4.91496 2.60451
0.729 -5.10976 2.76583
0.73 -5.28459 2.91404
0.731 -5.43868 3.04864
0.732 -5.57136 3.16921
0.733 -5.68205 3.27535
0.734 -5.77024 3.36674
0.735 -5.83553 3.44313
0.736 -5.87759 3.5043
0.737 -5.89621 3.55012
0.738 -5.89125 3.58053
0.739 -5.86268 3.5955
0.74 -5.81057 3.5951
0.741 -5.73508 3.57944
0.742 -5.63646 3.5487
0.743 -5.51506 3.50312
0.744 -5.37131 3.44301
0.745 -5.20576 3.36872
0.746 -5.01901 3.28067
0.747 -4.81179 3.17934
0.748 -4.58487 3.06526
0.749 -4.33913 2.93901
0.75 -4.07553 2.80122
0.751 -3.79507 2.65256
0.752 -3.49885 2.49375
0.753 -3.18803 2.32557
0.754 -2.86382 2.14879
0.755 -2.5275 1.96426
0.756 -2.18038 1.77284
0.757 -1.82383 1.57542
0.758 -1.45925 1.37291
0.759 -1.08809 1.16625
0.76 -0.711803 0.956376
0.761 -0.331889 0.744255
0.762 0.0501531 0.530854
0.763 0.432808 0.317142
0.764 0.814559 0.104091
0.765 1.19389 -0.107334
0.766 1.5693 -0.316176
0.767 1.93929 -0.52149
0.768 2.30239 -0.722348
0.769 2.65716 -0.917842
0.77 3.00219 -1.10709
0.771 3.33611 -1.28923
0.772 3.65758 -1.46345
0.773 3.96534 -1.62895
0.774 4.25815 -1.78499
0.775 4.53485 -1.93084
0.776 4.79435 -2.06585
0.777 5.03561 -2.1894
0.778 5.25768 -2.30092
0.779 5.45968 -2.39989
0.78 5.64081 -2.48584
0.781 5.80035 -2.55838
0.782 5.93769 -2.61715
0.783 6.05227 -2.66186
0.784 6.14366 -2.69229
0.785 6.21151 -2.70826
0.786 6.25556 -2.70966
0.787 6.27566 -2.69647
0.788 6.27173 -2.66869
0.789 6.24382 -2.62641
0.79 6.19205 -2.56977
0.791 6.11667 -2.49898
0.792 6.018 -2.4143
0.793 5.89645 -2.31608
0.794 5.75255 -2.20468
0.795 5.58689 -2.08056
0.796 5.40018 -1.94422
0.797 5.19319 -1.7962
0.798 4.96679 -1.6371
0.799 4.72193 -1.46759
0.8 4.45961 -1.28835
0.801 4.18093 -1.10013
0.802 3.88706 -0.903699
0.803 3.5792 -0.699878
0.804 3.25864 -0.489516
0.805 2.9267 -0.27349
0.806 2.58477 -0.0527035
0.807 2.23426 0.171916
0.808 1.87663 0.399425
0.809 1.51336 0.628864
0.81 1.14595 0.859264
0.811 0.775946 1.08965
0.812 0.40487 1.31904
0.813 0.0342661 1.54647
0.814 -0.334323 1.77096
0.815 -0.699365 1.99155
0.816 -1.05934 2.2073
0.817 -1.41275 2.41728
0.818 -1.75811 2.62058
0.819 -2.094 2.81633
0.82 -2.419 3.00367
0.821 -2.73175 3.1818
0.822 -3.03095 3.34992
0.823 -3.31533 3.50729
0.824 -3.58371 3.65323
0.825 -3.83495 3.78708
0.826 -4.06798 3.90823
0.827 -4.28184 4.01615
0.828 -4.47559 4.11032
0.829 -4.64842 4.19031
0.83 -4.79959 4.25574
0.831 -4.92844 4.30629
0.832 -5.0344 4.34169
0.833 -5.11701 4.36174
0.834 -5.17591 4.36631
0.835 -5.2108 4.35533
0.836 -5.22151 4.32879
0.837 -5.20797 4.28676
0.838 -5.17019 4.22934
0.839 -5.1083 4.15673
0.84 -5.02251 4.06918
0.841 -4.91315 3.967
0.842 -4.78064 3.85056
0.843 -4.62547 3.72031
0.844 -4.44827 3.57673
0.845 -4.24972 3.42038
0.846 -4.03062 3.25185
0.847 -3.79183 3.07181
0.848 -3.53431 2.88096
0.849 -3.25908 2.68005
0.85 -2.96727 2.46988
0.851 -2.66003 2.25129
0.852 -2.33861 2.02514
0.853 -2.00432 1.79235
0.854 -1.65851 1.55386
0.855 -1.30257 1.31062
0.856 -0.937978 1.06362
0.857 -0.5662 0.813868
0.858 -0.188761 0.562379
0.859 0.192794 0.310182
0.86 0.576902 0.0583091
0.861 0.961986 -0.192204
0.862 1.34646 -0.440325
0.863 1.72874 -0.685029
0.864 2.10725 -0.925301
0.865 2.48043 -1.16014
0.866 2.84672 -1.38858
0.867 3.2046 -1.60965
0.868 3.55259 -1.82243
0.869 3.88923 -2.02602
0.87 4.21311 -2.21956
0.871 4.52287 -2.40223
0.872 4.81721 -2.57325
0.873 5.09489 -2.73188
0.874 5.35471 -2.87745
0.875 5.59558 -3.00931
0.876 5.81646 -3.12689
0.877 6.01639 -3.22967
0.878 6.1945 -3.31718
0.879 6.35 -3.38903
0.88 6.48221 -3.44487
0.881 6.59051 -3.48442
0.882 6.67439 -3.5075
0.883 6.73346 -3.51394
0.884 6.76739 -3.50369
0.885 6.77598 -3.47673
0.886 6.75912 -3.43314
0.887 6.7168 -3.37303
0.888 6.64913 -3.29662
0.889 6.55629 -3.20418
0.89 6.4386 -3.09603
0.891 6.29645 -2.97257
0.892 6.13035 -2.83428
0.893 5.94088 -2.68167
0.894 5.72874 -2.51534
0.895 5.49473 -2.33592
0.896 5.2397 -2.14413
0.897 4.96462 -1.9407
0.898 4.67052 -1.72645
0.899 4.35854 -1.50222
0.9 4.02985 -1.26892
0.901 3.68573 -1.02746
0.902 3.32748 -0.778835
0.903 2.95651 -0.524032
0.904 2.57423 -0.264089
0.905 2.18213 -6.06758e-005
0.906 1.78174 0.266974
0.907 1.37461 0.535922
0.908 0.962338 0.805678
0.909 0.546524 1.07513
0.91 0.128796 1.34316
0.911 -0.28921 1.60866
0.912 -0.705856 1.87051
0.913 -1.11951 2.12762
0.914 -1.52854 2.3789
0.915 -1.93135 2.6233
0.916 -2.32635 2.85976
0.917 -2.71198 3.08729
0.918 -3.08673 3.30489
0.919 -3.44912 3.51162
0.92 -3.79772 3.70658
0.921 -4.13117 3.8889
0.922 -4.44813 4.05777
0.923 -4.74737 4.21242
0.924 -5.02771 4.35215
0.925 -5.28803 4.4763
0.926 -5.52732 4.58427
0.927 -5.74462 4.67553
0.928 -5.93909 4.74961
0.929 -6.10996 4.80611
0.93 -6.25655 4.84469
0.931 -6.37831 4.86508
0.932 -6.47474 4.8671
0.933 -6.54548 4.85062
0.934 -6.59025 4.81558
0.935 -6.6089 4.76201
0.936 -6.60135 4.69
0.937 -6.56764 4.59971
0.938 -6.50794 4.49139
0.939 -6.42248 4.36535
0.94 -6.31163 4.22195
0.941 -6.17583 4.06167
0.942 -6.01566 3.88499
0.943 -5.83175 3.69252
0.944 -5.62487 3.48489
0.945 -5.39587 3.26282
0.946 -5.14566 3.02705
0.947 -4.87527 2.77841
0.948 -4.58581 2.51778
0.949 -4.27844 2.24606
0.95 -3.95443 1.96423
0.951 -3.61508 1.6733
0.952 -3.26178 1.3743
0.953 -2.89597 1.06832
0.954 -2.51913 0.756459
0.955 -2.1328 0.439855
0.956 -1.73855 0.119662
0.957 -1.33798 -0.20295
0.958 -0.932724 -0.526799
0.959 -0.524438 -0.850694
0.96 -0.114784 -1.17344
0.961 0.294569 -1.49386
0.962 0.701948 -1.81075
0.963 1.10569 -2.12296
0.964 1.50415 -2.42931
0.965 1.89569 -2.72868
0.966 2.27871 -3.01995
0.967 2.65164 -3.30205
0.968 3.01296 -3.57392
0.969 3.36117 -3.83455
0.97 3.69485 -4.08297
0.971 4.01262 -4.31827
0.972 4.31316 -4.53956
0.973 4.59524 -4.74602
0.974 4.85769 -4.93689
0.975 5.09941 -5.11145
0.976 5.31939 -5.26907
0.977 5.51672 -5.40916
0.978 5.69056 -5.53121
0.979 5.84017 -5.63477
0.98 5.96491 -5.71946
0.981 6.06424 -5.78498
0.982 6.13772 -5.8311
0.983 6.18501 -5.85767
0.984 6.20589 -5.86459
0.985 6.20022 -5.85187
0.986 6.16799 -5.81957
0.987 6.10929 -5.76783
0.988 6.02431 -5.69688
0.989 5.91335 -5.607
0.99 5.77681 -5.49856
0.991 5.6152 -5.37199
0.992 5.42913 -5.2278
0.993 5.2193 -5.06656
0.994 4.98653 -4.8889
0.995 4.73169 -4.69553
0.996 4.45579 -4.4872
0.997 4.15988 -4.26474
0.998 3.84511 -4.02901
0.999 3.51272 -3.78094
1 3.164 -3.52149
