0.001 3.40181e-008 2.55992e-009
0.002 3.09879e-007 2.05592e-008
0.003 1.46145e-006 8.53174e-008
0.004 4.84271e-006 2.50378e-007
0.005 1.28186e-005 5.93953e-007
0.006 2.90457e-005 1.22303e-006
0.007 5.8741e-005 2.27957e-006
0.008 0.000108935 3.94927e-006
0.009 0.000188706 6.47312e-006
0.01 0.0003094 1.01624e-005
0.011 0.000484821 1.54169e-005
0.012 0.000731406 2.27474e-005
0.013 0.00106836 3.28022e-005
0.014 0.0015178 4.6397e-005
0.015 0.00210481 6.45506e-005
0.016 0.00285751 8.85238e-005
0.017 0.00380711 0.000119863
0.018 0.00498788 0.00016045
0.019 0.0064371 0.000212552
0.02 0.00819506 0.000278879
0.021 0.0103049 0.000362646
0.022 0.0128123 0.000467636
0.023 0.0157659 0.000598266
0.024 0.0192163 0.00075966
0.025 0.0232165 0.000957721
0.026 0.0278211 0.0011992
0.027 0.0330865 0.00149179
0.028 0.0390703 0.00184418
0.029 0.0458309 0.00226614
0.03 0.0534273 0.0027686
0.031 0.0619187 0.00336374
0.032 0.0713639 0.00406503
0.033 0.0818212 0.00488733
0.034 0.0933474 0.00584693
0.035 0.105998 0.00696163
0.036 0.119826 0.00825081
0.037 0.134883 0.00973545
0.038 0.151216 0.0114382
0.039 0.168869 0.0133833
0.04 0.187883 0.015597
0.041 0.208293 0.0181068
0.042 0.23013 0.0209425
0.043 0.25342 0.0241352
0.044 0.278181 0.027718
0.045 0.304427 0.0317255
0.046 0.332164 0.0361941
0.047 0.361393 0.0411617
0.048 0.392105 0.0466677
0.049 0.424284 0.0527532
0.05 0.457908 0.0594604
0.051 0.492943 0.0668327
0.052 0.529351 0.0749149
0.053 0.567082 0.0837524
0.054 0.606078 0.0933918
0.055 0.646273 0.10388
0.056 0.687592 0.115264
0.057 0.72995 0.127593
0.058 0.773255 0.140913
0.059 0.817405 0.155272
0.06 0.862289 0.170718
0.061 0.907789 0.187296
0.062 0.95378 0.205052
0.063 1.00013 0.22403
0.064 1.04668 0.244273
0.065 1.09331 0.265822
0.066 1.13985 0.288714
0.067 1.18613 0.312986
0.068 1.232 0.338672
0.069 1.27728 0.365801
0.07 1.3218 0.3944
0.071 1.36537 0.424492
0.072 1.40783 0.456096
0.073 1.44898 0.489227
0.074 1.48863 0.523894
0.075 1.52661 0.560102
0.076 1.56274 0.597851
0.077 1.59682 0.637134
0.078 1.62867 0.677939
0.079 1.65813 0.720249
0.08 1.68502 0.764039
0.081 1.70916 0.809277
0.082 1.7304 0.855926
0.083 1.74858 0.90394
0.084 1.76356 0.953267
0.085 1.77518 1.00385
0.086 1.78334 1.05562
0.087 1.7879 1.1085
0.088 1.78875 1.16241
0.089 1.78581 1.21726
0.09 1.77898 1.27296
0.091 1.76821 1.32939
0.092 1.75342 1.38645
0.093 1.73458 1.44402
0.094 1.71167 1.50197
0.095 1.68467 1.56016
0.096 1.65359 1.61846
0.097 1.61845 1.67672
0.098 1.57928 1.73478
0.099 1.53616 1.79249
0.1 1.48914 1.84968
0.101 1.43832 1.90618
0.102 1.38381 1.96181
0.103 1.32573 2.0164
0.104 1.26423 2.06977
0.105 1.19946 2.12171
0.106 1.13159 2.17206
0.107 1.06083 2.22061
0.108 0.987371 2.26718
0.109 0.911443 2.31157
0.11 0.833282 2.35359
0.111 0.753137 2.39304
0.112 0.671273 2.42974
0.113 0.587965 2.46349
0.114 0.5035 2.49411
0.115 0.418175 2.52142
0.116 0.332297 2.54523
0.117 0.246179 2.56538
0.118 0.160143 2.5817
0.119 0.0745153 2.59403
0.12 -0.0103732 2.60221
0.121 -0.0941885 2.6061
0.122 -0.176595 2.60556
0.123 -0.257257 2.60047
0.124 -0.33584 2.59072
0.125 -0.412011 2.57619
0.126 -0.485443 2.5568
0.127 -0.555814 2.53247
0.128 -0.622808 2.50313
0.129 -0.686118 2.46873
0.13 -0.745447 2.42923
0.131 -0.80051 2.38461
0.132 -0.851034 2.33486
0.133 -0.896759 2.27999
0.134 -0.937443 2.22002
0.135 -0.972858 2.15499
0.136 -1.0028 2.08497
0.137 -1.02707 2.01002
0.138 -1.04551 1.93023
0.139 -1.05796 1.84573
0.14 -1.0643 1.75662
0.141 -1.06443 1.66306
0.142 -1.05828 1.56521
0.143 -1.04578 1.46324
0.144 -1.0269 1.35735
0.145 -1.00165 1.24774
0.146 -0.970055 1.13465
0.147 -0.932155 1.01832
0.148 -0.888032 0.899001
0.149 -0.837791 0.776967
0.15 -0.78156 0.652503
0.151 -0.7195 0.52591
0.152 -0.651793 0.397497
0.153 -0.578651 0.267588
0.154 -0.500309 0.136516
0.155 -0.417028 0.00462348
0.156 -0.329095 -0.127737
0.157 -0.236819 -0.260206
0.158 -0.14053 -0.392417
0.159 -0.040583 -0.524
0.16 0.0626486 -0.654578
0.161 0.168772 -0.783774
0.162 0.277376 -0.911206
0.163 0.388033 -1.03649
0.164 0.500301 -1.15926
0.165 0.613726 -1.27912
0.166 0.727839 -1.39571
0.167 0.842163 -1.50865
0.168 0.956215 -1.61758
0.169 1.0695 -1.72215
0.17 1.18153 -1.82201
0.171 1.2918 -1.91683
0.172 1.39982 -2.00627
0.173 1.50509 -2.09004
0.174 1.60711 -2.16783
0.175 1.70541 -2.23936
0.176 1.7995 -2.30437
0.177 1.88891 -2.36261
0.178 1.9732 -2.41385
0.179 2.05191 -2.45789
0.18 2.12462 -2.49454
0.181 2.19093 -2.52363
0.182 2.25045 -2.54503
0.183 2.30281 -2.55862
0.184 2.34766 -2.56431
0.185 2.38469 -2.56202
0.186 2.41362 -2.55172
0.187 2.43417 -2.53339
0.188 2.44612 -2.50705
0.189 2.44926 -2.47272
0.19 2.44342 -2.43049
0.191 2.42847 -2.38043
0.192 2.40431 -2.32267
0.193 2.37087 -2.25737
0.194 2.32811 -2.18468
0.195 2.27605 -2.10482
0.196 2.21472 -2.01801
0.197 2.1442 -1.92451
0.198 2.06461 -1.82459
0.199 1.9761 -1.71855
0.2 1.87885 -1.60674
0.201 1.77311 -1.48949
0.202 1.65911 -1.36718
0.203 1.53718 -1.24019
0.204 1.40762 -1.10896
0.205 1.27081 -0.973896
0.206 1.12715 -0.835459
0.207 0.977065 -0.694111
0.208 0.821008 -0.550329
0.209 0.659469 -0.404607
0.21 0.49296 -0.257445
0.211 0.322019 -0.109355
0.212 0.147206 0.0391421
0.213 -0.0308975 0.187522
0.214 -0.211691 0.335254
0.215 -0.394558 0.481807
0.216 -0.578866 0.626649
0.217 -0.763974 0.769249
0.218 -0.949227 0.909078
0.219 -1.13397 1.04562
0.22 -1.31753 1.17835
0.221 -1.49925 1.30677
0.222 -1.67845 1.43038
0.223 -1.85449 1.5487
0.224 -2.0267 1.66126
0.225 -2.19443 1.76761
0.226 -2.35705 1.86733
0.227 -2.51394 1.95999
0.228 -2.66449 2.0452
0.229 -2.80811 2.12261
0.23 -2.94424 2.19185
0.231 -3.07234 2.25262
0.232 -3.1919 2.30463
0.233 -3.30242 2.34761
0.234 -3.40345 2.38133
0.235 -3.49458 2.4056
0.236 -3.5754 2.42024
0.237 -3.64558 2.42511
0.238 -3.70479 2.42012
0.239 -3.75276 2.40519
0.24 -3.78926 2.3803
0.241 -3.8141 2.34543
0.242 -3.82713 2.30063
0.243 -3.82826 2.24597
0.244 -3.81741 2.18155
0.245 -3.79459 2.10751
0.246 -3.75982 2.02403
0.247 -3.71318 1.93132
0.248 -3.65481 1.82963
0.249 -3.58486 1.71922
0.25 -3.50357 1.60041
0.251 -3.41119 1.47354
0.252 -3.30803 1.33898
0.253 -3.19444 1.19714
0.254 -3.07082 1.04843
0.255 -2.93759 0.893316
0.256 -2.79524 0.732275
0.257 -2.64426 0.565811
0.258 -2.48522 0.394449
0.259 -2.31869 0.218734
0.26 -2.14528 0.0392292
0.261 -1.96564 -0.143486
0.262 -1.78044 -0.328818
0.263 -1.59038 -0.516161
0.264 -1.39618 -0.7049
0.265 -1.19857 -0.894411
0.266 -0.998308 -1.08406
0.267 -0.796164 -1.27323
0.268 -0.592919 -1.46127
0.269 -0.38936 -1.64756
0.27 -0.186281 -1.83147
0.271 0.0155245 -2.01237
0.272 0.215263 -2.18965
0.273 0.412146 -2.3627
0.274 0.605392 -2.53094
0.275 0.794232 -2.69379
0.276 0.977909 -2.85069
0.277 1.15569 -3.0011
0.278 1.32684 -3.14449
0.279 1.49069 -3.28038
0.28 1.64655 -3.40829
0.281 1.79378 -3.52778
0.282 1.93178 -3.63842
0.283 2.05998 -3.73985
0.284 2.17782 -3.83169
0.285 2.28483 -3.91363
0.286 2.38053 -3.98539
0.287 2.46451 -4.04671
0.288 2.53641 -4.09737
0.289 2.59589 -4.1372
0.29 2.64269 -4.16606
0.291 2.67659 -4.18384
0.292 2.69739 -4.19049
0.293 2.705 -4.18597
0.294 2.69932 -4.17032
0.295 2.68036 -4.14357
0.296 2.64814 -4.10583
0.297 2.60275 -4.05724
0.298 2.54434 -3.99796
0.299 2.4731 -3.9282
0.3 2.38928 -3.84822
0.301 2.29318 -3.75829
0.302 2.18515 -3.65875
0.303 2.06559 -3.54993
0.304 1.93495 -3.43224
0.305 1.79373 -3.30608
0.306 1.64246 -3.17192
0.307 1.48173 -3.03021
0.308 1.31216 -2.88148
0.309 1.1344 -2.72624
0.31 0.949169 -2.56505
0.311 0.757181 -2.39848
0.312 0.5592 -2.22712
0.313 0.356014 -2.05157
0.314 0.148435 -1.87246
0.315 -0.0627025 -1.69042
0.316 -0.276549 -1.50609
0.317 -0.492238 -1.32012
0.318 -0.708893 -1.13316
0.319 -0.92563 -0.945861
0.32 -1.14156 -0.758883
0.321 -1.3558 -0.572875
0.322 -1.56745 -0.38848
0.323 -1.77564 -0.206337
0.324 -1.97951 -0.0270712
0.325 -2.17819 0.148704
0.326 -2.37085 0.32039
0.327 -2.55667 0.487407
0.328 -2.73486 0.649193
0.329 -2.90466 0.80521
0.33 -3.06532 0.954943
0.331 -3.21615 1.0979
0.332 -3.35649 1.23363
0.333 -3.4857 1.36169
0.334 -3.60321 1.48169
0.335 -3.70848 1.59325
0.336 -3.80102 1.69605
0.337 -3.88039 1.78978
0.338 -3.94619 1.87419
0.339 -3.99809 1.94905
0.34 -4.03581 2.01417
0.341 -4.05912 2.06942
0.342 -4.06785 2.11468
0.343 -4.06189 2.14989
0.344 -4.04118 2.17501
0.345 -4.00573 2.19007
0.346 -3.95561 2.19512
0.347 -3.89093 2.19025
0.348 -3.81189 2.1756
0.349 -3.71872 2.15133
0.35 -3.61171 2.11766
0.351 -3.49124 2.07483
0.352 -3.35769 2.02312
0.353 -3.21155 1.96286
0.354 -3.05332 1.8944
0.355 -2.88357 1.81811
0.356 -2.70292 1.73442
0.357 -2.51202 1.64376
0.358 -2.31157 1.54661
0.359 -2.10233 1.44345
0.36 -1.88507 1.33482
0.361 -1.6606 1.22124
0.362 -1.42977 1.10327
0.363 -1.19346 0.981486
0.364 -0.952569 0.856475
0.365 -0.70801 0.728833
0.366 -0.460724 0.599169
0.367 -0.21166 0.468095
0.368 0.038222 0.336229
0.369 0.287955 0.20419
0.37 0.536572 0.0725944
0.371 0.783108 -0.0579438
0.372 1.0266 -0.186818
0.373 1.26611 -0.313429
0.374 1.50069 -0.43719
0.375 1.72942 -0.55753
0.376 1.95141 -0.673889
0.377 2.1658 -0.785732
0.378 2.37172 -0.892539
0.379 2.56839 -0.993817
0.38 2.75501 -1.0891
0.381 2.93087 -1.17793
0.382 3.09526 -1.25991
0.383 3.24753 -1.33466
0.384 3.38709 -1.40181
0.385 3.51339 -1.46105
0.386 3.62593 -1.51211
0.387 3.72427 -1.55473
0.388 3.80803 -1.5887
0.389 3.87687 -1.61385
0.39 3.93054 -1.63005
0.391 3.96883 -1.63722
0.392 3.9916 -1.63528
0.393 3.99877 -1.62423
0.394 3.99032 -1.6041
0.395 3.96631 -1.57495
0.396 3.92686 -1.53689
0.397 3.87212 -1.49007
0.398 3.80236 -1.43466
0.399 3.71786 -1.37089
0.4 3.619 -1.29901
0.401 3.5062 -1.21933
0.402 3.37993 -1.13217
0.403 3.24074 -1.03788
0.404 3.08923 -0.93688
0.405 2.92602 -0.829574
0.406 2.75183 -0.716419
0.407 2.56739 -0.597892
0.408 2.37349 -0.474498
0.409 2.17095 -0.346758
0.41 1.96063 -0.215219
0.411 1.74344 -0.0804412
0.412 1.5203 0.0569979
0.413 1.29217 0.196509
0.414 1.06002 0.337492
0.415 0.82486 0.479339
0.416 0.587687 0.621439
0.417 0.34953 0.763177
0.418 0.111415 0.903938
0.419 -0.125625 1.04311
0.42 -0.360564 1.18009
0.421 -0.592378 1.31428
0.422 -0.820057 1.44509
0.423 -1.0426 1.57196
0.424 -1.25904 1.69431
0.425 -1.46841 1.81162
0.426 -1.66978 1.92336
0.427 -1.86227 2.02905
0.428 -2.045 2.12821
0.429 -2.21716 2.22039
0.43 -2.37797 2.3052
0.431 -2.52668 2.38224
0.432 -2.66261 2.45117
0.433 -2.78512 2.51167
0.434 -2.89364 2.56346
0.435 -2.98764 2.60631
0.436 -3.06665 2.64002
0.437 -3.13027 2.66441
0.438 -3.17816 2.67937
0.439 -3.21004 2.68482
0.44 -3.22571 2.68072
0.441 -3.22502 2.66707
0.442 -3.2079 2.64392
0.443 -3.17435 2.61134
0.444 -3.12442 2.56947
0.445 -3.05825 2.51848
0.446 -2.97605 2.45858
0.447 -2.87808 2.39002
0.448 -2.76468 2.31309
0.449 -2.63625 2.2281
0.45 -2.49325 2.13544
0.451 -2.33623 2.03549
0.452 -2.16575 1.92869
0.453 -1.98249 1.8155
0.454 -1.78714 1.69641
0.455 -1.58045 1.57196
0.456 -1.36325 1.44269
0.457 -1.13637 1.30916
0.458 -0.900731 1.17198
0.459 -0.657262 1.03175
0.46 -0.406943 0.889106
0.461 -0.150782 0.744688
0.462 0.110184 0.599149
0.463 0.374892 0.45315
0.464 0.642261 0.307357
0.465 0.911193 0.162441
0.466 1.18058 0.0190688
0.467 1.4493 -0.122093
0.468 1.71625 -0.260386
0.469 1.9803 -0.395159
0.47 2.24035 -0.525773
0.471 2.4953 -0.651604
0.472 2.74407 -0.772047
0.473 2.98561 -0.886513
0.474 3.21887 -0.99444
0.475 3.44286 -1.09529
0.476 3.6566 -1.18855
0.477 3.85916 -1.27374
0.478 4.04965 -1.35041
0.479 4.22722 -1.41815
0.48 4.39108 -1.47657
0.481 4.54048 -1.52535
0.482 4.67475 -1.56417
0.483 4.79323 -1.59279
0.484 4.89539 -1.61097
0.485 4.9807 -1.61856
0.486 5.04873 -1.61543
0.487 5.09913 -1.60149
0.488 5.13158 -1.57671
0.489 5.14587 -1.54109
0.49 5.14185 -1.49471
0.491 5.11943 -1.43765
0.492 5.07862 -1.37009
0.493 5.01948 -1.2922
0.494 4.94217 -1.20425
0.495 4.84689 -1.10652
0.496 4.73396 -0.999336
0.497 4.60372 -0.883089
0.498 4.45663 -0.758193
0.499 4.29319 -0.62511
0.5 4.11398 -0.484337
0.501 3.91964 -0.336412
0.502 3.71088 -0.181905
0.503 3.48846 -0.0214203
0.504 3.25321 0.144408
0.505 3.00601 0.314918
0.506 2.7478 0.489421
0.507 2.47955 0.667205
0.508 2.20228 0.847541
0.509 1.91706 1.02968
0.51 1.62499 1.21286
0.511 1.3272 1.3963
0.512 1.02484 1.57923
0.513 0.7191 1.76086
0.514 0.411174 1.9404
0.515 0.102271 2.11706
0.516 -0.206391 2.29006
0.517 -0.513591 2.45863
0.518 -0.81811 2.622
0.519 -1.11874 2.77943
0.52 -1.41427 2.93018
0.521 -1.70353 3.07354
0.522 -1.98536 3.20884
0.523 -2.25861 3.3354
0.524 -2.5222 3.45259
0.525 -2.77504 3.55982
0.526 -3.01612 3.65653
0.527 -3.24444 3.74218
0.528 -3.45909 3.8163
0.529 -3.65917 3.87843
0.53 -3.84386 3.92817
0.531 -4.0124 3.96518
0.532 -4.16408 3.98914
0.533 -4.29828 3.9998
0.534 -4.41442 3.99694
0.535 -4.51202 3.98041
0.536 -4.59064 3.95012
0.537 -4.64994 3.906
0.538 -4.68967 3.84806
0.539 -4.70962 3.77636
0.54 -4.70969 3.69101
0.541 -4.68986 3.59218
0.542 -4.65016 3.48009
0.543 -4.59074 3.35501
0.544 -4.5118 3.21727
0.545 -4.41365 3.06724
0.546 -4.29664 2.90535
0.547 -4.16124 2.73208
0.548 -4.00796 2.54796
0.549 -3.83741 2.35354
0.55 -3.65025 2.14945
0.551 -3.44723 1.93634
0.552 -3.22915 1.7149
0.553 -2.99688 1.48586
0.554 -2.75136 1.24998
0.555 -2.49356 1.00807
0.556 -2.22454 0.760938
0.557 -1.94537 0.509436
0.558 -1.65719 0.254432
0.559 -1.36117 -0.00318346
0.56 -1.05851 -0.262509
0.561 -0.75047 -0.52263
0.562 -0.438296 -0.782624
0.563 -0.123275 -1.04156
0.564 0.193293 -1.29852
0.565 0.510099 -1.55256
0.566 0.825828 -1.80278
0.567 1.13917 -2.04826
0.568 1.44881 -2.2881
0.569 1.75346 -2.52142
0.57 2.05183 -2.74738
0.571 2.34267 -2.96512
0.572 2.62474 -3.17385
0.573 2.89685 -3.37278
0.574 3.15783 -3.56118
0.575 3.40655 -3.73832
0.576 3.64195 -3.90356
0.577 3.86299 -4.05626
0.578 4.06871 -4.19583
0.579 4.2582 -4.32176
0.58 4.4306 -4.43354
0.581 4.58514 -4.53076
0.582 4.7211 -4.61303
0.583 4.83784 -4.68003
0.584 4.9348 -4.73149
0.585 5.01149 -4.76721
0.586 5.06751 -4.78702
0.587 5.10253 -4.79084
0.588 5.11631 -4.77864
0.589 5.1087 -4.75046
0.59 5.07962 -4.70636
0.591 5.0291 -4.64652
0.592 4.95723 -4.57114
0.593 4.8642 -4.48048
0.594 4.7503 -4.37489
0.595 4.61586 -4.25473
0.596 4.46135 -4.12046
0.597 4.28727 -3.97256
0.598 4.09424 -3.8116
0.599 3.88294 -3.63816
0.6 3.65412 -3.4529
0.601 3.40861 -3.25651
0.602 3.1473 -3.04972
0.603 2.87117 -2.83332
0.604 2.58124 -2.60813
0.605 2.27858 -2.37499
0.606 1.96434 -2.13479
0.607 1.63971 -1.88844
0.608 1.30591 -1.63688
0.609 0.964211 -1.38107
0.61 0.615924 -1.12197
0.611 0.262383 -0.860592
0.612 -0.095053 -0.597924
0.613 -0.455006 -0.334974
0.614 -0.816083 -0.0727522
0.615 -1.17689 0.187734
0.616 -1.53601 0.445482
0.617 -1.89206 0.699498
0.618 -2.24364 0.948804
0.619 -2.58938 1.19243
0.62 -2.92792 1.42945
0.621 -3.25793 1.65892
0.622 -3.57812 1.87997
0.623 -3.88722 2.09174
0.624 -4.184 2.29339
0.625 -4.4673 2.48415
0.626 -4.73599 2.66327
0.627 -4.98899 2.83004
0.628 -5.22531 2.98382
0.629 -5.44399 3.12399
0.63 -5.64416 3.25001
0.631 -5.82501 3.36137
0.632 -5.98582 3.45763
0.633 -6.12593 3.5384
0.634 -6.24476 3.60337
0.635 -6.34184 3.65226
0.636 -6.41676 3.68487
0.637 -6.46921 3.70105
0.638 -6.49895 3.70074
0.639 -6.50585 3.68392
0.64 -6.48986 3.65063
0.641 -6.45102 3.601
0.642 -6.38947 3.53518
0.643 -6.30544 3.45344
0.644 -6.19923 3.35606
0.645 -6.07125 3.24341
0.646 -5.92198 3.1159
0.647 -5.75199 2.97402
0.648 -5.56195 2.8183
0.649 -5.35259 2.64933
0.65 -5.12471 2.46775
0.651 -4.87922 2.27424
0.652 -4.61706 2.06954
0.653 -4.33926 1.85443
0.654 -4.04691 1.62973
0.655 -3.74116 1.39629
0.656 -3.4232 1.15501
0.657 -3.09429 0.906803
0.658 -2.75572 0.652621
0.659 -2.40882 0.393434
0.66 -2.05497 0.130233
0.661 -1.69555 -0.135973
0.662 -1.33199 -0.404167
0.663 -0.965732 -0.673322
0.664 -0.598212 -0.942408
0.665 -0.230888 -1.21039
0.666 0.134785 -1.47625
0.667 0.497359 -1.73897
0.668 0.855399 -1.99754
0.669 1.20749 -2.25097
0.67 1.55222 -2.49829
0.671 1.88825 -2.73855
0.672 2.21422 -2.97085
0.673 2.52886 -3.19428
0.674 2.83091 -3.408
0.675 3.11917 -3.6112
0.676 3.39251 -3.80309
0.677 3.64984 -3.98295
0.678 3.89015 -4.15009
0.679 4.11247 -4.30389
0.68 4.31594 -4.44376
0.681 4.49975 -4.56917
0.682 4.66318 -4.67965
0.683 4.80558 -4.77479
0.684 4.9264 -4.85423
0.685 5.02517 -4.91769
0.686 5.10151 -4.96493
0.687 5.15513 -4.99579
0.688 5.18582 -5.01016
0.689 5.19348 -5.008
0.69 5.17809 -4.98934
0.691 5.13975 -4.95426
0.692 5.07861 -4.90292
0.693 4.99495 -4.83554
0.694 4.88912 -4.75238
0.695 4.76157 -4.6538
0.696 4.61283 -4.54017
0.697 4.44352 -4.41197
0.698 4.25436 -4.26969
0.699 4.04612 -4.11391
0.7 3.81967 -3.94524
0.701 3.57594 -3.76435
0.702 3.31596 -3.57194
0.703 3.04078 -3.36878
0.704 2.75155 -3.15565
0.705 2.44947 -2.9334
0.706 2.13578 -2.70288
0.707 1.81178 -2.465
0.708 1.47881 -2.22067
0.709 1.13825 -1.97085
0.71 0.7915 -1.71649
0.711 0.440002 -1.45859
0.712 0.085209 -1.19813
0.713 -0.271409 -0.93612
0.714 -0.628374 -0.673553
0.715 -0.984205 -0.411435
0.716 -1.33742 -0.150765
0.717 -1.68657 0.107467
0.718 -2.03017 0.362286
0.719 -2.36682 0.61273
0.72 -2.6951 0.857859
0.721 -3.01364 1.09676
0.722 -3.3211 1.32854
0.723 -3.61621 1.55234
0.724 -3.89771 1.76735
0.725 -4.16443 1.97278
0.726 -4.41523 2.16787
0.727 -4.64906 2.35195
0.728 -4.86491 2.52435
0.729 -5.06187 2.68446
0.73 -5.23909 2.83175
0.731 -5.39579 2.9657
0.732 -5.5313 3.08588
0.733 -5.64501 3.19191
0.734 -5.73641 3.28346
0.735 -5.80509 3.36025
0.736 -5.8507 3.4221
0.737 -5.87302 3.46885
0.738 -5.87189 3.50044
0.739 -5.84728 3.51683
0.74 -5.79923 3.51807
0.741 -5.72789 3.50428
0.742 -5.63348 3.47562
0.743 -5.51635 3.43232
0.744 -5.37691 3.37468
0.745 -5.21568 3.30304
0.746 -5.03327 3.21781
0.747 -4.83035 3.11944
0.748 -4.60772 3.00846
0.749 -4.36621 2.88544
0.75 -4.10676 2.75098
0.751 -3.83038 2.60575
0.752 -3.53814 2.45045
0.753 -3.23117 2.28582
0.754 -2.91069 2.11266
0.755 -2.57793 1.93177
0.756 -2.23422 1.74401
0.757 -1.8809 1.55024
0.758 -1.51936 1.35137
0.759 -1.15103 1.14832
0.76 -0.777366 0.942004
0.761 -0.399842 0.733381
0.762 -0.0199537 0.523402
0.763 0.360794 0.313022
0.764 0.740893 0.1032
0.765 1.11883 -0.105114
0.766 1.49312 -0.310973
0.767 1.86226 -0.513444
0.768 2.22478 -0.711611
0.769 2.57926 -0.904576
0.77 2.92427 -1.09146
0.771 3.25846 -1.27143
0.772 3.58048 -1.44365
0.773 3.88906 -1.60735
0.774 4.18297 -1.76179
0.775 4.46104 -1.90625
0.776 4.72217 -2.04007
0.777 4.96533 -2.16264
0.778 5.18954 -2.2734
0.779 5.39393 -2.37182
0.78 5.57767 -2.45744
0.781 5.74006 -2.52985
0.782 5.88044 -2.58871
0.783 5.99827 -2.63372
0.784 6.0931 -2.66465
0.785 6.16454 -2.68132
0.786 6.21235 -2.68362
0.787 6.23634 -2.6715
0.788 6.23642 -2.64498
0.789 6.21264 -2.60413
0.79 6.16509 -2.54908
0.791 6.09399 -2.48004
0.792 5.99965 -2.39725
0.793 5.88247 -2.30104
0.794 5.74295 -2.19179
0.795 5.58168 -2.06991
0.796 5.39933 -1.9359
0.797 5.19667 -1.7903
0.798 4.97453 -1.63369
0.799 4.73386 -1.46672
0.8 4.47563 -1.29006
0.801 4.20094 -1.10444
0.802 3.91092 -0.910624
0.803 3.60677 -0.709417
0.804 3.28975 -0.501652
0.805 2.96119 -0.288191
0.806 2.62244 -0.0699259
0.807 2.2749 0.152231
0.808 1.92003 0.37735
0.809 1.55928 0.604484
0.81 1.19416 0.832677
0.811 0.826188 1.06096
0.812 0.456882 1.28838
0.813 0.087781 1.51397
0.814 -0.279582 1.73675
0.815 -0.643679 1.9558
0.816 -1.00299 2.17016
0.817 -1.35603 2.37893
0.818 -1.70132 2.58119
0.819 -2.03742 2.77608
0.82 -2.36292 2.96276
0.821 -2.67647 3.14042
0.822 -2.97675 3.30826
0.823 -3.2625 3.46557
0.824 -3.53252 3.61164
0.825 -3.78567 3.74583
0.826 -4.02089 3.86752
0.827 -4.23717 3.97618
0.828 -4.4336 4.07129
0.829 -4.60934 4.15243
0.83 -4.76364 4.2192
0.831 -4.89582 4.27127
0.832 -5.00531 4.30838
0.833 -5.09164 4.33032
0.834 -5.15439 4.33695
0.835 -5.1933 4.32818
0.836 -5.20815 4.30401
0.837 -5.19886 4.26448
0.838 -5.16543 4.2097
0.839 -5.10795 4.13985
0.84 -5.02663 4.05516
0.841 -4.92177 3.95594
0.842 -4.79377 3.84255
0.843 -4.64311 3.7154
0.844 -4.47039 3.57498
0.845 -4.27627 3.42182
0.846 -4.06153 3.25652
0.847 -3.82702 3.07971
0.848 -3.57366 2.89208
0.849 -3.30248 2.69437
0.85 -3.01456 2.48736
0.851 -2.71105 2.27188
0.852 -2.39319 2.04878
0.853 -2.06225 1.81896
0.854 -1.71957 1.58333
0.855 -1.36655 1.34284
0.856 -1.00462 1.09848
0.857 -0.635243 0.851216
0.858 -0.259937 0.602069
0.859 0.119767 0.352051
0.86 0.502317 0.102182
0.861 0.886144 -0.146514
0.862 1.26967 -0.393013
0.863 1.65133 -0.636301
0.864 2.02953 -0.875371
0.865 2.40272 -1.10923
0.866 2.76936 -1.33691
0.867 3.12792 -1.55747
0.868 3.47692 -1.76996
0.869 3.8149 -1.97352
0.87 4.14044 -2.16727
0.871 4.45219 -2.35039
0.872 4.74884 -2.52211
0.873 5.02913 -2.6817
0.874 5.29187 -2.82845
0.875 5.53594 -2.96175
0.876 5.76031 -3.081
0.877 5.964 -3.18568
0.878 6.14612 -3.27533
0.879 6.30588 -3.34952
0.88 6.44257 -3.40792
0.881 6.55556 -3.45024
0.882 6.64433 -3.47627
0.883 6.70845 -3.48585
0.884 6.7476 -3.4789
0.885 6.76154 -3.4554
0.886 6.75014 -3.4154
0.887 6.71338 -3.35902
0.888 6.65134 -3.28645
0.889 6.56419 -3.19794
0.89 6.45221 -3.0938
0.891 6.31577 -2.97442
0.892 6.15536 -2.84025
0.893 5.97155 -2.69179
0.894 5.76501 -2.52961
0.895 5.53651 -2.35434
0.896 5.28688 -2.16666
0.897 5.01707 -1.96731
0.898 4.7281 -1.75707
0.899 4.42106 -1.53677
0.9 4.09713 -1.30729
0.901 3.75755 -1.06954
0.902 3.40362 -0.824477
0.903 3.0367 -0.573088
0.904 2.65822 -0.316386
0.905 2.26964 -0.0554116
0.906 1.87246 0.208773
0.907 1.46824 0.475089
0.908 1.05854 0.742446
0.909 0.644966 1.00974
0.91 0.229131 1.27588
0.911 -0.187337 1.53975
0.912 -0.602809 1.80026
0.913 -1.01566 2.05632
0.914 -1.42426 2.30685
0.915 -1.82701 2.5508
0.916 -2.22233 2.78714
0.917 -2.60867 3.01485
0.918 -2.9845 3.23295
0.919 -3.34835 3.44052
0.92 -3.69877 3.63663
0.921 -4.0344 3.82043
0.922 -4.35391 3.99111
0.923 -4.65604 4.14789
0.924 -4.9396 4.29006
0.925 -5.20348 4.41696
0.926 -5.44662 4.52799
0.927 -5.66809 4.62261
0.928 -5.867 4.70034
0.929 -6.04257 4.76077
0.93 -6.19411 4.80354
0.931 -6.32104 4.82838
0.932 -6.42286 4.83508
0.933 -6.49917 4.82351
0.934 -6.54967 4.79359
0.935 -6.57419 4.74533
0.936 -6.57263 4.6788
0.937 -6.54501 4.59416
0.938 -6.49145 4.49162
0.939 -6.41219 4.37147
0.94 -6.30755 4.23407
0.941 -6.17797 4.07984
0.942 -6.02397 3.90929
0.943 -5.84619 3.72297
0.944 -5.64536 3.5215
0.945 -5.42229 3.30557
0.946 -5.17789 3.07591
0.947 -4.91315 2.83332
0.948 -4.62916 2.57866
0.949 -4.32707 2.31281
0.95 -4.00811 2.03672
0.951 -3.67357 1.75137
0.952 -3.32482 1.45779
0.953 -2.96327 1.15704
0.954 -2.59038 0.850193
0.955 -2.20769 0.538375
0.956 -1.81674 0.222718
0.957 -1.41913 -0.0956263
0.958 -1.01647 -0.415493
0.959 -0.610405 -0.735709
0.96 -0.202586 -1.0551
0.961 0.205325 -1.37248
0.962 0.611663 -1.68669
0.963 1.01477 -1.99656
0.964 1.413 -2.30096
0.965 1.80473 -2.59874
0.966 2.18835 -2.88881
0.967 2.5623 -3.1701
0.968 2.92504 -3.44155
0.969 3.27507 -3.70217
0.97 3.61098 -3.95099
0.971 3.93136 -4.18707
0.972 4.23491 -4.40955
0.973 4.52036 -4.61761
0.974 4.78654 -4.81047
0.975 5.03234 -4.98742
0.976 5.25673 -5.1478
0.977 5.45877 -5.29104
0.978 5.63763 -5.41659
0.979 5.79253 -5.52402
0.98 5.92282 -5.61292
0.981 6.02793 -5.68298
0.982 6.1074 -5.73396
0.983 6.16088 -5.76567
0.984 6.1881 -5.77804
0.985 6.18892 -5.77101
0.986 6.1633 -5.74466
0.987 6.11128 -5.69909
0.988 6.03305 -5.63451
0.989 5.92887 -5.55119
0.99 5.79912 -5.44946
0.991 5.64428 -5.32974
0.992 5.46493 -5.19251
0.993 5.26175 -5.03832
0.994 5.03552 -4.86778
0.995 4.7871 -4.68156
0.996 4.51746 -4.48039
0.997 4.22763 -4.26508
0.998 3.91875 -4.03647
0.999 3.592 -3.79545
1 3.24868 -3.54297
