0.001 3.37799e-008 2.5396e-009
0.002 3.07978e-007 2.03955e-008
0.003 1.45364e-006 8.46354e-008
0.004 4.82009e-006 2.48368e-007
0.005 1.27659e-005 5.89162e-007
0.006 2.89396e-005 1.21312e-006
0.007 5.85487e-005 2.26104e-006
0.008 0.000108612 3.91708e-006
0.009 0.000188198 6.42029e-006
0.01 0.000308638 1.00794e-005
0.011 0.000483723 1.52913e-005
0.012 0.000729876 2.25629e-005
0.013 0.00106629 3.25376e-005
0.014 0.00151506 4.60255e-005
0.015 0.00210126 6.40384e-005
0.016 0.00285301 8.78289e-005
0.017 0.00380149 0.000118934
0.018 0.00498096 0.000159222
0.019 0.00642871 0.000210947
0.02 0.00818499 0.000276805
0.021 0.0102929 0.00035999
0.022 0.0127983 0.000464265
0.023 0.0157496 0.000594024
0.024 0.0191976 0.000754361
0.025 0.0231951 0.000951151
0.026 0.0277969 0.00119111
0.027 0.0330593 0.00148189
0.028 0.0390399 0.00183214
0.029 0.0457972 0.00225158
0.03 0.0533901 0.00275111
0.031 0.061878 0.00334282
0.032 0.0713197 0.00404014
0.033 0.0817733 0.00485786
0.034 0.0932959 0.0058122
0.035 0.105943 0.00692089
0.036 0.119768 0.00820323
0.037 0.134821 0.00968011
0.038 0.151151 0.0113741
0.039 0.168802 0.0133094
0.04 0.187813 0.0155119
0.041 0.208221 0.0180094
0.042 0.230056 0.0208313
0.043 0.253344 0.0240088
0.044 0.278104 0.0275746
0.045 0.30435 0.0315634
0.046 0.332087 0.0360115
0.047 0.361317 0.0409566
0.048 0.39203 0.046438
0.049 0.424212 0.0524967
0.05 0.457839 0.0591747
0.051 0.492879 0.0665154
0.052 0.529291 0.0745634
0.053 0.567028 0.0833641
0.054 0.606031 0.0929638
0.055 0.646233 0.103409
0.056 0.687561 0.114748
0.057 0.729928 0.127028
0.058 0.773243 0.140296
0.059 0.817404 0.1546
0.06 0.8623 0.169988
0.061 0.907813 0.186504
0.062 0.953817 0.204195
0.063 1.00018 0.223105
0.064 1.04675 0.243276
0.065 1.09339 0.264749
0.066 1.13994 0.287563
0.067 1.18624 0.311753
0.068 1.23213 0.337353
0.069 1.27742 0.364393
0.07 1.32196 0.3929
0.071 1.36555 0.422897
0.072 1.40802 0.454404
0.073 1.44918 0.487434
0.074 1.48885 0.521998
0.075 1.52684 0.558101
0.076 1.56298 0.595742
0.077 1.59707 0.634916
0.078 1.62893 0.675611
0.079 1.65839 0.717809
0.08 1.68528 0.761485
0.081 1.70942 0.80661
0.082 1.73066 0.853145
0.083 1.74883 0.901046
0.084 1.7638 0.95026
0.085 1.77541 1.00073
0.086 1.78355 1.05239
0.087 1.78809 1.10516
0.088 1.78891 1.15897
0.089 1.78594 1.21372
0.09 1.77908 1.26931
0.091 1.76826 1.32565
0.092 1.75343 1.38262
0.093 1.73454 1.44011
0.094 1.71156 1.49797
0.095 1.6845 1.5561
0.096 1.65335 1.61433
0.097 1.61813 1.67253
0.098 1.57889 1.73054
0.099 1.53567 1.78821
0.1 1.48856 1.84537
0.101 1.43764 1.90185
0.102 1.38302 1.95747
0.103 1.32482 2.01206
0.104 1.2632 2.06543
0.105 1.1983 2.11741
0.106 1.1303 2.16779
0.107 1.0594 2.21639
0.108 0.985797 2.26302
0.109 0.90972 2.30749
0.11 0.831403 2.3496
0.111 0.751099 2.38915
0.112 0.669072 2.42597
0.113 0.585596 2.45986
0.114 0.500961 2.49063
0.115 0.415463 2.5181
0.116 0.329409 2.5421
0.117 0.243114 2.56245
0.118 0.1569 2.57898
0.119 0.0710932 2.59153
0.12 -0.0139734 2.59995
0.121 -0.0979658 2.6041
0.122 -0.180547 2.60383
0.123 -0.261382 2.59903
0.124 -0.340134 2.58958
0.125 -0.41647 2.57537
0.126 -0.490062 2.55631
0.127 -0.560586 2.53232
0.128 -0.627726 2.50333
0.129 -0.691175 2.46929
0.13 -0.750634 2.43016
0.131 -0.805817 2.38593
0.132 -0.856451 2.33657
0.133 -0.902274 2.28209
0.134 -0.943044 2.22253
0.135 -0.978532 2.15792
0.136 -1.00853 2.08831
0.137 -1.03284 2.01378
0.138 -1.05131 1.93441
0.139 -1.06377 1.85033
0.14 -1.07011 1.76165
0.141 -1.07022 1.66851
0.142 -1.06402 1.57107
0.143 -1.05145 1.46951
0.144 -1.0325 1.36402
0.145 -1.00715 1.25482
0.146 -0.975425 1.14212
0.147 -0.937381 1.02616
0.148 -0.893091 0.907207
0.149 -0.842661 0.785526
0.15 -0.78622 0.661401
0.151 -0.723926 0.53513
0.152 -0.655964 0.407022
0.153 -0.582544 0.277399
0.154 -0.503902 0.146592
0.155 -0.4203 0.014944
0.156 -0.332023 -0.117195
0.157 -0.239382 -0.249467
0.158 -0.142708 -0.381507
0.159 -0.0423561 -0.512944
0.16 0.0613003 -0.643404
0.161 0.167867 -0.772509
0.162 0.276932 -0.89988
0.163 0.388068 -1.02514
0.164 0.50083 -1.1479
0.165 0.614763 -1.26779
0.166 0.729399 -1.38444
0.167 0.844258 -1.49748
0.168 0.958855 -1.60654
0.169 1.0727 -1.71127
0.17 1.18529 -1.81132
0.171 1.29613 -1.90636
0.172 1.40472 -1.99607
0.173 1.51056 -2.08012
0.174 1.61317 -2.15823
0.175 1.71204 -2.23012
0.176 1.8067 -2.29551
0.177 1.89669 -2.35416
0.178 1.98154 -2.40585
0.179 2.06081 -2.45035
0.18 2.13407 -2.4875
0.181 2.20091 -2.51712
0.182 2.26094 -2.53907
0.183 2.3138 -2.55323
0.184 2.35914 -2.5595
0.185 2.39664 -2.55783
0.186 2.426 -2.54816
0.187 2.44697 -2.53047
0.188 2.45931 -2.50479
0.189 2.46282 -2.47113
0.19 2.45731 -2.42958
0.191 2.44267 -2.38021
0.192 2.41878 -2.32315
0.193 2.38557 -2.25854
0.194 2.34301 -2.18655
0.195 2.29111 -2.10739
0.196 2.22991 -2.02127
0.197 2.15948 -1.92845
0.198 2.07993 -1.82921
0.199 1.99143 -1.72384
0.2 1.89415 -1.61268
0.201 1.78832 -1.49606
0.202 1.67421 -1.37436
0.203 1.5521 -1.24798
0.204 1.42234 -1.11731
0.205 1.28528 -0.982794
0.206 1.14133 -0.844874
0.207 0.990901 -0.704012
0.208 0.834465 -0.560684
0.209 0.672504 -0.41538
0.21 0.505532 -0.2686
0.211 0.334088 -0.120854
0.212 0.158734 0.0273402
0.213 -0.0199493 0.175458
0.214 -0.201359 0.322973
0.215 -0.384876 0.469353
0.216 -0.569868 0.614067
0.217 -0.75569 0.756586
0.218 -0.941687 0.896384
0.219 -1.1272 1.03294
0.22 -1.31155 1.16573
0.221 -1.49409 1.29427
0.222 -1.67413 1.41804
0.223 -1.85103 1.53658
0.224 -2.0241 1.64941
0.225 -2.19272 1.75608
0.226 -2.35623 1.85616
0.227 -2.51401 1.94923
0.228 -2.66546 2.03491
0.229 -2.80998 2.11282
0.23 -2.94701 2.18262
0.231 -3.076 2.24399
0.232 -3.19644 2.29663
0.233 -3.30782 2.3403
0.234 -3.40971 2.37474
0.235 -3.50167 2.39977
0.236 -3.5833 2.4152
0.237 -3.65426 2.4209
0.238 -3.71423 2.41676
0.239 -3.76292 2.40272
0.24 -3.80012 2.37873
0.241 -3.82562 2.3448
0.242 -3.83927 2.30095
0.243 -3.84097 2.24726
0.244 -3.83065 2.18382
0.245 -3.80831 2.11077
0.246 -3.77398 2.02829
0.247 -3.72773 1.93658
0.248 -3.66969 1.83588
0.249 -3.60002 1.72647
0.25 -3.51895 1.60865
0.251 -3.42674 1.48276
0.252 -3.32369 1.34917
0.253 -3.21015 1.20826
0.254 -3.08652 1.06048
0.255 -2.95323 0.906269
0.256 -2.81074 0.746101
0.257 -2.65958 0.58048
0.258 -2.50029 0.409927
0.259 -2.33345 0.234983
0.26 -2.15968 0.0562098
0.261 -1.97962 -0.125817
0.262 -1.79395 -0.310506
0.263 -1.60336 -0.497255
0.264 -1.40857 -0.685451
0.265 -1.21032 -0.874471
0.266 -1.00937 -1.06369
0.267 -0.806497 -1.25248
0.268 -0.602474 -1.4402
0.269 -0.398096 -1.62623
0.27 -0.194157 -1.80994
0.271 0.00854318 -1.99071
0.272 0.20921 -2.16792
0.273 0.40705 -2.34097
0.274 0.601281 -2.50928
0.275 0.791127 -2.67226
0.276 0.975831 -2.82935
0.277 1.15465 -2.98002
0.278 1.32686 -3.12374
0.279 1.49176 -3.26002
0.28 1.64868 -3.38838
0.281 1.79698 -3.50839
0.282 1.93604 -3.61962
0.283 2.06528 -3.72169
0.284 2.18416 -3.81423
0.285 2.29219 -3.89694
0.286 2.38888 -3.96951
0.287 2.47384 -4.03169
0.288 2.54668 -4.08327
0.289 2.60707 -4.12407
0.29 2.65474 -4.15394
0.291 2.68947 -4.17277
0.292 2.71106 -4.18051
0.293 2.71941 -4.17713
0.294 2.71442 -4.16263
0.295 2.69609 -4.13707
0.296 2.66445 -4.10055
0.297 2.61958 -4.05319
0.298 2.56162 -3.99517
0.299 2.49078 -3.92668
0.3 2.40728 -3.84797
0.301 2.31144 -3.75933
0.302 2.20361 -3.66108
0.303 2.08417 -3.55355
0.304 1.95358 -3.43714
0.305 1.81233 -3.31225
0.306 1.66097 -3.17934
0.307 1.50006 -3.03888
0.308 1.33025 -2.89136
0.309 1.15218 -2.73732
0.31 0.966557 -2.57729
0.311 0.77411 -2.41185
0.312 0.575602 -2.24159
0.313 0.371821 -2.06711
0.314 0.163581 -1.88901
0.315 -0.0482825 -1.70795
0.316 -0.262916 -1.52454
0.317 -0.479451 -1.33944
0.318 -0.697009 -1.1533
0.319 -0.914701 -0.966769
0.32 -1.13164 -0.780499
0.321 -1.34692 -0.595138
0.322 -1.55967 -0.411331
0.323 -1.769 -0.229711
0.324 -1.97403 -0.0509054
0.325 -2.17391 0.124475
0.326 -2.36779 0.295832
0.327 -2.55486 0.462586
0.328 -2.73431 0.624177
0.329 -2.90538 0.780066
0.33 -3.06732 0.929738
0.331 -3.21944 1.0727
0.332 -3.36105 1.2085
0.333 -3.49154 1.3367
0.334 -3.61031 1.45689
0.335 -3.71683 1.56872
0.336 -3.81059 1.67184
0.337 -3.89115 1.76596
0.338 -3.95812 1.85081
0.339 -4.01115 1.92617
0.34 -4.04995 1.99185
0.341 -4.07431 2.0477
0.342 -4.08403 2.09362
0.343 -4.07901 2.12952
0.344 -4.05919 2.15539
0.345 -4.02457 2.17124
0.346 -3.97521 2.17711
0.347 -3.91123 2.17309
0.348 -3.83282 2.15932
0.349 -3.7402 2.13597
0.35 -3.63368 2.10323
0.351 -3.51361 2.06136
0.352 -3.3804 2.01063
0.353 -3.23451 1.95135
0.354 -3.07645 1.88389
0.355 -2.90679 1.8086
0.356 -2.72615 1.72592
0.357 -2.53518 1.63626
0.358 -2.33459 1.54011
0.359 -2.12511 1.43795
0.36 -1.90754 1.3303
0.361 -1.68268 1.21769
0.362 -1.45139 1.10067
0.363 -1.21455 0.979815
0.364 -0.973045 0.855709
0.365 -0.727808 0.728948
0.366 -0.479777 0.600134
0.367 -0.229905 0.469879
0.368 0.020845 0.338799
0.369 0.271502 0.207508
0.37 0.521096 0.0766234
0.371 0.768657 -0.0532441
0.372 1.01322 -0.181489
0.373 1.25383 -0.307514
0.374 1.48955 -0.430735
0.375 1.71946 -0.550578
0.376 1.94265 -0.666489
0.377 2.15824 -0.777929
0.378 2.3654 -0.884382
0.379 2.5633 -0.985354
0.38 2.75117 -1.08037
0.381 2.92827 -1.169
0.382 3.09389 -1.25082
0.383 3.24738 -1.32545
0.384 3.38814 -1.39253
0.385 3.51561 -1.45175
0.386 3.6293 -1.50283
0.387 3.72875 -1.54551
0.388 3.81358 -1.57959
0.389 3.88346 -1.60489
0.39 3.93811 -1.62128
0.391 3.97732 -1.62866
0.392 4.00096 -1.62698
0.393 4.00894 -1.61623
0.394 4.00124 -1.59642
0.395 3.9779 -1.56762
0.396 3.93904 -1.52993
0.397 3.88484 -1.48351
0.398 3.81552 -1.42852
0.399 3.7314 -1.36519
0.4 3.63282 -1.29377
0.401 3.52022 -1.21456
0.402 3.39407 -1.12788
0.403 3.25492 -1.03409
0.404 3.10335 -0.933581
0.405 2.94001 -0.826775
0.406 2.76559 -0.714122
0.407 2.58084 -0.596096
0.408 2.38654 -0.473197
0.409 2.18352 -0.345948
0.41 1.97265 -0.214891
0.411 1.75482 -0.0805852
0.412 1.53097 0.0563945
0.413 1.30205 0.19546
0.414 1.06905 0.336014
0.415 0.832965 0.477451
0.416 0.594808 0.619159
0.417 0.355608 0.760526
0.418 0.116397 0.900938
0.419 -0.121789 1.03979
0.42 -0.357916 1.17646
0.421 -0.590958 1.31038
0.422 -0.819897 1.44094
0.423 -1.04373 1.56757
0.424 -1.26147 1.68973
0.425 -1.47217 1.80686
0.426 -1.67488 1.91846
0.427 -1.8687 2.02402
0.428 -2.05277 2.12308
0.429 -2.22626 2.2152
0.43 -2.38837 2.29996
0.431 -2.53836 2.37698
0.432 -2.67555 2.44591
0.433 -2.79929 2.50643
0.434 -2.90899 2.55827
0.435 -3.00413 2.60118
0.436 -3.08422 2.63497
0.437 -3.14887 2.65946
0.438 -3.19772 2.67453
0.439 -3.2305 2.68011
0.44 -3.24699 2.67615
0.441 -3.24704 2.66264
0.442 -3.23058 2.63964
0.443 -3.1976 2.60722
0.444 -3.14816 2.56552
0.445 -3.08238 2.5147
0.446 -3.00047 2.45496
0.447 -2.90269 2.38656
0.448 -2.78937 2.30979
0.449 -2.66093 2.22496
0.45 -2.51782 2.13244
0.451 -2.36056 2.03263
0.452 -2.18976 1.92596
0.453 -2.00606 1.81288
0.454 -1.81016 1.6939
0.455 -1.60283 1.56953
0.456 -1.38487 1.44032
0.457 -1.15714 1.30685
0.458 -0.920549 1.16969
0.459 -0.676031 1.02948
0.46 -0.424569 0.886824
0.461 -0.167175 0.742374
0.462 0.0951104 0.596781
0.463 0.36122 0.450706
0.464 0.630066 0.304815
0.465 0.900547 0.159778
0.466 1.17155 0.0162623
0.467 1.44195 -0.125065
0.468 1.71062 -0.263545
0.469 1.97645 -0.398525
0.47 2.23832 -0.529367
0.471 2.49512 -0.655446
0.472 2.74577 -0.776152
0.473 2.9892 -0.8909
0.474 3.22438 -0.999123
0.475 3.45028 -1.10028
0.476 3.66593 -1.19386
0.477 3.87038 -1.27938
0.478 4.06275 -1.35639
0.479 4.24218 -1.42447
0.48 4.40785 -1.48324
0.481 4.55903 -1.53236
0.482 4.69502 -1.57153
0.483 4.81518 -1.60048
0.484 4.91893 -1.619
0.485 5.00577 -1.62692
0.486 5.07526 -1.62409
0.487 5.12702 -1.61045
0.488 5.16075 -1.58594
0.489 5.17622 -1.55058
0.49 5.17327 -1.50443
0.491 5.15183 -1.44758
0.492 5.11187 -1.38019
0.493 5.05347 -1.30245
0.494 4.97677 -1.2146
0.495 4.88198 -1.11694
0.496 4.76941 -1.00979
0.497 4.63941 -0.893537
0.498 4.49242 -0.768589
0.499 4.32894 -0.635407
0.5 4.14956 -0.494488
0.501 3.95492 -0.346367
0.502 3.74572 -0.191613
0.503 3.52273 -0.0308293
0.504 3.28677 0.135352
0.505 3.03874 0.306268
0.506 2.77955 0.481232
0.507 2.51021 0.659534
0.508 2.23172 0.840442
0.509 1.94517 1.02321
0.51 1.65165 1.20707
0.511 1.35231 1.39126
0.512 1.04829 1.57498
0.513 0.740795 1.75745
0.514 0.431022 1.93789
0.515 0.120188 2.1155
0.516 -0.190482 2.2895
0.517 -0.499759 2.45911
0.518 -0.806416 2.62357
0.519 -1.10923 2.78213
0.52 -1.407 2.93405
0.521 -1.69854 3.07862
0.522 -1.98266 3.21515
0.523 -2.25823 3.34298
0.524 -2.52413 3.46147
0.525 -2.7793 3.57002
0.526 -3.02268 3.66807
0.527 -3.2533 3.75507
0.528 -3.4702 3.83055
0.529 -3.6725 3.89405
0.53 -3.85936 3.94516
0.531 -4.03001 3.98353
0.532 -4.18374 4.00885
0.533 -4.3199 4.02085
0.534 -4.43793 4.01932
0.535 -4.53731 4.0041
0.536 -4.61762 3.97508
0.537 -4.6785 3.9322
0.538 -4.71968 3.87547
0.539 -4.74097 3.80493
0.54 -4.74225 3.72071
0.541 -4.72348 3.62294
0.542 -4.68472 3.51186
0.543 -4.62608 3.38773
0.544 -4.54777 3.25088
0.545 -4.45009 3.10166
0.546 -4.33341 2.94052
0.547 -4.19816 2.76792
0.548 -4.04487 2.58439
0.549 -3.87415 2.39048
0.55 -3.68666 2.18681
0.551 -3.48313 1.97403
0.552 -3.26439 1.75283
0.553 -3.03129 1.52393
0.554 -2.78478 1.28811
0.555 -2.52583 1.04615
0.556 -2.2555 0.798874
0.557 -1.97487 0.547129
0.558 -1.68509 0.291783
0.559 -1.38733 0.0337238
0.56 -1.08279 -0.226145
0.561 -0.772738 -0.486908
0.562 -0.45843 -0.747643
0.563 -0.14116 -1.00742
0.564 0.177765 -1.26531
0.565 0.497027 -1.52038
0.566 0.815303 -1.77172
0.567 1.13127 -2.0184
0.568 1.44361 -2.25954
0.569 1.75102 -2.49425
0.57 2.0522 -2.72166
0.571 2.34589 -2.94093
0.572 2.63084 -3.15126
0.573 2.90585 -3.35187
0.574 3.16973 -3.54199
0.575 3.42136 -3.72093
0.576 3.65965 -3.88801
0.577 3.88355 -4.04259
0.578 4.09209 -4.18409
0.579 4.28435 -4.31198
0.58 4.45947 -4.42575
0.581 4.61665 -4.52498
0.582 4.75516 -4.60928
0.583 4.87437 -4.67831
0.584 4.97369 -4.73181
0.585 5.05264 -4.76955
0.586 5.11078 -4.79139
0.587 5.1478 -4.79721
0.588 5.16344 -4.787
0.589 5.15754 -4.76076
0.59 5.13002 -4.71858
0.591 5.08089 -4.6606
0.592 5.01025 -4.58703
0.593 4.91828 -4.49814
0.594 4.80524 -4.39424
0.595 4.6715 -4.27571
0.596 4.51748 -4.143
0.597 4.34372 -3.99658
0.598 4.15081 -3.83701
0.599 3.93943 -3.66487
0.6 3.71033 -3.48082
0.601 3.46436 -3.28553
0.602 3.20239 -3.07975
0.603 2.92541 -2.86426
0.604 2.63443 -2.63985
0.605 2.33054 -2.4074
0.606 2.01489 -2.16776
0.607 1.68866 -1.92186
0.608 1.35309 -1.67062
0.609 1.00945 -1.41502
0.61 0.659065 -1.15601
0.611 0.303271 -0.894598
0.612 -0.0565661 -0.631774
0.613 -0.419057 -0.368548
0.614 -0.782803 -0.10593
0.615 -1.14639 0.155072
0.616 -1.50841 0.413452
0.617 -1.86746 0.668216
0.618 -2.22212 0.918382
0.619 -2.57102 1.16298
0.62 -2.91279 1.40107
0.621 -3.24608 1.63173
0.622 -3.56959 1.85406
0.623 -3.88204 2.06719
0.624 -4.18219 2.27031
0.625 -4.46885 2.46261
0.626 -4.7409 2.64336
0.627 -4.99724 2.81183
0.628 -5.23686 2.96737
0.629 -5.45879 3.10937
0.63 -5.66216 3.23726
0.631 -5.84613 3.35055
0.632 -6.00998 3.44878
0.633 -6.15303 3.53156
0.634 -6.27471 3.59856
0.635 -6.37451 3.6495
0.636 -6.45202 3.68417
0.637 -6.50691 3.70243
0.638 -6.53896 3.70418
0.639 -6.54801 3.68942
0.64 -6.53401 3.65817
0.641 -6.49699 3.61055
0.642 -6.43708 3.54672
0.643 -6.35449 3.46692
0.644 -6.24954 3.37144
0.645 -6.12262 3.26064
0.646 -5.97421 3.13492
0.647 -5.80489 2.99477
0.648 -5.61531 2.8407
0.649 -5.40619 2.67331
0.65 -5.17836 2.49322
0.651 -4.9327 2.30112
0.652 -4.67017 2.09773
0.653 -4.39179 1.88384
0.654 -4.09866 1.66025
0.655 -3.79193 1.42782
0.656 -3.4728 1.18744
0.657 -3.14252 0.940021
0.658 -2.8024 0.686511
0.659 -2.45377 0.427879
0.66 -2.09802 0.165115
0.661 -1.73654 -0.100775
0.662 -1.37077 -0.368775
0.663 -1.00215 -0.637858
0.664 -0.63213 -0.906993
0.665 -0.262185 -1.17515
0.666 0.106224 -1.4413
0.667 0.471638 -1.70443
0.668 0.832608 -1.96353
0.669 1.1877 -2.21761
0.67 1.53552 -2.46569
0.671 1.87467 -2.70683
0.672 2.20382 -2.9401
0.673 2.52165 -3.16462
0.674 2.82691 -3.37953
0.675 3.11839 -3.584
0.676 3.39493 -3.77726
0.677 3.65544 -3.95858
0.678 3.89888 -4.12726
0.679 4.12429 -4.28267
0.68 4.33078 -4.42422
0.681 4.51753 -4.55138
0.682 4.68381 -4.66367
0.683 4.82896 -4.76066
0.684 4.95242 -4.84201
0.685 5.0537 -4.90741
0.686 5.13241 -4.95662
0.687 5.18825 -4.98947
0.688 5.22102 -5.00586
0.689 5.23059 -5.00572
0.69 5.21694 -4.98909
0.691 5.18015 -4.95605
0.692 5.12038 -4.90673
0.693 5.0379 -4.84134
0.694 4.93305 -4.76017
0.695 4.80627 -4.66353
0.696 4.6581 -4.55183
0.697 4.48916 -4.4255
0.698 4.30015 -4.28505
0.699 4.09184 -4.13105
0.7 3.86512 -3.9641
0.701 3.62091 -3.78487
0.702 3.36023 -3.59405
0.703 3.08415 -3.39241
0.704 2.79381 -3.18072
0.705 2.49043 -2.95983
0.706 2.17524 -2.73059
0.707 1.84955 -2.4939
0.708 1.51471 -2.25067
0.709 1.1721 -2.00186
0.71 0.82314 -1.74843
0.711 0.469272 -1.49135
0.712 0.111961 -1.23162
0.713 -0.247312 -0.97023
0.714 -0.60706 -0.708192
0.715 -0.96579 -0.446507
0.716 -1.32201 -0.186171
0.717 -1.67425 0.0718243
0.718 -2.02103 0.326502
0.719 -2.36091 0.576899
0.72 -2.69248 0.822075
0.721 -3.01435 1.06111
0.722 -3.32518 1.29312
0.723 -3.62365 1.51723
0.724 -3.90852 1.73263
0.725 -4.17859 1.93853
0.726 -4.43271 2.13417
0.727 -4.66981 2.31887
0.728 -4.88888 2.49195
0.729 -5.08898 2.65282
0.73 -5.26926 2.80091
0.731 -5.42892 2.93572
0.732 -5.56728 3.05682
0.733 -5.68372 3.1638
0.734 -5.77772 3.25634
0.735 -5.84884 3.33416
0.736 -5.89675 3.39707
0.737 -5.9212 3.4449
0.738 -5.92203 3.47758
0.739 -5.89919 3.49508
0.74 -5.85272 3.49744
0.741 -5.78276 3.48477
0.742 -5.68954 3.45723
0.743 -5.57337 3.41505
0.744 -5.43469 3.3585
0.745 -5.27401 3.28795
0.746 -5.09192 3.20377
0.747 -4.8891 3.10645
0.748 -4.66635 2.99648
0.749 -4.4245 2.87442
0.75 -4.16449 2.7409
0.751 -3.88732 2.59657
0.752 -3.59408 2.44212
0.753 -3.28591 2.2783
0.754 -2.964 2.1059
0.755 -2.62963 1.92572
0.756 -2.28411 1.73862
0.757 -1.92878 1.54545
0.758 -1.56506 1.34713
0.759 -1.19438 1.14456
0.76 -0.818202 0.938685
0.761 -0.438014 0.730439
0.762 -0.0553216 0.52078
0.763 0.328359 0.310663
0.764 0.711506 0.101048
0.765 1.0926 -0.107113
0.766 1.47012 -0.312872
0.767 1.84258 -0.515296
0.768 2.20849 -0.713465
0.769 2.5664 -0.90648
0.77 2.91488 -1.09346
0.771 3.25255 -1.27357
0.772 3.57806 -1.44597
0.773 3.89012 -1.60988
0.774 4.18748 -1.76457
0.775 4.46897 -1.9093
0.776 4.73346 -2.04343
0.777 4.97991 -2.16633
0.778 5.20734 -2.27742
0.779 5.41483 -2.3762
0.78 5.60158 -2.46219
0.781 5.76685 -2.53498
0.782 5.90998 -2.59421
0.783 6.03041 -2.63959
0.784 6.12767 -2.67088
0.785 6.20139 -2.68791
0.786 6.25128 -2.69055
0.787 6.27717 -2.67875
0.788 6.27896 -2.65253
0.789 6.25667 -2.61195
0.79 6.21041 -2.55714
0.791 6.14038 -2.4883
0.792 6.04688 -2.40569
0.793 5.93032 -2.30961
0.794 5.79119 -2.20043
0.795 5.63007 -2.0786
0.796 5.44765 -1.94458
0.797 5.24467 -1.79892
0.798 5.02199 -1.6422
0.799 4.78053 -1.47506
0.8 4.5213 -1.29818
0.801 4.24538 -1.11228
0.802 3.9539 -0.918135
0.803 3.64809 -0.716538
0.804 3.3292 -0.508325
0.805 2.99856 -0.294361
0.806 2.65754 -0.0755365
0.807 2.30755 0.147235
0.808 1.95005 0.373022
0.809 1.58652 0.600875
0.81 1.21847 0.829837
0.811 0.847418 1.05894
0.812 0.474915 1.28722
0.813 0.102504 1.51371
0.814 -0.268265 1.73744
0.815 -0.635852 1.95746
0.816 -0.998724 2.17283
0.817 -1.35537 2.38263
0.818 -1.70431 2.58596
0.819 -2.04407 2.78193
0.82 -2.37325 2.9697
0.821 -2.69046 3.14846
0.822 -2.99437 3.31741
0.823 -3.28371 3.47583
0.824 -3.55726 3.623
0.825 -3.81387 3.75827
0.826 -4.05245 3.88104
0.827 -4.272 3.99075
0.828 -4.47156 4.0869
0.829 -4.65031 4.16903
0.83 -4.80745 4.23675
0.831 -4.94233 4.28974
0.832 -5.05434 4.32772
0.833 -5.14298 4.35047
0.834 -5.20787 4.35786
0.835 -5.24869 4.34979
0.836 -5.26525 4.32625
0.837 -5.25742 4.28729
0.838 -5.22522 4.23299
0.839 -5.16874 4.16355
0.84 -5.08816 4.07919
0.841 -4.98378 3.98021
0.842 -4.85601 3.86698
0.843 -4.70531 3.7399
0.844 -4.53229 3.59946
0.845 -4.33761 3.44618
0.846 -4.12204 3.28066
0.847 -3.88643 3.10355
0.848 -3.63172 2.91552
0.849 -3.35893 2.71731
0.85 -3.06914 2.50971
0.851 -2.76353 2.29354
0.852 -2.44331 2.06966
0.853 -2.10979 1.83896
0.854 -1.7643 1.60236
0.855 -1.40826 1.36083
0.856 -1.0431 1.11532
0.857 -0.670307 0.866844
0.858 -0.291404 0.616401
0.859 0.0920638 0.365012
0.86 0.47853 0.113703
0.861 0.866411 -0.136496
0.862 1.25412 -0.384559
0.863 1.64005 -0.629464
0.864 2.02263 -0.8702
0.865 2.40027 -1.10577
0.866 2.77141 -1.3352
0.867 3.13452 -1.55752
0.868 3.48808 -1.77181
0.869 3.83063 -1.97718
0.87 4.16073 -2.17274
0.871 4.477 -2.35769
0.872 4.77811 -2.53122
0.873 5.0628 -2.6926
0.874 5.32986 -2.84113
0.875 5.57814 -2.97617
0.876 5.8066 -3.09714
0.877 6.01424 -3.20348
0.878 6.20017 -3.29474
0.879 6.36356 -3.37048
0.88 6.50369 -3.43037
0.881 6.61993 -3.4741
0.882 6.71173 -3.50146
0.883 6.77867 -3.51228
0.884 6.82039 -3.50648
0.885 6.83665 -3.48403
0.886 6.82732 -3.44497
0.887 6.79236 -3.38942
0.888 6.73185 -3.31757
0.889 6.64593 -3.22965
0.89 6.5349 -3.12598
0.891 6.39913 -3.00693
0.892 6.23908 -2.87296
0.893 6.05534 -2.72457
0.894 5.84856 -2.56233
0.895 5.61951 -2.38685
0.896 5.36905 -2.19882
0.897 5.0981 -1.99897
0.898 4.8077 -1.78809
0.899 4.49895 -1.567
0.9 4.17302 -1.3366
0.901 3.83116 -1.09778
0.902 3.47469 -0.851511
0.903 3.10497 -0.598777
0.904 2.72343 -0.340596
0.905 2.33156 -0.0780111
0.906 1.93087 0.187911
0.907 1.52292 0.456088
0.908 1.1093 0.725423
0.909 0.691623 0.994813
0.91 0.271518 1.26315
0.911 -0.149371 1.52932
0.912 -0.569396 1.79222
0.913 -0.986911 2.05075
0.914 -1.40028 2.30384
0.915 -1.80787 2.55042
0.916 -2.2081 2.78944
0.917 -2.59938 3.01989
0.918 -2.98017 3.24079
0.919 -3.34898 3.45117
0.92 -3.70435 3.65014
0.921 -4.04489 3.83681
0.922 -4.36924 4.01036
0.923 -4.67614 4.17001
0.924 -4.96437 4.31504
0.925 -5.2328 4.44478
0.926 -5.48037 4.55861
0.927 -5.7061 4.65599
0.928 -5.90911 4.73643
0.929 -6.0886 4.7995
0.93 -6.24385 4.84485
0.931 -6.37428 4.87219
0.932 -6.47935 4.88131
0.933 -6.55868 4.87204
0.934 -6.61194 4.84432
0.935 -6.63895 4.79815
0.936 -6.6396 4.73359
0.937 -6.6139 4.65078
0.938 -6.56196 4.54993
0.939 -6.48402 4.43133
0.94 -6.38039 4.29533
0.941 -6.25149 4.14236
0.942 -6.09787 3.97289
0.943 -5.92014 3.78749
0.944 -5.71903 3.58676
0.945 -5.49537 3.37141
0.946 -5.25006 3.14215
0.947 -4.9841 2.89978
0.948 -4.69857 2.64515
0.949 -4.39463 2.37916
0.95 -4.07352 2.10275
0.951 -3.73654 1.8169
0.952 -3.38506 1.52264
0.953 -3.02052 1.22102
0.954 -2.64438 0.913137
0.955 -2.25818 0.600106
0.956 -1.8635 0.283065
0.957 -1.46192 -0.0368301
0.958 -1.0551 -0.35841
0.959 -0.644682 -0.680495
0.96 -0.232338 -1.0019
0.961 0.180251 -1.32145
0.962 0.591402 -1.63797
0.963 0.999439 -1.95027
0.964 1.4027 -2.25722
0.965 1.79953 -2.55768
0.966 2.18831 -2.85053
0.967 2.56745 -3.13469
0.968 2.93539 -3.40911
0.969 3.29064 -3.67277
0.97 3.63172 -3.9247
0.971 3.95723 -4.16395
0.972 4.26584 -4.38965
0.973 4.55626 -4.60096
0.974 4.8273 -4.7971
0.975 5.07783 -4.97735
0.976 5.30681 -5.14104
0.977 5.51327 -5.28757
0.978 5.69636 -5.41641
0.979 5.85529 -5.52708
0.98 5.9894 -5.6192
0.981 6.09809 -5.69243
0.982 6.18089 -5.74652
0.983 6.23744 -5.78128
0.984 6.26745 -5.79661
0.985 6.27078 -5.79246
0.986 6.24735 -5.76889
0.987 6.19724 -5.726
0.988 6.12058 -5.66398
0.989 6.01766 -5.5831
0.99 5.88884 -5.48368
0.991 5.7346 -5.36614
0.992 5.55551 -5.23094
0.993 5.35226 -5.07864
0.994 5.12561 -4.90982
0.995 4.87644 -4.72518
0.996 4.60571 -4.52543
0.997 4.31447 -4.31136
0.998 4.00383 -4.08382
0.999 3.67502 -3.84371
1 3.32932 -3.59195
