0.001 3.38905e-008 2.61329e-009
0.002 3.0886e-007 2.09838e-008
0.003 1.45726e-006 8.70545e-008
0.004 4.83056e-006 2.55374e-007
0.005 1.27902e-005 6.05483e-007
0.006 2.89885e-005 1.24594e-006
0.007 5.86371e-005 2.32039e-006
0.008 0.00010876 4.01615e-006
0.009 0.00018843 6.5756e-006
0.01 0.000308985 1.03108e-005
0.011 0.000484222 1.56216e-005
0.012 0.000730567 2.30175e-005
0.013 0.00106722 3.31438e-005
0.014 0.00151629 4.68113e-005
0.015 0.00210284 6.50308e-005
0.016 0.002855 8.9052e-005
0.017 0.00380395 0.000120406
0.018 0.00498397 0.000160955
0.019 0.00643233 0.000212939
0.02 0.00818929 0.000279038
0.021 0.010298 0.000362427
0.022 0.0128042 0.00046684
0.023 0.0157564 0.000596639
0.024 0.0192052 0.00075688
0.025 0.0232036 0.000953386
0.026 0.0278064 0.00119282
0.027 0.0330698 0.00148277
0.028 0.0390513 0.0018318
0.029 0.0458095 0.00224956
0.03 0.0534034 0.00274683
0.031 0.061892 0.00333561
0.032 0.0713343 0.00402919
0.033 0.0817885 0.00484222
0.034 0.0933114 0.00579079
0.035 0.105959 0.00689244
0.036 0.119783 0.00816629
0.037 0.134836 0.00963303
0.038 0.151165 0.011315
0.039 0.168814 0.0132362
0.04 0.187824 0.0154223
0.041 0.208229 0.0179008
0.042 0.230061 0.0207008
0.043 0.253345 0.0238531
0.044 0.278101 0.0273903
0.045 0.304341 0.0313467
0.046 0.332072 0.0357582
0.047 0.361294 0.0406622
0.048 0.391999 0.0460976
0.049 0.424171 0.052105
0.05 0.457787 0.0587261
0.051 0.492814 0.0660039
0.052 0.529212 0.0739825
0.053 0.566933 0.0827069
0.054 0.605918 0.0922231
0.055 0.646101 0.102577
0.056 0.687407 0.113817
0.057 0.729751 0.125989
0.058 0.77304 0.139141
0.059 0.817173 0.153319
0.06 0.862038 0.168571
0.061 0.907518 0.184942
0.062 0.953486 0.202478
0.063 0.999806 0.221221
0.064 1.04634 0.241215
0.065 1.09293 0.2625
0.066 1.13944 0.285114
0.067 1.18568 0.309093
0.068 1.23151 0.33447
0.069 1.27675 0.361276
0.07 1.32122 0.389537
0.071 1.36475 0.419276
0.072 1.40714 0.450513
0.073 1.44823 0.483262
0.074 1.48782 0.517533
0.075 1.52573 0.553332
0.076 1.56177 0.590658
0.077 1.59577 0.629507
0.078 1.62753 0.669866
0.079 1.65689 0.711719
0.08 1.68367 0.755041
0.081 1.7077 0.799804
0.082 1.72882 0.845969
0.083 1.74687 0.893493
0.084 1.7617 0.942325
0.085 1.77318 0.992408
0.086 1.78118 1.04367
0.087 1.78557 1.09605
0.088 1.78625 1.14946
0.089 1.78312 1.20382
0.09 1.7761 1.25902
0.091 1.76511 1.31497
0.092 1.7501 1.37155
0.093 1.73104 1.42865
0.094 1.70788 1.48615
0.095 1.68063 1.5439
0.096 1.64929 1.60178
0.097 1.61387 1.65964
0.098 1.57443 1.71732
0.099 1.531 1.77468
0.1 1.48368 1.83154
0.101 1.43255 1.88775
0.102 1.37771 1.94312
0.103 1.3193 1.99748
0.104 1.25745 2.05065
0.105 1.19232 2.10245
0.106 1.1241 2.15268
0.107 1.05296 2.20117
0.108 0.979131 2.24772
0.109 0.902822 2.29214
0.11 0.824274 2.33424
0.111 0.743739 2.37383
0.112 0.661481 2.41071
0.113 0.577777 2.44471
0.114 0.492915 2.47564
0.115 0.407193 2.50331
0.116 0.320919 2.52755
0.117 0.234409 2.54819
0.118 0.147984 2.56506
0.119 0.0619729 2.578
0.12 -0.0232916 2.58686
0.121 -0.107474 2.59149
0.122 -0.190238 2.59176
0.123 -0.271245 2.58755
0.124 -0.350159 2.57874
0.125 -0.426646 2.56522
0.126 -0.500377 2.5469
0.127 -0.571028 2.52369
0.128 -0.63828 2.49555
0.129 -0.701826 2.4624
0.13 -0.761367 2.42421
0.131 -0.816614 2.38095
0.132 -0.867294 2.33262
0.133 -0.913145 2.27921
0.134 -0.953923 2.22076
0.135 -0.989398 2.1573
0.136 -1.01936 2.08887
0.137 -1.04362 2.01556
0.138 -1.062 1.93745
0.139 -1.07436 1.85465
0.14 -1.08057 1.76727
0.141 -1.08052 1.67546
0.142 -1.07414 1.57937
0.143 -1.06137 1.47917
0.144 -1.04218 1.37506
0.145 -1.01656 1.26723
0.146 -0.984542 1.15592
0.147 -0.946174 1.04135
0.148 -0.90153 0.923771
0.149 -0.850716 0.80346
0.15 -0.79386 0.680691
0.151 -0.731122 0.555758
0.152 -0.662684 0.428964
0.153 -0.588758 0.300629
0.154 -0.509579 0.171077
0.155 -0.42541 0.0406472
0.156 -0.336537 -0.0903152
0.157 -0.243269 -0.221456
0.158 -0.14594 -0.352416
0.159 -0.0449029 -0.482829
0.16 0.0594657 -0.612324
0.161 0.166772 -0.740529
0.162 0.276602 -0.867068
0.163 0.388528 -0.991564
0.164 0.502105 -1.11364
0.165 0.616875 -1.23293
0.166 0.732369 -1.34906
0.167 0.848106 -1.46166
0.168 0.9636 -1.57038
0.169 1.07836 -1.67486
0.17 1.19187 -1.77476
0.171 1.30366 -1.86974
0.172 1.4132 -1.95949
0.173 1.52 -2.04369
0.174 1.62357 -2.12205
0.175 1.72342 -2.19428
0.176 1.81905 -2.26013
0.177 1.91001 -2.31934
0.178 1.99583 -2.3717
0.179 2.07607 -2.41698
0.18 2.15028 -2.455
0.181 2.21807 -2.4856
0.182 2.27904 -2.50862
0.183 2.33281 -2.52396
0.184 2.37905 -2.53152
0.185 2.41743 -2.53122
0.186 2.44765 -2.52301
0.187 2.46944 -2.50688
0.188 2.48257 -2.48283
0.189 2.48684 -2.4509
0.19 2.48207 -2.41114
0.191 2.46811 -2.36364
0.192 2.44487 -2.30851
0.193 2.41227 -2.24589
0.194 2.37027 -2.17596
0.195 2.31888 -2.09889
0.196 2.25814 -2.01491
0.197 2.18811 -1.92427
0.198 2.10892 -1.82723
0.199 2.02071 -1.72409
0.2 1.92367 -1.61517
0.201 1.81802 -1.5008
0.202 1.70402 -1.38136
0.203 1.58197 -1.25721
0.204 1.4522 -1.12877
0.205 1.31506 -0.996455
0.206 1.17096 -0.860704
0.207 1.02032 -0.721971
0.208 0.863603 -0.580725
0.209 0.701294 -0.437447
0.21 0.533906 -0.29263
0.211 0.361978 -0.146776
0.212 0.186071 -0.000394994
0.213 0.00676926 0.145996
0.214 -0.175325 0.291876
0.215 -0.359593 0.436722
0.216 -0.545399 0.58001
0.217 -0.732098 0.721216
0.218 -0.919033 0.859819
0.219 -1.10554 0.995305
0.22 -1.29095 1.12716
0.221 -1.47459 1.2549
0.222 -1.6558 1.37801
0.223 -1.83389 1.49603
0.224 -2.00823 1.60849
0.225 -2.17814 1.71495
0.226 -2.34298 1.81497
0.227 -2.50214 1.90814
0.228 -2.65499 1.99407
0.229 -2.80094 2.0724
0.23 -2.93942 2.14277
0.231 -3.06989 2.20488
0.232 -3.19181 2.25843
0.233 -3.3047 2.30315
0.234 -3.40809 2.33881
0.235 -3.50156 2.36521
0.236 -3.58469 2.38216
0.237 -3.65715 2.38954
0.238 -3.7186 2.38723
0.239 -3.76876 2.37515
0.24 -3.8074 2.35327
0.241 -3.83431 2.32156
0.242 -3.84935 2.28007
0.243 -3.85239 2.22885
0.244 -3.84338 2.168
0.245 -3.8223 2.09765
0.246 -3.78917 2.01796
0.247 -3.74407 1.92913
0.248 -3.68712 1.83139
0.249 -3.61848 1.725
0.25 -3.53838 1.61027
0.251 -3.44705 1.48752
0.252 -3.34481 1.3571
0.253 -3.23201 1.21941
0.254 -3.10903 1.07486
0.255 -2.9763 0.923885
0.256 -2.83429 0.766954
0.257 -2.68352 0.604556
0.258 -2.52453 0.437202
0.259 -2.3579 0.265423
0.26 -2.18423 0.0897685
0.261 -2.00419 -0.0891969
0.262 -1.81843 -0.270893
0.263 -1.62766 -0.454728
0.264 -1.43259 -0.640098
0.265 -1.23396 -0.826394
0.266 -1.03254 -1.013
0.267 -0.829095 -1.19929
0.268 -0.624407 -1.38465
0.269 -0.419271 -1.56845
0.27 -0.214484 -1.75008
0.271 -0.0108456 -1.92893
0.272 0.190845 -2.10438
0.273 0.389793 -2.27585
0.274 0.58521 -2.44274
0.275 0.77632 -2.60449
0.276 0.962359 -2.76055
0.277 1.14258 -2.91038
0.278 1.31626 -3.05346
0.279 1.48268 -3.18931
0.28 1.64118 -3.31744
0.281 1.79111 -3.43743
0.282 1.93184 -3.54885
0.283 2.06278 -3.65132
0.284 2.1834 -3.74449
0.285 2.29318 -3.82802
0.286 2.39166 -3.90163
0.287 2.4784 -3.96507
0.288 2.55304 -4.0181
0.289 2.61523 -4.06056
0.29 2.66468 -4.09229
0.291 2.70118 -4.11318
0.292 2.72452 -4.12317
0.293 2.73459 -4.12221
0.294 2.73129 -4.11032
0.295 2.7146 -4.08755
0.296 2.68455 -4.05396
0.297 2.64122 -4.0097
0.298 2.58474 -3.95491
0.299 2.5153 -3.88979
0.3 2.43315 -3.81459
0.301 2.33857 -3.72956
0.302 2.2319 -3.63502
0.303 2.11355 -3.5313
0.304 1.98395 -3.41878
0.305 1.84359 -3.29785
0.306 1.69301 -3.16895
0.307 1.53278 -3.03255
0.308 1.36353 -2.88912
0.309 1.18592 -2.73919
0.31 1.00063 -2.58328
0.311 0.808397 -2.42194
0.312 0.609982 -2.25577
0.313 0.406171 -2.08533
0.314 0.197777 -1.91125
0.315 -0.0143661 -1.73413
0.316 -0.229404 -1.5546
0.317 -0.44647 -1.3733
0.318 -0.664681 -1.19086
0.319 -0.883151 -1.00793
0.32 -1.10099 -0.825134
0.321 -1.31729 -0.643123
0.322 -1.53118 -0.462526
0.323 -1.74175 -0.283969
0.324 -1.94814 -0.108068
0.325 -2.14949 0.0645747
0.326 -2.34494 0.233369
0.327 -2.53367 0.397742
0.328 -2.71488 0.557142
0.329 -2.88779 0.711035
0.33 -3.05166 0.858912
0.331 -3.20577 1.00029
0.332 -3.34946 1.13471
0.333 -3.48207 1.26174
0.334 -3.60303 1.38099
0.335 -3.71177 1.49208
0.336 -3.80781 1.59469
0.337 -3.89067 1.68852
0.338 -3.95996 1.7733
0.339 -4.01533 1.84881
0.34 -4.05649 1.91485
0.341 -4.08319 1.97127
0.342 -4.09525 2.01797
0.343 -4.09255 2.05487
0.344 -4.07502 2.08193
0.345 -4.04267 2.09916
0.346 -3.99553 2.1066
0.347 -3.93372 2.10434
0.348 -3.85742 2.0925
0.349 -3.76685 2.07124
0.35 -3.66231 2.04076
0.351 -3.54414 2.00129
0.352 -3.41274 1.9531
0.353 -3.26856 1.8965
0.354 -3.11212 1.83182
0.355 -2.94398 1.75943
0.356 -2.76474 1.67974
0.357 -2.57506 1.59316
0.358 -2.37563 1.50015
0.359 -2.1672 1.4012
0.36 -1.95054 1.2968
0.361 -1.72647 1.18749
0.362 -1.49583 1.07378
0.363 -1.2595 0.95626
0.364 -1.01838 0.835484
0.365 -0.773377 0.712039
0.366 -0.525445 0.586518
0.367 -0.275532 0.459521
0.368 -0.024604 0.33165
0.369 0.22637 0.203511
0.37 0.476416 0.0757083
0.371 0.724563 -0.0511572
0.372 0.969843 -0.17649
0.373 1.2113 -0.299703
0.374 1.44799 -0.42022
0.375 1.67898 -0.537478
0.376 1.90337 -0.650929
0.377 2.12028 -0.760043
0.378 2.32886 -0.86431
0.379 2.52827 -0.963242
0.38 2.71775 -1.05638
0.381 2.89653 -1.14327
0.382 3.06391 -1.22353
0.383 3.21924 -1.29675
0.384 3.36189 -1.3626
0.385 3.49131 -1.42076
0.386 3.60699 -1.47095
0.387 3.70847 -1.51292
0.388 3.79535 -1.54646
0.389 3.86729 -1.57139
0.39 3.92402 -1.58759
0.391 3.96531 -1.59494
0.392 3.99102 -1.59341
0.393 4.00104 -1.58296
0.394 3.99536 -1.56362
0.395 3.97401 -1.53544
0.396 3.93709 -1.49853
0.397 3.88477 -1.45302
0.398 3.81727 -1.39909
0.399 3.73489 -1.33695
0.4 3.63798 -1.26684
0.401 3.52696 -1.18906
0.402 3.4023 -1.10392
0.403 3.26453 -1.01177
0.404 3.11424 -0.912988
0.405 2.95207 -0.807995
0.406 2.7787 -0.697226
0.407 2.59487 -0.581148
0.408 2.40136 -0.460252
0.409 2.19901 -0.335049
0.41 1.98866 -0.206071
0.411 1.77123 -0.073869
0.412 1.54762 0.0609931
0.413 1.31882 0.197937
0.414 1.08578 0.336375
0.415 0.849514 0.47571
0.416 0.611038 0.615342
0.417 0.371377 0.754666
0.418 0.131566 0.893079
0.419 -0.107358 1.02998
0.42 -0.344357 1.16477
0.421 -0.578401 1.29686
0.422 -0.808468 1.42567
0.423 -1.03355 1.55064
0.424 -1.25266 1.67122
0.425 -1.46483 1.78687
0.426 -1.66912 1.89709
0.427 -1.86462 2.00138
0.428 -2.05045 2.09927
0.429 -2.22578 2.19033
0.43 -2.38981 2.27415
0.431 -2.54179 2.35035
0.432 -2.68101 2.41858
0.433 -2.80683 2.47852
0.434 -2.91864 2.5299
0.435 -3.01591 2.57248
0.436 -3.09816 2.60606
0.437 -3.16496 2.63046
0.438 -3.21596 2.64556
0.439 -3.25087 2.65128
0.44 -3.26947 2.64757
0.441 -3.27159 2.63443
0.442 -3.25714 2.6119
0.443 -3.22611 2.58006
0.444 -3.17856 2.53903
0.445 -3.11458 2.48896
0.446 -3.03439 2.43007
0.447 -2.93822 2.36259
0.448 -2.82642 2.28681
0.449 -2.69936 2.20303
0.45 -2.55751 2.11162
0.451 -2.40138 2.01297
0.452 -2.23157 1.90749
0.453 -2.0487 1.79565
0.454 -1.85349 1.67792
0.455 -1.64668 1.55482
0.456 -1.42908 1.42689
0.457 -1.20153 1.29469
0.458 -0.964952 1.1588
0.459 -0.72027 1.01983
0.46 -0.468463 0.878397
0.461 -0.210544 0.735133
0.462 0.0524471 0.590685
0.463 0.319444 0.445704
0.464 0.589359 0.300851
0.465 0.861087 0.156788
0.466 1.13351 0.0141763
0.467 1.40551 -0.126323
0.468 1.67595 -0.264057
0.469 1.94371 -0.398379
0.47 2.20767 -0.528653
0.471 2.46672 -0.65426
0.472 2.71976 -0.774595
0.473 2.96573 -0.889073
0.474 3.20356 -0.997131
0.475 3.43224 -1.09823
0.476 3.65078 -1.19186
0.477 3.85824 -1.27754
0.478 4.05369 -1.35481
0.479 4.23628 -1.42326
0.48 4.40519 -1.48251
0.481 4.55966 -1.53221
0.482 4.69898 -1.57206
0.483 4.82251 -1.60179
0.484 4.92964 -1.62118
0.485 5.01987 -1.63006
0.486 5.09274 -1.62827
0.487 5.14786 -1.61574
0.488 5.18491 -1.59243
0.489 5.20365 -1.55832
0.49 5.20391 -1.51347
0.491 5.1856 -1.45798
0.492 5.14868 -1.39198
0.493 5.09322 -1.31567
0.494 5.01934 -1.22927
0.495 4.92726 -1.13307
0.496 4.81724 -1.02738
0.497 4.68965 -0.912581
0.498 4.5449 -0.789068
0.499 4.3835 -0.657293
0.5 4.20601 -0.517743
0.501 4.01306 -0.37094
0.502 3.80536 -0.217446
0.503 3.58366 -0.0578505
0.504 3.34878 0.107222
0.505 3.1016 0.27712
0.506 2.84305 0.451167
0.507 2.5741 0.628661
0.508 2.29579 0.808881
0.509 2.00916 0.991088
0.51 1.71534 1.17453
0.511 1.41544 1.35843
0.512 1.11064 1.54203
0.513 0.802116 1.72454
0.514 0.491083 1.90517
0.515 0.178757 2.08315
0.516 -0.133632 2.25769
0.517 -0.44485 2.42803
0.518 -0.753665 2.59341
0.519 -1.05885 2.75306
0.52 -1.35919 2.90627
0.521 -1.65348 3.05232
0.522 -1.94055 3.19052
0.523 -2.21923 3.32021
0.524 -2.48841 3.44075
0.525 -2.747 3.55154
0.526 -2.99395 3.652
0.527 -3.22824 3.7416
0.528 -3.44893 3.81986
0.529 -3.65511 3.8863
0.53 -3.84593 3.94052
0.531 -4.0206 3.98216
0.532 -4.1784 4.01089
0.533 -4.31866 4.02644
0.534 -4.44079 4.02858
0.535 -4.54427 4.01716
0.536 -4.62866 3.99204
0.537 -4.69358 3.95317
0.538 -4.73875 3.90052
0.539 -4.76395 3.83414
0.54 -4.76905 3.75412
0.541 -4.754 3.66061
0.542 -4.71882 3.55381
0.543 -4.66363 3.43397
0.544 -4.58862 3.3014
0.545 -4.49406 3.15646
0.546 -4.38032 2.99955
0.547 -4.24781 2.83114
0.548 -4.09705 2.65172
0.549 -3.92862 2.46185
0.55 -3.74319 2.26212
0.551 -3.54148 2.05317
0.552 -3.32429 1.83566
0.553 -3.09248 1.61032
0.554 -2.84698 1.37789
0.555 -2.58876 1.13914
0.556 -2.31887 0.894889
0.557 -2.03838 0.645963
0.558 -1.74844 0.393221
0.559 -1.45022 0.137535
0.56 -1.14493 -0.120203
0.561 -0.833815 -0.379089
0.562 -0.518143 -0.63821
0.563 -0.199209 -0.896646
0.564 0.121677 -1.15348
0.565 0.443191 -1.40778
0.566 0.764006 -1.65865
0.567 1.08279 -1.90517
0.568 1.39822 -2.14645
0.569 1.70898 -2.38161
0.57 2.01377 -2.60979
0.571 2.31131 -2.83015
0.572 2.60033 -3.04188
0.573 2.87963 -3.24421
0.574 3.148 -3.43636
0.575 3.4043 -3.61765
0.576 3.64743 -3.78737
0.577 3.87632 -3.94491
0.578 4.09 -4.08966
0.579 4.2875 -4.22108
0.58 4.46795 -4.33867
0.581 4.63055 -4.44198
0.582 4.77454 -4.53061
0.583 4.89926 -4.60423
0.584 5.00411 -4.66255
0.585 5.08857 -4.70533
0.586 5.15221 -4.7324
0.587 5.19468 -4.74366
0.588 5.2157 -4.73904
0.589 5.21509 -4.71855
0.59 5.19275 -4.68226
0.591 5.14867 -4.63028
0.592 5.08293 -4.56282
0.593 4.99568 -4.4801
0.594 4.88719 -4.38244
0.595 4.75777 -4.27018
0.596 4.60786 -4.14375
0.597 4.43796 -4.00361
0.598 4.24864 -3.85029
0.599 4.04059 -3.68435
0.6 3.81453 -3.50643
0.601 3.57128 -3.31719
0.602 3.31173 -3.11734
0.603 3.03683 -2.90764
0.604 2.7476 -2.68887
0.605 2.44511 -2.46188
0.606 2.1305 -2.22751
0.607 1.80495 -1.98667
0.608 1.4697 -1.74026
0.609 1.12602 -1.48923
0.61 0.775207 -1.23454
0.611 0.418616 -0.977153
0.612 0.057611 -0.718061
0.613 -0.306419 -0.458255
0.614 -0.67207 -0.198732
0.615 -1.03793 0.0595108
0.616 -1.40257 0.31548
0.617 -1.76459 0.56819
0.618 -2.12257 0.816667
0.619 -2.47511 1.05995
0.62 -2.82083 1.2971
0.621 -3.15839 1.5272
0.622 -3.48645 1.74936
0.623 -3.80372 1.96272
0.624 -4.10896 2.16645
0.625 -4.40095 2.35974
0.626 -4.67855 2.54187
0.627 -4.94064 2.7121
0.628 -5.1862 2.86977
0.629 -5.41423 3.01428
0.63 -5.62384 3.14504
0.631 -5.81417 3.26155
0.632 -5.98447 3.36334
0.633 -6.13405 3.45001
0.634 -6.2623 3.52121
0.635 -6.3687 3.57666
0.636 -6.45281 3.61613
0.637 -6.51429 3.63945
0.638 -6.55287 3.64652
0.639 -6.56837 3.63731
0.64 -6.56073 3.61183
0.641 -6.52996 3.57017
0.642 -6.47615 3.51248
0.643 -6.3995 3.43897
0.644 -6.3003 3.34991
0.645 -6.17893 3.24563
0.646 -6.03584 3.12653
0.647 -5.87158 2.99305
0.648 -5.68679 2.84569
0.649 -5.48219 2.68502
0.65 -5.25858 2.51163
0.651 -5.01681 2.32621
0.652 -4.75784 2.12944
0.653 -4.48268 1.92207
0.654 -4.19242 1.70491
0.655 -3.88818 1.47878
0.656 -3.57116 1.24453
0.657 -3.24262 1.00308
0.658 -2.90384 0.755338
0.659 -2.55617 0.502258
0.66 -2.20097 0.244807
0.661 -1.83964 -0.0160282
0.662 -1.47363 -0.279248
0.663 -1.10436 -0.543845
0.664 -0.733303 -0.808803
0.665 -0.361931 -1.07311
0.666 0.0082874 -1.33575
0.667 0.375886 -1.59572
0.668 0.739406 -1.85202
0.669 1.09741 -2.10368
0.67 1.44847 -2.34972
0.671 1.7912 -2.58921
0.672 2.12424 -2.82123
0.673 2.44626 -3.0449
0.674 2.75599 -3.25936
0.675 3.0522 -3.4638
0.676 3.33371 -3.65743
0.677 3.59941 -3.83952
0.678 3.84824 -4.00939
0.679 4.07922 -4.16638
0.68 4.29143 -4.30991
0.681 4.48404 -4.43943
0.682 4.65628 -4.55446
0.683 4.80748 -4.65457
0.684 4.93703 -4.73939
0.685 5.04444 -4.80861
0.686 5.12929 -4.86197
0.687 5.19124 -4.8993
0.688 5.23007 -4.92046
0.689 5.24564 -4.92539
0.69 5.23789 -4.91409
0.691 5.20688 -4.88663
0.692 5.15274 -4.84312
0.693 5.07572 -4.78377
0.694 4.97614 -4.70881
0.695 4.85441 -4.61856
0.696 4.71106 -4.51339
0.697 4.54668 -4.39372
0.698 4.36195 -4.26003
0.699 4.15764 -4.11287
0.7 3.93459 -3.95281
0.701 3.69373 -3.7805
0.702 3.43605 -3.59662
0.703 3.16263 -3.40189
0.704 2.87457 -3.19709
0.705 2.57309 -2.98301
0.706 2.25941 -2.76051
0.707 1.93485 -2.53045
0.708 1.60073 -2.29373
0.709 1.25844 -2.05127
0.71 0.909388 -1.80402
0.711 0.555023 -1.55294
0.712 0.19681 -1.299
0.713 -0.16377 -1.04319
0.714 -0.525224 -0.786477
0.715 -0.886052 -0.529861
0.716 -1.24476 -0.274325
0.717 -1.59985 -0.0208421
0.718 -1.94986 0.22962
0.719 -2.29332 0.476112
0.72 -2.62881 0.717702
0.721 -2.95492 0.95348
0.722 -3.2703 1.18256
0.723 -3.57361 1.4041
0.724 -3.86359 1.61726
0.725 -4.13902 1.82128
0.726 -4.39873 2.01539
0.727 -4.64162 2.19891
0.728 -4.86667 2.37116
0.729 -5.07291 2.53155
0.73 -5.25945 2.67952
0.731 -5.4255 2.81455
0.732 -5.57032 2.93619
0.733 -5.69328 3.04405
0.734 -5.79383 3.13779
0.735 -5.87151 3.21713
0.736 -5.92595 3.28185
0.737 -5.95688 3.33179
0.738 -5.96411 3.36685
0.739 -5.94758 3.38699
0.74 -5.90728 3.39225
0.741 -5.84334 3.3827
0.742 -5.75596 3.35851
0.743 -5.64544 3.31987
0.744 -5.51217 3.26705
0.745 -5.35664 3.20038
0.746 -5.17944 3.12025
0.747 -4.98123 3.02709
0.748 -4.76277 2.9214
0.749 -4.52488 2.80371
0.75 -4.26849 2.67463
0.751 -3.99459 2.53478
0.752 -3.70423 2.38486
0.753 -3.39856 2.22558
0.754 -3.07876 2.0577
0.755 -2.74609 1.88203
0.756 -2.40184 1.69938
0.757 -2.04739 1.51062
0.758 -1.68411 1.31661
0.759 -1.31345 1.11827
0.76 -0.936869 0.916505
0.761 -0.555853 0.712245
0.762 -0.171912 0.50643
0.763 0.213432 0.300003
0.764 0.598651 0.0939076
0.765 0.982217 -0.110913
0.766 1.36261 -0.313524
0.767 1.7383 -0.513001
0.768 2.10782 -0.708434
0.769 2.46968 -0.898931
0.77 2.82245 -1.08362
0.771 3.16473 -1.26166
0.772 3.49514 -1.43224
0.773 3.81238 -1.59456
0.774 4.11518 -1.74789
0.775 4.40233 -1.89152
0.776 4.6727 -2.02478
0.777 4.9252 -2.14705
0.778 5.15884 -2.25775
0.779 5.37268 -2.35637
0.78 5.56588 -2.44242
0.781 5.73767 -2.5155
0.782 5.88737 -2.57524
0.783 6.0144 -2.62133
0.784 6.11825 -2.65353
0.785 6.19852 -2.67165
0.786 6.25491 -2.67557
0.787 6.28719 -2.66521
0.788 6.29527 -2.64058
0.789 6.27911 -2.60173
0.79 6.23881 -2.54879
0.791 6.17454 -2.48192
0.792 6.08659 -2.40137
0.793 5.97532 -2.30745
0.794 5.84121 -2.20049
0.795 5.68483 -2.08093
0.796 5.50681 -1.94922
0.797 5.30792 -1.80589
0.798 5.08897 -1.6515
0.799 4.85087 -1.48668
0.8 4.59462 -1.3121
0.801 4.32128 -1.12845
0.802 4.03198 -0.936499
0.803 3.72792 -0.737022
0.804 3.41035 -0.530842
0.805 3.0806 -0.318809
0.806 2.74003 -0.1018
0.807 2.39006 0.119283
0.808 2.03213 0.34352
0.809 1.66772 0.569976
0.81 1.29835 0.797701
0.811 0.925556 1.02574
0.812 0.550877 1.25313
0.813 0.175871 1.47892
0.814 -0.197903 1.70215
0.815 -0.56889 1.92187
0.816 -0.935547 2.13714
0.817 -1.29635 2.34705
0.818 -1.64978 2.5507
0.819 -1.99438 2.7472
0.82 -2.3287 2.93572
0.821 -2.65134 3.11543
0.822 -2.96095 3.28555
0.823 -3.25622 3.44533
0.824 -3.53593 3.59408
0.825 -3.79887 3.73112
0.826 -4.04396 3.85585
0.827 -4.27013 3.9677
0.828 -4.47644 4.06616
0.829 -4.66199 4.15078
0.83 -4.82599 4.22113
0.831 -4.96773 4.2769
0.832 -5.08659 4.31778
0.833 -5.18203 4.34356
0.834 -5.25364 4.35408
0.835 -5.30107 4.34923
0.836 -5.32409 4.32898
0.837 -5.32256 4.29336
0.838 -5.29645 4.24246
0.839 -5.24583 4.17643
0.84 -5.17086 4.0955
0.841 -5.07181 3.99994
0.842 -4.94904 3.8901
0.843 -4.80302 3.76637
0.844 -4.63431 3.62922
0.845 -4.44357 3.47916
0.846 -4.23153 3.31677
0.847 -3.99903 3.14266
0.848 -3.747 2.95752
0.849 -3.47642 2.76206
0.85 -3.18839 2.55704
0.851 -2.88404 2.34329
0.852 -2.5646 2.12163
0.853 -2.23135 1.89296
0.854 -1.88564 1.65818
0.855 -1.52886 1.41823
0.856 -1.16245 1.17408
0.857 -0.787895 0.926705
0.858 -0.406722 0.677113
0.859 -0.0204777 0.426313
0.86 0.369263 0.175324
0.861 0.76091 -0.0748318
0.862 1.15286 -0.32313
0.863 1.54351 -0.568553
0.864 1.93125 -0.810092
0.865 2.31449 -1.04675
0.866 2.69165 -1.27755
0.867 3.06116 -1.50152
0.868 3.42151 -1.71775
0.869 3.7712 -1.92532
0.87 4.10876 -2.12336
0.871 4.4328 -2.31104
0.872 4.74194 -2.48756
0.873 5.0349 -2.65218
0.874 5.31044 -2.80417
0.875 5.5674 -2.9429
0.876 5.80466 -3.06775
0.877 6.02122 -3.17817
0.878 6.21615 -3.27368
0.879 6.38858 -3.35384
0.88 6.53777 -3.41828
0.881 6.66303 -3.46669
0.882 6.76381 -3.49883
0.883 6.83961 -3.51452
0.884 6.89007 -3.51365
0.885 6.91491 -3.49618
0.886 6.91395 -3.46212
0.887 6.88713 -3.41157
0.888 6.83448 -3.34468
0.889 6.75614 -3.26169
0.89 6.65236 -3.16288
0.891 6.52347 -3.04861
0.892 6.36992 -2.9193
0.893 6.19225 -2.77543
0.894 5.99112 -2.61754
0.895 5.76725 -2.44625
0.896 5.52148 -2.26221
0.897 5.25472 -2.06612
0.898 4.96798 -1.85877
0.899 4.66234 -1.64095
0.9 4.33898 -1.41352
0.901 3.99911 -1.1774
0.902 3.64405 -0.933502
0.903 3.27517 -0.682814
0.904 2.89387 -0.426336
0.905 2.50165 -0.165099
0.906 2.10001 0.0998438
0.907 1.69052 0.36742
0.908 1.27477 0.636544
0.909 0.854382 0.906117
0.91 0.430992 1.17504
0.911 0.0062543 1.4422
0.912 -0.418169 1.7065
0.913 -0.840616 1.96686
0.914 -1.25943 2.22217
0.915 -1.67297 2.47139
0.916 -2.07961 2.71345
0.917 -2.47776 2.94735
0.918 -2.86585 3.17209
0.919 -3.24235 3.3867
0.92 -3.60578 3.59027
0.921 -3.95471 3.78192
0.922 -4.28777 3.96079
0.923 -4.60364 4.12611
0.924 -4.90108 4.27713
0.925 -5.17892 4.41317
0.926 -5.43606 4.53359
0.927 -5.6715 4.63782
0.928 -5.8843 4.72536
0.929 -6.07362 4.79575
0.93 -6.23873 4.84863
0.931 -6.37897 4.88367
0.932 -6.4938 4.90063
0.933 -6.58277 4.89934
0.934 -6.64554 4.8797
0.935 -6.68186 4.84167
0.936 -6.6916 4.78529
0.937 -6.67474 4.71069
0.938 -6.63135 4.61803
0.939 -6.56162 4.50757
0.94 -6.46584 4.37964
0.941 -6.34441 4.23464
0.942 -6.19781 4.07301
0.943 -6.02666 3.89529
0.944 -5.83165 3.70206
0.945 -5.61357 3.49398
0.946 -5.37331 3.27175
0.947 -5.11185 3.03615
0.948 -4.83024 2.78799
0.949 -4.52964 2.52815
0.95 -4.21126 2.25754
0.951 -3.87639 1.97713
0.952 -3.5264 1.68792
0.953 -3.1627 1.39094
0.954 -2.78676 1.08726
0.955 -2.40013 0.777997
0.956 -2.00435 0.464255
0.957 -1.60106 0.147182
0.958 -1.19187 -0.172066
0.959 -0.778458 -0.492323
0.96 -0.362503 -0.812415
0.961 0.0543032 -1.13117
0.962 0.470264 -1.44741
0.963 0.883684 -1.75998
0.964 1.29288 -2.06772
0.965 1.69618 -2.3695
0.966 2.09193 -2.66421
0.967 2.47853 -2.95075
0.968 2.85439 -3.22808
0.969 3.21797 -3.49517
0.97 3.56777 -3.75102
0.971 3.90236 -3.9947
0.972 4.22037 -4.22532
0.973 4.52049 -4.44201
0.974 4.80146 -4.64398
0.975 5.06214 -4.8305
0.976 5.30143 -5.00087
0.977 5.51833 -5.15448
0.978 5.71195 -5.29078
0.979 5.88146 -5.40926
0.98 6.02614 -5.5095
0.981 6.14537 -5.59116
0.982 6.23864 -5.65394
0.983 6.30552 -5.69764
0.984 6.34571 -5.72212
0.985 6.359 -5.72731
0.986 6.3453 -5.71323
0.987 6.30462 -5.67995
0.988 6.23709 -5.62763
0.989 6.14292 -5.5565
0.99 6.02247 -5.46686
0.991 5.87616 -5.35909
0.992 5.70455 -5.23363
0.993 5.50827 -5.09098
0.994 5.28809 -4.93172
0.995 5.04483 -4.7565
0.996 4.77943 -4.566
0.997 4.49292 -4.36098
0.998 4.18642 -4.14227
0.999 3.86109 -3.91072
1 3.51823 -3.66725
