0.001 3.39557e-008 2.53069e-009
0.002 3.09381e-007 2.03258e-008
0.003 1.45941e-006 8.43565e-008
0.004 4.8368e-006 2.47592e-007
0.005 1.28048e-005 5.87451e-007
0.006 2.90181e-005 1.20993e-006
0.007 5.86909e-005 2.25582e-006
0.008 0.000108851 3.90949e-006
0.009 0.000188574 6.41053e-006
0.01 0.000309203 1.00687e-005
0.011 0.000484538 1.52824e-005
0.012 0.000731012 2.25612e-005
0.013 0.00106783 3.25519e-005
0.014 0.0015171 4.60697e-005
0.015 0.0021039 6.41329e-005
0.016 0.00285637 8.80024e-005
0.017 0.00380569 0.000119226
0.018 0.00498614 0.000159686
0.019 0.006435 0.000211654
0.02 0.00819255 0.000277844
0.021 0.0103019 0.000361476
0.022 0.0128089 0.000466341
0.023 0.015762 0.000596866
0.024 0.0192118 0.000758186
0.025 0.0232114 0.000956218
0.026 0.0278154 0.00119773
0.027 0.0330802 0.00149044
0.028 0.0390633 0.00184305
0.029 0.0458232 0.00226537
0.03 0.053419 0.00276835
0.031 0.0619098 0.00336421
0.032 0.0713544 0.00406646
0.033 0.0818111 0.00488999
0.034 0.0933369 0.00585116
0.035 0.105987 0.00696781
0.036 0.119815 0.00825939
0.037 0.134872 0.00974693
0.038 0.151205 0.0114531
0.039 0.168858 0.0134024
0.04 0.187873 0.0156209
0.041 0.208283 0.0181364
0.042 0.230121 0.0209787
0.043 0.253412 0.024179
0.044 0.278174 0.0277705
0.045 0.304422 0.0317879
0.046 0.332162 0.0362677
0.047 0.361394 0.0412479
0.048 0.392109 0.0467682
0.049 0.424292 0.0528696
0.05 0.45792 0.0595945
0.051 0.49296 0.0669865
0.052 0.529374 0.0750905
0.053 0.567111 0.083952
0.054 0.606114 0.0936176
0.055 0.646317 0.104135
0.056 0.687644 0.11555
0.057 0.730012 0.127913
0.058 0.773327 0.14127
0.059 0.817487 0.15567
0.06 0.862384 0.171158
0.061 0.907898 0.187783
0.062 0.953902 0.205589
0.063 1.00026 0.224621
0.064 1.04684 0.244921
0.065 1.09348 0.26653
0.066 1.14004 0.289486
0.067 1.18634 0.313827
0.068 1.23223 0.339584
0.069 1.27754 0.366789
0.07 1.32208 0.395468
0.071 1.36568 0.425644
0.072 1.40816 0.457336
0.073 1.44934 0.490558
0.074 1.48902 0.525321
0.075 1.52704 0.561628
0.076 1.56319 0.59948
0.077 1.59731 0.63887
0.078 1.6292 0.679785
0.079 1.6587 0.722209
0.08 1.68562 0.766115
0.081 1.7098 0.811472
0.082 1.73109 0.858243
0.083 1.74931 0.906381
0.084 1.76433 0.955835
0.085 1.77601 1.00655
0.086 1.78421 1.05844
0.087 1.78882 1.11145
0.088 1.78973 1.1655
0.089 1.78684 1.22048
0.09 1.78006 1.27631
0.091 1.76934 1.33287
0.092 1.75461 1.39006
0.093 1.73584 1.44776
0.094 1.71298 1.50584
0.095 1.68604 1.56415
0.096 1.65502 1.62257
0.097 1.61995 1.68095
0.098 1.58085 1.73912
0.099 1.53779 1.79694
0.1 1.49084 1.85423
0.101 1.44009 1.91082
0.102 1.38564 1.96654
0.103 1.32763 2.02121
0.104 1.2662 2.07465
0.105 1.20149 2.12666
0.106 1.1337 2.17706
0.107 1.063 2.22566
0.108 0.989616 2.27226
0.109 0.913757 2.31667
0.11 0.835664 2.3587
0.111 0.755588 2.39815
0.112 0.67379 2.43483
0.113 0.590548 2.46855
0.114 0.506148 2.49913
0.115 0.420887 2.52638
0.116 0.33507 2.55012
0.117 0.249013 2.57018
0.118 0.163035 2.58639
0.119 0.0774629 2.5986
0.12 -0.0073721 2.60664
0.121 -0.0911366 2.61037
0.122 -0.173495 2.60967
0.123 -0.254112 2.60439
0.124 -0.332654 2.59443
0.125 -0.408787 2.57968
0.126 -0.482186 2.56006
0.127 -0.552527 2.53547
0.128 -0.619496 2.50586
0.129 -0.682786 2.47117
0.13 -0.742099 2.43137
0.131 -0.797152 2.38643
0.132 -0.847671 2.33634
0.133 -0.893397 2.28112
0.134 -0.934087 2.22079
0.135 -0.969516 2.15539
0.136 -0.999474 2.08497
0.137 -1.02377 2.00962
0.138 -1.04224 1.92943
0.139 -1.05474 1.8445
0.14 -1.06113 1.75497
0.141 -1.06132 1.66097
0.142 -1.05522 1.56267
0.143 -1.04279 1.46025
0.144 -1.024 1.3539
0.145 -0.998838 1.24384
0.146 -0.967336 1.13029
0.147 -0.929541 1.01349
0.148 -0.885532 0.893715
0.149 -0.835413 0.771224
0.15 -0.779314 0.646307
0.151 -0.717393 0.519266
0.152 -0.649836 0.390412
0.153 -0.576851 0.260071
0.154 -0.498676 0.128576
0.155 -0.415571 -0.00372638
0.156 -0.327822 -0.136484
0.157 -0.235738 -0.269336
0.158 -0.139651 -0.401914
0.159 -0.0399138 -0.533845
0.16 0.0631001 -0.664753
0.161 0.168998 -0.794257
0.162 0.277369 -0.921976
0.163 0.387785 -1.04753
0.164 0.499807 -1.17053
0.165 0.612977 -1.2906
0.166 0.72683 -1.40737
0.167 0.840888 -1.52047
0.168 0.954669 -1.62953
0.169 1.06768 -1.7342
0.17 1.17943 -1.83412
0.171 1.28941 -1.92897
0.172 1.39714 -2.01842
0.173 1.50212 -2.10215
0.174 1.60385 -2.17987
0.175 1.70185 -2.2513
0.176 1.79565 -2.31617
0.177 1.88477 -2.37423
0.178 1.96876 -2.42527
0.179 2.04718 -2.46906
0.18 2.11961 -2.50543
0.181 2.18563 -2.53421
0.182 2.24486 -2.55527
0.183 2.29694 -2.56848
0.184 2.34152 -2.57375
0.185 2.37828 -2.57101
0.186 2.40695 -2.56024
0.187 2.42725 -2.5414
0.188 2.43895 -2.51452
0.189 2.44186 -2.47963
0.19 2.4358 -2.43681
0.191 2.42063 -2.38614
0.192 2.39627 -2.32775
0.193 2.36264 -2.26178
0.194 2.3197 -2.18842
0.195 2.26748 -2.10786
0.196 2.206 -2.02034
0.197 2.13535 -1.92612
0.198 2.05564 -1.82546
0.199 1.96703 -1.71869
0.2 1.86971 -1.60613
0.201 1.7639 -1.48813
0.202 1.64986 -1.36506
0.203 1.5279 -1.23733
0.204 1.39834 -1.10535
0.205 1.26154 -0.969551
0.206 1.11791 -0.830386
0.207 0.96788 -0.688321
0.208 0.811897 -0.543838
0.209 0.650452 -0.397431
0.21 0.484058 -0.249605
0.211 0.313252 -0.100875
0.212 0.138595 0.048238
0.213 -0.0393324 0.197206
0.214 -0.219929 0.345496
0.215 -0.402579 0.492574
0.216 -0.586652 0.637906
0.217 -0.771504 0.780958
0.218 -0.956482 0.921202
0.219 -1.14093 1.05811
0.22 -1.32418 1.19117
0.221 -1.50557 1.31987
0.222 -1.68443 1.44372
0.223 -1.86011 1.56223
0.224 -2.03194 1.67494
0.225 -2.19929 1.78138
0.226 -2.36151 1.88114
0.227 -2.51798 1.97378
0.228 -2.66811 2.05893
0.229 -2.8113 2.13621
0.23 -2.94699 2.20528
0.231 -3.07464 2.26583
0.232 -3.19374 2.31755
0.233 -3.30381 2.3602
0.234 -3.40438 2.39353
0.235 -3.49504 2.41736
0.236 -3.5754 2.4315
0.237 -3.64511 2.43583
0.238 -3.70386 2.43025
0.239 -3.75138 2.41468
0.24 -3.78743 2.38909
0.241 -3.81183 2.3535
0.242 -3.82443 2.30792
0.243 -3.82513 2.25244
0.244 -3.81387 2.18717
0.245 -3.79065 2.11224
0.246 -3.75549 2.02784
0.247 -3.70849 1.93418
0.248 -3.64976 1.8315
0.249 -3.57948 1.72009
0.25 -3.49788 1.60025
0.251 -3.4052 1.47234
0.252 -3.30177 1.33672
0.253 -3.18794 1.1938
0.254 -3.06409 1.04401
0.255 -2.93066 0.887814
0.256 -2.78814 0.725688
0.257 -2.63702 0.558142
0.258 -2.47786 0.385706
0.259 -2.31124 0.208926
0.26 -2.13777 0.0283708
0.261 -1.95811 -0.155377
0.262 -1.77291 -0.34172
0.263 -1.58288 -0.530049
0.264 -1.38873 -0.719744
0.265 -1.19122 -0.91018
0.266 -0.991074 -1.10072
0.267 -0.789082 -1.29074
0.268 -0.586018 -1.47959
0.269 -0.382669 -1.66664
0.27 -0.179829 -1.85126
0.271 0.0217093 -2.03282
0.272 0.221153 -2.21071
0.273 0.417714 -2.38431
0.274 0.610612 -2.55305
0.275 0.79908 -2.71633
0.276 0.982361 -2.87359
0.277 1.15972 -3.0243
0.278 1.33044 -3.16793
0.279 1.49382 -3.30399
0.28 1.6492 -3.43199
0.281 1.79594 -3.55151
0.282 1.93343 -3.66212
0.283 2.06111 -3.76343
0.284 2.17842 -3.85509
0.285 2.28488 -3.93677
0.286 2.38003 -4.0082
0.287 2.46346 -4.06912
0.288 2.53479 -4.11932
0.289 2.59372 -4.15861
0.29 2.63996 -4.18687
0.291 2.67329 -4.20398
0.292 2.69354 -4.20989
0.293 2.7006 -4.20458
0.294 2.69439 -4.18807
0.295 2.6749 -4.16041
0.296 2.64216 -4.1217
0.297 2.59627 -4.07208
0.298 2.53738 -4.01173
0.299 2.46568 -3.94085
0.3 2.38142 -3.85971
0.301 2.2849 -3.76858
0.302 2.17648 -3.6678
0.303 2.05655 -3.55772
0.304 1.92558 -3.43873
0.305 1.78405 -3.31125
0.306 1.6325 -3.17574
0.307 1.47153 -3.03268
0.308 1.30174 -2.88258
0.309 1.12381 -2.72597
0.31 0.938438 -2.5634
0.311 0.746347 -2.39545
0.312 0.548302 -2.22271
0.313 0.34509 -2.04581
0.314 0.137525 -1.86535
0.315 -0.0735609 -1.68198
0.316 -0.287315 -1.49635
0.317 -0.502873 -1.30909
0.318 -0.719357 -1.12088
0.319 -0.935883 -0.932374
0.32 -1.15156 -0.744221
0.321 -1.36551 -0.55708
0.322 -1.57684 -0.371599
0.323 -1.78467 -0.188418
0.324 -1.98813 -0.00816758
0.325 -2.18638 0.168537
0.326 -2.37857 0.341094
0.327 -2.56389 0.508921
0.328 -2.74155 0.671455
0.329 -2.91078 0.828153
0.33 -3.07086 0.9785
0.331 -3.22107 1.12201
0.332 -3.36077 1.25821
0.333 -3.48932 1.38667
0.334 -3.60615 1.50699
0.335 -3.71072 1.61881
0.336 -3.80254 1.72179
0.337 -3.88118 1.81563
0.338 -3.94625 1.90008
0.339 -3.99741 1.9749
0.34 -4.03437 2.03991
0.341 -4.05693 2.09497
0.342 -4.06491 2.13997
0.343 -4.05819 2.17485
0.344 -4.03674 2.19959
0.345 -4.00055 2.21419
0.346 -3.9497 2.21871
0.347 -3.88431 2.21325
0.348 -3.80457 2.19795
0.349 -3.71071 2.17298
0.35 -3.60305 2.13855
0.351 -3.48194 2.09491
0.352 -3.34778 2.04235
0.353 -3.20105 1.98119
0.354 -3.04226 1.91179
0.355 -2.87199 1.83453
0.356 -2.69084 1.74982
0.357 -2.49949 1.65813
0.358 -2.29862 1.55991
0.359 -2.089 1.45567
0.36 -1.87139 1.34593
0.361 -1.64662 1.23124
0.362 -1.41554 1.11214
0.363 -1.17901 0.989232
0.364 -0.937946 0.863091
0.365 -0.693258 0.734324
0.366 -0.445887 0.603541
0.367 -0.196783 0.471361
0.368 0.053093 0.338404
0.369 0.302776 0.205293
0.37 0.551299 0.0726494
0.371 0.797697 -0.0589104
0.372 1.04101 -0.188776
0.373 1.28029 -0.316344
0.374 1.5146 -0.441027
0.375 1.74303 -0.562247
0.376 1.96468 -0.679446
0.377 2.17868 -0.792082
0.378 2.38419 -0.899634
0.379 2.58041 -1.00161
0.38 2.76655 -1.09753
0.381 2.94189 -1.18696
0.382 3.10574 -1.26947
0.383 3.25745 -1.34469
0.384 3.39642 -1.41227
0.385 3.52211 -1.47187
0.386 3.63403 -1.52323
0.387 3.73172 -1.56609
0.388 3.81482 -1.60025
0.389 3.88301 -1.62552
0.39 3.936 -1.64179
0.391 3.97362 -1.64896
0.392 3.99571 -1.64697
0.393 4.00221 -1.63582
0.394 3.9931 -1.61553
0.395 3.96843 -1.58616
0.396 3.92833 -1.54783
0.397 3.87296 -1.50069
0.398 3.80258 -1.44491
0.399 3.71748 -1.38073
0.4 3.61805 -1.3084
0.401 3.50469 -1.22822
0.402 3.3779 -1.14052
0.403 3.23822 -1.04567
0.404 3.08624 -0.944063
0.405 2.92261 -0.836127
0.406 2.74802 -0.722316
0.407 2.56323 -0.603112
0.408 2.369 -0.47902
0.409 2.16619 -0.350568
0.41 1.95564 -0.218304
0.411 1.73826 -0.0827926
0.412 1.51497 0.0553855
0.413 1.28674 0.195637
0.414 1.05454 0.33736
0.415 0.819364 0.479942
0.416 0.582228 0.622769
0.417 0.344152 0.765222
0.418 0.106165 0.906685
0.419 -0.130703 1.04654
0.42 -0.365425 1.18419
0.421 -0.596979 1.31902
0.422 -0.824354 1.45044
0.423 -1.04656 1.57789
0.424 -1.26261 1.7008
0.425 -1.47155 1.81863
0.426 -1.67247 1.93087
0.427 -1.86447 2.03701
0.428 -2.04668 2.13658
0.429 -2.21828 2.22914
0.43 -2.3785 2.31428
0.431 -2.52661 2.39162
0.432 -2.66191 2.4608
0.433 -2.78378 2.52151
0.434 -2.89164 2.57347
0.435 -2.98496 2.61644
0.436 -3.06329 2.65023
0.437 -3.12622 2.67466
0.438 -3.17342 2.68962
0.439 -3.20461 2.69503
0.44 -3.21959 2.69084
0.441 -3.21822 2.67707
0.442 -3.20044 2.65375
0.443 -3.16623 2.62098
0.444 -3.11567 2.57888
0.445 -3.04889 2.52763
0.446 -2.96609 2.46743
0.447 -2.86756 2.39854
0.448 -2.75362 2.32126
0.449 -2.62469 2.2359
0.45 -2.48124 2.14285
0.451 -2.32379 2.04248
0.452 -2.15294 1.93526
0.453 -1.96933 1.82163
0.454 -1.77369 1.7021
0.455 -1.56677 1.57719
0.456 -1.34937 1.44745
0.457 -1.12236 1.31346
0.458 -0.886631 1.17582
0.459 -0.643134 1.03514
0.46 -0.392842 0.892049
0.461 -0.136765 0.747195
0.462 0.124059 0.601233
0.463 0.388567 0.454827
0.464 0.655678 0.308646
0.465 0.924294 0.163362
0.466 1.19331 0.0196449
0.467 1.4616 -0.121836
0.468 1.72806 -0.26042
0.469 1.99157 -0.395455
0.47 2.25103 -0.5263
0.471 2.50533 -0.65233
0.472 2.75341 -0.772937
0.473 2.9942 -0.887533
0.474 3.22668 -0.995552
0.475 3.44983 -1.09646
0.476 3.6627 -1.18974
0.477 3.86436 -1.27491
0.478 4.0539 -1.35152
0.479 4.2305 -1.41916
0.48 4.39336 -1.47746
0.481 4.54175 -1.52606
0.482 4.67497 -1.56468
0.483 4.7924 -1.59306
0.484 4.89348 -1.61097
0.485 4.97772 -1.61826
0.486 5.04468 -1.61479
0.487 5.09399 -1.60048
0.488 5.12538 -1.57531
0.489 5.13861 -1.53928
0.49 5.13354 -1.49246
0.491 5.11009 -1.43495
0.492 5.06827 -1.36691
0.493 5.00816 -1.28854
0.494 4.92989 -1.2001
0.495 4.83371 -1.10186
0.496 4.7199 -0.994175
0.497 4.58884 -0.877422
0.498 4.44096 -0.752024
0.499 4.27679 -0.618445
0.5 4.0969 -0.477187
0.501 3.90194 -0.32879
0.502 3.69262 -0.173829
0.503 3.4697 -0.0129102
0.504 3.23402 0.153327
0.505 2.98646 0.324218
0.506 2.72795 0.49907
0.507 2.45947 0.67717
0.508 2.18205 0.857782
0.509 1.89676 1.04016
0.51 1.60469 1.22353
0.511 1.30697 1.40712
0.512 1.00476 1.59014
0.513 0.699251 1.77181
0.514 0.391627 1.95134
0.515 0.0831015 2.12793
0.516 -0.225109 2.3008
0.517 -0.531784 2.46918
0.518 -0.835707 2.63231
0.519 -1.13567 2.78942
0.52 -1.43047 2.9398
0.521 -1.71894 3.08272
0.522 -1.9999 3.21751
0.523 -2.27224 3.3435
0.524 -2.53485 3.46006
0.525 -2.78667 3.56659
0.526 -3.02667 3.66254
0.527 -3.25388 3.74737
0.528 -3.46736 3.8206
0.529 -3.66625 3.88179
0.53 -3.84972 3.93054
0.531 -4.01701 3.9665
0.532 -4.16743 3.98935
0.533 -4.30034 3.99886
0.534 -4.41518 3.9948
0.535 -4.51148 3.97703
0.536 -4.5888 3.94545
0.537 -4.64681 3.90002
0.538 -4.68525 3.84074
0.539 -4.70394 3.76767
0.54 -4.70277 3.68092
0.541 -4.68171 3.58068
0.542 -4.64083 3.46717
0.543 -4.58027 3.34066
0.544 -4.50023 3.20148
0.545 -4.40103 3.05002
0.546 -4.28302 2.88671
0.547 -4.14668 2.71203
0.548 -3.99253 2.52652
0.549 -3.82116 2.33074
0.55 -3.63327 2.12531
0.551 -3.42958 1.9109
0.552 -3.21092 1.6882
0.553 -2.97815 1.45795
0.554 -2.7322 1.22091
0.555 -2.47408 0.977891
0.556 -2.20481 0.729714
0.557 -1.92549 0.477234
0.558 -1.63726 0.221323
0.559 -1.34128 -0.0371262
0.56 -1.03877 -0.297206
0.561 -0.730956 -0.557997
0.562 -0.419112 -0.818574
0.563 -0.104517 -1.07801
0.564 0.211528 -1.33536
0.565 0.527717 -1.58971
0.566 0.842735 -1.84013
0.567 1.15527 -2.08571
0.568 1.46402 -2.32555
0.569 1.76769 -2.55877
0.57 2.065 -2.78452
0.571 2.3547 -3.00195
0.572 2.63555 -3.21025
0.573 2.90636 -3.40865
0.574 3.16598 -3.59641
0.575 3.41327 -3.77282
0.576 3.64718 -3.93721
0.577 3.86669 -4.08896
0.578 4.07082 -4.2275
0.579 4.25867 -4.35228
0.58 4.4294 -4.46282
0.581 4.58224 -4.55871
0.582 4.71647 -4.63956
0.583 4.83146 -4.70506
0.584 4.92667 -4.75493
0.585 5.00159 -4.78899
0.586 5.05585 -4.80707
0.587 5.08911 -4.8091
0.588 5.10116 -4.79505
0.589 5.09183 -4.76495
0.59 5.06106 -4.7189
0.591 5.00888 -4.65706
0.592 4.9354 -4.57964
0.593 4.84081 -4.48692
0.594 4.72539 -4.37924
0.595 4.58951 -4.25699
0.596 4.43361 -4.12061
0.597 4.25823 -3.97061
0.598 4.06397 -3.80754
0.599 3.85151 -3.63202
0.6 3.62163 -3.44469
0.601 3.37515 -3.24626
0.602 3.11298 -3.03747
0.603 2.83608 -2.81912
0.604 2.54548 -2.59201
0.605 2.24227 -2.35702
0.606 1.92759 -2.11503
0.607 1.60262 -1.86697
0.608 1.26861 -1.61376
0.609 0.926815 -1.35639
0.61 0.578552 -1.09582
0.611 0.225153 -0.833059
0.612 -0.132021 -0.56911
0.613 -0.491591 -0.304984
0.614 -0.852167 -0.0416934
0.615 -1.21235 0.219749
0.616 -1.57074 0.478336
0.617 -1.92594 0.733073
0.618 -2.27656 0.982975
0.619 -2.62122 1.22708
0.62 -2.95859 1.46443
0.621 -3.28732 1.69413
0.622 -3.60613 1.91526
0.623 -3.91376 2.12698
0.624 -4.20898 2.32846
0.625 -4.49064 2.51891
0.626 -4.7576 2.69759
0.627 -5.00881 2.86379
0.628 -5.24327 3.01687
0.629 -5.46003 3.15622
0.63 -5.65823 3.28129
0.631 -5.83707 3.39159
0.632 -5.99582 3.48667
0.633 -6.13385 3.56615
0.634 -6.25058 3.62971
0.635 -6.34553 3.67709
0.636 -6.41832 3.7081
0.637 -6.46863 3.72259
0.638 -6.49625 3.72049
0.639 -6.50104 3.7018
0.64 -6.48296 3.66657
0.641 -6.44207 3.61493
0.642 -6.37851 3.54705
0.643 -6.29251 3.46318
0.644 -6.18438 3.36363
0.645 -6.05454 3.24877
0.646 -5.90348 3.11903
0.647 -5.73178 2.97489
0.648 -5.54011 2.81689
0.649 -5.3292 2.64564
0.65 -5.09987 2.46178
0.651 -4.85302 2.266
0.652 -4.5896 2.05906
0.653 -4.31066 1.84173
0.654 -4.01727 1.61484
0.655 -3.7106 1.37925
0.656 -3.39184 1.13587
0.657 -3.06225 0.885631
0.658 -2.72312 0.629476
0.659 -2.3758 0.36839
0.66 -2.02164 0.103371
0.661 -1.66206 -0.164569
0.662 -1.29846 -0.434403
0.663 -0.932283 -0.705099
0.664 -0.56498 -0.975622
0.665 -0.198 -1.24494
0.666 0.167202 -1.51201
0.667 0.529181 -1.77582
0.668 0.886504 -2.03535
0.669 1.23776 -2.28963
0.67 1.58154 -2.53766
0.671 1.9165 -2.77851
0.672 2.24131 -3.01124
0.673 2.55468 -3.23499
0.674 2.85536 -3.44888
0.675 3.14217 -3.6521
0.676 3.41396 -3.84388
0.677 3.66967 -4.0235
0.678 3.90828 -4.19026
0.679 4.12885 -4.34353
0.68 4.3305 -4.48274
0.681 4.51245 -4.60736
0.682 4.67397 -4.71692
0.683 4.81443 -4.81101
0.684 4.93328 -4.88928
0.685 5.03006 -4.95145
0.686 5.1044 -4.99728
0.687 5.15602 -5.02662
0.688 5.18471 -5.03937
0.689 5.1904 -5.03549
0.69 5.17306 -5.01501
0.691 5.13279 -4.97803
0.692 5.06977 -4.92471
0.693 4.98427 -4.85527
0.694 4.87666 -4.77
0.695 4.74739 -4.66923
0.696 4.597 -4.55337
0.697 4.42613 -4.42289
0.698 4.23547 -4.2783
0.699 4.02584 -4.12018
0.7 3.79808 -3.94916
0.701 3.55316 -3.76589
0.702 3.29208 -3.57111
0.703 3.01592 -3.36557
0.704 2.72582 -3.15009
0.705 2.423 -2.92549
0.706 2.10868 -2.69266
0.707 1.78419 -2.4525
0.708 1.45085 -2.20594
0.709 1.11005 -1.95394
0.71 0.763198 -1.69746
0.711 0.411728 -1.43749
0.712 0.0570946 -1.17504
0.713 -0.299231 -0.911114
0.714 -0.655772 -0.646714
0.715 -1.01105 -0.382852
0.716 -1.36359 -0.120531
0.717 -1.71192 0.139254
0.718 -2.05459 0.395522
0.719 -2.39019 0.64731
0.72 -2.7173 0.893672
0.721 -3.03456 1.13369
0.722 -3.34064 1.36648
0.723 -3.63426 1.59117
0.724 -3.91419 1.80694
0.725 -4.17924 2.01301
0.726 -4.42829 2.20863
0.727 -4.6603 2.3931
0.728 -4.87426 2.56577
0.729 -5.06926 2.72605
0.73 -5.24447 2.87337
0.731 -5.39912 3.00723
0.732 -5.53255 3.12722
0.733 -5.64414 3.23292
0.734 -5.73341 3.32404
0.735 -5.79994 3.4003
0.736 -5.84341 3.4615
0.737 -5.86359 3.50751
0.738 -5.86034 3.53825
0.739 -5.83363 3.5537
0.74 -5.78352 3.55393
0.741 -5.71015 3.53903
0.742 -5.61377 3.50919
0.743 -5.49471 3.46464
0.744 -5.35342 3.40568
0.745 -5.19042 3.33266
0.746 -5.0063 3.246
0.747 -4.80178 3.14616
0.748 -4.57763 3.03367
0.749 -4.3347 2.9091
0.75 -4.07395 2.77307
0.751 -3.79637 2.62624
0.752 -3.50305 2.46934
0.753 -3.19512 2.30311
0.754 -2.87381 2.12834
0.755 -2.54035 1.94585
0.756 -2.19607 1.7565
0.757 -1.84231 1.56117
0.758 -1.48047 1.36076
0.759 -1.11198 1.1562
0.76 -0.738287 0.948417
0.761 -0.360878 0.738371
0.762 0.0187575 0.527017
0.763 0.399115 0.315317
0.764 0.778688 0.104232
0.765 1.15597 -0.10528
0.766 1.52946 -0.31227
0.767 1.89768 -0.515802
0.768 2.25917 -0.714956
0.769 2.61248 -0.90883
0.77 2.95622 -1.09655
0.771 3.28901 -1.27726
0.772 3.60955 -1.45015
0.773 3.91654 -1.61444
0.774 4.20877 -1.76936
0.775 4.48508 -1.91423
0.776 4.74437 -2.04838
0.777 4.98562 -2.17119
0.778 5.20786 -2.2821
0.779 5.41022 -2.38059
0.78 5.5919 -2.4662
0.781 5.75219 -2.53852
0.782 5.89044 -2.5972
0.783 6.00613 -2.64197
0.784 6.0988 -2.67257
0.785 6.16809 -2.68885
0.786 6.21376 -2.6907
0.787 6.23562 -2.67807
0.788 6.23361 -2.65098
0.789 6.20777 -2.6095
0.79 6.1582 -2.55378
0.791 6.08515 -2.48402
0.792 5.98891 -2.40048
0.793 5.86991 -2.30348
0.794 5.72865 -2.19341
0.795 5.56572 -2.07069
0.796 5.38181 -1.93583
0.797 5.17769 -1.78936
0.798 4.9542 -1.63188
0.799 4.71228 -1.46403
0.8 4.45294 -1.28651
0.801 4.17725 -1.10004
0.802 3.88636 -0.905383
0.803 3.58147 -0.70336
0.804 3.26386 -0.494805
0.805 2.93483 -0.280587
0.806 2.59575 -0.0616011
0.807 2.24804 0.161235
0.808 1.89313 0.386987
0.809 1.53249 0.614704
0.81 1.16762 0.843425
0.811 0.800039 1.07218
0.812 0.431268 1.30001
0.813 0.0628399 1.52594
0.814 -0.303713 1.74901
0.815 -0.666867 1.96827
0.816 -1.02511 2.18277
0.817 -1.37695 2.3916
0.818 -1.72092 2.59386
0.819 -2.05559 2.78868
0.82 -2.37955 2.9752
0.821 -2.69146 3.15262
0.822 -2.99001 3.32017
0.823 -3.27394 3.4771
0.824 -3.54205 3.62272
0.825 -3.79323 3.75638
0.826 -4.02642 3.87749
0.827 -4.24061 3.98549
0.828 -4.43491 4.07989
0.829 -4.60848 4.16025
0.83 -4.76059 4.22618
0.831 -4.89056 4.27736
0.832 -4.99784 4.31353
0.833 -5.08195 4.33448
0.834 -5.14252 4.34008
0.835 -5.17926 4.33025
0.836 -5.19198 4.30499
0.837 -5.18059 4.26434
0.838 -5.14512 4.20842
0.839 -5.08568 4.13741
0.84 -5.00246 4.05156
0.841 -4.89578 3.95116
0.842 -4.76606 3.8366
0.843 -4.61377 3.7083
0.844 -4.43953 3.56673
0.845 -4.24401 3.41245
0.846 -4.02799 3.24605
0.847 -3.79232 3.06817
0.848 -3.53795 2.87951
0.849 -3.26589 2.68082
0.85 -2.97724 2.47287
0.851 -2.67315 2.25651
0.852 -2.35487 2.03258
0.853 -2.02366 1.80199
0.854 -1.68088 1.56567
0.855 -1.32791 1.32456
0.856 -0.9662 1.07965
0.857 -0.597214 0.831929
0.858 -0.22246 0.5824
0.859 0.156529 0.332087
0.86 0.5382 0.082012
0.861 0.920988 -0.166798
0.862 1.30332 -0.413318
0.863 1.68362 -0.656532
0.864 2.06032 -0.895433
0.865 2.43186 -1.12903
0.866 2.79671 -1.35635
0.867 3.15335 -1.57644
0.868 3.5003 -1.78839
0.869 3.8361 -1.9913
0.87 4.15936 -2.18431
0.871 4.46872 -2.3666
0.872 4.76288 -2.53741
0.873 5.04059 -2.69599
0.874 5.30068 -2.84167
0.875 5.54204 -2.97381
0.876 5.76362 -3.09183
0.877 5.96448 -3.19521
0.878 6.14375 -3.28349
0.879 6.30062 -3.35626
0.88 6.4344 -3.41319
0.881 6.54449 -3.45399
0.882 6.63036 -3.47845
0.883 6.69161 -3.48644
0.884 6.72791 -3.47787
0.885 6.73905 -3.45273
0.886 6.7249 -3.41108
0.887 6.68546 -3.35304
0.888 6.62081 -3.27882
0.889 6.53113 -3.18866
0.89 6.41672 -3.08289
0.891 6.27796 -2.96191
0.892 6.11535 -2.82616
0.893 5.92946 -2.67617
0.894 5.72097 -2.51251
0.895 5.49066 -2.33581
0.896 5.23938 -2.14677
0.897 4.96807 -1.94612
0.898 4.67776 -1.73466
0.899 4.36956 -1.51322
0.9 4.04464 -1.28269
0.901 3.70425 -1.04399
0.902 3.34969 -0.798074
0.903 2.98233 -0.545938
0.904 2.60359 -0.288603
0.905 2.21495 -0.0271117
0.906 1.8179 0.237469
0.907 1.41399 0.504057
0.908 1.0048 0.771557
0.909 0.591929 1.03887
0.91 0.176981 1.30488
0.911 -0.238416 1.5685
0.912 -0.652635 1.82862
0.913 -1.06405 2.08415
0.914 -1.47105 2.33401
0.915 -1.87204 2.57716
0.916 -2.26544 2.81255
0.917 -2.64969 3.03918
0.918 -3.0233 3.25608
0.919 -3.38479 3.4623
0.92 -3.73273 3.65694
0.921 -4.06575 3.83915
0.922 -4.38255 4.00811
0.923 -4.68187 4.16306
0.924 -4.96254 4.30329
0.925 -5.22344 4.42815
0.926 -5.46355 4.53703
0.927 -5.68193 4.62941
0.928 -5.87771 4.70482
0.929 -6.05013 4.76284
0.93 -6.19851 4.80314
0.931 -6.32227 4.82545
0.932 -6.42093 4.82956
0.933 -6.4941 4.81535
0.934 -6.54151 4.78276
0.935 -6.56297 4.7318
0.936 -6.55842 4.66256
0.937 -6.52788 4.57519
0.938 -6.4715 4.46993
0.939 -6.3895 4.34706
0.94 -6.28223 4.20697
0.941 -6.15014 4.05008
0.942 -5.99376 3.87691
0.943 -5.81373 3.68801
0.944 -5.6108 3.48403
0.945 -5.38579 3.26565
0.946 -5.13962 3.03363
0.947 -4.87329 2.78876
0.948 -4.58788 2.53191
0.949 -4.28456 2.26399
0.95 -3.96455 1.98593
0.951 -3.62917 1.69874
0.952 -3.27977 1.40345
0.953 -2.91777 1.10111
0.954 -2.54465 0.79283
0.955 -2.16193 0.479723
0.956 -1.77116 0.16293
0.957 -1.37394 -0.156391
0.958 -0.971873 -0.477071
0.959 -0.566607 -0.797932
0.96 -0.15979 -1.11779
0.961 0.246918 -1.43548
0.962 0.651859 -1.74981
0.963 1.05338 -2.05963
0.964 1.44984 -2.36379
0.965 1.83962 -2.66116
0.966 2.22112 -2.95064
0.967 2.59278 -3.23116
0.968 2.95308 -3.50166
0.969 3.30053 -3.76116
0.97 3.63372 -4.00868
0.971 3.95126 -4.24331
0.972 4.25185 -4.46417
0.973 4.53424 -4.67044
0.974 4.79727 -4.86136
0.975 5.03984 -5.03622
0.976 5.26094 -5.19438
0.977 5.45964 -5.33525
0.978 5.63511 -5.45832
0.979 5.78661 -5.56313
0.98 5.91347 -5.64931
0.981 6.01517 -5.71655
0.982 6.09124 -5.76461
0.983 6.14134 -5.79332
0.984 6.16523 -5.80261
0.985 6.16277 -5.79245
0.986 6.13393 -5.7629
0.987 6.07879 -5.7141
0.988 5.99752 -5.64626
0.989 5.89041 -5.55965
0.99 5.75786 -5.45462
0.991 5.60034 -5.33161
0.992 5.41846 -5.19109
0.993 5.2129 -5.03364
0.994 4.98444 -4.85987
0.995 4.73398 -4.67046
0.996 4.46246 -4.46617
0.997 4.17095 -4.2478
0.998 3.86058 -4.0162
0.999 3.53254 -3.77228
1 3.18814 -3.517
