0.001 3.40468e-008 2.55101e-009
0.002 3.10108e-007 2.04884e-008
0.003 1.4624e-006 8.5028e-008
0.004 4.84544e-006 2.49547e-007
0.005 1.28249e-005 5.92037e-007
0.006 2.90586e-005 1.21923e-006
0.007 5.87643e-005 2.27283e-006
0.008 0.000108974 3.93825e-006
0.009 0.000188768 6.45631e-006
0.01 0.000309493 1.01381e-005
0.011 0.000484955 1.53837e-005
0.012 0.000731593 2.2704e-005
0.013 0.00106862 3.27479e-005
0.014 0.00151814 4.63321e-005
0.015 0.00210525 6.4477e-005
0.016 0.00285807 8.84454e-005
0.017 0.00380781 0.000119787
0.018 0.00498874 0.000160386
0.019 0.00643816 0.000212515
0.02 0.00819633 0.000278891
0.021 0.0103064 0.000362735
0.022 0.0128141 0.000467838
0.023 0.015768 0.000598629
0.024 0.0192188 0.000760243
0.025 0.0232193 0.000958597
0.026 0.0278243 0.00120046
0.027 0.0330902 0.00149354
0.028 0.0390744 0.00184655
0.029 0.0458355 0.00226928
0.03 0.0534325 0.0027727
0.031 0.0619244 0.00336901
0.032 0.0713702 0.0040717
0.033 0.0818281 0.00489569
0.034 0.093355 0.00585729
0.035 0.106006 0.00697436
0.036 0.119835 0.00826632
0.037 0.134893 0.00975419
0.038 0.151227 0.0114607
0.039 0.168881 0.0134101
0.04 0.187896 0.0156287
0.041 0.208306 0.0181443
0.042 0.230144 0.0209863
0.043 0.253434 0.0241863
0.044 0.278196 0.0277772
0.045 0.304443 0.0317939
0.046 0.332182 0.0362727
0.047 0.361412 0.0412517
0.048 0.392125 0.0467704
0.049 0.424305 0.0528698
0.05 0.45793 0.0595923
0.051 0.492967 0.0669815
0.052 0.529376 0.0750822
0.053 0.567109 0.0839399
0.054 0.606106 0.0936011
0.055 0.646303 0.104113
0.056 0.687624 0.115523
0.057 0.729984 0.127879
0.058 0.773291 0.141229
0.059 0.817444 0.155621
0.06 0.862331 0.171101
0.061 0.907834 0.187716
0.062 0.953828 0.205511
0.063 1.00018 0.224531
0.064 1.04674 0.244818
0.065 1.09337 0.266413
0.066 1.13991 0.289354
0.067 1.1862 0.313678
0.068 1.23208 0.339418
0.069 1.27736 0.366604
0.07 1.32189 0.395263
0.071 1.36547 0.425417
0.072 1.40794 0.457086
0.073 1.44909 0.490284
0.074 1.48876 0.52502
0.075 1.52676 0.561301
0.076 1.56289 0.599123
0.077 1.59699 0.638483
0.078 1.62886 0.679367
0.079 1.65833 0.721757
0.08 1.68524 0.765628
0.081 1.7094 0.81095
0.082 1.73066 0.857683
0.083 1.74886 0.905783
0.084 1.76386 0.955197
0.085 1.77551 1.00587
0.086 1.78369 1.05772
0.087 1.78828 1.11069
0.088 1.78917 1.16469
0.089 1.78626 1.21963
0.09 1.77947 1.27541
0.091 1.76872 1.33193
0.092 1.75398 1.38907
0.093 1.73518 1.44672
0.094 1.71231 1.50474
0.095 1.68535 1.56301
0.096 1.65432 1.62139
0.097 1.61922 1.67971
0.098 1.58011 1.73784
0.099 1.53704 1.79561
0.1 1.49008 1.85285
0.101 1.43931 1.9094
0.102 1.38486 1.96508
0.103 1.32684 2.0197
0.104 1.2654 2.0731
0.105 1.20069 2.12507
0.106 1.13289 2.17543
0.107 1.06219 2.22399
0.108 0.988802 2.27056
0.109 0.912942 2.31494
0.11 0.83485 2.35694
0.111 0.754776 2.39637
0.112 0.672983 2.43303
0.113 0.589746 2.46673
0.114 0.505353 2.4973
0.115 0.4201 2.52454
0.116 0.334293 2.54827
0.117 0.248246 2.56833
0.118 0.16228 2.58455
0.119 0.0767215 2.59676
0.12 -0.00809901 2.60482
0.121 -0.0918478 2.60857
0.122 -0.17419 2.60789
0.123 -0.254789 2.60265
0.124 -0.333311 2.59272
0.125 -0.409426 2.57802
0.126 -0.482804 2.55844
0.127 -0.553123 2.5339
0.128 -0.62007 2.50435
0.129 -0.683337 2.46973
0.13 -0.742628 2.43
0.131 -0.797657 2.38513
0.132 -0.848152 2.33513
0.133 -0.893854 2.28
0.134 -0.93452 2.21976
0.135 -0.969924 2.15446
0.136 -0.999858 2.08415
0.137 -1.02413 2.00891
0.138 -1.04258 1.92884
0.139 -1.05505 1.84403
0.14 -1.06142 1.75462
0.141 -1.06158 1.66076
0.142 -1.05546 1.5626
0.143 -1.04301 1.46032
0.144 -1.02419 1.35411
0.145 -0.999011 1.2442
0.146 -0.967488 1.1308
0.147 -0.929673 1.01416
0.148 -0.885643 0.894537
0.149 -0.835505 0.772203
0.15 -0.779387 0.647446
0.151 -0.717449 0.520566
0.152 -0.649874 0.391873
0.153 -0.576873 0.261693
0.154 -0.498681 0.13036
0.155 -0.415561 -0.00178278
0.156 -0.327797 -0.134382
0.157 -0.235699 -0.267077
0.158 -0.139598 -0.399501
0.159 -0.0398473 -0.531281
0.16 0.0631796 -0.662042
0.161 0.16909 -0.791403
0.162 0.277473 -0.918983
0.163 0.387902 -1.0444
0.164 0.499935 -1.16728
0.165 0.613118 -1.28723
0.166 0.726982 -1.40389
0.167 0.841053 -1.51688
0.168 0.954846 -1.62584
0.169 1.06787 -1.73041
0.17 1.17963 -1.83026
0.171 1.28963 -1.92503
0.172 1.39738 -2.01442
0.173 1.50237 -2.09809
0.174 1.60412 -2.17577
0.175 1.70213 -2.24717
0.176 1.79595 -2.31202
0.177 1.88509 -2.37008
0.178 1.9691 -2.42111
0.179 2.04754 -2.46493
0.18 2.11999 -2.50132
0.181 2.18603 -2.53014
0.182 2.24529 -2.55125
0.183 2.2974 -2.56452
0.184 2.34201 -2.56987
0.185 2.3788 -2.56723
0.186 2.4075 -2.55655
0.187 2.42783 -2.53783
0.188 2.43957 -2.51107
0.189 2.44252 -2.47632
0.19 2.43649 -2.43365
0.191 2.42137 -2.38314
0.192 2.39705 -2.32491
0.193 2.36346 -2.25913
0.194 2.32058 -2.18596
0.195 2.2684 -2.1056
0.196 2.20697 -2.0183
0.197 2.13637 -1.92429
0.198 2.05671 -1.82386
0.199 1.96815 -1.71732
0.2 1.87088 -1.605
0.201 1.76512 -1.48724
0.202 1.65114 -1.36443
0.203 1.52923 -1.23696
0.204 1.39973 -1.10523
0.205 1.26299 -0.969697
0.206 1.11941 -0.830795
0.207 0.969432 -0.688994
0.208 0.813502 -0.544776
0.209 0.65211 -0.398633
0.21 0.485767 -0.251069
0.211 0.315011 -0.102597
0.212 0.140403 0.0462603
0.213 -0.0374776 0.194977
0.214 -0.21803 0.343022
0.215 -0.400637 0.489862
0.216 -0.58467 0.634962
0.217 -0.769484 0.777792
0.218 -0.954429 0.917822
0.219 -1.13884 1.05453
0.22 -1.32207 1.1874
0.221 -1.50343 1.31592
0.222 -1.68228 1.4396
0.223 -1.85794 1.55795
0.224 -2.02976 1.67052
0.225 -2.1971 1.77684
0.226 -2.35932 1.87648
0.227 -2.51579 1.96903
0.228 -2.66593 2.0541
0.229 -2.80913 2.13132
0.23 -2.94484 2.20035
0.231 -3.07252 2.26087
0.232 -3.19165 2.31259
0.233 -3.30175 2.35525
0.234 -3.40236 2.38861
0.235 -3.49306 2.41249
0.236 -3.57347 2.4267
0.237 -3.64324 2.43112
0.238 -3.70205 2.42565
0.239 -3.74964 2.4102
0.24 -3.78576 2.38476
0.241 -3.81024 2.34933
0.242 -3.82292 2.30394
0.243 -3.82371 2.24866
0.244 -3.81254 2.1836
0.245 -3.78942 2.10891
0.246 -3.75436 2.02476
0.247 -3.70746 1.93136
0.248 -3.64884 1.82896
0.249 -3.57868 1.71784
0.25 -3.49718 1.59832
0.251 -3.40463 1.47072
0.252 -3.30132 1.33544
0.253 -3.1876 1.19286
0.254 -3.06387 1.04342
0.255 -2.93057 0.887584
0.256 -2.78817 0.725826
0.257 -2.63717 0.558653
0.258 -2.47814 0.386593
0.259 -2.31164 0.210195
0.26 -2.13829 0.0300231
0.261 -1.95874 -0.15334
0.262 -1.77366 -0.339299
0.263 -1.58375 -0.527246
0.264 -1.38971 -0.716562
0.265 -1.1923 -0.906622
0.266 -0.992261 -1.0968
0.267 -0.790367 -1.28645
0.268 -0.587395 -1.47494
0.269 -0.384134 -1.66165
0.27 -0.181375 -1.84593
0.271 0.0200883 -2.02717
0.272 0.219463 -2.20475
0.273 0.415963 -2.37806
0.274 0.608808 -2.54652
0.275 0.79723 -2.70954
0.276 0.980474 -2.86656
0.277 1.1578 -3.01704
0.278 1.3285 -3.16046
0.279 1.49187 -3.29633
0.28 1.64725 -3.42418
0.281 1.794 -3.54355
0.282 1.9315 -3.65403
0.283 2.0592 -3.75525
0.284 2.17655 -3.84683
0.285 2.28305 -3.92847
0.286 2.37825 -3.99988
0.287 2.46174 -4.0608
0.288 2.53315 -4.11102
0.289 2.59215 -4.15036
0.29 2.63848 -4.17869
0.291 2.67191 -4.1959
0.292 2.69227 -4.20194
0.293 2.69944 -4.19678
0.294 2.69335 -4.18044
0.295 2.67398 -4.15298
0.296 2.64138 -4.11449
0.297 2.59564 -4.06512
0.298 2.53689 -4.00503
0.299 2.46534 -3.93444
0.3 2.38124 -3.85361
0.301 2.28488 -3.76281
0.302 2.17662 -3.66237
0.303 2.05687 -3.55265
0.304 1.92606 -3.43404
0.305 1.7847 -3.30696
0.306 1.63333 -3.17186
0.307 1.47253 -3.02923
0.308 1.30291 -2.87956
0.309 1.12516 -2.72339
0.31 0.939951 -2.56127
0.311 0.748027 -2.39378
0.312 0.550145 -2.22151
0.313 0.347092 -2.04508
0.314 0.139681 -1.86509
0.315 -0.0712553 -1.6822
0.316 -0.284867 -1.49703
0.317 -0.500288 -1.31025
0.318 -0.716644 -1.12251
0.319 -0.93305 -0.934464
0.32 -1.14862 -0.746768
0.321 -1.36246 -0.560075
0.322 -1.5737 -0.375033
0.323 -1.78145 -0.192279
0.324 -1.98484 -0.0124439
0.325 -2.18303 0.163859
0.326 -2.37518 0.33603
0.327 -2.56046 0.503487
0.328 -2.7381 0.665667
0.329 -2.90732 0.822032
0.33 -3.0674 0.972065
0.331 -3.21763 1.11528
0.332 -3.35735 1.2512
0.333 -3.48595 1.37942
0.334 -3.60284 1.49952
0.335 -3.70748 1.61113
0.336 -3.79939 1.71393
0.337 -3.87813 1.80762
0.338 -3.9433 1.89194
0.339 -3.99458 1.96665
0.34 -4.03169 2.03159
0.341 -4.05439 2.0866
0.342 -4.06253 2.13158
0.343 -4.05599 2.16646
0.344 -4.03472 2.19123
0.345 -3.99873 2.20588
0.346 -3.94808 2.21048
0.347 -3.8829 2.20513
0.348 -3.80338 2.18996
0.349 -3.70976 2.16514
0.35 -3.60233 2.13088
0.351 -3.48146 2.08744
0.352 -3.34755 2.0351
0.353 -3.20107 1.97418
0.354 -3.04254 1.90503
0.355 -2.87253 1.82805
0.356 -2.69164 1.74364
0.357 -2.50055 1.65225
0.358 -2.29994 1.55435
0.359 -2.09058 1.45045
0.36 -1.87323 1.34106
0.361 -1.64872 1.22673
0.362 -1.41788 1.108
0.363 -1.1816 0.985468
0.364 -0.940779 0.859709
0.365 -0.696325 0.731329
0.366 -0.449181 0.600936
0.367 -0.200295 0.469147
0.368 0.0493723 0.336582
0.369 0.298857 0.203861
0.37 0.547193 0.0716043
0.371 0.793415 -0.059573
0.372 1.03657 -0.189061
0.373 1.2757 -0.316261
0.374 1.50987 -0.440583
0.375 1.73818 -0.561453
0.376 1.95972 -0.678312
0.377 2.17363 -0.790621
0.378 2.37907 -0.897861
0.379 2.57522 -0.999537
0.38 2.76132 -1.09518
0.381 2.93663 -1.18434
0.382 3.10047 -1.26661
0.383 3.25218 -1.3416
0.384 3.39118 -1.40896
0.385 3.51691 -1.46838
0.386 3.62888 -1.51957
0.387 3.72665 -1.56229
0.388 3.80984 -1.59631
0.389 3.87812 -1.62149
0.39 3.93124 -1.63768
0.391 3.96899 -1.64479
0.392 3.99124 -1.64276
0.393 3.9979 -1.63159
0.394 3.98896 -1.61131
0.395 3.96448 -1.58197
0.396 3.92457 -1.54369
0.397 3.86942 -1.49662
0.398 3.79926 -1.44093
0.399 3.71439 -1.37686
0.4 3.6152 -1.30466
0.401 3.50208 -1.22463
0.402 3.37555 -1.1371
0.403 3.23612 -1.04243
0.404 3.0844 -0.941024
0.405 2.92103 -0.833301
0.406 2.74671 -0.719716
0.407 2.56218 -0.600751
0.408 2.36822 -0.476909
0.409 2.16567 -0.348717
0.41 1.95538 -0.216722
0.411 1.73826 -0.0814859
0.412 1.51522 0.0564106
0.413 1.28724 0.196376
0.414 1.05527 0.337809
0.415 0.820325 0.4801
0.416 0.583409 0.622635
0.417 0.345542 0.764798
0.418 0.107753 0.905972
0.419 -0.128929 1.04554
0.42 -0.363479 1.18291
0.421 -0.594874 1.31746
0.422 -0.822105 1.44862
0.423 -1.04418 1.57582
0.424 -1.26012 1.69848
0.425 -1.46897 1.81607
0.426 -1.66981 1.92808
0.427 -1.86174 2.03401
0.428 -2.04391 2.13338
0.429 -2.21549 2.22576
0.43 -2.3757 2.31074
0.431 -2.52382 2.38792
0.432 -2.65915 2.45696
0.433 -2.78107 2.51756
0.434 -2.88899 2.56942
0.435 -2.9824 2.61231
0.436 -3.06083 2.64603
0.437 -3.12388 2.67042
0.438 -3.17121 2.68535
0.439 -3.20256 2.69075
0.44 -3.2177 2.68658
0.441 -3.21652 2.67283
0.442 -3.19893 2.64956
0.443 -3.16493 2.61686
0.444 -3.11459 2.57484
0.445 -3.04805 2.52369
0.446 -2.9655 2.46361
0.447 -2.86722 2.39485
0.448 -2.75355 2.31772
0.449 -2.62489 2.23252
0.45 -2.48171 2.13964
0.451 -2.32454 2.03946
0.452 -2.15397 1.93243
0.453 -1.97066 1.819
0.454 -1.7753 1.69969
0.455 -1.56866 1.575
0.456 -1.35155 1.44549
0.457 -1.12481 1.31174
0.458 -0.889365 1.17433
0.459 -0.646138 1.03389
0.46 -0.396109 0.891036
0.461 -0.140286 0.746422
0.462 0.120294 0.600697
0.463 0.38457 0.454525
0.464 0.65146 0.308574
0.465 0.91987 0.163514
0.466 1.18869 0.0200148
0.467 1.45681 -0.121257
0.468 1.72311 -0.259642
0.469 1.98648 -0.394488
0.47 2.24581 -0.525156
0.471 2.50001 -0.651021
0.472 2.74801 -0.771477
0.473 2.98874 -0.885937
0.474 3.22117 -0.993837
0.475 3.44431 -1.09464
0.476 3.65718 -1.18783
0.477 3.85886 -1.27293
0.478 4.04845 -1.34949
0.479 4.22512 -1.41711
0.48 4.38808 -1.47539
0.481 4.53658 -1.524
0.482 4.66994 -1.56265
0.483 4.78753 -1.59107
0.484 4.8888 -1.60905
0.485 4.97324 -1.61642
0.486 5.04042 -1.61306
0.487 5.08998 -1.59888
0.488 5.12163 -1.57385
0.489 5.13514 -1.53798
0.49 5.13037 -1.49133
0.491 5.10724 -1.43402
0.492 5.06575 -1.36619
0.493 5.00598 -1.28805
0.494 4.92807 -1.19984
0.495 4.83226 -1.10185
0.496 4.71883 -0.994431
0.497 4.58815 -0.877951
0.498 4.44067 -0.752835
0.499 4.2769 -0.619545
0.5 4.09742 -0.478582
0.501 3.90286 -0.330485
0.502 3.69395 -0.175827
0.503 3.47143 -0.0152127
0.504 3.23616 0.150721
0.505 2.98899 0.321309
0.506 2.73088 0.495862
0.507 2.46278 0.673668
0.508 2.18574 0.853994
0.509 1.90081 1.03609
0.51 1.60909 1.21919
0.511 1.31171 1.40252
0.512 1.00982 1.58531
0.513 0.704614 1.76675
0.514 0.397276 1.94606
0.515 0.0890167 2.12246
0.516 -0.218948 2.29516
0.517 -0.525401 2.46339
0.518 -0.829125 2.62638
0.519 -1.12891 2.78339
0.52 -1.42356 2.93368
0.521 -1.7119 3.07655
0.522 -1.99277 3.21131
0.523 -2.26504 3.3373
0.524 -2.52761 3.45388
0.525 -2.77941 3.56047
0.526 -3.01943 3.6565
0.527 -3.24668 3.74144
0.528 -3.46024 3.81482
0.529 -3.65923 3.87618
0.53 -3.84283 3.92513
0.531 -4.01028 3.96132
0.532 -4.16088 3.98444
0.533 -4.294 3.99423
0.534 -4.40909 3.99049
0.535 -4.50564 3.97307
0.536 -4.58325 3.94187
0.537 -4.64157 3.89684
0.538 -4.68035 3.83798
0.539 -4.69939 3.76537
0.54 -4.69859 3.6791
0.541 -4.67793 3.57936
0.542 -4.63746 3.46636
0.543 -4.57732 3.34038
0.544 -4.49772 3.20176
0.545 -4.39896 3.05087
0.546 -4.28142 2.88814
0.547 -4.14554 2.71405
0.548 -3.99186 2.52914
0.549 -3.82097 2.33397
0.55 -3.63356 2.12915
0.551 -3.43035 1.91536
0.552 -3.21216 1.69327
0.553 -2.97986 1.46364
0.554 -2.73438 1.22721
0.555 -2.47671 0.984795
0.556 -2.20789 0.737213
0.557 -1.92901 0.485317
0.558 -1.64119 0.229976
0.559 -1.34561 -0.0279182
0.56 -1.04348 -0.287461
0.561 -0.736034 -0.547737
0.562 -0.424531 -0.80782
0.563 -0.110254 -1.06678
0.564 0.205499 -1.32369
0.565 0.521422 -1.57763
0.566 0.836204 -1.82767
0.567 1.14853 -2.0729
0.568 1.45711 -2.31242
0.569 1.76063 -2.54537
0.57 2.05783 -2.77087
0.571 2.34744 -2.98809
0.572 2.62825 -3.19623
0.573 2.89905 -3.39451
0.574 3.15869 -3.58219
0.575 3.40605 -3.75856
0.576 3.64006 -3.92295
0.577 3.85969 -4.07475
0.578 4.06399 -4.21337
0.579 4.25205 -4.33829
0.58 4.42302 -4.44901
0.581 4.57612 -4.54513
0.582 4.71066 -4.62624
0.583 4.82599 -4.69205
0.584 4.92156 -4.74228
0.585 4.99689 -4.77672
0.586 5.05157 -4.79524
0.587 5.0853 -4.79774
0.588 5.09782 -4.7842
0.589 5.089 -4.75465
0.59 5.05876 -4.70919
0.591 5.00713 -4.64796
0.592 4.93422 -4.57119
0.593 4.84021 -4.47915
0.594 4.72539 -4.37217
0.595 4.59012 -4.25065
0.596 4.43484 -4.11502
0.597 4.26009 -3.96578
0.598 4.06646 -3.80351
0.599 3.85464 -3.62878
0.6 3.62539 -3.44227
0.601 3.37955 -3.24466
0.602 3.118 -3.0367
0.603 2.84172 -2.81918
0.604 2.55173 -2.5929
0.605 2.24912 -2.35874
0.606 1.93502 -2.11757
0.607 1.61062 -1.87032
0.608 1.27715 -1.61792
0.609 0.935882 -1.36133
0.61 0.588117 -1.10153
0.611 0.235191 -0.839517
0.612 -0.12154 -0.576293
0.613 -0.480698 -0.312865
0.614 -0.840894 -0.0502454
0.615 -1.20073 0.210558
0.616 -1.55881 0.46854
0.617 -1.91373 0.722707
0.618 -2.26412 0.972078
0.619 -2.60859 1.21569
0.62 -2.94581 1.4526
0.621 -3.27443 1.68189
0.622 -3.59317 1.90266
0.623 -3.90077 2.11407
0.624 -4.19601 2.31529
0.625 -4.47773 2.50552
0.626 -4.7448 2.68404
0.627 -4.99617 2.85013
0.628 -5.23082 3.00315
0.629 -5.44782 3.1425
0.63 -5.6463 3.26762
0.631 -5.82546 3.37801
0.632 -5.98457 3.47324
0.633 -6.123 3.55293
0.634 -6.24017 3.61674
0.635 -6.3356 3.66443
0.636 -6.4089 3.69579
0.637 -6.45976 3.71069
0.638 -6.48796 3.70904
0.639 -6.49336 3.69085
0.64 -6.47592 3.65616
0.641 -6.43569 3.6051
0.642 -6.37281 3.53784
0.643 -6.28751 3.45464
0.644 -6.1801 3.35579
0.645 -6.051 3.24166
0.646 -5.90069 3.11268
0.647 -5.72975 2.96933
0.648 -5.53884 2.81215
0.649 -5.3287 2.64174
0.65 -5.10014 2.45873
0.651 -4.85406 2.26383
0.652 -4.59141 2.05776
0.653 -4.31322 1.84133
0.654 -4.02058 1.61534
0.655 -3.71464 1.38066
0.656 -3.3966 1.13818
0.657 -3.0677 0.888841
0.658 -2.72925 0.63358
0.659 -2.38258 0.373377
0.66 -2.02904 0.109226
0.661 -1.67005 -0.157861
0.662 -1.30701 -0.426862
0.663 -0.941364 -0.696749
0.664 -0.574552 -0.966488
0.665 -0.208025 -1.23505
0.666 0.156764 -1.5014
0.667 0.518372 -1.76452
0.668 0.875367 -2.02341
0.669 1.22633 -2.27707
0.67 1.56988 -2.52453
0.671 1.90465 -2.76485
0.672 2.22932 -2.99711
0.673 2.54259 -3.22042
0.674 2.84322 -3.43393
0.675 3.13003 -3.63682
0.676 3.40187 -3.82833
0.677 3.65768 -4.00771
0.678 3.89644 -4.1743
0.679 4.1172 -4.32746
0.68 4.31909 -4.46661
0.681 4.50132 -4.59122
0.682 4.66317 -4.70083
0.683 4.804 -4.79503
0.684 4.92327 -4.87346
0.685 5.02051 -4.93585
0.686 5.09535 -4.98195
0.687 5.14749 -5.01161
0.688 5.17675 -5.02473
0.689 5.18303 -5.02128
0.69 5.16632 -5.00128
0.691 5.1267 -4.96482
0.692 5.06436 -4.91207
0.693 4.97956 -4.84324
0.694 4.87267 -4.75862
0.695 4.74413 -4.65854
0.696 4.59449 -4.54341
0.697 4.42437 -4.41368
0.698 4.23448 -4.26989
0.699 4.0256 -4.11259
0.7 3.79861 -3.9424
0.701 3.55445 -3.76
0.702 3.29412 -3.5661
0.703 3.01871 -3.36146
0.704 2.72935 -3.14689
0.705 2.42724 -2.92321
0.706 2.11363 -2.69131
0.707 1.78981 -2.45208
0.708 1.45712 -2.20644
0.709 1.11695 -1.95536
0.71 0.770686 -1.69979
0.711 0.419777 -1.44073
0.712 0.0656696 -1.17917
0.713 -0.290168 -0.916116
0.714 -0.64626 -0.652569
0.715 -1.00113 -0.389536
0.716 -1.3533 -0.128018
0.717 -1.70132 0.130993
0.718 -2.04372 0.386518
0.719 -2.37909 0.637597
0.72 -2.70603 0.883287
0.721 -3.02317 1.12267
0.722 -3.32918 1.35486
0.723 -3.62277 1.579
0.724 -3.90273 1.79426
0.725 -4.16786 1.99987
0.726 -4.41705 2.19508
0.727 -4.64923 2.37918
0.728 -4.86342 2.55154
0.729 -5.05871 2.71154
0.73 -5.23425 2.85864
0.731 -5.38929 2.99235
0.732 -5.52313 3.11221
0.733 -5.6352 3.21785
0.734 -5.72498 3.30895
0.735 -5.79207 3.38525
0.736 -5.83613 3.44653
0.737 -5.85693 3.49268
0.738 -5.85435 3.52359
0.739 -5.82834 3.53928
0.74 -5.77894 3.53977
0.741 -5.70632 3.52519
0.742 -5.61071 3.4957
0.743 -5.49245 3.45155
0.744 -5.35197 3.39302
0.745 -5.18978 3.32047
0.746 -5.0065 3.23431
0.747 -4.80282 3.13501
0.748 -4.5795 3.02308
0.749 -4.33742 2.89909
0.75 -4.0775 2.76367
0.751 -3.80076 2.61747
0.752 -3.50825 2.46121
0.753 -3.20114 2.29564
0.754 -2.88061 2.12154
0.755 -2.54792 1.93974
0.756 -2.20438 1.75107
0.757 -1.85134 1.55643
0.758 -1.49019 1.35671
0.759 -1.12236 1.15283
0.76 -0.749293 0.945724
0.761 -0.372469 0.736345
0.762 0.0066224 0.525646
0.763 0.386478 0.314585
0.764 0.765593 0.104123
0.765 1.14246 -0.104788
0.766 1.51559 -0.311199
0.767 1.8835 -0.514178
0.768 2.24472 -0.712805
0.769 2.59783 -0.906182
0.77 2.94141 -1.09343
0.771 3.27411 -1.27372
0.772 3.59459 -1.44621
0.773 3.90159 -1.61013
0.774 4.19388 -1.76473
0.775 4.47031 -1.90932
0.776 4.72977 -2.04322
0.777 4.97124 -2.16582
0.778 5.19376 -2.27656
0.779 5.39645 -2.37493
0.78 5.57851 -2.46045
0.781 5.73922 -2.53274
0.782 5.87795 -2.59142
0.783 5.99415 -2.63623
0.784 6.08739 -2.66691
0.785 6.15729 -2.68331
0.786 6.20359 -2.68532
0.787 6.22613 -2.67289
0.788 6.22483 -2.64603
0.789 6.19972 -2.60481
0.79 6.15093 -2.54939
0.791 6.07866 -2.47996
0.792 5.98323 -2.39678
0.793 5.86506 -2.30017
0.794 5.72464 -2.19051
0.795 5.56256 -2.06823
0.796 5.3795 -1.93383
0.797 5.17624 -1.78783
0.798 4.95361 -1.63084
0.799 4.71254 -1.4635
0.8 4.45404 -1.28649
0.801 4.17918 -1.10053
0.802 3.88911 -0.906407
0.803 3.58502 -0.704911
0.804 3.26818 -0.496882
0.805 2.9399 -0.283188
0.806 2.60155 -0.0647189
0.807 2.25452 0.15761
0.808 1.90026 0.382865
0.809 1.54024 0.610099
0.81 1.17595 0.838356
0.811 0.808897 1.06667
0.812 0.440613 1.29407
0.813 0.0726244 1.5196
0.814 -0.293539 1.7423
0.815 -0.656354 1.96121
0.816 -1.01431 2.17539
0.817 -1.36592 2.38394
0.818 -1.70972 2.58595
0.819 -2.04426 2.78055
0.82 -2.36817 2.9669
0.821 -2.68007 3.14418
0.822 -2.97866 3.31162
0.823 -3.2627 3.46849
0.824 -3.53098 3.61409
0.825 -3.78239 3.74777
0.826 -4.01584 3.86893
0.827 -4.23037 3.97703
0.828 -4.42505 4.07157
0.829 -4.59906 4.15211
0.83 -4.75165 4.21825
0.831 -4.88216 4.26969
0.832 -4.99001 4.30616
0.833 -5.07475 4.32744
0.834 -5.13598 4.33341
0.835 -5.17341 4.32398
0.836 -5.18686 4.29915
0.837 -5.17625 4.25897
0.838 -5.14157 4.20354
0.839 -5.08294 4.13305
0.84 -5.00056 4.04774
0.841 -4.89474 3.94792
0.842 -4.76589 3.83394
0.843 -4.61448 3.70624
0.844 -4.44113 3.5653
0.845 -4.2465 3.41164
0.846 -4.03136 3.24588
0.847 -3.79658 3.06864
0.848 -3.54308 2.88063
0.849 -3.27188 2.68259
0.85 -2.98407 2.47529
0.851 -2.68081 2.25956
0.852 -2.36332 2.03626
0.853 -2.03288 1.80629
0.854 -1.69083 1.57057
0.855 -1.33857 1.33005
0.856 -0.977519 1.08571
0.857 -0.609152 0.838523
0.858 -0.234973 0.58951
0.859 0.143489 0.339683
0.86 0.524683 0.0900641
0.861 0.907048 -0.158323
0.862 1.28901 -0.404457
0.863 1.669 -0.647322
0.864 2.04545 -0.885914
0.865 2.4168 -1.11924
0.866 2.78152 -1.34634
0.867 3.13809 -1.56625
0.868 3.48503 -1.77806
0.869 3.8209 -1.98088
0.87 4.14428 -2.17385
0.871 4.45383 -2.35616
0.872 4.74824 -2.52702
0.873 5.02627 -2.6857
0.874 5.28674 -2.83153
0.875 5.52853 -2.96387
0.876 5.75062 -3.08214
0.877 5.95204 -3.18582
0.878 6.13192 -3.27445
0.879 6.28946 -3.34761
0.88 6.42397 -3.40497
0.881 6.53483 -3.44624
0.882 6.62152 -3.47123
0.883 6.68363 -3.47977
0.884 6.72084 -3.47179
0.885 6.73292 -3.44728
0.886 6.71975 -3.40629
0.887 6.68131 -3.34895
0.888 6.61769 -3.27544
0.889 6.52907 -3.18602
0.89 6.41573 -3.08102
0.891 6.27806 -2.96081
0.892 6.11654 -2.82586
0.893 5.93175 -2.67668
0.894 5.72437 -2.51383
0.895 5.49516 -2.33796
0.896 5.24497 -2.14973
0.897 4.97474 -1.9499
0.898 4.6855 -1.73925
0.899 4.37834 -1.51861
0.9 4.05443 -1.28887
0.901 3.71503 -1.05094
0.902 3.36142 -0.805775
0.903 2.99498 -0.554367
0.904 2.61712 -0.29773
0.905 2.2293 -0.0369074
0.906 1.83304 0.227039
0.907 1.42986 0.49303
0.908 1.02135 0.759974
0.909 0.609094 1.02677
0.91 0.194704 1.29232
0.911 -0.220197 1.55552
0.912 -0.633986 1.81526
0.913 -1.04504 2.07048
0.914 -1.45175 2.32008
0.915 -1.85251 2.56302
0.916 -2.24575 2.79827
0.917 -2.62993 3.02481
0.918 -3.00353 3.24168
0.919 -3.36508 3.44794
0.92 -3.71316 3.64268
0.921 -4.04639 3.82505
0.922 -4.36348 3.99424
0.923 -4.66315 4.14947
0.924 -4.94424 4.29006
0.925 -5.20563 4.41532
0.926 -5.4463 4.52468
0.927 -5.6653 4.6176
0.928 -5.86177 4.69359
0.929 -6.03494 4.75226
0.93 -6.18412 4.79327
0.931 -6.30873 4.81633
0.932 -6.4083 4.82125
0.933 -6.48242 4.8079
0.934 -6.53083 4.77621
0.935 -6.55333 4.72619
0.936 -6.54985 4.65793
0.937 -6.52041 4.57159
0.938 -6.46515 4.46737
0.939 -6.38431 4.34559
0.94 -6.27821 4.2066
0.941 -6.1473 4.05085
0.942 -5.99211 3.87882
0.943 -5.81328 3.69109
0.944 -5.61154 3.48827
0.945 -5.38771 3.27107
0.946 -5.14271 3.04022
0.947 -4.87754 2.79653
0.948 -4.59326 2.54084
0.949 -4.29105 2.27407
0.95 -3.97213 1.99715
0.951 -3.63779 1.71107
0.952 -3.2894 1.41687
0.953 -2.92836 1.11559
0.954 -2.55616 0.808339
0.955 -2.17431 0.496221
0.956 -1.78435 0.180377
0.957 -1.38788 -0.138041
0.958 -0.9865 -0.457866
0.959 -0.581859 -0.777925
0.96 -0.175601 -1.09704
0.961 0.23062 -1.41403
0.962 0.635144 -1.72774
0.963 1.03632 -2.03699
0.964 1.43252 -2.34065
0.965 1.8221 -2.63759
0.966 2.20349 -2.92672
0.967 2.57512 -3.20694
0.968 2.93547 -3.47724
0.969 3.28305 -3.7366
0.97 3.61644 -3.98405
0.971 3.93427 -4.21869
0.972 4.23522 -4.43964
0.973 4.51805 -4.64607
0.974 4.7816 -4.83724
0.975 5.02475 -5.01241
0.976 5.24651 -5.17096
0.977 5.44594 -5.3123
0.978 5.6222 -5.4359
0.979 5.77454 -5.54133
0.98 5.90233 -5.62818
0.981 6.00499 -5.69617
0.982 6.08208 -5.74503
0.983 6.13325 -5.77462
0.984 6.15826 -5.78484
0.985 6.15696 -5.77566
0.986 6.12931 -5.74715
0.987 6.07539 -5.69944
0.988 5.99537 -5.63272
0.989 5.88953 -5.54728
0.99 5.75825 -5.44346
0.991 5.60203 -5.32169
0.992 5.42145 -5.18244
0.993 5.21719 -5.02628
0.994 4.99003 -4.85382
0.995 4.74085 -4.66574
0.996 4.4706 -4.46279
0.997 4.18034 -4.24576
0.998 3.87119 -4.0155
0.999 3.54435 -3.77292
1 3.20111 -3.51896
