0.001 3.41802e-008 2.48809e-009
0.002 3.11173e-007 1.99877e-008
0.003 1.46678e-006 8.29781e-008
0.004 4.85815e-006 2.43646e-007
0.005 1.28546e-005 5.78401e-007
0.006 2.91184e-005 1.19209e-006
0.007 5.88729e-005 2.22437e-006
0.008 0.000109156 3.85862e-006
0.009 0.000189056 6.33386e-006
0.01 0.000309926 9.95995e-006
0.011 0.000485582 1.51364e-005
0.012 0.00073247 2.23753e-005
0.013 0.00106981 3.23278e-005
0.014 0.00151972 4.58158e-005
0.015 0.0021073 6.38672e-005
0.016 0.0028607 8.77563e-005
0.017 0.00381111 0.000119048
0.018 0.00499283 0.000159648
0.019 0.00644316 0.000211855
0.02 0.00820236 0.000278419
0.021 0.0103136 0.000362602
0.022 0.0128227 0.000468246
0.023 0.015778 0.000599839
0.024 0.0192304 0.000762587
0.025 0.0232327 0.000962488
0.026 0.0278397 0.00120641
0.027 0.0331077 0.00150217
0.028 0.0390943 0.00185859
0.029 0.0458579 0.00228563
0.03 0.0534575 0.0027944
0.031 0.0619523 0.00339727
0.032 0.0714012 0.00410794
0.033 0.0818623 0.00494153
0.034 0.0933926 0.0059146
0.035 0.106048 0.00704525
0.036 0.11988 0.00835319
0.037 0.134942 0.00985974
0.038 0.15128 0.0115879
0.039 0.168939 0.0135624
0.04 0.187958 0.0158098
0.041 0.208374 0.0183582
0.042 0.230217 0.0212377
0.043 0.253512 0.02448
0.044 0.27828 0.0281187
0.045 0.304533 0.032189
0.046 0.332278 0.0367277
0.047 0.361515 0.0417735
0.048 0.392235 0.0473663
0.049 0.424424 0.0535478
0.05 0.458057 0.0603608
0.051 0.493103 0.0678494
0.052 0.529522 0.0760589
0.053 0.567265 0.0850355
0.054 0.606274 0.0948262
0.055 0.646484 0.105479
0.056 0.687818 0.117041
0.057 0.730193 0.129562
0.058 0.773517 0.143089
0.059 0.817687 0.15767
0.06 0.862594 0.173354
0.061 0.908119 0.190186
0.062 0.954137 0.208213
0.063 1.00051 0.22748
0.064 1.04711 0.248029
0.065 1.09377 0.269901
0.066 1.14034 0.293134
0.067 1.18667 0.317766
0.068 1.23259 0.34383
0.069 1.27792 0.371355
0.07 1.3225 0.400368
0.071 1.36614 0.430893
0.072 1.40866 0.462947
0.073 1.44988 0.496545
0.074 1.48962 0.531697
0.075 1.52769 0.568406
0.076 1.56391 0.606671
0.077 1.59809 0.646486
0.078 1.63006 0.687837
0.079 1.65964 0.730705
0.08 1.68665 0.775065
0.081 1.71094 0.820884
0.082 1.73233 0.868123
0.083 1.75067 0.916734
0.084 1.76581 0.966665
0.085 1.77762 1.01785
0.086 1.78596 1.07023
0.087 1.79073 1.12372
0.088 1.7918 1.17824
0.089 1.78909 1.2337
0.09 1.7825 1.28999
0.091 1.77198 1.34702
0.092 1.75746 1.40465
0.093 1.7389 1.46279
0.094 1.71628 1.52128
0.095 1.68959 1.58
0.096 1.65883 1.63881
0.097 1.62402 1.69755
0.098 1.58521 1.75606
0.099 1.54245 1.81419
0.1 1.4958 1.87176
0.101 1.44537 1.92861
0.102 1.39126 1.98455
0.103 1.33359 2.03941
0.104 1.27251 2.09299
0.105 1.20816 2.14511
0.106 1.14074 2.19557
0.107 1.07043 2.24419
0.108 0.997429 2.29076
0.109 0.921967 2.33509
0.11 0.844277 2.37699
0.111 0.764609 2.41626
0.112 0.683225 2.4527
0.113 0.600399 2.48613
0.114 0.516418 2.51636
0.115 0.431576 2.54319
0.116 0.346179 2.56647
0.117 0.260538 2.586
0.118 0.174974 2.60162
0.119 0.0898112 2.61316
0.12 0.00537832 2.62049
0.121 -0.0779924 2.62344
0.122 -0.159967 2.62189
0.123 -0.240213 2.61571
0.124 -0.318396 2.60478
0.125 -0.394188 2.589
0.126 -0.467262 2.56828
0.127 -0.537298 2.54255
0.128 -0.603983 2.51173
0.129 -0.667014 2.47578
0.13 -0.726094 2.43466
0.131 -0.78094 2.38835
0.132 -0.831283 2.33684
0.133 -0.876865 2.28016
0.134 -0.917445 2.21832
0.135 -0.952799 2.15137
0.136 -0.98272 2.07937
0.137 -1.00702 2.00241
0.138 -1.02554 1.92057
0.139 -1.03812 1.83398
0.14 -1.04464 1.74275
0.141 -1.04501 1.64706
0.142 -1.03914 1.54705
0.143 -1.02699 1.44291
0.144 -1.00852 1.33484
0.145 -0.983742 1.22307
0.146 -0.952671 1.10782
0.147 -0.915363 0.989342
0.148 -0.871895 0.867901
0.149 -0.822371 0.743777
0.15 -0.766924 0.617261
0.151 -0.705711 0.488659
0.152 -0.638916 0.358292
0.153 -0.56675 0.226487
0.154 -0.489449 0.093587
0.155 -0.407274 -0.0400586
0.156 -0.320508 -0.174091
0.157 -0.229461 -0.308142
0.158 -0.134462 -0.441841
0.159 -0.0358643 -0.574808
0.16 0.065961 -0.706662
0.161 0.170623 -0.837016
0.162 0.277712 -0.965486
0.163 0.386804 -1.09168
0.164 0.49746 -1.21522
0.165 0.609227 -1.33572
0.166 0.72164 -1.45281
0.167 0.834228 -1.56609
0.168 0.946508 -1.67522
0.169 1.05799 -1.77983
0.17 1.16819 -1.87957
0.171 1.27662 -1.97411
0.172 1.38277 -2.06311
0.173 1.48615 -2.14627
0.174 1.58629 -2.22329
0.175 1.68269 -2.29388
0.176 1.7749 -2.35778
0.177 1.86243 -2.41475
0.178 1.94485 -2.46456
0.179 2.02171 -2.507
0.18 2.09261 -2.54189
0.181 2.15712 -2.56907
0.182 2.21488 -2.5884
0.183 2.26552 -2.59977
0.184 2.30871 -2.6031
0.185 2.34413 -2.59831
0.186 2.3715 -2.58538
0.187 2.39057 -2.5643
0.188 2.4011 -2.53508
0.189 2.40289 -2.49777
0.19 2.3958 -2.45245
0.191 2.37968 -2.39921
0.192 2.35443 -2.33819
0.193 2.32 -2.26955
0.194 2.27637 -2.19346
0.195 2.22352 -2.11014
0.196 2.16153 -2.01984
0.197 2.09046 -1.92281
0.198 2.01043 -1.81934
0.199 1.92161 -1.70975
0.2 1.82418 -1.59439
0.201 1.71838 -1.47361
0.202 1.60446 -1.34779
0.203 1.48272 -1.21735
0.204 1.3535 -1.08271
0.205 1.21716 -0.944308
0.206 1.07411 -0.802612
0.207 0.924758 -0.658098
0.208 0.769576 -0.511255
0.209 0.609047 -0.362588
0.21 0.443681 -0.21261
0.211 0.274015 -0.0618447
0.212 0.100607 0.0891764
0.213 -0.075964 0.239917
0.214 -0.2551 0.389837
0.215 -0.436189 0.538395
0.216 -0.618602 0.685049
0.217 -0.801701 0.829258
0.218 -0.984837 0.970487
0.219 -1.16736 1.10821
0.22 -1.3486 1.24189
0.221 -1.52791 1.37103
0.222 -1.70462 1.49513
0.223 -1.87809 1.6137
0.224 -2.04765 1.72626
0.225 -2.21268 1.83236
0.226 -2.37254 1.93157
0.227 -2.52662 2.02346
0.228 -2.67432 2.10766
0.229 -2.81507 2.1838
0.23 -2.94831 2.25152
0.231 -3.0735 2.31051
0.232 -3.19014 2.36049
0.233 -3.29776 2.4012
0.234 -3.39591 2.43241
0.235 -3.48417 2.45393
0.236 -3.56217 2.46559
0.237 -3.62956 2.46726
0.238 -3.68605 2.45886
0.239 -3.73136 2.44032
0.24 -3.76528 2.41161
0.241 -3.78762 2.37275
0.242 -3.79825 2.32378
0.243 -3.79706 2.26479
0.244 -3.78402 2.1959
0.245 -3.75912 2.11725
0.246 -3.7224 2.02905
0.247 -3.67395 1.9315
0.248 -3.6139 1.82489
0.249 -3.54244 1.70949
0.25 -3.45977 1.58563
0.251 -3.36619 1.45366
0.252 -3.26199 1.31399
0.253 -3.14753 1.16702
0.254 -3.02321 1.0132
0.255 -2.88947 0.853001
0.256 -2.74679 0.686922
0.257 -2.59567 0.515483
0.258 -2.43667 0.339227
0.259 -2.27038 0.158717
0.26 -2.09739 -0.0254667
0.261 -1.91837 -0.212728
0.262 -1.73397 -0.402457
0.263 -1.5449 -0.59403
0.264 -1.35187 -0.786817
0.265 -1.15562 -0.980178
0.266 -0.956896 -1.17347
0.267 -0.756463 -1.36605
0.268 -0.555099 -1.55726
0.269 -0.353585 -1.74646
0.27 -0.152708 -1.93302
0.271 0.0467435 -2.11629
0.272 0.243985 -2.29566
0.273 0.438235 -2.4705
0.274 0.628722 -2.64022
0.275 0.814686 -2.80424
0.276 0.99538 -2.96199
0.277 1.17008 -3.11291
0.278 1.33807 -3.2565
0.279 1.49866 -3.39224
0.28 1.65122 -3.51967
0.281 1.79509 -3.63833
0.282 1.92969 -3.74782
0.283 2.05446 -3.84775
0.284 2.16887 -3.93776
0.285 2.27243 -4.01754
0.286 2.3647 -4.08681
0.287 2.44527 -4.14532
0.288 2.5138 -4.19285
0.289 2.56996 -4.22925
0.29 2.61351 -4.25437
0.291 2.64422 -4.26814
0.292 2.66194 -4.27049
0.293 2.66655 -4.26141
0.294 2.658 -4.24094
0.295 2.63628 -4.20915
0.296 2.60145 -4.16613
0.297 2.55359 -4.11205
0.298 2.49287 -4.0471
0.299 2.41949 -3.97149
0.3 2.33371 -3.8855
0.301 2.23584 -3.78943
0.302 2.12623 -3.68362
0.303 2.0053 -3.56844
0.304 1.8735 -3.4443
0.305 1.73133 -3.31164
0.306 1.57934 -3.17092
0.307 1.41811 -3.02265
0.308 1.24827 -2.86735
0.309 1.07048 -2.70556
0.31 0.88545 -2.53786
0.311 0.693902 -2.36485
0.312 0.496601 -2.18712
0.313 0.294332 -2.00531
0.314 0.0879064 -1.82006
0.315 -0.121844 -1.63202
0.316 -0.334073 -1.44184
0.317 -0.547917 -1.25021
0.318 -0.762505 -1.05777
0.319 -0.976959 -0.865216
0.32 -1.1904 -0.673205
0.321 -1.40194 -0.482407
0.322 -1.6107 -0.29348
0.323 -1.81582 -0.107076
0.324 -2.01644 0.0761672
0.325 -2.21171 0.255624
0.326 -2.4008 0.430686
0.327 -2.58292 0.600763
0.328 -2.75727 0.765286
0.329 -2.92311 0.923707
0.33 -3.07972 1.07551
0.331 -3.22641 1.22019
0.332 -3.36253 1.3573
0.333 -3.48746 1.48639
0.334 -3.60065 1.60706
0.335 -3.70157 1.71896
0.336 -3.78975 1.82173
0.337 -3.86476 1.9151
0.338 -3.92622 1.9988
0.339 -3.97381 2.07261
0.34 -4.00727 2.13635
0.341 -4.02639 2.18989
0.342 -4.031 2.23313
0.343 -4.02102 2.266
0.344 -3.9964 2.2885
0.345 -3.95717 2.30064
0.346 -3.9034 2.3025
0.347 -3.83523 2.29418
0.348 -3.75286 2.27583
0.349 -3.65653 2.24763
0.35 -3.54657 2.20981
0.351 -3.42333 2.16263
0.352 -3.28723 2.10639
0.353 -3.13875 2.04144
0.354 -2.97842 1.96813
0.355 -2.8068 1.88686
0.356 -2.62452 1.79808
0.357 -2.43224 1.70225
0.358 -2.23067 1.59984
0.359 -2.02056 1.49138
0.36 -1.80269 1.37741
0.361 -1.57788 1.25847
0.362 -1.34697 1.13515
0.363 -1.11085 1.00804
0.364 -0.870395 0.877737
0.365 -0.626541 0.744868
0.366 -0.380214 0.610054
0.367 -0.132361 0.473925
0.368 0.116062 0.337117
0.369 0.364098 0.200265
0.37 0.610785 0.0640015
0.371 0.855167 -0.0710448
0.372 1.09629 -0.204252
0.373 1.33322 -0.335009
0.374 1.56504 -0.462716
0.375 1.79082 -0.586788
0.376 2.0097 -0.706658
0.377 2.22081 -0.821777
0.378 2.42333 -0.931619
0.379 2.61645 -1.03568
0.38 2.79943 -1.13349
0.381 2.97154 -1.22459
0.382 3.13211 -1.30857
0.383 3.2805 -1.38505
0.384 3.41613 -1.45366
0.385 3.53847 -1.51409
0.386 3.64703 -1.56605
0.387 3.74141 -1.60931
0.388 3.82122 -1.64364
0.389 3.88617 -1.6689
0.39 3.936 -1.68494
0.391 3.97052 -1.69168
0.392 3.98961 -1.68907
0.393 3.99322 -1.6771
0.394 3.98133 -1.65582
0.395 3.95402 -1.62529
0.396 3.91141 -1.58563
0.397 3.8537 -1.53699
0.398 3.78114 -1.47958
0.399 3.69404 -1.41362
0.4 3.59278 -1.33939
0.401 3.4778 -1.25719
0.402 3.34958 -1.16737
0.403 3.20868 -1.0703
0.404 3.0557 -0.966384
0.405 2.89128 -0.856071
0.406 2.71614 -0.739822
0.407 2.53101 -0.618132
0.408 2.33668 -0.491517
0.409 2.13398 -0.360517
0.41 1.92379 -0.225692
0.411 1.70699 -0.0876189
0.412 1.48451 0.053111
0.413 1.25731 0.195893
0.414 1.02636 0.340114
0.415 0.792645 0.485151
0.416 0.557182 0.630379
0.417 0.320981 0.77517
0.418 0.0850614 0.918898
0.419 -0.149554 1.06094
0.42 -0.381849 1.20068
0.421 -0.610811 1.3375
0.422 -0.835442 1.47082
0.423 -1.05476 1.60005
0.424 -1.2678 1.72462
0.425 -1.47362 1.84399
0.426 -1.67131 1.95764
0.427 -1.85999 2.06506
0.428 -2.03882 2.16578
0.429 -2.20699 2.25935
0.43 -2.36374 2.34536
0.431 -2.50836 2.42343
0.432 -2.64016 2.4932
0.433 -2.75854 2.55436
0.434 -2.86294 2.60664
0.435 -2.95286 2.6498
0.436 -3.02784 2.68363
0.437 -3.0875 2.70798
0.438 -3.13152 2.72274
0.439 -3.15966 2.72782
0.44 -3.17171 2.72319
0.441 -3.16755 2.70886
0.442 -3.14713 2.68489
0.443 -3.11047 2.65136
0.444 -3.05764 2.60842
0.445 -2.98879 2.55624
0.446 -2.90414 2.49505
0.447 -2.80398 2.4251
0.448 -2.68865 2.3467
0.449 -2.55857 2.26018
0.45 -2.41422 2.16592
0.451 -2.25613 2.06432
0.452 -2.08491 1.95584
0.453 -1.90122 1.84095
0.454 -1.70576 1.72016
0.455 -1.49931 1.59399
0.456 -1.28266 1.46302
0.457 -1.05669 1.32782
0.458 -0.822291 1.189
0.459 -0.580402 1.04718
0.46 -0.332 0.903005
0.461 -0.0780889 0.757127
0.462 0.180297 0.610207
0.463 0.442101 0.462916
0.464 0.706251 0.31593
0.465 0.971656 0.169926
0.466 1.23722 0.0255807
0.467 1.50183 -0.116434
0.468 1.7644 -0.255452
0.469 2.02381 -0.390818
0.47 2.27898 -0.521888
0.471 2.52883 -0.648036
0.472 2.77229 -0.768652
0.473 3.00832 -0.883147
0.474 3.23591 -0.990957
0.475 3.45408 -1.09154
0.476 3.66187 -1.1844
0.477 3.85838 -1.26904
0.478 4.04274 -1.34502
0.479 4.21413 -1.41194
0.48 4.37177 -1.46942
0.481 4.51495 -1.51712
0.482 4.643 -1.55475
0.483 4.75532 -1.58206
0.484 4.85137 -1.59885
0.485 4.93067 -1.60495
0.486 4.99282 -1.60024
0.487 5.03746 -1.58465
0.488 5.06433 -1.55816
0.489 5.07323 -1.5208
0.49 5.06402 -1.47263
0.491 5.03666 -1.41377
0.492 4.99116 -1.34439
0.493 4.92761 -1.26471
0.494 4.84618 -1.17497
0.495 4.74712 -1.07549
0.496 4.63073 -0.966613
0.497 4.49739 -0.848736
0.498 4.34757 -0.722292
0.499 4.18178 -0.587755
0.5 4.00061 -0.445641
0.501 3.80472 -0.296499
0.502 3.59482 -0.140915
0.503 3.37169 0.0204928
0.504 3.13616 0.187077
0.505 2.88911 0.358162
0.506 2.63149 0.533048
0.507 2.36427 0.71101
0.508 2.08846 0.891308
0.509 1.80515 1.07318
0.51 1.51541 1.25586
0.511 1.22037 1.43856
0.512 0.921186 1.6205
0.513 0.619025 1.80087
0.514 0.315073 1.97889
0.515 0.0105264 2.15376
0.516 -0.293412 2.3247
0.517 -0.595539 2.49094
0.518 -0.894652 2.6517
0.519 -1.18956 2.80625
0.52 -1.47909 2.95384
0.521 -1.76207 3.09378
0.522 -2.03737 3.22538
0.523 -2.30388 3.34799
0.524 -2.56053 3.46098
0.525 -2.80626 3.56376
0.526 -3.0401 3.65578
0.527 -3.26107 3.73652
0.528 -3.46828 3.80551
0.529 -3.66088 3.86232
0.53 -3.83807 3.90655
0.531 -3.99911 3.93788
0.532 -4.14335 3.956
0.533 -4.27017 3.96068
0.534 -4.37904 3.95173
0.535 -4.4695 3.92901
0.536 -4.54116 3.89244
0.537 -4.5937 3.84199
0.538 -4.62688 3.77769
0.539 -4.64055 3.6996
0.54 -4.63463 3.60788
0.541 -4.6091 3.50271
0.542 -4.56406 3.38433
0.543 -4.49966 3.25304
0.544 -4.41613 3.10918
0.545 -4.3138 2.95317
0.546 -4.19305 2.78545
0.547 -4.05435 2.60652
0.548 -3.89825 2.41694
0.549 -3.72536 2.21728
0.55 -3.53637 2.00819
0.551 -3.33202 1.79035
0.552 -3.11315 1.56447
0.553 -2.88062 1.33129
0.554 -2.63537 1.09161
0.555 -2.3784 0.846238
0.556 -2.11074 0.596014
0.557 -1.83348 0.341802
0.558 -1.54776 0.0844895
0.559 -1.25474 -0.175022
0.56 -0.955626 -0.435816
0.561 -0.651642 -0.696966
0.562 -0.344042 -0.957538
0.563 -0.0340972 -1.2166
0.564 0.276908 -1.4732
0.565 0.587682 -1.72643
0.566 0.896929 -1.97535
0.567 1.20336 -2.21905
0.568 1.50568 -2.45663
0.569 1.80263 -2.68722
0.57 2.09295 -2.90996
0.571 2.3754 -3.12402
0.572 2.6488 -3.32859
0.573 2.91196 -3.52291
0.574 3.16375 -3.70625
0.575 3.4031 -3.8779
0.576 3.62895 -4.03722
0.577 3.84031 -4.18358
0.578 4.03626 -4.31644
0.579 4.21591 -4.43527
0.58 4.37847 -4.53961
0.581 4.52317 -4.62904
0.582 4.64935 -4.70322
0.583 4.7564 -4.76184
0.584 4.84381 -4.80466
0.585 4.91111 -4.8315
0.586 4.95795 -4.84223
0.587 4.98403 -4.83679
0.588 4.98915 -4.81518
0.589 4.97319 -4.77746
0.59 4.93612 -4.72375
0.591 4.87798 -4.65424
0.592 4.79891 -4.56915
0.593 4.69913 -4.46881
0.594 4.57894 -4.35356
0.595 4.43872 -4.22382
0.596 4.27895 -4.08008
0.597 4.10016 -3.92285
0.598 3.903 -3.75272
0.599 3.68815 -3.57033
0.6 3.45638 -3.37634
0.601 3.20856 -3.17149
0.602 2.94558 -2.95654
0.603 2.66842 -2.7323
0.604 2.37811 -2.49962
0.605 2.07574 -2.25938
0.606 1.76245 -2.01248
0.607 1.43943 -1.75986
0.608 1.1079 -1.50249
0.609 0.769145 -1.24134
0.61 0.424447 -0.977404
0.611 0.0751368 -0.7117
0.612 -0.277439 -0.445241
0.613 -0.631916 -0.179048
0.614 -0.986919 0.0858557
0.615 -1.34107 0.348451
0.616 -1.69298 0.607727
0.617 -2.04129 0.862682
0.618 -2.38462 1.11233
0.619 -2.72162 1.35571
0.62 -3.05098 1.59187
0.621 -3.3714 1.8199
0.622 -3.68161 2.03891
0.623 -3.98037 2.24804
0.624 -4.26652 2.44649
0.625 -4.5389 2.63346
0.626 -4.79643 2.80824
0.627 -5.03809 2.97012
0.628 -5.26291 3.11848
0.629 -5.46998 3.25272
0.63 -5.65847 3.37231
0.631 -5.82762 3.47678
0.632 -5.97674 3.5657
0.633 -6.10522 3.63872
0.634 -6.21254 3.69552
0.635 -6.29824 3.73589
0.636 -6.36197 3.75963
0.637 -6.40345 3.76665
0.638 -6.4225 3.75689
0.639 -6.41902 3.73038
0.64 -6.393 3.68719
0.641 -6.34452 3.62748
0.642 -6.27376 3.55146
0.643 -6.18096 3.4594
0.644 -6.06648 3.35164
0.645 -5.93074 3.22859
0.646 -5.77428 3.09068
0.647 -5.59767 2.93845
0.648 -5.40161 2.77247
0.649 -5.18685 2.59335
0.65 -4.95423 2.40177
0.651 -4.70465 2.19846
0.652 -4.43908 1.98419
0.653 -4.15856 1.75977
0.654 -3.86419 1.52605
0.655 -3.55712 1.28393
0.656 -3.23856 1.03432
0.657 -2.90976 0.778173
0.658 -2.572 0.516471
0.659 -2.22663 0.250211
0.66 -1.87499 -0.0195905
0.661 -1.51849 -0.291902
0.662 -1.15851 -0.565683
0.663 -0.796498 -0.839885
0.664 -0.433866 -1.11346
0.665 -0.0720536 -1.38536
0.666 0.287509 -1.65455
0.667 0.6434 -1.91999
0.668 0.994211 -2.18067
0.669 1.33855 -2.4356
0.67 1.67506 -2.68379
0.671 2.00241 -2.92429
0.672 2.31929 -3.15619
0.673 2.62446 -3.37861
0.674 2.91671 -3.59068
0.675 3.19487 -3.7916
0.676 3.45786 -3.98061
0.677 3.70463 -4.15698
0.678 3.9342 -4.32005
0.679 4.14567 -4.46919
0.68 4.3382 -4.60383
0.681 4.51105 -4.72348
0.682 4.66353 -4.82767
0.683 4.79504 -4.91601
0.684 4.90507 -4.98818
0.685 4.9932 -5.04391
0.686 5.0591 -5.083
0.687 5.1025 -5.1053
0.688 5.12327 -5.11074
0.689 5.12133 -5.09931
0.69 5.0967 -5.07108
0.691 5.04952 -5.02615
0.692 4.97998 -4.96472
0.693 4.8884 -4.88703
0.694 4.77515 -4.7934
0.695 4.64073 -4.6842
0.696 4.48569 -4.55987
0.697 4.31068 -4.42088
0.698 4.11643 -4.2678
0.699 3.90376 -4.10121
0.7 3.67353 -3.92178
0.701 3.42672 -3.7302
0.702 3.16434 -3.52723
0.703 2.88748 -3.31363
0.704 2.59728 -3.09026
0.705 2.29495 -2.85797
0.706 1.98174 -2.61766
0.707 1.65894 -2.37026
0.708 1.32789 -2.11672
0.709 0.989969 -1.85801
0.71 0.646564 -1.59514
0.711 0.299102 -1.3291
0.712 -0.0509769 -1.06091
0.713 -0.40222 -0.791587
0.714 -0.753171 -0.522165
0.715 -1.10237 -0.253659
0.716 -1.44837 0.0129144
0.717 -1.78973 0.276553
0.718 -2.12502 0.536266
0.719 -2.45285 0.791083
0.72 -2.77185 1.04006
0.721 -3.08069 1.28226
0.722 -3.37807 1.51681
0.723 -3.66274 1.74284
0.724 -3.9335 1.95952
0.725 -4.18922 2.16609
0.726 -4.4288 2.36179
0.727 -4.65124 2.54593
0.728 -4.85558 2.71787
0.729 -5.04094 2.87702
0.73 -5.20654 3.02283
0.731 -5.35164 3.15483
0.732 -5.4756 3.27258
0.733 -5.57789 3.37571
0.734 -5.65802 3.46392
0.735 -5.71563 3.53697
0.736 -5.75043 3.59466
0.737 -5.76223 3.63689
0.738 -5.75093 3.66359
0.739 -5.71653 3.67478
0.74 -5.65911 3.67051
0.741 -5.57885 3.65094
0.742 -5.47603 3.61624
0.743 -5.35102 3.56669
0.744 -5.20427 3.50261
0.745 -5.03633 3.42436
0.746 -4.84783 3.33238
0.747 -4.63948 3.22717
0.748 -4.41208 3.10927
0.749 -4.16651 2.97927
0.75 -3.90371 2.83782
0.751 -3.6247 2.68561
0.752 -3.33057 2.52337
0.753 -3.02246 2.35188
0.754 -2.70159 2.17193
0.755 -2.3692 1.98438
0.756 -2.02661 1.79009
0.757 -1.67516 1.58997
0.758 -1.31623 1.38494
0.759 -0.951244 1.17592
0.76 -0.581641 0.963888
0.761 -0.208881 0.749791
0.762 0.16556 0.534605
0.763 0.540201 0.319302
0.764 0.913557 0.104853
0.765 1.28415 -0.107776
0.766 1.6505 -0.31763
0.767 2.01117 -0.523765
0.768 2.36472 -0.725257
0.769 2.70974 -0.921202
0.77 3.04488 -1.11072
0.771 3.36878 -1.29297
0.772 3.68018 -1.46712
0.773 3.97784 -1.6324
0.774 4.26057 -1.78806
0.775 4.52725 -1.93341
0.776 4.77683 -2.06778
0.777 5.00832 -2.19058
0.778 5.2208 -2.30123
0.779 5.41344 -2.39924
0.78 5.58548 -2.48415
0.781 5.73624 -2.55557
0.782 5.86514 -2.61316
0.783 5.97167 -2.65666
0.784 6.05542 -2.68583
0.785 6.11609 -2.70053
0.786 6.15343 -2.70066
0.787 6.16733 -2.68619
0.788 6.15775 -2.65716
0.789 6.12475 -2.61367
0.79 6.06848 -2.55586
0.791 5.9892 -2.48396
0.792 5.88726 -2.39826
0.793 5.76308 -2.29907
0.794 5.6172 -2.18682
0.795 5.45022 -2.06195
0.796 5.26287 -1.92496
0.797 5.05591 -1.77642
0.798 4.83021 -1.61695
0.799 4.58671 -1.44719
0.8 4.32644 -1.26785
0.801 4.05047 -1.07968
0.802 3.75994 -0.883468
0.803 3.45608 -0.680023
0.804 3.14013 -0.470202
0.805 2.81341 -0.254885
0.806 2.47727 -0.0349765
0.807 2.13312 0.188596
0.808 1.78237 0.414889
0.809 1.42649 0.642946
0.81 1.06695 0.871801
0.811 0.705241 1.10048
0.812 0.342867 1.32801
0.813 -0.0186675 1.55343
0.814 -0.37786 1.77577
0.815 -0.733218 1.99407
0.816 -1.08326 2.20741
0.817 -1.42654 2.41486
0.818 -1.76161 2.61552
0.819 -2.08709 2.80854
0.82 -2.40162 2.99307
0.821 -2.70388 3.1683
0.822 -2.9926 3.33348
0.823 -3.26659 3.48787
0.824 -3.52468 3.63079
0.825 -3.7658 3.7616
0.826 -3.98893 3.87972
0.827 -4.19313 3.98461
0.828 -4.37753 4.07579
0.829 -4.54134 4.15284
0.83 -4.68388 4.21539
0.831 -4.80451 4.26312
0.832 -4.90273 4.29581
0.833 -4.9781 4.31326
0.834 -5.03028 4.31534
0.835 -5.05903 4.30202
0.836 -5.0642 4.27329
0.837 -5.04574 4.22922
0.838 -5.00371 4.16995
0.839 -4.93823 4.09568
0.84 -4.84956 4.00668
0.841 -4.73803 3.90326
0.842 -4.60408 3.78582
0.843 -4.44822 3.65479
0.844 -4.27108 3.51068
0.845 -4.07335 3.35405
0.846 -3.85582 3.1855
0.847 -3.61937 3.00571
0.848 -3.36495 2.81537
0.849 -3.09357 2.61525
0.85 -2.80634 2.40614
0.851 -2.50442 2.18888
0.852 -2.18904 1.96434
0.853 -1.86147 1.73343
0.854 -1.52305 1.49709
0.855 -1.17516 1.25627
0.856 -0.819221 1.01195
0.857 -0.456691 0.765135
0.858 -0.0890553 0.516827
0.859 0.282178 0.268046
0.86 0.655481 0.0198166
0.861 1.02932 -0.226838
0.862 1.40215 -0.470899
0.863 1.77242 -0.711354
0.864 2.13862 -0.947205
0.865 2.49921 -1.17747
0.866 2.85271 -1.40118
0.867 3.19763 -1.61741
0.868 3.53255 -1.82524
0.869 3.85605 -2.02379
0.87 4.16677 -2.21224
0.871 4.46342 -2.38977
0.872 4.74474 -2.55562
0.873 5.00953 -2.70909
0.874 5.25667 -2.8495
0.875 5.4851 -2.97626
0.876 5.69384 -3.0888
0.877 5.88197 -3.18663
0.878 6.04867 -3.2693
0.879 6.19321 -3.33643
0.88 6.31493 -3.38771
0.881 6.41328 -3.42289
0.882 6.48779 -3.44178
0.883 6.53808 -3.44426
0.884 6.56389 -3.43029
0.885 6.56504 -3.39986
0.886 6.54145 -3.35308
0.887 6.49315 -3.29009
0.888 6.42027 -3.21111
0.889 6.32301 -3.11641
0.89 6.20172 -3.00637
0.891 6.05679 -2.88137
0.892 5.88876 -2.74191
0.893 5.69822 -2.58853
0.894 5.48588 -2.42181
0.895 5.25252 -2.24241
0.896 4.99901 -2.05104
0.897 4.72633 -1.84846
0.898 4.43548 -1.63548
0.899 4.1276 -1.41294
0.9 3.80384 -1.18175
0.901 3.46547 -0.942835
0.902 3.11377 -0.697167
0.903 2.75011 -0.445745
0.904 2.3759 -0.189596
0.905 1.9926 0.0702318
0.906 1.60168 0.332669
0.907 1.20467 0.596632
0.908 0.803133 0.861028
0.909 0.398624 1.12476
0.91 -0.00727187 1.38672
0.911 -0.412964 1.64581
0.912 -0.816861 1.90096
0.913 -1.21738 2.15106
0.914 -1.61294 2.39507
0.915 -2.002 2.63194
0.916 -2.38302 2.86065
0.917 -2.75451 3.08022
0.918 -3.11499 3.28968
0.919 -3.46306 3.48812
0.92 -3.79734 3.67467
0.921 -4.1165 3.84848
0.922 -4.41931 4.00877
0.923 -4.70455 4.1548
0.924 -4.97111 4.2859
0.925 -5.21794 4.40144
0.926 -5.44407 4.50084
0.927 -5.6486 4.58362
0.928 -5.83074 4.64932
0.929 -5.98977 4.69758
0.93 -6.12506 4.7281
0.931 -6.23609 4.74062
0.932 -6.32243 4.73499
0.933 -6.38374 4.71111
0.934 -6.41981 4.66896
0.935 -6.43048 4.60859
0.936 -6.41574 4.5301
0.937 -6.37566 4.43371
0.938 -6.31042 4.31966
0.939 -6.22028 4.18829
0.94 -6.10563 4.04
0.941 -5.96693 3.87526
0.942 -5.80477 3.6946
0.943 -5.61981 3.49862
0.944 -5.4128 3.28799
0.945 -5.18458 3.06341
0.946 -4.93611 2.82567
0.947 -4.66838 2.57559
0.948 -4.38248 2.31405
0.949 -4.0796 2.04198
0.95 -3.76095 1.76035
0.951 -3.42784 1.47017
0.952 -3.08162 1.17248
0.953 -2.72371 0.868362
0.954 -2.35556 0.558918
0.955 -1.97867 0.245276
0.956 -1.59459 -0.071416
0.957 -1.20487 -0.389996
0.958 -0.8111 -0.709294
0.959 -0.414896 -1.02813
0.96 -0.0178701 -1.34533
0.961 0.378356 -1.65972
0.962 0.772163 -1.97013
0.963 1.16194 -2.2754
0.964 1.5461 -2.57442
0.965 1.92305 -2.86605
0.966 2.29127 -3.14921
0.967 2.64923 -3.42285
0.968 2.99548 -3.68595
0.969 3.32857 -3.93752
0.97 3.64715 -4.17662
0.971 3.94989 -4.40235
0.972 4.23555 -4.61388
0.973 4.50295 -4.81041
0.974 4.75097 -4.99121
0.975 4.97857 -5.15561
0.976 5.18482 -5.30298
0.977 5.36884 -5.43279
0.978 5.52985 -5.54455
0.979 5.66717 -5.63784
0.98 5.7802 -5.71233
0.981 5.86847 -5.76775
0.982 5.93156 -5.80389
0.983 5.96919 -5.82063
0.984 5.98116 -5.81792
0.985 5.9674 -5.79579
0.986 5.92791 -5.75433
0.987 5.86281 -5.69372
0.988 5.77233 -5.6142
0.989 5.65678 -5.51609
0.99 5.5166 -5.39977
0.991 5.3523 -5.26572
0.992 5.16451 -5.11445
0.993 4.95395 -4.94657
0.994 4.72142 -4.76272
0.995 4.46781 -4.56362
0.996 4.19411 -4.35006
0.997 3.90139 -4.12286
0.998 3.59078 -3.8829
0.999 3.26348 -3.63113
1 2.9208 -3.36852
