0.001 3.40822e-008 2.50937e-009
0.002 3.10391e-007 2.01567e-008
0.003 1.46356e-006 8.36677e-008
0.004 4.84883e-006 2.45622e-007
0.005 1.28329e-005 5.82942e-007
0.006 2.90746e-005 1.20106e-006
0.007 5.87934e-005 2.24024e-006
0.008 0.000109023 3.88439e-006
0.009 0.000188845 6.37289e-006
0.01 0.00030961 1.00157e-005
0.011 0.000485126 1.52119e-005
0.012 0.000731833 2.24726e-005
0.013 0.00106895 3.2447e-005
0.014 0.00151858 4.59543e-005
0.015 0.00210582 6.40179e-005
0.016 0.0028588 8.79063e-005
0.017 0.00380874 0.000119177
0.018 0.0049899 0.000159724
0.019 0.00643959 0.000211835
0.02 0.00819807 0.000278243
0.021 0.0103085 0.000362192
0.022 0.0128166 0.000467499
0.023 0.015771 0.000598625
0.024 0.0192223 0.000760744
0.025 0.0232234 0.000959817
0.026 0.0278291 0.00120267
0.027 0.0330956 0.00149706
0.028 0.0390807 0.00185177
0.029 0.0458427 0.00227669
0.03 0.0534406 0.00278284
0.031 0.0619336 0.00338254
0.032 0.0713806 0.0040894
0.033 0.0818398 0.00491843
0.034 0.0933681 0.00588609
0.035 0.106021 0.00701039
0.036 0.119852 0.00831088
0.037 0.134911 0.00980877
0.038 0.151247 0.0115269
0.039 0.168903 0.0134899
0.04 0.18792 0.0157241
0.041 0.208334 0.0182575
0.042 0.230174 0.02112
0.043 0.253468 0.0243431
0.044 0.278233 0.0279602
0.045 0.304484 0.0320063
0.046 0.332226 0.036518
0.047 0.36146 0.0415338
0.048 0.392178 0.0470934
0.049 0.424364 0.0532381
0.05 0.457995 0.0600107
0.051 0.493038 0.0674551
0.052 0.529454 0.0756161
0.053 0.567194 0.0845399
0.054 0.6062 0.0942732
0.055 0.646407 0.104864
0.056 0.687737 0.116359
0.057 0.730109 0.128807
0.058 0.773428 0.142256
0.059 0.817593 0.156753
0.06 0.862495 0.172348
0.061 0.908015 0.189085
0.062 0.954026 0.20701
0.063 1.00039 0.226169
0.064 1.04698 0.246603
0.065 1.09363 0.268354
0.066 1.1402 0.29146
0.067 1.18651 0.315958
0.068 1.23242 0.341881
0.069 1.27774 0.369259
0.07 1.3223 0.398118
0.071 1.36592 0.428482
0.072 1.40842 0.46037
0.073 1.44962 0.493795
0.074 1.48933 0.528768
0.075 1.52738 0.565292
0.076 1.56357 0.603367
0.077 1.59772 0.642986
0.078 1.62965 0.684137
0.079 1.65919 0.7268
0.08 1.68616 0.770951
0.081 1.7104 0.816557
0.082 1.73174 0.86358
0.083 1.75002 0.911974
0.084 1.76511 0.961685
0.085 1.77686 1.01265
0.086 1.78514 1.06481
0.087 1.78983 1.11808
0.088 1.79082 1.17238
0.089 1.78803 1.22762
0.09 1.78136 1.2837
0.091 1.77074 1.34051
0.092 1.75613 1.39794
0.093 1.73747 1.45587
0.094 1.71474 1.51417
0.095 1.68793 1.57271
0.096 1.65705 1.63134
0.097 1.62212 1.68991
0.098 1.58318 1.74827
0.099 1.54028 1.80625
0.1 1.4935 1.86369
0.101 1.44292 1.92042
0.102 1.38865 1.97626
0.103 1.33083 2.03103
0.104 1.26958 2.08455
0.105 1.20508 2.13662
0.106 1.13748 2.18705
0.107 1.067 2.23566
0.108 0.993819 2.28224
0.109 0.918176 2.32661
0.11 0.840303 2.36857
0.111 0.760448 2.40792
0.112 0.678876 2.44447
0.113 0.595861 2.47803
0.114 0.511689 2.50842
0.115 0.426657 2.53545
0.116 0.341069 2.55894
0.117 0.255239 2.57871
0.118 0.169487 2.59461
0.119 0.0841386 2.60646
0.12 -0.000476507 2.61411
0.121 -0.0840255 2.61742
0.122 -0.166174 2.61626
0.123 -0.246588 2.6105
0.124 -0.324933 2.60001
0.125 -0.400879 2.58471
0.126 -0.474099 2.5645
0.127 -0.544272 2.53929
0.128 -0.611085 2.50903
0.129 -0.674232 2.47366
0.13 -0.733416 2.43314
0.131 -0.788355 2.38747
0.132 -0.838775 2.33662
0.133 -0.88442 2.2806
0.134 -0.925049 2.21946
0.135 -0.960434 2.15322
0.136 -0.99037 2.08196
0.137 -1.01467 2.00574
0.138 -1.03316 1.92466
0.139 -1.0457 1.83883
0.14 -1.05216 1.74838
0.141 -1.05244 1.65347
0.142 -1.04647 1.55425
0.143 -1.03419 1.4509
0.144 -1.01557 1.34363
0.145 -0.99061 1.23264
0.146 -0.95934 1.11818
0.147 -0.921807 1.00047
0.148 -0.878089 0.879799
0.149 -0.828291 0.756427
0.15 -0.772544 0.630647
0.151 -0.711005 0.502765
0.152 -0.64386 0.373095
0.153 -0.571318 0.241964
0.154 -0.493615 0.109711
0.155 -0.411013 -0.0233158
0.156 -0.323797 -0.156761
0.157 -0.232274 -0.29026
0.158 -0.136776 -0.423443
0.159 -0.0376562 -0.555933
0.16 0.0647136 -0.687352
0.161 0.169941 -0.817315
0.162 0.277617 -0.94544
0.163 0.387316 -1.07134
0.164 0.498596 -1.19463
0.165 0.611005 -1.31494
0.166 0.724077 -1.43188
0.167 0.837338 -1.54508
0.168 0.950304 -1.65418
0.169 1.06249 -1.75881
0.17 1.17339 -1.85864
0.171 1.28253 -1.95332
0.172 1.3894 -2.04253
0.173 1.49351 -2.12596
0.174 1.59438 -2.2033
0.175 1.69151 -2.27428
0.176 1.78444 -2.33863
0.177 1.8727 -2.3961
0.178 1.95584 -2.44648
0.179 2.03341 -2.48954
0.18 2.105 -2.52512
0.181 2.17021 -2.55304
0.182 2.22864 -2.57317
0.183 2.27993 -2.58539
0.184 2.32376 -2.58961
0.185 2.35979 -2.58577
0.186 2.38775 -2.57384
0.187 2.40738 -2.55379
0.188 2.41844 -2.52565
0.189 2.42074 -2.48946
0.19 2.41412 -2.44529
0.191 2.39843 -2.39324
0.192 2.37359 -2.33343
0.193 2.33952 -2.26602
0.194 2.2962 -2.19119
0.195 2.24364 -2.10915
0.196 2.18188 -2.02013
0.197 2.111 -1.92439
0.198 2.03112 -1.82223
0.199 1.94239 -1.71394
0.2 1.84501 -1.59987
0.201 1.73919 -1.48037
0.202 1.62522 -1.35582
0.203 1.50337 -1.22663
0.204 1.374 -1.09321
0.205 1.23745 -0.956013
0.206 1.09413 -0.815484
0.207 0.944463 -0.672098
0.208 0.788912 -0.526343
0.209 0.627962 -0.378718
0.21 0.462124 -0.229731
0.211 0.291934 -0.0799033
0.212 0.117953 0.0702392
0.213 -0.0592403 0.220164
0.214 -0.239046 0.369334
0.215 -0.420851 0.517211
0.216 -0.604024 0.663257
0.217 -0.787926 0.806935
0.218 -0.971907 0.947712
0.219 -1.15531 1.08506
0.22 -1.33747 1.21846
0.221 -1.51773 1.3474
0.222 -1.69543 1.47139
0.223 -1.86991 1.58993
0.224 -2.04051 1.70256
0.225 -2.2066 1.80882
0.226 -2.36754 1.90829
0.227 -2.52272 2.00053
0.228 -2.67153 2.08517
0.229 -2.81339 2.16184
0.23 -2.94775 2.23019
0.231 -3.07407 2.2899
0.232 -3.19184 2.34069
0.233 -3.30057 2.3823
0.234 -3.39983 2.41449
0.235 -3.48919 2.43707
0.236 -3.56827 2.44989
0.237 -3.63672 2.45279
0.238 -3.69424 2.44569
0.239 -3.74056 2.42852
0.24 -3.77545 2.40126
0.241 -3.79873 2.36391
0.242 -3.81026 2.31651
0.243 -3.80993 2.25914
0.244 -3.79771 2.19192
0.245 -3.77357 2.115
0.246 -3.73757 2.02855
0.247 -3.68978 1.9328
0.248 -3.63033 1.828
0.249 -3.5594 1.71444
0.25 -3.47722 1.59244
0.251 -3.38405 1.46235
0.252 -3.2802 1.32455
0.253 -3.16603 1.17945
0.254 -3.04192 1.02749
0.255 -2.90832 0.869139
0.256 -2.76571 0.704885
0.257 -2.61459 0.535243
0.258 -2.45551 0.360749
0.259 -2.28906 0.18196
0.26 -2.11586 -0.000550219
0.261 -1.93654 -0.186191
0.262 -1.75177 -0.374359
0.263 -1.56226 -0.564437
0.264 -1.36872 -0.755799
0.265 -1.17188 -0.947813
0.266 -0.972505 -1.13984
0.267 -0.771355 -1.33124
0.268 -0.56921 -1.52136
0.269 -0.366854 -1.70958
0.27 -0.165075 -1.89524
0.271 0.0353341 -2.07773
0.272 0.233586 -2.25642
0.273 0.428897 -2.4307
0.274 0.62049 -2.59997
0.275 0.807602 -2.76365
0.276 0.989483 -2.92118
0.277 1.1654 -3.07201
0.278 1.33464 -3.21562
0.279 1.49652 -3.35152
0.28 1.65037 -3.47922
0.281 1.79555 -3.59828
0.282 1.93148 -3.70829
0.283 2.05758 -3.80887
0.284 2.17332 -3.89965
0.285 2.27821 -3.98032
0.286 2.3718 -4.05059
0.287 2.45368 -4.11022
0.288 2.52349 -4.15899
0.289 2.58092 -4.19673
0.29 2.6257 -4.2233
0.291 2.65761 -4.23862
0.292 2.67649 -4.24262
0.293 2.68222 -4.23529
0.294 2.67474 -4.21666
0.295 2.65404 -4.18677
0.296 2.62017 -4.14576
0.297 2.57321 -4.09374
0.298 2.51333 -4.03092
0.299 2.44072 -3.9575
0.3 2.35563 -3.87375
0.301 2.25838 -3.77997
0.302 2.14931 -3.67649
0.303 2.02884 -3.56366
0.304 1.89742 -3.44191
0.305 1.75554 -3.31164
0.306 1.60375 -3.17333
0.307 1.44263 -3.02747
0.308 1.27281 -2.87457
0.309 1.09496 -2.71517
0.31 0.909768 -2.54984
0.311 0.717969 -2.37916
0.312 0.520323 -2.20374
0.313 0.317619 -2.0242
0.314 0.110667 -1.84116
0.315 -0.0996986 -1.65527
0.316 -0.31263 -1.46719
0.317 -0.527263 -1.27757
0.318 -0.742724 -1.08709
0.319 -0.958131 -0.896396
0.32 -1.1726 -0.706162
0.321 -1.38525 -0.517048
0.322 -1.59519 -0.329706
0.323 -1.80156 -0.144784
0.324 -2.00349 0.037084
0.325 -2.20012 0.215277
0.326 -2.39064 0.389191
0.327 -2.57423 0.558237
0.328 -2.7501 0.72185
0.329 -2.9175 0.879485
0.33 -3.0757 1.03062
0.331 -3.22401 1.17477
0.332 -3.36177 1.31147
0.333 -3.48837 1.44028
0.334 -3.60324 1.56081
0.335 -3.70583 1.67268
0.336 -3.79569 1.77556
0.337 -3.87236 1.86916
0.338 -3.93548 1.95321
0.339 -3.98471 2.0275
0.34 -4.01978 2.09185
0.341 -4.04048 2.1461
0.342 -4.04664 2.19017
0.343 -4.03816 2.22398
0.344 -4.015 2.24752
0.345 -3.97716 2.26082
0.346 -3.92474 2.26392
0.347 -3.85785 2.25693
0.348 -3.77668 2.24
0.349 -3.68149 2.21331
0.35 -3.57259 2.17706
0.351 -3.45032 2.13153
0.352 -3.31512 2.07701
0.353 -3.16745 2.01382
0.354 -3.00782 1.94232
0.355 -2.83682 1.86292
0.356 -2.65506 1.77603
0.357 -2.46321 1.68212
0.358 -2.26197 1.58166
0.359 -2.05208 1.47516
0.36 -1.83433 1.36315
0.361 -1.60954 1.24618
0.362 -1.37855 1.12482
0.363 -1.14224 0.999651
0.364 -0.901509 0.871279
0.365 -0.657272 0.74031
0.366 -0.410466 0.607363
0.367 -0.162039 0.473063
0.368 0.0870522 0.338038
0.369 0.335845 0.202917
0.37 0.583376 0.0683279
0.371 0.828684 -0.0651062
0.372 1.07082 -0.196769
0.373 1.30883 -0.326053
0.374 1.54179 -0.452363
0.375 1.76879 -0.575119
0.376 1.98894 -0.693757
0.377 2.20138 -0.807731
0.378 2.40528 -0.916519
0.379 2.59982 -1.01962
0.38 2.78426 -1.11656
0.381 2.95786 -1.2069
0.382 3.11993 -1.29021
0.383 3.26985 -1.36611
0.384 3.40702 -1.43425
0.385 3.5309 -1.4943
0.386 3.64101 -1.546
0.387 3.73692 -1.58908
0.388 3.81824 -1.62334
0.389 3.88468 -1.64862
0.39 3.93597 -1.66478
0.391 3.97192 -1.67172
0.392 3.9924 -1.66941
0.393 3.99733 -1.65784
0.394 3.98673 -1.63702
0.395 3.96064 -1.60704
0.396 3.91919 -1.56801
0.397 3.86256 -1.52008
0.398 3.791 -1.46343
0.399 3.70483 -1.39831
0.4 3.60442 -1.32497
0.401 3.49019 -1.24372
0.402 3.36264 -1.15489
0.403 3.22231 -1.05886
0.404 3.06979 -0.956031
0.405 2.90574 -0.84683
0.406 2.73086 -0.731722
0.407 2.54589 -0.611195
0.408 2.35162 -0.48576
0.409 2.14888 -0.355951
0.41 1.93853 -0.222323
0.411 1.72147 -0.0854471
0.412 1.49863 0.0540905
0.413 1.27096 0.195691
0.414 1.03944 0.338744
0.415 0.805063 0.482635
0.416 0.568838 0.626742
0.417 0.331782 0.770442
0.418 0.0949197 0.913112
0.419 -0.140725 1.05413
0.42 -0.374128 1.19289
0.421 -0.604275 1.32879
0.422 -0.830162 1.46122
0.423 -1.0508 1.58962
0.424 -1.26522 1.71342
0.425 -1.47247 1.83207
0.426 -1.67164 1.94506
0.427 -1.86184 2.05188
0.428 -2.04222 2.15207
0.429 -2.21197 2.24517
0.43 -2.37031 2.33077
0.431 -2.51652 2.4085
0.432 -2.64993 2.47799
0.433 -2.76992 2.53895
0.434 -2.87591 2.59108
0.435 -2.96739 2.63415
0.436 -3.0439 2.66796
0.437 -3.10507 2.69235
0.438 -3.15055 2.7072
0.439 -3.18009 2.71243
0.44 -3.19349 2.70801
0.441 -3.19062 2.69394
0.442 -3.17142 2.67028
0.443 -3.13589 2.63711
0.444 -3.08411 2.59456
0.445 -3.01621 2.54282
0.446 -2.93242 2.48209
0.447 -2.83302 2.41264
0.448 -2.71833 2.33476
0.449 -2.58879 2.24879
0.45 -2.44486 2.15509
0.451 -2.28707 2.05408
0.452 -2.11603 1.94619
0.453 -1.93239 1.83189
0.454 -1.73686 1.71169
0.455 -1.5302 1.58611
0.456 -1.31322 1.45572
0.457 -1.08678 1.32109
0.458 -0.851782 1.18283
0.459 -0.609165 1.04155
0.46 -0.359906 0.897889
0.461 -0.105013 0.752496
0.462 0.154481 0.606032
0.463 0.417516 0.459162
0.464 0.683013 0.312561
0.465 0.949881 0.166903
0.466 1.21702 0.0228611
0.467 1.48331 -0.118894
0.468 1.74765 -0.257698
0.469 2.00894 -0.392898
0.47 2.26606 -0.523852
0.471 2.51794 -0.649932
0.472 2.76351 -0.770531
0.473 3.00172 -0.88506
0.474 3.23154 -0.992954
0.475 3.45199 -1.09368
0.476 3.66211 -1.18671
0.477 3.86097 -1.27159
0.478 4.0477 -1.34785
0.479 4.22148 -1.41509
0.48 4.38151 -1.47293
0.481 4.52707 -1.52104
0.482 4.65749 -1.55912
0.483 4.77215 -1.58691
0.484 4.8705 -1.60421
0.485 4.95207 -1.61085
0.486 5.01642 -1.60671
0.487 5.0632 -1.5917
0.488 5.09214 -1.56581
0.489 5.10303 -1.52906
0.49 5.09572 -1.48151
0.491 5.07015 -1.42326
0.492 5.02634 -1.3545
0.493 4.96437 -1.27542
0.494 4.8844 -1.18627
0.495 4.78666 -1.08736
0.496 4.67145 -0.979031
0.497 4.53916 -0.861669
0.498 4.39024 -0.735706
0.499 4.2252 -0.601609
0.5 4.04462 -0.459889
0.501 3.84916 -0.31109
0.502 3.63953 -0.155793
0.503 3.41651 0.00538946
0.504 3.18092 0.171813
0.505 2.93364 0.342808
0.506 2.67562 0.517676
0.507 2.40783 0.6957
0.508 2.1313 0.87614
0.509 1.84708 1.05824
0.51 1.55628 1.24124
0.511 1.26002 1.42434
0.512 0.959464 1.60678
0.513 0.655776 1.78774
0.514 0.35015 1.96645
0.515 0.0437885 2.14211
0.516 -0.262099 2.31394
0.517 -0.566301 2.48116
0.518 -0.86761 2.64301
0.519 -1.16483 2.79873
0.52 -1.45676 2.9476
0.521 -1.74225 3.08891
0.522 -2.02013 3.22197
0.523 -2.28931 3.34613
0.524 -2.54868 3.46076
0.525 -2.79719 3.56526
0.526 -3.03385 3.65909
0.527 -3.25767 3.7417
0.528 -3.46775 3.81264
0.529 -3.66322 3.87146
0.53 -3.84328 3.91776
0.531 -4.00718 3.95121
0.532 -4.15424 3.97151
0.533 -4.28385 3.9784
0.534 -4.39545 3.9717
0.535 -4.48858 3.95125
0.536 -4.56283 3.91697
0.537 -4.61787 3.86882
0.538 -4.65346 3.80682
0.539 -4.66942 3.73103
0.54 -4.66567 3.6416
0.541 -4.64219 3.53868
0.542 -4.59905 3.42253
0.543 -4.53641 3.29343
0.544 -4.45448 3.15172
0.545 -4.35357 2.99779
0.546 -4.23408 2.83209
0.547 -4.09646 2.65511
0.548 -3.94125 2.46738
0.549 -3.76906 2.2695
0.55 -3.58057 2.06209
0.551 -3.37652 1.84581
0.552 -3.15774 1.62138
0.553 -2.9251 1.38953
0.554 -2.67954 1.15106
0.555 -2.42204 0.906754
0.556 -2.15364 0.657458
0.557 -1.87544 0.404028
0.558 -1.58857 0.147345
0.559 -1.2942 -0.111693
0.56 -0.993526 -0.372173
0.561 -0.68779 -0.633174
0.562 -0.378248 -0.893764
0.563 -0.0661752 -1.15301
0.564 0.247137 -1.40998
0.565 0.560388 -1.66374
0.566 0.872277 -1.91336
0.567 1.1815 -2.15794
0.568 1.48677 -2.39658
0.569 1.78679 -2.6284
0.57 2.08031 -2.85254
0.571 2.36607 -3.06817
0.572 2.64288 -3.27447
0.573 2.90954 -3.47069
0.574 3.16492 -3.65608
0.575 3.4079 -3.82993
0.576 3.63744 -3.9916
0.577 3.85253 -4.14046
0.578 4.05222 -4.27594
0.579 4.23562 -4.39752
0.58 4.40191 -4.50473
0.581 4.55034 -4.59715
0.582 4.6802 -4.67441
0.583 4.79088 -4.73621
0.584 4.88185 -4.78228
0.585 4.95264 -4.81245
0.586 5.00287 -4.82657
0.587 5.03224 -4.82458
0.588 5.04052 -4.80646
0.589 5.0276 -4.77225
0.59 4.9934 -4.72207
0.591 4.93799 -4.65609
0.592 4.86147 -4.57454
0.593 4.76406 -4.4777
0.594 4.64605 -4.36594
0.595 4.50781 -4.23964
0.596 4.3498 -4.09928
0.597 4.17256 -3.94538
0.598 3.97672 -3.77849
0.599 3.76296 -3.59925
0.6 3.53205 -3.40832
0.601 3.28483 -3.20642
0.602 3.02221 -2.99429
0.603 2.74516 -2.77275
0.604 2.45471 -2.54262
0.605 2.15194 -2.30478
0.606 1.83801 -2.06013
0.607 1.51408 -1.80959
0.608 1.18141 -1.55411
0.609 0.841252 -1.29468
0.61 0.494911 -1.03227
0.611 0.143718 -0.7679
0.612 -0.210974 -0.502572
0.613 -0.567793 -0.237306
0.614 -0.925359 0.0268816
0.615 -1.28228 0.288973
0.616 -1.63717 0.54796
0.617 -1.98864 0.802844
0.618 -2.33532 1.05264
0.619 -2.67584 1.29638
0.62 -3.00888 1.53312
0.621 -3.33311 1.76195
0.622 -3.64727 1.98197
0.623 -3.9501 2.19233
0.624 -4.24041 2.3922
0.625 -4.51705 2.58081
0.626 -4.77891 2.75741
0.627 -5.02495 2.92132
0.628 -5.25419 3.07188
0.629 -5.46571 3.20851
0.63 -5.65865 3.33065
0.631 -5.83224 3.43784
0.632 -5.98578 3.52962
0.633 -6.11863 3.60564
0.634 -6.23026 3.66559
0.635 -6.3202 3.70921
0.636 -6.38809 3.73633
0.637 -6.43361 3.74681
0.638 -6.45659 3.74061
0.639 -6.4569 3.71772
0.64 -6.43452 3.67822
0.641 -6.38951 3.62225
0.642 -6.32205 3.54999
0.643 -6.23236 3.46172
0.644 -6.12078 3.35776
0.645 -5.98775 3.23849
0.646 -5.83375 3.10436
0.647 -5.65939 2.95587
0.648 -5.46533 2.79357
0.649 -5.25233 2.61808
0.65 -5.02121 2.43007
0.651 -4.77287 2.23023
0.652 -4.50828 2.01933
0.653 -4.22848 1.79817
0.654 -3.93455 1.5676
0.655 -3.62765 1.32848
0.656 -3.30899 1.08173
0.657 -2.97981 0.828297
0.658 -2.64142 0.569138
0.659 -2.29514 0.305247
0.66 -1.94234 0.0376326
0.661 -1.58441 -0.232683
0.662 -1.22276 -0.504666
0.663 -0.85883 -0.777275
0.664 -0.494045 -1.04947
0.665 -0.129852 -1.3202
0.666 0.232308 -1.58844
0.667 0.591001 -1.85316
0.668 0.944809 -2.11335
0.669 1.29233 -2.368
0.67 1.63219 -2.61615
0.671 1.96304 -2.85685
0.672 2.28356 -3.08917
0.673 2.5925 -3.31223
0.674 2.88863 -3.52518
0.675 3.17076 -3.72721
0.676 3.4378 -3.91753
0.677 3.68867 -4.09544
0.678 3.9224 -4.26025
0.679 4.13805 -4.41133
0.68 4.33477 -4.54812
0.681 4.5118 -4.6701
0.682 4.66843 -4.77681
0.683 4.80405 -4.86784
0.684 4.91814 -4.94286
0.685 5.01024 -5.0016
0.686 5.08001 -5.04384
0.687 5.12719 -5.06942
0.688 5.1516 -5.07827
0.689 5.15315 -5.07036
0.69 5.13188 -5.04574
0.691 5.08787 -5.00451
0.692 5.02132 -4.94685
0.693 4.93253 -4.873
0.694 4.82187 -4.78325
0.695 4.68981 -4.67797
0.696 4.5369 -4.55757
0.697 4.36379 -4.42254
0.698 4.17119 -4.2734
0.699 3.95991 -4.11074
0.7 3.73081 -3.9352
0.701 3.48487 -3.74747
0.702 3.22308 -3.54829
0.703 2.94653 -3.33843
0.704 2.65638 -3.11871
0.705 2.35382 -2.88998
0.706 2.0401 -2.65312
0.707 1.71652 -2.40907
0.708 1.38442 -2.15875
0.709 1.04517 -1.90314
0.71 0.700173 -1.64321
0.711 0.350866 -1.37997
0.712 -0.00130793 -1.11442
0.713 -0.354889 -0.847577
0.714 -0.708411 -0.580461
0.715 -1.06041 -0.314085
0.716 -1.40941 -0.0494579
0.717 -1.75397 0.21242
0.718 -2.09266 0.470563
0.719 -2.42406 0.724004
0.72 -2.74679 0.971796
0.721 -3.0595 1.21302
0.722 -3.36088 1.44678
0.723 -3.64966 1.67222
0.724 -3.92464 1.88851
0.725 -4.18464 2.09488
0.726 -4.42858 2.29058
0.727 -4.65541 2.47491
0.728 -4.86417 2.64723
0.729 -5.05397 2.80693
0.73 -5.22398 2.95348
0.731 -5.37347 3.08638
0.732 -5.50178 3.2052
0.733 -5.60835 3.30956
0.734 -5.69268 3.39916
0.735 -5.75439 3.47373
0.736 -5.79317 3.53309
0.737 -5.80882 3.5771
0.738 -5.80123 3.60571
0.739 -5.77036 3.61891
0.74 -5.71629 3.61676
0.741 -5.6392 3.59939
0.742 -5.53934 3.56698
0.743 -5.41707 3.51978
0.744 -5.27283 3.45811
0.745 -5.10716 3.38232
0.746 -4.92068 3.29284
0.747 -4.71409 3.19015
0.748 -4.48818 3.07478
0.749 -4.24383 2.94733
0.75 -3.98197 2.80842
0.751 -3.70363 2.65874
0.752 -3.40987 2.499
0.753 -3.10185 2.32997
0.754 -2.78078 2.15245
0.755 -2.4479 1.96727
0.756 -2.10453 1.77529
0.757 -1.75203 1.57742
0.758 -1.39177 1.37454
0.759 -1.02517 1.16761
0.76 -0.653698 0.957568
0.761 -0.278806 0.745366
0.762 0.0980174 0.531972
0.763 0.47528 0.318353
0.764 0.851488 0.105477
0.765 1.22515 -0.105696
0.766 1.59478 -0.314211
0.767 1.95891 -0.519131
0.768 2.3161 -0.719531
0.769 2.66493 -0.91451
0.77 3.00401 -1.10319
0.771 3.332 -1.28472
0.772 3.64759 -1.45829
0.773 3.94953 -1.6231
0.774 4.23662 -1.77843
0.775 4.50772 -1.92355
0.776 4.76176 -2.05783
0.777 4.99773 -2.18063
0.778 5.2147 -2.29141
0.779 5.4118 -2.38964
0.78 5.58827 -2.47489
0.781 5.7434 -2.54674
0.782 5.8766 -2.60485
0.783 5.98733 -2.64894
0.784 6.07519 -2.67879
0.785 6.13982 -2.69424
0.786 6.18098 -2.69518
0.787 6.19854 -2.68158
0.788 6.19244 -2.65347
0.789 6.16273 -2.61093
0.79 6.10955 -2.55411
0.791 6.03313 -2.48322
0.792 5.93382 -2.39854
0.793 5.81202 -2.3004
0.794 5.66827 -2.18918
0.795 5.50316 -2.06533
0.796 5.3174 -1.92935
0.797 5.11175 -1.7818
0.798 4.88708 -1.62328
0.799 4.64432 -1.45444
0.8 4.38448 -1.27597
0.801 4.10865 -1.08862
0.802 3.81797 -0.893158
0.803 3.51364 -0.690404
0.804 3.19694 -0.481202
0.805 2.86918 -0.266427
0.806 2.53171 -0.0469799
0.807 2.18593 0.176217
0.808 1.83329 0.402225
0.809 1.47524 0.63009
0.81 1.11327 0.858847
0.811 0.748881 1.08753
0.812 0.383586 1.31516
0.813 0.0189042 1.54078
0.814 -0.34365 1.76342
0.815 -0.70257 1.98213
0.816 -1.05636 2.19597
0.817 -1.40355 2.40403
0.818 -1.74269 2.6054
0.819 -2.07237 2.79921
0.82 -2.39121 2.98463
0.821 -2.69788 3.16084
0.822 -2.9911 3.32708
0.823 -3.26963 3.48261
0.824 -3.53231 3.62675
0.825 -3.77803 3.75885
0.826 -4.00576 3.87833
0.827 -4.21453 3.98463
0.828 -4.40345 4.07727
0.829 -4.57173 4.15582
0.83 -4.71864 4.2199
0.831 -4.84355 4.26921
0.832 -4.94592 4.30348
0.833 -5.02529 4.32253
0.834 -5.0813 4.32622
0.835 -5.1137 4.31449
0.836 -5.12233 4.28734
0.837 -5.10711 4.24484
0.838 -5.06807 4.1871
0.839 -5.00536 4.11433
0.84 -4.91918 4.02677
0.841 -4.80988 3.92474
0.842 -4.67785 3.80862
0.843 -4.52363 3.67884
0.844 -4.34782 3.5359
0.845 -4.1511 3.38035
0.846 -3.93426 3.21279
0.847 -3.69817 3.03388
0.848 -3.44377 2.84431
0.849 -3.17208 2.64485
0.85 -2.8842 2.43628
0.851 -2.58129 2.21944
0.852 -2.26458 1.99519
0.853 -1.93535 1.76444
0.854 -1.59493 1.52812
0.855 -1.24472 1.28717
0.856 -0.886143 1.04259
0.857 -0.520662 0.79537
0.858 -0.149771 0.546513
0.859 0.225007 0.29704
0.86 0.602137 0.0479765
0.861 0.980065 -0.199654
0.862 1.35724 -0.444831
0.863 1.7321 -0.686538
0.864 2.10309 -0.923774
0.865 2.46869 -1.15555
0.866 2.82738 -1.38091
0.867 3.17766 -1.59889
0.868 3.51807 -1.80859
0.869 3.84719 -2.00913
0.87 4.16365 -2.19965
0.871 4.4661 -2.37935
0.872 4.75329 -2.54746
0.873 5.02398 -2.70325
0.874 5.27704 -2.84607
0.875 5.51137 -2.97527
0.876 5.72597 -3.09031
0.877 5.91992 -3.19066
0.878 6.09236 -3.27588
0.879 6.24252 -3.34558
0.88 6.36975 -3.39943
0.881 6.47346 -3.43717
0.882 6.55315 -3.45859
0.883 6.60844 -3.46358
0.884 6.63904 -3.45206
0.885 6.64474 -3.42404
0.886 6.62546 -3.37958
0.887 6.58119 -3.31884
0.888 6.51206 -3.24201
0.889 6.41825 -3.14937
0.89 6.30009 -3.04126
0.891 6.15797 -2.91808
0.892 5.9924 -2.7803
0.893 5.80397 -2.62844
0.894 5.59337 -2.4631
0.895 5.36139 -2.28491
0.896 5.10889 -2.09458
0.897 4.83681 -1.89286
0.898 4.5462 -1.68054
0.899 4.23815 -1.45848
0.9 3.91385 -1.22757
0.901 3.57453 -0.988721
0.902 3.22151 -0.742912
0.903 2.85614 -0.491134
0.904 2.47984 -0.234412
0.905 2.09408 0.0262064
0.906 1.70034 0.289654
0.907 1.30017 0.554849
0.908 0.895115 0.820695
0.909 0.486766 1.08609
0.91 0.0767178 1.34994
0.911 -0.333424 1.61114
0.912 -0.742054 1.86858
0.913 -1.14757 2.1212
0.914 -1.54837 2.36792
0.915 -1.94289 2.60768
0.916 -2.32958 2.83948
0.917 -2.70691 3.0623
0.918 -3.07341 3.27519
0.919 -3.42761 3.47722
0.92 -3.76814 3.66749
0.921 -4.09365 3.84517
0.922 -4.40285 4.00945
0.923 -4.69453 4.15958
0.924 -4.96754 4.29487
0.925 -5.2208 4.41469
0.926 -5.45332 4.51845
0.927 -5.66418 4.60563
0.928 -5.85255 4.67578
0.929 -6.01769 4.72851
0.93 -6.15896 4.76351
0.931 -6.2758 4.78051
0.932 -6.36775 4.77934
0.933 -6.43448 4.75988
0.934 -6.47571 4.7221
0.935 -6.4913 4.66603
0.936 -6.48121 4.59176
0.937 -6.44547 4.49948
0.938 -6.38426 4.38943
0.939 -6.29782 4.26194
0.94 -6.18652 4.11738
0.941 -6.05082 3.9562
0.942 -5.89128 3.77894
0.943 -5.70855 3.58617
0.944 -5.50338 3.37855
0.945 -5.27661 3.15677
0.946 -5.02916 2.92161
0.947 -4.76204 2.67387
0.948 -4.47634 2.41443
0.949 -4.17322 2.14421
0.95 -3.85393 1.86417
0.951 -3.51975 1.5753
0.952 -3.17204 1.27865
0.953 -2.81224 0.975293
0.954 -2.44179 0.666321
0.955 -2.06221 0.352862
0.956 -1.67504 0.0360606
0.957 -1.28186 -0.282924
0.958 -0.884272 -0.602922
0.959 -0.483898 -0.922754
0.96 -0.0823711 -1.24124
0.961 0.318672 -1.55721
0.962 0.717592 -1.86948
0.963 1.11276 -2.17691
0.964 1.50256 -2.47835
0.965 1.8854 -2.77268
0.966 2.25971 -3.05881
0.967 2.62395 -3.33567
0.968 2.97664 -3.60224
0.969 3.31631 -3.8575
0.97 3.64158 -4.10053
0.971 3.9511 -4.3304
0.972 4.24359 -4.54627
0.973 4.51785 -4.74733
0.974 4.77274 -4.93283
0.975 5.00719 -5.10208
0.976 5.22022 -5.25445
0.977 5.41095 -5.38938
0.978 5.57857 -5.50638
0.979 5.72237 -5.605
0.98 5.84172 -5.68489
0.981 5.93611 -5.74577
0.982 6.00512 -5.78741
0.983 6.04844 -5.80968
0.984 6.06585 -5.8125
0.985 6.05723 -5.79589
0.986 6.02259 -5.75991
0.987 5.96203 -5.70473
0.988 5.87573 -5.63058
0.989 5.76402 -5.53775
0.99 5.62729 -5.42663
0.991 5.46607 -5.29764
0.992 5.28095 -5.1513
0.993 5.07264 -4.98819
0.994 4.84194 -4.80895
0.995 4.58973 -4.61429
0.996 4.31699 -4.40496
0.997 4.02479 -4.18179
0.998 3.71424 -3.94564
0.999 3.38657 -3.69744
1 3.04306 -3.43815
