0.001 3.45342e-008 2.62157e-009
0.002 3.13997e-007 2.10545e-008
0.003 1.47838e-006 8.73719e-008
0.004 4.89171e-006 2.56399e-007
0.005 1.29327e-005 6.08199e-007
0.006 2.92755e-005 1.25223e-006
0.007 5.91574e-005 2.33363e-006
0.008 0.000109632 4.04204e-006
0.009 0.000189804 6.62334e-006
0.01 0.000311047 1.03947e-005
0.011 0.000487195 1.5763e-005
0.012 0.000734714 2.32475e-005
0.013 0.00107284 3.35064e-005
0.014 0.00152372 4.73674e-005
0.015 0.00211247 6.58628e-005
0.016 0.00286723 9.02697e-005
0.017 0.00381925 0.000122153
0.018 0.0050028 0.000163415
0.019 0.00645521 0.000216348
0.02 0.00821676 0.000283689
0.021 0.0103306 0.000368685
0.022 0.0128425 0.000475153
0.023 0.0158009 0.00060755
0.024 0.0192566 0.000771043
0.025 0.0232624 0.000971582
0.026 0.0278731 0.00121598
0.027 0.0331449 0.00151197
0.028 0.0391354 0.00186831
0.029 0.045903 0.00229486
0.03 0.0535067 0.0028026
0.031 0.0620054 0.00340379
0.032 0.0714581 0.004112
0.033 0.0819228 0.00494217
0.034 0.0934564 0.00591069
0.035 0.106114 0.00703548
0.036 0.11995 0.00833599
0.037 0.135013 0.00983334
0.038 0.151352 0.0115503
0.039 0.169011 0.0135112
0.04 0.18803 0.0157424
0.041 0.208443 0.0182717
0.042 0.230283 0.0211288
0.043 0.253574 0.024345
0.044 0.278336 0.0279536
0.045 0.304581 0.0319893
0.046 0.332316 0.0364887
0.047 0.361541 0.0414897
0.048 0.392247 0.047032
0.049 0.424419 0.0531566
0.05 0.458033 0.0599061
0.051 0.493057 0.0673238
0.052 0.52945 0.0754547
0.053 0.567165 0.0843444
0.054 0.606142 0.0940394
0.055 0.646317 0.104587
0.056 0.687612 0.116034
0.057 0.729944 0.128429
0.058 0.773221 0.14182
0.059 0.81734 0.156253
0.06 0.862191 0.171777
0.061 0.907655 0.188437
0.062 0.953608 0.20628
0.063 0.999914 0.225348
0.064 1.04643 0.245684
0.065 1.09301 0.267329
0.066 1.1395 0.290322
0.067 1.18574 0.314698
0.068 1.23156 0.340491
0.069 1.27679 0.36773
0.07 1.32126 0.396443
0.071 1.36479 0.426651
0.072 1.40719 0.458373
0.073 1.44829 0.491624
0.074 1.48789 0.526413
0.075 1.52583 0.562745
0.076 1.5619 0.600618
0.077 1.59594 0.640026
0.078 1.62775 0.680957
0.079 1.65717 0.723392
0.08 1.68402 0.767305
0.081 1.70813 0.812666
0.082 1.72934 0.859436
0.083 1.7475 0.907569
0.084 1.76245 0.957012
0.085 1.77407 1.0077
0.086 1.78222 1.05958
0.087 1.78678 1.11256
0.088 1.78764 1.16657
0.089 1.78472 1.22151
0.09 1.77792 1.27729
0.091 1.76717 1.3338
0.092 1.75243 1.39093
0.093 1.73365 1.44856
0.094 1.7108 1.50656
0.095 1.68387 1.56479
0.096 1.65288 1.62312
0.097 1.61783 1.68139
0.098 1.57878 1.73946
0.099 1.53577 1.79716
0.1 1.48889 1.85432
0.101 1.43821 1.91078
0.102 1.38386 1.96637
0.103 1.32594 2.02089
0.104 1.26462 2.07417
0.105 1.20004 2.12601
0.106 1.13237 2.17624
0.107 1.06182 2.22466
0.108 0.98859 2.27108
0.109 0.912897 2.3153
0.11 0.83498 2.35713
0.111 0.755089 2.39638
0.112 0.673487 2.43285
0.113 0.59045 2.46636
0.114 0.506263 2.49673
0.115 0.421222 2.52376
0.116 0.335633 2.54728
0.117 0.249809 2.56712
0.118 0.164071 2.5831
0.119 0.0787428 2.59508
0.12 -0.00584466 2.6029
0.121 -0.089359 2.60641
0.122 -0.171466 2.60548
0.123 -0.251831 2.59999
0.124 -0.33012 2.58981
0.125 -0.406004 2.57485
0.126 -0.479156 2.55502
0.127 -0.549254 2.53024
0.128 -0.615986 2.50043
0.129 -0.679045 2.46556
0.13 -0.738137 2.42558
0.131 -0.792976 2.38048
0.132 -0.843292 2.33024
0.133 -0.888828 2.27488
0.134 -0.929341 2.21441
0.135 -0.964607 2.1489
0.136 -0.994417 2.07838
0.137 -1.01859 2.00295
0.138 -1.03694 1.92268
0.139 -1.04934 1.8377
0.14 -1.05566 1.74813
0.141 -1.0558 1.65412
0.142 -1.04967 1.55582
0.143 -1.03724 1.45343
0.144 -1.01846 1.34712
0.145 -0.993344 1.23712
0.146 -0.961908 1.12365
0.147 -0.924207 1.00696
0.148 -0.880317 0.887312
0.149 -0.830344 0.764969
0.15 -0.774418 0.640222
0.151 -0.712698 0.513373
0.152 -0.645367 0.384733
0.153 -0.572637 0.254627
0.154 -0.494742 0.12339
0.155 -0.411945 -0.00863506
0.156 -0.324529 -0.141094
0.157 -0.232804 -0.273626
0.158 -0.1371 -0.405866
0.159 -0.0377699 -0.537439
0.16 0.0648138 -0.667971
0.161 0.170259 -0.797082
0.162 0.278158 -0.92439
0.163 0.388082 -1.04952
0.164 0.499594 -1.17208
0.165 0.612238 -1.2917
0.166 0.725549 -1.408
0.167 0.839054 -1.52063
0.168 0.952269 -1.6292
0.169 1.06471 -1.73337
0.17 1.17587 -1.8328
0.171 1.28527 -1.92714
0.172 1.39241 -2.01608
0.173 1.4968 -2.09931
0.174 1.59794 -2.17652
0.175 1.69536 -2.24744
0.176 1.78858 -2.31181
0.177 1.87713 -2.36938
0.178 1.96057 -2.41993
0.179 2.03845 -2.46324
0.18 2.11034 -2.49915
0.181 2.17586 -2.52747
0.182 2.2346 -2.54809
0.183 2.28622 -2.56088
0.184 2.33036 -2.56574
0.185 2.36672 -2.56263
0.186 2.39501 -2.55149
0.187 2.41496 -2.53232
0.188 2.42636 -2.50513
0.189 2.42899 -2.46996
0.19 2.42269 -2.42688
0.191 2.40734 -2.37599
0.192 2.38282 -2.3174
0.193 2.34908 -2.25128
0.194 2.30609 -2.17779
0.195 2.25384 -2.09714
0.196 2.1924 -2.00957
0.197 2.12183 -1.91532
0.198 2.04225 -1.81469
0.199 1.95381 -1.70798
0.2 1.85672 -1.59551
0.201 1.75118 -1.47764
0.202 1.63747 -1.35475
0.203 1.51588 -1.22723
0.204 1.38675 -1.0955
0.205 1.25042 -0.959994
0.206 1.10732 -0.821156
0.207 0.957847 -0.679457
0.208 0.802475 -0.535378
0.209 0.641685 -0.38941
0.21 0.475988 -0.242058
0.211 0.305918 -0.0938362
0.212 0.132036 0.0547358
0.213 -0.0450809 0.203131
0.214 -0.224834 0.350819
0.215 -0.40661 0.497267
0.216 -0.589781 0.641943
0.217 -0.773705 0.784315
0.218 -0.957736 0.923856
0.219 -1.14122 1.06004
0.22 -1.32348 1.19236
0.221 -1.50388 1.32031
0.222 -1.68174 1.44339
0.223 -1.85641 1.56112
0.224 -2.02723 1.67304
0.225 -2.19357 1.77869
0.226 -2.35479 1.87765
0.227 -2.51028 1.96951
0.228 -2.65943 2.05387
0.229 -2.80166 2.13037
0.23 -2.93642 2.19866
0.231 -3.06317 2.25845
0.232 -3.18139 2.30942
0.233 -3.29061 2.35134
0.234 -3.39037 2.38397
0.235 -3.48026 2.40711
0.236 -3.5599 2.4206
0.237 -3.62893 2.4243
0.238 -3.68706 2.41812
0.239 -3.734 2.40199
0.24 -3.76953 2.37588
0.241 -3.79347 2.33979
0.242 -3.80567 2.29377
0.243 -3.80604 2.23789
0.244 -3.79451 2.17226
0.245 -3.77108 2.09703
0.246 -3.73579 2.01236
0.247 -3.68872 1.91849
0.248 -3.63 1.81566
0.249 -3.5598 1.70414
0.25 -3.47834 1.58425
0.251 -3.38589 1.45634
0.252 -3.28275 1.32078
0.253 -3.16928 1.17798
0.254 -3.04586 1.02836
0.255 -2.91294 0.872387
0.256 -2.77099 0.710543
0.257 -2.62051 0.543336
0.258 -2.46205 0.371292
0.259 -2.29619 0.194959
0.26 -2.12355 0.0149046
0.261 -1.94477 -0.168291
0.262 -1.76051 -0.354031
0.263 -1.57147 -0.541707
0.264 -1.37836 -0.730704
0.265 -1.18192 -0.920394
0.266 -0.982904 -1.11015
0.267 -0.78207 -1.29934
0.268 -0.580195 -1.48732
0.269 -0.378064 -1.67346
0.27 -0.176465 -1.85715
0.271 0.0238148 -2.03774
0.272 0.221986 -2.21464
0.273 0.417267 -2.38723
0.274 0.608881 -2.55492
0.275 0.796067 -2.71715
0.276 0.978073 -2.87334
0.277 1.15417 -3.02297
0.278 1.32364 -3.16552
0.279 1.4858 -3.30049
0.28 1.63999 -3.42741
0.281 1.78556 -3.54584
0.282 1.92193 -3.65537
0.283 2.04852 -3.75561
0.284 2.1648 -3.84622
0.285 2.27027 -3.92688
0.286 2.36449 -3.9973
0.287 2.44705 -4.05724
0.288 2.51758 -4.10648
0.289 2.57577 -4.14485
0.29 2.62134 -4.17222
0.291 2.65409 -4.18849
0.292 2.67383 -4.1936
0.293 2.68046 -4.18753
0.294 2.6739 -4.1703
0.295 2.65414 -4.14198
0.296 2.62123 -4.10266
0.297 2.57525 -4.05249
0.298 2.51636 -3.99164
0.299 2.44475 -3.92032
0.3 2.36067 -3.8388
0.301 2.26442 -3.74735
0.302 2.15636 -3.64631
0.303 2.03689 -3.53603
0.304 1.90645 -3.41691
0.305 1.76554 -3.28937
0.306 1.61471 -3.15385
0.307 1.45452 -3.01085
0.308 1.28561 -2.86087
0.309 1.10863 -2.70444
0.31 0.924273 -2.54212
0.311 0.733273 -2.37449
0.312 0.536384 -2.20212
0.313 0.334391 -2.02564
0.314 0.1281 -1.84567
0.315 -0.0816574 -1.66285
0.316 -0.294037 -1.4778
0.317 -0.508177 -1.2912
0.318 -0.723208 -1.10368
0.319 -0.93825 -0.915909
0.32 -1.15242 -0.728537
0.321 -1.36484 -0.542217
0.322 -1.57463 -0.357593
0.323 -1.78091 -0.175303
0.324 -1.98283 0.00402756
0.325 -2.17953 0.179785
0.326 -2.37019 0.351373
0.327 -2.554 0.518211
0.328 -2.73017 0.67974
0.329 -2.89795 0.835423
0.33 -3.0566 0.984747
0.331 -3.20544 1.12722
0.332 -3.34381 1.2624
0.333 -3.47109 1.38984
0.334 -3.58671 1.50915
0.335 -3.69014 1.61996
0.336 -3.78089 1.72195
0.337 -3.85853 1.81482
0.338 -3.92268 1.89831
0.339 -3.97301 1.9722
0.34 -4.00923 2.03632
0.341 -4.03114 2.09052
0.342 -4.03856 2.13469
0.343 -4.03139 2.16878
0.344 -4.00958 2.19276
0.345 -3.97314 2.20665
0.346 -3.92214 2.21052
0.347 -3.8567 2.20444
0.348 -3.77702 2.18858
0.349 -3.68334 2.16309
0.35 -3.57595 2.1282
0.351 -3.45522 2.08415
0.352 -3.32155 2.03124
0.353 -3.17541 1.96978
0.354 -3.01732 1.90013
0.355 -2.84783 1.82268
0.356 -2.66757 1.73784
0.357 -2.4772 1.64607
0.358 -2.27741 1.54784
0.359 -2.06894 1.44364
0.36 -1.85257 1.33399
0.361 -1.62911 1.21943
0.362 -1.39941 1.10054
0.363 -1.16434 0.977868
0.364 -0.924784 0.852019
0.365 -0.681662 0.72359
0.366 -0.435904 0.59319
0.367 -0.188455 0.461434
0.368 0.0597322 0.32894
0.369 0.307699 0.196328
0.37 0.554485 0.0642163
0.371 0.799132 -0.0667808
0.372 1.04069 -0.196056
0.373 1.27822 -0.323011
0.374 1.51078 -0.447059
0.375 1.73748 -0.567627
0.376 1.95743 -0.68416
0.377 2.16975 -0.79612
0.378 2.37363 -0.90299
0.379 2.56825 -1.00428
0.38 2.75286 -1.09951
0.381 2.92672 -1.18826
0.382 3.08916 -1.2701
0.383 3.23952 -1.34466
0.384 3.37724 -1.41158
0.385 3.50175 -1.47055
0.386 3.61257 -1.5213
0.387 3.70927 -1.56357
0.388 3.79148 -1.59716
0.389 3.85887 -1.62191
0.39 3.91118 -1.63768
0.391 3.94823 -1.64438
0.392 3.96986 -1.64196
0.393 3.97601 -1.63042
0.394 3.96667 -1.60977
0.395 3.9419 -1.5801
0.396 3.90181 -1.54151
0.397 3.84658 -1.49414
0.398 3.77645 -1.43819
0.399 3.69173 -1.37388
0.4 3.59279 -1.30147
0.401 3.48005 -1.22126
0.402 3.35399 -1.13358
0.403 3.21514 -1.0388
0.404 3.06411 -0.937301
0.405 2.90154 -0.829521
0.406 2.72811 -0.715912
0.407 2.54457 -0.596953
0.408 2.35169 -0.47315
0.409 2.15031 -0.345027
0.41 1.94127 -0.213131
0.411 1.72548 -0.0780243
0.412 1.50385 0.0597141
0.413 1.27733 0.199494
0.414 1.04689 0.340715
0.415 0.813529 0.482769
0.416 0.578241 0.625044
0.417 0.342043 0.766925
0.418 0.105955 0.907797
0.419 -0.129003 1.04705
0.42 -0.36181 1.18408
0.421 -0.591454 1.31829
0.422 -0.816934 1.44909
0.423 -1.03726 1.57591
0.424 -1.25147 1.6982
0.425 -1.45861 1.81542
0.426 -1.65778 1.92705
0.427 -1.84807 2.0326
0.428 -2.02865 2.1316
0.429 -2.19869 2.22362
0.43 -2.35744 2.30823
0.431 -2.50415 2.38507
0.432 -2.63815 2.45378
0.433 -2.75882 2.51406
0.434 -2.86559 2.56563
0.435 -2.95794 2.60825
0.436 -3.03541 2.64173
0.437 -3.09761 2.66589
0.438 -3.1442 2.68063
0.439 -3.17492 2.68587
0.44 -3.18957 2.68156
0.441 -3.188 2.66772
0.442 -3.17016 2.64439
0.443 -3.13603 2.61166
0.444 -3.0857 2.56965
0.445 -3.01929 2.51855
0.446 -2.93702 2.45856
0.447 -2.83914 2.38993
0.448 -2.72601 2.31296
0.449 -2.59802 2.22797
0.45 -2.45564 2.13533
0.451 -2.2994 2.03543
0.452 -2.12989 1.92872
0.453 -1.94775 1.81566
0.454 -1.75369 1.69674
0.455 -1.54847 1.57248
0.456 -1.33288 1.44344
0.457 -1.10777 1.31018
0.458 -0.874052 1.1733
0.459 -0.632644 1.03341
0.46 -0.384521 0.891142
0.461 -0.130682 0.74713
0.462 0.127842 0.602029
0.463 0.389999 0.456498
0.464 0.654717 0.311202
0.465 0.920906 0.166809
0.466 1.18747 0.023984
0.467 1.4533 -0.116609
0.468 1.7173 -0.254313
0.469 1.97836 -0.388481
0.47 2.23538 -0.518477
0.471 2.48727 -0.643681
0.472 2.73298 -0.763489
0.473 2.97146 -0.877318
0.474 3.20168 -0.984608
0.475 3.42265 -1.08482
0.476 3.63341 -1.17746
0.477 3.83305 -1.26204
0.478 4.02068 -1.33811
0.479 4.19547 -1.40528
0.48 4.35664 -1.46315
0.481 4.50345 -1.51141
0.482 4.63524 -1.54975
0.483 4.75138 -1.57791
0.484 4.85131 -1.59569
0.485 4.93456 -1.60292
0.486 5.00068 -1.59947
0.487 5.04932 -1.58527
0.488 5.0802 -1.56029
0.489 5.09309 -1.52453
0.49 5.08786 -1.47806
0.491 5.06443 -1.421
0.492 5.0228 -1.35349
0.493 4.96305 -1.27574
0.494 4.88534 -1.18799
0.495 4.78988 -1.09054
0.496 4.67697 -0.983725
0.497 4.54698 -0.867921
0.498 4.40035 -0.743552
0.499 4.2376 -0.611077
0.5 4.05928 -0.470997
0.501 3.86605 -0.323848
0.502 3.65862 -0.170202
0.503 3.43773 -0.0106614
0.504 3.20421 0.15414
0.505 2.95895 0.323541
0.506 2.70286 0.496854
0.507 2.43691 0.673371
0.508 2.16213 0.852363
0.509 1.87956 1.03308
0.51 1.5903 1.21477
0.511 1.29546 1.39666
0.512 0.996198 1.57798
0.513 0.693676 1.75793
0.514 0.389079 1.93573
0.515 0.0836051 2.11061
0.516 -0.221541 2.28178
0.517 -0.525153 2.44848
0.518 -0.826025 2.60994
0.519 -1.12296 2.76544
0.52 -1.41478 2.91423
0.521 -1.7003 3.05562
0.522 -1.9784 3.18893
0.523 -2.24794 3.31351
0.524 -2.50784 3.42872
0.525 -2.75704 3.53398
0.526 -2.99455 3.62873
0.527 -3.21938 3.71245
0.528 -3.43062 3.78466
0.529 -3.6274 3.84493
0.53 -3.80892 3.89286
0.531 -3.97442 3.9281
0.532 -4.12321 3.95035
0.533 -4.25468 3.95937
0.534 -4.36827 3.95495
0.535 -4.46349 3.93694
0.536 -4.53994 3.90524
0.537 -4.59729 3.85981
0.538 -4.63527 3.80066
0.539 -4.6537 3.72786
0.54 -4.65249 3.64152
0.541 -4.63161 3.54181
0.542 -4.59111 3.42896
0.543 -4.53115 3.30324
0.544 -4.45193 3.16498
0.545 -4.35375 3.01458
0.546 -4.23698 2.85245
0.547 -4.10207 2.67907
0.548 -3.94956 2.49498
0.549 -3.78003 2.30074
0.55 -3.59415 2.09696
0.551 -3.39267 1.88431
0.552 -3.17639 1.66348
0.553 -2.94616 1.43519
0.554 -2.70292 1.20021
0.555 -2.44764 0.959328
0.556 -2.18135 0.713371
0.557 -1.90514 0.463182
0.558 -1.62013 0.209627
0.559 -1.32747 -0.0464094
0.56 -1.02836 -0.304027
0.561 -0.724025 -0.562317
0.562 -0.41572 -0.820359
0.563 -0.104711 -1.07723
0.564 0.207718 -1.33201
0.565 0.520272 -1.58378
0.566 0.831655 -1.83163
0.567 1.14057 -2.07465
0.568 1.44572 -2.31195
0.569 1.74584 -2.54266
0.57 2.03965 -2.76594
0.571 2.32592 -2.98094
0.572 2.60343 -3.18689
0.573 2.871 -3.38299
0.574 3.12749 -3.56853
0.575 3.37179 -3.7428
0.576 3.60284 -3.90515
0.577 3.81964 -4.05495
0.578 4.02123 -4.19165
0.579 4.20672 -4.3147
0.58 4.37527 -4.42364
0.581 4.52613 -4.51806
0.582 4.65858 -4.59756
0.583 4.77202 -4.66185
0.584 4.86588 -4.71067
0.585 4.9397 -4.74381
0.586 4.99309 -4.76113
0.587 5.02572 -4.76256
0.588 5.03737 -4.74806
0.589 5.0279 -4.71767
0.59 4.99725 -4.6715
0.591 4.94543 -4.6097
0.592 4.87256 -4.53249
0.593 4.77883 -4.44014
0.594 4.66452 -4.33299
0.595 4.52999 -4.21143
0.596 4.37569 -4.0759
0.597 4.20214 -3.92691
0.598 4.00994 -3.765
0.599 3.79977 -3.59079
0.6 3.57239 -3.40493
0.601 3.32862 -3.2081
0.602 3.06935 -3.00105
0.603 2.79555 -2.78456
0.604 2.50822 -2.55944
0.605 2.20845 -2.32656
0.606 1.89735 -2.08678
0.607 1.57611 -1.84103
0.608 1.24594 -1.59023
0.609 0.908109 -1.33534
0.61 0.563898 -1.07734
0.611 0.214631 -0.817208
0.612 -0.138348 -0.555944
0.613 -0.493677 -0.294548
0.614 -0.84998 -0.0340247
0.615 -1.20588 0.224625
0.616 -1.55998 0.480405
0.617 -1.91092 0.73233
0.618 -2.25731 0.979426
0.619 -2.5978 1.22074
0.62 -2.93106 1.45533
0.621 -3.25578 1.6823
0.622 -3.57067 1.90076
0.623 -3.8745 2.10985
0.624 -4.16606 2.30878
0.625 -4.4442 2.49675
0.626 -4.70781 2.67304
0.627 -4.95584 2.83695
0.628 -5.18731 2.98783
0.629 -5.40129 3.12511
0.63 -5.59691 3.24822
0.631 -5.7734 3.35669
0.632 -5.93004 3.45007
0.633 -6.06619 3.528
0.634 -6.1813 3.59016
0.635 -6.27489 3.63629
0.636 -6.34658 3.6662
0.637 -6.39606 3.67976
0.638 -6.42312 3.6769
0.639 -6.42763 3.65762
0.64 -6.40955 3.62197
0.641 -6.36893 3.57007
0.642 -6.30592 3.50211
0.643 -6.22074 3.41834
0.644 -6.11371 3.31907
0.645 -5.98524 3.20466
0.646 -5.83581 3.07553
0.647 -5.666 2.93218
0.648 -5.47647 2.77515
0.649 -5.26794 2.60501
0.65 -5.04123 2.42243
0.651 -4.79722 2.22809
0.652 -4.53686 2.02272
0.653 -4.26117 1.80711
0.654 -3.97122 1.58209
0.655 -3.66816 1.34849
0.656 -3.35318 1.10723
0.657 -3.02751 0.859214
0.658 -2.69243 0.605392
0.659 -2.34926 0.346736
0.66 -1.99937 0.0842332
0.661 -1.64411 -0.181111
0.662 -1.28491 -0.448282
0.663 -0.923172 -0.716257
0.664 -0.560332 -0.98401
0.665 -0.197824 -1.25052
0.666 0.162918 -1.51476
0.667 0.520467 -1.77572
0.668 0.873408 -2.0324
0.669 1.22034 -2.28382
0.67 1.5599 -2.52902
0.671 1.89072 -2.76706
0.672 2.21152 -2.99703
0.673 2.521 -3.21805
0.674 2.81796 -3.42928
0.675 3.1012 -3.62991
0.676 3.36962 -3.81918
0.677 3.62214 -3.99636
0.678 3.85778 -4.16078
0.679 4.07559 -4.31183
0.68 4.27472 -4.44892
0.681 4.45439 -4.57154
0.682 4.61389 -4.67922
0.683 4.75259 -4.77158
0.684 4.86995 -4.84825
0.685 4.96552 -4.90897
0.686 5.03893 -4.9535
0.687 5.08991 -4.98169
0.688 5.11825 -4.99345
0.689 5.12387 -4.98875
0.69 5.10677 -4.96761
0.691 5.06702 -4.93013
0.692 5.00482 -4.87648
0.693 4.92042 -4.80688
0.694 4.8142 -4.7216
0.695 4.68659 -4.621
0.696 4.53814 -4.50548
0.697 4.36947 -4.37549
0.698 4.18127 -4.23156
0.699 3.97434 -4.07425
0.7 3.74952 -3.90418
0.701 3.50776 -3.72202
0.702 3.25005 -3.52848
0.703 2.97746 -3.32433
0.704 2.69112 -3.11035
0.705 2.3922 -2.88739
0.706 2.08196 -2.6563
0.707 1.76167 -2.41799
0.708 1.43265 -2.17338
0.709 1.09626 -1.92342
0.71 0.753908 -1.66905
0.711 0.406996 -1.41128
0.712 0.0569642 -1.15108
0.713 -0.294736 -0.889454
0.714 -0.646648 -0.627399
0.715 -0.997311 -0.365912
0.716 -1.34527 -0.105989
0.717 -1.68908 0.151388
0.718 -2.0273 0.405247
0.719 -2.35853 0.654634
0.72 -2.6814 0.898616
0.721 -2.99454 1.13628
0.722 -3.29665 1.36675
0.723 -3.58646 1.58918
0.724 -3.86275 1.80274
0.725 -4.12437 2.00667
0.726 -4.3702 2.20023
0.727 -4.5992 2.38272
0.728 -4.8104 2.55351
0.729 -5.0029 2.71199
0.73 -5.17586 2.85762
0.731 -5.32854 2.98992
0.732 -5.46026 3.10845
0.733 -5.57045 3.21283
0.734 -5.65861 3.30275
0.735 -5.72433 3.37794
0.736 -5.76729 3.43822
0.737 -5.78727 3.48343
0.738 -5.78413 3.51352
0.739 -5.75784 3.52848
0.74 -5.70846 3.52834
0.741 -5.63613 3.51323
0.742 -5.54109 3.48332
0.743 -5.42368 3.43885
0.744 -5.28433 3.38011
0.745 -5.12354 3.30745
0.746 -4.94192 3.22128
0.747 -4.74017 3.12208
0.748 -4.51904 3.01035
0.749 -4.27938 2.88666
0.75 -4.02212 2.75163
0.751 -3.74826 2.60593
0.752 -3.45886 2.45025
0.753 -3.15505 2.28535
0.754 -2.83801 2.112
0.755 -2.50898 1.93102
0.756 -2.16927 1.74326
0.757 -1.82019 1.54958
0.758 -1.46314 1.35089
0.759 -1.0995 1.14809
0.76 -0.730732 0.942117
0.761 -0.358277 0.733911
0.762 0.0163872 0.524421
0.763 0.391778 0.314597
0.764 0.766408 0.105392
0.765 1.13879 -0.102248
0.766 1.50745 -0.307382
0.767 1.87093 -0.509085
0.768 2.22778 -0.706445
0.769 2.57658 -0.898572
0.77 2.91595 -1.0846
0.771 3.24454 -1.26368
0.772 3.56105 -1.43502
0.773 3.86421 -1.59783
0.774 4.15284 -1.75137
0.775 4.42577 -1.89495
0.776 4.68193 -2.02792
0.777 4.92031 -2.14966
0.778 5.13995 -2.25961
0.779 5.34 -2.35727
0.78 5.51965 -2.44218
0.781 5.67821 -2.51393
0.782 5.81506 -2.57219
0.783 5.92965 -2.61666
0.784 6.02155 -2.64713
0.785 6.09041 -2.66341
0.786 6.13596 -2.6654
0.787 6.15803 -2.65306
0.788 6.15658 -2.62641
0.789 6.1316 -2.58553
0.79 6.08324 -2.53054
0.791 6.01171 -2.46166
0.792 5.91731 -2.37914
0.793 5.80046 -2.28329
0.794 5.66164 -2.17451
0.795 5.50145 -2.05321
0.796 5.32055 -1.91989
0.797 5.11971 -1.77508
0.798 4.89976 -1.61937
0.799 4.66162 -1.45339
0.8 4.40627 -1.27784
0.801 4.13479 -1.09342
0.802 3.84829 -0.9009
0.803 3.54798 -0.701081
0.804 3.23508 -0.49479
0.805 2.91091 -0.282886
0.806 2.5768 -0.0662556
0.807 2.23414 0.154196
0.808 1.88436 0.377543
0.809 1.5289 0.602846
0.81 1.16923 0.829157
0.811 0.806855 1.05552
0.812 0.443271 1.28097
0.813 0.0799904 1.50457
0.814 -0.281479 1.72534
0.815 -0.639634 1.94236
0.816 -0.992985 2.1547
0.817 -1.34006 2.36144
0.818 -1.67942 2.5617
0.819 -2.00964 2.75462
0.82 -2.32935 2.93935
0.821 -2.63721 3.1151
0.822 -2.93194 3.28109
0.823 -3.21229 3.4366
0.824 -3.47709 3.58095
0.825 -3.72523 3.71349
0.826 -3.95566 3.83363
0.827 -4.16741 3.94082
0.828 -4.35958 4.03458
0.829 -4.53135 4.11446
0.83 -4.68198 4.1801
0.831 -4.81083 4.23116
0.832 -4.91733 4.26739
0.833 -5.00102 4.28859
0.834 -5.06152 4.29462
0.835 -5.09855 4.28541
0.836 -5.11192 4.26094
0.837 -5.10155 4.22127
0.838 -5.06745 4.16651
0.839 -5.00973 4.09683
0.84 -4.92859 4.01248
0.841 -4.82433 3.91377
0.842 -4.69734 3.80104
0.843 -4.54813 3.67472
0.844 -4.37727 3.5353
0.845 -4.18543 3.3833
0.846 -3.97337 3.21931
0.847 -3.74194 3.04397
0.848 -3.49206 2.85797
0.849 -3.22473 2.66204
0.85 -2.94103 2.45695
0.851 -2.64209 2.24352
0.852 -2.32912 2.0226
0.853 -2.0034 1.79508
0.854 -1.66624 1.56187
0.855 -1.319 1.32392
0.856 -0.963111 1.08218
0.857 -0.600012 0.837641
0.858 -0.231189 0.591292
0.859 0.141851 0.34414
0.86 0.517581 0.0971966
0.861 0.894457 -0.148526
0.862 1.27093 -0.392017
0.863 1.64545 -0.632272
0.864 2.01648 -0.868297
0.865 2.38248 -1.09911
0.866 2.74193 -1.32376
0.867 3.09335 -1.54131
0.868 3.43527 -1.75084
0.869 3.76626 -1.95147
0.87 4.08495 -2.14236
0.871 4.38999 -2.3227
0.872 4.68011 -2.49172
0.873 4.95408 -2.64871
0.874 5.21074 -2.79298
0.875 5.44898 -2.92391
0.876 5.66781 -3.04093
0.877 5.86625 -3.14353
0.878 6.04347 -3.23123
0.879 6.19867 -3.30366
0.88 6.33116 -3.36046
0.881 6.44034 -3.40137
0.882 6.52571 -3.42617
0.883 6.58685 -3.43472
0.884 6.62344 -3.42694
0.885 6.63528 -3.40283
0.886 6.62223 -3.36243
0.887 6.58428 -3.30588
0.888 6.52151 -3.23335
0.889 6.43411 -3.1451
0.89 6.32235 -3.04147
0.891 6.18662 -2.92281
0.892 6.02739 -2.7896
0.893 5.84523 -2.64232
0.894 5.64081 -2.48156
0.895 5.41489 -2.30793
0.896 5.16829 -2.12211
0.897 4.90196 -1.92484
0.898 4.61689 -1.71689
0.899 4.31417 -1.49909
0.9 3.99496 -1.2723
0.901 3.66047 -1.03744
0.902 3.312 -0.795452
0.903 2.95089 -0.547311
0.904 2.57853 -0.294022
0.905 2.19636 -0.0366165
0.906 1.80588 0.223856
0.907 1.40859 0.486329
0.908 1.00604 0.749724
0.909 0.59981 1.01295
0.91 0.191481 1.27493
0.911 -0.217349 1.53456
0.912 -0.62508 1.79077
0.913 -1.03011 2.04247
0.914 -1.43086 2.28862
0.915 -1.82575 2.52816
0.916 -2.21323 2.76008
0.917 -2.59178 2.98339
0.918 -2.95991 3.19712
0.919 -3.31616 3.40036
0.92 -3.65915 3.5922
0.921 -3.98751 3.7718
0.922 -4.29996 3.93837
0.923 -4.59526 4.09115
0.924 -4.87225 4.22944
0.925 -5.12985 4.35259
0.926 -5.36703 4.46002
0.927 -5.58286 4.55119
0.928 -5.77651 4.62565
0.929 -5.9472 4.683
0.93 -6.09427 4.72289
0.931 -6.21715 4.74506
0.932 -6.31535 4.74931
0.933 -6.3885 4.73552
0.934 -6.43631 4.70362
0.935 -6.45862 4.65362
0.936 -6.45534 4.58562
0.937 -6.4265 4.49976
0.938 -6.37223 4.39627
0.939 -6.29276 4.27544
0.94 -6.18842 4.13764
0.941 -6.05965 3.98329
0.942 -5.90697 3.8129
0.943 -5.73101 3.62701
0.944 -5.53249 3.42626
0.945 -5.31223 3.21132
0.946 -5.07111 2.98293
0.947 -4.81012 2.74189
0.948 -4.53033 2.48904
0.949 -4.23288 2.22526
0.95 -3.91897 1.95151
0.951 -3.58988 1.66874
0.952 -3.24695 1.37799
0.953 -2.89157 1.08029
0.954 -2.5252 0.776733
0.955 -2.14932 0.468409
0.956 -1.76546 0.156447
0.957 -1.37518 -0.158014
0.958 -0.980081 -0.473822
0.959 -0.581759 -0.789816
0.96 -0.181844 -1.10483
0.961 0.218036 -1.41771
0.962 0.616249 -1.7273
0.963 1.01117 -2.03245
0.964 1.40118 -2.33203
0.965 1.7847 -2.62493
0.966 2.16015 -2.91007
0.967 2.52599 -3.18638
0.968 2.88072 -3.45284
0.969 3.2229 -3.70846
0.97 3.5511 -3.95229
0.971 3.86399 -4.18342
0.972 4.16026 -4.401
0.973 4.43871 -4.60421
0.974 4.69816 -4.7923
0.975 4.93755 -4.96458
0.976 5.15588 -5.12041
0.977 5.35223 -5.25921
0.978 5.52578 -5.38048
0.979 5.67579 -5.48376
0.98 5.80162 -5.5687
0.981 5.90273 -5.63497
0.982 5.97868 -5.68235
0.983 6.02911 -5.71069
0.984 6.05378 -5.71987
0.985 6.05256 -5.70991
0.986 6.02541 -5.68084
0.987 5.9724 -5.6328
0.988 5.89371 -5.56601
0.989 5.7896 -5.48072
0.99 5.66046 -5.37729
0.991 5.50676 -5.25613
0.992 5.32908 -5.11774
0.993 5.1281 -4.96265
0.994 4.90458 -4.79148
0.995 4.65939 -4.60491
0.996 4.39346 -4.40367
0.997 4.10783 -4.18854
0.998 3.80361 -3.96039
0.999 3.48198 -3.72009
1 3.1442 -3.46858
