0.001 3.46533e-008 2.60861e-009
0.002 3.14948e-007 2.0952e-008
0.003 1.48229e-006 8.69561e-008
0.004 4.90304e-006 2.55218e-007
0.005 1.29591e-005 6.05514e-007
0.006 2.93287e-005 1.247e-006
0.007 5.92538e-005 2.32457e-006
0.008 0.000109794 4.0277e-006
0.009 0.000190059 6.60234e-006
0.01 0.000311431 1.0366e-005
0.011 0.000487748 1.57265e-005
0.012 0.000735485 2.32045e-005
0.013 0.00107389 3.34604e-005
0.014 0.00152511 4.73253e-005
0.015 0.00211426 6.5836e-005
0.016 0.00286952 9.02755e-005
0.017 0.0038221 0.000122217
0.018 0.00500633 0.000163572
0.019 0.0064595 0.000216645
0.02 0.00822191 0.00028419
0.021 0.0103367 0.000369469
0.022 0.0128497 0.000476323
0.023 0.0158093 0.000609234
0.024 0.0192663 0.000773399
0.025 0.0232736 0.000974803
0.026 0.0278858 0.00122029
0.027 0.0331593 0.00151766
0.028 0.0391515 0.0018757
0.029 0.045921 0.00230433
0.03 0.0535265 0.0028146
0.031 0.0620273 0.00341885
0.032 0.0714821 0.0041307
0.033 0.081949 0.00496519
0.034 0.0934849 0.00593881
0.035 0.106145 0.00706956
0.036 0.119983 0.00837703
0.037 0.135048 0.00988242
0.038 0.15139 0.0116086
0.039 0.169051 0.0135802
0.04 0.188072 0.0158235
0.041 0.208488 0.0183665
0.042 0.23033 0.0212392
0.043 0.253623 0.0244729
0.044 0.278387 0.0281011
0.045 0.304634 0.0321588
0.046 0.332371 0.0366825
0.047 0.361597 0.0417106
0.048 0.392305 0.0472829
0.049 0.424479 0.0534405
0.05 0.458094 0.0602262
0.051 0.493119 0.0676836
0.052 0.529514 0.0758579
0.053 0.56723 0.0847947
0.054 0.606209 0.0945409
0.055 0.646384 0.105144
0.056 0.687681 0.116651
0.057 0.730015 0.12911
0.058 0.773293 0.14257
0.059 0.817413 0.157078
0.06 0.862266 0.172681
0.061 0.907733 0.189425
0.062 0.953688 0.207357
0.063 0.999997 0.22652
0.064 1.04652 0.246957
0.065 1.0931 0.268709
0.066 1.1396 0.291814
0.067 1.18584 0.316308
0.068 1.23167 0.342224
0.069 1.27691 0.369592
0.07 1.32139 0.398439
0.071 1.36492 0.428787
0.072 1.40734 0.460655
0.073 1.44845 0.494057
0.074 1.48808 0.529002
0.075 1.52603 0.565494
0.076 1.56212 0.603533
0.077 1.59618 0.643111
0.078 1.62802 0.684216
0.079 1.65747 0.726828
0.08 1.68435 0.770922
0.081 1.7085 0.816467
0.082 1.72975 0.863422
0.083 1.74795 0.911743
0.084 1.76295 0.961375
0.085 1.77462 1.01226
0.086 1.78282 1.06432
0.087 1.78744 1.1175
0.088 1.78837 1.17169
0.089 1.78551 1.22682
0.09 1.77878 1.28278
0.091 1.76811 1.33947
0.092 1.75345 1.39678
0.093 1.73476 1.45457
0.094 1.712 1.51273
0.095 1.68518 1.57112
0.096 1.65428 1.6296
0.097 1.61935 1.68801
0.098 1.58041 1.74621
0.099 1.53752 1.80403
0.1 1.49076 1.8613
0.101 1.44022 1.91785
0.102 1.386 1.97352
0.103 1.32823 2.0281
0.104 1.26705 2.08143
0.105 1.20262 2.13332
0.106 1.13511 2.18356
0.107 1.06472 2.23198
0.108 0.991644 2.27838
0.109 0.916117 2.32256
0.11 0.838369 2.36433
0.111 0.758649 2.40349
0.112 0.677221 2.43987
0.113 0.594359 2.47325
0.114 0.510349 2.50346
0.115 0.425486 2.53032
0.116 0.340074 2.55364
0.117 0.254428 2.57326
0.118 0.168866 2.589
0.119 0.0837121 2.60071
0.12 -0.000703393 2.60823
0.121 -0.0840489 2.61143
0.122 -0.165991 2.61015
0.123 -0.246196 2.60429
0.124 -0.324331 2.59372
0.125 -0.400066 2.57834
0.126 -0.473077 2.55806
0.127 -0.543042 2.53281
0.128 -0.609649 2.50252
0.129 -0.672594 2.46714
0.13 -0.731581 2.42663
0.131 -0.786328 2.38098
0.132 -0.836564 2.33017
0.133 -0.882033 2.27422
0.134 -0.922493 2.21315
0.135 -0.957721 2.14701
0.136 -0.98751 2.07587
0.137 -1.01167 1.99979
0.138 -1.03004 1.91887
0.139 -1.04247 1.83322
0.14 -1.04884 1.74298
0.141 -1.04904 1.6483
0.142 -1.04301 1.54932
0.143 -1.03068 1.44624
0.144 -1.01203 1.33926
0.145 -0.987069 1.22858
0.146 -0.955808 1.11445
0.147 -0.918304 0.997094
0.148 -0.874634 0.876788
0.149 -0.824904 0.753804
0.15 -0.769245 0.628431
0.151 -0.707815 0.500971
0.152 -0.640797 0.371741
0.153 -0.568404 0.241066
0.154 -0.49087 0.109282
0.155 -0.408456 -0.023262
0.156 -0.321446 -0.156213
0.157 -0.230149 -0.289207
0.158 -0.134896 -0.421875
0.159 -0.0360374 -0.553843
0.16 0.066054 -0.684733
0.161 0.170987 -0.814163
0.162 0.278354 -0.941751
0.163 0.38773 -1.06711
0.164 0.498675 -1.18987
0.165 0.610736 -1.30964
0.166 0.723451 -1.42605
0.167 0.836345 -1.53872
0.168 0.948938 -1.6473
0.169 1.06074 -1.75143
0.17 1.17127 -1.85076
0.171 1.28002 -1.94496
0.172 1.3865 -2.0337
0.173 1.49023 -2.11668
0.174 1.59071 -2.19359
0.175 1.68747 -2.26416
0.176 1.78003 -2.32812
0.177 1.86792 -2.38524
0.178 1.9507 -2.43527
0.179 2.02794 -2.47803
0.18 2.0992 -2.51333
0.181 2.16409 -2.54101
0.182 2.22223 -2.56092
0.183 2.27325 -2.57296
0.184 2.31682 -2.57704
0.185 2.35263 -2.5731
0.186 2.38038 -2.56109
0.187 2.39983 -2.54102
0.188 2.41074 -2.51289
0.189 2.41292 -2.47675
0.19 2.4062 -2.43267
0.191 2.39046 -2.38075
0.192 2.36558 -2.32112
0.193 2.33152 -2.25392
0.194 2.28824 -2.17935
0.195 2.23575 -2.09761
0.196 2.1741 -2.00893
0.197 2.10336 -1.91358
0.198 2.02366 -1.81183
0.199 1.93515 -1.70401
0.2 1.83802 -1.59043
0.201 1.7325 -1.47147
0.202 1.61885 -1.3475
0.203 1.49737 -1.21892
0.204 1.36839 -1.08615
0.205 1.23227 -0.949626
0.206 1.08941 -0.809803
0.207 0.940237 -0.667152
0.208 0.785211 -0.522157
0.209 0.624813 -0.375314
0.21 0.459555 -0.227133
0.211 0.289971 -0.0781283
0.212 0.116619 0.0711743
0.213 -0.0599229 0.220246
0.214 -0.239059 0.368552
0.215 -0.420175 0.515557
0.216 -0.602646 0.660727
0.217 -0.785833 0.803526
0.218 -0.969089 0.943426
0.219 -1.15176 1.0799
0.22 -1.33319 1.21244
0.221 -1.51271 1.34052
0.222 -1.68967 1.46367
0.223 -1.86342 1.58139
0.224 -2.0333 1.69322
0.225 -2.19867 1.7987
0.226 -2.35891 1.89741
0.227 -2.5134 1.98893
0.228 -2.66155 2.07288
0.229 -2.80277 2.14889
0.23 -2.93651 2.21663
0.231 -3.06224 2.27576
0.232 -3.17944 2.32602
0.233 -3.28765 2.36714
0.234 -3.38642 2.3989
0.235 -3.47532 2.4211
0.236 -3.55399 2.43358
0.237 -3.62207 2.4362
0.238 -3.67927 2.42888
0.239 -3.72531 2.41155
0.24 -3.75997 2.38419
0.241 -3.78307 2.34679
0.242 -3.79447 2.29941
0.243 -3.79407 2.24213
0.244 -3.78183 2.17505
0.245 -3.75772 2.09834
0.246 -3.72181 2.01216
0.247 -3.67416 1.91675
0.248 -3.61491 1.81235
0.249 -3.54424 1.69925
0.25 -3.46237 1.57778
0.251 -3.36957 1.44827
0.252 -3.26613 1.31111
0.253 -3.15243 1.16671
0.254 -3.02885 1.01551
0.255 -2.89582 0.857969
0.256 -2.75383 0.694578
0.257 -2.60338 0.525848
0.258 -2.44502 0.352314
0.259 -2.27932 0.174529
0.26 -2.10691 -0.00693637
0.261 -1.92842 -0.191494
0.262 -1.74452 -0.378544
0.263 -1.5559 -0.567473
0.264 -1.36328 -0.757659
0.265 -1.1674 -0.948472
0.266 -0.968987 -1.13928
0.267 -0.768822 -1.32944
0.268 -0.567674 -1.51832
0.269 -0.366324 -1.70527
0.27 -0.165557 -1.88968
0.271 0.0338401 -2.07091
0.272 0.231083 -2.24834
0.273 0.425391 -2.42138
0.274 0.615993 -2.58942
0.275 0.80213 -2.75189
0.276 0.983055 -2.90823
0.277 1.15804 -3.0579
0.278 1.32638 -3.20038
0.279 1.48738 -3.33518
0.28 1.64039 -3.46182
0.281 1.78478 -3.57987
0.282 1.91995 -3.68891
0.283 2.04534 -3.78857
0.284 2.16042 -3.87848
0.285 2.26471 -3.95834
0.286 2.35775 -4.02787
0.287 2.43914 -4.08681
0.288 2.50852 -4.13497
0.289 2.56558 -4.17216
0.29 2.61006 -4.19826
0.291 2.64174 -4.21317
0.292 2.66046 -4.21684
0.293 2.6661 -4.20925
0.294 2.6586 -4.19043
0.295 2.63795 -4.16045
0.296 2.6042 -4.11941
0.297 2.55744 -4.06746
0.298 2.49782 -4.00477
0.299 2.42555 -3.93157
0.3 2.34088 -3.84812
0.301 2.24411 -3.75471
0.302 2.1356 -3.65167
0.303 2.01575 -3.53938
0.304 1.88501 -3.41822
0.305 1.74388 -3.28863
0.306 1.59289 -3.15106
0.307 1.43264 -3.00601
0.308 1.26375 -2.85399
0.309 1.08687 -2.69553
0.31 0.902693 -2.5312
0.311 0.711957 -2.36157
0.312 0.515414 -2.18726
0.313 0.313848 -2.00887
0.314 0.108066 -1.82703
0.315 -0.101105 -1.64238
0.316 -0.312819 -1.45557
0.317 -0.526218 -1.26726
0.318 -0.740434 -1.07811
0.319 -0.95459 -0.888776
0.32 -1.16781 -0.699916
0.321 -1.37921 -0.512189
0.322 -1.58791 -0.326242
0.323 -1.79305 -0.142718
0.324 -1.99377 0.0377538
0.325 -2.18923 0.214558
0.326 -2.3786 0.387093
0.327 -2.56107 0.554778
0.328 -2.73587 0.71705
0.329 -2.90224 0.873371
0.33 -3.05947 1.02323
0.331 -3.20685 1.16613
0.332 -3.34375 1.30162
0.333 -3.46955 1.42926
0.334 -3.58368 1.54867
0.335 -3.68561 1.65947
0.336 -3.77487 1.76134
0.337 -3.85104 1.85399
0.338 -3.91372 1.93715
0.339 -3.9626 2.01061
0.34 -3.99741 2.07419
0.341 -4.01793 2.12776
0.342 -4.02399 2.17121
0.343 -4.01551 2.20448
0.344 -3.99244 2.22755
0.345 -3.95479 2.24045
0.346 -3.90263 2.24324
0.347 -3.83609 2.23601
0.348 -3.75538 2.21892
0.349 -3.66073 2.19215
0.35 -3.55245 2.15591
0.351 -3.43089 2.11045
0.352 -3.29648 2.05608
0.353 -3.14968 1.99312
0.354 -2.99101 1.92193
0.355 -2.82103 1.8429
0.356 -2.64036 1.75646
0.357 -2.44967 1.66306
0.358 -2.24965 1.56318
0.359 -2.04104 1.45732
0.36 -1.82462 1.34601
0.361 -1.60121 1.2298
0.362 -1.37165 1.10925
0.363 -1.13679 0.984942
0.364 -0.897551 0.857472
0.365 -0.654829 0.727447
0.366 -0.409557 0.595479
0.367 -0.162676 0.46219
0.368 0.0848619 0.328203
0.369 0.332101 0.194143
0.37 0.578085 0.0606318
0.371 0.821858 -0.0717111
0.372 1.06247 -0.202274
0.373 1.29899 -0.330456
0.374 1.5305 -0.455665
0.375 1.75608 -0.577327
0.376 1.97485 -0.694881
0.377 2.18596 -0.807788
0.378 2.38859 -0.915529
0.379 2.58192 -1.01761
0.38 2.76521 -1.11356
0.381 2.93773 -1.20293
0.382 3.09881 -1.28532
0.383 3.24781 -1.36034
0.384 3.38415 -1.42765
0.385 3.50729 -1.48692
0.386 3.61675 -1.53788
0.387 3.7121 -1.58028
0.388 3.79297 -1.61393
0.389 3.85905 -1.63864
0.39 3.91009 -1.6543
0.391 3.94589 -1.66082
0.392 3.96632 -1.65814
0.393 3.97132 -1.64626
0.394 3.96088 -1.62522
0.395 3.93507 -1.59508
0.396 3.89399 -1.55595
0.397 3.83785 -1.508
0.398 3.76688 -1.4514
0.399 3.68139 -1.38639
0.4 3.58176 -1.31324
0.401 3.46841 -1.23224
0.402 3.34182 -1.14373
0.403 3.20254 -1.04807
0.404 3.05116 -0.94568
0.405 2.88833 -0.836978
0.406 2.71474 -0.722424
0.407 2.53113 -0.602504
0.408 2.33827 -0.477725
0.409 2.13701 -0.34862
0.41 1.92818 -0.215739
0.411 1.71269 -0.0796478
0.412 1.49146 0.0590696
0.413 1.26543 0.199819
0.414 1.03557 0.341995
0.415 0.802868 0.484986
0.416 0.568327 0.628176
0.417 0.332956 0.770946
0.418 0.0977719 0.912678
0.419 -0.136208 1.05276
0.42 -0.36797 1.19058
0.421 -0.596504 1.32554
0.422 -0.820814 1.45705
0.423 -1.03992 1.58454
0.424 -1.25285 1.70746
0.425 -1.45868 1.82525
0.426 -1.65649 1.9374
0.427 -1.84541 2.04343
0.428 -2.02458 2.14285
0.429 -2.1932 2.23523
0.43 -2.3505 2.32017
0.431 -2.49578 2.39727
0.432 -2.62834 2.46619
0.433 -2.74759 2.52663
0.434 -2.85295 2.5783
0.435 -2.94391 2.62097
0.436 -3.02002 2.65445
0.437 -3.0809 2.67857
0.438 -3.12622 2.69322
0.439 -3.15571 2.69832
0.44 -3.16919 2.69383
0.441 -3.16652 2.67977
0.442 -3.14764 2.65617
0.443 -3.11256 2.62314
0.444 -3.06135 2.58081
0.445 -2.99415 2.52935
0.446 -2.91117 2.46897
0.447 -2.81268 2.39994
0.448 -2.69904 2.32254
0.449 -2.57065 2.23711
0.45 -2.42797 2.14401
0.451 -2.27154 2.04366
0.452 -2.10195 1.93648
0.453 -1.91985 1.82294
0.454 -1.72594 1.70355
0.455 -1.52099 1.57883
0.456 -1.30578 1.44933
0.457 -1.08118 1.31563
0.458 -0.848078 1.17832
0.459 -0.607405 1.03802
0.46 -0.36013 0.895361
0.461 -0.107253 0.750984
0.462 0.1502 0.605545
0.463 0.411179 0.459706
0.464 0.674615 0.314133
0.465 0.939424 0.169498
0.466 1.20451 0.0264662
0.467 1.46878 -0.114296
0.468 1.73112 -0.25213
0.469 1.99045 -0.386389
0.47 2.24566 -0.516435
0.471 2.49569 -0.641647
0.472 2.73947 -0.761421
0.473 2.97596 -0.875175
0.474 3.20414 -0.982349
0.475 3.42305 -1.08241
0.476 3.63171 -1.17485
0.477 3.82923 -1.25919
0.478 4.01472 -1.33499
0.479 4.18737 -1.40185
0.48 4.34641 -1.45938
0.481 4.4911 -1.50726
0.482 4.62078 -1.5452
0.483 4.73484 -1.57293
0.484 4.83274 -1.59026
0.485 4.91399 -1.59701
0.486 4.97818 -1.59308
0.487 5.02495 -1.57838
0.488 5.05402 -1.55288
0.489 5.06519 -1.51661
0.49 5.05832 -1.46962
0.491 5.03335 -1.41204
0.492 4.99028 -1.34403
0.493 4.92919 -1.26578
0.494 4.85026 -1.17755
0.495 4.7537 -1.07964
0.496 4.63981 -0.972394
0.497 4.50898 -0.856186
0.498 4.36164 -0.731445
0.499 4.19831 -0.598639
0.5 4.01956 -0.45827
0.501 3.82605 -0.310879
0.502 3.61847 -0.157041
0.503 3.39759 0.00263651
0.504 3.16424 0.167516
0.505 2.91928 0.336932
0.506 2.66365 0.510196
0.507 2.39831 0.686595
0.508 2.12428 0.865396
0.509 1.84262 1.04585
0.51 1.55441 1.2272
0.511 1.26076 1.40867
0.512 0.962819 1.58949
0.513 0.661754 1.76886
0.514 0.358742 1.946
0.515 0.0549753 2.12013
0.516 -0.248348 2.29047
0.517 -0.550028 2.45626
0.518 -0.848866 2.61673
0.519 -1.14367 2.77114
0.52 -1.43327 2.91878
0.521 -1.71651 3.05893
0.522 -1.99224 3.19093
0.523 -2.25936 3.31411
0.524 -2.51678 3.42786
0.525 -2.76347 3.53159
0.526 -2.99843 3.62475
0.527 -3.2207 3.70682
0.528 -3.42936 3.77732
0.529 -3.62357 3.83583
0.53 -3.80253 3.88195
0.531 -3.96549 3.91534
0.532 -4.11177 3.93571
0.533 -4.24077 3.94281
0.534 -4.35195 3.93644
0.535 -4.44483 3.91647
0.536 -4.51901 3.8828
0.537 -4.57417 3.8354
0.538 -4.61005 3.77429
0.539 -4.6265 3.69952
0.54 -4.62341 3.61123
0.541 -4.60077 3.5096
0.542 -4.55866 3.39486
0.543 -4.49721 3.26729
0.544 -4.41664 3.12723
0.545 -4.31728 2.97508
0.546 -4.19948 2.81125
0.547 -4.06371 2.63626
0.548 -3.9105 2.45062
0.549 -3.74045 2.25491
0.55 -3.55423 2.04976
0.551 -3.35259 1.83582
0.552 -3.13633 1.61381
0.553 -2.90631 1.38444
0.554 -2.66346 1.1485
0.555 -2.40876 0.906772
0.556 -2.14324 0.660092
0.557 -1.86798 0.409307
0.558 -1.58409 0.155288
0.559 -1.29274 -0.101076
0.56 -0.995125 -0.358884
0.561 -0.692454 -0.617222
0.562 -0.385976 -0.87517
0.563 -0.076957 -1.1318
0.564 0.233327 -1.3862
0.565 0.543588 -1.63743
0.566 0.852537 -1.88459
0.567 1.15888 -2.12678
0.568 1.46135 -2.3631
0.569 1.75866 -2.59269
0.57 2.04956 -2.8147
0.571 2.33283 -3.02829
0.572 2.60726 -3.23269
0.573 2.87167 -3.42711
0.574 3.12494 -3.61083
0.575 3.36598 -3.78316
0.576 3.59373 -3.94344
0.577 3.8072 -4.09106
0.578 4.00546 -4.22546
0.579 4.18761 -4.34612
0.58 4.35285 -4.45257
0.581 4.50041 -4.5444
0.582 4.62962 -4.62124
0.583 4.73986 -4.68279
0.584 4.83059 -4.7288
0.585 4.90136 -4.75908
0.586 4.95178 -4.77349
0.587 4.98156 -4.77197
0.588 4.99047 -4.75449
0.589 4.97838 -4.72111
0.59 4.94525 -4.67193
0.591 4.89109 -4.60712
0.592 4.81605 -4.52691
0.593 4.72031 -4.43158
0.594 4.60417 -4.32149
0.595 4.46799 -4.19702
0.596 4.31223 -4.05863
0.597 4.13741 -3.90685
0.598 3.94415 -3.74222
0.599 3.73314 -3.56536
0.6 3.50513 -3.37694
0.601 3.26094 -3.17765
0.602 3.00148 -2.96824
0.603 2.7277 -2.74952
0.604 2.44063 -2.52229
0.605 2.14133 -2.28741
0.606 1.83093 -2.04579
0.607 1.51061 -1.79834
0.608 1.18159 -1.54599
0.609 0.845118 -1.28971
0.61 0.502482 -1.03048
0.611 0.154999 -0.769286
0.612 -0.195992 -0.507131
0.613 -0.549137 -0.24502
0.614 -0.903066 0.0160401
0.615 -1.25641 0.275046
0.616 -1.60778 0.531
0.617 -1.95582 0.782915
0.618 -2.29917 1.02982
0.619 -2.63647 1.27075
0.62 -2.96641 1.50478
0.621 -3.28768 1.73101
0.622 -3.59902 1.94854
0.623 -3.8992 2.15654
0.624 -4.18704 2.35419
0.625 -4.46138 2.54073
0.626 -4.72114 2.71541
0.627 -4.96528 2.87755
0.628 -5.19283 3.02652
0.629 -5.40288 3.16173
0.63 -5.59458 3.28264
0.631 -5.76716 3.38877
0.632 -5.91991 3.47969
0.633 -6.05223 3.55505
0.634 -6.16357 3.61452
0.635 -6.25346 3.65787
0.636 -6.32154 3.68491
0.637 -6.36751 3.69552
0.638 -6.39118 3.68965
0.639 -6.39242 3.66729
0.64 -6.37122 3.62852
0.641 -6.32763 3.57347
0.642 -6.26181 3.50233
0.643 -6.17399 3.41537
0.644 -6.06451 3.31291
0.645 -5.93378 3.19531
0.646 -5.78229 3.06303
0.647 -5.61063 2.91655
0.648 -5.41946 2.75643
0.649 -5.20952 2.58327
0.65 -4.98162 2.39772
0.651 -4.73666 2.20049
0.652 -4.47557 1.99232
0.653 -4.1994 1.77401
0.654 -3.90921 1.54639
0.655 -3.60615 1.31031
0.656 -3.29139 1.06669
0.657 -2.96619 0.816453
0.658 -2.63182 0.56055
0.659 -2.2896 0.29996
0.66 -1.94086 0.0356814
0.661 -1.587 -0.231277
0.662 -1.2294 -0.499894
0.663 -0.869485 -0.769141
0.664 -0.508666 -1.03799
0.665 -0.148372 -1.30541
0.666 0.209971 -1.57037
0.667 0.564945 -1.83187
0.668 0.915147 -2.0889
0.669 1.25919 -2.34048
0.67 1.59571 -2.58564
0.671 1.92338 -2.82345
0.672 2.24089 -3.053
0.673 2.547 -3.27341
0.674 2.84049 -3.48384
0.675 3.12019 -3.68348
0.676 3.38501 -3.87158
0.677 3.63389 -4.04742
0.678 3.86586 -4.21032
0.679 4.07999 -4.35968
0.68 4.27544 -4.49492
0.681 4.45144 -4.61553
0.682 4.60731 -4.72106
0.683 4.74243 -4.81112
0.684 4.85627 -4.88537
0.685 4.9484 -4.94352
0.686 5.01846 -4.98538
0.687 5.06619 -5.0108
0.688 5.09141 -5.01968
0.689 5.09404 -5.01201
0.69 5.07409 -4.98782
0.691 5.03165 -4.94724
0.692 4.96693 -4.89042
0.693 4.8802 -4.8176
0.694 4.77183 -4.72907
0.695 4.64227 -4.6252
0.696 4.49208 -4.50638
0.697 4.32188 -4.3731
0.698 4.13238 -4.22589
0.699 3.92437 -4.06531
0.7 3.69872 -3.892
0.701 3.45635 -3.70664
0.702 3.19827 -3.50996
0.703 2.92556 -3.30272
0.704 2.63934 -3.08572
0.705 2.34079 -2.85982
0.706 2.03115 -2.62588
0.707 1.7117 -2.38482
0.708 1.38377 -2.13756
0.709 1.0487 -1.88505
0.71 0.707889 -1.62827
0.711 0.362744 -1.36821
0.712 0.0146951 -1.10585
0.713 -0.334815 -0.842202
0.714 -0.684337 -0.57827
0.715 -1.03242 -0.315055
0.716 -1.37762 -0.0535555
0.717 -1.7185 0.205242
0.718 -2.05364 0.460363
0.719 -2.38164 0.710851
0.72 -2.70115 0.955771
0.721 -3.01081 1.19421
0.722 -3.30934 1.4253
0.723 -3.59548 1.64817
0.724 -3.86803 1.86202
0.725 -4.12584 2.06608
0.726 -4.36782 2.2596
0.727 -4.59294 2.44191
0.728 -4.80026 2.61235
0.729 -4.98887 2.77034
0.73 -5.15796 2.91535
0.731 -5.30681 3.04687
0.732 -5.43476 3.16449
0.733 -5.54124 3.26784
0.734 -5.62577 3.35659
0.735 -5.68796 3.43051
0.736 -5.7275 3.4894
0.737 -5.74419 3.53314
0.738 -5.73791 3.56165
0.739 -5.70862 3.57493
0.74 -5.65641 3.57306
0.741 -5.58142 3.55613
0.742 -5.48392 3.52435
0.743 -5.36425 3.47795
0.744 -5.22284 3.41724
0.745 -5.06021 3.34257
0.746 -4.87698 3.25437
0.747 -4.67385 3.15311
0.748 -4.45158 3.03932
0.749 -4.21102 2.91357
0.75 -3.95312 2.77649
0.751 -3.67885 2.62874
0.752 -3.38931 2.47105
0.753 -3.0856 2.30416
0.754 -2.76891 2.12886
0.755 -2.4405 1.94598
0.756 -2.10164 1.75637
0.757 -1.75367 1.5609
0.758 -1.39796 1.36048
0.759 -1.03591 1.15603
0.76 -0.668953 0.948478
0.761 -0.298532 0.738774
0.762 0.0738837 0.52787
0.763 0.446821 0.316722
0.764 0.818804 0.106285
0.765 1.18836 -0.102491
0.766 1.55402 -0.308664
0.767 1.91433 -0.511306
0.768 2.26787 -0.709505
0.769 2.61323 -0.902369
0.77 2.94904 -1.08903
0.771 3.27397 -1.26865
0.772 3.58673 -1.44042
0.773 3.88607 -1.60356
0.774 4.17082 -1.75734
0.775 4.43984 -1.90106
0.776 4.69206 -2.03407
0.777 4.92649 -2.15576
0.778 5.1422 -2.26558
0.779 5.33833 -2.36303
0.78 5.51413 -2.44764
0.781 5.66889 -2.51903
0.782 5.80201 -2.57686
0.783 5.91297 -2.62083
0.784 6.00134 -2.65074
0.785 6.0668 -2.66641
0.786 6.10908 -2.66775
0.787 6.12805 -2.65472
0.788 6.12365 -2.62734
0.789 6.09591 -2.5857
0.79 6.04497 -2.52995
0.791 5.97107 -2.46028
0.792 5.87451 -2.37696
0.793 5.75572 -2.28033
0.794 5.6152 -2.17076
0.795 5.45354 -2.04869
0.796 5.27143 -1.91461
0.797 5.06961 -1.76907
0.798 4.84895 -1.61267
0.799 4.61035 -1.44603
0.8 4.35481 -1.26986
0.801 4.0834 -1.08488
0.802 3.79724 -0.891849
0.803 3.49752 -0.691577
0.804 3.18548 -0.484895
0.805 2.86242 -0.272669
0.806 2.52967 -0.0557854
0.807 2.18863 0.164845
0.808 1.84069 0.388294
0.809 1.48732 0.613622
0.81 1.12996 0.839876
0.811 0.77011 1.0661
0.812 0.409255 1.29133
0.813 0.048896 1.51462
0.814 -0.309471 1.735
0.815 -0.664357 1.95155
0.816 -1.01429 2.16334
0.817 -1.3578 2.36945
0.818 -1.69348 2.56899
0.819 -2.01991 2.76112
0.82 -2.33574 2.94499
0.821 -2.63964 3.1198
0.822 -2.93036 3.2848
0.823 -3.20666 3.43926
0.824 -3.46739 3.58249
0.825 -3.71146 3.71386
0.826 -3.93783 3.83278
0.827 -4.14556 3.93872
0.828 -4.33375 4.03118
0.829 -4.50162 4.10975
0.83 -4.64843 4.17404
0.831 -4.77357 4.22374
0.832 -4.87649 4.25861
0.833 -4.95673 4.27844
0.834 -5.01394 4.28311
0.835 -5.04784 4.27254
0.836 -5.05829 4.24674
0.837 -5.04518 4.20576
0.838 -5.00857 4.14973
0.839 -4.94855 4.07883
0.84 -4.86536 3.9933
0.841 -4.75929 3.89346
0.842 -4.63077 3.77967
0.843 -4.48028 3.65236
0.844 -4.30842 3.51201
0.845 -4.11587 3.35918
0.846 -3.90339 3.19444
0.847 -3.67183 3.01844
0.848 -3.42211 2.83187
0.849 -3.15525 2.63548
0.85 -2.8723 2.43004
0.851 -2.57443 2.21637
0.852 -2.26282 1.99532
0.853 -1.93875 1.76779
0.854 -1.60353 1.53469
0.855 -1.25853 1.29696
0.856 -0.905144 1.05557
0.857 -0.544822 0.811496
0.858 -0.179037 0.565738
0.859 0.190714 0.3193
0.86 0.562915 0.0731908
0.861 0.936034 -0.171578
0.862 1.30854 -0.413998
0.863 1.67889 -0.653068
0.864 2.04556 -0.887797
0.865 2.40703 -1.11721
0.866 2.76181 -1.34035
0.867 3.10841 -1.55629
0.868 3.4454 -1.76413
0.869 3.77137 -1.96298
0.87 4.08495 -2.15201
0.871 4.38483 -2.33041
0.872 4.66974 -2.49744
0.873 4.93848 -2.65237
0.874 5.18991 -2.79453
0.875 5.42296 -2.92332
0.876 5.63662 -3.03816
0.877 5.82997 -3.13855
0.878 6.00216 -3.22405
0.879 6.15245 -3.29425
0.88 6.28015 -3.34884
0.881 6.38469 -3.38756
0.882 6.46557 -3.41019
0.883 6.5224 -3.41661
0.884 6.55488 -3.40675
0.885 6.56282 -3.38061
0.886 6.5461 -3.33825
0.887 6.50473 -3.2798
0.888 6.4388 -3.20547
0.889 6.34851 -3.11552
0.89 6.23415 -3.01028
0.891 6.09611 -2.89014
0.892 5.93488 -2.75556
0.893 5.75104 -2.60705
0.894 5.54526 -2.44519
0.895 5.3183 -2.27061
0.896 5.07102 -2.08399
0.897 4.80433 -1.88607
0.898 4.51925 -1.67764
0.899 4.21687 -1.45953
0.9 3.89833 -1.23261
0.901 3.56487 -0.997797
0.902 3.21775 -0.756034
0.903 2.85833 -0.508302
0.904 2.48799 -0.25561
0.905 2.10817 0.00101291
0.906 1.72034 0.260514
0.907 1.32601 0.521828
0.908 0.926723 0.783877
0.909 0.524031 1.04558
0.91 0.119508 1.30584
0.911 -0.285262 1.56358
0.912 -0.688694 1.81771
0.913 -1.08921 2.06718
0.914 -1.48523 2.31092
0.915 -1.8752 2.5479
0.916 -2.2576 2.7771
0.917 -2.63092 2.99755
0.918 -2.99369 3.20828
0.919 -3.34448 3.40838
0.92 -3.68191 3.59698
0.921 -4.00465 3.77323
0.922 -4.31144 3.93634
0.923 -4.60107 4.08557
0.924 -4.87239 4.22023
0.925 -5.12433 4.33969
0.926 -5.35592 4.44338
0.927 -5.56622 4.53077
0.928 -5.75443 4.60142
0.929 -5.9198 4.65494
0.93 -6.06169 4.691
0.931 -6.17953 4.70936
0.932 -6.27288 4.70982
0.933 -6.34138 4.69227
0.934 -6.38476 4.65666
0.935 -6.40286 4.60303
0.936 -6.39564 4.53146
0.937 -6.36311 4.44213
0.938 -6.30545 4.33527
0.939 -6.22288 4.21119
0.94 -6.11575 4.07027
0.941 -5.98452 3.91294
0.942 -5.82971 3.73971
0.943 -5.65196 3.55116
0.944 -5.452 3.34791
0.945 -5.23066 3.13066
0.946 -4.98882 2.90016
0.947 -4.72749 2.6572
0.948 -4.44772 2.40265
0.949 -4.15065 2.13738
0.95 -3.8375 1.86237
0.951 -3.50954 1.57857
0.952 -3.16809 1.28702
0.953 -2.81457 0.988769
0.954 -2.45039 0.684896
0.955 -2.07705 0.376506
0.956 -1.69607 0.0647258
0.957 -1.30899 -0.249304
0.958 -0.917403 -0.56443
0.959 -0.522893 -0.879493
0.96 -0.127071 -1.19333
0.961 0.268446 -1.50479
0.962 0.662045 -1.81271
0.963 1.05212 -2.11596
0.964 1.43707 -2.41341
0.965 1.81533 -2.70395
0.966 2.18535 -2.9865
0.967 2.5456 -3.26002
0.968 2.89462 -3.52348
0.969 3.23097 -3.77591
0.97 3.55327 -4.01636
0.971 3.86018 -4.24393
0.972 4.15045 -4.45779
0.973 4.42286 -4.65713
0.974 4.67631 -4.84121
0.975 4.90972 -5.00935
0.976 5.12212 -5.16092
0.977 5.31263 -5.29537
0.978 5.48044 -5.41219
0.979 5.62484 -5.51096
0.98 5.74522 -5.59132
0.981 5.84105 -5.65298
0.982 5.9119 -5.69572
0.983 5.95745 -5.71939
0.984 5.97749 -5.72392
0.985 5.97188 -5.70931
0.986 5.94062 -5.67563
0.987 5.88379 -5.62304
0.988 5.80158 -5.55174
0.989 5.69428 -5.46203
0.99 5.56227 -5.35426
0.991 5.40606 -5.22888
0.992 5.22622 -5.08637
0.993 5.02345 -4.9273
0.994 4.79852 -4.75229
0.995 4.55229 -4.56204
0.996 4.28571 -4.35728
0.997 3.99982 -4.13883
0.998 3.69573 -3.90753
0.999 3.37462 -3.66428
1 3.03775 -3.41004
