0.001 3.30914e-008 2.3718e-009
0.002 3.02487e-007 1.90528e-008
0.003 1.43107e-006 7.90953e-008
0.004 4.75477e-006 2.32248e-007
0.005 1.26137e-005 5.51383e-007
0.006 2.86335e-005 1.13658e-006
0.007 5.79942e-005 2.12131e-006
0.008 0.000107684 3.68117e-006
0.009 0.000186737 6.04548e-006
0.01 0.000306447 9.51221e-006
0.011 0.000480569 1.44664e-005
0.012 0.000725484 2.14026e-005
0.013 0.00106035 3.09511e-005
0.014 0.00150722 4.39089e-005
0.015 0.00209113 6.12745e-005
0.016 0.00284016 8.42875e-005
0.017 0.00378547 0.000114473
0.018 0.00496129 0.000153689
0.019 0.00640488 0.00020418
0.02 0.00815649 0.000268636
0.021 0.0102592 0.000350248
0.022 0.0127589 0.000452779
0.023 0.015704 0.000580626
0.024 0.0191452 0.000738896
0.025 0.0231355 0.000933477
0.026 0.0277296 0.00117111
0.027 0.032984 0.00145948
0.028 0.0389562 0.00180727
0.029 0.0457049 0.00222425
0.03 0.0532892 0.00272137
0.031 0.0617683 0.00331081
0.032 0.0712012 0.00400608
0.033 0.0816463 0.00482205
0.034 0.0931608 0.00577507
0.035 0.1058 0.006883
0.036 0.119618 0.00816525
0.037 0.134665 0.0096429
0.038 0.15099 0.0113387
0.039 0.168637 0.013277
0.04 0.187645 0.015484
0.041 0.208052 0.0179876
0.042 0.229889 0.0208175
0.043 0.25318 0.0240052
0.044 0.277946 0.0275837
0.045 0.304199 0.031588
0.046 0.331949 0.0360547
0.047 0.361192 0.0410218
0.048 0.391924 0.0465292
0.049 0.424127 0.052618
0.05 0.457779 0.0593308
0.051 0.492848 0.0667113
0.052 0.529295 0.0748046
0.053 0.56707 0.0836565
0.054 0.606116 0.0933137
0.055 0.646367 0.103824
0.056 0.687748 0.115234
0.057 0.730175 0.127594
0.058 0.773555 0.14095
0.059 0.817787 0.155351
0.06 0.86276 0.170844
0.061 0.908356 0.187476
0.062 0.954449 0.205293
0.063 1.0009 0.224339
0.064 1.04758 0.244658
0.065 1.09433 0.26629
0.066 1.14099 0.289274
0.067 1.18742 0.313648
0.068 1.23343 0.339444
0.069 1.27886 0.366693
0.07 1.32353 0.395423
0.071 1.36727 0.425656
0.072 1.40989 0.457412
0.073 1.4512 0.490705
0.074 1.49104 0.525546
0.075 1.5292 0.56194
0.076 1.5655 0.599887
0.077 1.59977 0.639379
0.078 1.63181 0.680407
0.079 1.66146 0.72295
0.08 1.68854 0.766986
0.081 1.71287 0.812482
0.082 1.7343 0.859401
0.083 1.75267 0.907697
0.084 1.76783 0.957318
0.085 1.77965 1.0082
0.086 1.78798 1.06029
0.087 1.79272 1.1135
0.088 1.79374 1.16775
0.089 1.79097 1.22294
0.09 1.7843 1.27899
0.091 1.77368 1.33579
0.092 1.75904 1.39323
0.093 1.74034 1.45117
0.094 1.71755 1.5095
0.095 1.69067 1.56809
0.096 1.65969 1.62678
0.097 1.62465 1.68543
0.098 1.58557 1.74389
0.099 1.54251 1.80199
0.1 1.49556 1.85957
0.101 1.44478 1.91646
0.102 1.3903 1.97248
0.103 1.33224 2.02745
0.104 1.27073 2.08119
0.105 1.20595 2.1335
0.106 1.13805 2.1842
0.107 1.06724 2.23309
0.108 0.993728 2.27998
0.109 0.917726 2.32468
0.11 0.839474 2.36698
0.111 0.759225 2.4067
0.112 0.677241 2.44365
0.113 0.593799 2.47762
0.114 0.509186 2.50844
0.115 0.423699 2.53592
0.116 0.337646 2.55987
0.117 0.251341 2.58013
0.118 0.165105 2.59652
0.119 0.0792668 2.60889
0.12 -0.00584262 2.61707
0.121 -0.0898884 2.62093
0.122 -0.172534 2.62032
0.123 -0.253443 2.61512
0.124 -0.332279 2.60521
0.125 -0.40871 2.59048
0.126 -0.482406 2.57085
0.127 -0.553044 2.54623
0.128 -0.620307 2.51655
0.129 -0.683888 2.48177
0.13 -0.743488 2.44184
0.131 -0.798821 2.39674
0.132 -0.849611 2.34646
0.133 -0.8956 2.29101
0.134 -0.936543 2.23042
0.135 -0.972211 2.16472
0.136 -1.0024 2.09398
0.137 -1.02691 2.01826
0.138 -1.04557 1.93767
0.139 -1.05824 1.8523
0.14 -1.06479 1.7623
0.141 -1.06512 1.66779
0.142 -1.05914 1.56895
0.143 -1.04681 1.46596
0.144 -1.02809 1.35901
0.145 -1.00298 1.24831
0.146 -0.971502 1.13409
0.147 -0.933708 1.01659
0.148 -0.889673 0.896086
0.149 -0.839503 0.772841
0.15 -0.783326 0.647145
0.151 -0.721302 0.519301
0.152 -0.653614 0.389624
0.153 -0.580474 0.258439
0.154 -0.502116 0.126085
0.155 -0.418803 -0.0070936
0.156 -0.330821 -0.140739
0.157 -0.238479 -0.274489
0.158 -0.142111 -0.407972
0.159 -0.042069 -0.540814
0.16 0.0612709 -0.672633
0.161 0.167515 -0.803048
0.162 0.276252 -0.931673
0.163 0.387052 -1.05812
0.164 0.499473 -1.18201
0.165 0.613057 -1.30296
0.166 0.727337 -1.42059
0.167 0.841834 -1.53453
0.168 0.956061 -1.64441
0.169 1.06953 -1.74986
0.17 1.18173 -1.85055
0.171 1.29218 -1.94612
0.172 1.40037 -2.03626
0.173 1.5058 -2.12065
0.174 1.60799 -2.19898
0.175 1.70643 -2.27097
0.176 1.80067 -2.33636
0.177 1.89021 -2.39489
0.178 1.97461 -2.44634
0.179 2.05342 -2.4905
0.18 2.12622 -2.52717
0.181 2.19259 -2.5562
0.182 2.25215 -2.57743
0.183 2.30452 -2.59076
0.184 2.34937 -2.59608
0.185 2.38638 -2.59333
0.186 2.41524 -2.58247
0.187 2.43571 -2.56348
0.188 2.44755 -2.53638
0.189 2.45054 -2.50119
0.19 2.44453 -2.458
0.191 2.42938 -2.4069
0.192 2.40498 -2.348
0.193 2.37127 -2.28146
0.194 2.32822 -2.20745
0.195 2.27582 -2.12618
0.196 2.21412 -2.03788
0.197 2.14321 -1.9428
0.198 2.06319 -1.84124
0.199 1.97422 -1.73349
0.2 1.8765 -1.6199
0.201 1.77023 -1.5008
0.202 1.6557 -1.3766
0.203 1.53319 -1.24767
0.204 1.40304 -1.11444
0.205 1.26562 -0.977352
0.206 1.12132 -0.836857
0.207 0.970574 -0.693425
0.208 0.813844 -0.547543
0.209 0.651616 -0.399708
0.21 0.484408 -0.250431
0.211 0.312757 -0.100229
0.212 0.137228 0.0503683
0.213 -0.0415954 0.20083
0.214 -0.22311 0.350618
0.215 -0.406695 0.499193
0.216 -0.591717 0.646016
0.217 -0.77753 0.790548
0.218 -0.963477 0.932253
0.219 -1.1489 1.0706
0.22 -1.33312 1.20507
0.221 -1.51547 1.33516
0.222 -1.6953 1.46034
0.223 -1.87192 1.58015
0.224 -2.04468 1.6941
0.225 -2.21294 1.80174
0.226 -2.37604 1.90262
0.227 -2.53337 1.99634
0.228 -2.68432 2.08249
0.229 -2.8283 2.1607
0.23 -2.96474 2.23061
0.231 -3.0931 2.29192
0.232 -3.21286 2.34433
0.233 -3.32353 2.38757
0.234 -3.42465 2.4214
0.235 -3.51581 2.44562
0.236 -3.5966 2.46007
0.237 -3.66669 2.46461
0.238 -3.72574 2.45912
0.239 -3.7735 2.44355
0.24 -3.80972 2.41785
0.241 -3.83421 2.38203
0.242 -3.84684 2.33613
0.243 -3.84748 2.28021
0.244 -3.8361 2.21439
0.245 -3.81268 2.13881
0.246 -3.77724 2.05365
0.247 -3.72988 1.95912
0.248 -3.67072 1.85547
0.249 -3.59994 1.74299
0.25 -3.51776 1.62198
0.251 -3.42443 1.49279
0.252 -3.32027 1.35581
0.253 -3.20564 1.21144
0.254 -3.08094 1.06011
0.255 -2.94658 0.902289
0.256 -2.80307 0.738463
0.257 -2.6509 0.569145
0.258 -2.49064 0.394868
0.259 -2.32286 0.216187
0.26 -2.1482 0.0336748
0.261 -1.96728 -0.15208
0.262 -1.7808 -0.340473
0.263 -1.58945 -0.530889
0.264 -1.39396 -0.722701
0.265 -1.19507 -0.915276
0.266 -0.993536 -1.10797
0.267 -0.790139 -1.30015
0.268 -0.585662 -1.49117
0.269 -0.380898 -1.68038
0.27 -0.176646 -1.86714
0.271 0.0262952 -2.05083
0.272 0.227127 -2.23082
0.273 0.425055 -2.40648
0.274 0.619294 -2.57723
0.275 0.80907 -2.74248
0.276 0.993622 -2.90166
0.277 1.17221 -3.05421
0.278 1.3441 -3.19962
0.279 1.50861 -3.33737
0.28 1.66505 -3.46699
0.281 1.81279 -3.58802
0.282 1.95121 -3.70005
0.283 2.07974 -3.80268
0.284 2.19783 -3.89556
0.285 2.30499 -3.97835
0.286 2.40074 -4.05076
0.287 2.48469 -4.11254
0.288 2.55645 -4.16348
0.289 2.61571 -4.20338
0.29 2.66218 -4.23212
0.291 2.69565 -4.24958
0.292 2.71594 -4.2557
0.293 2.72292 -4.25046
0.294 2.71654 -4.23389
0.295 2.69677 -4.20602
0.296 2.66366 -4.16698
0.297 2.61729 -4.11688
0.298 2.55781 -4.05591
0.299 2.48543 -3.98428
0.3 2.40038 -3.90225
0.301 2.30299 -3.81011
0.302 2.1936 -3.70818
0.303 2.07261 -3.59683
0.304 1.94049 -3.47645
0.305 1.79773 -3.34747
0.306 1.64487 -3.21034
0.307 1.48252 -3.06555
0.308 1.31128 -2.91362
0.309 1.13184 -2.75508
0.31 0.944896 -2.59049
0.311 0.751185 -2.42045
0.312 0.551473 -2.24554
0.313 0.346558 -2.0664
0.314 0.137257 -1.88364
0.315 -0.0755879 -1.69792
0.316 -0.291119 -1.50988
0.317 -0.508462 -1.3202
0.318 -0.726735 -1.12952
0.319 -0.945044 -0.938528
0.32 -1.1625 -0.74788
0.321 -1.37819 -0.55824
0.322 -1.59124 -0.370266
0.323 -1.80076 -0.184607
0.324 -2.00587 -0.00189961
0.325 -2.2057 0.17723
0.326 -2.39943 0.352172
0.327 -2.58622 0.522337
0.328 -2.76527 0.687152
0.329 -2.93582 0.846069
0.33 -3.09713 0.998562
0.331 -3.24849 1.14414
0.332 -3.38923 1.28232
0.333 -3.51872 1.41267
0.334 -3.63639 1.53479
0.335 -3.74169 1.6483
0.336 -3.83412 1.75285
0.337 -3.91324 1.84815
0.338 -3.97868 1.93394
0.339 -4.03007 2.00997
0.34 -4.06715 2.07607
0.341 -4.08969 2.13209
0.342 -4.09751 2.17792
0.343 -4.09052 2.21348
0.344 -4.06865 2.23877
0.345 -4.03191 2.25377
0.346 -3.98038 2.25857
0.347 -3.91419 2.25324
0.348 -3.83351 2.23792
0.349 -3.73859 2.2128
0.35 -3.62975 2.17808
0.351 -3.50733 2.13402
0.352 -3.37177 2.08091
0.353 -3.22351 2.01906
0.354 -3.0631 1.94885
0.355 -2.8911 1.87065
0.356 -2.70814 1.7849
0.357 -2.51488 1.69204
0.358 -2.31203 1.59255
0.359 -2.10035 1.48694
0.36 -1.88063 1.37574
0.361 -1.65369 1.25949
0.362 -1.42038 1.13876
0.363 -1.1816 1.01414
0.364 -0.93824 0.886219
0.365 -0.691243 0.755617
0.366 -0.441551 0.622948
0.367 -0.190124 0.48884
0.368 0.0620691 0.35392
0.369 0.314053 0.21882
0.37 0.56485 0.0841695
0.371 0.813487 -0.0494057
0.372 1.05899 -0.181287
0.373 1.30042 -0.310863
0.374 1.53681 -0.437537
0.375 1.76724 -0.560724
0.376 1.99082 -0.679856
0.377 2.20666 -0.794384
0.378 2.41391 -0.90378
0.379 2.61176 -1.00754
0.38 2.79943 -1.10519
0.381 2.97618 -1.19627
0.382 3.14132 -1.28036
0.383 3.29418 -1.35707
0.384 3.43417 -1.42604
0.385 3.56074 -1.48695
0.386 3.67338 -1.53952
0.387 3.77167 -1.58348
0.388 3.8552 -1.61863
0.389 3.92366 -1.64478
0.39 3.97679 -1.66182
0.391 4.01437 -1.66963
0.392 4.03627 -1.66817
0.393 4.04242 -1.65741
0.394 4.03281 -1.6374
0.395 4.00748 -1.60819
0.396 3.96656 -1.56989
0.397 3.91024 -1.52265
0.398 3.83875 -1.46666
0.399 3.7524 -1.40215
0.4 3.65158 -1.32937
0.401 3.5367 -1.24862
0.402 3.40827 -1.16025
0.403 3.26682 -1.06461
0.404 3.11297 -0.962121
0.405 2.94735 -0.853199
0.406 2.77069 -0.738309
0.407 2.58373 -0.617938
0.408 2.38726 -0.492598
0.409 2.18213 -0.362822
0.41 1.96921 -0.229166
0.411 1.74941 -0.0922012
0.412 1.52367 0.0474843
0.413 1.29294 0.18929
0.414 1.05824 0.332605
0.415 0.82055 0.476811
0.416 0.580907 0.621284
0.417 0.34034 0.765398
0.418 0.099889 0.908527
0.419 -0.139405 1.05005
0.42 -0.376503 1.18935
0.421 -0.610374 1.32581
0.422 -0.839995 1.45885
0.423 -1.06436 1.58787
0.424 -1.28248 1.71232
0.425 -1.4934 1.83163
0.426 -1.69618 1.94529
0.427 -1.88992 2.05279
0.428 -2.07374 2.15366
0.429 -2.24683 2.24743
0.43 -2.40838 2.3337
0.431 -2.55767 2.41207
0.432 -2.694 2.4822
0.433 -2.81673 2.54375
0.434 -2.92528 2.59646
0.435 -3.01913 2.64006
0.436 -3.0978 2.67437
0.437 -3.1609 2.69921
0.438 -3.20809 2.71447
0.439 -3.23909 2.72005
0.44 -3.2537 2.71592
0.441 -3.25177 2.70208
0.442 -3.23324 2.67858
0.443 -3.19812 2.64551
0.444 -3.14646 2.603
0.445 -3.07841 2.55121
0.446 -2.99418 2.49037
0.447 -2.89404 2.42073
0.448 -2.77835 2.34259
0.449 -2.64751 2.25627
0.45 -2.502 2.16215
0.451 -2.34235 2.06064
0.452 -2.16918 1.95217
0.453 -1.98314 1.83722
0.454 -1.78495 1.7163
0.455 -1.57538 1.58993
0.456 -1.35525 1.45867
0.457 -1.12543 1.32311
0.458 -0.886833 1.18386
0.459 -0.640409 1.04152
0.46 -0.387152 0.896755
0.461 -0.128082 0.750205
0.462 0.135749 0.602537
0.463 0.403265 0.454426
0.464 0.673372 0.306548
0.465 0.944958 0.159585
0.466 1.2169 0.0142167
0.467 1.48808 -0.12888
0.468 1.75735 -0.269034
0.469 2.02359 -0.405584
0.47 2.28569 -0.537882
0.471 2.54254 -0.665293
0.472 2.79304 -0.787201
0.473 3.03613 -0.903011
0.474 3.27076 -1.01215
0.475 3.49593 -1.11407
0.476 3.71065 -1.20826
0.477 3.91398 -1.29422
0.478 4.10503 -1.3715
0.479 4.28294 -1.43969
0.48 4.44692 -1.49839
0.481 4.59623 -1.54728
0.482 4.73016 -1.58603
0.483 4.84809 -1.6144
0.484 4.94946 -1.63217
0.485 5.03376 -1.63915
0.486 5.10056 -1.63524
0.487 5.14949 -1.62034
0.488 5.18027 -1.59443
0.489 5.19266 -1.55752
0.49 5.18654 -1.50966
0.491 5.16182 -1.45098
0.492 5.11851 -1.38164
0.493 5.05668 -1.30182
0.494 4.9765 -1.2118
0.495 4.8782 -1.11186
0.496 4.76208 -1.00236
0.497 4.62852 -0.883677
0.498 4.47796 -0.756242
0.499 4.31094 -0.620529
0.5 4.12805 -0.477049
0.501 3.92993 -0.326349
0.502 3.71731 -0.169014
0.503 3.49098 -0.00566041
0.504 3.25177 0.163062
0.505 3.00058 0.336478
0.506 2.73836 0.513884
0.507 2.46611 0.694556
0.508 2.18486 0.877746
0.509 1.8957 1.06269
0.51 1.59974 1.24862
0.511 1.29812 1.43473
0.512 0.99203 1.62024
0.513 0.682655 1.80434
0.514 0.371211 1.98623
0.515 0.0589229 2.1651
0.516 -0.252976 2.34017
0.517 -0.56325 2.51065
0.518 -0.870668 2.67575
0.519 -1.174 2.83473
0.52 -1.47205 2.98683
0.521 -1.7636 3.13133
0.522 -2.04749 3.26754
0.523 -2.32258 3.3948
0.524 -2.58775 3.51245
0.525 -2.84193 3.61989
0.526 -3.08408 3.71656
0.527 -3.31322 3.80192
0.528 -3.5284 3.87548
0.529 -3.72874 3.93679
0.53 -3.91341 3.98545
0.531 -4.08165 4.0211
0.532 -4.23276 4.04344
0.533 -4.3661 4.0522
0.534 -4.4811 4.04719
0.535 -4.57728 4.02824
0.536 -4.65421 3.99526
0.537 -4.71157 3.94821
0.538 -4.74908 3.88709
0.539 -4.76657 3.81198
0.54 -4.76393 3.72298
0.541 -4.74115 3.62028
0.542 -4.69829 3.50411
0.543 -4.63549 3.37476
0.544 -4.55298 3.23255
0.545 -4.45106 3.07789
0.546 -4.33013 2.91122
0.547 -4.19064 2.73302
0.548 -4.03314 2.54384
0.549 -3.85825 2.34426
0.55 -3.66664 2.13492
0.551 -3.45909 1.91649
0.552 -3.23642 1.68968
0.553 -2.99951 1.45524
0.554 -2.74931 1.21394
0.555 -2.48684 0.966618
0.556 -2.21314 0.714101
0.557 -1.92934 0.457263
0.558 -1.63658 0.196991
0.559 -1.33605 -0.0658048
0.56 -1.02899 -0.330202
0.561 -0.71664 -0.595265
0.562 -0.400295 -0.860051
0.563 -0.0812537 -1.12361
0.564 0.239165 -1.385
0.565 0.559635 -1.64328
0.566 0.878824 -1.8975
0.567 1.1954 -2.14674
0.568 1.50805 -2.39008
0.569 1.81544 -2.62664
0.57 2.1163 -2.85553
0.571 2.40935 -3.07591
0.572 2.69333 -3.28695
0.573 2.96705 -3.48787
0.574 3.22933 -3.67792
0.575 3.47904 -3.85636
0.576 3.7151 -4.02254
0.577 3.93646 -4.17581
0.578 4.14217 -4.3156
0.579 4.3313 -4.44135
0.58 4.50301 -4.55259
0.581 4.65651 -4.64888
0.582 4.79109 -4.72984
0.583 4.90611 -4.79515
0.584 5.00101 -4.84454
0.585 5.07532 -4.87782
0.586 5.12863 -4.89483
0.587 5.16062 -4.89548
0.588 5.17107 -4.87977
0.589 5.15984 -4.84772
0.59 5.12685 -4.79944
0.591 5.07215 -4.73509
0.592 4.99585 -4.65489
0.593 4.89815 -4.55914
0.594 4.77935 -4.44816
0.595 4.63982 -4.32238
0.596 4.48002 -4.18223
0.597 4.30049 -4.02825
0.598 4.10186 -3.861
0.599 3.88483 -3.6811
0.6 3.65018 -3.48923
0.601 3.39877 -3.28609
0.602 3.1315 -3.07245
0.603 2.84937 -2.84912
0.604 2.55343 -2.61693
0.605 2.24478 -2.37676
0.606 1.92458 -2.12952
0.607 1.59405 -1.87615
0.608 1.25444 -1.61761
0.609 0.907047 -1.35489
0.61 0.553195 -1.08898
0.611 0.194245 -0.820895
0.612 -0.168421 -0.551672
0.613 -0.533402 -0.282335
0.614 -0.899285 -0.0139183
0.615 -1.26465 0.252547
0.616 -1.62807 0.516036
0.617 -1.98814 0.775533
0.618 -2.34344 1.03004
0.619 -2.69258 1.27856
0.62 -3.03419 1.52015
0.621 -3.36692 1.75387
0.622 -3.68947 1.9788
0.623 -4.00055 2.19407
0.624 -4.29894 2.39885
0.625 -4.58346 2.59233
0.626 -4.85296 2.77376
0.627 -5.10638 2.94243
0.628 -5.34269 3.09767
0.629 -5.56097 3.23887
0.63 -5.76032 3.36548
0.631 -5.93994 3.47698
0.632 -6.0991 3.57294
0.633 -6.23716 3.65296
0.634 -6.35355 3.71673
0.635 -6.4478 3.76398
0.636 -6.51949 3.79452
0.637 -6.56834 3.8082
0.638 -6.59412 3.80495
0.639 -6.59672 3.78478
0.64 -6.57609 3.74775
0.641 -6.5323 3.69397
0.642 -6.4655 3.62364
0.643 -6.37593 3.53702
0.644 -6.26393 3.43442
0.645 -6.12991 3.31622
0.646 -5.97439 3.18287
0.647 -5.79797 3.03486
0.648 -5.60131 2.87274
0.649 -5.3852 2.69714
0.65 -5.15045 2.5087
0.651 -4.89799 2.30816
0.652 -4.6288 2.09625
0.653 -4.34394 1.8738
0.654 -4.04451 1.64165
0.655 -3.73169 1.40068
0.656 -3.40672 1.1518
0.657 -3.07086 0.895977
0.658 -2.72544 0.634175
0.659 -2.37182 0.367399
0.66 -2.01139 0.0966661
0.661 -1.64558 -0.176988
0.662 -1.27584 -0.452516
0.663 -0.903615 -0.728864
0.664 -0.530387 -1.00498
0.665 -0.157631 -1.27979
0.666 0.213177 -1.55227
0.667 0.580568 -1.82135
0.668 0.943088 -2.08602
0.669 1.2993 -2.34526
0.67 1.64779 -2.59807
0.671 1.98717 -2.8435
0.672 2.31611 -3.0806
0.673 2.63329 -3.30847
0.674 2.93746 -3.52624
0.675 3.22741 -3.73307
0.676 3.50199 -3.92819
0.677 3.76012 -4.11084
0.678 4.00077 -4.28034
0.679 4.22299 -4.43604
0.68 4.4259 -4.57736
0.681 4.6087 -4.70375
0.682 4.77068 -4.81475
0.683 4.91118 -4.90993
0.684 5.02967 -4.98896
0.685 5.12568 -5.05153
0.686 5.19884 -5.09741
0.687 5.24888 -5.12646
0.688 5.27561 -5.13856
0.689 5.27893 -5.13369
0.69 5.25886 -5.11188
0.691 5.21548 -5.07324
0.692 5.149 -5.01793
0.693 5.0597 -4.94617
0.694 4.94797 -4.85827
0.695 4.81426 -4.75457
0.696 4.65915 -4.6355
0.697 4.48327 -4.50152
0.698 4.28737 -4.35318
0.699 4.07225 -4.19105
0.7 3.8388 -4.01579
0.701 3.588 -3.82806
0.702 3.32089 -3.62863
0.703 3.03856 -3.41826
0.704 2.74218 -3.19778
0.705 2.43299 -2.96805
0.706 2.11226 -2.72995
0.707 1.78131 -2.48443
0.708 1.44152 -2.23243
0.709 1.09428 -1.97491
0.71 0.741051 -1.71289
0.711 0.383277 -1.44736
0.712 0.0224461 -1.17936
0.713 -0.339947 -0.909891
0.714 -0.702398 -0.640002
0.715 -1.0634 -0.370716
0.716 -1.42146 -0.103058
0.717 -1.77508 0.161958
0.718 -2.1228 0.42333
0.719 -2.46315 0.680077
0.72 -2.79473 0.931235
0.721 -3.11614 1.17587
0.722 -3.42603 1.41307
0.723 -3.72312 1.64196
0.724 -4.00614 1.86171
0.725 -4.2739 2.07151
0.726 -4.52527 2.27061
0.727 -4.75918 2.45829
0.728 -4.97464 2.63389
0.729 -5.17072 2.7968
0.73 -5.34658 2.94647
0.731 -5.50144 3.08238
0.732 -5.63464 3.20409
0.733 -5.74558 3.31122
0.734 -5.83376 3.40343
0.735 -5.89877 3.48048
0.736 -5.94029 3.54214
0.737 -5.95809 3.58829
0.738 -5.95206 3.61886
0.739 -5.92217 3.63383
0.74 -5.86848 3.63326
0.741 -5.79116 3.61726
0.742 -5.69046 3.58603
0.743 -5.56676 3.5398
0.744 -5.42048 3.47888
0.745 -5.25219 3.40364
0.746 -5.0625 3.31451
0.747 -4.85213 3.21195
0.748 -4.6219 3.09651
0.749 -4.37268 2.96878
0.75 -4.10543 2.8294
0.751 -3.8212 2.67904
0.752 -3.52109 2.51844
0.753 -3.20626 2.34836
0.754 -2.87796 2.16962
0.755 -2.53746 1.98306
0.756 -2.18612 1.78954
0.757 -1.8253 1.58998
0.758 -1.45644 1.38528
0.759 -1.08098 1.1764
0.76 -0.700421 0.964299
0.761 -0.31626 0.749941
0.762 0.0699784 0.534305
0.763 0.456764 0.318373
0.764 0.842561 0.103127
0.765 1.22584 -0.110457
0.766 1.60507 -0.321413
0.767 1.97876 -0.528784
0.768 2.3454 -0.731634
0.769 2.70355 -0.929045
0.77 3.05179 -1.12012
0.771 3.38871 -1.30401
0.772 3.71299 -1.47986
0.773 4.02333 -1.64689
0.774 4.3185 -1.80433
0.775 4.59732 -1.95147
0.776 4.85869 -2.08764
0.777 5.10156 -2.2122
0.778 5.32498 -2.3246
0.779 5.52805 -2.4243
0.78 5.70998 -2.51084
0.781 5.87005 -2.58381
0.782 6.00762 -2.64285
0.783 6.12216 -2.68769
0.784 6.21322 -2.71807
0.785 6.28046 -2.73385
0.786 6.32362 -2.7349
0.787 6.34254 -2.7212
0.788 6.33716 -2.69276
0.789 6.30754 -2.64966
0.79 6.2538 -2.59206
0.791 6.17619 -2.52017
0.792 6.07503 -2.43425
0.793 5.95078 -2.33465
0.794 5.80394 -2.22175
0.795 5.63514 -2.096
0.796 5.44508 -1.95792
0.797 5.23456 -1.80805
0.798 5.00446 -1.64702
0.799 4.75573 -1.47547
0.8 4.48941 -1.29412
0.801 4.20662 -1.10372
0.802 3.90851 -0.905047
0.803 3.59634 -0.698936
0.804 3.27139 -0.486244
0.805 2.93502 -0.267861
0.806 2.58861 -0.0447002
0.807 2.23362 0.1823
0.808 1.87151 0.412184
0.809 1.50379 0.643981
0.81 1.13197 0.876712
0.811 0.757619 1.10939
0.812 0.382276 1.34103
0.813 0.00750617 1.57063
0.814 -0.365131 1.79723
0.815 -0.734086 2.01985
0.816 -1.09782 2.23753
0.817 -1.45482 2.44935
0.818 -1.80359 2.65437
0.819 -2.14268 2.85172
0.82 -2.47066 3.04054
0.821 -2.78618 3.22
0.822 -3.08789 3.38931
0.823 -3.37454 3.54773
0.824 -3.64492 3.69455
0.825 -3.89789 3.82913
0.826 -4.13238 3.95084
0.827 -4.34739 4.05913
0.828 -4.54201 4.15352
0.829 -4.71541 4.23354
0.83 -4.86683 4.29883
0.831 -4.99563 4.34905
0.832 -5.10125 4.38394
0.833 -5.1832 4.40331
0.834 -5.24113 4.40703
0.835 -5.27476 4.39501
0.836 -5.28391 4.36726
0.837 -5.26851 4.32384
0.838 -5.22859 4.26488
0.839 -5.16427 4.19057
0.84 -5.0758 4.10116
0.841 -4.96349 3.99698
0.842 -4.82777 3.8784
0.843 -4.66918 3.74587
0.844 -4.48832 3.5999
0.845 -4.28591 3.44104
0.846 -4.06275 3.2699
0.847 -3.81973 3.08715
0.848 -3.55781 2.89352
0.849 -3.27806 2.68975
0.85 -2.98159 2.47666
0.851 -2.66959 2.25511
0.852 -2.34333 2.02596
0.853 -2.00413 1.79016
0.854 -1.65337 1.54863
0.855 -1.29247 1.30237
0.856 -0.922893 1.05236
0.857 -0.546159 0.799632
0.858 -0.163803 0.545209
0.859 0.22261 0.290133
0.86 0.611495 0.0354505
0.861 1.00125 -0.217791
0.862 1.39028 -0.468547
0.863 1.77698 -0.71578
0.864 2.15974 -0.958465
0.865 2.53699 -1.19559
0.866 2.90716 -1.42617
0.867 3.2687 -1.64923
0.868 3.62012 -1.86384
0.869 3.95995 -2.0691
0.87 4.28676 -2.26413
0.871 4.59918 -2.4481
0.872 4.89589 -2.62023
0.873 5.17564 -2.77978
0.874 5.43723 -2.92605
0.875 5.67954 -3.05841
0.876 5.90155 -3.17628
0.877 6.10227 -3.27912
0.878 6.28084 -3.36649
0.879 6.43647 -3.43796
0.88 6.56845 -3.49321
0.881 6.67619 -3.53196
0.882 6.75917 -3.554
0.883 6.817 -3.5592
0.884 6.84935 -3.54749
0.885 6.85603 -3.51887
0.886 6.83694 -3.4734
0.887 6.79207 -3.41123
0.888 6.72154 -3.33256
0.889 6.62555 -3.23767
0.89 6.50442 -3.1269
0.891 6.35855 -3.00067
0.892 6.18847 -2.85943
0.893 5.99478 -2.70374
0.894 5.77819 -2.53419
0.895 5.53951 -2.35144
0.896 5.27963 -2.15619
0.897 4.99951 -1.94922
0.898 4.70023 -1.73134
0.899 4.38292 -1.50342
0.9 4.0488 -1.26636
0.901 3.69914 -1.02112
0.902 3.33529 -0.768676
0.903 2.95866 -0.51005
0.904 2.5707 -0.246288
0.905 2.17292 0.021536
0.906 1.76686 0.29233
0.907 1.35411 0.564985
0.908 0.93628 0.83838
0.909 0.514994 1.11139
0.91 0.0919053 1.38288
0.911 -0.331331 1.65172
0.912 -0.753054 1.91679
0.913 -1.17161 2.17698
0.914 -1.58535 2.43119
0.915 -1.99265 2.67834
0.916 -2.39191 2.91738
0.917 -2.78156 3.14729
0.918 -3.16006 3.36708
0.919 -3.52591 3.57578
0.92 -3.87768 3.77249
0.921 -4.21398 3.95633
0.922 -4.53348 4.12648
0.923 -4.83491 4.28217
0.924 -5.1171 4.42268
0.925 -5.37892 4.54735
0.926 -5.61935 4.65559
0.927 -5.83743 4.74685
0.928 -6.0323 4.82067
0.929 -6.20321 4.87664
0.93 -6.34947 4.91442
0.931 -6.47051 4.93376
0.932 -6.56586 4.93445
0.933 -6.63516 4.91637
0.934 -6.67812 4.87949
0.935 -6.6946 4.82382
0.936 -6.68454 4.74946
0.937 -6.648 4.6566
0.938 -6.58512 4.54546
0.939 -6.49617 4.41638
0.94 -6.38153 4.26975
0.941 -6.24165 4.10601
0.942 -6.07713 3.9257
0.943 -5.88863 3.72942
0.944 -5.67692 3.51781
0.945 -5.44286 3.29161
0.946 -5.1874 3.05158
0.947 -4.9116 2.79856
0.948 -4.61656 2.53343
0.949 -4.30349 2.25714
0.95 -3.97366 1.97067
0.951 -3.62842 1.67503
0.952 -3.26916 1.37129
0.953 -2.89736 1.06054
0.954 -2.51451 0.743913
0.955 -2.12219 0.422556
0.956 -1.72198 0.0976404
0.957 -1.31552 -0.229645
0.958 -0.904463 -0.558101
0.959 -0.490482 -0.886521
0.96 -0.0752656 -1.2137
0.961 0.339492 -1.53842
0.962 0.752097 -1.85949
0.963 1.16086 -2.17571
0.964 1.56412 -2.48593
0.965 1.96022 -2.78898
0.966 2.34754 -3.08375
0.967 2.72449 -3.36913
0.968 3.08953 -3.64406
0.969 3.44115 -3.90753
0.97 3.77791 -4.15855
0.971 4.09841 -4.39619
0.972 4.40134 -4.61957
0.973 4.68545 -4.82785
0.974 4.94954 -5.02026
0.975 5.19253 -5.19609
0.976 5.41339 -5.35468
0.977 5.61121 -5.49546
0.978 5.78514 -5.6179
0.979 5.93445 -5.72156
0.98 6.05849 -5.80606
0.981 6.15673 -5.87109
0.982 6.22872 -5.91643
0.983 6.27415 -5.94192
0.984 6.29277 -5.94749
0.985 6.28449 -5.93313
0.986 6.24928 -5.89891
0.987 6.18724 -5.845
0.988 6.09859 -5.7716
0.989 5.98363 -5.67904
0.99 5.84279 -5.56766
0.991 5.67659 -5.43794
0.992 5.48565 -5.29037
0.993 5.2707 -5.12555
0.994 5.03257 -4.94412
0.995 4.77216 -4.7468
0.996 4.49049 -4.53437
0.997 4.18865 -4.30765
0.998 3.86781 -4.06754
0.999 3.52921 -3.81497
1 3.17419 -3.55093
