0.001 3.40586e-008 2.52816e-009
0.002 3.10203e-007 2.03063e-008
0.003 1.46279e-006 8.42808e-008
0.004 4.84658e-006 2.4739e-007
0.005 1.28276e-005 5.87035e-007
0.006 2.9064e-005 1.20923e-006
0.007 5.87741e-005 2.25487e-006
0.008 0.00010899 3.90852e-006
0.009 0.000188794 6.41019e-006
0.01 0.000309533 1.00703e-005
0.011 0.000485014 1.52883e-005
0.012 0.000731675 2.2575e-005
0.013 0.00106873 3.25796e-005
0.014 0.00151829 4.61197e-005
0.015 0.00210545 6.42172e-005
0.016 0.00285833 8.81379e-005
0.017 0.00380814 0.000119435
0.018 0.00498916 0.000159999
0.019 0.00643868 0.000212108
0.02 0.00819696 0.000278489
0.021 0.0103071 0.000362373
0.022 0.0128151 0.000467567
0.023 0.0157691 0.000598515
0.024 0.0192201 0.000760372
0.025 0.0232208 0.000959078
0.026 0.0278261 0.00120143
0.027 0.0330923 0.00149517
0.028 0.0390769 0.00184904
0.029 0.0458383 0.00227287
0.03 0.0534357 0.00277768
0.031 0.0619281 0.00337572
0.032 0.0713745 0.00408055
0.033 0.0818329 0.00490712
0.034 0.0933605 0.00587184
0.035 0.106013 0.00699263
0.036 0.119842 0.00828899
0.037 0.134901 0.00978204
0.038 0.151236 0.0114946
0.039 0.168891 0.013451
0.04 0.187907 0.0156777
0.041 0.208319 0.0182025
0.042 0.230158 0.0210552
0.043 0.25345 0.0242672
0.044 0.278214 0.0278717
0.045 0.304463 0.0319037
0.046 0.332204 0.0363997
0.047 0.361436 0.0413978
0.048 0.392151 0.0469378
0.049 0.424335 0.0530609
0.05 0.457963 0.0598096
0.051 0.493004 0.0672276
0.052 0.529417 0.0753598
0.053 0.567153 0.084252
0.054 0.606156 0.093951
0.055 0.646358 0.104504
0.056 0.687684 0.115959
0.057 0.730051 0.128363
0.058 0.773365 0.141765
0.059 0.817525 0.156212
0.06 0.86242 0.171752
0.061 0.907932 0.188431
0.062 0.953936 0.206294
0.063 1.0003 0.225387
0.064 1.04687 0.245751
0.065 1.09351 0.267428
0.066 1.14007 0.290456
0.067 1.18637 0.314872
0.068 1.23226 0.340708
0.069 1.27757 0.367994
0.07 1.32211 0.396759
0.071 1.36572 0.427023
0.072 1.4082 0.458807
0.073 1.44938 0.492125
0.074 1.48908 0.526986
0.075 1.5271 0.563395
0.076 1.56326 0.601351
0.077 1.59739 0.640847
0.078 1.62929 0.681871
0.079 1.6588 0.724406
0.08 1.68574 0.768425
0.081 1.70995 0.813897
0.082 1.73125 0.860783
0.083 1.7495 0.909038
0.084 1.76454 0.958609
0.085 1.77625 1.00944
0.086 1.78448 1.06145
0.087 1.78912 1.11458
0.088 1.79007 1.16874
0.089 1.78722 1.22384
0.09 1.78049 1.27977
0.091 1.76982 1.33645
0.092 1.75514 1.39375
0.093 1.73641 1.45154
0.094 1.71362 1.50972
0.095 1.68674 1.56813
0.096 1.65579 1.62664
0.097 1.62078 1.68509
0.098 1.58176 1.74334
0.099 1.53877 1.80123
0.1 1.49191 1.85858
0.101 1.44124 1.91523
0.102 1.38689 1.97099
0.103 1.32897 2.0257
0.104 1.26763 2.07915
0.105 1.20302 2.13118
0.106 1.13533 2.18158
0.107 1.06474 2.23017
0.108 0.991464 2.27675
0.109 0.915717 2.32113
0.11 0.837738 2.36311
0.111 0.757778 2.4025
0.112 0.676099 2.4391
0.113 0.592977 2.47274
0.114 0.508699 2.50321
0.115 0.423559 2.53034
0.116 0.337866 2.55395
0.117 0.251931 2.57386
0.118 0.166075 2.58991
0.119 0.0806249 2.60194
0.12 -0.00408995 2.60979
0.121 -0.087736 2.61331
0.122 -0.169979 2.61238
0.123 -0.250483 2.60686
0.124 -0.328914 2.59665
0.125 -0.404942 2.58163
0.126 -0.478239 2.56171
0.127 -0.548485 2.53683
0.128 -0.615363 2.50691
0.129 -0.678569 2.47189
0.13 -0.737806 2.43175
0.131 -0.792789 2.38646
0.132 -0.843247 2.33601
0.133 -0.888921 2.28042
0.134 -0.929569 2.2197
0.135 -0.964964 2.15391
0.136 -0.994901 2.0831
0.137 -1.01919 2.00734
0.138 -1.03766 1.92673
0.139 -1.05017 1.84139
0.14 -1.05658 1.75144
0.141 -1.05681 1.65702
0.142 -1.05077 1.5583
0.143 -1.03841 1.45545
0.144 -1.01969 1.34868
0.145 -0.994629 1.2382
0.146 -0.963238 1.12424
0.147 -0.92557 1.00704
0.148 -0.881703 0.886855
0.149 -0.831742 0.76397
0.15 -0.775817 0.638671
0.151 -0.714087 0.511258
0.152 -0.646736 0.382046
0.153 -0.573974 0.25136
0.154 -0.496037 0.119538
0.155 -0.413186 -0.0130766
0.156 -0.325707 -0.146127
0.157 -0.233908 -0.279252
0.158 -0.13812 -0.412082
0.159 -0.0386973 -0.544243
0.16 0.0639882 -0.675357
0.161 0.169544 -0.805042
0.162 0.277559 -0.932916
0.163 0.387609 -1.0586
0.164 0.499251 -1.1817
0.165 0.612031 -1.30184
0.166 0.725484 -1.41866
0.167 0.839134 -1.53177
0.168 0.952497 -1.64081
0.169 1.06508 -1.74543
0.17 1.1764 -1.84527
0.171 1.28595 -1.94
0.172 1.39324 -2.0293
0.173 1.49778 -2.11286
0.174 1.59907 -2.19036
0.175 1.69662 -2.26155
0.176 1.78998 -2.32614
0.177 1.87866 -2.3839
0.178 1.96221 -2.4346
0.179 2.0402 -2.47802
0.18 2.1122 -2.51399
0.181 2.17781 -2.54235
0.182 2.23664 -2.56294
0.183 2.28832 -2.57567
0.184 2.33252 -2.58043
0.185 2.36892 -2.57716
0.186 2.39723 -2.56583
0.187 2.41719 -2.54641
0.188 2.42857 -2.51893
0.189 2.43118 -2.48343
0.19 2.42484 -2.43997
0.191 2.40942 -2.38865
0.192 2.38483 -2.32959
0.193 2.35099 -2.26295
0.194 2.30787 -2.18891
0.195 2.25549 -2.10766
0.196 2.19388 -2.01945
0.197 2.12313 -1.92453
0.198 2.04335 -1.82319
0.199 1.9547 -1.71573
0.2 1.85736 -1.60248
0.201 1.75157 -1.4838
0.202 1.63759 -1.36007
0.203 1.51571 -1.23169
0.204 1.38626 -1.09907
0.205 1.24962 -0.962647
0.206 1.10617 -0.822881
0.207 0.956344 -0.680238
0.208 0.800606 -0.535203
0.209 0.639437 -0.38827
0.21 0.47335 -0.239948
0.211 0.302883 -0.0907522
0.212 0.128594 0.0587923
0.213 -0.0489348 0.208156
0.214 -0.229105 0.356804
0.215 -0.411301 0.504202
0.216 -0.594892 0.649812
0.217 -0.779238 0.793101
0.218 -0.963686 0.933536
0.219 -1.14758 1.07059
0.22 -1.33026 1.20376
0.221 -1.51105 1.33251
0.222 -1.6893 1.45637
0.223 -1.86435 1.57483
0.224 -2.03555 1.68744
0.225 -2.20224 1.79375
0.226 -2.36379 1.89331
0.227 -2.5196 1.98571
0.228 -2.66904 2.07057
0.229 -2.81155 2.14751
0.23 -2.94656 2.2162
0.231 -3.07353 2.2763
0.232 -3.19195 2.32754
0.233 -3.30134 2.36966
0.234 -3.40125 2.40242
0.235 -3.49125 2.42563
0.236 -3.57096 2.43911
0.237 -3.64005 2.44274
0.238 -3.69818 2.43642
0.239 -3.74511 2.42008
0.24 -3.78058 2.39369
0.241 -3.80443 2.35725
0.242 -3.81651 2.31081
0.243 -3.81671 2.25443
0.244 -3.80499 2.18824
0.245 -3.78133 2.11237
0.246 -3.74577 2.02702
0.247 -3.6984 1.93238
0.248 -3.63934 1.82872
0.249 -3.56877 1.71632
0.25 -3.48691 1.59549
0.251 -3.39403 1.46658
0.252 -3.29042 1.32997
0.253 -3.17646 1.18606
0.254 -3.05252 1.03529
0.255 -2.91906 0.878119
0.256 -2.77653 0.71504
0.257 -2.62546 0.546559
0.258 -2.46639 0.373209
0.259 -2.2999 0.195543
0.26 -2.12662 0.0141295
0.261 -1.94718 -0.170444
0.262 -1.76225 -0.357578
0.263 -1.57253 -0.54666
0.264 -1.37874 -0.737067
0.265 -1.18161 -0.92817
0.266 -0.98191 -1.11933
0.267 -0.780391 -1.30992
0.268 -0.577838 -1.49929
0.269 -0.375037 -1.68681
0.27 -0.172778 -1.87184
0.271 0.0281474 -2.05375
0.272 0.226948 -2.23193
0.273 0.422838 -2.40577
0.274 0.615041 -2.57467
0.275 0.802789 -2.73806
0.276 0.985331 -2.89537
0.277 1.16193 -3.04605
0.278 1.33188 -3.1896
0.279 1.49448 -3.3255
0.28 1.64906 -3.45329
0.281 1.795 -3.57251
0.282 1.93169 -3.68277
0.283 2.05856 -3.78366
0.284 2.17507 -3.87484
0.285 2.28073 -3.95599
0.286 2.3751 -4.02681
0.287 2.45775 -4.08707
0.288 2.52832 -4.13654
0.289 2.5865 -4.17506
0.29 2.63202 -4.20248
0.291 2.66466 -4.21871
0.292 2.68424 -4.22369
0.293 2.69066 -4.2174
0.294 2.68384 -4.19986
0.295 2.66377 -4.17113
0.296 2.6305 -4.13132
0.297 2.58411 -4.08057
0.298 2.52476 -4.01905
0.299 2.45265 -3.94698
0.3 2.36802 -3.86461
0.301 2.27118 -3.77225
0.302 2.16249 -3.67021
0.303 2.04235 -3.55886
0.304 1.91121 -3.43859
0.305 1.76956 -3.30983
0.306 1.61796 -3.17304
0.307 1.45698 -3.02871
0.308 1.28724 -2.87733
0.309 1.10942 -2.71946
0.31 0.924204 -2.55564
0.311 0.732328 -2.38647
0.312 0.534553 -2.21253
0.313 0.331665 -2.03445
0.314 0.124477 -1.85284
0.315 -0.0861789 -1.66836
0.316 -0.299452 -1.48165
0.317 -0.514479 -1.29336
0.318 -0.730385 -1.10416
0.319 -0.946286 -0.914708
0.32 -1.1613 -0.72566
0.321 -1.37453 -0.537676
0.322 -1.58511 -0.351406
0.323 -1.79215 -0.167493
0.324 -1.9948 0.0134313
0.325 -2.19219 0.190748
0.326 -2.3835 0.363856
0.327 -2.56791 0.532169
0.328 -2.74463 0.695124
0.329 -2.91292 0.852178
0.33 -3.07202 1.00281
0.331 -3.22126 1.14654
0.332 -3.35997 1.28289
0.333 -3.48753 1.41144
0.334 -3.60336 1.53179
0.335 -3.70694 1.64356
0.336 -3.79778 1.74642
0.337 -3.87545 1.84008
0.338 -3.93955 1.92427
0.339 -3.98976 1.99879
0.34 -4.0258 2.06343
0.341 -4.04746 2.11806
0.342 -4.05456 2.16257
0.343 -4.047 2.19691
0.344 -4.02473 2.22105
0.345 -3.98777 2.235
0.346 -3.93618 2.23882
0.347 -3.8701 2.23263
0.348 -3.78971 2.21654
0.349 -3.69526 2.19074
0.35 -3.58705 2.15545
0.351 -3.46543 2.11092
0.352 -3.33083 2.05744
0.353 -3.18371 1.99533
0.354 -3.0246 1.92495
0.355 -2.85405 1.8467
0.356 -2.67269 1.76099
0.357 -2.48118 1.66827
0.358 -2.28022 1.56903
0.359 -2.07056 1.46376
0.36 -1.85298 1.35299
0.361 -1.6283 1.23727
0.362 -1.39737 1.11715
0.363 -1.16105 0.99323
0.364 -0.920252 0.866092
0.365 -0.675889 0.736344
0.366 -0.428898 0.604601
0.367 -0.18023 0.471483
0.368 0.069159 0.337615
0.369 0.318304 0.203623
0.37 0.566241 0.070129
0.371 0.812007 -0.062246
0.372 1.05465 -0.192889
0.373 1.29321 -0.321197
0.374 1.52677 -0.446577
0.375 1.75442 -0.568452
0.376 1.97525 -0.68626
0.377 2.18841 -0.799458
0.378 2.39306 -0.907526
0.379 2.58839 -1.00997
0.38 2.77363 -1.1063
0.381 2.94806 -1.1961
0.382 3.11099 -1.27893
0.383 3.26178 -1.35441
0.384 3.39983 -1.4222
0.385 3.5246 -1.48196
0.386 3.6356 -1.53343
0.387 3.73241 -1.57635
0.388 3.81463 -1.61052
0.389 3.88195 -1.63576
0.39 3.93411 -1.65194
0.391 3.97092 -1.65897
0.392 3.99224 -1.65681
0.393 3.998 -1.64543
0.394 3.98818 -1.62488
0.395 3.96286 -1.59521
0.396 3.92214 -1.55655
0.397 3.8662 -1.50903
0.398 3.7953 -1.45285
0.399 3.70975 -1.38823
0.4 3.6099 -1.31543
0.401 3.49619 -1.23476
0.402 3.36911 -1.14655
0.403 3.22919 -1.05117
0.404 3.07704 -0.949018
0.405 2.9133 -0.840519
0.406 2.73867 -0.726134
0.407 2.55389 -0.606346
0.408 2.35975 -0.481665
0.409 2.15708 -0.352621
0.41 1.94673 -0.219764
0.411 1.72962 -0.083662
0.412 1.50667 0.0551017
0.413 1.27883 0.195932
0.414 1.04707 0.338222
0.415 0.812403 0.48136
0.416 0.575826 0.624728
0.417 0.338362 0.767706
0.418 0.101036 0.909674
0.419 -0.135125 1.05002
0.42 -0.369096 1.18812
0.421 -0.599859 1.32339
0.422 -0.826406 1.45523
0.423 -1.04775 1.58306
0.424 -1.26291 1.70633
0.425 -1.47094 1.82449
0.426 -1.67092 1.93702
0.427 -1.86196 2.04343
0.428 -2.04321 2.14324
0.429 -2.21384 2.236
0.43 -2.37309 2.32132
0.431 -2.52022 2.39879
0.432 -2.65456 2.46808
0.433 -2.77547 2.52887
0.434 -2.88239 2.58088
0.435 -2.97479 2.62387
0.436 -3.05223 2.65764
0.437 -3.11429 2.68204
0.438 -3.16066 2.69693
0.439 -3.19106 2.70224
0.44 -3.20529 2.69794
0.441 -3.20322 2.68403
0.442 -3.18478 2.66055
0.443 -3.14997 2.6276
0.444 -3.09887 2.58531
0.445 -3.03161 2.53384
0.446 -2.9484 2.47342
0.447 -2.84951 2.4043
0.448 -2.7353 2.32677
0.449 -2.60616 2.24116
0.45 -2.46257 2.14784
0.451 -2.30506 2.04722
0.452 -2.13422 1.93973
0.453 -1.95072 1.82584
0.454 -1.75525 1.70605
0.455 -1.54857 1.58089
0.456 -1.33151 1.45091
0.457 -1.1049 1.31669
0.458 -0.869667 1.17882
0.459 -0.626735 1.03793
0.46 -0.377084 0.89464
0.461 -0.121722 0.749606
0.462 0.138314 0.603482
0.463 0.401966 0.456934
0.464 0.668152 0.31063
0.465 0.93578 0.165245
0.466 1.20374 0.0214505
0.467 1.47093 -0.120086
0.468 1.73623 -0.258701
0.469 1.99853 -0.393742
0.47 2.25673 -0.52457
0.471 2.50974 -0.650557
0.472 2.75648 -0.771097
0.473 2.99591 -0.885601
0.474 3.22699 -0.993505
0.475 3.44874 -1.09427
0.476 3.66018 -1.18739
0.477 3.8604 -1.27237
0.478 4.04851 -1.34878
0.479 4.22367 -1.4162
0.48 4.3851 -1.47426
0.481 4.53207 -1.52261
0.482 4.66389 -1.56095
0.483 4.77996 -1.58904
0.484 4.8797 -1.60666
0.485 4.96263 -1.61365
0.486 5.02833 -1.60987
0.487 5.07643 -1.59525
0.488 5.10665 -1.56976
0.489 5.11878 -1.53342
0.49 5.11267 -1.48628
0.491 5.08825 -1.42847
0.492 5.04553 -1.36014
0.493 4.98459 -1.28149
0.494 4.90559 -1.19277
0.495 4.80874 -1.09429
0.496 4.69436 -0.986372
0.497 4.56282 -0.869411
0.498 4.41456 -0.743831
0.499 4.25009 -0.610098
0.5 4.07001 -0.468716
0.501 3.87495 -0.320229
0.502 3.66563 -0.165213
0.503 3.44282 -0.00427715
0.504 3.20735 0.161937
0.505 2.96009 0.332763
0.506 2.70199 0.507507
0.507 2.43402 0.685452
0.508 2.15721 0.865863
0.509 1.87262 1.04799
0.51 1.58135 1.23106
0.511 1.28452 1.4143
0.512 0.983295 1.59692
0.513 0.678848 1.77814
0.514 0.372373 1.95716
0.515 0.0650742 2.13319
0.516 -0.241835 2.30546
0.517 -0.54714 2.47318
0.518 -0.84963 2.63559
0.519 -1.1481 2.79194
0.52 -1.44136 2.94151
0.521 -1.72823 3.08358
0.522 -2.00756 3.21746
0.523 -2.27823 3.3425
0.524 -2.53915 3.45808
0.525 -2.78925 3.56358
0.526 -3.02752 3.65846
0.527 -3.25299 3.7422
0.528 -3.46474 3.8143
0.529 -3.6619 3.87433
0.53 -3.84365 3.92189
0.531 -4.00925 3.95664
0.532 -4.158 3.97828
0.533 -4.28928 3.98655
0.534 -4.40254 3.98125
0.535 -4.49729 3.96223
0.536 -4.57314 3.9294
0.537 -4.62973 3.88272
0.538 -4.66683 3.8222
0.539 -4.68424 3.7479
0.54 -4.68188 3.65995
0.541 -4.65972 3.55852
0.542 -4.61784 3.44385
0.543 -4.55636 3.3162
0.544 -4.47551 3.17593
0.545 -4.3756 3.02342
0.546 -4.25701 2.8591
0.547 -4.12019 2.68346
0.548 -3.96567 2.49703
0.549 -3.79406 2.3004
0.55 -3.60605 2.09418
0.551 -3.40236 1.87905
0.552 -3.18382 1.65569
0.553 -2.95131 1.42485
0.554 -2.70574 1.18731
0.555 -2.44812 0.943855
0.556 -2.17947 0.695328
0.557 -1.90091 0.442581
0.558 -1.61354 0.186489
0.559 -1.31855 -0.0720521
0.56 -1.01714 -0.332134
0.561 -0.710546 -0.592838
0.562 -0.400027 -0.853234
0.563 -0.0868629 -1.11239
0.564 0.227653 -1.36938
0.565 0.542217 -1.62327
0.566 0.855522 -1.87314
0.567 1.16626 -2.11807
0.568 1.47314 -2.35717
0.569 1.77486 -2.58957
0.57 2.07016 -2.8144
0.571 2.3578 -3.03082
0.572 2.63654 -3.23804
0.573 2.9052 -3.43527
0.574 3.16262 -3.62178
0.575 3.40771 -3.79686
0.576 3.63939 -3.95985
0.577 3.85666 -4.11013
0.578 4.05856 -4.24713
0.579 4.24419 -4.37032
0.58 4.41272 -4.47922
0.581 4.56337 -4.57341
0.582 4.69546 -4.65252
0.583 4.80836 -4.71623
0.584 4.90151 -4.76429
0.585 4.97445 -4.79649
0.586 5.02679 -4.8127
0.587 5.05821 -4.81284
0.588 5.0685 -4.79689
0.589 5.0575 -4.76489
0.59 5.02517 -4.71694
0.591 4.97153 -4.65321
0.592 4.89669 -4.57391
0.593 4.80087 -4.47933
0.594 4.68434 -4.36982
0.595 4.54747 -4.24576
0.596 4.39072 -4.10762
0.597 4.21462 -3.95591
0.598 4.01979 -3.79118
0.599 3.8069 -3.61405
0.6 3.57673 -3.42517
0.601 3.33012 -3.22527
0.602 3.06796 -3.01508
0.603 2.79122 -2.7954
0.604 2.50093 -2.56706
0.605 2.19818 -2.33091
0.606 1.88411 -2.08786
0.607 1.5599 -1.83883
0.608 1.22679 -1.58476
0.609 0.886047 -1.32662
0.61 0.53897 -1.0654
0.611 0.186894 -0.802095
0.612 -0.168825 -0.53771
0.613 -0.526814 -0.273259
0.614 -0.885687 -0.00975905
0.615 -1.24405 0.251778
0.616 -1.60051 0.510345
0.617 -1.95368 0.764945
0.618 -2.30217 1.0146
0.619 -2.64462 1.25833
0.62 -2.97969 1.49521
0.621 -3.30605 1.72431
0.622 -3.62243 1.94474
0.623 -3.92757 2.15564
0.624 -4.22026 2.3562
0.625 -4.49934 2.54563
0.626 -4.76371 2.72318
0.627 -5.01231 2.88817
0.628 -5.24415 3.03994
0.629 -5.45829 3.1779
0.63 -5.65388 3.30149
0.631 -5.83013 3.41023
0.632 -5.98633 3.50368
0.633 -6.12183 3.58147
0.634 -6.2361 3.64327
0.635 -6.32865 3.68885
0.636 -6.3991 3.71799
0.637 -6.44715 3.73059
0.638 -6.47259 3.72656
0.639 -6.4753 3.7059
0.64 -6.45525 3.66869
0.641 -6.41249 3.61505
0.642 -6.34717 3.54516
0.643 -6.25954 3.45929
0.644 -6.14991 3.35775
0.645 -6.0187 3.2409
0.646 -5.86642 3.1092
0.647 -5.69363 2.96313
0.648 -5.50102 2.80324
0.649 -5.28933 2.63013
0.65 -5.05937 2.44446
0.651 -4.81205 2.24693
0.652 -4.54833 2.0383
0.653 -4.26923 1.81934
0.654 -3.97585 1.5909
0.655 -3.66935 1.35385
0.656 -3.35091 1.10908
0.657 -3.02181 0.857541
0.658 -2.68332 0.600183
0.659 -2.33679 0.337991
0.66 -1.98357 0.0719678
0.661 -1.62507 -0.19687
0.662 -1.2627 -0.467493
0.663 -0.897883 -0.738867
0.664 -0.53207 -1.00995
0.665 -0.166705 -1.27971
0.666 0.196766 -1.54711
0.667 0.556905 -1.81113
0.668 0.912286 -2.07076
0.669 1.2615 -2.325
0.67 1.60317 -2.57288
0.671 1.93593 -2.81346
0.672 2.25847 -3.04581
0.673 2.56951 -3.26905
0.674 2.86782 -3.48231
0.675 3.15222 -3.6848
0.676 3.42158 -3.87574
0.677 3.67483 -4.0544
0.678 3.91097 -4.2201
0.679 4.12908 -4.37221
0.68 4.32828 -4.51017
0.681 4.5078 -4.63344
0.682 4.66692 -4.74156
0.683 4.80503 -4.83413
0.684 4.92158 -4.91081
0.685 5.01612 -4.9713
0.686 5.0883 -5.0154
0.687 5.13783 -5.04294
0.688 5.16453 -5.05384
0.689 5.16831 -5.04806
0.69 5.14918 -5.02565
0.691 5.10724 -4.9867
0.692 5.04266 -4.93138
0.693 4.95574 -4.85991
0.694 4.84683 -4.7726
0.695 4.7164 -4.66978
0.696 4.56501 -4.55188
0.697 4.39327 -4.41936
0.698 4.20191 -4.27274
0.699 3.99172 -4.11261
0.7 3.76357 -3.93959
0.701 3.51842 -3.75437
0.702 3.25726 -3.55768
0.703 2.9812 -3.35027
0.704 2.69136 -3.13296
0.705 2.38895 -2.9066
0.706 2.07521 -2.67206
0.707 1.75145 -2.43025
0.708 1.41901 -2.18212
0.709 1.07925 -1.92862
0.71 0.733592 -1.67072
0.711 0.383458 -1.40942
0.712 0.0303 -1.14572
0.713 -0.324418 -0.880626
0.714 -0.679225 -0.615156
0.715 -1.03265 -0.350318
0.716 -1.38322 -0.0871183
0.717 -1.72948 0.173448
0.718 -2.06999 0.430399
0.719 -2.40333 0.682768
0.72 -2.72811 0.929612
0.721 -3.04298 1.17001
0.722 -3.3466 1.40308
0.723 -3.63772 1.62795
0.724 -3.9151 1.8438
0.725 -4.17757 2.04985
0.726 -4.42404 2.24536
0.727 -4.65344 2.42963
0.728 -4.86481 2.60201
0.729 -5.05723 2.7619
0.73 -5.22989 2.90875
0.731 -5.38202 3.04207
0.732 -5.51297 3.16142
0.733 -5.62216 3.26642
0.734 -5.70908 3.35676
0.735 -5.77333 3.43218
0.736 -5.81462 3.49248
0.737 -5.8327 3.53753
0.738 -5.82747 3.56726
0.739 -5.79888 3.58166
0.74 -5.74701 3.58078
0.741 -5.67201 3.56475
0.742 -5.57414 3.53374
0.743 -5.45373 3.48799
0.744 -5.31124 3.42782
0.745 -5.14718 3.35357
0.746 -4.96217 3.26567
0.747 -4.7569 3.16459
0.748 -4.53218 3.05085
0.749 -4.28885 2.92504
0.75 -4.02785 2.78777
0.751 -3.7502 2.63974
0.752 -3.45698 2.48164
0.753 -3.14932 2.31424
0.754 -2.82844 2.13832
0.755 -2.49558 1.95473
0.756 -2.15207 1.76431
0.757 -1.79924 1.56794
0.758 -1.43849 1.36654
0.759 -1.07123 1.16104
0.76 -0.698932 0.952364
0.761 -0.323054 0.741477
0.762 0.054915 0.529336
0.763 0.433476 0.316906
0.764 0.81113 0.105148
0.765 1.18638 -0.104977
0.766 1.55773 -0.312522
0.767 1.92372 -0.516547
0.768 2.28288 -0.716132
0.769 2.6338 -0.910378
0.77 2.97507 -1.09841
0.771 3.30534 -1.27937
0.772 3.6233 -1.45245
0.773 3.92768 -1.61687
0.774 4.21728 -1.77187
0.775 4.49095 -1.91676
0.776 4.74759 -2.05088
0.777 4.9862 -2.1736
0.778 5.20582 -2.28438
0.779 5.4056 -2.3827
0.78 5.58473 -2.46809
0.781 5.74252 -2.54015
0.782 5.87835 -2.59855
0.783 5.99168 -2.64299
0.784 6.08209 -2.67324
0.785 6.14921 -2.68914
0.786 6.1928 -2.69059
0.787 6.21271 -2.67755
0.788 6.20886 -2.65003
0.789 6.18131 -2.60812
0.79 6.13018 -2.55196
0.791 6.0557 -2.48175
0.792 5.95819 -2.39777
0.793 5.83807 -2.30035
0.794 5.69586 -2.18985
0.795 5.53214 -2.06673
0.796 5.34761 -1.93149
0.797 5.14303 -1.78466
0.798 4.91927 -1.62684
0.799 4.67726 -1.45869
0.8 4.41799 -1.28089
0.801 4.14256 -1.09418
0.802 3.8521 -0.899329
0.803 3.54782 -0.697147
0.804 3.23098 -0.488476
0.805 2.90291 -0.274188
0.806 2.56495 -0.055178
0.807 2.21851 0.167634
0.808 1.86503 0.393312
0.809 1.50598 0.620904
0.81 1.14284 0.849451
0.811 0.777117 1.07798
0.812 0.410338 1.30554
0.813 0.0440234 1.53114
0.814 -0.320306 1.75383
0.815 -0.681133 1.97265
0.816 -1.03696 2.18668
0.817 -1.3863 2.39499
0.818 -1.7277 2.59668
0.819 -2.05974 2.79089
0.82 -2.38103 2.97676
0.821 -2.69022 3.1535
0.822 -2.98603 3.32032
0.823 -3.2672 3.4765
0.824 -3.53257 3.62134
0.825 -3.78101 3.75419
0.826 -4.01147 3.87447
0.827 -4.22299 3.98163
0.828 -4.41466 4.07517
0.829 -4.58566 4.15465
0.83 -4.73527 4.21971
0.831 -4.86283 4.27002
0.832 -4.96779 4.30532
0.833 -5.04969 4.32541
0.834 -5.10816 4.33017
0.835 -5.14292 4.31951
0.836 -5.15381 4.29344
0.837 -5.14074 4.25201
0.838 -5.10374 4.19534
0.839 -5.04292 4.12362
0.84 -4.9585 4.0371
0.841 -4.8508 3.93608
0.842 -4.72022 3.82095
0.843 -4.56728 3.69211
0.844 -4.39257 3.55008
0.845 -4.19677 3.39539
0.846 -3.98068 3.22864
0.847 -3.74514 3.05048
0.848 -3.49109 2.86161
0.849 -3.21956 2.66277
0.85 -2.93164 2.45476
0.851 -2.62848 2.23839
0.852 -2.31132 2.01455
0.853 -1.98144 1.78412
0.854 -1.64017 1.54803
0.855 -1.28891 1.30724
0.856 -0.929076 1.06272
0.857 -0.562146 0.815473
0.858 -0.189618 0.566496
0.859 0.186985 0.31681
0.86 0.566119 0.0674379
0.861 0.946225 -0.180595
0.862 1.32574 -0.426266
0.863 1.7031 -0.668562
0.864 2.07675 -0.906479
0.865 2.44514 -1.13903
0.866 2.80675 -1.36524
0.867 3.16007 -1.58417
0.868 3.50363 -1.7949
0.869 3.83599 -1.99654
0.87 4.15578 -2.18825
0.871 4.46164 -2.3692
0.872 4.75228 -2.53863
0.873 5.02648 -2.69581
0.874 5.28307 -2.84006
0.875 5.52096 -2.97076
0.876 5.73913 -3.08733
0.877 5.93662 -3.18925
0.878 6.11259 -3.27608
0.879 6.26625 -3.34741
0.88 6.39692 -3.40291
0.881 6.504 -3.44231
0.882 6.58699 -3.4654
0.883 6.64549 -3.47204
0.884 6.67919 -3.46217
0.885 6.68787 -3.43578
0.886 6.67145 -3.39293
0.887 6.6299 -3.33376
0.888 6.56332 -3.25846
0.889 6.47192 -3.1673
0.89 6.35598 -3.06061
0.891 6.2159 -2.93879
0.892 6.05217 -2.80229
0.893 5.8654 -2.65164
0.894 5.65624 -2.48742
0.895 5.42549 -2.31027
0.896 5.17399 -2.12087
0.897 4.90271 -1.91997
0.898 4.61265 -1.70838
0.899 4.30493 -1.48692
0.9 3.98072 -1.25649
0.901 3.64126 -1.018
0.902 3.28786 -0.772423
0.903 2.92189 -0.520746
0.904 2.54475 -0.26399
0.905 2.15792 -0.00319982
0.906 1.76288 0.260558
0.907 1.36119 0.526204
0.908 0.954398 0.792643
0.909 0.544103 1.05878
0.91 0.131905 1.3235
0.911 -0.280583 1.58571
0.912 -0.691745 1.84431
0.913 -1.09997 2.09822
0.914 -1.50365 2.34637
0.915 -1.90121 2.5877
0.916 -2.29107 2.82118
0.917 -2.67172 3.04582
0.918 -3.04164 3.26064
0.919 -3.39939 3.46472
0.92 -3.74355 3.65715
0.921 -4.07276 3.83708
0.922 -4.38574 4.00372
0.923 -4.68124 4.1563
0.924 -4.95811 4.29412
0.925 -5.21525 4.41653
0.926 -5.45165 4.52296
0.927 -5.66638 4.61286
0.928 -5.85859 4.68578
0.929 -6.02753 4.74133
0.93 -6.17253 4.77916
0.931 -6.29304 4.79902
0.932 -6.38858 4.80072
0.933 -6.45878 4.78413
0.934 -6.50338 4.7492
0.935 -6.5222 4.69596
0.936 -6.51519 4.6245
0.937 -6.48239 4.53499
0.938 -6.42394 4.42765
0.939 -6.34009 4.30281
0.94 -6.23118 4.16083
0.941 -6.09768 4.00216
0.942 -5.94012 3.82731
0.943 -5.75915 3.63685
0.944 -5.55552 3.43143
0.945 -5.33005 3.21174
0.946 -5.08366 2.97854
0.947 -4.81736 2.73263
0.948 -4.53224 2.47488
0.949 -4.22945 2.2062
0.95 -3.91022 1.92754
0.951 -3.57586 1.6399
0.952 -3.22772 1.34431
0.953 -2.86723 1.04184
0.954 -2.49584 0.733584
0.955 -2.11507 0.420659
0.956 -1.72647 0.10421
0.957 -1.33163 -0.214608
0.958 -0.932139 -0.534625
0.959 -0.52964 -0.854665
0.96 -0.125771 -1.17355
0.961 0.277823 -1.4901
0.962 0.679493 -1.80315
0.963 1.0776 -2.11154
0.964 1.47052 -2.41412
0.965 1.85664 -2.70978
0.966 2.23438 -2.99741
0.967 2.60219 -3.27595
0.968 2.95857 -3.54436
0.969 3.30206 -3.80164
0.97 3.63123 -4.04684
0.971 3.94473 -4.27904
0.972 4.24128 -4.49738
0.973 4.51963 -4.70104
0.974 4.77865 -4.88928
0.975 5.01725 -5.06138
0.976 5.23443 -5.21673
0.977 5.42929 -5.35473
0.978 5.601 -5.47488
0.979 5.74884 -5.57675
0.98 5.87217 -5.65997
0.981 5.97047 -5.72422
0.982 6.04328 -5.7693
0.983 6.09028 -5.79503
0.984 6.11125 -5.80136
0.985 6.10605 -5.78825
0.986 6.07466 -5.7558
0.987 6.01718 -5.70414
0.988 5.93379 -5.63348
0.989 5.82479 -5.54412
0.99 5.69057 -5.43642
0.991 5.53163 -5.3108
0.992 5.34856 -5.16777
0.993 5.14208 -5.0079
0.994 4.91296 -4.83182
0.995 4.66208 -4.64021
0.996 4.39042 -4.43383
0.997 4.09902 -4.2135
0.998 3.78902 -3.98006
0.999 3.46163 -3.73444
1 3.11813 -3.4776
