0.001 3.40906e-008 2.52599e-009
0.002 3.10458e-007 2.02892e-008
0.003 1.46383e-006 8.42123e-008
0.004 4.84962e-006 2.47197e-007
0.005 1.28347e-005 5.86604e-007
0.006 2.90782e-005 1.20841e-006
0.007 5.88e-005 2.25348e-006
0.008 0.000109034 3.90641e-006
0.009 0.000188862 6.40726e-006
0.01 0.000309635 1.00666e-005
0.011 0.000485162 1.52842e-005
0.012 0.000731882 2.25713e-005
0.013 0.00106901 3.25775e-005
0.014 0.00151866 4.61216e-005
0.015 0.00210593 6.42267e-005
0.016 0.00285894 8.81597e-005
0.017 0.00380891 0.000119476
0.018 0.0049901 0.000160069
0.019 0.00643982 0.000212219
0.02 0.00819834 0.000278657
0.021 0.0103088 0.00036262
0.022 0.012817 0.000467918
0.023 0.0157714 0.000599002
0.024 0.0192227 0.000761034
0.025 0.0232238 0.000959964
0.026 0.0278295 0.0012026
0.027 0.0330961 0.00149668
0.028 0.0390811 0.00185098
0.029 0.0458431 0.00227534
0.03 0.053441 0.00278078
0.031 0.0619339 0.00337958
0.032 0.0713808 0.0040853
0.033 0.0818398 0.00491294
0.034 0.093368 0.00587891
0.035 0.106021 0.00700117
0.036 0.119851 0.00829923
0.037 0.13491 0.00979424
0.038 0.151245 0.011509
0.039 0.168901 0.0134681
0.04 0.187918 0.0156977
0.041 0.20833 0.0182258
0.042 0.23017 0.0210822
0.043 0.253463 0.0242985
0.044 0.278227 0.0279077
0.045 0.304476 0.031945
0.046 0.332217 0.0364468
0.047 0.36145 0.0414515
0.048 0.392166 0.0469987
0.049 0.42435 0.0531297
0.05 0.457978 0.0598871
0.051 0.493019 0.0673146
0.052 0.529432 0.0754571
0.053 0.567169 0.0843607
0.054 0.606171 0.0940719
0.055 0.646373 0.104638
0.056 0.6877 0.116107
0.057 0.730067 0.128526
0.058 0.773381 0.141945
0.059 0.81754 0.15641
0.06 0.862436 0.171968
0.061 0.907949 0.188667
0.062 0.953952 0.206552
0.063 1.00031 0.225668
0.064 1.04689 0.246056
0.065 1.09353 0.267758
0.066 1.14009 0.290813
0.067 1.18639 0.315256
0.068 1.23229 0.341121
0.069 1.27759 0.368438
0.07 1.32214 0.397235
0.071 1.36574 0.427533
0.072 1.40823 0.459351
0.073 1.44942 0.492704
0.074 1.48911 0.527602
0.075 1.52714 0.564049
0.076 1.56331 0.602043
0.077 1.59744 0.64158
0.078 1.62935 0.682645
0.079 1.65886 0.725221
0.08 1.68581 0.769283
0.081 1.71002 0.814798
0.082 1.73133 0.861728
0.083 1.74959 0.910027
0.084 1.76464 0.959643
0.085 1.77636 1.01051
0.086 1.78461 1.06257
0.087 1.78926 1.11575
0.088 1.79022 1.16995
0.089 1.78739 1.22509
0.09 1.78068 1.28107
0.091 1.77002 1.33779
0.092 1.75536 1.39512
0.093 1.73666 1.45296
0.094 1.71388 1.51117
0.095 1.68703 1.56962
0.096 1.6561 1.62816
0.097 1.62112 1.68665
0.098 1.58212 1.74493
0.099 1.53917 1.80284
0.1 1.49233 1.86022
0.101 1.4417 1.91689
0.102 1.38738 1.97267
0.103 1.32949 2.02739
0.104 1.26819 2.08086
0.105 1.20362 2.13289
0.106 1.13596 2.1833
0.107 1.06541 2.23188
0.108 0.992174 2.27846
0.109 0.916467 2.32282
0.11 0.838529 2.36479
0.111 0.758611 2.40416
0.112 0.676975 2.44074
0.113 0.593895 2.47434
0.114 0.50966 2.50478
0.115 0.424564 2.53187
0.116 0.338914 2.55543
0.117 0.253022 2.57529
0.118 0.16721 2.59128
0.119 0.0818027 2.60324
0.12 -0.0028698 2.61101
0.121 -0.0864743 2.61446
0.122 -0.168676 2.61345
0.123 -0.24914 2.60784
0.124 -0.327534 2.59753
0.125 -0.403525 2.58241
0.126 -0.476787 2.56239
0.127 -0.546999 2.5374
0.128 -0.613847 2.50736
0.129 -0.677024 2.47222
0.13 -0.736234 2.43195
0.131 -0.791194 2.38653
0.132 -0.841631 2.33595
0.133 -0.887288 2.28022
0.134 -0.927922 2.21936
0.135 -0.963308 2.15342
0.136 -0.993237 2.08246
0.137 -1.01752 2.00655
0.138 -1.036 1.92579
0.139 -1.04851 1.84029
0.14 -1.05494 1.75018
0.141 -1.05518 1.6556
0.142 -1.04916 1.55672
0.143 -1.03682 1.45371
0.144 -1.01814 1.34678
0.145 -0.99311 1.23615
0.146 -0.96176 1.12202
0.147 -0.92414 1.00467
0.148 -0.880326 0.884332
0.149 -0.830423 0.761298
0.15 -0.774562 0.635852
0.151 -0.712901 0.508297
0.152 -0.645625 0.378948
0.153 -0.572944 0.24813
0.154 -0.495094 0.11618
0.155 -0.412336 -0.0165544
0.156 -0.324954 -0.149719
0.157 -0.233259 -0.28295
0.158 -0.13758 -0.415879
0.159 -0.038271 -0.54813
0.16 0.0642954 -0.679326
0.161 0.169727 -0.809083
0.162 0.277614 -0.93702
0.163 0.387531 -1.06275
0.164 0.499036 -1.1859
0.165 0.611675 -1.30608
0.166 0.724983 -1.42291
0.167 0.838485 -1.53603
0.168 0.951698 -1.64507
0.169 1.06413 -1.74967
0.17 1.17529 -1.84949
0.171 1.28469 -1.94419
0.172 1.39182 -2.03343
0.173 1.49619 -2.11693
0.174 1.59732 -2.19436
0.175 1.69472 -2.26546
0.176 1.78791 -2.32995
0.177 1.87643 -2.3876
0.178 1.95983 -2.43817
0.179 2.03767 -2.48146
0.18 2.10951 -2.51729
0.181 2.17497 -2.54549
0.182 2.23365 -2.56591
0.183 2.28519 -2.57846
0.184 2.32925 -2.58303
0.185 2.36551 -2.57957
0.186 2.3937 -2.56803
0.187 2.41354 -2.54839
0.188 2.4248 -2.52069
0.189 2.4273 -2.48495
0.19 2.42086 -2.44126
0.191 2.40535 -2.38969
0.192 2.38067 -2.33039
0.193 2.34675 -2.2635
0.194 2.30357 -2.1892
0.195 2.25112 -2.1077
0.196 2.18947 -2.01923
0.197 2.11868 -1.92404
0.198 2.03887 -1.82244
0.199 1.9502 -1.71471
0.2 1.85286 -1.6012
0.201 1.74708 -1.48227
0.202 1.63311 -1.35829
0.203 1.51126 -1.22965
0.204 1.38185 -1.09679
0.205 1.24525 -0.960133
0.206 1.10187 -0.820137
0.207 0.952119 -0.677272
0.208 0.796466 -0.532023
0.209 0.635394 -0.384887
0.21 0.469416 -0.236373
0.211 0.299068 -0.0869963
0.212 0.124911 0.0627167
0.213 -0.0524771 0.212236
0.214 -0.232496 0.361026
0.215 -0.41453 0.50855
0.216 -0.59795 0.654273
0.217 -0.782114 0.797657
0.218 -0.966374 0.938173
0.219 -1.15007 1.07529
0.22 -1.33254 1.2085
0.221 -1.51312 1.33728
0.222 -1.69116 1.46115
0.223 -1.86598 1.57961
0.224 -2.03694 1.69219
0.225 -2.2034 1.79845
0.226 -2.36472 1.89795
0.227 -2.52028 1.99027
0.228 -2.66948 2.07502
0.229 -2.81174 2.15185
0.23 -2.9465 2.22039
0.231 -3.07323 2.28034
0.232 -3.1914 2.3314
0.233 -3.30055 2.37333
0.234 -3.40021 2.40588
0.235 -3.48997 2.42886
0.236 -3.56946 2.4421
0.237 -3.63831 2.44547
0.238 -3.69622 2.43888
0.239 -3.74293 2.42225
0.24 -3.7782 2.39556
0.241 -3.80184 2.35881
0.242 -3.81373 2.31204
0.243 -3.81375 2.25533
0.244 -3.80185 2.1888
0.245 -3.77803 2.11258
0.246 -3.74232 2.02686
0.247 -3.69482 1.93186
0.248 -3.63563 1.82783
0.249 -3.56495 1.71506
0.25 -3.483 1.59385
0.251 -3.39003 1.46456
0.252 -3.28636 1.32757
0.253 -3.17234 1.18329
0.254 -3.04837 1.03215
0.255 -2.91488 0.874611
0.256 -2.77235 0.711168
0.257 -2.62129 0.542331
0.258 -2.46225 0.368632
0.259 -2.29581 0.190626
0.26 -2.12258 0.00888275
0.261 -1.94321 -0.176009
0.262 -1.75838 -0.363448
0.263 -1.56877 -0.552821
0.264 -1.3751 -0.743504
0.265 -1.17811 -0.934867
0.266 -0.978557 -1.12627
0.267 -0.777205 -1.31708
0.268 -0.574832 -1.50666
0.269 -0.372224 -1.69436
0.27 -0.17017 -1.87955
0.271 0.0305373 -2.06161
0.272 0.229109 -2.23991
0.273 0.424761 -2.41385
0.274 0.616715 -2.58283
0.275 0.804206 -2.74627
0.276 0.986483 -2.9036
0.277 1.16281 -3.05429
0.278 1.33248 -3.19781
0.279 1.4948 -3.33366
0.28 1.6491 -3.46138
0.281 1.79475 -3.58051
0.282 1.93115 -3.69064
0.283 2.05772 -3.79139
0.284 2.17394 -3.8824
0.285 2.27932 -3.96335
0.286 2.37339 -4.03395
0.287 2.45576 -4.09397
0.288 2.52606 -4.14318
0.289 2.58397 -4.18141
0.29 2.62923 -4.20852
0.291 2.66161 -4.22443
0.292 2.68094 -4.22906
0.293 2.68712 -4.22241
0.294 2.68007 -4.20449
0.295 2.65979 -4.17537
0.296 2.62632 -4.13515
0.297 2.57975 -4.08396
0.298 2.52023 -4.02201
0.299 2.44796 -3.94949
0.3 2.36319 -3.86667
0.301 2.26623 -3.77384
0.302 2.15744 -3.67133
0.303 2.03721 -3.5595
0.304 1.906 -3.43875
0.305 1.76431 -3.30951
0.306 1.61267 -3.17223
0.307 1.45168 -3.02741
0.308 1.28196 -2.87555
0.309 1.10416 -2.7172
0.31 0.918997 -2.55291
0.311 0.727191 -2.38327
0.312 0.529505 -2.20888
0.313 0.326727 -2.03034
0.314 0.119668 -1.8483
0.315 -0.0908402 -1.6634
0.316 -0.303947 -1.47627
0.317 -0.518789 -1.28759
0.318 -0.734491 -1.098
0.319 -0.950173 -0.908185
0.32 -1.16495 -0.718791
0.321 -1.37793 -0.530479
0.322 -1.58824 -0.343903
0.323 -1.795 -0.159704
0.324 -1.99735 0.0214831
0.325 -2.19444 0.199041
0.326 -2.38543 0.372366
0.327 -2.56952 0.540872
0.328 -2.74591 0.703995
0.329 -2.91385 0.861193
0.33 -3.07261 1.01195
0.331 -3.22149 1.15577
0.332 -3.35984 1.29219
0.333 -3.48704 1.42078
0.334 -3.60251 1.54114
0.335 -3.70573 1.6529
0.336 -3.79621 1.75573
0.337 -3.87352 1.84933
0.338 -3.93727 1.93344
0.339 -3.98713 2.00784
0.34 -4.02283 2.07235
0.341 -4.04415 2.12683
0.342 -4.05093 2.17117
0.343 -4.04306 2.2053
0.344 -4.02049 2.22922
0.345 -3.98324 2.24293
0.346 -3.93138 2.2465
0.347 -3.86503 2.24002
0.348 -3.7844 2.22364
0.349 -3.68972 2.19754
0.35 -3.5813 2.16193
0.351 -3.45949 2.11706
0.352 -3.32472 2.06323
0.353 -3.17745 2.00076
0.354 -3.0182 1.93002
0.355 -2.84754 1.85139
0.356 -2.66609 1.7653
0.357 -2.47451 1.6722
0.358 -2.2735 1.57257
0.359 -2.06382 1.46691
0.36 -1.84624 1.35575
0.361 -1.62158 1.23964
0.362 -1.39069 1.11913
0.363 -1.15443 0.994823
0.364 -0.913716 0.867303
0.365 -0.669459 0.73718
0.366 -0.422595 0.605069
0.367 -0.174073 0.471592
0.368 0.0751505 0.337375
0.369 0.324111 0.203043
0.37 0.571846 0.0692219
0.371 0.817393 -0.0634675
0.372 1.0598 -0.194411
0.373 1.29811 -0.323005
0.374 1.53141 -0.448656
0.375 1.75878 -0.570784
0.376 1.97932 -0.688829
0.377 2.19218 -0.802247
0.378 2.39652 -0.910516
0.379 2.59153 -1.01314
0.38 2.77645 -1.10964
0.381 2.95055 -1.19958
0.382 3.11315 -1.28253
0.383 3.2636 -1.35812
0.384 3.40132 -1.42599
0.385 3.52576 -1.48583
0.386 3.63643 -1.53734
0.387 3.73291 -1.58029
0.388 3.81481 -1.61446
0.389 3.88181 -1.63969
0.39 3.93367 -1.65585
0.391 3.97018 -1.66284
0.392 3.99121 -1.66061
0.393 3.99669 -1.64915
0.394 3.98662 -1.6285
0.395 3.96104 -1.59872
0.396 3.92009 -1.55993
0.397 3.86394 -1.51227
0.398 3.79284 -1.45593
0.399 3.7071 -1.39115
0.4 3.6071 -1.31818
0.401 3.49325 -1.23732
0.402 3.36605 -1.14892
0.403 3.22603 -1.05333
0.404 3.07381 -0.950968
0.405 2.91001 -0.842253
0.406 2.73535 -0.727646
0.407 2.55056 -0.607633
0.408 2.35644 -0.482724
0.409 2.1538 -0.353451
0.41 1.94352 -0.220364
0.411 1.72649 -0.0840326
0.412 1.50364 0.054959
0.413 1.27593 0.196014
0.414 1.04432 0.338527
0.415 0.809825 0.481882
0.416 0.573438 0.625462
0.417 0.336183 0.768646
0.418 0.0990852 0.910813
0.419 -0.13683 1.05135
0.42 -0.370539 1.18963
0.421 -0.601025 1.32508
0.422 -0.827282 1.45708
0.423 -1.04832 1.58506
0.424 -1.26317 1.70848
0.425 -1.47087 1.82677
0.426 -1.67052 1.93942
0.427 -1.86122 2.04593
0.428 -2.04212 2.14584
0.429 -2.21241 2.23869
0.43 -2.37131 2.32407
0.431 -2.51809 2.4016
0.432 -2.65207 2.47094
0.433 -2.77264 2.53176
0.434 -2.87921 2.5838
0.435 -2.97128 2.6268
0.436 -3.04839 2.66057
0.437 -3.11013 2.68495
0.438 -3.15619 2.69982
0.439 -3.1863 2.7051
0.44 -3.20025 2.70076
0.441 -3.19792 2.68679
0.442 -3.17923 2.66326
0.443 -3.1442 2.63023
0.444 -3.09288 2.58786
0.445 -3.02544 2.53632
0.446 -2.94206 2.47581
0.447 -2.84304 2.40659
0.448 -2.72871 2.32896
0.449 -2.59948 2.24326
0.45 -2.45583 2.14983
0.451 -2.29828 2.04911
0.452 -2.12744 1.94151
0.453 -1.94395 1.82751
0.454 -1.74853 1.70762
0.455 -1.54193 1.58235
0.456 -1.32497 1.45227
0.457 -1.0985 1.31795
0.458 -0.863422 1.17999
0.459 -0.620679 1.03901
0.46 -0.371245 0.895636
0.461 -0.116127 0.750524
0.462 0.143639 0.604328
0.463 0.406994 0.457714
0.464 0.67286 0.311353
0.465 0.940142 0.165918
0.466 1.20774 0.0220826
0.467 1.47454 -0.119486
0.468 1.73943 -0.258124
0.469 2.0013 -0.393179
0.47 2.25905 -0.524011
0.471 2.5116 -0.649993
0.472 2.75787 -0.770517
0.473 2.99681 -0.884997
0.474 3.2274 -0.992867
0.475 3.44863 -1.09359
0.476 3.65956 -1.18665
0.477 3.85926 -1.27158
0.478 4.04685 -1.34792
0.479 4.2215 -1.41526
0.48 4.38241 -1.47323
0.481 4.52886 -1.52149
0.482 4.66017 -1.55974
0.483 4.77573 -1.58772
0.484 4.87499 -1.60523
0.485 4.95744 -1.6121
0.486 5.02267 -1.60821
0.487 5.07032 -1.59347
0.488 5.10011 -1.56786
0.489 5.11183 -1.5314
0.49 5.10533 -1.48415
0.491 5.08055 -1.42622
0.492 5.03749 -1.35777
0.493 4.97623 -1.279
0.494 4.89694 -1.19018
0.495 4.79984 -1.09159
0.496 4.68523 -0.98358
0.497 4.5535 -0.866531
0.498 4.40508 -0.740871
0.499 4.24049 -0.607068
0.5 4.06031 -0.465627
0.501 3.8652 -0.317093
0.502 3.65586 -0.162042
0.503 3.43307 -0.00108478
0.504 3.19765 0.165137
0.505 2.95048 0.335954
0.506 2.69251 0.510673
0.507 2.4247 0.688577
0.508 2.14809 0.86893
0.509 1.86373 1.05098
0.51 1.57273 1.23395
0.511 1.27621 1.41708
0.512 0.975318 1.59957
0.513 0.671239 1.78064
0.514 0.365162 1.95949
0.515 0.0582916 2.13533
0.516 -0.248162 2.30738
0.517 -0.552986 2.47487
0.518 -0.85497 2.63704
0.519 -1.15291 2.79312
0.52 -1.44562 2.9424
0.521 -1.73193 3.08416
0.522 -2.01068 3.21772
0.523 -2.28075 3.34242
0.524 -2.54106 3.45764
0.525 -2.79054 3.56277
0.526 -3.02819 3.65726
0.527 -3.25304 3.74059
0.528 -3.46416 3.81228
0.529 -3.66069 3.87188
0.53 -3.84182 3.91901
0.531 -4.0068 3.95332
0.532 -4.15494 3.9745
0.533 -4.28563 3.98231
0.534 -4.3983 3.97654
0.535 -4.49249 3.95706
0.536 -4.56779 3.92376
0.537 -4.62386 3.87661
0.538 -4.66045 3.81562
0.539 -4.6774 3.74086
0.54 -4.67459 3.65245
0.541 -4.65202 3.55057
0.542 -4.60974 3.43545
0.543 -4.54792 3.30738
0.544 -4.46676 3.16668
0.545 -4.36657 3.01376
0.546 -4.24774 2.84905
0.547 -4.11073 2.67304
0.548 -3.95606 2.48625
0.549 -3.78434 2.28929
0.55 -3.59626 2.08276
0.551 -3.39255 1.86733
0.552 -3.17404 1.6437
0.553 -2.94158 1.41263
0.554 -2.69613 1.17487
0.555 -2.43867 0.931233
0.556 -2.17023 0.682553
0.557 -1.89191 0.429682
0.558 -1.60484 0.173499
0.559 -1.31018 -0.0851009
0.56 -1.00915 -0.345209
0.561 -0.702976 -0.605904
0.562 -0.392918 -0.866257
0.563 -0.0802528 -1.12534
0.564 0.233727 -1.38221
0.565 0.547719 -1.63595
0.566 0.860419 -1.88564
0.567 1.17052 -2.13035
0.568 1.47673 -2.3692
0.569 1.77776 -2.60131
0.57 2.07235 -2.82582
0.571 2.35924 -3.04189
0.572 2.63722 -3.24871
0.573 2.90511 -3.44553
0.574 3.16175 -3.63159
0.575 3.40604 -3.80619
0.576 3.63692 -3.96867
0.577 3.85338 -4.11842
0.578 4.05446 -4.25486
0.579 4.23928 -4.37746
0.58 4.407 -4.48576
0.581 4.55686 -4.57932
0.582 4.68816 -4.65779
0.583 4.80029 -4.72084
0.584 4.89269 -4.76822
0.585 4.96489 -4.79974
0.586 5.01652 -4.81525
0.587 5.04726 -4.81468
0.588 5.05689 -4.79802
0.589 5.04527 -4.7653
0.59 5.01234 -4.71664
0.591 4.95815 -4.65219
0.592 4.88281 -4.57218
0.593 4.78651 -4.4769
0.594 4.66955 -4.36669
0.595 4.5323 -4.24195
0.596 4.37522 -4.10313
0.597 4.19883 -3.95076
0.598 4.00376 -3.78539
0.599 3.79069 -3.60764
0.6 3.56039 -3.41817
0.601 3.31369 -3.2177
0.602 3.05151 -3.00696
0.603 2.7748 -2.78677
0.604 2.48459 -2.55794
0.605 2.18198 -2.32134
0.606 1.8681 -2.07787
0.607 1.54414 -1.82845
0.608 1.21133 -1.57403
0.609 0.870941 -1.31558
0.61 0.524269 -1.05409
0.611 0.172647 -0.790549
0.612 -0.182568 -0.525973
0.613 -0.540007 -0.261375
0.614 -0.898283 0.00223092
0.615 -1.25601 0.26383
0.616 -1.61179 0.522416
0.617 -1.96423 0.776991
0.618 -2.31197 1.02657
0.619 -2.65363 1.27019
0.62 -2.98788 1.50692
0.621 -3.31339 1.73582
0.622 -3.6289 1.95601
0.623 -3.93314 2.16663
0.624 -4.22492 2.36686
0.625 -4.50307 2.55593
0.626 -4.7665 2.73308
0.627 -5.01415 2.89763
0.628 -5.24503 3.04893
0.629 -5.45822 3.18637
0.63 -5.65286 3.30942
0.631 -5.82816 3.41759
0.632 -5.98342 3.51044
0.633 -6.118 3.58761
0.634 -6.23135 3.64876
0.635 -6.32301 3.69366
0.636 -6.3926 3.72212
0.637 -6.43981 3.734
0.638 -6.46444 3.72925
0.639 -6.46637 3.70786
0.64 -6.44557 3.6699
0.641 -6.40211 3.6155
0.642 -6.33613 3.54486
0.643 -6.24787 3.45823
0.644 -6.13767 3.35593
0.645 -6.00593 3.23833
0.646 -5.85317 3.10588
0.647 -5.67996 2.95907
0.648 -5.48698 2.79845
0.649 -5.27496 2.62463
0.65 -5.04475 2.43827
0.651 -4.79722 2.24006
0.652 -4.53334 2.03077
0.653 -4.25415 1.81118
0.654 -3.96074 1.58214
0.655 -3.65426 1.34451
0.656 -3.33592 1.0992
0.657 -3.00695 0.847149
0.658 -2.66866 0.589313
0.659 -2.32238 0.32668
0.66 -1.96948 0.0602533
0.661 -1.61134 -0.208948
0.662 -1.24938 -0.479895
0.663 -0.885036 -0.751551
0.664 -0.519737 -1.02288
0.665 -0.154933 -1.29283
0.666 0.207933 -1.56038
0.667 0.567426 -1.82451
0.668 0.922122 -2.0842
0.669 1.27062 -2.33845
0.67 1.61153 -2.5863
0.671 1.94351 -2.8268
0.672 2.26524 -3.05903
0.673 2.57545 -3.2821
0.674 2.8729 -3.49516
0.675 3.15643 -3.69739
0.676 3.4249 -3.88803
0.677 3.67726 -4.06635
0.678 3.91251 -4.23167
0.679 4.12972 -4.38337
0.68 4.32802 -4.52086
0.681 4.50665 -4.64364
0.682 4.66489 -4.75123
0.683 4.80213 -4.84325
0.684 4.91784 -4.91933
0.685 5.01155 -4.97921
0.686 5.08292 -5.02266
0.687 5.13167 -5.04953
0.688 5.15763 -5.05974
0.689 5.1607 -5.05325
0.69 5.14089 -5.0301
0.691 5.09831 -4.99041
0.692 5.03314 -4.93433
0.693 4.94566 -4.8621
0.694 4.83626 -4.77401
0.695 4.70538 -4.67042
0.696 4.55358 -4.55174
0.697 4.3815 -4.41843
0.698 4.18984 -4.27104
0.699 3.97942 -4.11014
0.7 3.75109 -3.93636
0.701 3.50581 -3.75039
0.702 3.2446 -3.55295
0.703 2.96853 -3.34482
0.704 2.67875 -3.12681
0.705 2.37645 -2.89976
0.706 2.0629 -2.66455
0.707 1.73937 -2.42211
0.708 1.40721 -2.17336
0.709 1.0678 -1.91927
0.71 0.722545 -1.66081
0.711 0.372865 -1.39898
0.712 0.0202135 -1.13479
0.713 -0.333948 -0.869233
0.714 -0.688151 -0.603336
0.715 -1.04092 -0.338106
0.716 -1.3908 -0.0745503
0.717 -1.73634 0.186335
0.718 -2.07608 0.443567
0.719 -2.40862 0.696179
0.72 -2.73257 0.943227
0.721 -3.04657 1.18379
0.722 -3.34931 1.41698
0.723 -3.63952 1.64194
0.724 -3.91598 1.85785
0.725 -4.17753 2.06391
0.726 -4.42305 2.2594
0.727 -4.65151 2.44361
0.728 -4.86193 2.61589
0.729 -5.05341 2.77565
0.73 -5.22513 2.92233
0.731 -5.37634 3.05545
0.732 -5.50637 3.17458
0.733 -5.61466 3.27933
0.734 -5.70071 3.36938
0.735 -5.76412 3.44449
0.736 -5.80458 3.50445
0.737 -5.82188 3.54914
0.738 -5.8159 3.57849
0.739 -5.7866 3.59249
0.74 -5.73406 3.59119
0.741 -5.65844 3.57473
0.742 -5.55999 3.54327
0.743 -5.43906 3.49707
0.744 -5.29609 3.43643
0.745 -5.13161 3.3617
0.746 -4.94623 3.27332
0.747 -4.74066 3.17176
0.748 -4.51569 3.05754
0.749 -4.27217 2.93124
0.75 -4.01104 2.7935
0.751 -3.73332 2.64498
0.752 -3.44009 2.48642
0.753 -3.1325 2.31855
0.754 -2.81173 2.14219
0.755 -2.47906 1.95815
0.756 -2.13578 1.7673
0.757 -1.78325 1.57053
0.758 -1.42285 1.36873
0.759 -1.05602 1.16285
0.76 -0.684184 0.953815
0.761 -0.308828 0.742587
0.762 0.0685666 0.530126
0.763 0.446506 0.317396
0.764 0.823491 0.105361
0.765 1.19803 -0.105019
0.766 1.56863 -0.312795
0.767 1.93382 -0.517028
0.768 2.29216 -0.716798
0.769 2.64222 -0.911204
0.77 2.98261 -1.09937
0.771 3.31198 -1.28045
0.772 3.62901 -1.45362
0.773 3.93246 -1.6181
0.774 4.22111 -1.77315
0.775 4.49381 -1.91806
0.776 4.74949 -2.05217
0.777 4.98714 -2.17488
0.778 5.20581 -2.28562
0.779 5.40463 -2.38388
0.78 5.58283 -2.46919
0.781 5.7397 -2.54117
0.782 5.87463 -2.59945
0.783 5.98709 -2.64377
0.784 6.07665 -2.67389
0.785 6.14296 -2.68965
0.786 6.18577 -2.69095
0.787 6.20494 -2.67774
0.788 6.2004 -2.65005
0.789 6.17219 -2.60796
0.79 6.12046 -2.55162
0.791 6.04542 -2.48124
0.792 5.94742 -2.39708
0.793 5.82685 -2.29948
0.794 5.68425 -2.18881
0.795 5.5202 -2.06552
0.796 5.3354 -1.93011
0.797 5.13062 -1.78312
0.798 4.90672 -1.62515
0.799 4.66463 -1.45686
0.8 4.40535 -1.27893
0.801 4.12996 -1.0921
0.802 3.83962 -0.89715
0.803 3.53552 -0.69488
0.804 3.21893 -0.486136
0.805 2.89115 -0.271791
0.806 2.55356 -0.052742
0.807 2.20754 0.170091
0.808 1.85455 0.395772
0.809 1.49603 0.623349
0.81 1.13348 0.85186
0.811 0.768406 1.08034
0.812 0.402319 1.30782
0.813 0.036741 1.53332
0.814 -0.326808 1.7559
0.815 -0.686817 1.97459
0.816 -1.04179 2.18847
0.817 -1.39024 2.39661
0.818 -1.73073 2.59812
0.819 -2.06183 2.79212
0.82 -2.38215 2.97777
0.821 -2.69037 3.15427
0.822 -2.98519 3.32084
0.823 -3.26537 3.47675
0.824 -3.52974 3.62131
0.825 -3.77719 3.75388
0.826 -4.00666 3.87386
0.827 -4.2172 3.9807
0.828 -4.4079 4.07393
0.829 -4.57796 4.1531
0.83 -4.72664 4.21783
0.831 -4.85331 4.26781
0.832 -4.95741 4.30279
0.833 -5.03848 4.32256
0.834 -5.09617 4.32699
0.835 -5.13019 4.31602
0.836 -5.14038 4.28964
0.837 -5.12667 4.24791
0.838 -5.08907 4.19095
0.839 -5.02772 4.11895
0.84 -4.94283 4.03215
0.841 -4.83471 3.93088
0.842 -4.70379 3.81551
0.843 -4.55057 3.68646
0.844 -4.37565 3.54422
0.845 -4.17971 3.38935
0.846 -3.96355 3.22245
0.847 -3.72801 3.04415
0.848 -3.47404 2.85517
0.849 -3.20266 2.65625
0.85 -2.91495 2.44818
0.851 -2.61209 2.23179
0.852 -2.2953 2.00794
0.853 -1.96585 1.77753
0.854 -1.62509 1.5415
0.855 -1.27441 1.30079
0.856 -0.915219 1.05639
0.857 -0.548998 0.809279
0.858 -0.177242 0.560473
0.859 0.198529 0.310987
0.86 0.576773 0.0618445
0.861 0.955936 -0.185931
0.862 1.33446 -0.431318
0.863 1.71078 -0.673302
0.864 2.08334 -0.910882
0.865 2.45061 -1.14307
0.866 2.81106 -1.3689
0.867 3.16318 -1.58742
0.868 3.50553 -1.79772
0.869 3.83666 -1.99891
0.87 4.15519 -2.19015
0.871 4.45978 -2.37062
0.872 4.74915 -2.53955
0.873 5.02207 -2.69622
0.874 5.27739 -2.83996
0.875 5.51401 -2.97013
0.876 5.73092 -3.08617
0.877 5.92718 -3.18756
0.878 6.10194 -3.27385
0.879 6.25441 -3.34464
0.88 6.38393 -3.39961
0.881 6.48989 -3.43848
0.882 6.57181 -3.46106
0.883 6.62928 -3.46719
0.884 6.662 -3.45683
0.885 6.66976 -3.42996
0.886 6.65246 -3.38665
0.887 6.61011 -3.32704
0.888 6.54279 -3.25132
0.889 6.45072 -3.15977
0.89 6.33418 -3.05271
0.891 6.19357 -2.93056
0.892 6.0294 -2.79375
0.893 5.84225 -2.64283
0.894 5.63281 -2.47837
0.895 5.40184 -2.30101
0.896 5.15022 -2.11145
0.897 4.87889 -1.91043
0.898 4.58887 -1.69875
0.899 4.28128 -1.47725
0.9 3.95727 -1.24682
0.901 3.61811 -1.00838
0.902 3.26508 -0.762887
0.903 2.89956 -0.511342
0.904 2.52296 -0.254764
0.905 2.13674 0.00580218
0.906 1.74239 0.269292
0.907 1.34146 0.534623
0.908 0.935502 0.800704
0.909 0.526106 1.06643
0.91 0.114871 1.33071
0.911 -0.296594 1.59243
0.912 -0.706676 1.8505
0.913 -1.11377 2.10384
0.914 -1.51627 2.35138
0.915 -1.9126 2.59206
0.916 -2.30121 2.82486
0.917 -2.68055 3.04879
0.918 -3.04915 3.26286
0.919 -3.40555 3.46616
0.92 -3.74834 3.65779
0.921 -4.07618 3.8369
0.922 -4.38777 4.00268
0.923 -4.68189 4.15439
0.924 -4.95737 4.29132
0.925 -5.21313 4.41284
0.926 -5.44817 4.51835
0.927 -5.66155 4.60734
0.928 -5.85245 4.67934
0.929 -6.0201 4.73396
0.93 -6.16386 4.77087
0.931 -6.28316 4.78981
0.932 -6.37754 4.7906
0.933 -6.44662 4.77311
0.934 -6.49016 4.7373
0.935 -6.50799 4.6832
0.936 -6.50005 4.6109
0.937 -6.46638 4.52056
0.938 -6.40713 4.41244
0.939 -6.32256 4.28683
0.94 -6.21301 4.14412
0.941 -6.07894 3.98476
0.942 -5.9209 3.80925
0.943 -5.73954 3.61818
0.944 -5.5356 3.41219
0.945 -5.30991 3.19198
0.946 -5.0634 2.9583
0.947 -4.79706 2.71196
0.948 -4.51199 2.45384
0.949 -4.20934 2.18484
0.95 -3.89034 1.90591
0.951 -3.5563 1.61806
0.952 -3.20857 1.32232
0.953 -2.84857 1.01976
0.954 -2.47777 0.711467
0.955 -2.09766 0.398568
0.956 -1.70981 0.0822038
0.957 -1.31578 -0.236468
0.958 -0.917192 -0.55628
0.959 -0.515661 -0.876054
0.96 -0.112827 -1.19461
0.961 0.289668 -1.51078
0.962 0.69018 -1.82339
0.963 1.08707 -2.13128
0.964 1.47873 -2.43332
0.965 1.86354 -2.72837
0.966 2.23993 -3.01534
0.967 2.60636 -3.29318
0.968 2.96133 -3.56083
0.969 3.30338 -3.81731
0.97 3.6311 -4.06167
0.971 3.94313 -4.29298
0.972 4.23821 -4.5104
0.973 4.51509 -4.71311
0.974 4.77264 -4.90036
0.975 5.00978 -5.07145
0.976 5.22552 -5.22575
0.977 5.41896 -5.36269
0.978 5.58929 -5.48177
0.979 5.73578 -5.58254
0.98 5.85779 -5.66465
0.981 5.95481 -5.72779
0.982 6.02641 -5.77174
0.983 6.07225 -5.79636
0.984 6.09211 -5.80156
0.985 6.08587 -5.78735
0.986 6.05352 -5.7538
0.987 5.99514 -5.70105
0.988 5.91093 -5.62932
0.989 5.80119 -5.53891
0.99 5.66631 -5.43018
0.991 5.50679 -5.30357
0.992 5.32325 -5.15957
0.993 5.11637 -4.99877
0.994 4.88695 -4.82178
0.995 4.63587 -4.62932
0.996 4.3641 -4.42213
0.997 4.07268 -4.20102
0.998 3.76277 -3.96687
0.999 3.43556 -3.72057
1 3.09232 -3.4631
