0.001 3.41062e-008 2.48909e-009
0.002 3.10583e-007 1.99951e-008
0.003 1.46435e-006 8.30055e-008
0.004 4.85112e-006 2.43713e-007
0.005 1.28382e-005 5.7852e-007
0.006 2.90854e-005 1.19224e-006
0.007 5.88131e-005 2.22442e-006
0.008 0.000109056 3.85827e-006
0.009 0.000188898 6.33251e-006
0.01 0.000309689 9.95651e-006
0.011 0.00048524 1.51291e-005
0.012 0.000731993 2.23612e-005
0.013 0.00106917 3.23028e-005
0.014 0.00151887 4.57738e-005
0.015 0.0021062 6.37997e-005
0.016 0.00285929 8.76517e-005
0.017 0.00380935 0.000118891
0.018 0.00499066 0.000159418
0.019 0.00644052 0.000211527
0.02 0.0081992 0.000277959
0.021 0.0103098 0.000361969
0.022 0.0128183 0.00046739
0.023 0.0157729 0.000598696
0.024 0.0192245 0.000761082
0.025 0.023226 0.000960532
0.026 0.027832 0.0012039
0.027 0.033099 0.00149897
0.028 0.0390846 0.00185456
0.029 0.0458471 0.00228059
0.03 0.0534456 0.00278815
0.031 0.0619392 0.00338958
0.032 0.0713869 0.00409856
0.033 0.0818468 0.00493015
0.034 0.0933758 0.00590089
0.035 0.10603 0.00702885
0.036 0.119861 0.00833366
0.037 0.134922 0.00983662
0.038 0.151258 0.0115607
0.039 0.168916 0.0135305
0.04 0.187934 0.0157726
0.041 0.208349 0.018315
0.042 0.230191 0.0211877
0.043 0.253486 0.0244225
0.044 0.278253 0.0280527
0.045 0.304505 0.0321136
0.046 0.33225 0.0366419
0.047 0.361486 0.0416762
0.048 0.392206 0.0472563
0.049 0.424395 0.0534238
0.05 0.458028 0.0602215
0.051 0.493074 0.0676935
0.052 0.529494 0.0758848
0.053 0.567237 0.0848417
0.054 0.606247 0.0946111
0.055 0.646458 0.105241
0.056 0.687793 0.116778
0.057 0.73017 0.129272
0.058 0.773494 0.142771
0.059 0.817666 0.157322
0.06 0.862574 0.172973
0.061 0.908101 0.189771
0.062 0.95412 0.207762
0.063 1.0005 0.226989
0.064 1.04709 0.247497
0.065 1.09375 0.269326
0.066 1.14033 0.292514
0.067 1.18666 0.317099
0.068 1.23258 0.343113
0.069 1.27791 0.370586
0.07 1.32249 0.399546
0.071 1.36613 0.430014
0.072 1.40865 0.46201
0.073 1.44987 0.495549
0.074 1.4896 0.530639
0.075 1.52767 0.567284
0.076 1.56388 0.605484
0.077 1.59806 0.645232
0.078 1.63003 0.686515
0.079 1.6596 0.729314
0.08 1.6866 0.773603
0.081 1.71087 0.819351
0.082 1.73225 0.866517
0.083 1.75058 0.915056
0.084 1.76571 0.964915
0.085 1.7775 1.01603
0.086 1.78583 1.06834
0.087 1.79057 1.12176
0.088 1.79162 1.1762
0.089 1.78888 1.23159
0.09 1.78227 1.28782
0.091 1.77172 1.34477
0.092 1.75717 1.40235
0.093 1.73858 1.46042
0.094 1.71592 1.51885
0.095 1.68919 1.57752
0.096 1.65839 1.63627
0.097 1.62354 1.69496
0.098 1.58468 1.75343
0.099 1.54186 1.81152
0.1 1.49517 1.86906
0.101 1.44468 1.92588
0.102 1.39051 1.9818
0.103 1.33279 2.03663
0.104 1.27164 2.0902
0.105 1.20723 2.14232
0.106 1.13975 2.19278
0.107 1.06936 2.24141
0.108 0.996294 2.288
0.109 0.920759 2.33235
0.11 0.842996 2.37429
0.111 0.763252 2.4136
0.112 0.681791 2.45009
0.113 0.598888 2.48358
0.114 0.514828 2.51388
0.115 0.429907 2.5408
0.116 0.34443 2.56416
0.117 0.25871 2.58379
0.118 0.173066 2.59951
0.119 0.0878237 2.61118
0.12 0.00331252 2.61863
0.121 -0.0801354 2.62172
0.122 -0.162186 2.62032
0.123 -0.242505 2.61429
0.124 -0.32076 2.60352
0.125 -0.396621 2.58792
0.126 -0.469761 2.56739
0.127 -0.539861 2.54184
0.128 -0.606605 2.51122
0.129 -0.66969 2.47548
0.13 -0.728821 2.43457
0.131 -0.783713 2.38849
0.132 -0.834095 2.33722
0.133 -0.879712 2.28077
0.134 -0.92032 2.21917
0.135 -0.955696 2.15247
0.136 -0.985632 2.08072
0.137 -1.00994 2.00401
0.138 -1.02846 1.92243
0.139 -1.04103 1.8361
0.14 -1.04754 1.74514
0.141 -1.04788 1.6497
0.142 -1.04198 1.54996
0.143 -1.02978 1.44608
0.144 -1.01126 1.33828
0.145 -0.98642 1.22677
0.146 -0.955278 1.11177
0.147 -0.917887 0.993546
0.148 -0.874327 0.872351
0.149 -0.8247 0.748467
0.15 -0.76914 0.622185
0.151 -0.707803 0.49381
0.152 -0.640875 0.36366
0.153 -0.568565 0.232064
0.154 -0.491109 0.099361
0.155 -0.408769 -0.0340984
0.156 -0.321829 -0.167956
0.157 -0.230597 -0.301847
0.158 -0.135404 -0.435398
0.159 -0.0366018 -0.568232
0.16 0.0654364 -0.699968
0.161 0.17032 -0.830221
0.162 0.277639 -0.958605
0.163 0.386969 -1.08474
0.164 0.49787 -1.20823
0.165 0.609889 -1.32869
0.166 0.722561 -1.44576
0.167 0.835413 -1.55906
0.168 0.947963 -1.66821
0.169 1.05972 -1.77287
0.17 1.1702 -1.87267
0.171 1.2789 -1.9673
0.172 1.38534 -2.05641
0.173 1.48901 -2.13969
0.174 1.58943 -2.21685
0.175 1.68612 -2.28761
0.176 1.7786 -2.3517
0.177 1.86642 -2.40888
0.178 1.94912 -2.45891
0.179 2.02626 -2.50159
0.18 2.09742 -2.53675
0.181 2.1622 -2.56421
0.182 2.22022 -2.58384
0.183 2.27111 -2.59553
0.184 2.31454 -2.59919
0.185 2.3502 -2.59475
0.186 2.37779 -2.58217
0.187 2.39707 -2.56146
0.188 2.4078 -2.53263
0.189 2.40978 -2.49571
0.19 2.40286 -2.4508
0.191 2.38689 -2.39797
0.192 2.36179 -2.33737
0.193 2.32749 -2.26915
0.194 2.28396 -2.1935
0.195 2.23122 -2.11061
0.196 2.1693 -2.02074
0.197 2.09828 -1.92414
0.198 2.0183 -1.82111
0.199 1.92949 -1.71196
0.2 1.83206 -1.59702
0.201 1.72623 -1.47665
0.202 1.61227 -1.35125
0.203 1.49047 -1.22121
0.204 1.36116 -1.08696
0.205 1.22472 -0.948939
0.206 1.08154 -0.807609
0.207 0.93204 -0.663445
0.208 0.776691 -0.516936
0.209 0.615973 -0.368585
0.21 0.450398 -0.218903
0.211 0.280503 -0.0684138
0.212 0.106847 0.0823536
0.213 -0.0699904 0.232864
0.214 -0.249412 0.382578
0.215 -0.430803 0.530955
0.216 -0.613535 0.677454
0.217 -0.79697 0.821536
0.218 -0.980457 0.962667
0.219 -1.16334 1.10032
0.22 -1.34496 1.23396
0.221 -1.52466 1.36309
0.222 -1.70178 1.48721
0.223 -1.87565 1.60582
0.224 -2.04564 1.71847
0.225 -2.21109 1.82468
0.226 -2.37138 1.92403
0.227 -2.5259 2.01611
0.228 -2.67404 2.10052
0.229 -2.81523 2.17688
0.23 -2.94891 2.24487
0.231 -3.07454 2.30416
0.232 -3.19162 2.35447
0.233 -3.29968 2.39553
0.234 -3.39825 2.42713
0.235 -3.48693 2.44905
0.236 -3.56534 2.46115
0.237 -3.63314 2.46328
0.238 -3.69001 2.45536
0.239 -3.7357 2.43732
0.24 -3.76998 2.40913
0.241 -3.79267 2.37081
0.242 -3.80362 2.3224
0.243 -3.80275 2.26399
0.244 -3.79 2.19568
0.245 -3.76537 2.11763
0.246 -3.72889 2.03003
0.247 -3.68067 1.93311
0.248 -3.62082 1.82711
0.249 -3.54952 1.71234
0.25 -3.46701 1.5891
0.251 -3.37354 1.45777
0.252 -3.26944 1.31871
0.253 -3.15505 1.17236
0.254 -3.03077 1.01915
0.255 -2.89704 0.859553
0.256 -2.75433 0.694064
0.257 -2.60317 0.523201
0.258 -2.44409 0.347506
0.259 -2.27769 0.167538
0.26 -2.10457 -0.0161231
0.261 -1.92538 -0.202884
0.262 -1.74079 -0.392135
0.263 -1.5515 -0.583257
0.264 -1.35822 -0.775619
0.265 -1.1617 -0.968586
0.266 -0.962671 -1.16151
0.267 -0.761915 -1.35376
0.268 -0.560203 -1.54467
0.269 -0.358318 -1.73361
0.27 -0.15705 -1.91994
0.271 0.0428131 -2.10302
0.272 0.240485 -2.28224
0.273 0.435182 -2.45697
0.274 0.626132 -2.62662
0.275 0.812572 -2.7906
0.276 0.993754 -2.94835
0.277 1.16895 -3.09933
0.278 1.33745 -3.243
0.279 1.49856 -3.37888
0.28 1.65163 -3.50648
0.281 1.79603 -3.62536
0.282 1.93116 -3.73511
0.283 2.05645 -3.83533
0.284 2.17137 -3.92568
0.285 2.27545 -4.00583
0.286 2.36822 -4.07551
0.287 2.4493 -4.13447
0.288 2.51831 -4.18249
0.289 2.57495 -4.21941
0.29 2.61895 -4.24508
0.291 2.65011 -4.25943
0.292 2.66825 -4.26239
0.293 2.67326 -4.25396
0.294 2.66509 -4.23416
0.295 2.64373 -4.20305
0.296 2.60923 -4.16075
0.297 2.56168 -4.10741
0.298 2.50124 -4.0432
0.299 2.4281 -3.96836
0.3 2.34254 -3.88315
0.301 2.24485 -3.78787
0.302 2.1354 -3.68286
0.303 2.01459 -3.56848
0.304 1.88287 -3.44515
0.305 1.74075 -3.3133
0.306 1.58877 -3.17339
0.307 1.42752 -3.02592
0.308 1.25763 -2.87141
0.309 1.07975 -2.71041
0.31 0.894585 -2.54348
0.311 0.702872 -2.37122
0.312 0.50537 -2.19424
0.313 0.302866 -2.01316
0.314 0.0961705 -1.82861
0.315 -0.113884 -1.64125
0.316 -0.326448 -1.45173
0.317 -0.54066 -1.26072
0.318 -0.755646 -1.06889
0.319 -0.970528 -0.876898
0.32 -1.18442 -0.685423
0.321 -1.39644 -0.495126
0.322 -1.60572 -0.306665
0.323 -1.81137 -0.120689
0.324 -2.01253 0.0621638
0.325 -2.20837 0.24127
0.326 -2.39805 0.416021
0.327 -2.58077 0.585828
0.328 -2.75574 0.750123
0.329 -2.92221 0.908359
0.33 -3.07945 1.06002
0.331 -3.22678 1.2046
0.332 -3.36354 1.34165
0.333 -3.48913 1.47072
0.334 -3.60296 1.59143
0.335 -3.70453 1.70339
0.336 -3.79334 1.80628
0.337 -3.86898 1.89979
0.338 -3.93106 1.98368
0.339 -3.97926 2.05773
0.34 -4.01331 2.12174
0.341 -4.033 2.17559
0.342 -4.03817 2.21916
0.343 -4.02872 2.25242
0.344 -4.00461 2.27532
0.345 -3.96587 2.2879
0.346 -3.91255 2.29023
0.347 -3.84481 2.28241
0.348 -3.76284 2.26457
0.349 -3.66688 2.23692
0.35 -3.55725 2.19966
0.351 -3.4343 2.15307
0.352 -3.29847 2.09743
0.353 -3.15021 2.03309
0.354 -2.99007 1.96041
0.355 -2.8186 1.87978
0.356 -2.63642 1.79165
0.357 -2.44421 1.69646
0.358 -2.24267 1.59471
0.359 -2.03255 1.48691
0.36 -1.81463 1.37358
0.361 -1.58973 1.2553
0.362 -1.3587 1.13262
0.363 -1.1224 1.00614
0.364 -0.881745 0.876467
0.365 -0.637648 0.74421
0.366 -0.391043 0.609993
0.367 -0.142877 0.474446
0.368 0.105893 0.338201
0.369 0.354308 0.201892
0.37 0.601404 0.0661492
0.371 0.846223 -0.0683992
0.372 1.08781 -0.201133
0.373 1.32523 -0.331443
0.374 1.55756 -0.45873
0.375 1.78388 -0.582411
0.376 2.0033 -0.701918
0.377 2.21498 -0.816705
0.378 2.41808 -0.926246
0.379 2.61179 -1.03004
0.38 2.79537 -1.12761
0.381 2.96808 -1.21851
0.382 3.12926 -1.30232
0.383 3.27825 -1.37865
0.384 3.41449 -1.44715
0.385 3.53743 -1.5075
0.386 3.64659 -1.55942
0.387 3.74155 -1.60267
0.388 3.82194 -1.63703
0.389 3.88744 -1.66233
0.39 3.93781 -1.67845
0.391 3.97285 -1.68529
0.392 3.99243 -1.68282
0.393 3.99651 -1.67102
0.394 3.98507 -1.64992
0.395 3.95817 -1.6196
0.396 3.91595 -1.58017
0.397 3.85859 -1.53179
0.398 3.78634 -1.47465
0.399 3.69953 -1.40899
0.4 3.59852 -1.33506
0.401 3.48374 -1.25319
0.402 3.3557 -1.1637
0.403 3.21492 -1.06698
0.404 3.06203 -0.963421
0.405 2.89766 -0.853472
0.406 2.72252 -0.737594
0.407 2.53735 -0.616278
0.408 2.34294 -0.49004
0.409 2.14013 -0.359418
0.41 1.92977 -0.22497
0.411 1.71277 -0.0872706
0.412 1.49005 0.0530895
0.413 1.26257 0.195508
0.414 1.0313 0.339372
0.415 0.797234 0.484061
0.416 0.561382 0.628952
0.417 0.32476 0.773417
0.418 0.0883884 0.916832
0.419 -0.146709 1.05857
0.42 -0.379512 1.19803
0.421 -0.609008 1.33459
0.422 -0.834196 1.46765
0.423 -1.05409 1.59665
0.424 -1.26772 1.721
0.425 -1.47415 1.84018
0.426 -1.67246 1.95365
0.427 -1.86177 2.06091
0.428 -2.04124 2.16149
0.429 -2.21005 2.25495
0.43 -2.36744 2.34086
0.431 -2.51268 2.41885
0.432 -2.64512 2.48856
0.433 -2.76412 2.54969
0.434 -2.86913 2.60195
0.435 -2.95964 2.6451
0.436 -3.03519 2.67895
0.437 -3.09541 2.70333
0.438 -3.13996 2.71813
0.439 -3.1686 2.72328
0.44 -3.18113 2.71873
0.441 -3.17741 2.70449
0.442 -3.1574 2.68063
0.443 -3.12111 2.64722
0.444 -3.06861 2.6044
0.445 -3.00006 2.55236
0.446 -2.91566 2.49132
0.447 -2.8157 2.42152
0.448 -2.70053 2.34327
0.449 -2.57056 2.25691
0.45 -2.42627 2.16281
0.451 -2.26819 2.06137
0.452 -2.09694 1.95305
0.453 -1.91316 1.83832
0.454 -1.71756 1.71768
0.455 -1.51091 1.59167
0.456 -1.29403 1.46084
0.457 -1.06776 1.32579
0.458 -0.833017 1.1871
0.459 -0.590734 1.04541
0.46 -0.341889 0.901348
0.461 -0.0874893 0.755574
0.462 0.171432 0.608747
0.463 0.433816 0.461536
0.464 0.698588 0.314618
0.465 0.964656 0.168668
0.466 1.23092 0.024362
0.467 1.49627 -0.117627
0.468 1.75961 -0.256635
0.469 2.01982 -0.392005
0.47 2.27582 -0.523095
0.471 2.52651 -0.649277
0.472 2.77085 -0.769942
0.473 3.00777 -0.884501
0.474 3.23627 -0.99239
0.475 3.45536 -1.09307
0.476 3.66407 -1.18603
0.477 3.86151 -1.27079
0.478 4.0468 -1.3469
0.479 4.21911 -1.41396
0.48 4.37767 -1.47158
0.481 4.52176 -1.51944
0.482 4.6507 -1.55724
0.483 4.76389 -1.58473
0.484 4.86079 -1.60169
0.485 4.94092 -1.60797
0.486 5.00386 -1.60345
0.487 5.04926 -1.58805
0.488 5.07685 -1.56174
0.489 5.08644 -1.52456
0.49 5.07787 -1.47657
0.491 5.05111 -1.41788
0.492 5.00615 -1.34867
0.493 4.9431 -1.26914
0.494 4.86212 -1.17954
0.495 4.76344 -1.0802
0.496 4.64738 -0.971438
0.497 4.51431 -0.853662
0.498 4.3647 -0.727303
0.499 4.19905 -0.592832
0.5 4.01796 -0.450762
0.501 3.82209 -0.301643
0.502 3.61215 -0.146058
0.503 3.3889 0.0153756
0.504 3.1532 0.182012
0.505 2.90591 0.353175
0.506 2.64797 0.528167
0.507 2.38038 0.706266
0.508 2.10414 0.886729
0.509 1.82032 1.0688
0.51 1.53003 1.25171
0.511 1.23438 1.43467
0.512 0.934521 1.61689
0.513 0.631635 1.79759
0.514 0.326906 1.97596
0.515 0.021534 2.15122
0.516 -0.283275 2.32258
0.517 -0.586314 2.48927
0.518 -0.886379 2.65051
0.519 -1.18227 2.80557
0.52 -1.47282 2.9537
0.521 -1.75684 3.09421
0.522 -2.03321 3.2264
0.523 -2.30081 3.34963
0.524 -2.55856 3.46326
0.525 -2.80541 3.56671
0.526 -3.04036 3.65942
0.527 -3.26245 3.74086
0.528 -3.47078 3.81057
0.529 -3.66448 3.86812
0.53 -3.84277 3.9131
0.531 -4.00489 3.94518
0.532 -4.15019 3.96407
0.533 -4.27804 3.96952
0.534 -4.38791 3.96134
0.535 -4.47933 3.93939
0.536 -4.55191 3.90359
0.537 -4.60532 3.85391
0.538 -4.63934 3.79035
0.539 -4.65379 3.71302
0.54 -4.64858 3.62202
0.541 -4.62372 3.51756
0.542 -4.57928 3.39987
0.543 -4.51542 3.26925
0.544 -4.43236 3.12604
0.545 -4.33043 2.97064
0.546 -4.21 2.8035
0.547 -4.07155 2.62513
0.548 -3.91563 2.43605
0.549 -3.74283 2.23687
0.55 -3.55386 2.02821
0.551 -3.34945 1.81076
0.552 -3.13043 1.58522
0.553 -2.89768 1.35234
0.554 -2.65212 1.11291
0.555 -2.39476 0.867729
0.556 -2.12664 0.617647
0.557 -1.84884 0.363525
0.558 -1.5625 0.106245
0.559 -1.26879 -0.153289
0.56 -0.968908 -0.414164
0.561 -0.664086 -0.675451
0.562 -0.355581 -0.936218
0.563 -0.0446662 -1.19553
0.564 0.26737 -1.45245
0.565 0.579233 -1.70604
0.566 0.889624 -1.95539
0.567 1.19725 -2.19958
0.568 1.50081 -2.4377
0.569 1.79904 -2.66889
0.57 2.09067 -2.89228
0.571 2.37448 -3.10704
0.572 2.64925 -3.31237
0.573 2.91381 -3.50749
0.574 3.16702 -3.69168
0.575 3.4078 -3.86422
0.576 3.63508 -4.02448
0.577 3.84788 -4.17182
0.578 4.04525 -4.30569
0.579 4.22632 -4.42556
0.58 4.39027 -4.53098
0.581 4.53635 -4.62152
0.582 4.66388 -4.69682
0.583 4.77226 -4.75659
0.584 4.86094 -4.80057
0.585 4.92948 -4.82858
0.586 4.9775 -4.8405
0.587 5.00472 -4.83626
0.588 5.01092 -4.81584
0.589 4.99597 -4.77931
0.59 4.95985 -4.72679
0.591 4.90258 -4.65844
0.592 4.82431 -4.57452
0.593 4.72525 -4.47532
0.594 4.60569 -4.36119
0.595 4.46603 -4.23255
0.596 4.30672 -4.08986
0.597 4.12831 -3.93367
0.598 3.93143 -3.76453
0.599 3.71677 -3.58309
0.6 3.48511 -3.39001
0.601 3.23728 -3.18602
0.602 2.9742 -2.97188
0.603 2.69684 -2.7484
0.604 2.40624 -2.51642
0.605 2.10349 -2.27681
0.606 1.78972 -2.03049
0.607 1.46612 -1.77839
0.608 1.13393 -1.52147
0.609 0.794411 -1.2607
0.61 0.448866 -0.997085
0.611 0.0986245 -0.731625
0.612 -0.254965 -0.465339
0.613 -0.610534 -0.199248
0.614 -0.966704 0.0656264
0.615 -1.32209 0.328266
0.616 -1.67531 0.587658
0.617 -2.02498 0.842803
0.618 -2.36973 1.09271
0.619 -2.70822 1.33642
0.62 -3.0391 1.57299
0.621 -3.36108 1.80149
0.622 -3.67289 2.02104
0.623 -3.97329 2.23078
0.624 -4.26108 2.42989
0.625 -4.53514 2.6176
0.626 -4.79435 2.79317
0.627 -5.0377 2.9559
0.628 -5.26421 3.10516
0.629 -5.47296 3.24036
0.63 -5.66312 3.36095
0.631 -5.83391 3.46646
0.632 -5.98465 3.55647
0.633 -6.11472 3.63061
0.634 -6.22359 3.68857
0.635 -6.3108 3.73011
0.636 -6.37598 3.75506
0.637 -6.41887 3.76331
0.638 -6.43926 3.75479
0.639 -6.43706 3.72954
0.64 -6.41224 3.68761
0.641 -6.3649 3.62917
0.642 -6.29518 3.55441
0.643 -6.20335 3.46361
0.644 -6.08976 3.3571
0.645 -5.95481 3.23527
0.646 -5.79904 3.09858
0.647 -5.62304 2.94754
0.648 -5.42748 2.78271
0.649 -5.21313 2.60472
0.65 -4.98081 2.41423
0.651 -4.73143 2.21198
0.652 -4.46596 1.99871
0.653 -4.18544 1.77525
0.654 -3.89096 1.54244
0.655 -3.58367 1.30117
0.656 -3.2648 1.05235
0.657 -2.93558 0.796941
0.658 -2.59731 0.535911
0.659 -2.25133 0.270257
0.66 -1.89899 0.000994201
0.661 -1.54169 -0.270848
0.662 -1.18084 -0.544232
0.663 -0.817852 -0.81811
0.664 -0.454175 -1.09143
0.665 -0.0912405 -1.36316
0.666 0.269515 -1.63225
0.667 0.626665 -1.89767
0.668 0.978796 -2.1584
0.669 1.32451 -2.41345
0.67 1.66245 -2.66184
0.671 1.99126 -2.90263
0.672 2.30965 -3.13488
0.673 2.61636 -3.35772
0.674 2.91017 -3.57029
0.675 3.18992 -3.77178
0.676 3.4545 -3.96142
0.677 3.70286 -4.13849
0.678 3.93403 -4.30232
0.679 4.14709 -4.45228
0.68 4.34121 -4.58781
0.681 4.51561 -4.70838
0.682 4.66961 -4.81356
0.683 4.80262 -4.90294
0.684 4.91411 -4.97618
0.685 5.00365 -5.03303
0.686 5.0709 -5.07327
0.687 5.1156 -5.09676
0.688 5.1376 -5.10342
0.689 5.13682 -5.09323
0.69 5.11329 -5.06625
0.691 5.06712 -5.0226
0.692 4.99852 -4.96246
0.693 4.90778 -4.88607
0.694 4.79529 -4.79374
0.695 4.66152 -4.68584
0.696 4.50705 -4.5628
0.697 4.3325 -4.4251
0.698 4.13862 -4.27329
0.699 3.9262 -4.10796
0.7 3.69614 -3.92976
0.701 3.44938 -3.73939
0.702 3.18694 -3.53758
0.703 2.90992 -3.32514
0.704 2.61946 -3.10287
0.705 2.31677 -2.87165
0.706 2.00308 -2.63236
0.707 1.67971 -2.38594
0.708 1.348 -2.13333
0.709 1.0093 -1.87551
0.71 0.665039 -1.61346
0.711 0.316627 -1.34819
0.712 -0.0344884 -1.08071
0.713 -0.38685 -0.812046
0.714 -0.738997 -0.543218
0.715 -1.08947 -0.275244
0.716 -1.4368 -0.00913928
0.717 -1.77956 0.254093
0.718 -2.11631 0.513465
0.719 -2.44565 0.768005
0.72 -2.7662 1.01677
0.721 -3.07663 1.25882
0.722 -3.37563 1.49328
0.723 -3.66194 1.71929
0.724 -3.93437 1.93602
0.725 -4.19177 2.14268
0.726 -4.43304 2.33854
0.727 -4.65715 2.5229
0.728 -4.86317 2.69511
0.729 -5.05019 2.85459
0.73 -5.21741 3.00078
0.731 -5.36412 3.1332
0.732 -5.48965 3.25142
0.733 -5.59346 3.35507
0.734 -5.67507 3.44384
0.735 -5.7341 3.51748
0.736 -5.77026 3.57581
0.737 -5.78335 3.6187
0.738 -5.77327 3.6461
0.739 -5.74001 3.658
0.74 -5.68365 3.65448
0.741 -5.60437 3.63566
0.742 -5.50244 3.60175
0.743 -5.37821 3.55299
0.744 -5.23215 3.4897
0.745 -5.0648 3.41225
0.746 -4.87679 3.32108
0.747 -4.66882 3.21667
0.748 -4.44169 3.09957
0.749 -4.19628 2.97037
0.75 -3.93354 2.8297
0.751 -3.65448 2.67826
0.752 -3.36018 2.51677
0.753 -3.0518 2.34601
0.754 -2.73055 2.16677
0.755 -2.39767 1.97991
0.756 -2.05448 1.78629
0.757 -1.70234 1.5868
0.758 -1.34261 1.38237
0.759 -0.976738 1.17393
0.76 -0.606151 0.962427
0.761 -0.232319 0.748833
0.762 0.143279 0.534113
0.763 0.519156 0.319239
0.764 0.893822 0.105181
0.765 1.26579 -0.107095
0.766 1.63359 -0.316634
0.767 1.99576 -0.522495
0.768 2.35086 -0.723751
0.769 2.69747 -0.9195
0.77 3.03424 -1.10886
0.771 3.35981 -1.29099
0.772 3.67289 -1.46506
0.773 3.97225 -1.63029
0.774 4.25669 -1.78594
0.775 4.52509 -1.93131
0.776 4.77638 -2.06573
0.777 5.00957 -2.18861
0.778 5.22373 -2.29937
0.779 5.41802 -2.39752
0.78 5.59168 -2.4826
0.781 5.74402 -2.5542
0.782 5.87445 -2.612
0.783 5.98245 -2.65572
0.784 6.06762 -2.68513
0.785 6.12964 -2.70008
0.786 6.16826 -2.70048
0.787 6.18336 -2.68629
0.788 6.17489 -2.65754
0.789 6.14292 -2.61432
0.79 6.08759 -2.55679
0.791 6.00915 -2.48518
0.792 5.90794 -2.39974
0.793 5.7844 -2.30083
0.794 5.63904 -2.18883
0.795 5.47249 -2.0642
0.796 5.28544 -1.92745
0.797 5.07867 -1.77912
0.798 4.85305 -1.61984
0.799 4.60953 -1.45026
0.8 4.34911 -1.27108
0.801 4.07287 -1.08304
0.802 3.78198 -0.886928
0.803 3.47762 -0.68356
0.804 3.16108 -0.473788
0.805 2.83366 -0.258491
0.806 2.49672 -0.0385728
0.807 2.15166 0.18504
0.808 1.79991 0.411406
0.809 1.44293 0.639566
0.81 1.0822 0.868556
0.811 0.719226 1.0974
0.812 0.355505 1.32513
0.813 -0.0074487 1.55078
0.814 -0.368127 1.77338
0.815 -0.72503 1.99197
0.816 -1.07667 2.20562
0.817 -1.42159 2.41342
0.818 -1.75835 2.61446
0.819 -2.08555 2.80787
0.82 -2.40182 2.99282
0.821 -2.70583 3.16849
0.822 -2.99632 3.33413
0.823 -3.27207 3.48899
0.824 -3.53193 3.6324
0.825 -3.77479 3.76372
0.826 -3.99964 3.88236
0.827 -4.20553 3.98777
0.828 -4.39158 4.07948
0.829 -4.55701 4.15705
0.83 -4.7011 4.22013
0.831 -4.82323 4.26839
0.832 -4.92288 4.30159
0.833 -4.9996 4.31955
0.834 -5.05305 4.32213
0.835 -5.08299 4.30929
0.836 -5.08925 4.28102
0.837 -5.07179 4.2374
0.838 -5.03064 4.17855
0.839 -4.96595 4.10468
0.84 -4.87795 4.01605
0.841 -4.76698 3.91297
0.842 -4.63346 3.79583
0.843 -4.47792 3.66507
0.844 -4.30097 3.52119
0.845 -4.1033 3.36475
0.846 -3.88571 3.19636
0.847 -3.64906 3.01667
0.848 -3.39431 2.82639
0.849 -3.12249 2.62629
0.85 -2.83468 2.41715
0.851 -2.53205 2.19982
0.852 -2.21583 1.97516
0.853 -1.88731 1.74408
0.854 -1.54782 1.50752
0.855 -1.19874 1.26644
0.856 -0.841496 1.0218
0.857 -0.477556 0.774621
0.858 -0.108407 0.525902
0.859 0.264436 0.276665
0.86 0.639442 0.0279344
0.861 1.01507 -0.219265
0.862 1.38976 -0.463912
0.863 1.76198 -0.704993
0.864 2.13018 -0.941508
0.865 2.49284 -1.17247
0.866 2.84845 -1.39692
0.867 3.19553 -1.61391
0.868 3.53263 -1.82253
0.869 3.85834 -2.0219
0.87 4.17129 -2.21118
0.871 4.47018 -2.38957
0.872 4.75373 -2.55629
0.873 5.02075 -2.71064
0.874 5.2701 -2.85195
0.875 5.50071 -2.9796
0.876 5.71158 -3.09303
0.877 5.90181 -3.19174
0.878 6.07056 -3.27529
0.879 6.21708 -3.34329
0.88 6.34071 -3.39542
0.881 6.4409 -3.43143
0.882 6.51715 -3.45113
0.883 6.5691 -3.4544
0.884 6.59647 -3.44117
0.885 6.59907 -3.41146
0.886 6.57682 -3.36535
0.887 6.52974 -3.30298
0.888 6.45795 -3.22458
0.889 6.36166 -3.13042
0.89 6.2412 -3.02085
0.891 6.09698 -2.89628
0.892 5.9295 -2.75718
0.893 5.73938 -2.60409
0.894 5.52731 -2.43761
0.895 5.29408 -2.25838
0.896 5.04056 -2.06711
0.897 4.7677 -1.86456
0.898 4.47655 -1.65153
0.899 4.1682 -1.42888
0.9 3.84384 -1.1975
0.901 3.50471 -0.958317
0.902 3.15212 -0.712307
0.903 2.78744 -0.460468
0.904 2.41207 -0.203826
0.905 2.02746 0.0565695
0.906 1.63513 0.319648
0.907 1.23658 0.584327
0.908 0.833391 0.84951
0.909 0.42712 1.1141
0.91 0.0193615 1.37698
0.911 -0.388287 1.63707
0.912 -0.794229 1.89327
0.913 -1.19687 2.14449
0.914 -1.59463 2.38967
0.915 -1.98594 2.62777
0.916 -2.36927 2.85776
0.917 -2.74311 3.07865
0.918 -3.10599 3.28948
0.919 -3.45647 3.48933
0.92 -3.79318 3.67731
0.921 -4.11478 3.8526
0.922 -4.42002 4.01438
0.923 -4.70769 4.16193
0.924 -4.97665 4.29456
0.925 -5.22585 4.41164
0.926 -5.4543 4.51259
0.927 -5.66111 4.59691
0.928 -5.84546 4.66415
0.929 -6.00663 4.71394
0.93 -6.14398 4.74596
0.931 -6.257 4.75997
0.932 -6.34522 4.75581
0.933 -6.40832 4.73335
0.934 -6.44606 4.69259
0.935 -6.45829 4.63356
0.936 -6.44499 4.55638
0.937 -6.40621 4.46123
0.938 -6.34213 4.34836
0.939 -6.25303 4.21812
0.94 -6.13926 4.07088
0.941 -6.00131 3.90713
0.942 -5.83973 3.72738
0.943 -5.6552 3.53223
0.944 -5.44846 3.32234
0.945 -5.22037 3.09843
0.946 -4.97185 2.86126
0.947 -4.70392 2.61166
0.948 -4.41767 2.35052
0.949 -4.11427 2.07874
0.95 -3.79495 1.79731
0.951 -3.46102 1.50722
0.952 -3.11382 1.20953
0.953 -2.75479 0.905308
0.954 -2.38538 0.595659
0.955 -2.00709 0.281712
0.956 -1.62147 -0.0353862
0.957 -1.23009 -0.354472
0.958 -0.834544 -0.674374
0.959 -0.436445 -0.993913
0.96 -0.037418 -1.31191
0.961 0.360907 -1.62719
0.962 0.756904 -1.93858
0.963 1.14895 -2.24492
0.964 1.53545 -2.54509
0.965 1.91482 -2.83796
0.966 2.2855 -3.12244
0.967 2.64597 -3.39747
0.968 2.99475 -3.66202
0.969 3.33041 -3.91511
0.97 3.65156 -4.15579
0.971 3.95689 -4.38317
0.972 4.24513 -4.59639
0.973 4.51508 -4.79466
0.974 4.76563 -4.97723
0.975 4.99573 -5.14343
0.976 5.20442 -5.29264
0.977 5.39083 -5.42431
0.978 5.55416 -5.53794
0.979 5.69372 -5.63312
0.98 5.80892 -5.70949
0.981 5.89924 -5.76679
0.982 5.9643 -5.80481
0.983 6.00378 -5.82342
0.984 6.01748 -5.82255
0.985 6.00532 -5.80223
0.986 5.9673 -5.76256
0.987 5.90353 -5.70369
0.988 5.81424 -5.62587
0.989 5.69973 -5.52941
0.99 5.56043 -5.41469
0.991 5.39686 -5.28218
0.992 5.20963 -5.13239
0.993 4.99946 -4.96591
0.994 4.76716 -4.78339
0.995 4.51362 -4.58554
0.996 4.23982 -4.37315
0.997 3.94682 -4.14704
0.998 3.63577 -3.90809
0.999 3.30787 -3.65722
1 2.96441 -3.39542
