0.31965
0.29858
0.343129
0.296617
0.38095
0.297264
0.305776
0.319416
0.328416
0.387073
0.359656
0.335528
0.378834
0.294084
0.308434
0.300887
0.408669
0.364418
0.388136
0.380173
0.332626
0.312165
0.384395
0.379862
0.388875
0.363408
0.336742
0.414537
0.420753
0.319955
0.396214
0.367714
0.343596
0.330786
0.356694
0.410086
0.355765
0.355896
0.396886
0.41952
0.32049
0.403172
0.38523
0.29858
0.349528
0.400472
0.380023
0.390521
0.408799
0.376516
0.393098
0.407858
0.363323
0.316654
0.425203
0.270587
0.383466
0.332791
0.298234
0.34763
0.34739
0.353743
0.388944
0.38523
0.384722
0.404791
0.374969
0.361329
0.347968
0.301159
0.353967
0.380411
0.299982
0.343003
0.360368
0.376489
0.394287
0.396932
0.363584
0.395886
0.317859
0.392317
0.344017
0.370524
0.298719
0.37911
0.29858
0.294084
0.293266
0.409679
0.299748
0.404446
0.312165
0.367604
0.303265
0.282493
0.41697
0.37644
0.345661
0.333193
0.399649
0.325666
0.385377
0.389994
0.436422
0.394481
0.280703
0.393524
0.29858
0.415139
0.316337
0.341068
0.306731
0.419636
0.287244
0.296776
0.387891
0.380205
0.3694
0.30683
0.362778
0.332668
0.392267
0.323162
0.399186
0.411809
0.411892
0.310262
0.354994
0.368586
0.348196
0.363408
0.422867
0.298028
0.398367
0.304745
0.31863
0.399425
0.395845
0.351524
0.373278
0.352643
0.39116
0.380205
0.406982
0.358707
0.344138
0.370386
0.361763
0.363242
0.349741
0.305201
0.32776
0.326212
0.276909
0.385468
0.309678
0.420753
0.341214
0.38076
0.316023
0.387049
0.39116
0.367953
0.310675
0.345581
0.400438
0.354755
0.286837
0.270107
0.350936
0.38303
0.400619
0.30736
0.39045
0.402373
0.422623
0.368599
0.340626
0.318203
0.392849
0.411892
0.313712
0.363584
0.372788
0.29858
0.324438
0.343239
0.379548
0.385296
0.305201
0.365676
0.334613
0.359548
0.383951
0.405783
0.38523
0.420753
0.317408
0.424289
0.373406
0.327837
0.425978
0.415038
0.382535
0.316655
0.370853
0.333942
0.29858
0.346
0.360667
0.356113
0.270107
0.401695
0.351824
0.303474
0.366599
0.306731
0.338515
0.36627
0.356072
0.380161
0.29858
0.309678
0.344149
0.420413
0.333124
0.384716
0.37266
0.390575
0.321995
0.301919
0.373508
0.3756
0.316655
0.351143
0.381409
0.334876
0.384748
0.366092
0.398182
0.420228
0.344149
0.417505
0.383782
0.314992
0.356581
0.393643
0.358466
0.356234
0.292794
0.356448
0.339584
0.356005
0.29858
0.392547
0.323431
0.318413
0.29858
0.420413
0.411892
0.362035
0.29858
0.393638
0.319286
0.349212
0.339183
0.411572
0.39116
0.392166
0.340524
0.339204
0.316832
0.333362
0.374608
0.331153
0.270107
0.41788
0.362427
0.415581
0.295006
0.285771
0.419468
0.305719
0.403572
0.387681
0.29858
0.327505
0.398553
0.40218
0.396074
0.343525
0.42701
0.361991
0.414036
0.404791
0.346213
0.270587
0.340954
0.380205
0.346614
0.306642
0.29858
0.32396
0.387127
0.336743
0.390253
0.376175
0.410533
0.332792
0.282757
0.368831
0.345212
0.401762
0.341214
0.419141
0.383271
0.362542
0.382002
0.318203
0.29858
0.373815
0.29858
0.411167
0.389311
0.296094
0.345045
0.333665
0.385937
0.348525
0.358675
0.293133
0.362462
0.289953
0.291956
0.424599
0.317859
0.399839
0.377777
0.385131
0.336739
0.312165
0.312165
0.278025
0.41817
0.406766
0.385365
0.387961
0.421023
0.312165
0.41697
0.381947
0.375754
0.306731
0.371161
0.278526
0.296617
0.420413
0.312165
0.38015
0.38523
0.312099
0.323162
0.390532
0.384444
0.386298
0.373301
0.379722
0.41697
0.36937
0.376213
0.422223
0.29858
0.29858
0.413241
0.286837
0.30211
0.411025
0.30088
0.302967
0.345564
0.29858
0.39116
0.339481
0.387073
0.417922
0.34238
0.371743
0.394448
0.38523
0.294084
0.390386
0.29858
0.368764
0.29858
0.41952
0.374811
0.382565
0.340916
0.319104
0.360783
0.425203
0.350537
0.364003
0.3514
0.35028
0.302662
0.386292
0.29858
0.397123
0.380164
0.408913
0.361344
0.39116
0.323006
0.413142
0.295844
0.313949
0.39116
0.280703
0.314249
0.372718
0.372788
0.38523
0.312165
0.314167
0.285856
0.31022
0.313099
0.41801
0.380205
0.400042
0.29858
0.419564
0.371118
0.380205
0.365234
0.379206
0.333665
0.384903
0.311644
0.363408
0.383076
0.405618
0.306731
0.347167
0.406645
0.407139
0.303769
0.377177
0.427957
0.309741
0.365028
0.393744
0.363584
0.364926
0.309671
0.308434
0.41817
0.37018
0.347968
0.32165
0.349063
0.320502
0.396834
0.309843
0.3438
0.415551
0.367667
0.29858
0.35788
0.327932
0.420413
0.270107
0.334349
0.368794
0.32405
0.312165
0.280703
0.310682
0.420413
0.301159
0.335451
0.326069
0.306382
0.387049
0.313809
0.320537
0.354743
0.371373
0.312165
0.388088
0.306731
0.312165
0.360816
0.29858
0.384528
0.29858
0.393695
0.417187
0.302292
0.371373
0.39116
0.344149
0.310361
0.38015
0.396406
0.306731
0.396587
0.310675
0.302361
0.287569
0.36785
0.404446
0.378204
0.377726
0.402373
0.33378
0.381098
0.411892
0.315336
0.351463
0.384799
0.408326
0.389384
0.343501
0.383865
0.394713
0.364003
0.39116
0.423256
0.427957
0.29858
0.29858
0.348132
0.365233
0.302552
0.331201
0.364576
0.332421
0.413661
0.371511
0.384389
0.363084
0.298234
0.39751
0.324823
0.323162
0.340524
0.374875
0.363323
0.371767
0.29858
0.392695
0.420413
0.324343
0.309933
0.308434
0.365028
0.404089
0.299383
0.313018
0.379206
0.290453
0.318413
0.3904
0.312165
0.344717
0.415038
0.348641
0.307523
0.29858
0.405225
0.387482
0.376468
0.409302
0.336739
0.351152
0.41697
0.362925
0.358884
0.336403
0.313803
0.423568
0.348865
0.304534
0.422416
0.294084
0.384748
0.41697
0.385428
0.317817
0.368517
0.36264
0.371993
0.371024
0.352712
0.29858
0.285693
0.295632
0.326546
0.3412
0.355896
0.31489
0.393692
0.29858
0.393124
0.33917
0.401151
0.371473
0.333686
0.36742
0.359828
0.307771
0.362047
0.42413
0.317709
0.407566
0.385296
0.396698
0.376639
0.358546
0.411892
0.422203
0.38523
0.386206
0.397314
0.386033
0.293875
0.344637
0.375888
0.376589
0.380205
0.398343
0.373266
0.40182
0.420289
0.394675
0.29858
0.402222
0.307234
0.300631
0.391998
0.335935
0.392302
0.394671
0.33176
0.34604
0.381906
0.383573
0.356392
0.375842
0.312165
0.366777
0.38523
0.347697
0.392879
0.400315
0.351011
0.362123
0.333405
0.30301
0.347526
0.385364
0.331153
0.336739
0.341214
0.270107
0.382564
0.356908
0.390019
0.317761
0.379144
0.338267
0.303086
0.300843
0.408388
0.312792
0.363408
0.420413
0.376536
0.390163
0.362624
0.398958
0.389354
0.316151
0.403033
0.38523
0.402173
0.312165
0.349803
0.391071
0.366676
0.297446
0.371302
0.29858
0.36253
0.305314
0.343917
0.380641
0.415161
0.370675
0.358884
0.367716
0.33646
0.388362
0.363408
0.368821
0.268976
0.29858
0.40224
0.29858
0.374388
0.387073
0.402697
0.328096
0.367242
0.318577
0.414082
0.359765
0.386652
0.32158
0.383988
0.296617
0.377917
0.306731
0.358662
0.281518
0.403349
0.306892
0.345413
0.406412
0.314798
0.365397
0.289955
0.311531
0.335935
0.312165
0.316337
0.33285
0.415944
0.300327
0.41697
0.275624
0.341214
0.270107
0.347999
0.288734
0.401896
0.385559
0.288535
0.374286
0.367536
0.347172
0.363522
0.388089
0.374501
0.294016
0.334717
0.377746
0.317058
0.399777
0.270107
0.397894
0.399043
0.323162
0.384775
0.29858
0.336265
0.330917
0.411892
0.356994
0.29858
0.319677
0.376133
0.387652
0.38638
0.29858
0.421563
0.303434
0.29858
0.373123
0.404127
0.368957
0.388077
0.399135
0.422416
0.30088
0.397606
0.367625
0.321244
0.415034
0.295006
0.368345
0.366965
0.29858
0.335089
0.402666
0.299372
0.39116
0.410024
0.29858
0.308434
0.29858
0.366166
0.399714
0.425325
0.356654
0.314022
0.390656
0.394203
0.306731
0.415854
0.422223
0.38085
0.382078
0.380168
0.411892
0.362697
0.353592
0.370499
0.385984
0.270587
0.364073
0.381688
0.291494
0.382565
0.388089
0.29858
0.389369
0.282757
0.403381
0.389354
0.320287
0.299748
0.411809
0.287244
0.295387
0.339988
0.374278
0.414373
0.321527
0.336739
0.398182
0.3303
0.361846
0.276909
0.41697
0.348131
0.445705
0.420753
0.380173
0.396184
0.361112
0.402003
0.376762
0.362427
0.404957
0.343306
0.393124
0.388356
0.387644
0.418678
0.330402
0.34915
0.388419
0.313949
0.3372
0.293121
0.355761
0.373508
0.406202
0.3889
0.359206
0.303696
0.420413
0.270587
0.276498
0.346857
0.363599
0.372772
0.316832
0.312165
0.362573
0.357998
0.385987
0.29858
0.34604
0.37802
0.404369
0.293199
0.445705
0.344972
0.334651
0.350318
0.354755
0.388089
0.29858
0.361825
0.328052
0.417454
0.351649
0.420413
0.376376
0.298887
0.312165
0.347498
0.29858
0.409005
0.414689
0.304125
0.34642
0.368679
0.349677
0.30639
0.416626
0.312165
0.388248
0.415038
0.405236
0.401621
0.410316
0.30003
0.306731
0.371224
0.393309
0.314037
0.383464
0.414689
0.34886
0.29858
0.372143
0.368033
0.418802
0.381978
0.370236
0.375791
0.33232
0.393391
0.381181
0.363408
0.359961
0.378111
0.396184
0.312165
0.422416
0.29858
0.380846
0.270587
0.304591
0.392984
0.317421
0.29858
0.301676
0.417098
0.357998
0.317709
0.375979
0.371783
0.349372
0.345432
0.384004
0.348184
0.306731
0.358011
0.396214
0.301159
0.351824
0.350712
0.31205
0.386368
0.41697
0.38523
0.29858
0.368067
0.355586
0.370209
0.420413
0.39116
0.33383
0.312996
0.270587
0.354058
0.327674
0.372492
0.385766
0.285903
0.340499
0.334823
0.358982
0.383464
0.329533
0.314524
0.407075
0.317491
0.3297
0.382565
0.395777
0.369563
0.399043
0.38523
0.41697
0.401762
0.283046
0.403813
0.333633
0.373364
0.422186
0.306961
0.369849
0.323162
0.373301
0.33641
0.381076
0.39116
0.299748
0.420413
0.374635
0.302967
0.359937
0.33652
0.374663
0.35869
0.396932
0.295714
0.421043
0.349203
0.312165
0.312165
0.382535
0.385598
0.308434
0.374675
0.363539
0.347498
0.395566
0.356338
0.29858
0.412377
0.354899
0.370876
0.405078
0.374532
0.29858
0.386018
0.30072
0.36143
0.356201
0.368649
0.318373
0.405887
0.397177
0.410669
0.399672
0.354252
0.340721
0.377592
0.301159
0.387049
0.389354
0.305476
0.382504
0.411809
0.375427
0.29858
0.352284
0.37909
0.341311
0.303164
0.336023
0.37214
0.325663
0.296847
0.389354
0.315333
0.380065
0.323162
0.314389
0.356113
0.293121
0.393179
0.420413
0.41697
0.420413
0.389354
0.318278
0.293199
0.394344
0.310361
0.389933
0.357639
0.29858
0.314385
0.279351
0.417922
0.375261
0.33816
0.30803
0.38523
0.368823
0.382558
0.377532
0.4119
0.363825
0.31163
0.329503
0.334876
0.406628
0.376318
0.34143
0.289158
0.362359
0.302472
0.382348
0.401388
0.323162
0.298198
0.358475
0.331153
0.392302
0.336739
0.378296
0.314141
0.332916
0.398564
0.349716
0.337976
0.362188
0.276909
0.305323
0.395798
0.399346
0.298876
0.329277
0.374707
0.3303
0.348892
0.306642
0.420228
0.345197
0.374897
0.387073
0.283561
0.38523
0.327863
0.354136
0.309268
0.318203
0.40318
0.29858
0.310675
0.37647
0.360826
0.392405
0.425203
0.283561
0.342353
0.366988
0.373278
0.388749
0.3099
0.374074
0.324245
0.390556
0.400732
0.348842
0.420413
0.383007
0.318983
0.331153
0.36781
0.306731
0.38618
0.363614
0.402173
0.374707
0.338306
0.352764
0.365781
0.294545
0.357037
0.39116
0.399459
0.270107
0.415684
0.287321
0.411809
0.336739
0.291902
0.30301
0.331074
0.29858
0.306731
0.312165
0.421769
0.31493
0.386018
0.38268
0.414397
0.359302
0.303696
0.305201
0.378402
0.383344
0.415564
0.38523
0.367581
0.41697
0.326546
0.352741
0.35371
0.401023
0.423938
0.302472
0.368243
0.275624
0.366532
0.352259
0.333421
0.321423
0.339347
0.36554
0.331153
0.415038
0.314249
0.406628
0.29858
0.37647
0.310752
0.343917
0.368035
0.369437
0.372294
0.390757
0.396074
0.417058
0.400089
0.411578
0.350744
0.312165
0.399709
0.300322
0.351824
0.368122
0.416549
0.331153
0.386213
0.378449
0.357198
0.371156
0.389621
0.382887
0.383801
0.353373
0.346373
0.379038
0.360026
0.410776
0.278025
0.29858
0.388641
0.352433
0.420753
0.374781
0.371889
0.401423
0.362301
0.356437
0.326979
0.29858
0.425978
0.334747
0.394695
0.390758
0.379382
0.302893
0.312165
0.335537
0.317709
0.394272
0.286837
0.29858
0.383322
0.294045
0.312165
0.419715
0.360816
0.369438
0.333386
0.379153
0.404791
0.360697
0.381261
0.342571
0.38566
0.32055
0.355876
0.333788
0.312165
0.36561
0.301159
0.377223
0.380422
0.29858
0.346073
0.367372
0.39116
0.332668
0.420753
0.305201
0.380205
0.270587
0.359383
0.281589
0.356392
0.36359
0.348665
0.29858
0.380296
0.304745
0.39431
0.389354
0.394834
0.394194
0.390797
0.330103
0.361812
0.347007
0.385296
0.347484
0.290453
0.347172
0.411892
0.306731
0.391585
0.326543
0.352945
0.420228
0.374725
0.374938
0.319183
0.39972
0.386041
0.306731
0.377177
0.380205
0.389354
0.308676
0.41697
0.29858
0.394973
0.363672
0.299089
0.304236
0.285693
0.420228
0.380493
0.305776
0.38523
0.403572
0.361693
0.398881
0.314249
0.312165
0.316654
0.416154
0.355166
0.421043
0.363497
0.355613
0.380603
0.29858
0.401762
0.338004
0.384389
0.39116
0.367018
0.304745
0.293121
0.380841
0.363946
0.384762
0.297375
0.37614
0.352322
0.411892
0.340865
0.388071
0.364818
0.345182
0.384376
0.29858
0.293361
0.415038
0.331153
0.383791
0.395851
0.348525
0.29858
0.390945
0.278217
0.374983
0.412499
0.310121
0.402273
0.39116
0.303118
0.374707
0.345637
0.29858
0.368067
0.397606
0.363662
0.389794
0.338779
0.371832
0.312165
0.38743
0.384033
0.41697
0.344361
0.312485
0.380205
0.38523
0.38168
0.313959
0.321082
0.383511
0.346431
0.310121
0.392852
0.353331
0.380205
0.364829
0.297251
0.374333
0.307795
0.333847
0.362492
0.369543
0.330779
0.393901
0.34983
0.369626
0.32916
0.299027
0.305314
0.385674
0.358214
0.368649
0.331594
0.353617
0.270107
0.29858
0.371425
0.388591
0.375096
0.404957
0.38523
0.29858
0.29858
0.345015
0.343035
0.383267
0.360646
0.3974
0.312165
0.352043
0.324884
0.351392
0.380282
0.347557
0.283046
0.340524
0.377069
0.422733
0.381999
0.340663
0.302472
0.290033
0.330481
0.388154
0.30803
0.328096
0.374074
0.379188
0.38523
0.399571
0.419706
0.381069
0.306731
0.389474
0.394724
0.309194
0.389354
0.3498
0.420413
0.368883
0.324189
0.328709
0.302273
0.302967
0.344637
0.355036
0.344731
0.377127
0.374469
0.38977
0.365105
0.395733
0.356075
0.306731
0.287855
0.350455
0.403813
0.378298
0.409015
0.29858
0.407112
0.281746
0.380205
0.29858
0.377723
0.283046
0.29858
0.401522
0.315139
0.304745
0.369406
0.38841
0.398889
0.293266
0.336946
0.306731
0.396074
0.409963
0.33371
0.335109
0.375449
0.394194
0.420413
0.312165
0.294545
0.37401
0.312165
0.312165
0.41817
0.383865
0.411927
0.29858
0.387227
0.312165
0.372654
0.300389
0.270107
0.269505
0.388248
0.387073
0.349006
0.331626
0.402273
0.346207
0.281589
0.378092
0.369633
0.3622
0.396932
0.306731
0.39116
0.348042
0.361112
0.29661
0.399991
0.296813
0.308434
0.326109
0.384847
0.348255
0.368067
0.420426
0.350455
0.39116
0.29531
0.380846
0.402624
0.378338
0.375594
0.402173
0.336739
0.312165
0.385379
0.418456
0.378658
0.365165
0.303434
0.351152
0.414689
0.311404
0.334324
0.348285
0.374593
0.389137
0.397894
0.38752
0.382126
0.37494
0.29858
0.356228
0.317709
0.29858
0.445705
0.348525
0.374074
0.353114
0.397898
0.419295
0.302967
0.411892
0.351152
0.375609
0.382334
0.339698
0.30296
0.286954
0.421043
0.391174
0.309678
0.370756
0.327631
0.32364
0.41779
0.356824
0.38523
0.384178
0.423256
0.356113
0.39116
0.317859
0.341214
0.383576
0.394254
0.283561
0.420753
0.413827
0.364947
0.31499
0.297264
0.363584
0.347172
0.335109
0.308434
0.270107
0.343596
0.35184
0.317859
0.356242
0.41697
0.29858
0.291708
0.376746
0.380205
0.421043
0.408088
0.393778
0.396711
0.36069
0.36251
0.285856
0.422416
0.29858
0.384126
0.397209
0.403031
0.352425
0.359596
0.417668
0.421563
0.295632
0.300836
0.421043
0.292506
0.270587
0.29858
0.380483
0.371373
0.312165
0.397819
0.370884
0.369326
0.29858
0.307766
0.380205
0.36825
0.29858
0.350041
0.293605
0.286837
0.389354
0.384928
0.312165
0.406338
0.362408
0.333186
0.371511
0.413661
0.296226
0.392783
0.33299
0.366864
0.371297
0.307795
0.303346
0.397319
0.291708
0.285693
0.375229
0.362492
0.393124
0.295632
0.312165
0.420413
0.358982
0.329229
0.323578
0.420413
0.421563
0.370105
0.38523
0.389273
0.386018
0.420228
0.398564
0.317804
0.29858
0.360602
0.394632
0.400684
0.307234
0.38523
0.420753
0.38523
0.387049
0.371231
0.393731
0.316655
0.294084
0.410716
0.306532
0.372603
0.318376
0.367632
0.394547
0.312243
0.305458
0.326546
0.311843
0.405093
0.29858
0.384474
0.402273
0.306731
0.420413
0.387375
0.391853
0.359152
0.404925
0.383004
0.306731
0.363323
0.415665
0.414537
0.291902
0.377826
0.285693
0.378136
0.29858
0.30381
0.410019
0.369842
0.383381
0.353199
0.304745
0.383921
0.387049
0.400011
0.324305
0.411892
0.321082
0.382579
0.34058
0.336383
0.294115
0.325663
0.348355
0.352723
0.41697
0.38523
0.389665
0.403572
0.405536
0.387273
0.304745
0.384629
0.302893
0.328794
0.369427
0.374295
0.347049
0.326699
0.385296
0.389119
0.354058
0.367618
0.369849
0.311407
0.360099
0.279672
0.306731
0.328402
0.360064
0.333429
0.297375
0.380667
0.274013
0.356825
0.299235
0.29858
0.395505
0.41817
0.400169
0.385121
0.411892
0.427957
0.371875
0.39918
0.393124
0.420413
0.344734
0.369016
0.318296
0.39601
0.310675
0.386331
0.357204
0.409791
0.353891
0.343917
0.316151
0.397894
0.294045
0.294112
0.373765
0.370801
0.30041
0.280077
0.394346
0.396214
0.302314
0.312165
0.331153
0.420413
0.420413
0.385121
0.371252
0.341362
0.33604
0.403949
0.340239
0.382875
0.29858
0.411892
0.370675
0.370403
0.38902
0.420753
0.381546
0.306731
0.38523
0.41697
0.375633
0.384243
0.301039
0.290719
0.378037
0.349571
0.296617
0.38268
0.392733
0.39859
0.409658
0.312165
0.42191
0.296617
0.332792
0.399613
0.323162
0.357819
0.302967
0.303192
0.341229
0.280077
0.29858
0.354433
0.422186
0.350704
0.364048
0.314383
0.341378
0.315932
0.407715
0.398506
0.307937
0.335935
0.345197
0.376191
0.372654
0.374124
0.352637
0.387049
0.359684
0.388762
0.312165
0.345503
0.341214
0.269505
0.379192
0.395491
0.3694
0.421626
0.406028
0.351716
0.335935
0.335147
0.41697
0.29858
0.361085
0.360043
0.340312
0.298641
0.294084
0.312165
0.380173
0.294045
0.291708
0.367134
0.408531
0.351709
0.329869
0.375395
0.387073
0.384742
0.300588
0.380205
0.29858
0.372861
0.29858
0.340087
0.369837
0.310201
0.309671
0.375789
0.41697
0.323578
0.285102
0.29858
0.425203
0.343129
0.369471
0.41697
0.298615
0.351152
0.386995
0.361857
0.375813
0.275624
0.316151
0.362902
0.308735
0.369511
0.280703
0.291956
0.312165
0.41697
0.337416
0.350537
0.41779
0.422416
0.383979
0.395392
0.379036
0.364839
0.3708
0.305314
0.432932
0.422186
0.295322
0.381078
0.349532
0.356893
0.340663
