2.31247
2.78131
1.88902
3.26756
1.42249
3.32426
3.00573
2.52092
2.23463
1.16578
1.58188
2.12353
1.37639
3.28048
2.57187
3.05809
1.00569
1.67983
1.23097
1.34169
2.58703
2.56228
1.37531
1.3061
1.20483
1.75423
2.20129
1.0585
0.904605
2.6989
1.05634
1.61251
2.24415
2.53473
1.59605
0.982455
1.74302
1.91518
1.12847
0.885254
2.39463
1.14636
1.36463
2.78131
2.12535
1.02416
1.38921
1.30096
1.05431
1.6335
1.1895
0.988624
1.52429
2.70258
0.859626
3.78233
1.38924
2.07774
2.9057
1.95408
1.76913
1.73317
1.4357
1.36463
1.31703
0.946585
1.45879
1.56807
2.10559
3.00745
1.83962
1.38827
3.00294
2.24592
1.71815
1.45431
1.11556
1.1815
1.72714
1.13491
2.87369
1.13036
2.01554
1.70574
3.06928
1.29844
2.78131
3.28048
2.60407
1.13403
2.67099
0.968448
2.56228
1.5456
3.0503
3.4227
0.91826
1.46005
2.04353
2.16873
1.05839
2.60224
1.1988
1.30469
0.730464
1.16532
3.31909
1.14098
2.78131
0.973377
2.77996
1.93058
2.85585
0.868403
3.35811
3.00771
1.26438
1.37857
1.75788
2.84338
1.52904
2.36191
1.09295
2.43538
1.13002
0.879245
1.00518
2.79708
1.78439
1.53898
1.93256
1.75423
0.865945
3.35295
1.05417
3.1557
2.63511
1.08298
1.21734
1.77682
1.47492
2.10679
1.38043
1.37857
1.13855
1.78586
2.31144
1.28738
1.82322
1.50668
2.00486
2.64305
2.25086
2.29659
3.65089
1.35383
2.80581
0.904605
2.12203
1.35239
2.49261
1.17759
1.38043
1.86634
3.08354
1.80748
1.17869
1.91074
2.7785
3.76827
2.19442
1.29791
1.04861
3.09543
1.17767
1.08029
0.86655
1.64991
2.17053
2.8486
1.34926
1.00518
2.66897
1.72714
1.61907
2.78131
2.12878
2.13768
1.27088
1.27414
2.64305
1.60231
2.23859
1.89063
1.32322
1.04954
1.36463
0.904605
2.64965
0.79431
1.39759
2.26812
0.755142
0.890826
1.36977
2.62647
1.4173
2.32118
2.78131
1.80025
1.95
1.61134
3.76827
1.15617
1.95793
2.92675
1.56759
2.85585
2.1731
1.59439
1.79475
1.39688
2.78131
2.80581
1.9521
0.883035
2.46312
1.35198
1.50901
1.13521
2.48812
2.98319
1.47507
1.37902
2.62647
1.72822
1.29723
2.16538
1.32414
1.70499
1.2987
0.883328
1.9521
0.9027
1.28744
2.85647
1.83901
1.23244
1.9245
1.812
3.18251
1.68178
2.39019
1.79531
2.78131
1.27764
2.79699
2.73335
2.78131
0.883035
1.00518
1.59272
2.78131
1.14086
2.363
1.93128
2.36126
0.966785
1.38043
1.13246
2.42977
2.05901
2.40638
2.17162
1.45753
2.3231
3.76827
0.844134
1.66128
0.956028
2.56472
2.76451
0.900488
2.92205
1.03406
1.24135
2.78131
1.96796
1.19141
1.11427
1.04088
2.34944
0.743905
1.69823
0.922742
0.946585
1.79332
3.78233
1.89929
1.37857
1.71563
2.75974
2.78131
2.52904
1.32636
2.05473
1.14034
1.57857
0.966996
2.17954
3.24389
1.67635
1.81199
1.05176
2.12203
0.807854
1.37081
1.63176
1.55008
2.8486
2.78131
1.40391
2.78131
1.00986
1.22918
3.13893
1.98064
2.14178
1.408
2.3701
1.75136
3.25956
1.6141
2.78129
3.02741
0.901237
2.87369
1.27652
1.5236
1.32195
1.91349
2.56228
2.56228
3.42596
0.980859
0.996428
1.18954
1.17227
0.874858
2.56228
0.91826
1.28437
1.64962
2.85585
1.5246
3.2831
3.26756
0.883035
2.56228
1.66937
1.36463
2.73929
2.43538
1.27101
1.54946
1.25995
1.59001
1.33558
0.91826
1.62211
1.25641
0.895583
2.78131
2.78131
1.0044
2.7785
2.65887
1.12584
3.25219
2.66684
2.00709
2.78131
1.38043
2.01901
1.16578
0.909208
2.04233
1.63691
1.13529
1.36463
3.28048
1.23969
2.78131
1.40008
2.78131
0.885254
1.48147
1.38488
1.8983
2.42382
1.66144
0.859626
2.34719
1.63006
1.87944
2.00933
2.98011
1.18963
2.78131
1.07206
1.38664
0.948131
1.96929
1.38043
2.35151
0.987629
2.97322
3.13643
1.38043
3.31909
2.52395
1.5619
1.61907
1.36463
2.56228
2.71482
2.98634
2.831
2.65693
0.913465
1.37857
1.13523
2.78131
0.872899
1.52971
1.37857
1.75478
1.38822
2.14178
1.34354
2.77569
1.75423
1.50524
0.986889
2.85585
1.88725
1.02152
1.00937
2.95732
1.41165
0.820655
2.83429
1.66858
1.1807
1.72714
1.50582
2.767
2.57187
0.980859
1.39807
2.10559
2.52349
1.88735
2.53653
1.21052
2.79214
2.25131
0.948457
1.58784
2.78131
1.89885
2.42937
0.883035
3.76827
2.14013
1.56993
2.58838
2.56228
3.31909
2.68128
0.883035
3.00745
2.32157
2.34938
2.659
1.17759
2.7218
2.54291
1.90042
1.48635
2.56228
1.23676
2.85585
2.56228
1.8612
2.78131
1.32227
2.78131
1.21288
1.08964
2.9036
1.48635
1.38043
1.9521
2.58398
1.66937
1.15148
2.85585
1.24893
3.08354
2.96774
3.18477
1.55828
0.968448
1.56871
1.29028
1.08029
2.00247
1.4098
1.00518
2.73513
1.81397
1.43135
0.959107
1.31937
2.0269
1.33314
1.20324
1.63006
1.38043
0.858658
0.820655
2.78131
2.78131
1.95582
1.64446
2.83788
2.29234
1.58496
2.23649
0.94007
1.55294
1.23234
1.65429
2.9057
1.06337
2.45619
2.43538
2.42977
1.49699
1.52429
1.5664
2.78131
1.18795
0.883035
2.53364
3.01521
2.57187
1.66858
0.983162
2.75281
2.8139
1.38111
3.10643
2.73335
1.29524
2.56228
2.18378
0.890826
1.89864
3.0211
2.78131
1.16994
1.28943
1.33706
0.950768
1.91349
1.93281
0.91826
1.59253
1.88822
2.0215
2.30754
0.92268
1.90595
3.24713
0.871371
3.28048
1.32414
0.91826
1.33216
2.64881
1.79922
1.78245
1.29191
1.6922
1.89239
2.78131
2.78988
3.30906
2.21912
2.41822
1.91518
2.748
1.20594
2.78131
1.23231
2.05527
1.16561
1.56967
2.28764
1.49489
1.78657
2.51785
1.71672
0.811584
2.43581
1.00166
1.27414
1.0445
1.5832
1.74657
1.00518
0.870853
1.36463
1.23403
1.05303
1.31662
3.51282
1.85042
1.41783
1.34356
1.37857
1.1372
1.48604
1.10183
0.864172
1.24715
2.78131
0.907202
3.16684
3.02543
1.18851
2.54589
1.15091
1.28288
2.23021
2.0084
1.40358
1.14857
1.62868
1.25293
2.56228
1.71998
1.36463
1.89656
1.19038
1.20016
1.74979
1.50961
2.25207
3.0866
1.90363
1.23442
2.3231
1.91349
2.12203
3.76827
1.376
1.96807
1.2295
2.46309
1.40535
2.38166
2.94435
3.24567
1.07235
2.68571
1.75423
0.883035
1.36562
1.32008
1.73803
1.13346
1.31474
2.52812
1.08035
1.36463
1.14255
2.56228
2.05648
1.25558
1.59793
3.11248
1.60882
2.78131
1.67341
3.39216
1.86519
1.4063
0.915348
1.53668
1.88822
1.58498
1.97205
1.20224
1.75423
1.67315
3.79983
2.78131
1.00066
2.78131
1.4493
1.16578
1.22729
2.24356
1.55157
2.41842
0.916967
1.68204
1.26325
2.82248
1.29348
3.26756
1.47873
2.85585
1.69085
3.41472
1.0027
2.79577
1.92089
1.13297
2.80679
1.68815
3.72658
2.78982
2.54589
2.56228
2.77996
2.38249
0.862858
3.01621
0.91826
3.38299
2.12203
3.76827
1.75039
2.70251
1.03597
1.29847
3.24007
1.64448
1.6863
2.11242
1.67637
1.30013
1.4556
3.39141
2.15792
1.38261
2.56932
1.09703
3.76827
1.08051
1.11145
2.43538
1.41705
2.78131
1.92606
2.218
1.00518
1.84709
2.78131
2.59184
1.35252
1.41244
1.25367
2.78131
0.764887
3.19278
2.78131
1.6773
0.993864
1.4754
1.36471
1.13806
0.871371
3.25219
1.26724
1.61686
2.7159
0.913187
2.56472
1.48003
1.84945
2.78131
2.08539
1.02557
2.79355
1.38043
0.999736
2.78131
2.57187
2.78131
1.52599
1.1894
0.767678
1.74018
2.64811
1.2767
1.17403
2.85585
0.932518
0.895583
1.35679
1.32735
1.36907
1.00518
1.78181
1.68442
1.50111
1.31311
3.78233
1.62348
1.3667
2.81109
1.38488
1.30013
2.78131
1.15204
3.24389
1.00808
1.31474
2.24399
2.67099
0.879245
3.35811
2.83259
1.9574
1.65361
1.1325
2.40679
1.91349
1.2987
1.93838
1.73149
3.65089
0.91826
1.85182
0.718622
0.904605
1.34169
1.12371
2.01293
1.1409
1.36959
1.66128
0.903327
2.09647
1.23231
1.33203
1.18215
0.805539
2.08411
1.92204
1.23742
3.13643
2.2897
3.29109
1.77292
1.47507
1.04801
1.33267
1.93991
3.0103
0.883035
3.78233
3.67448
2.02271
1.63946
1.51199
2.40638
2.56228
1.81609
1.93772
1.34988
2.78131
2.0084
1.38969
1.05267
2.87069
0.718622
2.0802
2.36698
1.8034
1.91074
1.30013
2.78131
1.57074
2.37929
0.915999
1.68976
0.883035
1.22353
2.79149
2.56228
1.76418
2.78131
0.872487
0.905391
2.61433
1.79859
1.55818
1.91316
3.09699
0.91204
2.56228
1.44794
0.890826
1.11598
1.11526
0.939695
2.7432
2.85585
1.44317
1.13461
2.94267
1.33508
0.905391
1.95591
2.78131
1.61294
1.62716
0.910735
1.41738
1.53024
1.52774
2.21875
1.21027
1.36952
1.75423
1.67248
1.34841
1.12371
2.56228
0.871371
2.78131
1.46512
3.78233
3.15908
1.34659
2.66217
2.78131
2.9468
0.851165
1.93772
2.43581
1.49083
1.34688
1.82376
2.09792
1.22802
2.01304
2.85585
1.82684
1.05634
3.00745
1.95793
1.81785
2.8213
1.40252
0.91826
1.36463
2.78131
1.61067
1.90482
1.62942
0.883035
1.38043
2.23975
2.75947
3.78233
1.82847
2.39189
1.6973
1.42931
3.3305
2.04259
1.9909
1.75832
1.33508
2.57216
2.6153
0.938138
2.4908
2.39822
1.38488
1.22249
1.4822
1.11145
1.36463
0.91826
1.02745
3.53272
1.09514
2.54974
1.63355
0.804514
2.58562
1.8729
2.43538
1.59001
2.30051
1.43575
1.38043
2.67099
0.883035
1.55318
2.66684
1.81328
1.97461
1.49545
1.79103
1.1815
3.33766
0.808405
2.11457
2.56228
2.56228
1.36977
1.34141
2.57187
1.69602
1.65639
1.76418
1.10139
1.82857
2.78131
0.958439
1.65785
1.51172
1.13183
1.45579
2.78131
1.25882
2.86394
1.73828
1.79551
1.57872
2.69625
1.01479
1.05369
0.976513
1.1173
1.82807
2.0573
1.32525
3.00745
1.17759
1.31474
3.1339
1.35787
0.879245
1.36858
2.78131
1.85405
1.35864
2.00196
3.11355
2.21035
1.60073
2.44757
3.10131
1.31474
2.4324
1.35055
2.43538
2.59165
1.61134
3.29109
1.16443
0.883035
0.91826
0.883035
1.31474
2.53359
2.87069
1.19293
2.58398
1.27408
1.61495
2.78131
3.02173
3.51538
0.909208
1.44104
2.11187
2.85626
1.36463
1.59529
1.54027
1.38839
0.858659
1.7715
2.75944
2.05795
2.16538
0.950481
1.44361
2.07662
3.28954
1.58977
2.95508
1.24167
1.00342
2.43538
2.69375
1.67852
2.3231
1.15091
1.91349
1.31614
2.71881
2.20108
1.10587
1.94398
2.09109
1.67552
3.65089
2.60703
1.11846
1.1493
3.19835
2.29557
1.32956
1.93838
1.91441
2.75974
0.883328
1.78326
1.60113
1.16578
3.27907
1.36463
2.21881
2.09844
2.58473
2.8486
1.13236
2.78131
3.08354
1.43565
1.7102
1.11672
0.859626
3.27907
1.93295
1.56716
1.4624
1.34879
2.71081
1.57492
2.23281
1.24099
1.09697
1.82974
0.883035
1.26085
2.49763
2.3231
1.57578
2.85585
1.54674
1.62676
1.14255
1.32956
2.09241
2.00694
1.6517
3.09363
1.81423
1.38043
1.09731
3.76827
0.913829
3.0327
0.879245
1.91349
3.23689
3.0866
2.38806
2.78131
2.85585
2.56228
0.844015
2.85665
1.25882
1.24557
0.946858
1.99321
3.0103
2.64305
1.29538
1.37338
0.921295
1.36463
1.60444
0.91826
2.21912
1.83013
2.04729
1.09092
0.791439
2.95508
1.56846
3.38299
1.72849
2.15759
2.19832
2.36629
2.12663
1.60129
2.3231
0.890826
2.52395
0.950481
2.78131
1.43565
2.99795
1.86519
1.75121
1.5182
1.50001
1.35892
1.04088
0.928362
1.20272
0.965627
2.28815
2.56228
1.08032
2.69903
1.95793
1.57048
0.926838
2.3231
1.27536
1.42659
1.79513
1.5731
1.1102
1.33677
1.5571
1.9867
1.81029
1.40912
1.63459
0.917628
3.42596
2.78131
1.24908
1.97832
0.904605
1.48826
1.48312
1.086
1.60419
1.82333
2.52875
2.78131
0.755142
2.2079
1.31792
1.24067
1.63565
2.65161
2.56228
2.12227
2.43581
1.11719
2.7785
2.78131
1.23184
3.14655
2.56228
0.855497
1.8612
1.41004
2.01904
1.41647
0.946585
1.62642
1.54568
2.11559
1.23025
2.2645
1.73219
2.27604
2.56228
1.57545
3.00745
1.60063
1.37526
2.78131
1.92693
1.48964
1.38043
2.36191
0.904605
2.64305
1.37857
3.78233
2.01855
3.11301
1.62868
1.70305
1.86818
2.78131
1.35749
3.1557
1.16373
1.31474
1.13076
1.15633
1.23329
2.52897
1.51317
2.06403
1.27414
1.97539
3.10643
2.11242
1.00518
2.85585
1.32397
2.60109
1.8225
0.883328
1.62776
1.54438
2.70702
1.05517
1.31942
2.85585
1.41165
1.37857
1.31474
2.81675
0.91826
2.78131
1.10762
1.65137
2.96181
2.98581
2.78988
0.883328
1.24415
3.00573
1.36463
1.03406
1.59792
1.02226
2.52395
2.56228
2.70258
0.801145
1.94746
0.808405
1.91839
1.74204
1.39238
2.78131
1.02745
2.17902
1.23234
1.38043
1.7367
3.1557
3.29109
1.40602
1.53344
1.2459
3.06734
1.48281
1.79588
1.00518
2.32241
1.27099
1.39083
1.85349
1.45692
2.78131
3.19738
0.890826
2.3231
1.29186
1.17694
2.3701
2.78131
1.19565
3.42704
1.64273
0.983633
2.57491
1.16237
1.38043
3.0328
1.32956
1.97912
2.78131
1.61067
1.26724
1.74359
1.28335
2.30071
1.38248
2.56228
1.37237
1.32443
0.91826
1.84569
3.01121
1.37857
1.36463
1.40297
2.55101
2.54475
1.31137
1.92134
2.57491
1.3075
1.64605
1.37857
1.62384
3.12315
1.46387
2.91988
2.08605
1.56452
1.51845
2.37703
1.37968
1.77729
1.74635
2.17055
3.54913
3.39216
1.32255
1.88282
1.57872
2.25722
1.78523
3.76827
2.78131
1.45665
1.33738
1.69827
0.903327
1.36463
2.78131
2.78131
2.08729
2.14448
1.35285
1.68838
1.14487
2.56228
1.88634
2.29443
2.1162
1.33862
1.75906
3.53272
2.42977
1.40021
0.853496
1.31343
2.12201
2.95508
3.0934
2.12273
1.50243
2.85626
2.24356
1.57492
1.39783
1.36463
1.08058
0.92517
1.39747
2.85585
1.23954
1.04289
2.78251
1.31474
1.97713
0.883035
1.7913
2.40684
2.31361
3.13833
2.66684
1.85042
1.7996
2.13372
1.34469
1.4436
1.19457
1.66938
1.14824
1.68167
2.85585
3.50136
2.00514
1.09514
1.37792
1.03092
2.78131
0.973782
3.2986
1.37857
2.78131
1.42775
3.53272
2.78131
0.982273
2.83275
3.1557
1.72238
1.33939
1.22693
2.60407
2.11314
2.85585
1.04088
0.936037
2.25927
2.54663
1.46894
1.12993
0.883035
2.56228
3.09363
1.61058
2.56228
2.56228
0.980859
1.33314
0.941827
2.78131
1.24748
2.56228
1.28371
3.24649
3.76827
3.74457
1.44794
1.16578
1.8505
2.10678
1.16237
2.20801
3.11301
1.48517
1.65068
1.90105
1.1815
2.85585
1.38043
1.85131
2.01293
3.06563
1.14714
3.14012
2.57187
2.31827
1.27029
2.22682
1.61067
0.885972
2.00514
1.38043
2.83074
1.46512
1.08133
1.39924
1.45819
1.14255
1.91349
2.56228
1.289
0.876954
1.65613
1.63679
3.19278
1.93281
0.905391
2.85509
2.45264
1.77166
1.40698
1.18579
1.08051
1.28204
1.31666
1.37187
2.78131
2.16905
2.43581
2.78131
0.718622
2.3701
1.57492
1.73072
1.12671
0.881395
2.66684
1.00518
1.93281
1.43002
1.34706
1.92604
2.95993
3.43233
0.808405
1.17048
2.80581
1.63404
2.31298
2.50438
0.947004
1.76999
1.36463
1.27739
0.858658
1.61134
1.38043
2.87369
2.12203
1.30509
1.08198
3.27907
0.904605
0.881913
1.51392
2.66498
3.32426
1.72714
2.11242
2.54663
2.57187
3.76827
2.24415
2.06778
2.87369
1.87989
0.91826
2.78131
2.95915
1.49714
1.37857
0.808405
1.01104
1.04315
1.14516
1.89347
1.6226
2.98634
0.871371
2.78131
1.31179
1.22404
1.25419
1.77203
1.86452
0.902472
0.764887
3.30906
3.22456
0.808405
3.17867
3.78233
2.78131
1.42988
1.48635
2.56228
1.26799
1.53678
1.45115
2.78131
2.86034
1.37857
1.53396
2.78131
1.95336
2.97897
2.7785
1.31474
1.28398
2.56228
1.16726
1.76232
2.12361
1.55294
0.94007
2.94597
1.34927
1.89166
1.4928
1.57114
2.91988
2.78292
1.20982
2.95915
2.78988
1.60828
1.56452
1.23231
3.30906
2.56228
0.883035
1.77898
2.21616
2.49766
0.883035
0.764887
1.5686
1.36463
1.15288
1.25882
0.883328
1.10587
2.62515
2.78131
1.73293
1.17204
1.17062
3.16684
1.36463
0.904605
1.36463
1.17759
1.4765
1.18431
2.62647
3.28048
1.01235
2.85387
1.57209
2.52866
1.52801
1.12014
2.53496
3.05508
2.21912
2.09128
1.01764
2.78131
1.28221
1.16237
2.85585
0.883035
1.17418
1.22896
1.87442
1.07259
1.33458
2.85585
1.52429
0.962132
1.0585
3.23689
1.38466
2.78988
1.43253
2.78131
2.72027
1.06377
1.49156
1.3607
1.86779
3.1557
1.35852
1.17759
1.06284
2.59065
1.00518
2.54475
1.25274
2.02425
2.20375
2.56325
2.44757
1.81417
1.84299
0.91826
1.36463
1.14193
1.03406
1.03794
1.20818
3.1557
1.29205
2.65161
2.24757
1.4808
1.54696
2.35725
2.53056
1.27414
1.15772
1.82847
1.62695
1.8729
2.98878
1.65192
3.39752
2.85585
2.29124
2.00009
2.02724
3.06734
1.32459
3.57778
1.85705
2.71755
2.78131
1.27427
0.980859
1.19275
1.35014
1.00518
0.820655
1.52958
1.1281
1.23231
0.883035
1.94615
1.65482
2.38042
1.11391
3.08354
1.49337
1.7993
0.970842
1.79985
1.86519
2.52812
1.08051
3.19405
2.97855
1.40073
1.53074
3.04893
3.14367
1.1698
1.05634
2.91894
2.56228
2.3231
0.883035
0.883035
1.35014
1.62261
2.05987
2.22533
1.24339
2.13189
1.38038
2.78131
1.00518
1.53668
1.43428
1.46231
0.904605
1.35723
2.85585
1.36463
0.91826
1.43072
1.19199
2.97341
3.40717
1.55179
1.98812
3.26756
1.24557
1.33285
1.09577
1.13807
2.56228
0.818236
3.26756
2.17954
1.11477
2.43538
1.70198
2.66684
3.0499
2.08072
3.14367
2.78131
1.83256
0.804514
1.93023
1.4936
2.89338
2.0121
2.71242
0.987734
1.06859
2.97288
2.54589
1.78326
1.43698
1.28371
1.46142
1.82246
1.17759
1.5006
1.09487
2.56228
2.0441
2.12203
3.74457
1.43534
1.14508
1.75788
0.82866
0.898215
1.95797
2.54589
2.05555
0.91826
2.78131
1.60082
1.68773
2.21034
2.9649
3.28048
2.56228
1.34169
3.19405
2.95915
1.7136
0.941448
2.01741
2.24277
1.37029
1.16578
1.2634
2.67743
1.37857
2.78131
1.5254
2.78131
1.99775
1.42514
2.6508
2.767
1.48978
0.91826
2.49766
3.21526
2.78131
0.859626
1.88902
1.43493
0.91826
3.3393
1.93281
1.20812
1.76667
1.23994
3.38299
2.52812
1.58565
2.91439
1.67803
3.31909
3.02741
2.56228
0.91826
2.26842
2.34719
0.947004
0.871371
1.33395
1.05491
1.33717
1.90501
1.43376
3.39216
0.736827
0.804514
3.05885
1.27598
1.69634
1.81574
2.12201
