0.001 3.4036e-008 2.55673e-009
0.002 3.10022e-007 2.05339e-008
0.003 1.46204e-006 8.52142e-008
0.004 4.84442e-006 2.50083e-007
0.005 1.28225e-005 5.93277e-007
0.006 2.90537e-005 1.2217e-006
0.007 5.87555e-005 2.27723e-006
0.008 0.000108959 3.9455e-006
0.009 0.000188744 6.46746e-006
0.01 0.000309457 1.01544e-005
0.011 0.000484904 1.54062e-005
0.012 0.000731522 2.2734e-005
0.013 0.00106852 3.27862e-005
0.014 0.00151801 4.63794e-005
0.015 0.00210508 6.45329e-005
0.016 0.00285786 8.85087e-005
0.017 0.00380754 0.000119855
0.018 0.00498841 0.000160455
0.019 0.00643776 0.000212577
0.02 0.00819584 0.000278936
0.021 0.0103058 0.00036275
0.022 0.0128134 0.000467805
0.023 0.0157672 0.000598524
0.024 0.0192178 0.000760036
0.025 0.0232182 0.000958251
0.026 0.0278231 0.00119993
0.027 0.0330887 0.00149277
0.028 0.0390728 0.00184547
0.029 0.0458337 0.00226781
0.03 0.0534304 0.00277075
0.031 0.0619221 0.00336646
0.032 0.0713677 0.00406843
0.033 0.0818252 0.00489155
0.034 0.0933518 0.00585211
0.035 0.106003 0.00696795
0.036 0.119832 0.00825846
0.037 0.134889 0.00974464
0.038 0.151222 0.0114492
0.039 0.168876 0.0133964
0.04 0.18789 0.0156123
0.041 0.208301 0.0181249
0.042 0.230138 0.0209635
0.043 0.253428 0.0241597
0.044 0.278189 0.0277463
0.045 0.304436 0.031758
0.046 0.332174 0.0362314
0.047 0.361403 0.0412043
0.048 0.392115 0.0467162
0.049 0.424295 0.0528082
0.05 0.457919 0.0595225
0.051 0.492955 0.0669026
0.052 0.529363 0.0749933
0.053 0.567094 0.0838402
0.054 0.606091 0.0934896
0.055 0.646287 0.103989
0.056 0.687606 0.115385
0.057 0.729965 0.127726
0.058 0.773271 0.14106
0.059 0.817421 0.155434
0.06 0.862306 0.170895
0.061 0.907807 0.18749
0.062 0.953799 0.205265
0.063 1.00015 0.224262
0.064 1.04671 0.244525
0.065 1.09333 0.266095
0.066 1.13987 0.289009
0.067 1.18616 0.313305
0.068 1.23203 0.339015
0.069 1.27731 0.36617
0.07 1.32183 0.394796
0.071 1.36541 0.424917
0.072 1.40787 0.45655
0.073 1.44902 0.489712
0.074 1.48868 0.52441
0.075 1.52667 0.560651
0.076 1.5628 0.598433
0.077 1.59688 0.637751
0.078 1.62875 0.678592
0.079 1.65821 0.720938
0.08 1.6851 0.764764
0.081 1.70925 0.81004
0.082 1.7305 0.856727
0.083 1.74869 0.904779
0.084 1.76368 0.954146
0.085 1.77532 1.00477
0.086 1.78348 1.05657
0.087 1.78805 1.10949
0.088 1.78892 1.16344
0.089 1.78599 1.21833
0.09 1.77918 1.27407
0.091 1.76842 1.33054
0.092 1.75365 1.38764
0.093 1.73483 1.44524
0.094 1.71194 1.50322
0.095 1.68496 1.56145
0.096 1.6539 1.61978
0.097 1.61878 1.67807
0.098 1.57964 1.73616
0.099 1.53654 1.7939
0.1 1.48954 1.85111
0.101 1.43875 1.90763
0.102 1.38427 1.96328
0.103 1.32622 2.01789
0.104 1.26474 2.07126
0.105 1.2 2.12322
0.106 1.13216 2.17357
0.107 1.06143 2.22213
0.108 0.988006 2.26869
0.109 0.91211 2.31308
0.11 0.833982 2.35508
0.111 0.75387 2.39452
0.112 0.67204 2.4312
0.113 0.588766 2.46493
0.114 0.504335 2.49552
0.115 0.419044 2.5228
0.116 0.3332 2.54658
0.117 0.247116 2.56669
0.118 0.161114 2.58296
0.119 0.0755195 2.59523
0.12 -0.00933627 2.60335
0.121 -0.0931195 2.60718
0.122 -0.175495 2.60657
0.123 -0.256126 2.60141
0.124 -0.33468 2.59158
0.125 -0.410823 2.57697
0.126 -0.484229 2.55749
0.127 -0.554574 2.53307
0.128 -0.621545 2.50363
0.129 -0.684834 2.46913
0.13 -0.744144 2.42953
0.131 -0.799189 2.3848
0.132 -0.849698 2.33493
0.133 -0.895411 2.27994
0.134 -0.936085 2.21985
0.135 -0.971494 2.1547
0.136 -1.00143 2.08455
0.137 -1.0257 2.00946
0.138 -1.04414 1.92955
0.139 -1.0566 1.84491
0.14 -1.06295 1.75567
0.141 -1.0631 1.66197
0.142 -1.05696 1.56398
0.143 -1.04448 1.46187
0.144 -1.02563 1.35584
0.145 -1.00042 1.24609
0.146 -0.968851 1.13286
0.147 -0.93099 1.01639
0.148 -0.886911 0.896939
0.149 -0.836716 0.774771
0.15 -0.780538 0.650177
0.151 -0.718535 0.523455
0.152 -0.650889 0.394919
0.153 -0.577812 0.26489
0.154 -0.499541 0.133702
0.155 -0.416335 0.00169938
0.156 -0.328481 -0.130766
0.157 -0.236287 -0.263334
0.158 -0.140087 -0.395638
0.159 -0.0402314 -0.527307
0.16 0.0629043 -0.657964
0.161 0.168928 -0.787231
0.162 0.277428 -0.914726
0.163 0.387979 -1.04007
0.164 0.500137 -1.16288
0.165 0.613448 -1.28278
0.166 0.727444 -1.39939
0.167 0.84165 -1.51235
0.168 0.95558 -1.62129
0.169 1.06874 -1.72586
0.17 1.18065 -1.82571
0.171 1.29079 -1.92051
0.172 1.39868 -2.00992
0.173 1.50382 -2.09364
0.174 1.60571 -2.17138
0.175 1.70388 -2.24284
0.176 1.79784 -2.30778
0.177 1.88713 -2.36593
0.178 1.97128 -2.41708
0.179 2.04987 -2.46101
0.18 2.12246 -2.49754
0.181 2.18865 -2.52651
0.182 2.24804 -2.54777
0.183 2.30028 -2.56122
0.184 2.34502 -2.56674
0.185 2.38194 -2.56429
0.186 2.41076 -2.55382
0.187 2.43121 -2.53531
0.188 2.44306 -2.50878
0.189 2.44611 -2.47426
0.19 2.44019 -2.43183
0.191 2.42516 -2.38156
0.192 2.40093 -2.3236
0.193 2.36742 -2.25807
0.194 2.3246 -2.18517
0.195 2.27248 -2.10509
0.196 2.21111 -2.01805
0.197 2.14055 -1.92432
0.198 2.06094 -1.82417
0.199 1.9724 -1.71791
0.2 1.87515 -1.60587
0.201 1.7694 -1.48839
0.202 1.65542 -1.36586
0.203 1.53349 -1.23866
0.204 1.40396 -1.1072
0.205 1.26719 -0.971929
0.206 1.12357 -0.833285
0.207 0.97354 -0.691736
0.208 0.817546 -0.547762
0.209 0.656078 -0.401853
0.21 0.48965 -0.254514
0.211 0.318798 -0.106257
0.212 0.144084 0.0423976
0.213 -0.0339122 0.190924
0.214 -0.21459 0.338792
0.215 -0.397333 0.485469
0.216 -0.581509 0.630422
0.217 -0.766477 0.773119
0.218 -0.951583 0.913033
0.219 -1.13617 1.04964
0.22 -1.31957 1.18243
0.221 -1.50112 1.31089
0.222 -1.68016 1.43452
0.223 -1.85601 1.55285
0.224 -2.02804 1.66541
0.225 -2.19559 1.77174
0.226 -2.35802 1.87142
0.227 -2.51471 1.96402
0.228 -2.66506 2.04917
0.229 -2.80849 2.12648
0.23 -2.94443 2.19562
0.231 -3.07233 2.25627
0.232 -3.19168 2.30814
0.233 -3.30201 2.35097
0.234 -3.40284 2.38453
0.235 -3.49377 2.40861
0.236 -3.5744 2.42306
0.237 -3.64439 2.42772
0.238 -3.70342 2.4225
0.239 -3.75121 2.40734
0.24 -3.78753 2.3822
0.241 -3.81221 2.34707
0.242 -3.82508 2.302
0.243 -3.82605 2.24706
0.244 -3.81506 2.18235
0.245 -3.79209 2.10801
0.246 -3.7572 2.02423
0.247 -3.71044 1.93121
0.248 -3.65195 1.8292
0.249 -3.58191 1.71847
0.25 -3.50053 1.59934
0.251 -3.40807 1.47214
0.252 -3.30485 1.33726
0.253 -3.1912 1.19508
0.254 -3.06754 1.04605
0.255 -2.93428 0.89061
0.256 -2.79191 0.729249
0.257 -2.64093 0.562469
0.258 -2.48189 0.390796
0.259 -2.31538 0.214778
0.26 -2.14201 0.0349768
0.261 -1.96242 -0.148025
0.262 -1.77728 -0.333634
0.263 -1.5873 -0.521244
0.264 -1.39318 -0.710237
0.265 -1.19567 -0.899988
0.266 -0.995513 -1.08987
0.267 -0.793492 -1.27925
0.268 -0.59038 -1.46749
0.269 -0.386965 -1.65395
0.27 -0.18404 -1.83802
0.271 0.0176003 -2.01907
0.272 0.217164 -2.19647
0.273 0.413864 -2.36964
0.274 0.606919 -2.53797
0.275 0.795559 -2.70088
0.276 0.979031 -2.85783
0.277 1.1566 -3.00826
0.278 1.32754 -3.15166
0.279 1.49116 -3.28753
0.28 1.64679 -3.4154
0.281 1.79379 -3.53483
0.282 1.93156 -3.64539
0.283 2.05952 -3.74671
0.284 2.17714 -3.83843
0.285 2.28391 -3.92023
0.286 2.37937 -3.99182
0.287 2.46313 -4.05295
0.288 2.5348 -4.10341
0.289 2.59406 -4.14301
0.29 2.64064 -4.17162
0.291 2.67432 -4.18914
0.292 2.69492 -4.19551
0.293 2.70233 -4.1907
0.294 2.69646 -4.17473
0.295 2.67732 -4.14765
0.296 2.64492 -4.10957
0.297 2.59937 -4.06062
0.298 2.54081 -4.00097
0.299 2.46943 -3.93084
0.3 2.38548 -3.85047
0.301 2.28927 -3.76015
0.302 2.18114 -3.6602
0.303 2.0615 -3.55098
0.304 1.93079 -3.43287
0.305 1.78951 -3.3063
0.306 1.6382 -3.17172
0.307 1.47744 -3.02959
0.308 1.30786 -2.88044
0.309 1.13011 -2.72478
0.31 0.944898 -2.56318
0.311 0.752948 -2.3962
0.312 0.555021 -2.22443
0.313 0.351906 -2.04849
0.314 0.144413 -1.86899
0.315 -0.066623 -1.68657
0.316 -0.280352 -1.50187
0.317 -0.495909 -1.31554
0.318 -0.712417 -1.12823
0.319 -0.928993 -0.940602
0.32 -1.14475 -0.753307
0.321 -1.35879 -0.566997
0.322 -1.57025 -0.382318
0.323 -1.77823 -0.199908
0.324 -1.98187 -0.0203934
0.325 -2.18032 0.155612
0.326 -2.37273 0.327508
0.327 -2.5583 0.494715
0.328 -2.73623 0.65667
0.329 -2.90575 0.812835
0.33 -3.06614 0.962695
0.331 -3.21669 1.10576
0.332 -3.35674 1.24157
0.333 -3.48566 1.36969
0.334 -3.60288 1.48972
0.335 -3.70786 1.6013
0.336 -3.80011 1.70409
0.337 -3.87918 1.7978
0.338 -3.94469 1.88216
0.339 -3.99631 1.95695
0.34 -4.03375 2.02198
0.341 -4.05678 2.07711
0.342 -4.06524 2.12224
0.343 -4.05901 2.1573
0.344 -4.03804 2.18225
0.345 -4.00235 2.19712
0.346 -3.95199 2.20197
0.347 -3.88709 2.19688
0.348 -3.80783 2.18198
0.349 -3.71445 2.15746
0.35 -3.60726 2.12352
0.351 -3.48661 2.08042
0.352 -3.35291 2.02842
0.353 -3.20662 1.96786
0.354 -3.04826 1.89909
0.355 -2.8784 1.82249
0.356 -2.69765 1.73847
0.357 -2.50667 1.64749
0.358 -2.30616 1.55
0.359 -2.09687 1.44651
0.36 -1.87958 1.33754
0.361 -1.6551 1.22362
0.362 -1.42429 1.10531
0.363 -1.188 0.983192
0.364 -0.947152 0.857847
0.365 -0.702654 0.729876
0.366 -0.455445 0.599888
0.367 -0.206475 0.468496
0.368 0.043296 0.33632
0.369 0.292903 0.203978
0.37 0.541379 0.0720894
0.371 0.787759 -0.0587315
0.372 1.03108 -0.187877
0.373 1.2704 -0.314748
0.374 1.50479 -0.438756
0.375 1.73331 -0.559328
0.376 1.95509 -0.675907
0.377 2.16925 -0.787954
0.378 2.37494 -0.894951
0.379 2.57136 -0.996402
0.38 2.75774 -1.09184
0.381 2.93333 -1.18082
0.382 3.09746 -1.26292
0.383 3.24947 -1.33777
0.384 3.38877 -1.40501
0.385 3.5148 -1.46433
0.386 3.62708 -1.51544
0.387 3.72515 -1.5581
0.388 3.80865 -1.59209
0.389 3.87723 -1.61725
0.39 3.93065 -1.63344
0.391 3.96869 -1.64058
0.392 3.99122 -1.6386
0.393 3.99815 -1.62749
0.394 3.98949 -1.60729
0.395 3.96527 -1.57805
0.396 3.92561 -1.53989
0.397 3.87068 -1.49295
0.398 3.80074 -1.43742
0.399 3.71609 -1.37351
0.4 3.61708 -1.30149
0.401 3.50414 -1.22165
0.402 3.37776 -1.13432
0.403 3.23847 -1.03987
0.404 3.08687 -0.938686
0.405 2.9236 -0.831194
0.406 2.74936 -0.717848
0.407 2.56489 -0.599127
0.408 2.37098 -0.475534
0.409 2.16844 -0.347594
0.41 1.95815 -0.215853
0.411 1.741 -0.0808731
0.412 1.51793 0.0567677
0.413 1.28987 0.196479
0.414 1.05782 0.33766
0.415 0.822773 0.479702
0.416 0.585732 0.621992
0.417 0.347722 0.763916
0.418 0.10977 0.904858
0.419 -0.127093 1.04421
0.42 -0.36184 1.18135
0.421 -0.59345 1.3157
0.422 -0.820911 1.44666
0.423 -1.04323 1.57367
0.424 -1.25942 1.69616
0.425 -1.46854 1.81359
0.426 -1.66966 1.92545
0.427 -1.86189 2.03124
0.428 -2.04435 2.13049
0.429 -2.21624 2.22276
0.43 -2.37676 2.30763
0.431 -2.52519 2.38473
0.432 -2.66084 2.45371
0.433 -2.78308 2.51424
0.434 -2.89132 2.56607
0.435 -2.98504 2.60893
0.436 -3.06378 2.64264
0.437 -3.12714 2.66703
0.438 -3.17478 2.68198
0.439 -3.20641 2.68741
0.44 -3.22184 2.68327
0.441 -3.22093 2.66958
0.442 -3.2036 2.64637
0.443 -3.16985 2.61374
0.444 -3.11974 2.5718
0.445 -3.0534 2.52074
0.446 -2.97105 2.46076
0.447 -2.87295 2.39212
0.448 -2.75943 2.31509
0.449 -2.6309 2.23002
0.45 -2.48783 2.13726
0.451 -2.33075 2.03721
0.452 -2.16025 1.93031
0.453 -1.97698 1.81702
0.454 -1.78163 1.69784
0.455 -1.57498 1.57328
0.456 -1.35783 1.44391
0.457 -1.13104 1.31029
0.458 -0.895504 1.17301
0.459 -0.652163 1.03269
0.46 -0.401993 0.889965
0.461 -0.146003 0.745466
0.462 0.114769 0.599851
0.463 0.379263 0.453782
0.464 0.646396 0.307926
0.465 0.915072 0.162953
0.466 1.18418 0.0195315
0.467 1.45261 -0.121672
0.468 1.71925 -0.259998
0.469 1.98297 -0.394796
0.47 2.24268 -0.525427
0.471 2.49727 -0.651266
0.472 2.74567 -0.771708
0.473 2.98682 -0.886165
0.474 3.21969 -0.994073
0.475 3.44328 -1.09489
0.476 3.65661 -1.18812
0.477 3.85876 -1.27326
0.478 4.04883 -1.34988
0.479 4.22598 -1.41756
0.48 4.38941 -1.47591
0.481 4.5384 -1.52461
0.482 4.67224 -1.56335
0.483 4.79031 -1.59188
0.484 4.89206 -1.60997
0.485 4.97697 -1.61746
0.486 5.04461 -1.61423
0.487 5.09463 -1.60018
0.488 5.12671 -1.57528
0.489 5.14065 -1.53956
0.49 5.13629 -1.49306
0.491 5.11355 -1.43589
0.492 5.07243 -1.36821
0.493 5.01301 -1.29022
0.494 4.93544 -1.20215
0.495 4.83993 -1.10431
0.496 4.72677 -0.997031
0.497 4.59635 -0.880687
0.498 4.4491 -0.755701
0.499 4.28552 -0.622534
0.5 4.1062 -0.481686
0.501 3.91178 -0.333694
0.502 3.70296 -0.179129
0.503 3.48052 -0.0185978
0.504 3.24527 0.147266
0.505 2.99811 0.317799
0.506 2.73996 0.492311
0.507 2.4718 0.670092
0.508 2.19466 0.850409
0.509 1.90959 1.03251
0.51 1.6177 1.21564
0.511 1.32012 1.39902
0.512 1.018 1.58187
0.513 0.712526 1.7634
0.514 0.404891 1.94283
0.515 0.0963036 2.11935
0.516 -0.212018 2.29221
0.517 -0.518855 2.46061
0.518 -0.82299 2.62379
0.519 -1.12321 2.78102
0.52 -1.41833 2.93155
0.521 -1.70715 3.07468
0.522 -1.98852 3.20972
0.523 -2.2613 3.33601
0.524 -2.52441 3.45292
0.525 -2.77676 3.55985
0.526 -3.01734 3.65624
0.527 -3.24516 3.74156
0.528 -3.4593 3.81534
0.529 -3.65887 3.87711
0.53 -3.84305 3.92649
0.531 -4.01108 3.96313
0.532 -4.16226 3.9867
0.533 -4.29597 3.99696
0.534 -4.41162 3.99371
0.535 -4.50873 3.97678
0.536 -4.58689 3.94607
0.537 -4.64575 3.90154
0.538 -4.68504 3.84319
0.539 -4.70458 3.77108
0.54 -4.70426 3.68532
0.541 -4.68406 3.58609
0.542 -4.64401 3.47359
0.543 -4.58427 3.34811
0.544 -4.50505 3.20998
0.545 -4.40663 3.05957
0.546 -4.28939 2.89732
0.547 -4.15379 2.72369
0.548 -4.00034 2.53922
0.549 -3.82965 2.34448
0.55 -3.64239 2.14007
0.551 -3.43931 1.92667
0.552 -3.2212 1.70495
0.553 -2.98894 1.47566
0.554 -2.74346 1.23956
0.555 -2.48574 0.997434
0.556 -2.21683 0.750118
0.557 -1.93782 0.498457
0.558 -1.64983 0.243321
0.559 -1.35404 -0.0144005
0.56 -1.05165 -0.273804
0.561 -0.743901 -0.533974
0.562 -0.432059 -0.793987
0.563 -0.117404 -1.05292
0.564 0.198767 -1.30983
0.565 0.515144 -1.5638
0.566 0.830416 -1.81392
0.567 1.14327 -2.05926
0.568 1.4524 -2.29894
0.569 1.75651 -2.53208
0.57 2.05432 -2.75781
0.571 2.34458 -2.9753
0.572 2.62606 -3.18374
0.573 2.89755 -3.38236
0.574 3.1579 -3.57041
0.575 3.40598 -3.74719
0.576 3.64073 -3.91203
0.577 3.86112 -4.06431
0.578 4.06617 -4.20344
0.579 4.255 -4.3289
0.58 4.42673 -4.44019
0.581 4.58061 -4.5369
0.582 4.71591 -4.61864
0.583 4.83201 -4.6851
0.584 4.92833 -4.73599
0.585 5.0044 -4.77113
0.586 5.0598 -4.79035
0.587 5.09423 -4.79358
0.588 5.10744 -4.78077
0.589 5.09929 -4.75197
0.59 5.06969 -4.70726
0.591 5.01867 -4.64679
0.592 4.94633 -4.57079
0.593 4.85287 -4.47951
0.594 4.73856 -4.37329
0.595 4.60377 -4.25253
0.596 4.44892 -4.11765
0.597 4.27455 -3.96916
0.598 4.08127 -3.80762
0.599 3.86975 -3.63361
0.6 3.64076 -3.4478
0.601 3.39512 -3.25087
0.602 3.13373 -3.04357
0.603 2.85756 -2.82668
0.604 2.56763 -2.60102
0.605 2.26502 -2.36744
0.606 1.95087 -2.12682
0.607 1.62638 -1.88008
0.608 1.29276 -1.62816
0.609 0.951286 -1.37202
0.61 0.603268 -1.11263
0.611 0.250038 -0.850984
0.612 -0.107045 -0.588087
0.613 -0.466604 -0.324944
0.614 -0.827249 -0.0625653
0.615 -1.18758 0.198041
0.616 -1.5462 0.455872
0.617 -1.9017 0.709933
0.618 -2.25271 0.959246
0.619 -2.59785 1.20285
0.62 -2.93575 1.43979
0.621 -3.26511 1.66916
0.622 -3.58461 1.89007
0.623 -3.893 2.10165
0.624 -4.18906 2.30309
0.625 -4.47162 2.49359
0.626 -4.73955 2.67242
0.627 -4.99179 2.83887
0.628 -5.22733 2.99228
0.629 -5.44523 3.13207
0.63 -5.64462 3.25766
0.631 -5.82469 3.36857
0.632 -5.98471 3.46436
0.633 -6.12405 3.54463
0.634 -6.24212 3.60907
0.635 -6.33845 3.65741
0.636 -6.41263 3.68945
0.637 -6.46435 3.70504
0.638 -6.49339 3.70413
0.639 -6.49961 3.68668
0.64 -6.48297 3.65276
0.641 -6.44351 3.60248
0.642 -6.38137 3.53602
0.643 -6.29677 3.45362
0.644 -6.19003 3.35558
0.645 -6.06155 3.24227
0.646 -5.91183 3.11411
0.647 -5.74143 2.97157
0.648 -5.55101 2.8152
0.649 -5.34132 2.64559
0.65 -5.11316 2.46338
0.651 -4.86742 2.26926
0.652 -4.60507 2.06396
0.653 -4.32712 1.84826
0.654 -4.03467 1.623
0.655 -3.72886 1.38902
0.656 -3.4109 1.14722
0.657 -3.08203 0.898517
0.658 -2.74354 0.643868
0.659 -2.39678 0.384244
0.66 -2.04311 0.120637
0.661 -1.68392 -0.145945
0.662 -1.32063 -0.414481
0.663 -0.954681 -0.683943
0.664 -0.587517 -0.9533
0.665 -0.220589 -1.22152
0.666 0.144648 -1.48758
0.667 0.506751 -1.75046
0.668 0.864283 -2.00914
0.669 1.21583 -2.26265
0.67 1.56 -2.51002
0.671 1.89542 -2.75028
0.672 2.22077 -2.98254
0.673 2.53476 -3.2059
0.674 2.83614 -3.4195
0.675 3.12372 -3.62254
0.676 3.39636 -3.81424
0.677 3.65298 -3.99387
0.678 3.89256 -4.16074
0.679 4.11415 -4.31423
0.68 4.31689 -4.45376
0.681 4.49997 -4.5788
0.682 4.66267 -4.68887
0.683 4.80435 -4.78357
0.684 4.92446 -4.86255
0.685 5.02254 -4.92551
0.686 5.09819 -4.97223
0.687 5.15113 -5.00255
0.688 5.18118 -5.01635
0.689 5.18822 -5.0136
0.69 5.17224 -4.99433
0.691 5.13332 -4.95863
0.692 5.07165 -4.90665
0.693 4.98748 -4.83862
0.694 4.88119 -4.7548
0.695 4.75321 -4.65555
0.696 4.60408 -4.54125
0.697 4.43442 -4.41237
0.698 4.24495 -4.26941
0.699 4.03645 -4.11296
0.7 3.80978 -3.94361
0.701 3.56589 -3.76205
0.702 3.30577 -3.56898
0.703 3.03052 -3.36517
0.704 2.74126 -3.1514
0.705 2.4392 -2.92852
0.706 2.12558 -2.6974
0.707 1.8017 -2.45892
0.708 1.46889 -2.21402
0.709 1.12854 -1.96365
0.71 0.78205 -1.70877
0.711 0.430855 -1.45036
0.712 0.0764095 -1.18943
0.713 -0.279818 -0.926966
0.714 -0.636351 -0.663976
0.715 -0.99171 -0.401467
0.716 -1.34442 -0.140435
0.717 -1.69302 0.118128
0.718 -2.03604 0.373245
0.719 -2.37208 0.623955
0.72 -2.69972 0.869318
0.721 -3.01759 1.10842
0.722 -3.32437 1.34036
0.723 -3.61876 1.5643
0.724 -3.89954 1.7794
0.725 -4.16551 1.98489
0.726 -4.41556 2.18002
0.727 -4.64862 2.3641
0.728 -4.86371 2.53646
0.729 -5.05989 2.69651
0.73 -5.23633 2.8437
0.731 -5.39227 2.97753
0.732 -5.52701 3.09756
0.733 -5.63997 3.2034
0.734 -5.73064 3.29474
0.735 -5.79859 3.3713
0.736 -5.8435 3.43289
0.737 -5.86513 3.47937
0.738 -5.86335 3.51064
0.739 -5.83811 3.52671
0.74 -5.78946 3.52762
0.741 -5.71755 3.51347
0.742 -5.62262 3.48444
0.743 -5.50499 3.44076
0.744 -5.3651 3.38272
0.745 -5.20346 3.31068
0.746 -5.02067 3.22503
0.747 -4.81743 3.12625
0.748 -4.59452 3.01486
0.749 -4.35278 2.89141
0.75 -4.09315 2.75652
0.751 -3.81664 2.61087
0.752 -3.52431 2.45515
0.753 -3.21731 2.29011
0.754 -2.89684 2.11654
0.755 -2.56416 1.93525
0.756 -2.22056 1.7471
0.757 -1.86741 1.55295
0.758 -1.50608 1.35372
0.759 -1.13802 1.1503
0.76 -0.764664 0.943651
0.761 -0.387497 0.734705
0.762 -0.00800938 0.524418
0.763 0.372295 0.313748
0.764 0.751909 0.103654
0.765 1.12933 -0.104911
0.766 1.50305 -0.311003
0.767 1.87159 -0.513686
0.768 2.23349 -0.712045
0.769 2.58731 -0.90518
0.77 2.93165 -1.09222
0.771 3.26512 -1.27231
0.772 3.58642 -1.44464
0.773 3.89425 -1.60843
0.774 4.18741 -1.76293
0.775 4.46471 -1.90743
0.776 4.72506 -2.04128
0.777 4.96744 -2.16386
0.778 5.19086 -2.2746
0.779 5.39447 -2.37299
0.78 5.57744 -2.45856
0.781 5.73905 -2.53091
0.782 5.87868 -2.58969
0.783 5.99577 -2.6346
0.784 6.08987 -2.66542
0.785 6.16062 -2.68197
0.786 6.20774 -2.68414
0.787 6.23108 -2.67189
0.788 6.23055 -2.64522
0.789 6.20617 -2.60421
0.79 6.15807 -2.549
0.791 6.08646 -2.47979
0.792 5.99165 -2.39684
0.793 5.87404 -2.30046
0.794 5.73414 -2.19103
0.795 5.57252 -2.06898
0.796 5.38988 -1.93481
0.797 5.18697 -1.78905
0.798 4.96465 -1.63228
0.799 4.72383 -1.46516
0.8 4.46551 -1.28836
0.801 4.19078 -1.10261
0.802 3.90077 -0.908673
0.803 3.59669 -0.707356
0.804 3.27979 -0.499492
0.805 2.9514 -0.285947
0.806 2.61287 -0.0676114
0.807 2.26561 0.154602
0.808 1.91105 0.37976
0.809 1.55068 0.606918
0.81 1.18598 0.835118
0.811 0.818461 1.0634
0.812 0.44966 1.29079
0.813 0.081104 1.51632
0.814 -0.285675 1.73905
0.815 -0.649152 1.95801
0.816 -1.00781 2.17228
0.817 -1.36017 2.38093
0.818 -1.70474 2.58306
0.819 -2.04011 2.7778
0.82 -2.36485 2.96432
0.821 -2.67762 3.14179
0.822 -2.97711 3.30944
0.823 -3.26206 3.46654
0.824 -3.53127 3.61238
0.825 -3.78361 3.74633
0.826 -4.01801 3.86778
0.827 -4.23348 3.97617
0.828 -4.4291 4.07102
0.829 -4.60405 4.15189
0.83 -4.75756 4.21837
0.831 -4.88898 4.27016
0.832 -4.99773 4.30697
0.833 -5.08333 4.32862
0.834 -5.1454 4.33496
0.835 -5.18364 4.3259
0.836 -5.19787 4.30144
0.837 -5.18799 4.26162
0.838 -5.15401 4.20656
0.839 -5.09603 4.13643
0.84 -5.01425 4.05148
0.841 -4.90898 3.952
0.842 -4.78061 3.83836
0.843 -4.62965 3.71098
0.844 -4.45666 3.57034
0.845 -4.26235 3.41698
0.846 -4.04746 3.25148
0.847 -3.81286 3.0745
0.848 -3.55948 2.88673
0.849 -3.28833 2.68889
0.85 -3.0005 2.48178
0.851 -2.69715 2.26621
0.852 -2.3795 2.04304
0.853 -2.04883 1.81318
0.854 -1.70649 1.57754
0.855 -1.35385 1.33706
0.856 -0.992366 1.09273
0.857 -0.623496 0.845533
0.858 -0.248749 0.596474
0.859 0.130345 0.346569
0.86 0.512234 0.0968389
0.861 0.895352 -0.151691
0.862 1.27813 -0.398
0.863 1.65898 -0.641072
0.864 2.03634 -0.879902
0.865 2.40866 -1.1135
0.866 2.77439 -1.34089
0.867 3.13201 -1.56114
0.868 3.48004 -1.7733
0.869 3.81702 -1.97651
0.87 4.14155 -2.16989
0.871 4.45228 -2.35262
0.872 4.74788 -2.52394
0.873 5.02712 -2.68311
0.874 5.2888 -2.82944
0.875 5.53183 -2.96229
0.876 5.75514 -3.08109
0.877 5.95779 -3.18531
0.878 6.13888 -3.27449
0.879 6.29763 -3.34822
0.88 6.43332 -3.40615
0.881 6.54534 -3.448
0.882 6.63317 -3.47356
0.883 6.69639 -3.48267
0.884 6.73466 -3.47527
0.885 6.74777 -3.45132
0.886 6.73558 -3.41088
0.887 6.69808 -3.35408
0.888 6.63534 -3.2811
0.889 6.54754 -3.1922
0.89 6.43497 -3.08768
0.891 6.29801 -2.96795
0.892 6.13712 -2.83345
0.893 5.95291 -2.68469
0.894 5.74602 -2.52223
0.895 5.51723 -2.34671
0.896 5.26739 -2.15882
0.897 4.99743 -1.95928
0.898 4.70838 -1.74888
0.899 4.40134 -1.52846
0.9 4.07747 -1.29889
0.901 3.73801 -1.06109
0.902 3.38428 -0.816013
0.903 3.01763 -0.564648
0.904 2.63948 -0.308008
0.905 2.2513 -0.0471358
0.906 1.85458 0.216908
0.907 1.45089 0.483044
0.908 1.04178 0.750181
0.909 0.628856 1.01722
0.91 0.213728 1.28306
0.911 -0.201979 1.54659
0.912 -0.616638 1.80673
0.913 -1.02862 2.06237
0.914 -1.43632 2.31246
0.915 -1.83812 2.55592
0.916 -2.23246 2.79174
0.917 -2.61777 3.01889
0.918 -2.99255 3.23642
0.919 -3.35532 3.44337
0.92 -3.70465 3.63884
0.921 -4.03916 3.82198
0.922 -4.35754 3.99196
0.923 -4.65853 4.14803
0.924 -4.94094 4.28947
0.925 -5.20367 4.41562
0.926 -5.44568 4.52589
0.927 -5.66601 4.61973
0.928 -5.8638 4.69667
0.929 -6.03827 4.75629
0.93 -6.18874 4.79827
0.931 -6.31462 4.82231
0.932 -6.41541 4.82821
0.933 -6.49074 4.81584
0.934 -6.5403 4.78512
0.935 -6.56391 4.73608
0.936 -6.5615 4.66878
0.937 -6.53307 4.58339
0.938 -6.47877 4.4801
0.939 -6.39881 4.35924
0.94 -6.29354 4.22114
0.941 -6.16338 4.06625
0.942 -6.00888 3.89505
0.943 -5.83066 3.70812
0.944 -5.62945 3.50607
0.945 -5.40608 3.28959
0.946 -5.16145 3.05943
0.947 -4.89657 2.81637
0.948 -4.6125 2.56128
0.949 -4.3104 2.29504
0.95 -3.9915 2.01861
0.951 -3.65711 1.73297
0.952 -3.30857 1.43915
0.953 -2.94731 1.1382
0.954 -2.57479 0.831209
0.955 -2.19253 0.519295
0.956 -1.80209 0.203592
0.957 -1.40504 -0.114747
0.958 -1.00302 -0.434556
0.959 -0.597655 -0.754662
0.96 -0.190596 -1.07389
0.961 0.216495 -1.39106
0.962 0.62196 -1.705
0.963 1.02414 -2.01456
0.964 1.4214 -2.31859
0.965 1.81211 -2.61596
0.966 2.19468 -2.90556
0.967 2.56753 -3.18634
0.968 2.92915 -3.45724
0.969 3.27803 -3.71726
0.97 3.61276 -3.96543
0.971 3.93196 -4.20084
0.972 4.2343 -4.42261
0.973 4.51853 -4.62991
0.974 4.78349 -4.82198
0.975 5.02807 -4.99811
0.976 5.25125 -5.15765
0.977 5.4521 -5.30002
0.978 5.62977 -5.42468
0.979 5.78351 -5.53119
0.98 5.91266 -5.61916
0.981 6.01666 -5.68828
0.982 6.09506 -5.7383
0.983 6.1475 -5.76906
0.984 6.17373 -5.78045
0.985 6.1736 -5.77246
0.986 6.14708 -5.74514
0.987 6.09422 -5.69862
0.988 6.0152 -5.63308
0.989 5.9103 -5.54882
0.99 5.77989 -5.44616
0.991 5.62446 -5.32553
0.992 5.44459 -5.18741
0.993 5.24096 -5.03235
0.994 5.01435 -4.86097
0.995 4.76563 -4.67393
0.996 4.49577 -4.47199
0.997 4.20579 -4.25593
0.998 3.89684 -4.02661
0.999 3.5701 -3.78491
1 3.22687 -3.5318
