0.001 3.39884e-008 2.59006e-009
0.002 3.09642e-007 2.07993e-008
0.003 1.46048e-006 8.63015e-008
0.004 4.83988e-006 2.53216e-007
0.005 1.2812e-005 6.00525e-007
0.006 2.90324e-005 1.23615e-006
0.007 5.87166e-005 2.30308e-006
0.008 0.000108894 3.98807e-006
0.009 0.000188641 6.53312e-006
0.01 0.000309302 1.02503e-005
0.011 0.000484679 1.55398e-005
0.012 0.000731206 2.29126e-005
0.013 0.00106809 3.3016e-005
0.014 0.00151744 4.66643e-005
0.015 0.00210433 6.48732e-005
0.016 0.0028569 8.88993e-005
0.017 0.00380634 0.000120283
0.018 0.00498691 0.000160898
0.019 0.00643592 0.000212999
0.02 0.00819362 0.000279285
0.021 0.0103031 0.000362953
0.022 0.0128103 0.000467765
0.023 0.0157635 0.000598113
0.024 0.0192135 0.000759093
0.025 0.0232131 0.000956571
0.026 0.0278172 0.00119726
0.027 0.0330821 0.00148881
0.028 0.0390652 0.00183984
0.029 0.0458251 0.00226008
0.03 0.0534207 0.0027604
0.031 0.0619112 0.00335287
0.032 0.0713555 0.00405091
0.033 0.0818117 0.00486927
0.034 0.0933368 0.00582414
0.035 0.105986 0.00693323
0.036 0.119813 0.00821578
0.037 0.134869 0.00969264
0.038 0.1512 0.0113863
0.039 0.168852 0.013321
0.04 0.187864 0.0155225
0.041 0.208272 0.0180186
0.042 0.230106 0.0208385
0.043 0.253393 0.0240133
0.044 0.278152 0.0275759
0.045 0.304395 0.0315606
0.046 0.33213 0.0360038
0.047 0.361355 0.0409429
0.048 0.392063 0.0464174
0.049 0.424238 0.052468
0.05 0.457857 0.0591365
0.051 0.492888 0.0664664
0.052 0.529291 0.0745019
0.053 0.567016 0.0832885
0.054 0.606005 0.0928723
0.055 0.646194 0.1033
0.056 0.687505 0.114619
0.057 0.729854 0.126877
0.058 0.77315 0.14012
0.059 0.81729 0.154398
0.06 0.862163 0.169755
0.061 0.907651 0.186239
0.062 0.953628 0.203895
0.063 0.999959 0.222767
0.064 1.0465 0.242896
0.065 1.09311 0.264324
0.066 1.13963 0.287089
0.067 1.18589 0.311228
0.068 1.23174 0.336772
0.069 1.277 0.363753
0.07 1.32149 0.392197
0.071 1.36504 0.422128
0.072 1.40746 0.453563
0.073 1.44858 0.486519
0.074 1.4882 0.521004
0.075 1.52614 0.557024
0.076 1.56222 0.594578
0.077 1.59626 0.633661
0.078 1.62807 0.674261
0.079 1.65748 0.71636
0.08 1.68431 0.759934
0.081 1.7084 0.804952
0.082 1.72958 0.851377
0.083 1.7477 0.899164
0.084 1.7626 0.948262
0.085 1.77416 0.998612
0.086 1.78224 1.05015
0.087 1.78671 1.10279
0.088 1.78749 1.15647
0.089 1.78445 1.21109
0.09 1.77754 1.26656
0.091 1.76666 1.32276
0.092 1.75177 1.3796
0.093 1.73283 1.43695
0.094 1.7098 1.49469
0.095 1.68269 1.55267
0.096 1.65148 1.61078
0.097 1.61622 1.66884
0.098 1.57693 1.72673
0.099 1.53367 1.78427
0.1 1.48651 1.8413
0.101 1.43555 1.89766
0.102 1.3809 1.95316
0.103 1.32267 2.00764
0.104 1.26101 2.06091
0.105 1.19608 2.11278
0.106 1.12806 2.16307
0.107 1.05713 2.21158
0.108 0.983505 2.25813
0.109 0.90741 2.30253
0.11 0.829079 2.34458
0.111 0.748763 2.38408
0.112 0.666727 2.42086
0.113 0.583247 2.45472
0.114 0.49861 2.48547
0.115 0.413113 2.51294
0.116 0.327063 2.53694
0.117 0.240776 2.55731
0.118 0.154573 2.57387
0.119 0.0687811 2.58647
0.12 -0.0162682 2.59495
0.121 -0.10024 2.59918
0.122 -0.182798 2.59901
0.123 -0.263606 2.59432
0.124 -0.342328 2.58499
0.125 -0.418632 2.57092
0.126 -0.492189 2.55201
0.127 -0.562676 2.5282
0.128 -0.629777 2.4994
0.129 -0.693183 2.46557
0.13 -0.752598 2.42667
0.131 -0.807734 2.38268
0.132 -0.858318 2.33358
0.133 -0.904091 2.27938
0.134 -0.944807 2.2201
0.135 -0.980241 2.1558
0.136 -1.01018 2.08651
0.137 -1.03444 2.01231
0.138 -1.05284 1.9333
0.139 -1.06525 1.84958
0.14 -1.07152 1.76128
0.141 -1.07157 1.66853
0.142 -1.0653 1.57149
0.143 -1.05268 1.47034
0.144 -1.03365 1.36527
0.145 -1.00824 1.25649
0.146 -0.976444 1.14423
0.147 -0.938331 1.02872
0.148 -0.893972 0.910208
0.149 -0.843471 0.788977
0.15 -0.786958 0.665305
0.151 -0.724593 0.539488
0.152 -0.656558 0.411833
0.153 -0.583064 0.282662
0.154 -0.504348 0.152304
0.155 -0.420671 0.0210996
0.156 -0.332318 -0.110602
0.157 -0.2396 -0.242443
0.158 -0.142848 -0.374062
0.159 -0.0424159 -0.505089
0.16 0.061321 -0.635152
0.161 0.167969 -0.763873
0.162 0.277118 -0.890875
0.163 0.388338 -1.01578
0.164 0.501186 -1.13821
0.165 0.615207 -1.25779
0.166 0.729932 -1.37415
0.167 0.844882 -1.48691
0.168 0.959573 -1.59573
0.169 1.07351 -1.70024
0.17 1.1862 -1.80009
0.171 1.29714 -1.89497
0.172 1.40583 -1.98454
0.173 1.51178 -2.06848
0.174 1.61449 -2.14652
0.175 1.71347 -2.21835
0.176 1.80824 -2.28373
0.177 1.89834 -2.3424
0.178 1.98331 -2.39414
0.179 2.0627 -2.43874
0.18 2.13608 -2.47601
0.181 2.20304 -2.50578
0.182 2.2632 -2.52792
0.183 2.31619 -2.5423
0.184 2.36166 -2.54884
0.185 2.39929 -2.54746
0.186 2.42879 -2.53811
0.187 2.4499 -2.52079
0.188 2.46238 -2.4955
0.189 2.46602 -2.46227
0.19 2.46066 -2.42118
0.191 2.44616 -2.3723
0.192 2.42241 -2.31575
0.193 2.38934 -2.25168
0.194 2.34693 -2.18027
0.195 2.29517 -2.1017
0.196 2.23411 -2.0162
0.197 2.16382 -1.92402
0.198 2.08441 -1.82544
0.199 1.99605 -1.72075
0.2 1.8989 -1.61028
0.201 1.79321 -1.49437
0.202 1.67923 -1.37339
0.203 1.55725 -1.24773
0.204 1.42761 -1.1178
0.205 1.29067 -0.984026
0.206 1.14682 -0.846846
0.207 0.996502 -0.706724
0.208 0.840166 -0.564133
0.209 0.678298 -0.41956
0.21 0.511412 -0.273503
0.211 0.340046 -0.126469
0.212 0.164761 0.0210263
0.213 -0.0138613 0.168463
0.214 -0.195219 0.315314
0.215 -0.378695 0.461052
0.216 -0.563656 0.605149
0.217 -0.749457 0.747077
0.218 -0.935445 0.886312
0.219 -1.12096 1.02234
0.22 -1.30533 1.15463
0.221 -1.48789 1.28271
0.222 -1.66797 1.40606
0.223 -1.84492 1.52421
0.224 -2.01806 1.6367
0.225 -2.18675 1.74307
0.226 -2.35035 1.8429
0.227 -2.50824 1.93577
0.228 -2.65981 2.02128
0.229 -2.80446 2.09909
0.23 -2.94164 2.16883
0.231 -3.07078 2.23019
0.232 -3.19139 2.28289
0.233 -3.30296 2.32665
0.234 -3.40505 2.36124
0.235 -3.49721 2.38647
0.236 -3.57907 2.40216
0.237 -3.65026 2.40818
0.238 -3.71048 2.40441
0.239 -3.75943 2.39078
0.24 -3.79689 2.36726
0.241 -3.82266 2.33385
0.242 -3.8366 2.29057
0.243 -3.83859 2.23749
0.244 -3.82857 2.17471
0.245 -3.80654 2.10237
0.246 -3.77252 2.02064
0.247 -3.72658 1.92972
0.248 -3.66886 1.82986
0.249 -3.59952 1.72131
0.25 -3.51877 1.6044
0.251 -3.42689 1.47944
0.252 -3.32416 1.34681
0.253 -3.21094 1.20689
0.254 -3.08763 1.06012
0.255 -2.95465 0.906933
0.256 -2.81248 0.74781
0.257 -2.66162 0.583245
0.258 -2.50263 0.413758
0.259 -2.33608 0.239886
0.26 -2.16259 0.0621857
0.261 -1.98279 -0.118769
0.262 -1.79738 -0.302392
0.263 -1.60703 -0.488083
0.264 -1.41246 -0.675234
0.265 -1.21443 -0.863226
0.266 -1.01368 -1.05144
0.267 -0.810981 -1.23924
0.268 -0.60712 -1.426
0.269 -0.402884 -1.61111
0.27 -0.199068 -1.79392
0.271 0.00353067 -1.97384
0.272 0.204116 -2.15023
0.273 0.401898 -2.32251
0.274 0.596092 -2.49009
0.275 0.785924 -2.6524
0.276 0.970637 -2.80887
0.277 1.14949 -2.95897
0.278 1.32175 -3.10218
0.279 1.48674 -3.23801
0.28 1.64376 -3.36599
0.281 1.79219 -3.48567
0.282 1.9314 -3.59664
0.283 2.06082 -3.69851
0.284 2.1799 -3.79093
0.285 2.28814 -3.87358
0.286 2.38508 -3.94616
0.287 2.4703 -4.00843
0.288 2.54342 -4.06016
0.289 2.60412 -4.10118
0.29 2.65211 -4.13134
0.291 2.68718 -4.15054
0.292 2.70913 -4.15871
0.293 2.71785 -4.15582
0.294 2.71326 -4.14189
0.295 2.69533 -4.11696
0.296 2.6641 -4.08114
0.297 2.61965 -4.03453
0.298 2.56213 -3.97732
0.299 2.49172 -3.9097
0.3 2.40867 -3.83193
0.301 2.31328 -3.74427
0.302 2.20589 -3.64704
0.303 2.08691 -3.54058
0.304 1.95677 -3.42529
0.305 1.81597 -3.30156
0.306 1.66505 -3.16984
0.307 1.50458 -3.0306
0.308 1.33519 -2.88433
0.309 1.15753 -2.73156
0.31 0.972314 -2.57283
0.311 0.780256 -2.40871
0.312 0.582121 -2.23977
0.313 0.378695 -2.06661
0.314 0.170791 -1.88985
0.315 -0.040758 -1.71011
0.316 -0.255099 -1.52803
0.317 -0.471366 -1.34425
0.318 -0.688681 -1.15941
0.319 -0.906158 -0.974168
0.32 -1.12291 -0.789159
0.321 -1.33804 -0.605034
0.322 -1.55066 -0.422431
0.323 -1.75989 -0.241982
0.324 -1.96485 -0.0643081
0.325 -2.1647 0.109982
0.326 -2.35859 0.280294
0.327 -2.54569 0.446053
0.328 -2.72521 0.606699
0.329 -2.89639 0.761699
0.33 -3.05847 0.910539
0.331 -3.21076 1.05273
0.332 -3.35259 1.18782
0.333 -3.48332 1.31537
0.334 -3.60238 1.43499
0.335 -3.7092 1.54631
0.336 -3.80331 1.64899
0.337 -3.88425 1.74274
0.338 -3.95163 1.8273
0.339 -4.0051 1.90243
0.34 -4.04437 1.96796
0.341 -4.06922 2.02373
0.342 -4.07947 2.06964
0.343 -4.07499 2.10561
0.344 -4.05574 2.13162
0.345 -4.02171 2.14767
0.346 -3.97296 2.15381
0.347 -3.90961 2.15015
0.348 -3.83183 2.13679
0.349 -3.73987 2.11391
0.35 -3.63402 2.08171
0.351 -3.51462 2.04044
0.352 -3.38209 1.99036
0.353 -3.23688 1.9318
0.354 -3.07951 1.86509
0.355 -2.91053 1.79062
0.356 -2.73057 1.70879
0.357 -2.54027 1.62003
0.358 -2.34035 1.52481
0.359 -2.13153 1.42362
0.36 -1.9146 1.31697
0.361 -1.69037 1.20538
0.362 -1.45969 1.08941
0.363 -1.22343 0.969621
0.364 -0.982491 0.846595
0.365 -0.737795 0.720922
0.366 -0.490278 0.593203
0.367 -0.240891 0.464044
0.368 0.00940291 0.334056
0.369 0.259637 0.203851
0.37 0.508842 0.0740413
0.371 0.756049 -0.0547665
0.372 1.0003 -0.181971
0.373 1.24063 -0.306978
0.374 1.47611 -0.429207
0.375 1.70582 -0.54809
0.376 1.92885 -0.663074
0.377 2.14433 -0.773624
0.378 2.35141 -0.879227
0.379 2.54928 -0.979391
0.38 2.73716 -1.07365
0.381 2.91431 -1.16156
0.382 3.08002 -1.24272
0.383 3.23365 -1.31674
0.384 3.37459 -1.38327
0.385 3.50229 -1.44199
0.386 3.61624 -1.49263
0.387 3.71599 -1.53493
0.388 3.80115 -1.56868
0.389 3.8714 -1.59372
0.39 3.92646 -1.60991
0.391 3.96612 -1.61716
0.392 3.99023 -1.6154
0.393 3.9987 -1.60463
0.394 3.99153 -1.58486
0.395 3.96875 -1.55617
0.396 3.93047 -1.51864
0.397 3.87687 -1.47243
0.398 3.80817 -1.41771
0.399 3.72467 -1.35471
0.4 3.62674 -1.28367
0.401 3.51479 -1.20488
0.402 3.38931 -1.11867
0.403 3.25082 -1.0254
0.404 3.09991 -0.925443
0.405 2.93724 -0.819232
0.406 2.76348 -0.707208
0.407 2.57938 -0.589844
0.408 2.38573 -0.467635
0.409 2.18334 -0.341102
0.41 1.97308 -0.210781
0.411 1.75585 -0.07723
0.412 1.53258 0.0589806
0.413 1.30421 0.197267
0.414 1.07174 0.337034
0.415 0.83615 0.477681
0.416 0.598461 0.6186
0.417 0.359695 0.759181
0.418 0.120884 0.898816
0.419 -0.116939 1.0369
0.42 -0.352742 1.17282
0.421 -0.5855 1.306
0.422 -0.814195 1.43585
0.423 -1.03783 1.5618
0.424 -1.25542 1.6833
0.425 -1.466 1.7998
0.426 -1.66864 1.91081
0.427 -1.86244 2.01581
0.428 -2.04654 2.11435
0.429 -2.22009 2.20599
0.43 -2.38232 2.29031
0.431 -2.53247 2.36693
0.432 -2.66987 2.43551
0.433 -2.79386 2.49574
0.434 -2.90385 2.54732
0.435 -2.99932 2.59003
0.436 -3.07979 2.62366
0.437 -3.14485 2.64805
0.438 -3.19415 2.66307
0.439 -3.22741 2.66864
0.44 -3.24442 2.66472
0.441 -3.24502 2.6513
0.442 -3.22914 2.62844
0.443 -3.19676 2.59621
0.444 -3.14794 2.55474
0.445 -3.08281 2.50419
0.446 -3.00156 2.44477
0.447 -2.90446 2.37673
0.448 -2.79184 2.30035
0.449 -2.66409 2.21595
0.45 -2.52167 2.12389
0.451 -2.36512 2.02457
0.452 -2.19502 1.91842
0.453 -2.01201 1.80589
0.454 -1.8168 1.68747
0.455 -1.61014 1.56368
0.456 -1.39283 1.43507
0.457 -1.16574 1.3022
0.458 -0.929763 1.16566
0.459 -0.685834 1.02606
0.46 -0.434931 0.884024
0.461 -0.178064 0.740189
0.462 0.0837279 0.595204
0.463 0.349382 0.449727
0.464 0.617813 0.30442
0.465 0.887922 0.159949
0.466 1.1586 0.0169797
0.467 1.42872 -0.123825
0.468 1.69716 -0.261809
0.469 1.96281 -0.396323
0.47 2.22455 -0.526732
0.471 2.48128 -0.652412
0.472 2.73191 -0.772759
0.473 2.97538 -0.887186
0.474 3.21065 -0.995131
0.475 3.4367 -1.09605
0.476 3.65255 -1.18945
0.477 3.85728 -1.27483
0.478 4.04997 -1.35174
0.479 4.22977 -1.41978
0.48 4.39588 -1.47856
0.481 4.54755 -1.52774
0.482 4.68408 -1.56702
0.483 4.80483 -1.59613
0.484 4.90923 -1.61486
0.485 4.99676 -1.62303
0.486 5.06699 -1.62052
0.487 5.11953 -1.60723
0.488 5.15408 -1.58312
0.489 5.17041 -1.54821
0.49 5.16835 -1.50255
0.491 5.14782 -1.44623
0.492 5.10881 -1.3794
0.493 5.05139 -1.30227
0.494 4.97568 -1.21506
0.495 4.88191 -1.11806
0.496 4.77036 -1.01161
0.497 4.64139 -0.896066
0.498 4.49544 -0.77185
0.499 4.333 -0.639416
0.5 4.15466 -0.499256
0.501 3.96104 -0.351901
0.502 3.75285 -0.197916
0.503 3.53085 -0.0378988
0.504 3.29587 0.127521
0.505 3.04879 0.297686
0.506 2.79052 0.471914
0.507 2.52206 0.649498
0.508 2.24443 0.829712
0.509 1.95869 1.01181
0.51 1.66593 1.19504
0.511 1.3673 1.37863
0.512 1.06395 1.56179
0.513 0.757066 1.74375
0.514 0.447844 1.92373
0.515 0.137502 2.10092
0.516 -0.172739 2.27457
0.517 -0.481652 2.44388
0.518 -0.788013 2.60811
0.519 -1.0906 2.76649
0.52 -1.38822 2.91831
0.521 -1.67966 3.06285
0.522 -1.96377 3.19943
0.523 -2.2394 3.32737
0.524 -2.50544 3.44605
0.525 -2.76081 3.55487
0.526 -3.00448 3.65326
0.527 -3.23544 3.74069
0.528 -3.45277 3.81667
0.529 -3.65557 3.88075
0.53 -3.84299 3.93253
0.531 -4.01427 3.97164
0.532 -4.1687 3.99778
0.533 -4.30562 4.01067
0.534 -4.42446 4.01011
0.535 -4.52471 3.99593
0.536 -4.60594 3.96801
0.537 -4.6678 3.92631
0.538 -4.71001 3.87082
0.539 -4.73237 3.80158
0.54 -4.73475 3.71871
0.541 -4.71711 3.62235
0.542 -4.67951 3.51272
0.543 -4.62206 3.39009
0.544 -4.54496 3.25477
0.545 -4.4485 3.10713
0.546 -4.33305 2.94758
0.547 -4.19904 2.7766
0.548 -4.04698 2.5947
0.549 -3.87749 2.40243
0.55 -3.69121 2.20042
0.551 -3.48888 1.98929
0.552 -3.27131 1.76973
0.553 -3.03936 1.54247
0.554 -2.79395 1.30825
0.555 -2.53608 1.06788
0.556 -2.26678 0.822155
0.557 -1.98714 0.571924
0.558 -1.69828 0.318047
0.559 -1.40139 0.0614069
0.56 -1.09766 -0.1971
0.561 -0.788352 -0.456563
0.562 -0.474717 -0.716066
0.563 -0.158046 -0.974684
0.564 0.160356 -1.23149
0.565 0.479175 -1.48557
0.566 0.797092 -1.736
0.567 1.11278 -1.98187
0.568 1.42494 -2.22229
0.569 1.73225 -2.45638
0.57 2.03342 -2.68328
0.571 2.3272 -2.90216
0.572 2.61233 -3.11219
0.573 2.88761 -3.31262
0.574 3.15185 -3.50268
0.575 3.40394 -3.68167
0.576 3.64277 -3.84891
0.577 3.86731 -4.00379
0.578 4.07658 -4.1457
0.579 4.26965 -4.27411
0.58 4.44567 -4.38853
0.581 4.60382 -4.48852
0.582 4.7434 -4.57369
0.583 4.86374 -4.64372
0.584 4.96427 -4.69832
0.585 5.04449 -4.73727
0.586 5.10397 -4.76042
0.587 5.14239 -4.76767
0.588 5.15948 -4.75897
0.589 5.15508 -4.73434
0.59 5.1291 -4.69385
0.591 5.08155 -4.63766
0.592 5.01252 -4.56595
0.593 4.92218 -4.47899
0.594 4.8108 -4.37708
0.595 4.67873 -4.26061
0.596 4.52639 -4.13
0.597 4.35431 -3.98573
0.598 4.16306 -3.82834
0.599 3.95334 -3.65843
0.6 3.72589 -3.47661
0.601 3.48152 -3.28358
0.602 3.22114 -3.08007
0.603 2.94569 -2.86683
0.604 2.65621 -2.64468
0.605 2.35376 -2.41446
0.606 2.03949 -2.17704
0.607 1.71458 -1.93331
0.608 1.38027 -1.68422
0.609 1.03781 -1.4307
0.61 0.68852 -1.17372
0.611 0.333737 -0.914275
0.612 -0.025177 -0.653348
0.613 -0.38684 -0.39194
0.614 -0.749854 -0.131054
0.615 -1.11281 0.128306
0.616 -1.47431 0.385144
0.617 -1.83294 0.63847
0.618 -2.1873 0.887307
0.619 -2.536 1.13069
0.62 -2.87769 1.36769
0.621 -3.21102 1.59738
0.622 -3.53467 1.81886
0.623 -3.84738 2.03129
0.624 -4.14792 2.23383
0.625 -4.43508 2.4257
0.626 -4.70773 2.60614
0.627 -4.9648 2.77445
0.628 -5.20525 2.92998
0.629 -5.42813 3.0721
0.63 -5.63254 3.20027
0.631 -5.81767 3.31397
0.632 -5.98276 3.41276
0.633 -6.12715 3.49623
0.634 -6.25026 3.56405
0.635 -6.35158 3.61596
0.636 -6.43069 3.65173
0.637 -6.48726 3.67121
0.638 -6.52104 3.67431
0.639 -6.5319 3.66101
0.64 -6.51975 3.63135
0.641 -6.48464 3.58542
0.642 -6.42668 3.52339
0.643 -6.34608 3.44548
0.644 -6.24314 3.35198
0.645 -6.11825 3.24324
0.646 -5.97189 3.11966
0.647 -5.80462 2.98172
0.648 -5.61708 2.82992
0.649 -5.41001 2.66485
0.65 -5.1842 2.48712
0.651 -4.94053 2.29742
0.652 -4.67996 2.09646
0.653 -4.40351 1.88501
0.654 -4.11225 1.66388
0.655 -3.80734 1.4339
0.656 -3.48996 1.19596
0.657 -3.16138 0.950962
0.658 -2.82287 0.699848
0.659 -2.47578 0.443577
0.66 -2.12147 0.183129
0.661 -1.76134 -0.080499
0.662 -1.39683 -0.346298
0.663 -1.02935 -0.61325
0.664 -0.660378 -0.880332
0.665 -0.291365 -1.14652
0.666 0.0762284 -1.4108
0.667 0.440945 -1.67216
0.668 0.801339 -1.92959
0.669 1.15598 -2.18211
0.67 1.50347 -2.42875
0.671 1.84242 -2.66858
0.672 2.17149 -2.90067
0.673 2.48938 -3.12413
0.674 2.79483 -3.33813
0.675 3.08662 -3.54183
0.676 3.36359 -3.73446
0.677 3.62466 -3.9153
0.678 3.86878 -4.08365
0.679 4.09499 -4.23888
0.68 4.30239 -4.38039
0.681 4.49017 -4.50767
0.682 4.65758 -4.62022
0.683 4.80397 -4.71764
0.684 4.92877 -4.79955
0.685 5.03148 -4.86566
0.686 5.1117 -4.91573
0.687 5.16914 -4.94957
0.688 5.20357 -4.96709
0.689 5.21488 -4.96822
0.69 5.20303 -4.95299
0.691 5.16809 -4.92146
0.692 5.11022 -4.87377
0.693 5.02967 -4.81014
0.694 4.92678 -4.73082
0.695 4.80199 -4.63614
0.696 4.65582 -4.52647
0.697 4.48888 -4.40228
0.698 4.30186 -4.26404
0.699 4.09555 -4.11231
0.7 3.87079 -3.9477
0.701 3.62851 -3.77085
0.702 3.36973 -3.58247
0.703 3.09551 -3.38329
0.704 2.80698 -3.1741
0.705 2.50533 -2.95572
0.706 2.19182 -2.729
0.707 1.86773 -2.49483
0.708 1.53441 -2.25411
0.709 1.19323 -2.0078
0.71 0.845603 -1.75683
0.711 0.492969 -1.50218
0.712 0.136787 -1.24483
0.713 -0.22147 -0.985781
0.714 -0.580317 -0.726019
0.715 -0.938265 -0.466541
0.716 -1.29383 -0.208338
0.717 -1.64553 0.0476068
0.718 -1.99191 0.300323
0.719 -2.33153 0.548854
0.72 -2.66296 0.792264
0.721 -2.98482 1.02964
0.722 -3.29578 1.2601
0.723 -3.59451 1.48279
0.724 -3.87978 1.69688
0.725 -4.15038 1.90159
0.726 -4.40516 2.09618
0.727 -4.64305 2.27995
0.728 -4.86304 2.45224
0.729 -5.06418 2.61244
0.73 -5.24561 2.76001
0.731 -5.40655 2.89444
0.732 -5.54629 3.01528
0.733 -5.66422 3.12215
0.734 -5.7598 3.2147
0.735 -5.8326 3.29268
0.736 -5.88227 3.35587
0.737 -5.90855 3.40411
0.738 -5.9113 3.43732
0.739 -5.89044 3.45548
0.74 -5.846 3.45862
0.741 -5.77812 3.44683
0.742 -5.68702 3.42029
0.743 -5.57301 3.3792
0.744 -5.4365 3.32385
0.745 -5.27801 3.25458
0.746 -5.09811 3.17178
0.747 -4.89748 3.0759
0.748 -4.6769 2.96745
0.749 -4.43721 2.84698
0.75 -4.17932 2.7151
0.751 -3.90425 2.57245
0.752 -3.61304 2.41974
0.753 -3.30685 2.25769
0.754 -2.98687 2.08708
0.755 -2.65434 1.90871
0.756 -2.31058 1.72342
0.757 -1.95694 1.53208
0.758 -1.5948 1.33557
0.759 -1.2256 1.13481
0.76 -0.850801 0.93071
0.761 -0.471878 0.724217
0.762 -0.0903313 0.516274
0.763 0.292326 0.307832
0.764 0.674577 0.0998402
0.765 1.0549 -0.106753
0.766 1.4318 -0.311008
0.767 1.80376 -0.511996
0.768 2.16932 -0.708804
0.769 2.52701 -0.900536
0.77 2.87542 -1.08632
0.771 3.21316 -1.26531
0.772 3.53888 -1.4367
0.773 3.85129 -1.5997
0.774 4.14915 -1.75355
0.775 4.43127 -1.89757
0.776 4.69654 -2.03108
0.777 4.94389 -2.15347
0.778 5.17234 -2.26416
0.779 5.38099 -2.36264
0.78 5.56901 -2.44844
0.781 5.73567 -2.52115
0.782 5.88029 -2.58041
0.783 6.00233 -2.62592
0.784 6.10129 -2.65744
0.785 6.17679 -2.6748
0.786 6.22855 -2.67787
0.787 6.25638 -2.6666
0.788 6.26019 -2.64099
0.789 6.23996 -2.60112
0.79 6.19581 -2.5471
0.791 6.12793 -2.47912
0.792 6.03662 -2.39744
0.793 5.92227 -2.30236
0.794 5.78536 -2.19425
0.795 5.62647 -2.07353
0.796 5.44625 -1.94068
0.797 5.24548 -1.79623
0.798 5.02497 -1.64076
0.799 4.78565 -1.47489
0.8 4.52852 -1.29931
0.801 4.25464 -1.11472
0.802 3.96515 -0.921894
0.803 3.66124 -0.721614
0.804 3.34418 -0.514711
0.805 3.01529 -0.302043
0.806 2.67592 -0.0844932
0.807 2.32749 0.137032
0.808 1.97144 0.361607
0.809 1.60923 0.588291
0.81 1.24239 0.816132
0.811 0.872425 1.04417
0.812 0.500875 1.27144
0.813 0.129282 1.49699
0.814 -0.240807 1.71985
0.815 -0.607856 1.93908
0.816 -0.970335 2.15374
0.817 -1.32673 2.36292
0.818 -1.67557 2.56571
0.819 -2.01538 2.76123
0.82 -2.34476 2.94866
0.821 -2.66231 3.12716
0.822 -2.96672 3.29597
0.823 -3.25669 3.45434
0.824 -3.53102 3.60156
0.825 -3.78855 3.737
0.826 -4.02818 3.86003
0.827 -4.24891 3.97011
0.828 -4.44979 4.06672
0.829 -4.62996 4.14942
0.83 -4.78866 4.21782
0.831 -4.92518 4.27157
0.832 -5.03895 4.31041
0.833 -5.12944 4.33412
0.834 -5.19627 4.34254
0.835 -5.2391 4.3356
0.836 -5.25774 4.31326
0.837 -5.25206 4.27557
0.838 -5.22205 4.22262
0.839 -5.16779 4.15458
0.84 -5.08948 4.07168
0.841 -4.98739 3.97421
0.842 -4.86191 3.86253
0.843 -4.71351 3.73704
0.844 -4.54278 3.59821
0.845 -4.35036 3.44658
0.846 -4.13703 3.28271
0.847 -3.90362 3.10726
0.848 -3.65106 2.92088
0.849 -3.38036 2.72433
0.85 -3.09259 2.51836
0.851 -2.78891 2.3038
0.852 -2.47055 2.0815
0.853 -2.13878 1.85233
0.854 -1.79494 1.61723
0.855 -1.44043 1.37713
0.856 -1.07669 1.133
0.857 -0.70518 0.885827
0.858 -0.327427 0.636614
0.859 0.0550331 0.386374
0.86 0.440638 0.136126
0.861 0.82781 -0.113105
0.862 1.21496 -0.360299
0.863 1.6005 -0.604439
0.864 1.98285 -0.844518
0.865 2.36043 -1.07954
0.866 2.73167 -1.30854
0.867 3.09505 -1.53055
0.868 3.44905 -1.74466
0.869 3.7922 -1.94995
0.87 4.12307 -2.14558
0.871 4.44028 -2.33071
0.872 4.7425 -2.50456
0.873 5.02845 -2.66638
0.874 5.29692 -2.81548
0.875 5.54678 -2.95121
0.876 5.77695 -3.07299
0.877 5.98644 -3.18027
0.878 6.17435 -3.27257
0.879 6.33986 -3.34948
0.88 6.48223 -3.41064
0.881 6.60081 -3.45576
0.882 6.69506 -3.4846
0.883 6.76454 -3.49699
0.884 6.80888 -3.49286
0.885 6.82785 -3.47216
0.886 6.82128 -3.43493
0.887 6.78914 -3.38127
0.888 6.73148 -3.31137
0.889 6.64846 -3.22545
0.89 6.54034 -3.12383
0.891 6.40748 -3.00688
0.892 6.25035 -2.87502
0.893 6.0695 -2.72877
0.894 5.8656 -2.56866
0.895 5.63939 -2.39532
0.896 5.39171 -2.20942
0.897 5.12349 -2.01169
0.898 4.83575 -1.80289
0.899 4.52957 -1.58386
0.9 4.20612 -1.35545
0.901 3.86663 -1.11857
0.902 3.51242 -0.87418
0.903 3.14484 -0.623248
0.904 2.76532 -0.366785
0.905 2.37531 -0.105827
0.906 1.97634 0.158569
0.907 1.56996 0.425328
0.908 1.15774 0.693361
0.909 0.741296 0.96157
0.91 0.32225 1.22885
0.911 -0.0977587 1.49411
0.912 -0.517087 1.75623
0.913 -0.934092 2.01414
0.914 -1.34714 2.26675
0.915 -1.75461 2.51301
0.916 -2.15489 2.75187
0.917 -2.54643 2.98232
0.918 -2.92767 3.20338
0.919 -3.29712 3.41409
0.92 -3.65332 3.61354
0.921 -3.99488 3.80087
0.922 -4.32044 3.97525
0.923 -4.62872 4.13589
0.924 -4.9185 4.28208
0.925 -5.18866 4.41313
0.926 -5.43811 4.52844
0.927 -5.66588 4.62745
0.928 -5.87108 4.70967
0.929 -6.0529 4.77467
0.93 -6.21061 4.82208
0.931 -6.34361 4.85162
0.932 -6.45138 4.86305
0.933 -6.5335 4.85623
0.934 -6.58964 4.83107
0.935 -6.6196 4.78756
0.936 -6.62327 4.72575
0.937 -6.60065 4.64578
0.938 -6.55184 4.54785
0.939 -6.47705 4.43223
0.94 -6.37658 4.29926
0.941 -6.25086 4.14937
0.942 -6.1004 3.98301
0.943 -5.92581 3.80075
0.944 -5.72781 3.60317
0.945 -5.5072 3.39096
0.946 -5.26489 3.16484
0.947 -5.00186 2.92559
0.948 -4.71917 2.67404
0.949 -4.41798 2.41108
0.95 -4.09951 2.13765
0.951 -3.76506 1.8547
0.952 -3.41598 1.56327
0.953 -3.05368 1.26439
0.954 -2.67965 0.959142
0.955 -2.2954 0.648636
0.956 -1.9025 0.333997
0.957 -1.50254 0.0163743
0.958 -1.09714 -0.303073
0.959 -0.68796 -0.623175
0.96 -0.276663 -0.942757
0.961 0.135077 -1.26064
0.962 0.545582 -1.57566
0.963 0.953178 -1.88666
0.964 1.3562 -2.19248
0.965 1.75301 -2.49199
0.966 2.14198 -2.7841
0.967 2.52151 -3.06771
0.968 2.89007 -3.34177
0.969 3.24612 -3.60528
0.97 3.58822 -3.85726
0.971 3.91496 -4.09678
0.972 4.22498 -4.32294
0.973 4.51702 -4.53492
0.974 4.78985 -4.73193
0.975 5.04236 -4.91325
0.976 5.27349 -5.0782
0.977 5.48227 -5.2262
0.978 5.66783 -5.35669
0.979 5.82938 -5.4692
0.98 5.96623 -5.56334
0.981 6.0778 -5.63875
0.982 6.1636 -5.69519
0.983 6.22325 -5.73246
0.984 6.25645 -5.75045
0.985 6.26304 -5.7491
0.986 6.24295 -5.72846
0.987 6.19621 -5.68862
0.988 6.12298 -5.62976
0.989 6.02351 -5.55214
0.99 5.89815 -5.45607
0.991 5.74737 -5.34195
0.992 5.57172 -5.21024
0.993 5.37188 -5.06148
0.994 5.1486 -4.89625
0.995 4.90274 -4.71521
0.996 4.63525 -4.51908
0.997 4.34716 -4.30864
0.998 4.03959 -4.08472
0.999 3.71373 -3.8482
1 3.37085 -3.6
