0.001 3.4541e-008 2.62101e-009
0.002 3.14051e-007 2.10501e-008
0.003 1.4786e-006 8.73541e-008
0.004 4.89236e-006 2.56349e-007
0.005 1.29342e-005 6.08085e-007
0.006 2.92785e-005 1.25201e-006
0.007 5.91629e-005 2.33326e-006
0.008 0.000109641 4.04146e-006
0.009 0.000189819 6.62252e-006
0.01 0.000311069 1.03936e-005
0.011 0.000487227 1.57617e-005
0.012 0.000734758 2.32461e-005
0.013 0.0010729 3.35052e-005
0.014 0.0015238 4.73668e-005
0.015 0.00211257 6.58636e-005
0.016 0.00286736 9.02728e-005
0.017 0.00381941 0.00012216
0.018 0.005003 0.000163428
0.019 0.00645546 0.000216369
0.02 0.00821705 0.000283723
0.021 0.0103309 0.000368735
0.022 0.0128429 0.000475225
0.023 0.0158014 0.000607651
0.024 0.0192572 0.000771182
0.025 0.0232631 0.000971769
0.026 0.0278738 0.00121622
0.027 0.0331458 0.00151229
0.028 0.0391364 0.00186873
0.029 0.0459041 0.00229539
0.03 0.0535078 0.00280327
0.031 0.0620067 0.00340463
0.032 0.0714595 0.00411303
0.033 0.0819243 0.00494344
0.034 0.0934581 0.00591223
0.035 0.106116 0.00703734
0.036 0.119951 0.00833823
0.037 0.135015 0.00983601
0.038 0.151354 0.0115534
0.039 0.169013 0.013515
0.04 0.188032 0.0157468
0.041 0.208446 0.0182768
0.042 0.230286 0.0211347
0.043 0.253577 0.0243519
0.044 0.278339 0.0279615
0.045 0.304584 0.0319984
0.046 0.332319 0.036499
0.047 0.361544 0.0415015
0.048 0.39225 0.0470454
0.049 0.424422 0.0531718
0.05 0.458036 0.0599231
0.051 0.49306 0.067343
0.052 0.529454 0.0754762
0.053 0.567168 0.0843684
0.054 0.606146 0.0940661
0.055 0.64632 0.104616
0.056 0.687616 0.116067
0.057 0.729948 0.128465
0.058 0.773224 0.14186
0.059 0.817343 0.156297
0.06 0.862194 0.171825
0.061 0.907659 0.18849
0.062 0.953612 0.206337
0.063 0.999918 0.22541
0.064 1.04644 0.245751
0.065 1.09302 0.267402
0.066 1.13951 0.290401
0.067 1.18575 0.314784
0.068 1.23157 0.340583
0.069 1.2768 0.367829
0.07 1.32127 0.396548
0.071 1.36479 0.426764
0.072 1.4072 0.458494
0.073 1.44829 0.491752
0.074 1.4879 0.52655
0.075 1.52584 0.56289
0.076 1.56191 0.600772
0.077 1.59595 0.640189
0.078 1.62776 0.681129
0.079 1.65718 0.723573
0.08 1.68403 0.767496
0.081 1.70815 0.812867
0.082 1.72936 0.859646
0.083 1.74752 0.907788
0.084 1.76248 0.957241
0.085 1.7741 1.00794
0.086 1.78225 1.05983
0.087 1.78681 1.11282
0.088 1.78768 1.16684
0.089 1.78476 1.22179
0.09 1.77796 1.27758
0.091 1.76722 1.3341
0.092 1.75248 1.39124
0.093 1.7337 1.44888
0.094 1.71086 1.50688
0.095 1.68394 1.56512
0.096 1.65295 1.62346
0.097 1.61791 1.68174
0.098 1.57886 1.73981
0.099 1.53586 1.79752
0.1 1.48898 1.85469
0.101 1.43831 1.91116
0.102 1.38397 1.96674
0.103 1.32606 2.02127
0.104 1.26474 2.07455
0.105 1.20017 2.1264
0.106 1.13252 2.17663
0.107 1.06197 2.22505
0.108 0.988749 2.27146
0.109 0.913065 2.31568
0.11 0.835157 2.35751
0.111 0.755275 2.39675
0.112 0.673683 2.43322
0.113 0.590655 2.46672
0.114 0.506477 2.49708
0.115 0.421446 2.5241
0.116 0.335866 2.54761
0.117 0.250052 2.56744
0.118 0.164323 2.58341
0.119 0.0790046 2.59538
0.12 -0.00557355 2.60318
0.121 -0.0890787 2.60667
0.122 -0.171177 2.60572
0.123 -0.251533 2.60021
0.124 -0.329814 2.59001
0.125 -0.40569 2.57503
0.126 -0.478834 2.55518
0.127 -0.548925 2.53037
0.128 -0.61565 2.50054
0.129 -0.678703 2.46564
0.13 -0.737789 2.42563
0.131 -0.792623 2.3805
0.132 -0.842935 2.33023
0.133 -0.888467 2.27484
0.134 -0.928977 2.21434
0.135 -0.96424 2.14879
0.136 -0.99405 2.07825
0.137 -1.01822 2.00278
0.138 -1.03658 1.92248
0.139 -1.04898 1.83746
0.14 -1.0553 1.74786
0.141 -1.05544 1.65381
0.142 -1.04932 1.55548
0.143 -1.03689 1.45304
0.144 -1.01812 1.3467
0.145 -0.993008 1.23667
0.146 -0.961582 1.12317
0.147 -0.923891 1.00644
0.148 -0.880013 0.886756
0.149 -0.830053 0.764379
0.15 -0.774141 0.6396
0.151 -0.712436 0.512719
0.152 -0.645122 0.384048
0.153 -0.572409 0.253913
0.154 -0.494534 0.122647
0.155 -0.411757 -0.00940485
0.156 -0.324363 -0.141889
0.157 -0.23266 -0.274446
0.158 -0.13698 -0.406707
0.159 -0.0376752 -0.538301
0.16 0.0648823 -0.668852
0.161 0.170301 -0.797979
0.162 0.278171 -0.925302
0.163 0.388066 -1.05044
0.164 0.499547 -1.17301
0.165 0.61216 -1.29264
0.166 0.72544 -1.40895
0.167 0.838912 -1.52157
0.168 0.952094 -1.63015
0.169 1.0645 -1.73432
0.17 1.17563 -1.83374
0.171 1.285 -1.92808
0.172 1.3921 -2.017
0.173 1.49645 -2.10022
0.174 1.59756 -2.17741
0.175 1.69494 -2.24831
0.176 1.78813 -2.31266
0.177 1.87665 -2.37021
0.178 1.96004 -2.42073
0.179 2.03789 -2.46401
0.18 2.10975 -2.49989
0.181 2.17523 -2.52818
0.182 2.23395 -2.54876
0.183 2.28553 -2.56151
0.184 2.32964 -2.56633
0.185 2.36597 -2.56317
0.186 2.39423 -2.55199
0.187 2.41416 -2.53277
0.188 2.42553 -2.50553
0.189 2.42813 -2.47031
0.19 2.42182 -2.42718
0.191 2.40644 -2.37623
0.192 2.38191 -2.31759
0.193 2.34815 -2.25141
0.194 2.30514 -2.17786
0.195 2.25288 -2.09716
0.196 2.19142 -2.00953
0.197 2.12084 -1.91523
0.198 2.04126 -1.81454
0.199 1.95282 -1.70776
0.2 1.85572 -1.59524
0.201 1.75019 -1.47731
0.202 1.63648 -1.35437
0.203 1.5149 -1.22679
0.204 1.38577 -1.09501
0.205 1.24946 -0.959446
0.206 1.10636 -0.820557
0.207 0.956912 -0.678809
0.208 0.801559 -0.534681
0.209 0.64079 -0.388668
0.21 0.475116 -0.241273
0.211 0.305072 -0.0930105
0.212 0.131218 0.0555994
0.213 -0.0458677 0.20403
0.214 -0.225588 0.35175
0.215 -0.407329 0.498227
0.216 -0.590462 0.642928
0.217 -0.774347 0.785322
0.218 -0.958336 0.924881
0.219 -1.14177 1.06108
0.22 -1.324 1.19341
0.221 -1.50434 1.32137
0.222 -1.68216 1.44445
0.223 -1.85678 1.56218
0.224 -2.02755 1.67409
0.225 -2.19384 1.77974
0.226 -2.35501 1.87868
0.227 -2.51044 1.97052
0.228 -2.65954 2.05486
0.229 -2.80172 2.13133
0.23 -2.93642 2.1996
0.231 -3.06311 2.25935
0.232 -3.18128 2.31029
0.233 -3.29044 2.35216
0.234 -3.39015 2.38474
0.235 -3.47999 2.40784
0.236 -3.55958 2.42127
0.237 -3.62856 2.42492
0.238 -3.68664 2.41868
0.239 -3.73353 2.40248
0.24 -3.76902 2.37631
0.241 -3.79291 2.34015
0.242 -3.80507 2.29406
0.243 -3.80539 2.23811
0.244 -3.79383 2.1724
0.245 -3.77037 2.09709
0.246 -3.73504 2.01234
0.247 -3.68794 1.91839
0.248 -3.62919 1.81547
0.249 -3.55897 1.70387
0.25 -3.47749 1.5839
0.251 -3.38502 1.45591
0.252 -3.28186 1.32027
0.253 -3.16838 1.17738
0.254 -3.04496 1.02768
0.255 -2.91203 0.871623
0.256 -2.77007 0.709699
0.257 -2.61959 0.542412
0.258 -2.46114 0.370291
0.259 -2.29529 0.193883
0.26 -2.12267 0.0137542
0.261 -1.9439 -0.169512
0.262 -1.75966 -0.35532
0.263 -1.57064 -0.543062
0.264 -1.37756 -0.73212
0.265 -1.18115 -0.921869
0.266 -0.982164 -1.11168
0.267 -0.781366 -1.30092
0.268 -0.579531 -1.48894
0.269 -0.377442 -1.67513
0.27 -0.175886 -1.85885
0.271 0.0243458 -2.03948
0.272 0.222467 -2.2164
0.273 0.417696 -2.38902
0.274 0.609257 -2.55673
0.275 0.796386 -2.71897
0.276 0.978335 -2.87517
0.277 1.15437 -3.0248
0.278 1.32378 -3.16734
0.279 1.48588 -3.3023
0.28 1.64 -3.4292
0.281 1.78552 -3.54761
0.282 1.92182 -3.65712
0.283 2.04834 -3.75733
0.284 2.16456 -3.84791
0.285 2.26997 -3.92852
0.286 2.36413 -3.99889
0.287 2.44662 -4.05878
0.288 2.51709 -4.10796
0.289 2.57522 -4.14628
0.29 2.62074 -4.17358
0.291 2.65343 -4.18977
0.292 2.67312 -4.19481
0.293 2.67969 -4.18866
0.294 2.67308 -4.17135
0.295 2.65328 -4.14294
0.296 2.62032 -4.10353
0.297 2.5743 -4.05326
0.298 2.51537 -3.99232
0.299 2.44373 -3.9209
0.3 2.35961 -3.83928
0.301 2.26334 -3.74773
0.302 2.15526 -3.64658
0.303 2.03576 -3.5362
0.304 1.90531 -3.41697
0.305 1.76439 -3.28932
0.306 1.61355 -3.1537
0.307 1.45336 -3.01059
0.308 1.28445 -2.8605
0.309 1.10747 -2.70397
0.31 0.923129 -2.54154
0.311 0.732143 -2.3738
0.312 0.535273 -2.20134
0.313 0.333303 -2.02476
0.314 0.127041 -1.84469
0.315 -0.0826856 -1.66177
0.316 -0.295029 -1.47663
0.317 -0.50913 -1.28994
0.318 -0.724116 -1.10234
0.319 -0.939111 -0.914483
0.32 -1.15323 -0.727034
0.321 -1.36559 -0.54064
0.322 -1.57532 -0.355948
0.323 -1.78155 -0.173593
0.324 -1.9834 0.00579631
0.325 -2.18004 0.181608
0.326 -2.37063 0.353245
0.327 -2.55437 0.520127
0.328 -2.73046 0.681695
0.329 -2.89816 0.837411
0.33 -3.05674 0.986762
0.331 -3.20551 1.12926
0.332 -3.3438 1.26445
0.333 -3.471 1.3919
0.334 -3.58654 1.51121
0.335 -3.68989 1.62203
0.336 -3.78056 1.72401
0.337 -3.85813 1.81686
0.338 -3.9222 1.90034
0.339 -3.97245 1.97421
0.34 -4.0086 2.0383
0.341 -4.03043 2.09246
0.342 -4.03778 2.1366
0.343 -4.03054 2.17065
0.344 -4.00866 2.19458
0.345 -3.97216 2.20842
0.346 -3.92109 2.21223
0.347 -3.8556 2.20609
0.348 -3.77587 2.19016
0.349 -3.68213 2.16461
0.35 -3.5747 2.12964
0.351 -3.45392 2.08552
0.352 -3.32022 2.03253
0.353 -3.17404 1.971
0.354 -3.01592 1.90127
0.355 -2.84641 1.82374
0.356 -2.66613 1.73882
0.357 -2.47574 1.64696
0.358 -2.27594 1.54864
0.359 -2.06746 1.44435
0.36 -1.85109 1.33462
0.361 -1.62764 1.21998
0.362 -1.39795 1.10099
0.363 -1.16288 0.978239
0.364 -0.923347 0.852307
0.365 -0.680247 0.723795
0.366 -0.434516 0.593313
0.367 -0.187098 0.461477
0.368 0.061054 0.328905
0.369 0.308981 0.196218
0.37 0.555724 0.0640335
0.371 0.800324 -0.0670336
0.372 1.04183 -0.196376
0.373 1.2793 -0.323394
0.374 1.51181 -0.447503
0.375 1.73845 -0.568128
0.376 1.95833 -0.684714
0.377 2.1706 -0.796722
0.378 2.3744 -0.903638
0.379 2.56896 -1.00497
0.38 2.7535 -1.10024
0.381 2.92729 -1.18902
0.382 3.08965 -1.27089
0.383 3.23995 -1.34547
0.384 3.37758 -1.41241
0.385 3.50202 -1.4714
0.386 3.61277 -1.52216
0.387 3.70941 -1.56444
0.388 3.79154 -1.59803
0.389 3.85886 -1.62278
0.39 3.91111 -1.63854
0.391 3.94808 -1.64523
0.392 3.96965 -1.6428
0.393 3.97575 -1.63124
0.394 3.96635 -1.61057
0.395 3.94152 -1.58087
0.396 3.90138 -1.54225
0.397 3.8461 -1.49486
0.398 3.77593 -1.43888
0.399 3.69117 -1.37453
0.4 3.59219 -1.30208
0.401 3.47942 -1.22183
0.402 3.35333 -1.13411
0.403 3.21447 -1.03928
0.404 3.06342 -0.937733
0.405 2.90083 -0.829906
0.406 2.7274 -0.716248
0.407 2.54385 -0.597239
0.408 2.35098 -0.473385
0.409 2.1496 -0.345212
0.41 1.94058 -0.213265
0.411 1.7248 -0.0781078
0.412 1.50319 0.0596811
0.413 1.2767 0.199511
0.414 1.0463 0.340781
0.415 0.812969 0.482884
0.416 0.577722 0.625205
0.417 0.341569 0.767132
0.418 0.10553 0.908048
0.419 -0.129375 1.04734
0.42 -0.362126 1.18441
0.421 -0.59171 1.31866
0.422 -0.817127 1.4495
0.423 -1.03739 1.57636
0.424 -1.25153 1.69868
0.425 -1.4586 1.81592
0.426 -1.65769 1.92758
0.427 -1.84792 2.03316
0.428 -2.02842 2.13218
0.429 -2.19839 2.22421
0.43 -2.35705 2.30884
0.431 -2.50368 2.38569
0.432 -2.63761 2.45442
0.433 -2.75821 2.51471
0.434 -2.8649 2.56628
0.435 -2.95718 2.60891
0.436 -3.03457 2.64238
0.437 -3.0967 2.66654
0.438 -3.14323 2.68128
0.439 -3.17388 2.68651
0.44 -3.18847 2.68219
0.441 -3.18684 2.66834
0.442 -3.16895 2.64499
0.443 -3.13477 2.61224
0.444 -3.08439 2.57022
0.445 -3.01794 2.5191
0.446 -2.93563 2.45909
0.447 -2.83773 2.39044
0.448 -2.72457 2.31345
0.449 -2.59656 2.22843
0.45 -2.45416 2.13577
0.451 -2.29791 2.03585
0.452 -2.1284 1.92912
0.453 -1.94627 1.81603
0.454 -1.75222 1.69709
0.455 -1.54701 1.57281
0.456 -1.33144 1.44374
0.457 -1.10636 1.31046
0.458 -0.872676 1.17356
0.459 -0.631309 1.03365
0.46 -0.383232 0.89136
0.461 -0.129446 0.74733
0.462 0.12902 0.602212
0.463 0.391113 0.456666
0.464 0.655761 0.311357
0.465 0.921876 0.166952
0.466 1.18836 0.0241176
0.467 1.45411 -0.116483
0.468 1.71802 -0.254193
0.469 1.97898 -0.388365
0.47 2.2359 -0.518362
0.471 2.4877 -0.643566
0.472 2.73331 -0.763371
0.473 2.97168 -0.877195
0.474 3.20179 -0.984478
0.475 3.42265 -1.08469
0.476 3.6333 -1.17731
0.477 3.83282 -1.26187
0.478 4.02034 -1.33794
0.479 4.19501 -1.40508
0.48 4.35607 -1.46294
0.481 4.50277 -1.51117
0.482 4.63445 -1.54949
0.483 4.75047 -1.57763
0.484 4.8503 -1.59539
0.485 4.93344 -1.60259
0.486 4.99946 -1.59912
0.487 5.048 -1.58489
0.488 5.07878 -1.55988
0.489 5.09158 -1.5241
0.49 5.08627 -1.4776
0.491 5.06275 -1.42051
0.492 5.02105 -1.35298
0.493 4.96123 -1.2752
0.494 4.88346 -1.18743
0.495 4.78794 -1.08995
0.496 4.67498 -0.983115
0.497 4.54495 -0.86729
0.498 4.39829 -0.742902
0.499 4.2355 -0.61041
0.5 4.05716 -0.470316
0.501 3.86392 -0.323156
0.502 3.65648 -0.1695
0.503 3.43559 -0.0099533
0.504 3.20209 0.154851
0.505 2.95684 0.324252
0.506 2.70078 0.497561
0.507 2.43486 0.674071
0.508 2.16012 0.853052
0.509 1.8776 1.03376
0.51 1.5884 1.21543
0.511 1.29363 1.3973
0.512 0.994435 1.57858
0.513 0.691992 1.7585
0.514 0.38748 1.93627
0.515 0.0820989 2.1111
0.516 -0.222949 2.28223
0.517 -0.526457 2.44888
0.518 -0.82722 2.61029
0.519 -1.12404 2.76573
0.52 -1.41574 2.91446
0.521 -1.70114 3.05579
0.522 -1.97911 3.18903
0.523 -2.24852 3.31352
0.524 -2.50829 3.42866
0.525 -2.75736 3.53383
0.526 -2.99472 3.6285
0.527 -3.21942 3.71213
0.528 -3.43052 3.78426
0.529 -3.62717 3.84443
0.53 -3.80855 3.89226
0.531 -3.97391 3.92741
0.532 -4.12257 3.94956
0.533 -4.25391 3.95848
0.534 -4.36737 3.95395
0.535 -4.46247 3.93584
0.536 -4.5388 3.90404
0.537 -4.59603 3.85851
0.538 -4.6339 3.79926
0.539 -4.65223 3.72635
0.54 -4.65092 3.63991
0.541 -4.62994 3.54009
0.542 -4.58936 3.42714
0.543 -4.52932 3.30133
0.544 -4.45003 3.16298
0.545 -4.35179 3.01248
0.546 -4.23497 2.85026
0.547 -4.10002 2.6768
0.548 -3.94746 2.49263
0.549 -3.77791 2.29831
0.55 -3.59202 2.09447
0.551 -3.39053 1.88175
0.552 -3.17425 1.66085
0.553 -2.94403 1.43251
0.554 -2.70081 1.19748
0.555 -2.44557 0.956556
0.556 -2.17932 0.710562
0.557 -1.90317 0.460342
0.558 -1.61821 0.206764
0.559 -1.32562 -0.0492882
0.56 -1.02659 -0.306915
0.561 -0.722352 -0.565205
0.562 -0.414146 -0.823242
0.563 -0.103244 -1.0801
0.564 0.209069 -1.33486
0.565 0.521501 -1.5866
0.566 0.832752 -1.83441
0.567 1.14153 -2.07738
0.568 1.44654 -2.31463
0.569 1.7465 -2.54529
0.57 2.04016 -2.76849
0.571 2.32627 -2.98342
0.572 2.60361 -3.18928
0.573 2.87102 -3.3853
0.574 3.12734 -3.57074
0.575 3.37146 -3.74491
0.576 3.60234 -3.90715
0.577 3.81896 -4.05684
0.578 4.02037 -4.19341
0.579 4.20568 -4.31634
0.58 4.37406 -4.42515
0.581 4.52474 -4.51942
0.582 4.65702 -4.59879
0.583 4.77029 -4.66294
0.584 4.86399 -4.71161
0.585 4.93765 -4.7446
0.586 4.99087 -4.76177
0.587 5.02335 -4.76303
0.588 5.03486 -4.74838
0.589 5.02525 -4.71784
0.59 4.99447 -4.67151
0.591 4.94253 -4.60955
0.592 4.86954 -4.53218
0.593 4.77571 -4.43967
0.594 4.6613 -4.33237
0.595 4.52669 -4.21065
0.596 4.37231 -4.07498
0.597 4.19869 -3.92584
0.598 4.00644 -3.7638
0.599 3.79623 -3.58945
0.6 3.56881 -3.40345
0.601 3.32502 -3.20649
0.602 3.06575 -2.99932
0.603 2.79195 -2.78271
0.604 2.50463 -2.55749
0.605 2.20489 -2.3245
0.606 1.89383 -2.08462
0.607 1.57264 -1.83878
0.608 1.24254 -1.5879
0.609 0.904776 -1.33294
0.61 0.56065 -1.07488
0.611 0.21148 -0.814694
0.612 -0.141392 -0.553384
0.613 -0.496603 -0.291952
0.614 -0.852779 -0.0314013
0.615 -1.20854 0.227266
0.616 -1.5625 0.483054
0.617 -1.91328 0.734977
0.618 -2.2595 0.982062
0.619 -2.59983 1.22335
0.62 -2.93291 1.45792
0.621 -3.25744 1.68484
0.622 -3.57215 1.90325
0.623 -3.87578 2.11229
0.624 -4.16714 2.31115
0.625 -4.44508 2.49904
0.626 -4.70848 2.67525
0.627 -4.95631 2.83906
0.628 -5.18757 2.98985
0.629 -5.40134 3.12701
0.63 -5.59676 3.25001
0.631 -5.77304 3.35835
0.632 -5.92947 3.45161
0.633 -6.06542 3.5294
0.634 -6.18033 3.59142
0.635 -6.27373 3.63741
0.636 -6.34522 3.66717
0.637 -6.39452 3.68057
0.638 -6.4214 3.67756
0.639 -6.42573 3.65811
0.64 -6.40749 3.6223
0.641 -6.36672 3.57023
0.642 -6.30356 3.50211
0.643 -6.21824 3.41818
0.644 -6.11108 3.31873
0.645 -5.98249 3.20416
0.646 -5.83296 3.07487
0.647 -5.66305 2.93135
0.648 -5.47343 2.77416
0.649 -5.26483 2.60387
0.65 -5.03806 2.42113
0.651 -4.794 2.22663
0.652 -4.5336 2.02112
0.653 -4.25789 1.80538
0.654 -3.96793 1.58021
0.655 -3.66488 1.34649
0.656 -3.34991 1.1051
0.657 -3.02426 0.856973
0.658 -2.68922 0.603043
0.659 -2.34611 0.344287
0.66 -1.99628 0.0816925
0.661 -1.6411 -0.183735
0.662 -1.28198 -0.450981
0.663 -0.920344 -0.719021
0.664 -0.557613 -0.98683
0.665 -0.195224 -1.25338
0.666 0.165389 -1.51766
0.667 0.5228 -1.77865
0.668 0.875594 -2.03535
0.669 1.22237 -2.28678
0.67 1.56177 -2.53197
0.671 1.89243 -2.77
0.672 2.21304 -2.99995
0.673 2.52235 -3.22094
0.674 2.81912 -3.43212
0.675 3.10218 -3.6327
0.676 3.3704 -3.8219
0.677 3.62273 -3.99901
0.678 3.85817 -4.16336
0.679 4.07579 -4.31431
0.68 4.27472 -4.45131
0.681 4.4542 -4.57382
0.682 4.6135 -4.6814
0.683 4.75202 -4.77363
0.684 4.86919 -4.85018
0.685 4.96458 -4.91076
0.686 5.03782 -4.95515
0.687 5.08862 -4.9832
0.688 5.1168 -4.99481
0.689 5.12226 -4.98995
0.69 5.10501 -4.96865
0.691 5.06512 -4.93101
0.692 5.00279 -4.8772
0.693 4.91827 -4.80742
0.694 4.81193 -4.72198
0.695 4.68423 -4.62121
0.696 4.53569 -4.50552
0.697 4.36693 -4.37536
0.698 4.17867 -4.23125
0.699 3.97168 -4.07377
0.7 3.74682 -3.90353
0.701 3.50503 -3.72121
0.702 3.2473 -3.52751
0.703 2.97471 -3.32319
0.704 2.68837 -3.10906
0.705 2.38948 -2.88594
0.706 2.07927 -2.65471
0.707 1.75903 -2.41626
0.708 1.43007 -2.17151
0.709 1.09376 -1.92141
0.71 0.751484 -1.66693
0.711 0.404668 -1.40903
0.712 0.0547437 -1.14872
0.713 -0.296839 -0.886991
0.714 -0.648621 -0.624839
0.715 -0.999146 -0.363263
0.716 -1.34696 -0.103258
0.717 -1.6906 0.154192
0.718 -2.02866 0.408116
0.719 -2.35973 0.65756
0.72 -2.68241 0.90159
0.721 -2.99537 1.1393
0.722 -3.29728 1.3698
0.723 -3.5869 1.59225
0.724 -3.863 1.80583
0.725 -4.12441 2.00976
0.726 -4.37004 2.20332
0.727 -4.59883 2.3858
0.728 -4.80983 2.55657
0.729 -5.00212 2.71502
0.73 -5.17487 2.86062
0.731 -5.32735 2.99288
0.732 -5.45887 3.11136
0.733 -5.56886 3.21569
0.734 -5.65683 3.30555
0.735 -5.72236 3.38067
0.736 -5.76515 3.44087
0.737 -5.78495 3.48602
0.738 -5.78165 3.51603
0.739 -5.75521 3.53089
0.74 -5.70567 3.53067
0.741 -5.6332 3.51546
0.742 -5.53804 3.48546
0.743 -5.42051 3.44088
0.744 -5.28105 3.38204
0.745 -5.12017 3.30928
0.746 -4.93847 3.22301
0.747 -4.73664 3.1237
0.748 -4.51545 3.01186
0.749 -4.27575 2.88807
0.75 -4.01846 2.75293
0.751 -3.74458 2.60712
0.752 -3.45518 2.45134
0.753 -3.15137 2.28634
0.754 -2.83435 2.11289
0.755 -2.50537 1.93181
0.756 -2.1657 1.74396
0.757 -1.81669 1.55019
0.758 -1.4597 1.35141
0.759 -1.09616 1.14852
0.76 -0.727484 0.942471
0.761 -0.355139 0.734189
0.762 0.019403 0.524627
0.763 0.394661 0.314735
0.764 0.769148 0.105468
0.765 1.14138 -0.102229
0.766 1.50988 -0.307416
0.767 1.87319 -0.509166
0.768 2.22986 -0.706569
0.769 2.57847 -0.898733
0.77 2.91765 -1.08479
0.771 3.24605 -1.2639
0.772 3.56236 -1.43526
0.773 3.86532 -1.59808
0.774 4.15374 -1.75164
0.775 4.42646 -1.89523
0.776 4.68242 -2.02819
0.777 4.92058 -2.14993
0.778 5.14002 -2.25988
0.779 5.33985 -2.35753
0.78 5.51931 -2.44242
0.781 5.67767 -2.51415
0.782 5.81431 -2.57239
0.783 5.92872 -2.61683
0.784 6.02043 -2.64727
0.785 6.08911 -2.66352
0.786 6.13448 -2.66548
0.787 6.1564 -2.65311
0.788 6.15479 -2.62642
0.789 6.12967 -2.58549
0.79 6.08117 -2.53047
0.791 6.00952 -2.46154
0.792 5.91501 -2.37898
0.793 5.79805 -2.2831
0.794 5.65915 -2.17428
0.795 5.49888 -2.05294
0.796 5.31793 -1.91958
0.797 5.11703 -1.77473
0.798 4.89705 -1.61899
0.799 4.65888 -1.45298
0.8 4.40353 -1.2774
0.801 4.13206 -1.09295
0.802 3.84558 -0.900409
0.803 3.5453 -0.700568
0.804 3.23245 -0.494259
0.805 2.90834 -0.282342
0.806 2.57431 -0.0657009
0.807 2.23174 0.154757
0.808 1.88206 0.378107
0.809 1.52671 0.603409
0.81 1.16717 0.829714
0.811 0.804931 1.05607
0.812 0.441495 1.28151
0.813 0.0783723 1.50508
0.814 -0.28293 1.72583
0.815 -0.640909 1.94283
0.816 -0.994076 2.15513
0.817 -1.34096 2.36184
0.818 -1.68012 2.56206
0.819 -2.01014 2.75493
0.82 -2.32964 2.93961
0.821 -2.63729 3.11531
0.822 -2.9318 3.28125
0.823 -3.21194 3.43671
0.824 -3.47653 3.58099
0.825 -3.72445 3.71347
0.826 -3.95467 3.83354
0.827 -4.1662 3.94066
0.828 -4.35816 4.03435
0.829 -4.52972 4.11417
0.83 -4.68015 4.17973
0.831 -4.8088 4.23072
0.832 -4.91511 4.26688
0.833 -4.99862 4.28801
0.834 -5.05894 4.29397
0.835 -5.09581 4.28469
0.836 -5.10903 4.26015
0.837 -5.09852 4.22041
0.838 -5.06429 4.16558
0.839 -5.00644 4.09584
0.84 -4.92519 4.01143
0.841 -4.82084 3.91266
0.842 -4.69378 3.79987
0.843 -4.5445 3.67351
0.844 -4.37358 3.53404
0.845 -4.18171 3.382
0.846 -3.96964 3.21797
0.847 -3.7382 3.0426
0.848 -3.48833 2.85657
0.849 -3.22103 2.66061
0.85 -2.93737 2.4555
0.851 -2.63849 2.24206
0.852 -2.3256 2.02114
0.853 -1.99997 1.79363
0.854 -1.66291 1.56043
0.855 -1.3158 1.32249
0.856 -0.960043 1.08077
0.857 -0.597095 0.836257
0.858 -0.228436 0.589941
0.859 0.144427 0.34283
0.86 0.519966 0.0959325
0.861 0.89664 -0.149737
0.862 1.2729 -0.393169
0.863 1.6472 -0.633359
0.864 2.01799 -0.869314
0.865 2.38375 -1.10006
0.866 2.74295 -1.32462
0.867 3.09411 -1.54208
0.868 3.43576 -1.75152
0.869 3.76649 -1.95205
0.87 4.08491 -2.14284
0.871 4.38968 -2.32308
0.872 4.67952 -2.492
0.873 4.95321 -2.64887
0.874 5.20958 -2.79303
0.875 5.44756 -2.92385
0.876 5.6661 -3.04075
0.877 5.86428 -3.14323
0.878 6.04123 -3.23082
0.879 6.19617 -3.30313
0.88 6.3284 -3.35981
0.881 6.43734 -3.4006
0.882 6.52247 -3.42529
0.883 6.58339 -3.43373
0.884 6.61976 -3.42584
0.885 6.63139 -3.40162
0.886 6.61815 -3.36112
0.887 6.58002 -3.30447
0.888 6.51709 -3.23185
0.889 6.42953 -3.14351
0.89 6.31764 -3.03979
0.891 6.18179 -2.92106
0.892 6.02246 -2.78777
0.893 5.84021 -2.64043
0.894 5.63572 -2.47961
0.895 5.40974 -2.30594
0.896 5.16311 -2.12008
0.897 4.89676 -1.92277
0.898 4.6117 -1.7148
0.899 4.309 -1.49698
0.9 3.98983 -1.27019
0.901 3.6554 -1.03533
0.902 3.307 -0.793359
0.903 2.94598 -0.545241
0.904 2.57373 -0.291986
0.905 2.19169 -0.034623
0.906 1.80135 0.225797
0.907 1.40422 0.488207
0.908 1.00185 0.751528
0.909 0.595812 1.01468
0.91 0.187688 1.27656
0.911 -0.220924 1.53609
0.912 -0.628424 1.79218
0.913 -1.03322 2.04377
0.914 -1.43371 2.28979
0.915 -1.82834 2.52919
0.916 -2.21555 2.76097
0.917 -2.59381 2.98412
0.918 -2.96165 3.1977
0.919 -3.31762 3.40077
0.92 -3.66031 3.59244
0.921 -3.98837 3.77186
0.922 -4.30052 3.93825
0.923 -4.59552 4.09084
0.924 -4.87221 4.22893
0.925 -5.1295 4.35189
0.926 -5.36639 4.45912
0.927 -5.58193 4.5501
0.928 -5.77529 4.62436
0.929 -5.94569 4.6815
0.93 -6.09249 4.72119
0.931 -6.2151 4.74316
0.932 -6.31304 4.74721
0.933 -6.38595 4.73322
0.934 -6.43353 4.70112
0.935 -6.45561 4.65094
0.936 -6.45213 4.58275
0.937 -6.42309 4.4967
0.938 -6.36865 4.39304
0.939 -6.28901 4.27204
0.94 -6.18453 4.13407
0.941 -6.05563 3.97957
0.942 -5.90284 3.80902
0.943 -5.72679 3.623
0.944 -5.5282 3.42212
0.945 -5.30788 3.20706
0.946 -5.06672 2.97856
0.947 -4.80572 2.73742
0.948 -4.52594 2.48448
0.949 -4.2285 2.22062
0.95 -3.91464 1.9468
0.951 -3.58561 1.66399
0.952 -3.24276 1.37319
0.953 -2.88749 1.07547
0.954 -2.52124 0.771894
0.955 -2.14549 0.463569
0.956 -1.76179 0.151617
0.957 -1.37168 -0.16282
0.958 -0.97677 -0.47859
0.959 -0.578654 -0.794534
0.96 -0.178958 -1.10949
0.961 0.220688 -1.42229
0.962 0.618653 -1.73179
0.963 1.01331 -2.03684
0.964 1.40306 -2.33631
0.965 1.78629 -2.62908
0.966 2.16145 -2.91408
0.967 2.52699 -3.19025
0.968 2.88142 -3.45655
0.969 3.22329 -3.712
0.97 3.55118 -3.95565
0.971 3.86374 -4.18659
0.972 4.1597 -4.40397
0.973 4.43782 -4.60698
0.974 4.69696 -4.79486
0.975 4.93603 -4.96692
0.976 5.15405 -5.12253
0.977 5.35009 -5.2611
0.978 5.52333 -5.38213
0.979 5.67305 -5.48518
0.98 5.79859 -5.56988
0.981 5.89942 -5.63591
0.982 5.9751 -5.68305
0.983 6.02527 -5.71113
0.984 6.0497 -5.72008
0.985 6.04825 -5.70987
0.986 6.02088 -5.68056
0.987 5.96767 -5.63229
0.988 5.88879 -5.56525
0.989 5.78452 -5.47973
0.99 5.65522 -5.37608
0.991 5.5014 -5.2547
0.992 5.32361 -5.11609
0.993 5.12253 -4.96079
0.994 4.89895 -4.78942
0.995 4.6537 -4.60266
0.996 4.38774 -4.40123
0.997 4.1021 -4.18594
0.998 3.79789 -3.95762
0.999 3.47629 -3.71717
1 3.13855 -3.46552
