0.001 3.70563e-008 5.80265e-010
0.002 3.34131e-007 4.78723e-009
0.003 1.56119e-006 2.06409e-008
0.004 5.13173e-006 6.37364e-008
0.005 1.34927e-005 1.61083e-007
0.006 3.04043e-005 3.57306e-007
0.007 6.12065e-005 7.23767e-007
0.008 0.000113071 1.37111e-006
0.009 0.000195235 2.46571e-006
0.01 0.000319214 4.25048e-006
0.011 0.000498998 7.07035e-006
0.012 0.000751213 1.14028e-005
0.013 0.00109527 1.78936e-005
0.014 0.00155347 2.73982e-005
0.015 0.00215112 4.10285e-005
0.016 0.00291653 6.02053e-005
0.017 0.0038811 8.67163e-005
0.018 0.0050793 0.00012278
0.019 0.00654859 0.000171114
0.02 0.0083294 0.000235011
0.021 0.010465 0.000318413
0.022 0.0130013 0.000425999
0.023 0.015987 0.000563269
0.024 0.0194727 0.000736637
0.025 0.0235116 0.000953518
0.026 0.0281582 0.00122243
0.027 0.0334691 0.00155308
0.028 0.0395018 0.00195647
0.029 0.0463147 0.00244499
0.03 0.0539668 0.0030325
0.031 0.0625171 0.00373444
0.032 0.0720246 0.00456791
0.033 0.0825472 0.00555175
0.034 0.0941418 0.00670661
0.035 0.106864 0.00805503
0.036 0.120767 0.00962153
0.037 0.135901 0.0114326
0.038 0.152314 0.0135168
0.039 0.17005 0.0159048
0.04 0.189149 0.0186294
0.041 0.209648 0.0217253
0.042 0.231576 0.0252296
0.043 0.25496 0.0291814
0.044 0.279819 0.0336217
0.045 0.306167 0.0385936
0.046 0.334011 0.0441423
0.047 0.36335 0.0503144
0.048 0.394179 0.0571588
0.049 0.426481 0.0647255
0.05 0.460234 0.0730663
0.051 0.495408 0.082234
0.052 0.531964 0.0922829
0.053 0.569854 0.103268
0.054 0.609022 0.115244
0.055 0.649405 0.128269
0.056 0.690928 0.142398
0.057 0.733509 0.157687
0.058 0.77706 0.174193
0.059 0.821479 0.19197
0.06 0.866662 0.211072
0.061 0.912492 0.231554
0.062 0.958847 0.253464
0.063 1.0056 0.276853
0.064 1.0526 0.301767
0.065 1.09972 0.32825
0.066 1.1468 0.356341
0.067 1.19369 0.386079
0.068 1.24022 0.417496
0.069 1.28624 0.45062
0.07 1.33156 0.485475
0.071 1.37602 0.522079
0.072 1.41945 0.560444
0.073 1.46166 0.600579
0.074 1.50247 0.642482
0.075 1.54172 0.686148
0.076 1.57922 0.731563
0.077 1.61479 0.778707
0.078 1.64826 0.82755
0.079 1.67947 0.878057
0.08 1.70824 0.930181
0.081 1.73441 0.983871
0.082 1.75783 1.03906
0.083 1.77834 1.09569
0.084 1.79581 1.15367
0.085 1.81011 1.21291
0.086 1.8211 1.27331
0.087 1.82867 1.33477
0.088 1.83273 1.39718
0.089 1.83317 1.4604
0.09 1.82993 1.52429
0.091 1.82292 1.58873
0.092 1.8121 1.65354
0.093 1.79743 1.71858
0.094 1.77888 1.78367
0.095 1.75644 1.84863
0.096 1.73011 1.91329
0.097 1.69993 1.97744
0.098 1.66591 2.0409
0.099 1.62812 2.10344
0.1 1.58662 2.16487
0.101 1.5415 2.22497
0.102 1.49285 2.28352
0.103 1.4408 2.34029
0.104 1.38547 2.39507
0.105 1.32702 2.44761
0.106 1.26561 2.49769
0.107 1.2014 2.54509
0.108 1.13461 2.58956
0.109 1.06543 2.63088
0.11 0.994076 2.66883
0.111 0.920789 2.70318
0.112 0.845809 2.7337
0.113 0.76939 2.7602
0.114 0.691795 2.78245
0.115 0.613297 2.80025
0.116 0.534177 2.81341
0.117 0.454723 2.82175
0.118 0.375227 2.82509
0.119 0.295988 2.82327
0.12 0.217307 2.81613
0.121 0.139486 2.80353
0.122 0.0628295 2.78535
0.123 -0.0123591 2.76147
0.124 -0.0857786 2.7318
0.125 -0.15713 2.69626
0.126 -0.226121 2.65478
0.127 -0.292462 2.60732
0.128 -0.355873 2.55385
0.129 -0.416082 2.49436
0.13 -0.472826 2.42886
0.131 -0.525854 2.35739
0.132 -0.574928 2.27998
0.133 -0.619822 2.19672
0.134 -0.660325 2.1077
0.135 -0.696243 2.01302
0.136 -0.727399 1.91283
0.137 -0.753632 1.80727
0.138 -0.774802 1.69653
0.139 -0.790788 1.58081
0.14 -0.801491 1.46032
0.141 -0.80683 1.3353
0.142 -0.80675 1.20602
0.143 -0.801215 1.07275
0.144 -0.790215 0.935787
0.145 -0.773762 0.795456
0.146 -0.751892 0.65209
0.147 -0.724663 0.506041
0.148 -0.69216 0.357676
0.149 -0.654491 0.20738
0.15 -0.611785 0.0555493
0.151 -0.564198 -0.0974047
0.152 -0.511908 -0.25106
0.153 -0.455114 -0.404985
0.154 -0.394041 -0.558736
0.155 -0.32893 -0.711866
0.156 -0.260048 -0.863919
0.157 -0.187678 -1.01443
0.158 -0.112124 -1.16295
0.159 -0.0337073 -1.309
0.16 0.0472346 -1.45211
0.161 0.130349 -1.59184
0.162 0.215267 -1.72771
0.163 0.301611 -1.85928
0.164 0.388987 -1.98609
0.165 0.476997 -2.10772
0.166 0.56523 -2.22372
0.167 0.653272 -2.33369
0.168 0.740702 -2.43722
0.169 0.827096 -2.53394
0.17 0.912031 -2.62346
0.171 0.995083 -2.70544
0.172 1.07583 -2.77955
0.173 1.15385 -2.84548
0.174 1.22874 -2.90295
0.175 1.3001 -2.9517
0.176 1.36752 -2.9915
0.177 1.43063 -3.02214
0.178 1.48906 -3.04344
0.179 1.54245 -3.05526
0.18 1.59047 -3.05748
0.181 1.63279 -3.05001
0.182 1.66912 -3.0328
0.183 1.69918 -3.00584
0.184 1.72271 -2.96913
0.185 1.73948 -2.92273
0.186 1.74929 -2.86671
0.187 1.75196 -2.80119
0.188 1.74732 -2.72633
0.189 1.73527 -2.6423
0.19 1.71571 -2.54933
0.191 1.68856 -2.44768
0.192 1.6538 -2.33762
0.193 1.61143 -2.21947
0.194 1.56147 -2.0936
0.195 1.50399 -1.96038
0.196 1.43908 -1.82022
0.197 1.36685 -1.67358
0.198 1.28748 -1.52091
0.199 1.20114 -1.36271
0.2 1.10805 -1.19951
0.201 1.00846 -1.03185
0.202 0.902648 -0.860302
0.203 0.790921 -0.685446
0.204 0.673613 -0.507888
0.205 0.551083 -0.328251
0.206 0.423717 -0.147167
0.207 0.291924 0.0347168
0.208 0.156138 0.216745
0.209 0.0168115 0.398254
0.21 -0.125584 0.578576
0.211 -0.270557 0.757042
0.212 -0.417603 0.93298
0.213 -0.566203 1.10572
0.214 -0.715825 1.27461
0.215 -0.865929 1.43898
0.216 -1.01597 1.59819
0.217 -1.16538 1.75161
0.218 -1.31363 1.89862
0.219 -1.46014 2.03861
0.22 -1.60435 2.171
0.221 -1.74573 2.29524
0.222 -1.88373 2.41079
0.223 -2.01779 2.51713
0.224 -2.14741 2.61379
0.225 -2.27206 2.70031
0.226 -2.39125 2.77628
0.227 -2.5045 2.84132
0.228 -2.61133 2.89507
0.229 -2.71133 2.93722
0.23 -2.80405 2.9675
0.231 -2.88912 2.98568
0.232 -2.96617 2.99158
0.233 -3.03487 2.98504
0.234 -3.09491 2.96597
0.235 -3.14601 2.93429
0.236 -3.18793 2.89001
0.237 -3.22048 2.83315
0.238 -3.24348 2.76379
0.239 -3.2568 2.68205
0.24 -3.26034 2.5881
0.241 -3.25405 2.48216
0.242 -3.2379 2.36449
0.243 -3.21191 2.23538
0.244 -3.17616 2.09519
0.245 -3.13072 1.9443
0.246 -3.07574 1.78315
0.247 -3.0114 1.61222
0.248 -2.93791 1.432
0.249 -2.85552 1.24305
0.25 -2.76452 1.04595
0.251 -2.66524 0.841327
0.252 -2.55803 0.629818
0.253 -2.44328 0.412106
0.254 -2.32142 0.188895
0.255 -2.19291 -0.0390843
0.256 -2.05823 -0.271079
0.257 -1.9179 -0.506319
0.258 -1.77244 -0.744013
0.259 -1.62242 -0.983361
0.26 -1.46842 -1.22355
0.261 -1.31103 -1.46375
0.262 -1.15088 -1.70314
0.263 -0.988597 -1.94089
0.264 -0.824817 -2.17617
0.265 -0.660192 -2.40816
0.266 -0.495379 -2.63603
0.267 -0.331037 -2.85898
0.268 -0.167827 -3.07622
0.269 -0.00640836 -3.28695
0.27 0.152565 -3.49043
0.271 0.308445 -3.68592
0.272 0.460596 -3.87269
0.273 0.608392 -4.05007
0.274 0.751225 -4.21739
0.275 0.888502 -4.37404
0.276 1.01965 -4.51942
0.277 1.14413 -4.65299
0.278 1.26141 -4.77423
0.279 1.37099 -4.88266
0.28 1.47242 -4.97788
0.281 1.56525 -5.05948
0.282 1.64909 -5.12715
0.283 1.72357 -5.18059
0.284 1.78836 -5.21957
0.285 1.84317 -5.2439
0.286 1.88777 -5.25345
0.287 1.92192 -5.24814
0.288 1.94549 -5.22794
0.289 1.95833 -5.19287
0.29 1.96037 -5.14302
0.291 1.95158 -5.0785
0.292 1.93197 -4.99952
0.293 1.9016 -4.90629
0.294 1.86056 -4.79911
0.295 1.80901 -4.67831
0.296 1.74713 -4.54429
0.297 1.67516 -4.39747
0.298 1.59337 -4.23834
0.299 1.50209 -4.06742
0.3 1.40167 -3.88529
0.301 1.29252 -3.69255
0.302 1.17507 -3.48985
0.303 1.0498 -3.27789
0.304 0.91721 -3.05737
0.305 0.777855 -2.82905
0.306 0.632301 -2.59371
0.307 0.481151 -2.35215
0.308 0.325032 -2.10521
0.309 0.164594 -1.85373
0.31 0.000510968 -1.59858
0.311 -0.166528 -1.34063
0.312 -0.335817 -1.08077
0.313 -0.506636 -0.819894
0.314 -0.678259 -0.558903
0.315 -0.849949 -0.298694
0.316 -1.02097 -0.0401598
0.317 -1.19057 0.215811
0.318 -1.35803 0.468342
0.319 -1.52261 0.71657
0.32 -1.68358 0.959646
0.321 -1.84023 1.19675
0.322 -1.99187 1.42706
0.323 -2.13782 1.64982
0.324 -2.27741 1.86428
0.325 -2.41 2.06971
0.326 -2.53499 2.26544
0.327 -2.6518 2.45082
0.328 -2.75986 2.62525
0.329 -2.85867 2.78817
0.33 -2.94773 2.93905
0.331 -3.02661 3.07744
0.332 -3.09489 3.2029
0.333 -3.15222 3.31506
0.334 -3.19827 3.41361
0.335 -3.23277 3.49827
0.336 -3.25548 3.56882
0.337 -3.26623 3.6251
0.338 -3.26488 3.66701
0.339 -3.25134 3.6945
0.34 -3.22557 3.70756
0.341 -3.1876 3.70626
0.342 -3.13747 3.6907
0.343 -3.07531 3.66106
0.344 -3.00127 3.61757
0.345 -2.91558 3.56048
0.346 -2.81848 3.49013
0.347 -2.71028 3.40691
0.348 -2.59133 3.31122
0.349 -2.46205 3.20355
0.35 -2.32285 3.08441
0.351 -2.17424 2.95436
0.352 -2.01672 2.81402
0.353 -1.85087 2.66401
0.354 -1.67727 2.50501
0.355 -1.49657 2.33773
0.356 -1.30941 2.16292
0.357 -1.1165 1.98134
0.358 -0.918536 1.79378
0.359 -0.716267 1.60105
0.36 -0.510448 1.40399
0.361 -0.301853 1.20343
0.362 -0.0912694 1.00024
0.363 0.120505 0.795277
0.364 0.332665 0.589408
0.365 0.544401 0.383502
0.366 0.754906 0.178423
0.367 0.96337 -0.0249678
0.368 1.169 -0.225822
0.369 1.37099 -0.423304
0.37 1.56858 -0.616594
0.371 1.761 -0.804891
0.372 1.9475 -0.987419
0.373 2.12737 -1.16343
0.374 2.29991 -1.33219
0.375 2.46446 -1.49302
0.376 2.62037 -1.64527
0.377 2.76706 -1.7883
0.378 2.90394 -1.92155
0.379 3.03049 -2.04448
0.38 3.14624 -2.1566
0.381 3.25072 -2.25746
0.382 3.34356 -2.34665
0.383 3.42439 -2.42384
0.384 3.49291 -2.48871
0.385 3.54887 -2.54103
0.386 3.59207 -2.58061
0.387 3.62236 -2.60729
0.388 3.63963 -2.62099
0.389 3.64385 -2.62167
0.39 3.63502 -2.60937
0.391 3.61321 -2.58415
0.392 3.57852 -2.54614
0.393 3.53113 -2.49553
0.394 3.47126 -2.43253
0.395 3.39917 -2.35745
0.396 3.3152 -2.27062
0.397 3.21971 -2.1724
0.398 3.11311 -2.06325
0.399 2.99589 -1.94362
0.4 2.86853 -1.81403
0.401 2.73161 -1.67504
0.402 2.5857 -1.52725
0.403 2.43144 -1.37128
0.404 2.26949 -1.2078
0.405 2.10055 -1.03749
0.406 1.92534 -0.861088
0.407 1.74462 -0.679325
0.408 1.55917 -0.492968
0.409 1.36977 -0.302798
0.41 1.17724 -0.109612
0.411 0.982419 0.0857841
0.412 0.786131 0.282576
0.413 0.589224 0.479945
0.414 0.392546 0.677074
0.415 0.196944 0.873146
0.416 0.00325961 1.06735
0.417 -0.18767 1.25889
0.418 -0.375021 1.44698
0.419 -0.557982 1.63085
0.42 -0.735761 1.80975
0.421 -0.907586 1.98295
0.422 -1.07271 2.14975
0.423 -1.23041 2.30947
0.424 -1.38001 2.46149
0.425 -1.52083 2.60518
0.426 -1.65228 2.73999
0.427 -1.77375 2.86537
0.428 -1.88473 2.98085
0.429 -1.9847 3.08598
0.43 -2.07323 3.18035
0.431 -2.14991 3.26361
0.432 -2.21439 3.33547
0.433 -2.26638 3.39566
0.434 -2.30561 3.44398
0.435 -2.33191 3.48028
0.436 -2.34512 3.50446
0.437 -2.34518 3.51647
0.438 -2.33204 3.51631
0.439 -2.30575 3.50405
0.44 -2.26637 3.47979
0.441 -2.21406 3.44369
0.442 -2.14902 3.39597
0.443 -2.07148 3.33689
0.444 -1.98175 3.26676
0.445 -1.88019 3.18593
0.446 -1.76722 3.09482
0.447 -1.64327 2.99387
0.448 -1.50887 2.88357
0.449 -1.36455 2.76445
0.45 -1.21092 2.63709
0.451 -1.04861 2.50207
0.452 -0.878288 2.36005
0.453 -0.700667 2.21168
0.454 -0.516488 2.05765
0.455 -0.326522 1.89868
0.456 -0.131569 1.73551
0.457 0.0675518 1.56888
0.458 0.269998 1.39957
0.459 0.474912 1.22836
0.46 0.681423 1.05602
0.461 0.888651 0.883344
0.462 1.09571 0.711124
0.463 1.30172 0.540142
0.464 1.50578 0.371179
0.465 1.70703 0.205001
0.466 1.90458 0.0423632
0.467 2.09758 -0.115996
0.468 2.28519 -0.269359
0.469 2.4666 -0.417032
0.47 2.64099 -0.558347
0.471 2.8076 -0.692665
0.472 2.96569 -0.81938
0.473 3.11456 -0.937922
0.474 3.25353 -1.04775
0.475 3.38196 -1.14839
0.476 3.49928 -1.23937
0.477 3.60493 -1.32028
0.478 3.69843 -1.39078
0.479 3.77931 -1.45054
0.48 3.84718 -1.49931
0.481 3.9017 -1.53686
0.482 3.94257 -1.56304
0.483 3.96956 -1.57773
0.484 3.9825 -1.58088
0.485 3.98126 -1.57249
0.486 3.96577 -1.5526
0.487 3.93605 -1.52133
0.488 3.89213 -1.47882
0.489 3.83414 -1.42528
0.49 3.76225 -1.36098
0.491 3.67668 -1.28622
0.492 3.57773 -1.20137
0.493 3.46573 -1.10683
0.494 3.34109 -1.00306
0.495 3.20425 -0.890557
0.496 3.05571 -0.769862
0.497 2.89603 -0.641555
0.498 2.7258 -0.506256
0.499 2.54566 -0.364617
0.5 2.3563 -0.217324
0.501 2.15844 -0.0650902
0.502 1.95284 0.0913421
0.503 1.74029 0.25121
0.504 1.52162 0.41373
0.505 1.29767 0.578102
0.506 1.06931 0.743514
0.507 0.837447 0.909144
0.508 0.602977 1.07417
0.509 0.366823 1.23775
0.51 0.129912 1.39906
0.511 -0.106822 1.55729
0.512 -0.342445 1.71161
0.513 -0.576028 1.86123
0.514 -0.806648 2.00535
0.515 -1.03339 2.14322
0.516 -1.25536 2.2741
0.517 -1.47168 2.39725
0.518 -1.68149 2.512
0.519 -1.88396 2.6177
0.52 -2.07829 2.71371
0.521 -2.26371 2.79948
0.522 -2.43948 2.87444
0.523 -2.60491 2.93812
0.524 -2.75936 2.99005
0.525 -2.9022 3.02985
0.526 -3.03288 3.05716
0.527 -3.15089 3.07168
0.528 -3.25577 3.07317
0.529 -3.34712 3.06144
0.53 -3.42458 3.03636
0.531 -3.48786 2.99784
0.532 -3.53673 2.94588
0.533 -3.57101 2.88051
0.534 -3.59059 2.80182
0.535 -3.59541 2.70998
0.536 -3.58549 2.6052
0.537 -3.56088 2.48775
0.538 -3.52173 2.35795
0.539 -3.46822 2.21619
0.54 -3.40059 2.06289
0.541 -3.31917 1.89856
0.542 -3.22431 1.72373
0.543 -3.11644 1.53898
0.544 -2.99604 1.34495
0.545 -2.86363 1.14232
0.546 -2.7198 0.931797
0.547 -2.56517 0.714146
0.548 -2.40042 0.490158
0.549 -2.22627 0.260656
0.55 -2.04347 0.026495
0.551 -1.85282 -0.211447
0.552 -1.65514 -0.452268
0.553 -1.4513 -0.695048
0.554 -1.24217 -0.938854
0.555 -1.02867 -1.18274
0.556 -0.811717 -1.42575
0.557 -0.59226 -1.66694
0.558 -0.37125 -1.90534
0.559 -0.149651 -2.14001
0.56 0.0715746 -2.37
0.561 0.29146 -2.5944
0.562 0.509045 -2.81228
0.563 0.723378 -3.02276
0.564 0.933519 -3.22497
0.565 1.13854 -3.41806
0.566 1.33755 -3.60124
0.567 1.52965 -3.77373
0.568 1.71401 -3.9348
0.569 1.88979 -4.08375
0.57 2.05622 -4.21994
0.571 2.21254 -4.34277
0.572 2.35804 -4.45168
0.573 2.49207 -4.54618
0.574 2.614 -4.62584
0.575 2.72328 -4.69025
0.576 2.81938 -4.7391
0.577 2.90184 -4.77212
0.578 2.97027 -4.78911
0.579 3.02431 -4.78993
0.58 3.06367 -4.7745
0.581 3.08814 -4.7428
0.582 3.09755 -4.69489
0.583 3.09179 -4.6309
0.584 3.07082 -4.55099
0.585 3.03468 -4.45541
0.586 2.98344 -4.34449
0.587 2.91726 -4.21858
0.588 2.83636 -4.07812
0.589 2.74101 -3.92361
0.59 2.63153 -3.7556
0.591 2.50834 -3.57469
0.592 2.37188 -3.38155
0.593 2.22266 -3.17689
0.594 2.06125 -2.96148
0.595 1.88826 -2.73611
0.596 1.70435 -2.50165
0.597 1.51024 -2.25898
0.598 1.30668 -2.00903
0.599 1.09447 -1.75276
0.6 0.874436 -1.49116
0.601 0.647454 -1.22524
0.602 0.414419 -0.95603
0.603 0.176258 -0.68459
0.604 -0.0660823 -0.411982
0.605 -0.311632 -0.139279
0.606 -0.559408 0.132443
0.607 -0.808416 0.402106
0.608 -1.05765 0.668635
0.609 -1.30611 0.930967
0.61 -1.55279 1.18805
0.611 -1.79668 1.43885
0.612 -2.0368 1.68235
0.613 -2.27218 1.91756
0.614 -2.50184 2.14353
0.615 -2.72485 2.35932
0.616 -2.9403 2.56406
0.617 -3.14729 2.75688
0.618 -3.34499 2.937
0.619 -3.53256 3.10364
0.62 -3.70924 3.25611
0.621 -3.87428 3.39376
0.622 -4.02701 3.51599
0.623 -4.16677 3.62226
0.624 -4.29298 3.7121
0.625 -4.4051 3.7851
0.626 -4.50266 3.84091
0.627 -4.58523 3.87925
0.628 -4.65244 3.89991
0.629 -4.70401 3.90275
0.63 -4.73968 3.88769
0.631 -4.75929 3.85474
0.632 -4.76272 3.80397
0.633 -4.74993 3.7355
0.634 -4.72095 3.64955
0.635 -4.67584 3.54641
0.636 -4.61478 3.42641
0.637 -4.53796 3.28997
0.638 -4.44566 3.13757
0.639 -4.33824 2.96976
0.64 -4.21608 2.78714
0.641 -4.07964 2.59039
0.642 -3.92946 2.38022
0.643 -3.76609 2.15741
0.644 -3.59017 1.9228
0.645 -3.40238 1.67726
0.646 -3.20343 1.42173
0.647 -2.99411 1.15716
0.648 -2.77522 0.884568
0.649 -2.54762 0.604986
0.65 -2.31219 0.319485
0.651 -2.06986 0.0291625
0.652 -1.82156 -0.264865
0.653 -1.56827 -0.561462
0.654 -1.31099 -0.85948
0.655 -1.05071 -1.15776
0.656 -0.788453 -1.45515
0.657 -0.525254 -1.75048
0.658 -0.26214 -2.04259
0.659 -0.000141381 -2.33035
0.66 0.259716 -2.61261
0.661 0.516416 -2.88827
0.662 0.768953 -3.15623
0.663 1.01634 -3.41543
0.664 1.25762 -3.66483
0.665 1.49183 -3.90345
0.666 1.71808 -4.13031
0.667 1.93548 -4.34452
0.668 2.1432 -4.54519
0.669 2.34041 -4.7315
0.67 2.52637 -4.90271
0.671 2.70036 -5.05809
0.672 2.86172 -5.197
0.673 3.00982 -5.31885
0.674 3.14411 -5.42312
0.675 3.26409 -5.50935
0.676 3.3693 -5.57715
0.677 3.45937 -5.62621
0.678 3.53397 -5.65628
0.679 3.59284 -5.66719
0.68 3.63579 -5.65882
0.681 3.66268 -5.63116
0.682 3.67344 -5.58424
0.683 3.66809 -5.51819
0.684 3.64668 -5.43319
0.685 3.60935 -5.32951
0.686 3.55629 -5.20748
0.687 3.48777 -5.06751
0.688 3.4041 -4.91006
0.689 3.30569 -4.73568
0.69 3.19296 -4.54498
0.691 3.06643 -4.33861
0.692 2.92665 -4.1173
0.693 2.77425 -3.88184
0.694 2.60988 -3.63306
0.695 2.43427 -3.37184
0.696 2.24818 -3.09913
0.697 2.0524 -2.8159
0.698 1.84778 -2.52316
0.699 1.63521 -2.22198
0.7 1.41559 -1.91343
0.701 1.18986 -1.59862
0.702 0.958989 -1.27869
0.703 0.723965 -0.954805
0.704 0.485789 -0.628119
0.705 0.245478 -0.299814
0.706 0.00405448 0.0289267
0.707 -0.237451 0.356919
0.708 -0.478011 0.682984
0.709 -0.716599 1.00595
0.71 -0.952198 1.32466
0.711 -1.1838 1.63797
0.712 -1.41043 1.94477
0.713 -1.63111 2.24397
0.714 -1.84489 2.53449
0.715 -2.05087 2.81532
0.716 -2.24816 3.08547
0.717 -2.4359 3.344
0.718 -2.61331 3.58999
0.719 -2.7796 3.82261
0.72 -2.93406 4.04105
0.721 -3.07601 4.24458
0.722 -3.20484 4.43251
0.723 -3.31998 4.60422
0.724 -3.42091 4.75915
0.725 -3.50719 4.89681
0.726 -3.57841 5.01677
0.727 -3.63426 5.11867
0.728 -3.67445 5.20224
0.729 -3.69879 5.26724
0.73 -3.70712 5.31355
0.731 -3.69939 5.34108
0.732 -3.67558 5.34984
0.733 -3.63574 5.33991
0.734 -3.58 5.31142
0.735 -3.50854 5.26459
0.736 -3.42162 5.19971
0.737 -3.31954 5.11714
0.738 -3.20269 5.01729
0.739 -3.0715 4.90066
0.74 -2.92646 4.76779
0.741 -2.76812 4.6193
0.742 -2.5971 4.45586
0.743 -2.41404 4.27819
0.744 -2.21965 4.08708
0.745 -2.01469 3.88335
0.746 -1.79994 3.66788
0.747 -1.57624 3.44159
0.748 -1.34447 3.20543
0.749 -1.10552 2.96039
0.75 -0.860338 2.7075
0.751 -0.60987 2.44781
0.752 -0.355099 2.18239
0.753 -0.0970241 1.91233
0.754 0.163345 1.63873
0.755 0.424989 1.36271
0.756 0.686882 1.08538
0.757 0.947999 0.807879
0.758 1.20732 0.531306
0.759 1.46382 0.256773
0.76 1.7165 -0.0146235
0.761 1.96437 -0.281806
0.762 2.20647 -0.543717
0.763 2.44185 -0.799326
0.764 2.66958 -1.04763
0.765 2.88879 -1.28766
0.766 3.09862 -1.51848
0.767 3.29825 -1.7392
0.768 3.48691 -1.94898
0.769 3.66387 -2.14702
0.77 3.82846 -2.33256
0.771 3.98003 -2.50491
0.772 4.11802 -2.66343
0.773 4.24188 -2.80753
0.774 4.35117 -2.93671
0.775 4.44547 -3.05048
0.776 4.52443 -3.14847
0.777 4.58776 -3.23034
0.778 4.63525 -3.29583
0.779 4.66673 -3.34474
0.78 4.68211 -3.37695
0.781 4.68136 -3.39239
0.782 4.66451 -3.39107
0.783 4.63165 -3.37308
0.784 4.58297 -3.33855
0.785 4.51867 -3.28769
0.786 4.43905 -3.22079
0.787 4.34447 -3.13818
0.788 4.23531 -3.04027
0.789 4.11207 -2.92753
0.79 3.97525 -2.80046
0.791 3.82544 -2.65967
0.792 3.66327 -2.50577
0.793 3.4894 -2.33946
0.794 3.30457 -2.16147
0.795 3.10955 -1.97258
0.796 2.90513 -1.77361
0.797 2.69216 -1.56542
0.798 2.47152 -1.3489
0.799 2.2441 -1.12498
0.8 2.01085 -0.894612
0.801 1.77271 -0.65877
0.802 1.53066 -0.41845
0.803 1.28567 -0.174662
0.804 1.03875 0.0715737
0.805 0.790892 0.319229
0.806 0.543098 0.567275
0.807 0.296371 0.814682
0.808 0.0517019 1.06043
0.809 -0.189925 1.3035
0.81 -0.42754 1.54291
0.811 -0.660194 1.77766
0.812 -0.886959 2.0068
0.813 -1.10693 2.22941
0.814 -1.31924 2.44457
0.815 -1.52304 2.65143
0.816 -1.71754 2.84914
0.817 -1.90196 3.03693
0.818 -2.07559 3.21403
0.819 -2.23776 3.37975
0.82 -2.38783 3.53344
0.821 -2.52523 3.6745
0.822 -2.64944 3.80237
0.823 -2.76 3.91657
0.824 -2.85648 4.01667
0.825 -2.93854 4.10228
0.826 -3.00589 4.1731
0.827 -3.0583 4.22887
0.828 -3.0956 4.26941
0.829 -3.11768 4.2946
0.83 -3.12451 4.30436
0.831 -3.11609 4.2987
0.832 -3.09253 4.27769
0.833 -3.05395 4.24146
0.834 -3.00057 4.19019
0.835 -2.93266 4.12414
0.836 -2.85055 4.04362
0.837 -2.75463 3.949
0.838 -2.64533 3.84072
0.839 -2.52315 3.71924
0.84 -2.38865 3.58512
0.841 -2.24244 3.43894
0.842 -2.08514 3.28132
0.843 -1.91748 3.11295
0.844 -1.74017 2.93456
0.845 -1.55399 2.74689
0.846 -1.35976 2.55076
0.847 -1.15833 2.34698
0.848 -0.950557 2.13642
0.849 -0.737349 1.91996
0.85 -0.519626 1.69849
0.851 -0.298326 1.47295
0.852 -0.0744025 1.24427
0.853 0.151182 1.0134
0.854 0.377459 0.781273
0.855 0.603455 0.548858
0.856 0.828202 0.317099
0.857 1.05074 0.0869424
0.858 1.2701 -0.140679
0.859 1.48536 -0.364846
0.86 1.69558 -0.584656
0.861 1.89988 -0.799228
0.862 2.09736 -1.00771
0.863 2.28717 -1.20927
0.864 2.46852 -1.40312
0.865 2.6406 -1.5885
0.866 2.80268 -1.76468
0.867 2.95405 -1.931
0.868 3.09407 -2.08681
0.869 3.22211 -2.23154
0.87 3.33761 -2.36463
0.871 3.44007 -2.4856
0.872 3.52902 -2.59403
0.873 3.60407 -2.68953
0.874 3.66488 -2.77178
0.875 3.71115 -2.84051
0.876 3.74267 -2.89553
0.877 3.75926 -2.93668
0.878 3.76082 -2.96388
0.879 3.74731 -2.9771
0.88 3.71874 -2.97638
0.881 3.6752 -2.96182
0.882 3.61683 -2.93356
0.883 3.54383 -2.89183
0.884 3.45645 -2.83688
0.885 3.35503 -2.76906
0.886 3.23992 -2.68874
0.887 3.11158 -2.59635
0.888 2.97048 -2.49239
0.889 2.81715 -2.37739
0.89 2.65219 -2.25194
0.891 2.47624 -2.11666
0.892 2.28996 -1.97222
0.893 2.09407 -1.81934
0.894 1.88935 -1.65875
0.895 1.67657 -1.49123
0.896 1.45657 -1.31758
0.897 1.23021 -1.13865
0.898 0.99835 -0.955276
0.899 0.76191 -0.768338
0.9 0.521805 -0.578721
0.901 0.27897 -0.387323
0.902 0.0343507 -0.19505
0.903 -0.211101 -0.00280929
0.904 -0.456431 0.188491
0.905 -0.700684 0.377946
0.906 -0.942912 0.564663
0.907 -1.18217 0.747757
0.908 -1.41754 0.92636
0.909 -1.64811 1.09963
0.91 -1.87298 1.26673
0.911 -2.09129 1.42687
0.912 -2.30219 1.57929
0.913 -2.50489 1.72324
0.914 -2.69859 1.85802
0.915 -2.88256 1.98299
0.916 -3.05611 2.09751
0.917 -3.21857 2.20103
0.918 -3.36933 2.29301
0.919 -3.50783 2.37298
0.92 -3.63356 2.44051
0.921 -3.74605 2.49524
0.922 -3.8449 2.53684
0.923 -3.92975 2.56507
0.924 -4.0003 2.57971
0.925 -4.05632 2.58063
0.926 -4.09763 2.56773
0.927 -4.12411 2.541
0.928 -4.13569 2.50046
0.929 -4.13238 2.44622
0.93 -4.11424 2.37842
0.931 -4.08138 2.29728
0.932 -4.03398 2.20307
0.933 -3.97229 2.09611
0.934 -3.89659 1.97678
0.935 -3.80723 1.84552
0.936 -3.70462 1.70282
0.937 -3.58922 1.54921
0.938 -3.46153 1.38528
0.939 -3.32212 1.21166
0.94 -3.17157 1.02903
0.941 -3.01055 0.838091
0.942 -2.83975 0.639602
0.943 -2.65987 0.434349
0.944 -2.4717 0.223147
0.945 -2.27603 0.00684087
0.946 -2.07367 -0.213701
0.947 -1.86549 -0.43759
0.948 -1.65234 -0.66392
0.949 -1.43512 -0.891772
0.95 -1.21475 -1.12022
0.951 -0.992121 -1.34832
0.952 -0.768174 -1.57515
0.953 -0.543832 -1.79977
0.954 -0.320025 -2.02124
0.955 -0.0976756 -2.23867
0.956 0.122298 -2.45113
0.957 0.338991 -2.65774
0.958 0.551511 -2.85764
0.959 0.758988 -3.04998
0.96 0.960569 -3.23396
0.961 1.15543 -3.40879
0.962 1.34277 -3.57372
0.963 1.52184 -3.72804
0.964 1.69189 -3.87109
0.965 1.85224 -4.00224
0.966 2.00224 -4.12092
0.967 2.14128 -4.22659
0.968 2.26879 -4.31878
0.969 2.38427 -4.39706
0.97 2.48725 -4.46106
0.971 2.57731 -4.51047
0.972 2.65411 -4.54503
0.973 2.71732 -4.56454
0.974 2.76672 -4.56887
0.975 2.80209 -4.55794
0.976 2.82332 -4.53174
0.977 2.83032 -4.49031
0.978 2.82308 -4.43375
0.979 2.80164 -4.36225
0.98 2.7661 -4.27601
0.981 2.71661 -4.17533
0.982 2.6534 -4.06056
0.983 2.57672 -3.93209
0.984 2.48691 -3.79039
0.985 2.38435 -3.63596
0.986 2.26945 -3.46937
0.987 2.14272 -3.29124
0.988 2.00466 -3.10221
0.989 1.85587 -2.903
0.99 1.69696 -2.69435
0.991 1.52858 -2.47705
0.992 1.35144 -2.25191
0.993 1.16627 -2.01979
0.994 0.973842 -1.78158
0.995 0.774943 -1.53818
0.996 0.570398 -1.29052
0.997 0.361053 -1.03955
0.998 0.147772 -0.786239
0.999 -0.0685651 -0.531553
1 -0.287066 -0.276476
