0.001 2.58969e-08 2.13017e-09
0.002 2.45074e-07 1.71286e-08
0.003 1.19506e-06 7.12387e-08
0.004 4.07127e-06 2.09833e-07
0.005 1.10207e-05 5.00559e-07
0.006 2.54264e-05 1.03885e-06
0.007 5.21812e-05 1.95647e-06
0.008 9.79458e-05 3.43382e-06
0.009 0.000171392 5.71648e-06
0.01 0.000283426 9.13678e-06
0.011 0.00044739 1.41406e-05
0.012 0.000679244 2.13201e-05
0.013 0.00099772 3.14527e-05
0.014 0.00142445 4.55461e-05
0.015 0.00198405 6.48907e-05
0.016 0.00270423 9.1118e-05
0.017 0.00361579 0.000126266
0.018 0.00475265 0.000172853
0.019 0.00615183 0.000233953
0.02 0.00785337 0.000313284
0.021 0.00990025 0.000415298
0.022 0.0123383 0.000545276
0.023 0.015216 0.00070943
0.024 0.0185843 0.00091501
0.025 0.0224963 0.00117041
0.026 0.0270073 0.00148528
0.027 0.0321743 0.00187064
0.028 0.0380555 0.002339
0.029 0.0447103 0.00290445
0.03 0.0521989 0.00358281
0.031 0.0605817 0.0043917
0.032 0.0699191 0.00535068
0.033 0.0802709 0.00648131
0.034 0.091696 0.00780729
0.035 0.104252 0.0093545
0.036 0.117994 0.0111511
0.037 0.132977 0.0132276
0.038 0.149249 0.015617
0.039 0.166859 0.0183545
0.04 0.185849 0.021478
0.041 0.20626 0.0250277
0.042 0.228125 0.0290464
0.043 0.251473 0.0335794
0.044 0.276328 0.038674
0.045 0.302709 0.0443803
0.046 0.330625 0.0507505
0.047 0.360081 0.0578387
0.048 0.391075 0.0657014
0.049 0.423595 0.0743965
0.05 0.457625 0.0839841
0.051 0.493136 0.0945253
0.052 0.530096 0.106083
0.053 0.568461 0.11872
0.054 0.608179 0.132501
0.055 0.649191 0.147491
0.056 0.691427 0.163754
0.057 0.73481 0.181356
0.058 0.779253 0.20036
0.059 0.824662 0.220829
0.06 0.870932 0.242825
0.061 0.917954 0.266408
0.062 0.965606 0.291635
0.063 1.01376 0.318562
0.064 1.06229 0.347241
0.065 1.11104 0.377719
0.066 1.15987 0.410042
0.067 1.20863 0.444249
0.068 1.25716 0.480374
0.069 1.30528 0.518447
0.07 1.35284 0.558491
0.071 1.39966 0.600522
0.072 1.44557 0.644552
0.073 1.49038 0.690581
0.074 1.53392 0.738604
0.075 1.57602 0.788608
0.076 1.61648 0.84057
0.077 1.65514 0.894458
0.078 1.69181 0.950232
0.079 1.72633 1.00784
0.08 1.75852 1.06722
0.081 1.78822 1.12831
0.082 1.81526 1.19102
0.083 1.8395 1.25525
0.084 1.86078 1.32091
0.085 1.87897 1.38789
0.086 1.89394 1.45604
0.087 1.90556 1.52525
0.088 1.91373 1.59536
0.089 1.91835 1.66621
0.09 1.91932 1.73764
0.091 1.91658 1.80946
0.092 1.91005 1.88149
0.093 1.8997 1.95352
0.094 1.88548 2.02535
0.095 1.86738 2.09676
0.096 1.84539 2.16752
0.097 1.81951 2.2374
0.098 1.78978 2.30616
0.099 1.75624 2.37354
0.1 1.71894 2.43929
0.101 1.67795 2.50316
0.102 1.63337 2.56488
0.103 1.58529 2.62417
0.104 1.53383 2.68078
0.105 1.47914 2.73444
0.106 1.42136 2.78486
0.107 1.36066 2.83177
0.108 1.29721 2.87492
0.109 1.23121 2.91403
0.11 1.16286 2.94884
0.111 1.09239 2.9791
0.112 1.02001 3.00455
0.113 0.945973 3.02494
0.114 0.870528 3.04006
0.115 0.793933 3.04966
0.116 0.716455 3.05354
0.117 0.638368 3.05151
0.118 0.559953 3.04336
0.119 0.481493 3.02893
0.12 0.403276 3.00807
0.121 0.325594 2.98063
0.122 0.248736 2.9465
0.123 0.172995 2.90557
0.124 0.0986602 2.85775
0.125 0.0260179 2.803
0.126 -0.044649 2.74127
0.127 -0.113063 2.67255
0.128 -0.178953 2.59683
0.129 -0.242058 2.51417
0.13 -0.302122 2.4246
0.131 -0.358904 2.32821
0.132 -0.412172 2.22511
0.133 -0.461708 2.11544
0.134 -0.507307 1.99934
0.135 -0.548779 1.877
0.136 -0.585952 1.74864
0.137 -0.618669 1.61448
0.138 -0.646792 1.4748
0.139 -0.670201 1.32987
0.14 -0.688796 1.18002
0.141 -0.702497 1.02557
0.142 -0.711246 0.866889
0.143 -0.715005 0.704357
0.144 -0.713757 0.538377
0.145 -0.70751 0.369378
0.146 -0.696291 0.197804
0.147 -0.680152 0.0241185
0.148 -0.659166 -0.151196
0.149 -0.633428 -0.327642
0.15 -0.603057 -0.504709
0.151 -0.568193 -0.681872
0.152 -0.528997 -0.858595
0.153 -0.485652 -1.03433
0.154 -0.438361 -1.20853
0.155 -0.387347 -1.38064
0.156 -0.332853 -1.55009
0.157 -0.275138 -1.71633
0.158 -0.214481 -1.87878
0.159 -0.151176 -2.03689
0.16 -0.0855306 -2.1901
0.161 -0.0178686 -2.33787
0.162 0.0514748 -2.47966
0.163 0.122153 -2.61494
0.164 0.193809 -2.74319
0.165 0.266078 -2.86392
0.166 0.338589 -2.97666
0.167 0.410965 -3.08093
0.168 0.482825 -3.1763
0.169 0.553788 -3.26236
0.17 0.623469 -3.33871
0.171 0.691489 -3.40501
0.172 0.757468 -3.46092
0.173 0.821034 -3.50614
0.174 0.881821 -3.54042
0.175 0.939469 -3.56351
0.176 0.99363 -3.57522
0.177 1.04397 -3.57541
0.178 1.09016 -3.56396
0.179 1.13189 -3.54078
0.18 1.16888 -3.50584
0.181 1.20084 -3.45915
0.182 1.22752 -3.40076
0.183 1.24869 -3.33075
0.184 1.26413 -3.24927
0.185 1.27365 -3.15649
0.186 1.27708 -3.05263
0.187 1.27429 -2.93795
0.188 1.26515 -2.81276
0.189 1.24958 -2.67742
0.19 1.22752 -2.5323
0.191 1.19893 -2.37785
0.192 1.16381 -2.21453
0.193 1.12217 -2.04285
0.194 1.07407 -1.86336
0.195 1.01959 -1.67663
0.196 0.958832 -1.4833
0.197 0.891941 -1.28399
0.198 0.81908 -1.07939
0.199 0.740441 -0.870208
0.2 0.656244 -0.657168
0.201 0.566735 -0.441026
0.202 0.472186 -0.222556
0.203 0.372893 -0.00254911
0.204 0.269177 0.218188
0.205 0.161381 0.438836
0.206 0.0498669 0.658566
0.207 -0.064981 0.876544
0.208 -0.182761 1.09193
0.209 -0.303056 1.30389
0.21 -0.425433 1.51159
0.211 -0.549444 1.7142
0.212 -0.674632 1.9109
0.213 -0.80053 2.10089
0.214 -0.926664 2.28337
0.215 -1.05255 2.45757
0.216 -1.17771 2.62275
0.217 -1.30165 2.77818
0.218 -1.4239 2.92316
0.219 -1.54396 3.05704
0.22 -1.66136 3.17918
0.221 -1.77563 3.28899
0.222 -1.88631 3.38592
0.223 -1.99294 3.46945
0.224 -2.0951 3.53912
0.225 -2.19235 3.59452
0.226 -2.28429 3.63526
0.227 -2.37053 3.66102
0.228 -2.45071 3.67155
0.229 -2.52449 3.66662
0.23 -2.59153 3.64608
0.231 -2.65156 3.60983
0.232 -2.70429 3.55781
0.233 -2.74949 3.49005
0.234 -2.78695 3.40662
0.235 -2.8165 3.30764
0.236 -2.83797 3.19331
0.237 -2.85127 3.06387
0.238 -2.8563 2.91964
0.239 -2.85301 2.76097
0.24 -2.8414 2.5883
0.241 -2.82147 2.40209
0.242 -2.7933 2.20289
0.243 -2.75696 1.99127
0.244 -2.71257 1.76788
0.245 -2.6603 1.5334
0.246 -2.60034 1.28856
0.247 -2.53291 1.03415
0.248 -2.45826 0.77098
0.249 -2.37668 0.499914
0.25 -2.28849 0.221849
0.251 -2.19404 -0.0622854
0.252 -2.09369 -0.351529
0.253 -1.98786 -0.644894
0.254 -1.87696 -0.941371
0.255 -1.76144 -1.23993
0.256 -1.64177 -1.53952
0.257 -1.51843 -1.8391
0.258 -1.39194 -2.13758
0.259 -1.26281 -2.4339
0.26 -1.13158 -2.727
0.261 -0.998792 -3.01579
0.262 -0.864993 -3.29924
0.263 -0.730746 -3.57628
0.264 -0.596611 -3.84589
0.265 -0.463153 -4.10706
0.266 -0.330934 -4.35879
0.267 -0.200513 -4.60014
0.268 -0.072443 -4.83018
0.269 0.0527318 -5.048
0.27 0.174477 -5.25276
0.271 0.292274 -5.44366
0.272 0.405615 -5.61991
0.273 0.514015 -5.78082
0.274 0.617005 -5.9257
0.275 0.71414 -6.05396
0.276 0.805 -6.16504
0.277 0.889188 -6.25845
0.278 0.966338 -6.33376
0.279 1.03611 -6.3906
0.28 1.0982 -6.42866
0.281 1.15234 -6.44772
0.282 1.19827 -6.44761
0.283 1.23581 -6.42823
0.284 1.26477 -6.38955
0.285 1.28504 -6.33161
0.286 1.2965 -6.25453
0.287 1.29912 -6.1585
0.288 1.29287 -6.04375
0.289 1.27778 -5.91063
0.29 1.2539 -5.75951
0.291 1.22135 -5.59086
0.292 1.18025 -5.40519
0.293 1.1308 -5.2031
0.294 1.07319 -4.98524
0.295 1.0077 -4.75231
0.296 0.934595 -4.50508
0.297 0.854215 -4.24437
0.298 0.766913 -3.97105
0.299 0.673079 -3.68605
0.3 0.573135 -3.39032
0.301 0.46753 -3.08487
0.302 0.356741 -2.77076
0.303 0.241271 -2.44905
0.304 0.121646 -2.12086
0.305 -0.00158823 -1.78732
0.306 -0.127866 -1.44958
0.307 -0.256606 -1.10882
0.308 -0.387213 -0.766224
0.309 -0.519079 -0.422984
0.31 -0.65159 -0.0802974
0.311 -0.784123 0.260639
0.312 -0.916053 0.598636
0.313 -1.04675 0.932511
0.314 -1.1756 1.2611
0.315 -1.30198 1.58325
0.316 -1.42528 1.89785
0.317 -1.54489 2.20379
0.318 -1.66022 2.50002
0.319 -1.77071 2.7855
0.32 -1.8758 3.05926
0.321 -1.97495 3.32034
0.322 -2.06764 3.56785
0.323 -2.15341 3.80095
0.324 -2.23177 4.01885
0.325 -2.30231 4.22082
0.326 -2.36462 4.40618
0.327 -2.41834 4.57434
0.328 -2.46314 4.72474
0.329 -2.49872 4.85691
0.33 -2.52483 4.97046
0.331 -2.54125 5.06503
0.332 -2.54781 5.14038
0.333 -2.54438 5.19632
0.334 -2.53085 5.23272
0.335 -2.50718 5.24956
0.336 -2.47337 5.24687
0.337 -2.42944 5.22476
0.338 -2.37548 5.18341
0.339 -2.31162 5.12309
0.34 -2.23802 5.04411
0.341 -2.15488 4.9469
0.342 -2.06245 4.83191
0.343 -1.96103 4.69969
0.344 -1.85095 4.55085
0.345 -1.73257 4.38604
0.346 -1.6063 4.206
0.347 -1.47258 4.01152
0.348 -1.33187 3.80343
0.349 -1.18469 3.58262
0.35 -1.03157 3.35004
0.351 -0.873074 3.10667
0.352 -0.709784 2.85352
0.353 -0.542311 2.59166
0.354 -0.371283 2.32218
0.355 -0.197349 2.04619
0.356 -0.0211689 1.76483
0.357 0.156584 1.47926
0.358 0.335226 1.19064
0.359 0.51407 0.900164
0.36 0.692423 0.609007
0.361 0.869592 0.318352
0.362 1.04489 0.0293776
0.363 1.21763 -0.256751
0.364 1.38714 -0.53888
0.365 1.55275 -0.815878
0.366 1.71381 -1.08663
0.367 1.86969 -1.35007
0.368 2.01978 -1.60514
0.369 2.16348 -1.85082
0.37 2.30024 -2.08616
0.371 2.42951 -2.31021
0.372 2.55078 -2.52211
0.373 2.66358 -2.72103
0.374 2.76746 -2.90619
0.375 2.86203 -3.07689
0.376 2.94691 -3.23246
0.377 3.02177 -3.37232
0.378 3.08633 -3.49595
0.379 3.14035 -3.60288
0.38 3.18363 -3.69273
0.381 3.216 -3.76517
0.382 3.23736 -3.81997
0.383 3.24765 -3.85695
0.384 3.24684 -3.87601
0.385 3.23497 -3.87712
0.386 3.21211 -3.86032
0.387 3.17837 -3.82573
0.388 3.13394 -3.77355
0.389 3.07902 -3.70402
0.39 3.01386 -3.61749
0.391 2.93877 -3.51436
0.392 2.85409 -3.39508
0.393 2.7602 -3.26018
0.394 2.65753 -3.11027
0.395 2.54652 -2.94598
0.396 2.42769 -2.76803
0.397 2.30154 -2.57717
0.398 2.16866 -2.37422
0.399 2.02962 -2.16004
0.4 1.88504 -1.93552
0.401 1.73555 -1.70161
0.402 1.58183 -1.45927
0.403 1.42454 -1.20952
0.404 1.26438 -0.953384
0.405 1.10205 -0.691917
0.406 0.93828 -0.426192
0.407 0.773782 -0.157293
0.408 0.609283 0.113685
0.409 0.445509 0.385644
0.41 0.283183 0.657487
0.411 0.123021 0.928121
0.412 -0.0342693 1.19646
0.413 -0.187992 1.46144
0.414 -0.337468 1.72202
0.415 -0.482035 1.97715
0.416 -0.621052 2.22584
0.417 -0.753902 2.46713
0.418 -0.879994 2.70007
0.419 -0.998768 2.92377
0.42 -1.10969 3.13739
0.421 -1.21227 3.34011
0.422 -1.30605 3.53117
0.423 -1.3906 3.70988
0.424 -1.46555 3.87557
0.425 -1.53054 4.02767
0.426 -1.5853 4.16563
0.427 -1.62956 4.28899
0.428 -1.66311 4.39733
0.429 -1.68581 4.49032
0.43 -1.69753 4.56769
0.431 -1.69821 4.62921
0.432 -1.68784 4.67476
0.433 -1.66645 4.70425
0.434 -1.63412 4.71769
0.435 -1.59098 4.71514
0.436 -1.5372 4.69673
0.437 -1.47302 4.66266
0.438 -1.3987 4.61319
0.439 -1.31455 4.54865
0.44 -1.22094 4.46942
0.441 -1.11826 4.37596
0.442 -1.00696 4.26878
0.443 -0.88752 4.14844
0.444 -0.760451 4.01555
0.445 -0.626306 3.87078
0.446 -0.485669 3.71485
0.447 -0.339153 3.54851
0.448 -0.187398 3.37256
0.449 -0.0310688 3.18784
0.45 0.129149 2.99521
0.451 0.29255 2.79557
0.452 0.458414 2.58984
0.453 0.626009 2.37895
0.454 0.794592 2.16388
0.455 0.963416 1.94557
0.456 1.13173 1.72503
0.457 1.29878 1.50321
0.458 1.46381 1.28111
0.459 1.6261 1.0597
0.46 1.7849 0.839935
0.461 1.93951 0.622775
0.462 2.08921 0.409149
0.463 2.23332 0.199967
0.464 2.37118 -0.00388575
0.465 2.50217 -0.201557
0.466 2.62566 -0.392225
0.467 2.74108 -0.575109
0.468 2.8479 -0.749465
0.469 2.94558 -0.914596
0.47 3.03368 -1.06985
0.471 3.11174 -1.21463
0.472 3.17939 -1.34838
0.473 3.23627 -1.4706
0.474 3.28209 -1.58087
0.475 3.31658 -1.6788
0.476 3.33953 -1.76407
0.477 3.35079 -1.83641
0.478 3.35024 -1.89565
0.479 3.33781 -1.94164
0.48 3.3135 -1.97431
0.481 3.27734 -1.99365
0.482 3.22942 -1.99973
0.483 3.16988 -1.99266
0.484 3.09889 -1.97263
0.485 3.0167 -1.93987
0.486 2.92357 -1.8947
0.487 2.81985 -1.83746
0.488 2.7059 -1.76859
0.489 2.58213 -1.68855
0.49 2.449 -1.59788
0.491 2.30701 -1.49713
0.492 2.15668 -1.38694
0.493 1.9986 -1.26798
0.494 1.83335 -1.14094
0.495 1.66158 -1.00658
0.496 1.48393 -0.865673
0.497 1.3011 -0.719026
0.498 1.11379 -0.567477
0.499 0.922718 -0.411883
0.5 0.728635 -0.253123
0.501 0.532292 -0.0920884
0.502 0.334452 0.0703194
0.503 0.135884 0.233191
0.504 -0.062638 0.395617
0.505 -0.260342 0.556689
0.506 -0.45646 0.715504
0.507 -0.650227 0.871171
0.508 -0.840893 1.02281
0.509 -1.02772 1.16958
0.51 -1.20998 1.31062
0.511 -1.38697 1.44515
0.512 -1.55801 1.57237
0.513 -1.72245 1.69154
0.514 -1.87965 1.80197
0.515 -2.02902 1.90299
0.516 -2.17 1.99397
0.517 -2.30206 2.07434
0.518 -2.4247 2.14358
0.519 -2.53747 2.20123
0.52 -2.63997 2.24685
0.521 -2.73183 2.2801
0.522 -2.81274 2.30066
0.523 -2.8824 2.30831
0.524 -2.94061 2.30285
0.525 -2.98718 2.28418
0.526 -3.02199 2.25223
0.527 -3.04495 2.20701
0.528 -3.05603 2.1486
0.529 -3.05526 2.07712
0.53 -3.04271 1.99277
0.531 -3.0185 1.89582
0.532 -2.9828 1.78657
0.533 -2.93583 1.66542
0.534 -2.87785 1.53279
0.535 -2.80918 1.38917
0.536 -2.73018 1.23512
0.537 -2.64123 1.07124
0.538 -2.5428 0.898165
0.539 -2.43535 0.716597
0.54 -2.31941 0.527271
0.541 -2.19554 0.330966
0.542 -2.06431 0.128496
0.543 -1.92635 -0.0792912
0.544 -1.78231 -0.291519
0.545 -1.63285 -0.507285
0.546 -1.47866 -0.725665
0.547 -1.32047 -0.945716
0.548 -1.15899 -1.16648
0.549 -0.994972 -1.38701
0.55 -0.82916 -1.60631
0.551 -0.662313 -1.82343
0.552 -0.495191 -2.0374
0.553 -0.328553 -2.24726
0.554 -0.163157 -2.45207
0.555 0.000248205 -2.6509
0.556 0.160921 -2.84284
0.557 0.318135 -3.02701
0.558 0.471178 -3.20256
0.559 0.619358 -3.36868
0.56 0.762004 -3.52457
0.561 0.898472 -3.6695
0.562 1.02814 -3.80276
0.563 1.15043 -3.92372
0.564 1.26478 -4.03176
0.565 1.37067 -4.12635
0.566 1.46762 -4.20698
0.567 1.55518 -4.27324
0.568 1.63296 -4.32473
0.569 1.7006 -4.36116
0.57 1.75778 -4.38228
0.571 1.80423 -4.3879
0.572 1.83973 -4.37792
0.573 1.86411 -4.35227
0.574 1.87723 -4.31099
0.575 1.87904 -4.25416
0.576 1.86949 -4.18193
0.577 1.84861 -4.09452
0.578 1.81648 -3.99223
0.579 1.7732 -3.87541
0.58 1.71896 -3.74448
0.581 1.65396 -3.59991
0.582 1.57847 -3.44225
0.583 1.4928 -3.2721
0.584 1.3973 -3.09012
0.585 1.29237 -2.89702
0.586 1.17843 -2.69356
0.587 1.05598 -2.48056
0.588 0.925505 -2.25886
0.589 0.787568 -2.02936
0.59 0.642743 -1.793
0.591 0.491641 -1.55075
0.592 0.334895 -1.3036
0.593 0.173166 -1.05257
0.594 0.0071369 -0.798717
0.595 -0.162492 -0.54309
0.596 -0.335005 -0.286766
0.597 -0.509673 -0.0308259
0.598 -0.685757 0.223645
0.599 -0.862512 0.475563
0.6 -1.03919 0.723852
0.601 -1.21504 0.967443
0.602 -1.38932 1.20529
0.603 -1.5613 1.43635
0.604 -1.73023 1.65962
0.605 -1.89541 1.87412
0.606 -2.05614 2.0789
0.607 -2.21173 2.27305
0.608 -2.36151 2.45571
0.609 -2.50486 2.62604
0.61 -2.64117 2.78326
0.611 -2.76984 2.92666
0.612 -2.89034 3.05555
0.613 -3.00216 3.16933
0.614 -3.1048 3.26744
0.615 -3.19783 3.3494
0.616 -3.28085 3.41477
0.617 -3.35351 3.46321
0.618 -3.41549 3.49441
0.619 -3.46651 3.50818
0.62 -3.50636 3.50435
0.621 -3.53485 3.48286
0.622 -3.55186 3.44371
0.623 -3.5573 3.38697
0.624 -3.55113 3.31279
0.625 -3.53337 3.22139
0.626 -3.50407 3.11306
0.627 -3.46335 2.98817
0.628 -3.41136 2.84714
0.629 -3.3483 2.69049
0.63 -3.27442 2.51878
0.631 -3.19001 2.33264
0.632 -3.0954 2.13278
0.633 -2.99096 1.91995
0.634 -2.87712 1.69495
0.635 -2.75433 1.45867
0.636 -2.62307 1.212
0.637 -2.48387 0.955925
0.638 -2.33728 0.691439
0.639 -2.18389 0.419589
0.64 -2.02431 0.141454
0.641 -1.85917 -0.141857
0.642 -1.68913 -0.429208
0.643 -1.51487 -0.719443
0.644 -1.33706 -1.01139
0.645 -1.15643 -1.30386
0.646 -0.973675 -1.59566
0.647 -0.789521 -1.8856
0.648 -0.60469 -2.17248
0.649 -0.419908 -2.45512
0.65 -0.235895 -2.73234
0.651 -0.053367 -3.00299
0.652 0.126967 -3.26594
0.653 0.304412 -3.52006
0.654 0.478285 -3.76429
0.655 0.647921 -3.99758
0.656 0.812676 -4.21893
0.657 0.971927 -4.42736
0.658 1.12508 -4.62198
0.659 1.27156 -4.80192
0.66 1.41083 -4.96636
0.661 1.54238 -5.11456
0.662 1.66574 -5.24584
0.663 1.78047 -5.35956
0.664 1.88617 -5.45516
0.665 1.98249 -5.53216
0.666 2.0691 -5.59014
0.667 2.14572 -5.62875
0.668 2.21213 -5.64772
0.669 2.26813 -5.64686
0.67 2.31357 -5.62604
0.671 2.34836 -5.58523
0.672 2.37244 -5.52445
0.673 2.3858 -5.44382
0.674 2.38848 -5.34353
0.675 2.38055 -5.22384
0.676 2.36215 -5.08509
0.677 2.33344 -4.9277
0.678 2.29464 -4.75215
0.679 2.246 -4.55901
0.68 2.18782 -4.34889
0.681 2.12042 -4.1225
0.682 2.0442 -3.88058
0.683 1.95955 -3.62395
0.684 1.86691 -3.35348
0.685 1.76677 -3.07012
0.686 1.65964 -2.77482
0.687 1.54603 -2.46862
0.688 1.42653 -2.15259
0.689 1.3017 -1.82783
0.69 1.17215 -1.49548
0.691 1.03852 -1.15672
0.692 0.90142 -0.812735
0.693 0.761517 -0.464749
0.694 0.619467 -0.113993
0.695 0.475936 0.23829
0.696 0.331596 0.590849
0.697 0.187118 0.942432
0.698 0.0431721 1.29179
0.699 -0.0995748 1.63768
0.7 -0.240465 1.97889
0.701 -0.378849 2.31419
0.702 -0.514092 2.6424
0.703 -0.645573 2.96236
0.704 -0.772691 3.27294
0.705 -0.894864 3.57305
0.706 -1.01153 3.86163
0.707 -1.12217 4.13768
0.708 -1.22625 4.40023
0.709 -1.32333 4.64838
0.71 -1.41293 4.88126
0.711 -1.49466 5.09807
0.712 -1.56814 5.29809
0.713 -1.63303 5.48064
0.714 -1.68902 5.64512
0.715 -1.73586 5.79097
0.716 -1.77331 5.91775
0.717 -1.8012 6.02505
0.718 -1.81939 6.11254
0.719 -1.82777 6.17999
0.72 -1.82629 6.22722
0.721 -1.81493 6.25414
0.722 -1.79371 6.26072
0.723 -1.76272 6.24702
0.724 -1.72206 6.21317
0.725 -1.67188 6.15939
0.726 -1.61237 6.08594
0.727 -1.54377 5.99319
0.728 -1.46634 5.88155
0.729 -1.38039 5.75153
0.73 -1.28627 5.60368
0.731 -1.18434 5.43863
0.732 -1.07502 5.25707
0.733 -0.958743 5.05974
0.734 -0.835979 4.84745
0.735 -0.707222 4.62106
0.736 -0.572989 4.38148
0.737 -0.43382 4.12965
0.738 -0.290275 3.86658
0.739 -0.142932 3.5933
0.74 0.007618 3.31087
0.741 0.16077 3.0204
0.742 0.31591 2.72301
0.743 0.472417 2.41985
0.744 0.629664 2.11208
0.745 0.787025 1.80086
0.746 0.943873 1.4874
0.747 1.09958 1.17286
0.748 1.25354 0.858447
0.749 1.40513 0.545325
0.75 1.55376 0.234667
0.751 1.69884 -0.0723743
0.752 1.83981 -0.374664
0.753 1.97611 -0.67109
0.754 2.10722 -0.96057
0.755 2.23262 -1.24205
0.756 2.35184 -1.51452
0.757 2.46441 -1.77699
0.758 2.56991 -2.02854
0.759 2.66794 -2.26828
0.76 2.75814 -2.49536
0.761 2.84017 -2.709
0.762 2.91373 -2.90848
0.763 2.97855 -3.0931
0.764 3.03441 -3.26228
0.765 3.08112 -3.41544
0.766 3.11853 -3.5521
0.767 3.14651 -3.67185
0.768 3.16499 -3.77432
0.769 3.17394 -3.85923
0.77 3.17335 -3.92636
0.771 3.16326 -3.97556
0.772 3.14375 -4.00674
0.773 3.11493 -4.0199
0.774 3.07697 -4.01509
0.775 3.03003 -3.99244
0.776 2.97435 -3.95214
0.777 2.91019 -3.89444
0.778 2.83782 -3.81968
0.779 2.75759 -3.72823
0.78 2.66983 -3.62055
0.781 2.57492 -3.49715
0.782 2.47328 -3.35858
0.783 2.36534 -3.20547
0.784 2.25154 -3.03849
0.785 2.13238 -2.85836
0.786 2.00833 -2.66585
0.787 1.87992 -2.46175
0.788 1.74767 -2.24693
0.789 1.61211 -2.02226
0.79 1.47381 -1.78867
0.791 1.3333 -1.54709
0.792 1.19117 -1.29849
0.793 1.04796 -1.04387
0.794 0.904252 -0.784233
0.795 0.760603 -0.520597
0.796 0.617576 -0.253992
0.797 0.475723 0.014548
0.798 0.335589 0.283989
0.799 0.19771 0.553299
0.8 0.062606 0.821453
0.801 -0.0692156 1.08744
0.802 -0.197266 1.35025
0.803 -0.321073 1.60892
0.804 -0.44019 1.86248
0.805 -0.554187 2.11
0.806 -0.662662 2.35057
0.807 -0.765238 2.58333
0.808 -0.861565 2.80744
0.809 -0.95132 3.02209
0.81 -1.03421 3.22654
0.811 -1.10998 3.42006
0.812 -1.1784 3.602
0.813 -1.23926 3.77173
0.814 -1.2924 3.92868
0.815 -1.3377 4.07234
0.816 -1.37506 4.20224
0.817 -1.4044 4.31798
0.818 -1.42571 4.41921
0.819 -1.43898 4.50563
0.82 -1.44426 4.577
0.821 -1.44162 4.63314
0.822 -1.43116 4.67394
0.823 -1.41302 4.69934
0.824 -1.38736 4.70932
0.825 -1.35439 4.70395
0.826 -1.31433 4.68333
0.827 -1.26744 4.64763
0.828 -1.21401 4.59708
0.829 -1.15435 4.53195
0.83 -1.08878 4.45256
0.831 -1.01767 4.35931
0.832 -0.941391 4.2526
0.833 -0.860346 4.13292
0.834 -0.774949 4.00078
0.835 -0.685631 3.85674
0.836 -0.592839 3.7014
0.837 -0.497028 3.5354
0.838 -0.398668 3.3594
0.839 -0.298233 3.17411
0.84 -0.196207 2.98024
0.841 -0.0930733 2.77856
0.842 0.0106789 2.56983
0.843 0.114562 2.35486
0.844 0.218091 2.13444
0.845 0.320783 1.9094
0.846 0.422165 1.68057
0.847 0.521767 1.44877
0.848 0.619132 1.21486
0.849 0.713815 0.979654
0.85 0.805384 0.743992
0.851 0.893421 0.508697
0.852 0.977526 0.27458
0.853 1.05732 0.0424413
0.854 1.13243 -0.186937
0.855 1.20253 -0.412791
0.856 1.2673 -0.634381
0.857 1.32644 -0.850991
0.858 1.37967 -1.06193
0.859 1.42677 -1.26654
0.86 1.46751 -1.4642
0.861 1.50169 -1.65431
0.862 1.52917 -1.83632
0.863 1.5498 -2.0097
0.864 1.56348 -2.17398
0.865 1.57014 -2.32872
0.866 1.56972 -2.47352
0.867 1.56221 -2.60803
0.868 1.54763 -2.73194
0.869 1.52601 -2.84499
0.87 1.49742 -2.94694
0.871 1.46197 -3.03765
0.872 1.41976 -3.11696
0.873 1.37097 -3.18481
0.874 1.31576 -3.24115
0.875 1.25433 -3.28599
0.876 1.18692 -3.31939
0.877 1.11377 -3.34144
0.878 1.03516 -3.35228
0.879 0.951383 -3.3521
0.88 0.862742 -3.34111
0.881 0.769573 -3.31958
0.882 0.672222 -3.2878
0.883 0.57105 -3.24611
0.884 0.466433 -3.19488
0.885 0.358759 -3.13451
0.886 0.248423 -3.06543
0.887 0.135833 -2.9881
0.888 0.0214005 -2.903
0.889 -0.0944559 -2.81065
0.89 -0.211315 -2.71158
0.891 -0.328753 -2.60632
0.892 -0.446347 -2.49546
0.893 -0.563676 -2.37957
0.894 -0.68032 -2.25924
0.895 -0.795866 -2.13507
0.896 -0.909908 -2.00767
0.897 -1.02205 -1.87765
0.898 -1.13189 -1.74561
0.899 -1.23907 -1.61217
0.9 -1.34321 -1.47794
0.901 -1.44396 -1.34351
0.902 -1.54098 -1.20948
0.903 -1.63396 -1.07642
0.904 -1.7226 -0.9449
0.905 -1.8066 -0.815479
0.906 -1.88571 -0.688685
0.907 -1.95968 -0.565035
0.908 -2.02828 -0.44502
0.909 -2.09132 -0.329113
0.91 -2.14863 -0.217757
0.911 -2.20003 -0.111373
0.912 -2.24541 -0.010351
0.913 -2.28465 0.0849461
0.914 -2.31767 0.174186
0.915 -2.34441 0.257069
0.916 -2.36484 0.333325
0.917 -2.37894 0.402718
0.918 -2.38673 0.465046
0.919 -2.38824 0.52014
0.92 -2.38353 0.567866
0.921 -2.37269 0.608123
0.922 -2.35582 0.640844
0.923 -2.33305 0.666
0.924 -2.30452 0.68359
0.925 -2.2704 0.693652
0.926 -2.23089 0.696253
0.927 -2.18618 0.691494
0.928 -2.1365 0.679508
0.929 -2.08209 0.660457
0.93 -2.02321 0.634533
0.931 -1.96013 0.601958
0.932 -1.89312 0.562979
0.933 -1.82249 0.517869
0.934 -1.74853 0.466926
0.935 -1.67158 0.41047
0.936 -1.59193 0.348843
0.937 -1.50994 0.282406
0.938 -1.42592 0.211536
0.939 -1.34023 0.136629
0.94 -1.2532 0.0580925
0.941 -1.16517 -0.023653
0.942 -1.07649 -0.108177
0.943 -0.987491 -0.195041
0.944 -0.898521 -0.283799
0.945 -0.809911 -0.374004
0.946 -0.72199 -0.465203
0.947 -0.635081 -0.556944
0.948 -0.549497 -0.648779
0.949 -0.465547 -0.740259
0.95 -0.383524 -0.830945
0.951 -0.303715 -0.920402
0.952 -0.226394 -1.00821
0.953 -0.151819 -1.09394
0.954 -0.0802378 -1.17721
0.955 -0.0118825 -1.25763
0.956 0.0530302 -1.33482
0.957 0.1143 -1.40842
0.958 0.171742 -1.47811
0.959 0.22519 -1.54357
0.96 0.274494 -1.60451
0.961 0.319522 -1.66064
0.962 0.360162 -1.71173
0.963 0.396319 -1.75754
0.964 0.427917 -1.79787
0.965 0.454899 -1.83256
0.966 0.477226 -1.86145
0.967 0.494878 -1.88441
0.968 0.507856 -1.90136
0.969 0.516176 -1.91222
0.97 0.519875 -1.91695
0.971 0.519005 -1.91553
0.972 0.513637 -1.90799
0.973 0.503861 -1.89435
0.974 0.48978 -1.87468
0.975 0.471515 -1.84908
0.976 0.449201 -1.81766
0.977 0.42299 -1.78056
0.978 0.393045 -1.73795
0.979 0.359543 -1.69002
0.98 0.322676 -1.63697
0.981 0.282644 -1.57904
0.982 0.239658 -1.51647
0.983 0.193942 -1.44955
0.984 0.145724 -1.37856
0.985 0.0952439 -1.3038
0.986 0.0427462 -1.22559
0.987 -0.0115181 -1.14426
0.988 -0.0672932 -1.06017
0.989 -0.124319 -0.973653
0.99 -0.182333 -0.885089
0.991 -0.241072 -0.794843
0.992 -0.300269 -0.703292
0.993 -0.359659 -0.610819
0.994 -0.418978 -0.517804
0.995 -0.477965 -0.424634
0.996 -0.536359 -0.33169
0.997 -0.593907 -0.239354
0.998 -0.650358 -0.148003
0.999 -0.705466 -0.0580061
1 -0.758994 0.0302712
