%mcmc_id interface     roofFactor      dampRatio    Roof_Disp_3    Roof_Disp_4 
1            NO_ID   0.6566278985    0.022392983          33.89         33.811 
2            NO_ID   0.6995639152  0.03496479515         20.048         17.291 
3            NO_ID   0.2271471901  0.03320649314        115.386         86.448 
4            NO_ID   0.6566278985    0.022392983          33.89         33.811 
5            NO_ID   0.6995639152  0.03496479515         20.048         17.291 
6            NO_ID   0.2271471901  0.03320649314        115.386         86.448 
7            NO_ID   0.6566278984  0.02239298299          33.89         33.811 
8            NO_ID   0.6995639152  0.03496479515         20.048         17.291 
9            NO_ID   0.2271471903  0.03320649325        115.386         86.448 
10           NO_ID   0.6566278984  0.02239298299          33.89         33.811 
11           NO_ID   0.6995639152  0.03496479515         20.048         17.291 
12           NO_ID   0.2271471901  0.04074958066        114.977         84.991 
13           NO_ID   0.6566278984  0.02239298299          33.89         33.811 
14           NO_ID   0.6995639152  0.03496479515         20.048         17.291 
15           NO_ID   0.2271471901  0.04074958065        114.977         84.991 
16           NO_ID   0.6566278985  0.02239298291          33.89         33.811 
17           NO_ID   0.6995639152  0.03496479515         20.048         17.291 
18           NO_ID   0.2271471901  0.04074958065        114.977         84.991 
19           NO_ID   0.6566278985  0.02239298291          33.89         33.811 
20           NO_ID   0.6995639151  0.03496479509         20.048         17.291 
21           NO_ID   0.2271471901    0.048292668        114.554         83.798 
22           NO_ID   0.6566278985  0.02239298291          33.89         33.811 
23           NO_ID   0.6995639151  0.03496479509         20.048         17.291 
24           NO_ID   0.2271471901    0.048292668        114.554         83.798 
25           NO_ID   0.6566278985  0.02239298291          33.89         33.811 
26           NO_ID   0.6995639151  0.03496479509         20.048         17.291 
27           NO_ID   0.2271471901    0.048292668        114.554         83.798 
28           NO_ID   0.6566278985  0.02239298291          33.89         33.811 
29           NO_ID   0.6995639151  0.03496479509         20.048         17.291 
30           NO_ID   0.6995639151  0.03496479509         20.048         17.291 
31           NO_ID   0.6566278986  0.02239298305          33.89         33.811 
32           NO_ID   0.6995639151  0.03496479509         20.048         17.291 
33           NO_ID   0.7416412115  0.04728517098         14.979          8.622 
34           NO_ID   0.6818742765  0.02239298296         26.201          27.29 
35           NO_ID   0.7505719028  0.03496479512          6.122           5.33 
36           NO_ID   0.7416412115  0.04728517098         14.979          8.622 
37           NO_ID   0.6818742765  0.02239298296         26.201          27.29 
38           NO_ID   0.7505719028  0.03496479512          6.122           5.33 
39           NO_ID   0.7416412115  0.04728517098         14.979          8.622 
40           NO_ID    0.676515862  0.02978520852         26.596         24.944 
41           NO_ID   0.7505719028  0.03496479512          6.122           5.33 
42           NO_ID   0.7416412115  0.04728517098         14.979          8.622 
43           NO_ID    0.676515862  0.02978520852         26.596         24.944 
44           NO_ID   0.7505719028  0.03496479512          6.122           5.33 
45           NO_ID   0.7416412115  0.04728517098         14.979          8.622 
46           NO_ID    0.676515862  0.02978520852         26.596         24.944 
47           NO_ID   0.7505719028  0.03496479512          6.122           5.33 
48           NO_ID   0.7416412115  0.04728517099         14.979          8.622 
49           NO_ID    0.676515862  0.02978520852         26.596         24.944 
50           NO_ID   0.7505719028  0.03496479512          6.122           5.33 
51           NO_ID   0.7416412115  0.04728517099         14.979          8.622 
52           NO_ID   0.6765158618  0.03717743392         27.095           22.4 
53           NO_ID   0.7505719028  0.03496479512          6.122           5.33 
54           NO_ID   0.7416412115  0.04728517099         14.979          8.622 
55           NO_ID   0.6765158618  0.03717743392         27.095           22.4 
56           NO_ID   0.7896471126  0.04102943721          5.395          5.648 
57           NO_ID   0.7416412115  0.04728517099         14.979          8.622 
58           NO_ID   0.7896471125  0.04102943703          5.395          5.648 
59           NO_ID   0.7896471125  0.04102943703          5.395          5.648 
60           NO_ID   0.7416412115  0.04728517099         14.979          8.622 
61           NO_ID   0.7896471125  0.04102943703          5.395          5.648 
62           NO_ID   0.7896471125  0.03489881794          3.544          3.041 
63           NO_ID   0.7416412115  0.04728517096         14.979          8.622 
64           NO_ID   0.7896471125  0.04102943703          5.395          5.648 
65           NO_ID   0.7608435718  0.03489881822          3.482          3.074 
66           NO_ID   0.7416412114  0.04728517101         14.979          8.622 
67           NO_ID   0.7896471125  0.04102943703          5.395          5.648 
68           NO_ID   0.7608435718  0.03489881822          3.482          3.074 
69           NO_ID   0.7416412114  0.04728517101         14.979          8.622 
70           NO_ID   0.7896471125  0.04102943702          5.395          5.648 
71           NO_ID   0.7608435718  0.03489881822          3.482          3.074 
72           NO_ID   0.7416412115  0.04728517094         14.979          8.622 
73           NO_ID   0.7896471125  0.04102943704          5.395          5.648 
74           NO_ID   0.7608435718  0.03489881822          3.482          3.074 
75           NO_ID   0.7416412115  0.04728517094         14.979          8.622 
76           NO_ID   0.7896471125  0.04102943704          5.395          5.648 
77           NO_ID   0.7608435718  0.03489881822          3.482          3.074 
78           NO_ID   0.7416412115  0.04728517094         14.979          8.622 
79           NO_ID   0.7896471125  0.04102943704          5.395          5.648 
80           NO_ID   0.7608435718  0.03489881822          3.482          3.074 
81           NO_ID   0.7416412115  0.04728517094         14.979          8.622 
82           NO_ID   0.7896471125  0.04102943704          5.395          5.648 
83           NO_ID   0.7608435718  0.03489881822          3.482          3.074 
84           NO_ID   0.7589233358  0.04728517099         12.285          7.391 
85           NO_ID   0.7896471126  0.03359762541          4.198          2.929 
86           NO_ID   0.7608435718  0.03489881805          3.482          3.074 
87           NO_ID   0.7589233358  0.04728517099         12.285          7.391 
88           NO_ID   0.7896471126  0.03359762541          4.198          2.929 
89           NO_ID   0.7608435718  0.03489881805          3.482          3.074 
90           NO_ID   0.7608435718  0.03489881805          3.482          3.074 
91           NO_ID   0.7896471125   0.0335976253          4.198          2.929 
92           NO_ID   0.7608435718  0.03489881805          3.482          3.074 
93           NO_ID   0.7608435718  0.03489881805          3.482          3.074 
94           NO_ID   0.7896471127  0.03359762548          4.198          2.929 
95           NO_ID   0.7608435718  0.03489881805          3.482          3.074 
96           NO_ID   0.7608435718  0.03489881805          3.482          3.074 
97           NO_ID   0.7896471127  0.03359762538          4.198          2.929 
98           NO_ID   0.7608435718  0.03489881805          3.482          3.074 
99           NO_ID   0.7608435718  0.03489881805          3.482          3.074 
100          NO_ID   0.7896471128  0.03359762544          4.198          2.929 
101          NO_ID   0.7781256962  0.03411810247          1.315           0.75 
102          NO_ID   0.7608435718  0.03489881805          3.482          3.074 
103          NO_ID   0.7896471128  0.03359762544          4.198          2.929 
104          NO_ID   0.7781256962  0.03411810247          1.315           0.75 
105          NO_ID   0.7608435718  0.03489881805          3.482          3.074 
106          NO_ID   0.7896471128  0.03359762544          4.198          2.929 
107          NO_ID   0.7781256962  0.03411810247          1.315           0.75 
108          NO_ID     0.77213456  0.03438875062          0.746          0.843 
109          NO_ID   0.7896471128  0.03359762544          4.198          2.929 
110          NO_ID   0.7781256962  0.03411810247          1.315           0.75 
111          NO_ID     0.77213456  0.03438875062          0.746          0.843 
112          NO_ID    0.786052431  0.03376001426          3.284          2.222 
113          NO_ID   0.7781256962  0.03411810247          1.315           0.75 
114          NO_ID     0.77213456  0.03438875074          0.746          0.843 
115          NO_ID    0.786052431  0.03376001426          3.284          2.222 
116          NO_ID   0.7781256962  0.03411810247          1.315           0.75 
117          NO_ID     0.77213456  0.03438875074          0.746          0.843 
118          NO_ID   0.7824577492  0.03392240334          2.374          1.524 
119          NO_ID   0.7781256962  0.03411810247          1.315           0.75 
120          NO_ID     0.77213456  0.03438875074          0.746          0.843 
121          NO_ID   0.7765864356  0.03418763871          0.977          0.559 
122          NO_ID   0.7781256962  0.03411810247          1.315           0.75 
123          NO_ID     0.77213456  0.03438875074          0.746          0.843 
124          NO_ID   0.7729917538  0.03435002771          0.647          0.709 
125          NO_ID   0.7701123201  0.03448010388          1.135          1.205 
126          NO_ID     0.77213456  0.03438875074          0.746          0.843 
127          NO_ID   0.7729917538  0.03435002771          0.647          0.709 
128          NO_ID   0.7701123201  0.03448010388          1.135          1.205 
129          NO_ID   0.7738622203  0.03431070498           0.62          0.597 
130          NO_ID   0.7752416939  0.03424838838          0.738          0.506 
131          NO_ID   0.7695900401  0.03450369748          1.254          1.304 
132          NO_ID   0.7790452009  0.03407656795          1.532          0.898 
133          NO_ID   0.7752416939  0.03424838838          0.738          0.506 
134          NO_ID   0.7695900401  0.03450369748          1.254          1.304 
135          NO_ID   0.7790452008  0.03407656805          1.532          0.898 
136          NO_ID   0.7752416939  0.03424838838          0.738          0.506 
137          NO_ID    0.773317477  0.03433531349          0.627          0.664 
138          NO_ID   0.7790452008  0.03407656805          1.532          0.898 
139          NO_ID   0.7718050597  0.03440363573          0.798          0.899 
140          NO_ID   0.7755995811  0.03423222143          0.794          0.506 
141          NO_ID   0.7801997308  0.03402441287          1.812          1.101 
142          NO_ID   0.7718050597  0.03440363573          0.798          0.899 
143          NO_ID   0.7755995811  0.03423222143          0.794          0.506 
144          NO_ID   0.7801997307  0.03402441293          1.812          1.101 
145          NO_ID   0.7718050598  0.03427895062           0.85          0.961 
146          NO_ID   0.7705627786  0.03445975521          1.037          1.121 
147          NO_ID   0.7801997307  0.03402441293          1.812          1.101 
148          NO_ID   0.7775872311  0.03401774517          1.298          0.731 
149          NO_ID   0.7705627786  0.03445975521          1.037          1.121 
150          NO_ID   0.7801997307  0.03402441293          1.812          1.101 
151          NO_ID   0.7775872312  0.03444438074          0.951          0.565 
152          NO_ID   0.7705627786  0.03445975521          1.037          1.121 
153          NO_ID   0.7733157673   0.0344575827          0.541          0.593 
154          NO_ID   0.7825426109  0.03444047019          2.072          1.518 
155          NO_ID   0.7705627786  0.03445975521          1.037          1.121 
156          NO_ID   0.7733157673   0.0344575827          0.541          0.593 
157          NO_ID   0.7808908177  0.03444177373          1.688          1.185 
158          NO_ID   0.7705627786  0.03445975521          1.037          1.121 
159          NO_ID   0.7733157673   0.0344575827          0.541          0.593 
160          NO_ID   0.7759354381  0.03444568417          0.642          0.373 
161          NO_ID   0.7705627786  0.03445975521          1.037          1.121 
162          NO_ID   0.7733157673   0.0344575827          0.541          0.593 
163          NO_ID   0.7742836448  0.03444698766          0.495          0.452 
164          NO_ID   0.7705627786  0.03445975533          1.037          1.121 
165          NO_ID   0.7700921717  0.03446602522          1.141          1.215 
166          NO_ID   0.7738224499  0.03445313207          0.502          0.513 
167          NO_ID   0.7746704222  0.03444109863           0.51          0.412 
168          NO_ID   0.7700921717  0.03446602522          1.141          1.215 
169          NO_ID   0.7765694003  0.03443817624          0.756          0.426 
170          NO_ID   0.7724322553  0.03444883454          0.669          0.757 
171          NO_ID    0.770600955  0.03445880506          1.029          1.113 
172          NO_ID   0.7765694003  0.03443817624          0.756          0.426 
173          NO_ID   0.7760133225  0.03443645741          0.663          0.382 
174          NO_ID   0.7730832421  0.03445240998          0.571          0.636 
175          NO_ID   0.7765694003  0.03443817624          0.756          0.426 
176          NO_ID   0.7760133225  0.03443645741          0.663          0.382 
177          NO_ID   0.7734168888  0.03445344133          0.533          0.578 
178          NO_ID   0.7781272606   0.0344279858          1.077          0.659 
179          NO_ID   0.7779048294  0.03442729832           1.03          0.621 
180          NO_ID   0.7730832421  0.03445241025          0.571          0.636 
181          NO_ID    0.773402105  0.03445259545          0.535          0.581 
182          NO_ID   0.7828479673  0.03442729823          2.151           1.58 
183          NO_ID   0.7733012246  0.03445308402          0.545          0.598 
184          NO_ID    0.773402105  0.03445259545          0.535          0.581 
185          NO_ID   0.7829084955   0.0344270053          2.165          1.592 
186          NO_ID   0.7733012246  0.03445308402          0.545          0.598 
187          NO_ID    0.773402105  0.03445259545          0.535          0.581 
188          NO_ID   0.7830900802  0.03442612583          2.208          1.629 
189          NO_ID   0.7790050589  0.03443773003          1.262          0.817 
190          NO_ID    0.773402105  0.03445259545          0.535          0.581 
191          NO_ID   0.7830900802  0.03442612583          2.208          1.629 
192          NO_ID   0.7790050589  0.03443773003          1.262          0.817 
193          NO_ID   0.7734021049  0.03445955784           0.53          0.577 
194          NO_ID   0.7830900802  0.03442612583          2.208          1.629 
195          NO_ID   0.7731922738   0.0344536118          0.557          0.616 
196          NO_ID   0.7734021049  0.03445955784           0.53          0.577 
197          NO_ID   0.7837069838  0.03444360721          2.343          1.756 
198          NO_ID   0.7731922739  0.03442084844          0.578          0.635 
199          NO_ID   0.7734021049  0.03445955784           0.53          0.577 
200          NO_ID   0.7837069837  0.03444360711          2.343          1.756 
201          NO_ID   0.7731922739  0.03441127817          0.585           0.64 
202          NO_ID   0.7734021049  0.03445955784           0.53          0.577 
203          NO_ID   0.7835810852  0.03441463934          2.329          1.728 
204          NO_ID   0.7793752012  0.03441127829          1.362           0.89 
205          NO_ID   0.7759256353  0.03446157449          0.626          0.363 
206          NO_ID   0.7835810852  0.03441463934          2.329          1.728 
207          NO_ID   0.7793752012  0.03441127829          1.362           0.89 
208          NO_ID   0.7759256352  0.03446762448          0.621          0.359 
209          NO_ID   0.7815113455  0.03444481716           1.83           1.31 
210          NO_ID   0.7747819312  0.03443943946          0.518          0.403 
211          NO_ID   0.7759256352  0.03446762448          0.621          0.359 
212          NO_ID   0.7815113455  0.03444481716           1.83           1.31 
213          NO_ID    0.769307935  0.03446179054           1.32          1.379 
214          NO_ID   0.7759256352  0.03446762448          0.621          0.359 
215          NO_ID   0.7815113455  0.03444481716           1.83           1.31 
216          NO_ID   0.7726593614  0.03444810619          0.633          0.715 
217          NO_ID   0.7759256352  0.03446762448          0.621          0.359 
218          NO_ID   0.7815113455  0.03444481716           1.83           1.31 
219          NO_ID   0.7726593614  0.03444810619          0.633          0.715 
220          NO_ID   0.7759256352  0.03446762448          0.621          0.359 
221          NO_ID   0.7795515814  0.03443310615          1.388          0.922 
222          NO_ID   0.7726593614  0.03444810619          0.633          0.715 
223          NO_ID   0.7759256352  0.03446762448          0.621          0.359 
224          NO_ID   0.7795515814  0.03443310615          1.388          0.922 
225          NO_ID   0.7748349291  0.03444810592          0.513          0.393 
226          NO_ID   0.7759256352  0.03446762448          0.621          0.359 
227          NO_ID   0.7795515814  0.03443310615          1.388          0.922 
228          NO_ID   0.7748349291    0.034448106          0.513          0.393 
229          NO_ID   0.7759256352  0.03446762452          0.621          0.359 
230          NO_ID   0.7795515813  0.03443310621          1.388          0.922 
231          NO_ID   0.7748349289   0.0344688169          0.493          0.379 
232          NO_ID   0.7759256352  0.03446762452          0.621          0.359 
233          NO_ID   0.7788971576  0.03443382154          1.241          0.797 
234          NO_ID   0.7748349289   0.0344688169          0.493          0.379 
235          NO_ID   0.7783629725  0.03444662732          1.115          0.697 
236          NO_ID   0.7788971576  0.03443382154          1.241          0.797 
237          NO_ID   0.7766178423  0.03444853511          0.757          0.427 
238          NO_ID   0.7769953833  0.03444662721           0.83          0.475 
239          NO_ID   0.7778500793  0.03443496645          1.013           0.61 
240          NO_ID   0.7762973312  0.03445621874          0.693          0.391 
241          NO_ID   0.7724303038  0.03450910889          0.645          0.727 
242          NO_ID   0.7771659881  0.03444436617          0.866            0.5 
243          NO_ID   0.7754597291  0.03446764627          0.555           0.35 
244          NO_ID   0.7724303038  0.03450910889          0.645          0.727 
245          NO_ID   0.7826189537  0.03436973341          2.129          1.532 
246          NO_ID   0.7754597291  0.03446764627          0.555           0.35 
247          NO_ID   0.7767258385  0.03445036117          0.775          0.439 
248          NO_ID   0.7826189537  0.03436973341          2.129          1.532 
249          NO_ID   0.7754597291  0.03446764631          0.555           0.35 
250          NO_ID   0.7767258385  0.03445036117          0.775          0.439 
251          NO_ID   0.7833786192  0.03435936246          2.311          1.685 
252          NO_ID   0.7754597291  0.03446764631          0.555           0.35 
253          NO_ID   0.7767258385  0.03445036117          0.775          0.439 
254          NO_ID   0.7841382847   0.0343489914          2.494          1.838 
255          NO_ID   0.7714680607   0.0345222456          0.832          0.911 
256          NO_ID   0.7767258385  0.03445036117          0.775          0.439 
257          NO_ID   0.7841382847   0.0343489914          2.494          1.838 
258          NO_ID   0.7787322581  0.03442290318          1.212          0.768 
259          NO_ID   0.7734822226  0.03449470818          0.498          0.543 
260          NO_ID   0.7841382847   0.0343489914          2.494          1.838 
261          NO_ID   0.7787322581  0.03442290318          1.212          0.768 
262          NO_ID   0.7734822226  0.03449470818          0.498          0.543 
263          NO_ID   0.7841382847  0.03430590841          2.518          1.837 
264          NO_ID   0.7787322581  0.03442290318          1.212          0.768 
265          NO_ID   0.7734822226  0.03449470818          0.498          0.543 
266          NO_ID   0.7809882635  0.03434899136          1.766          1.206 
267          NO_ID    0.772338621  0.03453618289          0.652          0.732 
268          NO_ID   0.7734822227  0.03449470815          0.498          0.543 
269          NO_ID   0.7816744243  0.03432410644          1.938          1.343 
270          NO_ID    0.772338621  0.03453618289          0.652          0.732 
271          NO_ID   0.7734822227  0.03449470815          0.498          0.543 
272          NO_ID   0.7816744243  0.03432410644          1.938          1.343 
273          NO_ID    0.772338621  0.03453618289          0.652          0.732 
274          NO_ID   0.7678807408  0.03462195388          1.668          1.624 
275          NO_ID   0.7816744243  0.03432410644          1.938          1.343 
276          NO_ID    0.772338621  0.03453618289          0.652          0.732 
277          NO_ID   0.7734822227  0.03449470793          0.498          0.543 
278          NO_ID   0.7789996962  0.03437556907          1.303          0.824 
279          NO_ID    0.772338621  0.03453618289          0.652          0.732 
280          NO_ID   0.7734822226  0.03459107619          0.437           0.49 
281          NO_ID   0.7783135353  0.03440045411          1.137          0.697 
282          NO_ID   0.7756491052  0.03446469956          0.583          0.352 
283          NO_ID   0.7718835646  0.03462962335          0.725          0.782 
284          NO_ID   0.7783135353  0.03440045411          1.137          0.697 
285          NO_ID   0.7756491052  0.03446469956          0.583          0.352 
286          NO_ID   0.7718835646  0.03462962335          0.725          0.782 
287          NO_ID   0.7746233055   0.0345620796          0.395          0.335 
288          NO_ID   0.7756491053  0.03446469955          0.583          0.352 
289          NO_ID   0.7700371252  0.03480490754          1.169          1.109 
290          NO_ID   0.7746233054  0.03466103381          0.303          0.269 
291          NO_ID   0.7740052606  0.03446469951          0.484          0.479 
292          NO_ID   0.7696662983    0.034687107          1.243          1.224 
293          NO_ID   0.7770041866  0.03445690896          0.824          0.472 
294          NO_ID   0.7740052606  0.03446469951          0.484          0.479 
295          NO_ID   0.7696662983    0.034687107          1.243          1.224 
296          NO_ID   0.7744008093  0.03459035337          0.367          0.344 
297          NO_ID   0.7740052606  0.03446469951          0.484          0.479 
298          NO_ID   0.7689543108  0.03446093007          1.402          1.453 
299          NO_ID    0.771797432  0.03472379791          0.739          0.763 
300          NO_ID   0.7768459673  0.03440664728          0.834          0.472 
301          NO_ID   0.7689543108  0.03446093007          1.402          1.453 
302          NO_ID    0.771797432  0.03472379791          0.739          0.763 
303          NO_ID   0.7740597085   0.0341490368          0.764          0.677 
304          NO_ID   0.7703116767  0.03411607352          1.177          1.326 
305          NO_ID   0.7687341932  0.03491093391          1.514           1.36 
306          NO_ID   0.7740597087  0.03367587475          1.208          0.999 
307          NO_ID   0.7735069859  0.03337503811          1.474          1.265 
308          NO_ID    0.766485374  0.03517505312          2.156          1.789 
309          NO_ID   0.7750061987  0.03367587477          1.268          0.918 
310          NO_ID   0.7735069859  0.03337503811          1.474          1.265 
311          NO_ID    0.766485374  0.03517505312          2.156          1.789 
312          NO_ID   0.7750061987  0.03367587477          1.268          0.918 
313          NO_ID   0.7735069859  0.03337503811          1.474          1.265 
314          NO_ID   0.7673849015  0.03535555521          2.007          1.569 
315          NO_ID   0.7750061987  0.03367587477          1.268          0.918 
316          NO_ID   0.7735069859  0.03337503811          1.474          1.265 
317          NO_ID   0.7717925869   0.0362400151          1.602          0.906 
318          NO_ID   0.7750061987  0.03367587477          1.268          0.918 
319          NO_ID   0.7735069859  0.03337503811          1.474          1.265 
320          NO_ID   0.7744911699  0.03678152102          1.711          1.179 
321          NO_ID   0.7739775593  0.03539486104          0.514           0.29 
322          NO_ID   0.7735069859  0.03337503811          1.474          1.265 
323          NO_ID   0.7744911699  0.03678152102          1.711          1.179 
324          NO_ID   0.7739775593  0.03539486104          0.514           0.29 
325          NO_ID   0.7735069859  0.03337503811          1.474          1.265 
326          NO_ID   0.7744911699  0.03678152102          1.711          1.179 
327          NO_ID   0.7739775593  0.03539486104          0.514           0.29 
328          NO_ID   0.7738151522  0.03420703428          0.712           0.67 
329          NO_ID   0.7742088258  0.03556962746          0.629          0.374 
330          NO_ID   0.7739775593  0.03539486104          0.514           0.29 
331          NO_ID   0.7738151523  0.03472084759           0.32          0.361 
332          NO_ID   0.7742088258  0.03556962746          0.629          0.374 
333          NO_ID   0.7739775593  0.03539486104          0.514           0.29 
334          NO_ID   0.7739539122  0.03472084769            0.3          0.336 
335          NO_ID   0.7743062698  0.03597403548          0.986          0.634 
336          NO_ID   0.7737413553  0.03488559317          0.289          0.301 
337          NO_ID   0.7742928611  0.03537391304          0.442          0.254 
338          NO_ID   0.7743062699  0.03587518826          0.895          0.569 
339          NO_ID   0.7737413553  0.03488559317          0.289          0.301 
340          NO_ID   0.7739539124  0.03478015604           0.27          0.305 
341          NO_ID   0.7739753665   0.0355821963          0.675           0.39 
342          NO_ID   0.7737494006  0.03518635826          0.401          0.257 
343          NO_ID   0.7738183328  0.03454265319          0.433           0.46 
344          NO_ID   0.7738526594  0.03582591774           0.91          0.541 
345          NO_ID   0.7737494006  0.03518635826          0.401          0.257 
346          NO_ID   0.7741219135  0.03642295823          1.419          0.927 
347          NO_ID   0.7737851059   0.0364567488           1.49          0.943 
348          NO_ID   0.7737157606  0.03392875905          0.963          0.866 
349          NO_ID   0.7741219135  0.03642295823          1.419          0.927 
350          NO_ID   0.7737851059   0.0364567488           1.49          0.943 
351          NO_ID   0.7735136761  0.03394903354          0.944          0.879 
352          NO_ID   0.7739590557  0.03491832906          0.239          0.244 
353          NO_ID   0.7737851058  0.03645674878           1.49          0.943 
354          NO_ID   0.7733115914    0.033969308          0.929          0.893 
355          NO_ID   0.7739590557  0.03491832906          0.239          0.244 
356          NO_ID   0.7737851058  0.03645674878           1.49          0.943 
357          NO_ID   0.7734159614   0.0339693082          0.927          0.879 
358          NO_ID   0.7739590557  0.03491832906          0.239          0.244 
359          NO_ID   0.7737851058  0.03645674878           1.49          0.943 
360          NO_ID   0.7734159614   0.0339693082          0.927          0.879 
361          NO_ID   0.7739590557  0.03491832906          0.239          0.244 
362          NO_ID   0.7732528736  0.03552670839          0.755           0.43 
363          NO_ID   0.7734159614   0.0339693082          0.927          0.879 
364          NO_ID   0.7739590556  0.03491832903          0.239          0.244 
365          NO_ID    0.772927017  0.03495729588          0.495          0.451 
366          NO_ID   0.7738396707  0.03360428056          1.268          1.071 
367          NO_ID   0.7734114633  0.03491832893          0.369          0.359 
368          NO_ID    0.772855386  0.03416886678          0.789          0.838 
369          NO_ID   0.7744588937  0.03358090058           1.32          1.026 
370          NO_ID   0.7724493588   0.0352711087          0.749          0.516 
371          NO_ID    0.772855386  0.03416886678          0.789          0.838 
372          NO_ID   0.7744588937  0.03358090058           1.32          1.026 
373          NO_ID   0.7714872544  0.03562388839          1.191          0.737 
374          NO_ID   0.7740611069   0.0331547418          1.708           1.36 
375          NO_ID   0.7742152775  0.03424224564          0.681          0.596 
376          NO_ID   0.7714872544  0.03562388839          1.191          0.737 
377          NO_ID   0.7713876443  0.03450875179          0.851          0.933 
378          NO_ID   0.7742152775  0.03424224564          0.681          0.596 
379          NO_ID   0.7714872544  0.03562388839          1.191          0.737 
380          NO_ID   0.7713876443  0.03450875179          0.851          0.933 
381          NO_ID   0.7742152775  0.03424224564          0.681          0.596 
382          NO_ID   0.7731838343  0.03546398465           0.72          0.417 
383          NO_ID   0.7730244579  0.03367976612          1.189           1.12 
384          NO_ID   0.7742152774  0.03424224563          0.681          0.596 
385          NO_ID   0.7724693425  0.03512649685          0.668          0.518 
386          NO_ID   0.7730244579  0.03367976612          1.189           1.12 
387          NO_ID   0.7743109034   0.0353127769          0.386          0.219 
388          NO_ID   0.7724693425  0.03512649688          0.668          0.518 
389          NO_ID   0.7719195215  0.03367976588          1.233          1.283 
390          NO_ID   0.7743109034   0.0353127769          0.386          0.219 
391          NO_ID   0.7724693425  0.03512649686          0.668          0.518 
392          NO_ID   0.7719195215  0.03367976588          1.233          1.283 
393          NO_ID   0.7743109034   0.0353127769          0.386          0.219 
394          NO_ID   0.7724693425  0.03512649686          0.668          0.518 
395          NO_ID   0.7708145851  0.03356799777          1.409          1.531 
396          NO_ID   0.7743109034   0.0353127769          0.386          0.219 
397          NO_ID   0.7745671335  0.03617336441          1.141          0.776 
398          NO_ID   0.7741293947  0.03390330188          0.995          0.835 
399          NO_ID   0.7733180491  0.03437767754          0.596          0.639 
