0.001 3.41061e-008 2.49206e-009
0.002 3.10582e-007 2.00188e-008
0.003 1.46435e-006 8.31026e-008
0.004 4.85111e-006 2.43994e-007
0.005 1.28382e-005 5.79172e-007
0.006 2.90853e-005 1.19354e-006
0.007 5.8813e-005 2.22677e-006
0.008 0.000109056 3.86217e-006
0.009 0.000188897 6.33858e-006
0.01 0.000309688 9.96546e-006
0.011 0.000485239 1.51417e-005
0.012 0.000731991 2.23784e-005
0.013 0.00106916 3.23254e-005
0.014 0.00151887 4.58026e-005
0.015 0.00210619 6.38354e-005
0.016 0.00285928 8.76946e-005
0.017 0.00380934 0.000118941
0.018 0.00499065 0.000159475
0.019 0.00644051 0.000211588
0.02 0.00819918 0.000278023
0.021 0.0103098 0.000362033
0.022 0.0128182 0.000467447
0.023 0.0157728 0.000598741
0.024 0.0192244 0.000761105
0.025 0.0232259 0.00096052
0.026 0.027832 0.00120383
0.027 0.0330989 0.00149884
0.028 0.0390844 0.00185434
0.029 0.0458469 0.00228025
0.03 0.0534454 0.00278766
0.031 0.061939 0.00338891
0.032 0.0713866 0.00409765
0.033 0.0818464 0.00492896
0.034 0.0933755 0.00589936
0.035 0.106029 0.0070269
0.036 0.119861 0.00833123
0.037 0.134921 0.00983361
0.038 0.151258 0.011557
0.039 0.168915 0.013526
0.04 0.187933 0.0157672
0.041 0.208348 0.0183086
0.042 0.23019 0.0211801
0.043 0.253484 0.0244135
0.044 0.278251 0.0280422
0.045 0.304503 0.0321013
0.046 0.332248 0.0366277
0.047 0.361484 0.0416598
0.048 0.392203 0.0472375
0.049 0.424392 0.0534023
0.05 0.458024 0.060197
0.051 0.49307 0.0676657
0.052 0.529489 0.0758534
0.053 0.567232 0.0848064
0.054 0.606242 0.0945714
0.055 0.646451 0.105196
0.056 0.687786 0.116729
0.057 0.730162 0.129217
0.058 0.773486 0.14271
0.059 0.817656 0.157254
0.06 0.862564 0.172899
0.061 0.908089 0.189689
0.062 0.954107 0.207672
0.063 1.00048 0.226891
0.064 1.04708 0.24739
0.065 1.09374 0.26921
0.066 1.14031 0.292388
0.067 1.18664 0.316962
0.068 1.23256 0.342965
0.069 1.27789 0.370427
0.07 1.32246 0.399374
0.071 1.3661 0.42983
0.072 1.40861 0.461813
0.073 1.44983 0.495337
0.074 1.48956 0.530413
0.075 1.52763 0.567043
0.076 1.56384 0.605228
0.077 1.59801 0.64496
0.078 1.62997 0.686227
0.079 1.65954 0.729009
0.08 1.68654 0.773281
0.081 1.71081 0.819011
0.082 1.73218 0.86616
0.083 1.7505 0.914681
0.084 1.76562 0.964521
0.085 1.77741 1.01562
0.086 1.78573 1.06791
0.087 1.79047 1.12131
0.088 1.79151 1.17574
0.089 1.78877 1.23111
0.09 1.78215 1.28731
0.091 1.77159 1.34425
0.092 1.75703 1.40181
0.093 1.73843 1.45986
0.094 1.71577 1.51828
0.095 1.68902 1.57693
0.096 1.65821 1.63566
0.097 1.62335 1.69434
0.098 1.58448 1.75279
0.099 1.54166 1.81087
0.1 1.49495 1.8684
0.101 1.44446 1.9252
0.102 1.39027 1.98111
0.103 1.33253 2.03594
0.104 1.27138 2.0895
0.105 1.20696 2.14161
0.106 1.13946 2.19207
0.107 1.06906 2.24069
0.108 0.995983 2.28728
0.109 0.920436 2.33164
0.11 0.842659 2.37357
0.111 0.762903 2.41289
0.112 0.68143 2.44939
0.113 0.598514 2.48289
0.114 0.514441 2.51319
0.115 0.429507 2.54012
0.116 0.344017 2.5635
0.117 0.258285 2.58314
0.118 0.172629 2.59889
0.119 0.0873746 2.61058
0.12 0.00285181 2.61805
0.121 -0.0806073 2.62117
0.122 -0.162669 2.6198
0.123 -0.242999 2.6138
0.124 -0.321264 2.60307
0.125 -0.397133 2.5875
0.126 -0.470282 2.56701
0.127 -0.540389 2.5415
0.128 -0.607141 2.51093
0.129 -0.670233 2.47523
0.13 -0.729369 2.43437
0.131 -0.784266 2.38834
0.132 -0.834652 2.33711
0.133 -0.880271 2.28072
0.134 -0.920881 2.21918
0.135 -0.956257 2.15253
0.136 -0.986193 2.08084
0.137 -1.0105 2.00419
0.138 -1.02901 1.92268
0.139 -1.04158 1.83641
0.14 -1.04808 1.74551
0.141 -1.04842 1.65014
0.142 -1.04251 1.55046
0.143 -1.0303 1.44665
0.144 -1.01177 1.33891
0.145 -0.98691 1.22746
0.146 -0.955752 1.11253
0.147 -0.918344 0.994372
0.148 -0.874765 0.873243
0.149 -0.825118 0.749423
0.15 -0.769535 0.623204
0.151 -0.708175 0.49489
0.152 -0.64122 0.364801
0.153 -0.568883 0.233263
0.154 -0.491398 0.100617
0.155 -0.409027 -0.0327876
0.156 -0.322054 -0.166593
0.157 -0.230788 -0.300434
0.158 -0.135559 -0.433938
0.159 -0.0367199 -0.566728
0.16 0.0653572 -0.698423
0.161 0.170281 -0.828638
0.162 0.277642 -0.956989
0.163 0.387015 -1.08309
0.164 0.497961 -1.20655
0.165 0.610025 -1.327
0.166 0.722744 -1.44405
0.167 0.835644 -1.55733
0.168 0.948243 -1.66647
0.169 1.06005 -1.77113
0.17 1.17058 -1.87093
0.171 1.27933 -1.96556
0.172 1.38582 -2.05468
0.173 1.48954 -2.13798
0.174 1.59001 -2.21516
0.175 1.68676 -2.28595
0.176 1.77929 -2.35007
0.177 1.86716 -2.40728
0.178 1.94991 -2.45735
0.179 2.0271 -2.50008
0.18 2.09832 -2.53528
0.181 2.16315 -2.5628
0.182 2.22121 -2.58249
0.183 2.27215 -2.59424
0.184 2.31563 -2.59797
0.185 2.35133 -2.5936
0.186 2.37897 -2.5811
0.187 2.39828 -2.56047
0.188 2.40905 -2.53172
0.189 2.41107 -2.4949
0.19 2.40419 -2.45007
0.191 2.38826 -2.39734
0.192 2.36319 -2.33684
0.193 2.32891 -2.26872
0.194 2.28541 -2.19317
0.195 2.23269 -2.11039
0.196 2.17078 -2.02062
0.197 2.09979 -1.92413
0.198 2.01981 -1.8212
0.199 1.93102 -1.71215
0.2 1.8336 -1.59732
0.201 1.72777 -1.47707
0.202 1.61381 -1.35177
0.203 1.492 -1.22184
0.204 1.36269 -1.08769
0.205 1.22624 -0.949773
0.206 1.08304 -0.808544
0.207 0.933525 -0.664478
0.208 0.778153 -0.518064
0.209 0.61741 -0.369804
0.21 0.451806 -0.22021
0.211 0.281878 -0.0698053
0.212 0.108185 0.0808823
0.213 -0.0686926 0.231318
0.214 -0.248158 0.380962
0.215 -0.429596 0.529274
0.216 -0.612378 0.675714
0.217 -0.795866 0.819743
0.218 -0.97941 0.960827
0.219 -1.16235 1.09844
0.22 -1.34404 1.23205
0.221 -1.5238 1.36115
0.222 -1.70098 1.48525
0.223 -1.87493 1.60385
0.224 -2.04499 1.71649
0.225 -2.21051 1.82271
0.226 -2.37088 1.92207
0.227 -2.52547 2.01416
0.228 -2.67369 2.09859
0.229 -2.81496 2.175
0.23 -2.94872 2.24302
0.231 -3.07443 2.30236
0.232 -3.1916 2.35273
0.233 -3.29973 2.39385
0.234 -3.39838 2.42552
0.235 -3.48714 2.44752
0.236 -3.56563 2.4597
0.237 -3.63351 2.46193
0.238 -3.69046 2.45411
0.239 -3.73622 2.43617
0.24 -3.77058 2.4081
0.241 -3.79333 2.3699
0.242 -3.80436 2.32161
0.243 -3.80355 2.26332
0.244 -3.79086 2.19515
0.245 -3.76629 2.11724
0.246 -3.72987 2.02978
0.247 -3.6817 1.933
0.248 -3.6219 1.82715
0.249 -3.55065 1.71253
0.25 -3.46818 1.58944
0.251 -3.37475 1.45826
0.252 -3.27068 1.31937
0.253 -3.15632 1.17317
0.254 -3.03206 1.02011
0.255 -2.89835 0.860672
0.256 -2.75566 0.695336
0.257 -2.6045 0.524626
0.258 -2.44543 0.349081
0.259 -2.27902 0.169262
0.26 -2.10589 -0.0142549
0.261 -1.92669 -0.200874
0.262 -1.74209 -0.389989
0.263 -1.55277 -0.580979
0.264 -1.35947 -0.773214
0.265 -1.16291 -0.966059
0.266 -0.963846 -1.15887
0.267 -0.763046 -1.35101
0.268 -0.561286 -1.54182
0.269 -0.359349 -1.73067
0.27 -0.158023 -1.91691
0.271 0.0419016 -2.09991
0.272 0.239639 -2.27906
0.273 0.434406 -2.45373
0.274 0.62543 -2.62333
0.275 0.811947 -2.78727
0.276 0.99321 -2.94499
0.277 1.16849 -3.09594
0.278 1.33707 -3.2396
0.279 1.49827 -3.37548
0.28 1.65144 -3.50309
0.281 1.79593 -3.62198
0.282 1.93115 -3.73176
0.283 2.05653 -3.83202
0.284 2.17155 -3.92242
0.285 2.27572 -4.00263
0.286 2.36859 -4.07238
0.287 2.44976 -4.13141
0.288 2.51887 -4.17952
0.289 2.5756 -4.21654
0.29 2.6197 -4.24232
0.291 2.65095 -4.25679
0.292 2.66918 -4.25988
0.293 2.67428 -4.25158
0.294 2.66619 -4.23191
0.295 2.64491 -4.20096
0.296 2.61049 -4.15881
0.297 2.56301 -4.10563
0.298 2.50263 -4.04159
0.299 2.42957 -3.96693
0.3 2.34406 -3.8819
0.301 2.24643 -3.7868
0.302 2.13703 -3.68198
0.303 2.01626 -3.56779
0.304 1.88458 -3.44465
0.305 1.74249 -3.313
0.306 1.59054 -3.17328
0.307 1.42931 -3.02601
0.308 1.25943 -2.8717
0.309 1.08156 -2.7109
0.31 0.896395 -2.54418
0.311 0.704677 -2.37212
0.312 0.507162 -2.19533
0.313 0.304639 -2.01444
0.314 0.0979177 -1.83008
0.315 -0.112169 -1.6429
0.316 -0.324772 -1.45357
0.317 -0.53903 -1.26273
0.318 -0.754068 -1.07107
0.319 -0.969008 -0.879243
0.32 -1.18297 -0.687925
0.321 -1.39506 -0.497778
0.322 -1.60441 -0.30946
0.323 -1.81014 -0.123618
0.324 -2.01139 0.059109
0.325 -2.20732 0.238098
0.326 -2.3971 0.412741
0.327 -2.57992 0.58245
0.328 -2.75499 0.746656
0.329 -2.92157 0.904813
0.33 -3.07892 1.0564
0.331 -3.22637 1.20093
0.332 -3.36325 1.33793
0.333 -3.48895 1.46697
0.334 -3.60291 1.58764
0.335 -3.7046 1.69959
0.336 -3.79353 1.80247
0.337 -3.86929 1.896
0.338 -3.9315 1.9799
0.339 -3.97982 2.05397
0.34 -4.01399 2.11802
0.341 -4.03381 2.17192
0.342 -4.0391 2.21555
0.343 -4.02977 2.24887
0.344 -4.00577 2.27185
0.345 -3.96714 2.28452
0.346 -3.91393 2.28694
0.347 -3.8463 2.27921
0.348 -3.76442 2.26149
0.349 -3.66856 2.23395
0.35 -3.55902 2.19682
0.351 -3.43616 2.15036
0.352 -3.30041 2.09486
0.353 -3.15223 2.03066
0.354 -2.99215 1.95812
0.355 -2.82074 1.87765
0.356 -2.63862 1.78967
0.357 -2.44646 1.69464
0.358 -2.24496 1.59305
0.359 -2.03488 1.48541
0.36 -1.81698 1.37225
0.361 -1.5921 1.25412
0.362 -1.36108 1.13161
0.363 -1.12479 1.0053
0.364 -0.88413 0.875785
0.365 -0.640023 0.743689
0.366 -0.3934 0.609631
0.367 -0.14521 0.474241
0.368 0.103593 0.338149
0.369 0.352046 0.201989
0.37 0.599187 0.0663923
0.371 0.844059 -0.0680154
0.372 1.08571 -0.200614
0.373 1.32319 -0.330794
0.374 1.55559 -0.457957
0.375 1.78198 -0.58152
0.376 2.00149 -0.700917
0.377 2.21326 -0.8156
0.378 2.41644 -0.925045
0.379 2.61026 -1.02875
0.38 2.79393 -1.12624
0.381 2.96675 -1.21706
0.382 3.12803 -1.30081
0.383 3.27713 -1.37708
0.384 3.41348 -1.44554
0.385 3.53653 -1.50585
0.386 3.6458 -1.55774
0.387 3.74088 -1.60096
0.388 3.82137 -1.63531
0.389 3.88699 -1.6606
0.39 3.93746 -1.67673
0.391 3.97261 -1.68358
0.392 3.99231 -1.68113
0.393 3.99649 -1.66935
0.394 3.98515 -1.64829
0.395 3.95835 -1.61801
0.396 3.91623 -1.57863
0.397 3.85896 -1.5303
0.398 3.7868 -1.47323
0.399 3.70007 -1.40763
0.4 3.59913 -1.33378
0.401 3.48443 -1.25198
0.402 3.35645 -1.16257
0.403 3.21573 -1.06594
0.404 3.06289 -0.962472
0.405 2.89856 -0.852617
0.406 2.72346 -0.736835
0.407 2.53832 -0.615619
0.408 2.34394 -0.489482
0.409 2.14114 -0.358963
0.41 1.93079 -0.224619
0.411 1.71379 -0.0870238
0.412 1.49106 0.053232
0.413 1.26357 0.195546
0.414 1.03227 0.339307
0.415 0.798181 0.483895
0.416 0.562292 0.628686
0.417 0.325625 0.773053
0.418 0.0892015 0.916373
0.419 -0.145955 1.05802
0.42 -0.378823 1.19739
0.421 -0.60839 1.33386
0.422 -0.833655 1.46684
0.423 -1.05363 1.59576
0.424 -1.26735 1.72005
0.425 -1.47387 1.83915
0.426 -1.67228 1.95256
0.427 -1.8617 2.05976
0.428 -2.04127 2.16029
0.429 -2.21019 2.2537
0.43 -2.36769 2.33958
0.431 -2.51305 2.41753
0.432 -2.6456 2.48721
0.433 -2.76472 2.54831
0.434 -2.86984 2.60056
0.435 -2.96046 2.6437
0.436 -3.03613 2.67754
0.437 -3.09646 2.70192
0.438 -3.14113 2.71673
0.439 -3.16988 2.72189
0.44 -3.18251 2.71735
0.441 -3.1789 2.70314
0.442 -3.15899 2.67929
0.443 -3.12279 2.64592
0.444 -3.07038 2.60314
0.445 -3.00191 2.55113
0.446 -2.91759 2.49013
0.447 -2.8177 2.42037
0.448 -2.7026 2.34217
0.449 -2.57268 2.25586
0.45 -2.42844 2.16181
0.451 -2.27041 2.06043
0.452 -2.09919 1.95217
0.453 -1.91543 1.83749
0.454 -1.71985 1.71691
0.455 -1.51321 1.59096
0.456 -1.29632 1.46019
0.457 -1.07004 1.32519
0.458 -0.835277 1.18656
0.459 -0.592963 1.04492
0.46 -0.344077 0.900914
0.461 -0.0896266 0.755191
0.462 0.169354 0.608413
0.463 0.431808 0.461249
0.464 0.696658 0.314374
0.465 0.962813 0.168465
0.466 1.22917 0.0241963
0.467 1.49463 -0.117759
0.468 1.75808 -0.256737
0.469 2.01841 -0.392082
0.47 2.27454 -0.523151
0.471 2.52537 -0.649316
0.472 2.76984 -0.769969
0.473 3.00691 -0.884521
0.474 3.23557 -0.992406
0.475 3.45481 -1.09309
0.476 3.66369 -1.18605
0.477 3.8613 -1.27082
0.478 4.04676 -1.34695
0.479 4.21924 -1.41403
0.48 4.37797 -1.47168
0.481 4.52223 -1.51957
0.482 4.65135 -1.5574
0.483 4.76472 -1.58492
0.484 4.86179 -1.60193
0.485 4.94209 -1.60825
0.486 5.0052 -1.60377
0.487 5.05077 -1.58842
0.488 5.07853 -1.56217
0.489 5.08827 -1.52504
0.49 5.07986 -1.47711
0.491 5.05324 -1.41848
0.492 5.00843 -1.34932
0.493 4.94552 -1.26985
0.494 4.86466 -1.18031
0.495 4.7661 -1.08102
0.496 4.65015 -0.972322
0.497 4.51719 -0.854602
0.498 4.36766 -0.728296
0.499 4.2021 -0.593876
0.5 4.02108 -0.451855
0.501 3.82527 -0.302781
0.502 3.61537 -0.147238
0.503 3.39216 0.0141583
0.504 3.15648 0.180761
0.505 2.9092 0.351897
0.506 2.65127 0.526867
0.507 2.38366 0.704949
0.508 2.1074 0.885402
0.509 1.82355 1.06747
0.51 1.5332 1.25038
0.511 1.23749 1.43335
0.512 0.937561 1.61559
0.513 0.63459 1.79631
0.514 0.329765 1.97472
0.515 0.0242854 2.15002
0.516 -0.280642 2.32143
0.517 -0.583811 2.48818
0.518 -0.884015 2.64949
0.519 -1.18006 2.80462
0.52 -1.47076 2.95284
0.521 -1.75495 3.09343
0.522 -2.0315 3.22573
0.523 -2.29928 3.34907
0.524 -2.55721 3.46282
0.525 -2.80426 3.56639
0.526 -3.03941 3.65923
0.527 -3.2617 3.74081
0.528 -3.47023 3.81067
0.529 -3.66415 3.86837
0.53 -3.84264 3.91351
0.531 -4.00498 3.94576
0.532 -4.15048 3.96482
0.533 -4.27854 3.97044
0.534 -4.38862 3.96245
0.535 -4.48024 3.94068
0.536 -4.55302 3.90507
0.537 -4.60664 3.85557
0.538 -4.64085 3.79221
0.539 -4.65548 3.71507
0.54 -4.65046 3.62427
0.541 -4.62577 3.52
0.542 -4.58149 3.40251
0.543 -4.51778 3.27207
0.544 -4.43487 3.12905
0.545 -4.33306 2.97384
0.546 -4.21276 2.80689
0.547 -4.07442 2.62869
0.548 -3.91859 2.43979
0.549 -3.74588 2.24077
0.55 -3.55697 2.03228
0.551 -3.35262 1.81498
0.552 -3.13364 1.58958
0.553 -2.90091 1.35684
0.554 -2.65537 1.11753
0.555 -2.39801 0.872472
0.556 -2.12986 0.622497
0.557 -1.85203 0.36847
0.558 -1.56564 0.111274
0.559 -1.27186 -0.148189
0.56 -0.971895 -0.409003
0.561 -0.666977 -0.670244
0.562 -0.35836 -0.930979
0.563 -0.0473192 -1.19027
0.564 0.264858 -1.44719
0.565 0.576876 -1.70079
0.566 0.887435 -1.95016
0.567 1.19524 -2.19438
0.568 1.49899 -2.43256
0.569 1.79743 -2.66382
0.57 2.08928 -2.88729
0.571 2.37331 -3.10215
0.572 2.64832 -3.30759
0.573 2.91313 -3.50283
0.574 3.16659 -3.68716
0.575 3.40762 -3.85986
0.576 3.63517 -4.02028
0.577 3.84824 -4.1678
0.578 4.04589 -4.30186
0.579 4.22724 -4.42194
0.58 4.39147 -4.52757
0.581 4.53783 -4.61833
0.582 4.66564 -4.69387
0.583 4.77429 -4.75389
0.584 4.86325 -4.79813
0.585 4.93206 -4.8264
0.586 4.98035 -4.83859
0.587 5.00783 -4.83462
0.588 5.01428 -4.81449
0.589 4.99959 -4.77824
0.59 4.9637 -4.72601
0.591 4.90666 -4.65796
0.592 4.82861 -4.57433
0.593 4.72976 -4.47542
0.594 4.6104 -4.36159
0.595 4.47092 -4.23324
0.596 4.31178 -4.09085
0.597 4.13352 -3.93494
0.598 3.93678 -3.76609
0.599 3.72224 -3.58492
0.6 3.49068 -3.39211
0.601 3.24294 -3.18839
0.602 2.97993 -2.97451
0.603 2.70262 -2.75127
0.604 2.41205 -2.51953
0.605 2.10931 -2.28015
0.606 1.79554 -2.03405
0.607 1.47192 -1.78215
0.608 1.13969 -1.52542
0.609 0.800107 -1.26483
0.61 0.454482 -1.00137
0.611 0.104142 -0.736058
0.612 -0.249565 -0.469902
0.613 -0.605269 -0.203924
0.614 -0.961592 0.0608535
0.615 -1.31715 0.323413
0.616 -1.67055 0.582744
0.617 -2.02043 0.837844
0.618 -2.3654 1.08773
0.619 -2.70412 1.33143
0.62 -3.03525 1.56801
0.621 -3.35749 1.79654
0.622 -3.66957 2.01613
0.623 -3.97025 2.22594
0.624 -4.25834 2.42514
0.625 -4.5327 2.61295
0.626 -4.79223 2.78863
0.627 -5.03589 2.9515
0.628 -5.26272 3.10091
0.629 -5.4718 3.23628
0.63 -5.66229 3.35706
0.631 -5.83342 3.46277
0.632 -5.9845 3.55299
0.633 -6.11491 3.62735
0.634 -6.2241 3.68555
0.635 -6.31164 3.72735
0.636 -6.37716 3.75257
0.637 -6.42037 3.76109
0.638 -6.44108 3.75286
0.639 -6.43918 3.72789
0.64 -6.41467 3.68627
0.641 -6.36761 3.62813
0.642 -6.29818 3.55368
0.643 -6.20662 3.46319
0.644 -6.09328 3.357
0.645 -5.95857 3.23549
0.646 -5.80303 3.09912
0.647 -5.62724 2.9484
0.648 -5.43188 2.78389
0.649 -5.2177 2.60621
0.65 -4.98554 2.41604
0.651 -4.7363 2.21409
0.652 -4.47096 2.00112
0.653 -4.19053 1.77795
0.654 -3.89614 1.54543
0.655 -3.58892 1.30443
0.656 -3.27009 1.05588
0.657 -2.94089 0.800727
0.658 -2.60263 0.539939
0.659 -2.25663 0.274514
0.66 -1.90425 0.00546652
0.661 -1.54689 -0.266176
0.662 -1.18596 -0.539374
0.663 -0.822879 -0.813083
0.664 -0.459085 -1.08626
0.665 -0.096015 -1.35785
0.666 0.264894 -1.62682
0.667 0.622215 -1.89214
0.668 0.974533 -2.15279
0.669 1.32045 -2.40778
0.67 1.65861 -2.65613
0.671 1.98765 -2.89689
0.672 2.30629 -3.12915
0.673 2.61326 -3.352
0.674 2.90734 -3.56461
0.675 3.18736 -3.76615
0.676 3.45223 -3.95587
0.677 3.70089 -4.13303
0.678 3.93237 -4.29697
0.679 4.14573 -4.44706
0.68 4.34016 -4.58274
0.681 4.51488 -4.70348
0.682 4.6692 -4.80884
0.683 4.80252 -4.89842
0.684 4.91432 -4.97188
0.685 5.00417 -5.02896
0.686 5.07173 -5.06944
0.687 5.11673 -5.09318
0.688 5.13903 -5.10011
0.689 5.13854 -5.0902
0.69 5.11529 -5.06351
0.691 5.06939 -5.02016
0.692 5.00104 -4.96033
0.693 4.91055 -4.88426
0.694 4.79829 -4.79225
0.695 4.66475 -4.68467
0.696 4.51047 -4.56196
0.697 4.33612 -4.42459
0.698 4.1424 -4.27312
0.699 3.93014 -4.10812
0.7 3.70021 -3.93026
0.701 3.45356 -3.74022
0.702 3.19122 -3.53875
0.703 2.91428 -3.32663
0.704 2.62387 -3.10468
0.705 2.32121 -2.87378
0.706 2.00754 -2.6348
0.707 1.68417 -2.38868
0.708 1.35242 -2.13637
0.709 1.01368 -1.87882
0.71 0.669346 -1.61705
0.711 0.320844 -1.35204
0.712 -0.030381 -1.08481
0.713 -0.382873 -0.816381
0.714 -0.735169 -0.547775
0.715 -1.08581 -0.280009
0.716 -1.43333 -0.014098
0.717 -1.77629 0.248957
0.718 -2.11326 0.508166
0.719 -2.44283 0.76256
0.72 -2.76363 1.01119
0.721 -3.07432 1.25313
0.722 -3.3736 1.4875
0.723 -3.6602 1.71342
0.724 -3.93293 1.93009
0.725 -4.19063 2.13671
0.726 -4.43222 2.33254
0.727 -4.65666 2.51689
0.728 -4.863 2.68911
0.729 -5.05035 2.8486
0.73 -5.21791 2.99483
0.731 -5.36495 3.1273
0.732 -5.49082 3.24559
0.733 -5.59496 3.34933
0.734 -5.67691 3.4382
0.735 -5.73626 3.51195
0.736 -5.77275 3.57041
0.737 -5.78616 3.61344
0.738 -5.77638 3.64098
0.739 -5.74342 3.65304
0.74 -5.68735 3.64969
0.741 -5.60834 3.63106
0.742 -5.50667 3.59733
0.743 -5.3827 3.54876
0.744 -5.23687 3.48567
0.745 -5.06974 3.40844
0.746 -4.88192 3.31748
0.747 -4.67414 3.21329
0.748 -4.44718 3.09641
0.749 -4.20191 2.96743
0.75 -3.9393 2.82699
0.751 -3.66034 2.67577
0.752 -3.36613 2.5145
0.753 -3.05781 2.34396
0.754 -2.7366 2.16495
0.755 -2.40374 1.9783
0.756 -2.06056 1.78489
0.757 -1.70839 1.58561
0.758 -1.34862 1.38138
0.759 -0.982677 1.17314
0.76 -0.612003 0.961828
0.761 -0.238062 0.748415
0.762 0.137665 0.533869
0.763 0.51369 0.31916
0.764 0.888524 0.105258
0.765 1.26068 -0.106873
0.766 1.62868 -0.316277
0.767 1.99107 -0.522012
0.768 2.34641 -0.723153
0.769 2.69328 -0.918798
0.77 3.03031 -1.10807
0.771 3.35616 -1.29011
0.772 3.66954 -1.46411
0.773 3.9692 -1.62929
0.774 4.25395 -1.78489
0.775 4.52267 -1.93022
0.776 4.77428 -2.06462
0.777 5.0078 -2.18749
0.778 5.2223 -2.29825
0.779 5.41693 -2.3964
0.78 5.59092 -2.4815
0.781 5.7436 -2.55313
0.782 5.87436 -2.61097
0.783 5.9827 -2.65473
0.784 6.0682 -2.6842
0.785 6.13054 -2.69921
0.786 6.16947 -2.69968
0.787 6.18488 -2.68556
0.788 6.17671 -2.65689
0.789 6.14502 -2.61376
0.79 6.08996 -2.55633
0.791 6.01178 -2.48481
0.792 5.91081 -2.39947
0.793 5.78749 -2.30066
0.794 5.64235 -2.18876
0.795 5.47599 -2.06424
0.796 5.28911 -1.92759
0.797 5.0825 -1.77937
0.798 4.85701 -1.62019
0.799 4.6136 -1.45071
0.8 4.35327 -1.27163
0.801 4.07711 -1.08369
0.802 3.78626 -0.887665
0.803 3.48193 -0.684385
0.804 3.16539 -0.474695
0.805 2.83795 -0.259474
0.806 2.50096 -0.0396263
0.807 2.15584 0.183923
0.808 1.804 0.410232
0.809 1.44692 0.638344
0.81 1.08606 0.867293
0.811 0.722932 1.09611
0.812 0.359041 1.32381
0.813 -0.00410245 1.54945
0.814 -0.364989 1.77204
0.815 -0.722118 1.99063
0.816 -1.074 2.2043
0.817 -1.41918 2.41211
0.818 -1.75622 2.61318
0.819 -2.0837 2.80664
0.82 -2.40026 2.99163
0.821 -2.70459 3.16737
0.822 -2.9954 3.33307
0.823 -3.27148 3.48801
0.824 -3.53166 3.63151
0.825 -3.77487 3.76291
0.826 -4.00006 3.88165
0.827 -4.20629 3.98716
0.828 -4.39269 4.07899
0.829 -4.55846 4.15668
0.83 -4.70289 4.21988
0.831 -4.82536 4.26827
0.832 -4.92534 4.3016
0.833 -5.00239 4.31969
0.834 -5.05616 4.32242
0.835 -5.0864 4.30972
0.836 -5.09296 4.28159
0.837 -5.07578 4.23811
0.838 -5.0349 4.17941
0.839 -4.97046 4.10568
0.84 -4.8827 4.01718
0.841 -4.77194 3.91424
0.842 -4.63862 3.79723
0.843 -4.48326 3.6666
0.844 -4.30646 3.52285
0.845 -4.10892 3.36653
0.846 -3.89145 3.19825
0.847 -3.65489 3.01867
0.848 -3.4002 2.8285
0.849 -3.12841 2.62849
0.85 -2.84062 2.41943
0.851 -2.53798 2.20217
0.852 -2.22173 1.97758
0.853 -1.89314 1.74656
0.854 -1.55356 1.51004
0.855 -1.20437 1.26898
0.856 -0.846989 1.02437
0.857 -0.482885 0.7772
0.858 -0.113548 0.528479
0.859 0.259507 0.279228
0.86 0.634748 0.0304706
0.861 1.01063 -0.216768
0.862 1.3856 -0.461466
0.863 1.75812 -0.702612
0.864 2.12664 -0.939202
0.865 2.48964 -1.17025
0.866 2.8456 -1.3948
0.867 3.19305 -1.6119
0.868 3.53054 -1.82064
0.869 3.85665 -2.02015
0.87 4.17002 -2.20957
0.871 4.46932 -2.38811
0.872 4.75331 -2.555
0.873 5.02076 -2.70952
0.874 5.27055 -2.851
0.875 5.5016 -2.97884
0.876 5.71293 -3.09247
0.877 5.9036 -3.19138
0.878 6.0728 -3.27513
0.879 6.21976 -3.34334
0.88 6.34383 -3.39569
0.881 6.44445 -3.43191
0.882 6.52112 -3.45182
0.883 6.57349 -3.4553
0.884 6.60125 -3.44228
0.885 6.60424 -3.41279
0.886 6.58236 -3.36689
0.887 6.53563 -3.30473
0.888 6.46418 -3.22653
0.889 6.36821 -3.13257
0.89 6.24805 -3.02318
0.891 6.1041 -2.8988
0.892 5.93687 -2.75987
0.893 5.74698 -2.60695
0.894 5.53511 -2.44062
0.895 5.30205 -2.26153
0.896 5.04867 -2.07039
0.897 4.77594 -1.86796
0.898 4.48487 -1.65503
0.899 4.17658 -1.43247
0.9 3.85225 -1.20116
0.901 3.51313 -0.962037
0.902 3.16052 -0.716069
0.903 2.79578 -0.464255
0.904 2.42032 -0.20762
0.905 2.0356 0.0527854
0.906 1.64312 0.315892
0.907 1.24441 0.580617
0.908 0.841013 0.845864
0.909 0.434515 1.11053
0.91 0.0265041 1.37352
0.911 -0.381423 1.63373
0.912 -0.787667 1.89006
0.913 -1.19063 2.14144
0.914 -1.58874 2.3868
0.915 -1.98043 2.62508
0.916 -2.36414 2.85528
0.917 -2.73839 3.0764
0.918 -3.10168 3.28747
0.919 -3.4526 3.48758
0.92 -3.78976 3.67584
0.921 -4.11183 3.8514
0.922 -4.41753 4.01349
0.923 -4.70568 4.16135
0.924 -4.97512 4.2943
0.925 -5.22481 4.4117
0.926 -5.45375 4.513
0.927 -5.66105 4.59767
0.928 -5.84588 4.66527
0.929 -6.00753 4.71542
0.93 -6.14537 4.7478
0.931 -6.25885 4.76218
0.932 -6.34753 4.75839
0.933 -6.41108 4.73631
0.934 -6.44925 4.69592
0.935 -6.4619 4.63726
0.936 -6.449 4.56044
0.937 -6.41061 4.46565
0.938 -6.34689 4.35314
0.939 -6.25813 4.22324
0.94 -6.14468 4.07635
0.941 -6.00702 3.91292
0.942 -5.84571 3.73349
0.943 -5.66142 3.53866
0.944 -5.45489 3.32906
0.945 -5.22699 3.10542
0.946 -4.97862 2.86852
0.947 -4.71082 2.61917
0.948 -4.42466 2.35825
0.949 -4.12132 2.08668
0.95 -3.80203 1.80544
0.951 -3.46809 1.51552
0.952 -3.12087 1.21798
0.953 -2.76177 0.913881
0.954 -2.39226 0.604335
0.955 -2.01384 0.290467
0.956 -1.62806 -0.0265744
0.957 -1.23649 -0.345628
0.958 -0.840717 -0.665522
0.959 -0.442368 -0.985078
0.96 -0.0430635 -1.30312
0.961 0.355567 -1.61846
0.962 0.751895 -1.92994
0.963 1.1443 -2.2364
0.964 1.53118 -2.53671
0.965 1.91095 -2.82974
0.966 2.28204 -3.11441
0.967 2.64296 -3.38965
0.968 2.99219 -3.65443
0.969 3.32833 -3.90778
0.97 3.64997 -4.14873
0.971 3.95579 -4.37641
0.972 4.24454 -4.58994
0.973 4.515 -4.78854
0.974 4.76607 -4.97147
0.975 4.9967 -5.13804
0.976 5.20591 -5.28763
0.977 5.39284 -5.41969
0.978 5.55669 -5.53373
0.979 5.69677 -5.62933
0.98 5.81248 -5.70614
0.981 5.9033 -5.76388
0.982 5.96884 -5.80234
0.983 6.0088 -5.8214
0.984 6.02297 -5.82099
0.985 6.01125 -5.80113
0.986 5.97365 -5.76192
0.987 5.91029 -5.70351
0.988 5.82138 -5.62615
0.989 5.70722 -5.53015
0.99 5.56826 -5.41589
0.991 5.40499 -5.28382
0.992 5.21805 -5.13446
0.993 5.00813 -4.96841
0.994 4.77605 -4.78631
0.995 4.52269 -4.58887
0.996 4.24905 -4.37687
0.997 3.95617 -4.15114
0.998 3.64521 -3.91254
0.999 3.31737 -3.66202
1 2.97393 -3.40055
