0.001 3.45738e-008 2.60808e-009
0.002 3.14313e-007 2.09471e-008
0.003 1.47968e-006 8.6933e-008
0.004 4.89548e-006 2.55138e-007
0.005 1.29415e-005 6.05289e-007
0.006 2.92932e-005 1.24645e-006
0.007 5.91896e-005 2.32335e-006
0.008 0.000109686 4.02521e-006
0.009 0.00018989 6.59758e-006
0.01 0.000311176 1.03574e-005
0.011 0.000487381 1.57116e-005
0.012 0.000734973 2.31799e-005
0.013 0.0010732 3.3421e-005
0.014 0.00152419 4.72641e-005
0.015 0.00211307 6.57435e-005
0.016 0.00286801 9.01389e-005
0.017 0.00382022 0.000122019
0.018 0.005004 0.000163292
0.019 0.00645668 0.000216256
0.02 0.00821852 0.000283656
0.021 0.0103327 0.000368749
0.022 0.012845 0.000475364
0.023 0.0158038 0.000607972
0.024 0.01926 0.000771757
0.025 0.0232663 0.00097269
0.026 0.0278776 0.0012176
0.027 0.03315 0.00151426
0.028 0.0391412 0.00187145
0.029 0.0459094 0.00229904
0.03 0.0535138 0.00280809
0.031 0.0620134 0.00341088
0.032 0.0714669 0.00412103
0.033 0.0819325 0.00495351
0.034 0.093467 0.00592479
0.035 0.106126 0.00705284
0.036 0.119962 0.00835719
0.037 0.135027 0.009859
0.038 0.151367 0.0115811
0.039 0.169027 0.013548
0.04 0.188046 0.0157861
0.041 0.208462 0.0183232
0.042 0.230303 0.0211891
0.043 0.253595 0.0244154
0.044 0.278358 0.0280353
0.045 0.304605 0.0320837
0.046 0.332341 0.0365972
0.047 0.361567 0.041614
0.048 0.392275 0.0471738
0.049 0.424449 0.0533178
0.05 0.458064 0.0600885
0.051 0.49309 0.0675297
0.052 0.529486 0.0756862
0.053 0.567202 0.0846038
0.054 0.606182 0.0943292
0.055 0.646359 0.10491
0.056 0.687657 0.116393
0.057 0.729993 0.128826
0.058 0.773272 0.142258
0.059 0.817395 0.156736
0.06 0.86225 0.172308
0.061 0.907719 0.189019
0.062 0.953676 0.206915
0.063 0.999987 0.226041
0.064 1.04651 0.246439
0.065 1.0931 0.268149
0.066 1.1396 0.29121
0.067 1.18584 0.315658
0.068 1.23167 0.341526
0.069 1.27691 0.368844
0.07 1.32139 0.397639
0.071 1.36493 0.427933
0.072 1.40734 0.459745
0.073 1.44845 0.49309
0.074 1.48808 0.527975
0.075 1.52603 0.564407
0.076 1.56212 0.602383
0.077 1.59617 0.641896
0.078 1.62801 0.682936
0.079 1.65745 0.725481
0.08 1.68432 0.769508
0.081 1.70846 0.814985
0.082 1.7297 0.861871
0.083 1.74789 0.910122
0.084 1.76288 0.959685
0.085 1.77453 1.0105
0.086 1.78272 1.0625
0.087 1.78732 1.1156
0.088 1.78822 1.16973
0.089 1.78534 1.22479
0.09 1.77859 1.28069
0.091 1.7679 1.33731
0.092 1.75321 1.39456
0.093 1.73448 1.4523
0.094 1.71169 1.5104
0.095 1.68482 1.56874
0.096 1.65389 1.62716
0.097 1.61891 1.68553
0.098 1.57993 1.74369
0.099 1.537 1.80147
0.1 1.49019 1.85871
0.101 1.43959 1.91524
0.102 1.38531 1.97088
0.103 1.32748 2.02545
0.104 1.26624 2.07877
0.105 1.20175 2.13065
0.106 1.13417 2.1809
0.107 1.06371 2.22933
0.108 0.990574 2.27575
0.109 0.914975 2.31995
0.11 0.837154 2.36176
0.111 0.75736 2.40097
0.112 0.675855 2.43739
0.113 0.592916 2.47083
0.114 0.508827 2.50112
0.115 0.423885 2.52805
0.116 0.338394 2.55146
0.117 0.252668 2.57118
0.118 0.167026 2.58702
0.119 0.0817927 2.59885
0.12 -0.00270153 2.60649
0.121 -0.0861247 2.60982
0.122 -0.168143 2.60868
0.123 -0.248422 2.60297
0.124 -0.32663 2.59256
0.125 -0.402435 2.57735
0.126 -0.475513 2.55725
0.127 -0.545542 2.53219
0.128 -0.61221 2.50209
0.129 -0.675211 2.46691
0.13 -0.73425 2.4266
0.131 -0.789044 2.38116
0.132 -0.839322 2.33058
0.133 -0.884827 2.27485
0.134 -0.925317 2.21402
0.135 -0.960569 2.14812
0.136 -0.990374 2.07721
0.137 -1.01455 2.00138
0.138 -1.03292 1.92071
0.139 -1.04534 1.83531
0.14 -1.0517 1.74532
0.141 -1.05188 1.65088
0.142 -1.04581 1.55216
0.143 -1.03344 1.44933
0.144 -1.01475 1.3426
0.145 -0.989723 1.23217
0.146 -0.958393 1.11827
0.147 -0.92081 1.00116
0.148 -0.877051 0.88109
0.149 -0.827221 0.758334
0.15 -0.771453 0.633182
0.151 -0.709902 0.505937
0.152 -0.642755 0.376912
0.153 -0.570221 0.246433
0.154 -0.492536 0.114836
0.155 -0.409961 -0.017533
0.156 -0.32278 -0.15032
0.157 -0.231302 -0.283163
0.158 -0.135858 -0.415694
0.159 -0.0368001 -0.547538
0.16 0.0655001 -0.678319
0.161 0.170651 -0.807655
0.162 0.278244 -0.935165
0.163 0.387853 -1.06047
0.164 0.499039 -1.18318
0.165 0.611348 -1.30292
0.166 0.724317 -1.41932
0.167 0.837471 -1.53201
0.168 0.950329 -1.64062
0.169 1.0624 -1.74479
0.17 1.1732 -1.84419
0.171 1.28223 -1.93847
0.172 1.38899 -2.02732
0.173 1.493 -2.11042
0.174 1.59376 -2.18747
0.175 1.6908 -2.25821
0.176 1.78364 -2.32235
0.177 1.87181 -2.37967
0.178 1.95487 -2.42992
0.179 2.03237 -2.47292
0.18 2.1039 -2.50847
0.181 2.16906 -2.53642
0.182 2.22745 -2.55662
0.183 2.27872 -2.56896
0.184 2.32253 -2.57336
0.185 2.35856 -2.56975
0.186 2.38654 -2.55809
0.187 2.40619 -2.53837
0.188 2.4173 -2.51061
0.189 2.41966 -2.47484
0.19 2.41311 -2.43115
0.191 2.39752 -2.37963
0.192 2.37279 -2.32039
0.193 2.33885 -2.25361
0.194 2.29568 -2.17945
0.195 2.24329 -2.09812
0.196 2.18171 -2.00985
0.197 2.11103 -1.91491
0.198 2.03136 -1.81357
0.199 1.94287 -1.70616
0.2 1.84574 -1.59299
0.201 1.74019 -1.47443
0.202 1.6265 -1.35084
0.203 1.50495 -1.22264
0.204 1.37589 -1.09024
0.205 1.23966 -0.954077
0.206 1.09668 -0.814599
0.207 0.947361 -0.672277
0.208 0.792169 -0.527596
0.209 0.631585 -0.381051
0.21 0.466121 -0.233147
0.211 0.296311 -0.0844006
0.212 0.122715 0.0646652
0.213 -0.0540906 0.213522
0.214 -0.233507 0.361637
0.215 -0.414922 0.508475
0.216 -0.597708 0.653503
0.217 -0.781226 0.796187
0.218 -0.964827 0.935998
0.219 -1.14786 1.07241
0.22 -1.32966 1.20491
0.221 -1.50956 1.333
0.222 -1.68692 1.45617
0.223 -1.86107 1.57394
0.224 -2.03136 1.68585
0.225 -2.19715 1.79145
0.226 -2.35782 1.8903
0.227 -2.51274 1.982
0.228 -2.66132 2.06615
0.229 -2.80297 2.14239
0.23 -2.93715 2.21038
0.231 -3.0633 2.2698
0.232 -3.18094 2.32038
0.233 -3.28958 2.36184
0.234 -3.38876 2.39396
0.235 -3.47808 2.41656
0.236 -3.55715 2.42945
0.237 -3.62562 2.43252
0.238 -3.6832 2.42566
0.239 -3.72961 2.40881
0.24 -3.76463 2.38194
0.241 -3.78806 2.34506
0.242 -3.79978 2.29822
0.243 -3.79969 2.24148
0.244 -3.78772 2.17496
0.245 -3.76388 2.09881
0.246 -3.7282 2.01321
0.247 -3.68077 1.91839
0.248 -3.62172 1.81458
0.249 -3.55122 1.70207
0.25 -3.46949 1.58119
0.251 -3.3768 1.45227
0.252 -3.27346 1.3157
0.253 -3.15982 1.17189
0.254 -3.03627 1.02126
0.255 -2.90325 0.864291
0.256 -2.76123 0.701456
0.257 -2.61073 0.53327
0.258 -2.45229 0.360264
0.259 -2.28649 0.182989
0.26 -2.11394 0.00201562
0.261 -1.93528 -0.182072
0.262 -1.75119 -0.368674
0.263 -1.56236 -0.55718
0.264 -1.36949 -0.746969
0.265 -1.17333 -0.937412
0.266 -0.974627 -1.12788
0.267 -0.774142 -1.31773
0.268 -0.572651 -1.50633
0.269 -0.370936 -1.69304
0.27 -0.169784 -1.87724
0.271 0.0300177 -2.0583
0.272 0.227683 -2.23559
0.273 0.42243 -2.40853
0.274 0.613487 -2.57651
0.275 0.800092 -2.73895
0.276 0.981496 -2.89531
0.277 1.15697 -3.04503
0.278 1.3258 -3.1876
0.279 1.48731 -3.32253
0.28 1.64083 -3.44935
0.281 1.78573 -3.56761
0.282 1.92142 -3.6769
0.283 2.04732 -3.77684
0.284 2.1629 -3.86708
0.285 2.26769 -3.9473
0.286 2.36122 -4.01722
0.287 2.4431 -4.0766
0.288 2.51295 -4.12522
0.289 2.57048 -4.16291
0.29 2.6154 -4.18953
0.291 2.64751 -4.205
0.292 2.66664 -4.20925
0.293 2.67267 -4.20228
0.294 2.66554 -4.1841
0.295 2.64524 -4.15478
0.296 2.61181 -4.11441
0.297 2.56534 -4.06315
0.298 2.50599 -4.00118
0.299 2.43396 -3.92871
0.3 2.34949 -3.84599
0.301 2.2529 -3.75333
0.302 2.14453 -3.65106
0.303 2.02479 -3.53952
0.304 1.89413 -3.41913
0.305 1.75304 -3.2903
0.306 1.60207 -3.1535
0.307 1.44179 -3.0092
0.308 1.27283 -2.85793
0.309 1.09586 -2.70021
0.31 0.911552 -2.53661
0.311 0.72065 -2.3677
0.312 0.523906 -2.19409
0.313 0.322106 -2.01638
0.314 0.116056 -1.8352
0.315 -0.0934152 -1.6512
0.316 -0.305462 -1.46501
0.317 -0.519224 -1.27729
0.318 -0.733832 -1.0887
0.319 -0.948409 -0.899895
0.32 -1.16207 -0.711538
0.321 -1.37394 -0.52428
0.322 -1.58315 -0.338769
0.323 -1.78881 -0.155646
0.324 -1.99007 0.0244609
0.325 -2.18608 0.200937
0.326 -2.37602 0.373183
0.327 -2.55909 0.540617
0.328 -2.73449 0.702678
0.329 -2.90147 0.858827
0.33 -3.05931 1.00855
0.331 -3.20732 1.15136
0.332 -3.34484 1.2868
0.333 -3.47127 1.41443
0.334 -3.58602 1.53387
0.335 -3.68858 1.64474
0.336 -3.77846 1.74672
0.337 -3.85523 1.83951
0.338 -3.91852 1.92285
0.339 -3.96798 1.99654
0.34 -4.00336 2.06038
0.341 -4.02443 2.11423
0.342 -4.03104 2.158
0.343 -4.02307 2.19163
0.344 -4.00048 2.21509
0.345 -3.96329 2.2284
0.346 -3.91157 2.23163
0.347 -3.84545 2.22488
0.348 -3.76511 2.20828
0.349 -3.67081 2.18201
0.35 -3.56284 2.1463
0.351 -3.44157 2.1014
0.352 -3.3074 2.04759
0.353 -3.16081 1.98521
0.354 -3.0023 1.91461
0.355 -2.83246 1.83618
0.356 -2.65189 1.75034
0.357 -2.46125 1.65755
0.358 -2.26125 1.55828
0.359 -2.05262 1.45304
0.36 -1.83615 1.34234
0.361 -1.61264 1.22674
0.362 -1.38293 1.10679
0.363 -1.14791 0.983077
0.364 -0.908457 0.856192
0.365 -0.665489 0.726738
0.366 -0.419937 0.595329
0.367 -0.172743 0.462583
0.368 0.0751408 0.329121
0.369 0.322756 0.195567
0.37 0.569145 0.0625425
0.371 0.813351 -0.0693362
0.372 1.05442 -0.199458
0.373 1.29143 -0.327223
0.374 1.52343 -0.452042
0.375 1.74953 -0.573339
0.376 1.96885 -0.690556
0.377 2.18051 -0.803155
0.378 2.3837 -0.910616
0.379 2.57761 -1.01245
0.38 2.76148 -1.10817
0.381 2.9346 -1.19736
0.382 3.09626 -1.27959
0.383 3.24585 -1.35448
0.384 3.38278 -1.42169
0.385 3.5065 -1.48089
0.386 3.61653 -1.53181
0.387 3.71245 -1.5742
0.388 3.79387 -1.60786
0.389 3.86048 -1.63262
0.39 3.91203 -1.64836
0.391 3.94833 -1.65497
0.392 3.96924 -1.65242
0.393 3.97469 -1.64069
0.394 3.96467 -1.61982
0.395 3.93924 -1.58988
0.396 3.89853 -1.55097
0.397 3.84272 -1.50325
0.398 3.77205 -1.4469
0.399 3.68682 -1.38217
0.4 3.58741 -1.30929
0.401 3.47425 -1.22859
0.402 3.34781 -1.14039
0.403 3.20865 -1.04506
0.404 3.05734 -0.942992
0.405 2.89454 -0.834624
0.406 2.72093 -0.720411
0.407 2.53727 -0.600835
0.408 2.34433 -0.476402
0.409 2.14293 -0.347644
0.41 1.93393 -0.215107
0.411 1.71823 -0.0793585
0.412 1.49675 0.0590209
0.413 1.27043 0.199438
0.414 1.04025 0.341288
0.415 0.807195 0.483963
0.416 0.572264 0.626846
0.417 0.336471 0.769319
0.418 0.100835 0.910768
0.419 -0.133624 1.05058
0.42 -0.36589 1.18814
0.421 -0.594953 1.32286
0.422 -0.819812 1.45415
0.423 -1.03948 1.58143
0.424 -1.25301 1.70414
0.425 -1.45943 1.82176
0.426 -1.65785 1.93376
0.427 -1.84738 2.03964
0.428 -2.02717 2.13894
0.429 -2.19642 2.23122
0.43 -2.35434 2.31607
0.431 -2.50023 2.3931
0.432 -2.63341 2.46198
0.433 -2.75326 2.52238
0.434 -2.85921 2.57404
0.435 -2.95074 2.61672
0.436 -3.02741 2.65022
0.437 -3.08882 2.67437
0.438 -3.13465 2.68907
0.439 -3.16463 2.69423
0.44 -3.17856 2.68982
0.441 -3.17631 2.67584
0.442 -3.15782 2.65235
0.443 -3.12309 2.61942
0.444 -3.07218 2.57721
0.445 -3.00525 2.52587
0.446 -2.9225 2.46563
0.447 -2.82421 2.39673
0.448 -2.7107 2.31947
0.449 -2.5824 2.23418
0.45 -2.43977 2.14123
0.451 -2.28333 2.04102
0.452 -2.11369 1.93398
0.453 -1.93149 1.82059
0.454 -1.73743 1.70134
0.455 -1.53227 1.57675
0.456 -1.31681 1.44738
0.457 -1.09191 1.3138
0.458 -0.858452 1.1766
0.459 -0.61738 1.03641
0.46 -0.369658 0.893847
0.461 -0.116288 0.749555
0.462 0.141702 0.604191
0.463 0.403261 0.458414
0.464 0.667318 0.312892
0.465 0.932786 0.168293
0.466 1.19857 0.0252851
0.467 1.46357 -0.115467
0.468 1.72667 -0.253305
0.469 1.98679 -0.387582
0.47 2.24282 -0.517659
0.471 2.49369 -0.642917
0.472 2.73832 -0.762751
0.473 2.97569 -0.876578
0.474 3.20477 -0.983838
0.475 3.42457 -1.084
0.476 3.63414 -1.17655
0.477 3.83256 -1.26101
0.478 4.01896 -1.33694
0.479 4.19252 -1.40394
0.48 4.35244 -1.46163
0.481 4.49802 -1.50967
0.482 4.62856 -1.54777
0.483 4.74347 -1.57567
0.484 4.8422 -1.59317
0.485 4.92424 -1.60011
0.486 4.98919 -1.59635
0.487 5.0367 -1.58182
0.488 5.06647 -1.5565
0.489 5.0783 -1.5204
0.49 5.07204 -1.47359
0.491 5.04764 -1.41617
0.492 5.00509 -1.34831
0.493 4.94448 -1.27021
0.494 4.86596 -1.18212
0.495 4.76976 -1.08433
0.496 4.65618 -0.977184
0.497 4.52559 -0.861066
0.498 4.37844 -0.736399
0.499 4.21523 -0.603646
0.5 4.03655 -0.463311
0.501 3.84303 -0.315933
0.502 3.63539 -0.162084
0.503 3.41438 -0.00237232
0.504 3.18084 0.162567
0.505 2.93562 0.33207
0.506 2.67967 0.505447
0.507 2.41396 0.681987
0.508 2.13949 0.860959
0.509 1.85732 1.04162
0.51 1.56855 1.2232
0.511 1.27428 1.40493
0.512 0.975673 1.58603
0.513 0.673885 1.76572
0.514 0.370101 1.94321
0.515 0.065516 2.11772
0.516 -0.238669 2.28848
0.517 -0.541251 2.4547
0.518 -0.841029 2.61565
0.519 -1.13681 2.77056
0.52 -1.42741 2.91872
0.521 -1.71167 3.05943
0.522 -1.98845 3.192
0.523 -2.25664 3.31579
0.524 -2.51514 3.43016
0.525 -2.76292 3.53453
0.526 -2.99897 3.62835
0.527 -3.22233 3.7111
0.528 -3.43209 3.7823
0.529 -3.62738 3.84151
0.53 -3.8074 3.88835
0.531 -3.9714 3.92247
0.532 -4.11872 3.94357
0.533 -4.24872 3.95141
0.534 -4.36086 3.94579
0.535 -4.45467 3.92655
0.536 -4.52974 3.89362
0.537 -4.58575 3.84695
0.538 -4.62243 3.78655
0.539 -4.63963 3.71249
0.54 -4.63723 3.6249
0.541 -4.61523 3.52394
0.542 -4.57369 3.40986
0.543 -4.51275 3.28292
0.544 -4.43263 3.14347
0.545 -4.33364 2.9919
0.546 -4.21614 2.82862
0.547 -4.0806 2.65414
0.548 -3.92755 2.46899
0.549 -3.75758 2.27372
0.55 -3.57136 2.06898
0.551 -3.36964 1.85541
0.552 -3.15322 1.63371
0.553 -2.92297 1.40462
0.554 -2.6798 1.1689
0.555 -2.42471 0.927355
0.556 -2.15873 0.680802
0.557 -1.88292 0.430093
0.558 -1.59842 0.176097
0.559 -1.30638 -0.0802981
0.56 -1.008 -0.338191
0.561 -0.704499 -0.596669
0.562 -0.397128 -0.854811
0.563 -0.0871516 -1.11169
0.564 0.224148 -1.36639
0.565 0.535481 -1.61799
0.566 0.845554 -1.86557
0.567 1.15307 -2.10822
0.568 1.45675 -2.34507
0.569 1.75532 -2.57523
0.57 2.04751 -2.79786
0.571 2.3321 -3.01213
0.572 2.60787 -3.21725
0.573 2.87365 -3.41244
0.574 3.1283 -3.59697
0.575 3.37073 -3.77015
0.576 3.59988 -3.93133
0.577 3.81474 -4.07988
0.578 4.01438 -4.21524
0.579 4.19792 -4.33689
0.58 4.36451 -4.44437
0.581 4.51341 -4.53725
0.582 4.64393 -4.61516
0.583 4.75544 -4.6778
0.584 4.84741 -4.72492
0.585 4.91937 -4.75631
0.586 4.97094 -4.77185
0.587 5.00181 -4.77145
0.588 5.01175 -4.7551
0.589 5.00064 -4.72285
0.59 4.96841 -4.67479
0.591 4.9151 -4.61109
0.592 4.84081 -4.53198
0.593 4.74576 -4.43773
0.594 4.63022 -4.32869
0.595 4.49457 -4.20525
0.596 4.33924 -4.06787
0.597 4.16478 -3.91706
0.598 3.97178 -3.75337
0.599 3.76094 -3.5774
0.6 3.533 -3.38983
0.601 3.2888 -3.19135
0.602 3.02923 -2.98271
0.603 2.75524 -2.76469
0.604 2.46787 -2.53812
0.605 2.16818 -2.30385
0.606 1.8573 -2.06277
0.607 1.53641 -1.8158
0.608 1.20673 -1.56387
0.609 0.869504 -1.30795
0.61 0.526033 -1.04901
0.611 0.177634 -0.788044
0.612 -0.174353 -0.526049
0.613 -0.528569 -0.264029
0.614 -0.883641 -0.0029916
0.615 -1.23819 0.25606
0.616 -1.59084 0.512128
0.617 -1.94022 0.764225
0.618 -2.28495 1.01138
0.619 -2.62369 1.25263
0.62 -2.95511 1.48705
0.621 -3.2779 1.71372
0.622 -3.5908 1.93177
0.623 -3.89257 2.14034
0.624 -4.182 2.33862
0.625 -4.45797 2.52585
0.626 -4.71936 2.70128
0.627 -4.96513 2.86422
0.628 -5.19432 3.01404
0.629 -5.40599 3.15015
0.63 -5.59929 3.272
0.631 -5.77346 3.37911
0.632 -5.92778 3.47105
0.633 -6.06163 3.54746
0.634 -6.17446 3.60802
0.635 -6.2658 3.65248
0.636 -6.33528 3.68066
0.637 -6.3826 3.69242
0.638 -6.40755 3.68771
0.639 -6.41002 3.66653
0.64 -6.38997 3.62894
0.641 -6.34746 3.57508
0.642 -6.28264 3.50513
0.643 -6.19574 3.41935
0.644 -6.0871 3.31804
0.645 -5.95711 3.2016
0.646 -5.80628 3.07045
0.647 -5.63519 2.92508
0.648 -5.44449 2.76604
0.649 -5.23492 2.59394
0.65 -5.0073 2.40941
0.651 -4.76251 2.21315
0.652 -4.5015 2.00593
0.653 -4.2253 1.78851
0.654 -3.93499 1.56173
0.655 -3.6317 1.32645
0.656 -3.31662 1.08357
0.657 -2.991 0.834009
0.658 -2.65612 0.57873
0.659 -2.31329 0.318703
0.66 -1.96386 0.0549223
0.661 -1.60921 -0.211603
0.662 -1.25075 -0.479853
0.663 -0.88988 -0.748802
0.664 -0.528037 -1.01742
0.665 -0.166646 -1.28468
0.666 0.192861 -1.54956
0.667 0.549062 -1.81104
0.668 0.900548 -2.06812
0.669 1.24593 -2.31982
0.67 1.58383 -2.56518
0.671 1.91292 -2.80326
0.672 2.2319 -3.03314
0.673 2.5395 -3.25395
0.674 2.8345 -3.46484
0.675 3.11573 -3.66502
0.676 3.38209 -3.85371
0.677 3.63252 -4.0302
0.678 3.86602 -4.19382
0.679 4.08168 -4.34395
0.68 4.27865 -4.48001
0.681 4.45615 -4.6015
0.682 4.61348 -4.70795
0.683 4.75003 -4.79897
0.684 4.86527 -4.87422
0.685 4.95874 -4.93342
0.686 5.0301 -4.97636
0.687 5.07906 -5.00288
0.688 5.10546 -5.01289
0.689 5.1092 -5.00638
0.69 5.09028 -4.98337
0.691 5.04881 -4.94397
0.692 4.98497 -4.88835
0.693 4.89903 -4.81674
0.694 4.79136 -4.72942
0.695 4.66243 -4.62675
0.696 4.51276 -4.50914
0.697 4.34298 -4.37705
0.698 4.15381 -4.23101
0.699 3.94603 -4.0716
0.7 3.7205 -3.89943
0.701 3.47816 -3.71519
0.702 3.22001 -3.5196
0.703 2.94712 -3.31342
0.704 2.66062 -3.09745
0.705 2.3617 -2.87254
0.706 2.05158 -2.63955
0.707 1.73156 -2.39939
0.708 1.40296 -2.15299
0.709 1.06713 -1.9013
0.71 0.725466 -1.64528
0.711 0.379385 -1.38593
0.712 0.0303183 -1.12423
0.713 -0.320288 -0.861188
0.714 -0.670981 -0.597804
0.715 -1.0203 -0.33508
0.716 -1.36681 -0.0740134
0.717 -1.70905 0.18441
0.718 -2.0456 0.439216
0.719 -2.37507 0.689448
0.72 -2.69608 0.934172
0.721 -3.00728 1.17248
0.722 -3.30738 1.40348
0.723 -3.59511 1.62634
0.724 -3.86927 1.84022
0.725 -4.1287 2.04437
0.726 -4.37231 2.23804
0.727 -4.59905 2.42054
0.728 -4.80797 2.59124
0.729 -4.99817 2.74953
0.73 -5.16883 2.89487
0.731 -5.31922 3.02679
0.732 -5.44867 3.14484
0.733 -5.55661 3.24866
0.734 -5.64255 3.33793
0.735 -5.70609 3.41239
0.736 -5.74693 3.47186
0.737 -5.76485 3.5162
0.738 -5.75972 3.54534
0.739 -5.73151 3.55928
0.74 -5.6803 3.55808
0.741 -5.60623 3.54185
0.742 -5.50956 3.51077
0.743 -5.39062 3.46509
0.744 -5.24985 3.4051
0.745 -5.08776 3.33116
0.746 -4.90498 3.24369
0.747 -4.70218 3.14316
0.748 -4.48014 3.0301
0.749 -4.23972 2.90506
0.75 -3.98184 2.76868
0.751 -3.70749 2.62163
0.752 -3.41776 2.46462
0.753 -3.11376 2.29839
0.754 -2.79668 2.12373
0.755 -2.46776 1.94147
0.756 -2.12831 1.75245
0.757 -1.77964 1.55755
0.758 -1.42314 1.35766
0.759 -1.0602 1.15372
0.76 -0.692269 0.946647
0.761 -0.32079 0.737389
0.762 0.0527633 0.526897
0.763 0.426914 0.316128
0.764 0.80018 0.106034
0.765 1.17108 -0.102433
0.766 1.53815 -0.308334
0.767 1.89992 -0.510739
0.768 2.25497 -0.708736
0.769 2.60188 -0.901433
0.77 2.93928 -1.08796
0.771 3.26582 -1.26748
0.772 3.58021 -1.43918
0.773 3.8812 -1.60229
0.774 4.16761 -1.75607
0.775 4.43828 -1.89982
0.776 4.69215 -2.03289
0.777 4.92821 -2.15466
0.778 5.14554 -2.2646
0.779 5.34326 -2.36217
0.78 5.52061 -2.44694
0.781 5.67688 -2.5185
0.782 5.81146 -2.57651
0.783 5.92383 -2.62069
0.784 6.01356 -2.65082
0.785 6.08029 -2.66672
0.786 6.12379 -2.6683
0.787 6.1439 -2.65551
0.788 6.14055 -2.62838
0.789 6.11378 -2.58698
0.79 6.06372 -2.53147
0.791 5.9906 -2.46204
0.792 5.89473 -2.37896
0.793 5.77652 -2.28256
0.794 5.63648 -2.1732
0.795 5.4752 -2.05134
0.796 5.29334 -1.91745
0.797 5.09169 -1.77208
0.798 4.87107 -1.61583
0.799 4.63241 -1.44933
0.8 4.3767 -1.27327
0.801 4.105 -1.08838
0.802 3.81845 -0.895413
0.803 3.51822 -0.695178
0.804 3.20558 -0.488508
0.805 2.88181 -0.276264
0.806 2.54826 -0.0593351
0.807 2.20631 0.16137
0.808 1.85738 0.384924
0.809 1.50291 0.610385
0.81 1.14438 0.836802
0.811 0.783281 1.06322
0.812 0.421101 1.28867
0.813 0.0593471 1.51221
0.814 -0.300477 1.73288
0.815 -0.656876 1.94973
0.816 -1.00837 2.16185
0.817 -1.35349 2.36832
0.818 -1.69081 2.56825
0.819 -2.01891 2.76078
0.82 -2.33643 2.94507
0.821 -2.64205 3.12033
0.822 -2.93447 3.28578
0.823 -3.21249 3.44071
0.824 -3.47493 3.58443
0.825 -3.72068 3.7163
0.826 -3.94872 3.83573
0.827 -4.15808 3.94217
0.828 -4.34787 4.03515
0.829 -4.51729 4.11423
0.83 -4.6656 4.17904
0.831 -4.79218 4.22925
0.832 -4.89646 4.26461
0.833 -4.978 4.28493
0.834 -5.03642 4.29008
0.835 -5.07146 4.27997
0.836 -5.08295 4.25461
0.837 -5.07079 4.21406
0.838 -5.03502 4.15842
0.839 -4.97574 4.08789
0.84 -4.89317 4.0027
0.841 -4.78762 3.90317
0.842 -4.6595 3.78966
0.843 -4.50929 3.6626
0.844 -4.33759 3.52246
0.845 -4.14507 3.36979
0.846 -3.9325 3.20518
0.847 -3.70073 3.02927
0.848 -3.45067 2.84275
0.849 -3.18335 2.64636
0.85 -2.89982 2.44088
0.851 -2.60123 2.22711
0.852 -2.2888 2.00593
0.853 -1.96378 1.77822
0.854 -1.6275 1.54489
0.855 -1.28131 1.30688
0.856 -0.926646 1.06517
0.857 -0.564938 0.820732
0.858 -0.197666 0.574563
0.859 0.173664 0.327669
0.86 0.547532 0.0810621
0.861 0.922401 -0.164246
0.862 1.29673 -0.407245
0.863 1.66897 -0.646932
0.864 2.0376 -0.882313
0.865 2.40108 -1.11241
0.866 2.75791 -1.33627
0.867 3.10661 -1.55296
0.868 3.44573 -1.76156
0.869 3.77384 -1.96121
0.87 4.08959 -2.15105
0.871 4.39164 -2.33029
0.872 4.67872 -2.49816
0.873 4.94962 -2.65394
0.874 5.20318 -2.79697
0.875 5.43834 -2.92661
0.876 5.65407 -3.04232
0.877 5.84944 -3.14357
0.878 6.02361 -3.22991
0.879 6.17581 -3.30095
0.88 6.30536 -3.35636
0.881 6.41166 -3.39587
0.882 6.49422 -3.41928
0.883 6.55265 -3.42645
0.884 6.58662 -3.4173
0.885 6.59595 -3.39184
0.886 6.58051 -3.35013
0.887 6.54031 -3.29228
0.888 6.47543 -3.21851
0.889 6.38606 -3.12907
0.89 6.27249 -3.02428
0.891 6.13511 -2.90454
0.892 5.97441 -2.7703
0.893 5.79096 -2.62208
0.894 5.58543 -2.46044
0.895 5.35857 -2.28601
0.896 5.11125 -2.09949
0.897 4.84438 -1.9016
0.898 4.55898 -1.69312
0.899 4.25613 -1.4749
0.9 3.93699 -1.24779
0.901 3.60278 -1.01272
0.902 3.25479 -0.770627
0.903 2.89436 -0.522494
0.904 2.52288 -0.269328
0.905 2.14179 -0.0121605
0.906 1.75257 0.247956
0.907 1.35675 0.509955
0.908 0.955844 0.772758
0.909 0.551435 1.03528
0.91 0.1451 1.29642
0.911 -0.261573 1.55511
0.912 -0.666991 1.81025
0.913 -1.06957 2.06078
0.914 -1.46772 2.30564
0.915 -1.85988 2.54379
0.916 -2.24452 2.77421
0.917 -2.62012 2.99592
0.918 -2.9852 3.20796
0.919 -3.33832 3.4094
0.92 -3.67811 3.59937
0.921 -4.00321 3.77702
0.922 -4.31235 3.94155
0.923 -4.60432 4.09223
0.924 -4.87795 4.22835
0.925 -5.13218 4.34928
0.926 -5.36601 4.45443
0.927 -5.57851 4.5433
0.928 -5.76885 4.61541
0.929 -5.93629 4.67038
0.93 -6.08016 4.70788
0.931 -6.19991 4.72764
0.932 -6.29508 4.72949
0.933 -6.36529 4.7133
0.934 -6.41027 4.67901
0.935 -6.42987 4.62666
0.936 -6.42402 4.55633
0.937 -6.39275 4.46818
0.938 -6.3362 4.36245
0.939 -6.25461 4.23944
0.94 -6.14833 4.09952
0.941 -6.01779 3.94313
0.942 -5.86353 3.77077
0.943 -5.68619 3.58301
0.944 -5.48649 3.38048
0.945 -5.26524 3.16386
0.946 -5.02336 2.93391
0.947 -4.76182 2.69141
0.948 -4.48169 2.43723
0.949 -4.18411 2.17225
0.95 -3.8703 1.89742
0.951 -3.54153 1.61373
0.952 -3.19913 1.32218
0.953 -2.84451 1.02384
0.954 -2.47911 0.719783
0.955 -2.10441 0.411113
0.956 -1.72193 0.0989581
0.957 -1.33325 -0.21554
0.958 -0.939927 -0.531228
0.959 -0.54358 -0.846946
0.96 -0.145821 -1.16153
0.961 0.251729 -1.47382
0.962 0.647446 -1.78266
0.963 1.03971 -2.0869
0.964 1.42693 -2.38543
0.965 1.80752 -2.67713
0.966 2.17991 -2.96091
0.967 2.54259 -3.23573
0.968 2.89406 -3.50056
0.969 3.23288 -3.75441
0.97 3.55766 -3.99635
0.971 3.86706 -4.22546
0.972 4.15981 -4.4409
0.973 4.43469 -4.64186
0.974 4.69057 -4.82761
0.975 4.92638 -4.99744
0.976 5.14113 -5.15073
0.977 5.33394 -5.28692
0.978 5.50398 -5.4055
0.979 5.65054 -5.50604
0.98 5.77299 -5.58817
0.981 5.8708 -5.6516
0.982 5.94353 -5.69609
0.983 5.99086 -5.72151
0.984 6.01255 -5.72777
0.985 6.00848 -5.71487
0.986 5.97863 -5.68287
0.987 5.92307 -5.63191
0.988 5.84199 -5.56221
0.989 5.73568 -5.47405
0.99 5.60451 -5.36778
0.991 5.44898 -5.24384
0.992 5.26968 -5.10272
0.993 5.06728 -4.94497
0.994 4.84256 -4.77122
0.995 4.59638 -4.58215
0.996 4.32969 -4.3785
0.997 4.04353 -4.16107
0.998 3.739 -3.93071
0.999 3.4173 -3.68833
1 3.07968 -3.43486
