0.001 2.48806e-008 9.73674e-010
0.002 2.36965e-007 7.84872e-009
0.003 1.16173e-006 3.277e-008
0.004 3.97478e-006 9.70733e-008
0.005 1.07958e-005 2.33379e-007
0.006 2.49741e-005 4.89237e-007
0.007 5.13618e-005 9.32787e-007
0.008 9.6574e-005 1.66085e-006
0.009 0.000169232 2.80989e-006
0.01 0.000280188 4.5702e-006
0.011 0.000442729 7.2036e-006
0.012 0.000672755 1.10651e-005
0.013 0.000988939 1.66287e-005
0.014 0.00141285 2.4517e-005
0.015 0.00196907 3.55366e-005
0.016 0.00268523 5.07161e-005
0.017 0.00359208 7.13508e-005
0.018 0.00472351 9.90505e-005
0.019 0.00611649 0.000135792
0.02 0.00781102 0.000183978
0.021 0.00985006 0.000246497
0.022 0.0122794 0.000326787
0.023 0.0151475 0.000428911
0.024 0.0185052 0.000557621
0.025 0.0224058 0.00071844
0.026 0.0269044 0.000917735
0.027 0.0320579 0.0011628
0.028 0.0379246 0.00146193
0.029 0.0445639 0.00182451
0.03 0.0520358 0.00226109
0.031 0.0604006 0.00278347
0.032 0.0697186 0.00340477
0.033 0.0800495 0.00413952
0.034 0.0914519 0.00500371
0.035 0.103983 0.00601489
0.036 0.117698 0.00719219
0.037 0.132651 0.00855643
0.038 0.14889 0.0101301
0.039 0.166463 0.0119375
0.04 0.185411 0.0140047
0.041 0.205775 0.0163596
0.042 0.227586 0.0190318
0.043 0.250873 0.022053
0.044 0.275658 0.0254564
0.045 0.301958 0.0292773
0.046 0.329781 0.0335526
0.047 0.359131 0.0383209
0.048 0.390001 0.0436226
0.049 0.42238 0.0494996
0.05 0.456245 0.0559952
0.051 0.491569 0.0631543
0.052 0.528312 0.0710229
0.053 0.566429 0.0796482
0.054 0.605864 0.0890782
0.055 0.646553 0.0993619
0.056 0.688421 0.110549
0.057 0.731386 0.122689
0.058 0.775356 0.135832
0.059 0.820231 0.150028
0.06 0.8659 0.165328
0.061 0.912246 0.18178
0.062 0.959142 0.199432
0.063 1.00645 0.218332
0.064 1.05404 0.238525
0.065 1.10174 0.260056
0.066 1.14941 0.282967
0.067 1.19689 0.307296
0.068 1.244 0.333082
0.069 1.29057 0.360358
0.07 1.33642 0.389155
0.071 1.38137 0.419498
0.072 1.42524 0.451412
0.073 1.46783 0.484914
0.074 1.50895 0.520018
0.075 1.54843 0.556732
0.076 1.58605 0.59506
0.077 1.62165 0.634998
0.078 1.65502 0.676539
0.079 1.68599 0.719667
0.08 1.71438 0.764362
0.081 1.74 0.810594
0.082 1.7627 0.858328
0.083 1.7823 0.907523
0.084 1.79865 0.958127
0.085 1.8116 1.01008
0.086 1.82102 1.06333
0.087 1.82678 1.11778
0.088 1.82876 1.17337
0.089 1.82685 1.23
0.09 1.82097 1.28758
0.091 1.81104 1.346
0.092 1.79699 1.40514
0.093 1.77877 1.46489
0.094 1.75635 1.52512
0.095 1.72972 1.58568
0.096 1.69887 1.64645
0.097 1.66381 1.70725
0.098 1.62459 1.76795
0.099 1.58125 1.82837
0.1 1.53386 1.88834
0.101 1.48251 1.94769
0.102 1.4273 2.00623
0.103 1.36835 2.06378
0.104 1.30581 2.12015
0.105 1.23983 2.17514
0.106 1.17059 2.22855
0.107 1.09828 2.28019
0.108 1.0231 2.32985
0.109 0.945296 2.37732
0.11 0.865091 2.42241
0.111 0.782745 2.46491
0.112 0.698527 2.50461
0.113 0.612718 2.54132
0.114 0.525612 2.57483
0.115 0.437515 2.60495
0.116 0.34874 2.63148
0.117 0.259613 2.65425
0.118 0.170465 2.67306
0.119 0.0816331 2.68775
0.12 -0.00653873 2.69815
0.121 -0.0937039 2.70409
0.122 -0.179513 2.70543
0.123 -0.263616 2.70203
0.124 -0.345664 2.69376
0.125 -0.425309 2.6805
0.126 -0.502207 2.66215
0.127 -0.57602 2.63861
0.128 -0.646415 2.60981
0.129 -0.713068 2.57567
0.13 -0.775666 2.53616
0.131 -0.833905 2.49124
0.132 -0.887494 2.44088
0.133 -0.936158 2.38509
0.134 -0.979637 2.32388
0.135 -1.01769 2.25729
0.136 -1.05008 2.18537
0.137 -1.07661 2.10818
0.138 -1.0971 2.02581
0.139 -1.11137 1.93837
0.14 -1.1193 1.84598
0.141 -1.12076 1.74879
0.142 -1.11567 1.64695
0.143 -1.10395 1.54064
0.144 -1.08556 1.43006
0.145 -1.06051 1.31542
0.146 -1.02879 1.19696
0.147 -0.990449 1.07493
0.148 -0.945565 0.949585
0.149 -0.894233 0.821213
0.15 -0.83658 0.69011
0.151 -0.772762 0.556588
0.152 -0.702962 0.420972
0.153 -0.627393 0.283601
0.154 -0.546292 0.144824
0.155 -0.459925 0.0050034
0.156 -0.368583 -0.135489
0.157 -0.272584 -0.276272
0.158 -0.172268 -0.416959
0.159 -0.0679993 -0.557153
0.16 0.0398359 -0.696455
0.161 0.15083 -0.834459
0.162 0.264558 -0.970759
0.163 0.380573 -1.10495
0.164 0.498415 -1.23661
0.165 0.617609 -1.36535
0.166 0.737665 -1.49075
0.167 0.858084 -1.61242
0.168 0.978356 -1.72996
0.169 1.09797 -1.84299
0.17 1.21639 -1.95113
0.171 1.3331 -2.054
0.172 1.44758 -2.15126
0.173 1.5593 -2.24256
0.174 1.66773 -2.32758
0.175 1.77236 -2.40599
0.176 1.87269 -2.47751
0.177 1.9682 -2.54186
0.178 2.05842 -2.59877
0.179 2.14287 -2.64803
0.18 2.2211 -2.68941
0.181 2.29266 -2.72271
0.182 2.35714 -2.74779
0.183 2.41413 -2.76449
0.184 2.46328 -2.7727
0.185 2.50423 -2.77233
0.186 2.53666 -2.76333
0.187 2.5603 -2.74566
0.188 2.57486 -2.71931
0.189 2.58015 -2.68432
0.19 2.57595 -2.64073
0.191 2.56212 -2.58864
0.192 2.53854 -2.52816
0.193 2.50511 -2.45942
0.194 2.46181 -2.38261
0.195 2.40861 -2.29792
0.196 2.34555 -2.2056
0.197 2.2727 -2.10589
0.198 2.19017 -1.99908
0.199 2.09811 -1.8855
0.2 1.99671 -1.76549
0.201 1.8862 -1.6394
0.202 1.76684 -1.50764
0.203 1.63894 -1.37061
0.204 1.50284 -1.22876
0.205 1.35891 -1.08255
0.206 1.20758 -0.93245
0.207 1.04928 -0.77896
0.208 0.884504 -0.622593
0.209 0.71375 -0.463877
0.21 0.537561 -0.303354
0.211 0.356503 -0.141575
0.212 0.171168 0.020895
0.213 -0.0178288 0.183488
0.214 -0.209851 0.345627
0.215 -0.404244 0.506732
0.216 -0.600337 0.666224
0.217 -0.797446 0.823519
0.218 -0.994873 0.978039
0.219 -1.19191 1.12921
0.22 -1.38786 1.27647
0.221 -1.58199 1.41925
0.222 -1.77361 1.557
0.223 -1.96198 1.6892
0.224 -2.14642 1.81531
0.225 -2.32622 1.93485
0.226 -2.50069 2.04731
0.227 -2.66917 2.15224
0.228 -2.83099 2.24919
0.229 -2.98552 2.33774
0.23 -3.13215 2.41752
0.231 -3.27029 2.48814
0.232 -3.39938 2.54927
0.233 -3.51888 2.60062
0.234 -3.62829 2.64191
0.235 -3.72716 2.67289
0.236 -3.81505 2.69337
0.237 -3.89157 2.70317
0.238 -3.95637 2.70217
0.239 -4.00915 2.69026
0.24 -4.04964 2.66738
0.241 -4.07762 2.63352
0.242 -4.09293 2.58869
0.243 -4.09544 2.53296
0.244 -4.08508 2.4664
0.245 -4.06181 2.38917
0.246 -4.02566 2.30143
0.247 -3.97671 2.20339
0.248 -3.91508 2.0953
0.249 -3.84093 1.97744
0.25 -3.7545 1.85014
0.251 -3.65605 1.71376
0.252 -3.54591 1.56868
0.253 -3.42443 1.41534
0.254 -3.29204 1.25417
0.255 -3.14918 1.08568
0.256 -2.99637 0.910381
0.257 -2.83415 0.728807
0.258 -2.66309 0.541531
0.259 -2.48383 0.349141
0.26 -2.29701 0.152252
0.261 -2.10332 -0.048506
0.262 -1.90349 -0.252484
0.263 -1.69827 -0.459019
0.264 -1.48842 -0.667436
0.265 -1.27475 -0.877047
0.266 -1.05807 -1.08716
0.267 -0.839208 -1.29707
0.268 -0.619012 -1.50609
0.269 -0.398337 -1.7135
0.27 -0.178041 -1.91862
0.271 0.0410107 -2.12074
0.272 0.257956 -2.31917
0.273 0.471936 -2.51325
0.274 0.682099 -2.7023
0.275 0.887604 -2.88568
0.276 1.08763 -3.06275
0.277 1.28135 -3.23291
0.278 1.468 -3.39555
0.279 1.64681 -3.55013
0.28 1.81703 -3.69608
0.281 1.97797 -3.83291
0.282 2.12896 -3.96014
0.283 2.26935 -4.07731
0.284 2.39855 -4.18402
0.285 2.51601 -4.27987
0.286 2.62122 -4.36454
0.287 2.71372 -4.43772
0.288 2.79308 -4.49915
0.289 2.85896 -4.5486
0.29 2.91103 -4.5859
0.291 2.94903 -4.61091
0.292 2.97278 -4.62353
0.293 2.98211 -4.62372
0.294 2.97694 -4.61147
0.295 2.95725 -4.58681
0.296 2.92305 -4.54983
0.297 2.87443 -4.50065
0.298 2.81155 -4.43944
0.299 2.73459 -4.36642
0.3 2.64383 -4.28183
0.301 2.53958 -4.18598
0.302 2.42221 -4.0792
0.303 2.29215 -3.96186
0.304 2.14988 -3.83438
0.305 1.99594 -3.6972
0.306 1.8309 -3.55081
0.307 1.65541 -3.39572
0.308 1.47012 -3.23249
0.309 1.27577 -3.06168
0.31 1.0731 -2.88391
0.311 0.862919 -2.69979
0.312 0.646051 -2.50997
0.313 0.423359 -2.31514
0.314 0.195729 -2.11596
0.315 -0.0359257 -1.91316
0.316 -0.270672 -1.70742
0.317 -0.507561 -1.49949
0.318 -0.745629 -1.29009
0.319 -0.983904 -1.07994
0.32 -1.22141 -0.869794
0.321 -1.45716 -0.660372
0.322 -1.69019 -0.452404
0.323 -1.91952 -0.24661
0.324 -2.14419 -0.0436999
0.325 -2.36326 0.15563
0.326 -2.5758 0.350699
0.327 -2.78091 0.540843
0.328 -2.9777 0.72542
0.329 -3.16533 0.903811
0.33 -3.34297 1.07542
0.331 -3.50986 1.23969
0.332 -3.66524 1.39607
0.333 -3.80842 1.54408
0.334 -3.93876 1.68322
0.335 -4.05564 1.81308
0.336 -4.15852 1.93326
0.337 -4.2469 2.04339
0.338 -4.32034 2.14317
0.339 -4.37846 2.23232
0.34 -4.42094 2.3106
0.341 -4.44752 2.37783
0.342 -4.45799 2.43386
0.343 -4.45223 2.4786
0.344 -4.43017 2.51198
0.345 -4.39181 2.534
0.346 -4.3372 2.54469
0.347 -4.26648 2.54414
0.348 -4.17984 2.53247
0.349 -4.07754 2.50985
0.35 -3.9599 2.47649
0.351 -3.82731 2.43265
0.352 -3.68021 2.37862
0.353 -3.51911 2.31475
0.354 -3.34459 2.2414
0.355 -3.15726 2.159
0.356 -2.95779 2.06799
0.357 -2.74691 1.96884
0.358 -2.52541 1.86208
0.359 -2.2941 1.74825
0.36 -2.05384 1.62791
0.361 -1.80554 1.50167
0.362 -1.55014 1.37013
0.363 -1.28861 1.23394
0.364 -1.02194 1.09375
0.365 -0.751152 0.950223
0.366 -0.477296 0.804047
0.367 -0.201426 0.655907
0.368 0.0753888 0.506499
0.369 0.352073 0.356519
0.37 0.627547 0.206667
0.371 0.900734 0.0576364
0.372 1.17056 -0.0898825
0.373 1.43597 -0.235209
0.374 1.69592 -0.377673
0.375 1.94938 -0.51662
0.376 2.19534 -0.651411
0.377 2.43284 -0.781427
0.378 2.66093 -0.906071
0.379 2.87869 -1.02477
0.38 3.08528 -1.13698
0.381 3.27984 -1.24219
0.382 3.46162 -1.33991
0.383 3.62989 -1.42969
0.384 3.78396 -1.51111
0.385 3.92323 -1.5838
0.386 4.04712 -1.64742
0.387 4.15516 -1.70167
0.388 4.24689 -1.74629
0.389 4.32196 -1.78107
0.39 4.38006 -1.80584
0.391 4.42096 -1.82047
0.392 4.44451 -1.82487
0.393 4.4506 -1.81901
0.394 4.43923 -1.8029
0.395 4.41044 -1.7766
0.396 4.36437 -1.74019
0.397 4.3012 -1.69384
0.398 4.22121 -1.63771
0.399 4.12473 -1.57205
0.4 4.01217 -1.49712
0.401 3.88401 -1.41325
0.402 3.74079 -1.32078
0.403 3.58311 -1.22011
0.404 3.41164 -1.11167
0.405 3.2271 -0.995918
0.406 3.03027 -0.873359
0.407 2.82199 -0.74452
0.408 2.60315 -0.609955
0.409 2.37466 -0.470249
0.41 2.13752 -0.326008
0.411 1.89272 -0.177859
0.412 1.64131 -0.026449
0.413 1.38438 0.127561
0.414 1.12301 0.283495
0.415 0.858349 0.440671
0.416 0.591522 0.598397
0.417 0.323687 0.755977
0.418 0.0560045 0.912717
0.419 -0.210362 1.06792
0.42 -0.47425 1.22091
0.421 -0.734507 1.37099
0.422 -0.989989 1.51749
0.423 -1.23957 1.65978
0.424 -1.48215 1.7972
0.425 -1.71664 1.92914
0.426 -1.942 2.055
0.427 -2.15721 2.17422
0.428 -2.36131 2.28625
0.429 -2.55336 2.39059
0.43 -2.73248 2.48675
0.431 -2.89784 2.57429
0.432 -3.04866 2.6528
0.433 -3.18423 2.72193
0.434 -3.30389 2.78133
0.435 -3.40706 2.83073
0.436 -3.4932 2.86989
0.437 -3.56187 2.89861
0.438 -3.61268 2.91673
0.439 -3.64533 2.92416
0.44 -3.65959 2.92084
0.441 -3.6553 2.90676
0.442 -3.63239 2.88195
0.443 -3.59085 2.84652
0.444 -3.53076 2.80059
0.445 -3.45229 2.74434
0.446 -3.35567 2.678
0.447 -3.24121 2.60186
0.448 -3.1093 2.51622
0.449 -2.96041 2.42146
0.45 -2.79508 2.31797
0.451 -2.61392 2.20622
0.452 -2.41761 2.08668
0.453 -2.20689 1.95988
0.454 -1.98258 1.82637
0.455 -1.74554 1.68675
0.456 -1.4967 1.54164
0.457 -1.23706 1.39169
0.458 -0.967632 1.23757
0.459 -0.689504 1.07998
0.46 -0.403792 0.919635
0.461 -0.111655 0.757269
0.462 0.185719 0.593627
0.463 0.487114 0.429464
0.464 0.791289 0.265543
0.465 1.09699 0.102629
0.466 1.40294 -0.0585118
0.467 1.70787 -0.217116
0.468 2.01051 -0.372428
0.469 2.30956 -0.5237
0.47 2.60377 -0.6702
0.471 2.89189 -0.811209
0.472 3.17268 -0.946031
0.473 3.44493 -1.07399
0.474 3.70747 -1.19444
0.475 3.95914 -1.30675
0.476 4.19884 -1.41035
0.477 4.42551 -1.50467
0.478 4.63813 -1.58919
0.479 4.83575 -1.66345
0.48 5.01747 -1.727
0.481 5.18243 -1.77945
0.482 5.32987 -1.82046
0.483 5.45907 -1.84972
0.484 5.56941 -1.86699
0.485 5.6603 -1.87206
0.486 5.73128 -1.8648
0.487 5.78194 -1.84511
0.488 5.81194 -1.81294
0.489 5.82105 -1.76832
0.49 5.80912 -1.71131
0.491 5.77606 -1.64203
0.492 5.72191 -1.56066
0.493 5.64675 -1.46744
0.494 5.55077 -1.36266
0.495 5.43425 -1.24663
0.496 5.29755 -1.11977
0.497 5.14111 -0.982515
0.498 4.96546 -0.835345
0.499 4.77119 -0.678802
0.5 4.559 -0.51347
0.501 4.32964 -0.339972
0.502 4.08396 -0.158977
0.503 3.82284 0.0288119
0.504 3.54726 0.222653
0.505 3.25826 0.421772
0.506 2.95693 0.625365
0.507 2.64441 0.832603
0.508 2.3219 1.04263
0.509 1.99065 1.25457
0.51 1.65192 1.46754
0.511 1.30706 1.68062
0.512 0.957394 1.89292
0.513 0.604305 2.10349
0.514 0.249186 2.31144
0.515 -0.10656 2.51583
0.516 -0.461516 2.71574
0.517 -0.814267 2.91029
0.518 -1.1634 3.09856
0.519 -1.50751 3.2797
0.52 -1.84522 3.45283
0.521 -2.17515 3.61715
0.522 -2.49596 3.77183
0.523 -2.80635 3.91611
0.524 -3.10504 4.04926
0.525 -3.39081 4.17058
0.526 -3.66248 4.27941
0.527 -3.91892 4.37513
0.528 -4.15906 4.45718
0.529 -4.38191 4.52505
0.53 -4.58651 4.57826
0.531 -4.772 4.61641
0.532 -4.93759 4.63915
0.533 -5.08257 4.64618
0.534 -5.2063 4.63726
0.535 -5.30823 4.61221
0.536 -5.3879 4.57093
0.537 -5.44494 4.51337
0.538 -5.47907 4.43953
0.539 -5.49009 4.3495
0.54 -5.47791 4.24341
0.541 -5.44253 4.12148
0.542 -5.38405 3.98398
0.543 -5.30264 3.83123
0.544 -5.1986 3.66364
0.545 -5.0723 3.48165
0.546 -4.9242 3.28579
0.547 -4.75486 3.07663
0.548 -4.56493 2.85481
0.549 -4.35514 2.62099
0.55 -4.12631 2.37593
0.551 -3.87933 2.1204
0.552 -3.61518 1.85524
0.553 -3.33491 1.58131
0.554 -3.03962 1.29954
0.555 -2.73051 1.01088
0.556 -2.40882 0.716303
0.557 -2.07583 0.41683
0.558 -1.73291 0.113499
0.559 -1.38145 -0.19263
0.56 -1.02287 -0.500477
0.561 -0.658654 -0.808951
0.562 -0.290287 -1.11695
0.563 0.0807099 -1.42337
0.564 0.452802 -1.72709
0.565 0.824446 -2.02702
0.566 1.19409 -2.32207
0.567 1.5602 -2.61113
0.568 1.92123 -2.89316
0.569 2.27567 -3.16709
0.57 2.622 -3.43192
0.571 2.95877 -3.68664
0.572 3.28453 -3.93029
0.573 3.59788 -4.16195
0.574 3.89748 -4.38075
0.575 4.18201 -4.58583
0.576 4.45023 -4.77641
0.577 4.70097 -4.95175
0.578 4.9331 -5.11117
0.579 5.14557 -5.25403
0.58 5.33742 -5.37977
0.581 5.50775 -5.48788
0.582 5.65577 -5.57791
0.583 5.78075 -5.6495
0.584 5.88207 -5.70234
0.585 5.95919 -5.73618
0.586 6.01167 -5.75086
0.587 6.03917 -5.74629
0.588 6.04147 -5.72244
0.589 6.0184 -5.67936
0.59 5.96995 -5.61718
0.591 5.89617 -5.53609
0.592 5.79723 -5.43636
0.593 5.67341 -5.31833
0.594 5.52506 -5.18241
0.595 5.35267 -5.02908
0.596 5.15681 -4.85888
0.597 4.93813 -4.67243
0.598 4.69741 -4.4704
0.599 4.43549 -4.25353
0.6 4.1533 -4.02261
0.601 3.85189 -3.7785
0.602 3.53234 -3.5221
0.603 3.19585 -3.25435
0.604 2.84366 -2.97626
0.605 2.47709 -2.68886
0.606 2.09753 -2.39324
0.607 1.70642 -2.0905
0.608 1.30524 -1.78179
0.609 0.895526 -1.46826
0.61 0.478858 -1.15112
0.611 0.056837 -0.83155
0.612 -0.368903 -0.51078
0.613 -0.796712 -0.190029
0.614 -1.22492 0.129479
0.615 -1.65186 0.446523
0.616 -2.07587 0.759885
0.617 -2.49526 1.06836
0.618 -2.9084 1.37077
0.619 -3.31366 1.66594
0.62 -3.70942 1.95274
0.621 -4.09412 2.23004
0.622 -4.46624 2.49679
0.623 -4.82427 2.75193
0.624 -5.16681 2.99448
0.625 -5.49246 3.22349
0.626 -5.79992 3.43806
0.627 -6.08796 3.63735
0.628 -6.35539 3.82057
0.629 -6.60114 3.987
0.63 -6.82421 4.13599
0.631 -7.02367 4.26692
0.632 -7.1987 4.37928
0.633 -7.34858 4.47261
0.634 -7.47268 4.54653
0.635 -7.57046 4.60073
0.636 -7.64151 4.63498
0.637 -7.6855 4.64911
0.638 -7.70222 4.64306
0.639 -7.69156 4.61681
0.64 -7.65354 4.57045
0.641 -7.58827 4.50413
0.642 -7.49596 4.41807
0.643 -7.37695 4.31259
0.644 -7.23167 4.18808
0.645 -7.06067 4.04497
0.646 -6.86459 3.88381
0.647 -6.64418 3.7052
0.648 -6.40029 3.50979
0.649 -6.13385 3.29832
0.65 -5.84589 3.07159
0.651 -5.53754 2.83044
0.652 -5.20999 2.57579
0.653 -4.86453 2.30861
0.654 -4.5025 2.0299
0.655 -4.12532 1.74072
0.656 -3.73449 1.44217
0.657 -3.33153 1.13538
0.658 -2.91804 0.821523
0.659 -2.49564 0.501793
0.66 -2.06602 0.177409
0.661 -1.63087 -0.150393
0.662 -1.19192 -0.480362
0.663 -0.750904 -0.811239
0.664 -0.309579 -1.14176
0.665 0.130299 -1.47066
0.666 0.566982 -1.79669
0.667 0.998728 -2.1186
0.668 1.42382 -2.43516
0.669 1.84055 -2.74517
0.67 2.24727 -3.04743
0.671 2.64235 -3.3408
0.672 3.0242 -3.62415
0.673 3.39131 -3.89641
0.674 3.7422 -4.15653
0.675 4.07547 -4.40354
0.676 4.38979 -4.63648
0.677 4.68389 -4.85449
0.678 4.95659 -5.05672
0.679 5.20681 -5.24241
0.68 5.43355 -5.41088
0.681 5.63588 -5.56147
0.682 5.81301 -5.69363
0.683 5.96423 -5.80688
0.684 6.08893 -5.90078
0.685 6.18662 -5.975
0.686 6.2569 -6.02927
0.687 6.29951 -6.06341
0.688 6.31428 -6.07729
0.689 6.30116 -6.07091
0.69 6.26021 -6.04429
0.691 6.1916 -5.99757
0.692 6.09563 -5.93095
0.693 5.9727 -5.84472
0.694 5.82332 -5.73922
0.695 5.6481 -5.6149
0.696 5.44778 -5.47225
0.697 5.22317 -5.31186
0.698 4.97521 -5.13436
0.699 4.70492 -4.94047
0.7 4.41342 -4.73095
0.701 4.10191 -4.50664
0.702 3.77167 -4.26843
0.703 3.42408 -4.01725
0.704 3.06056 -3.7541
0.705 2.68262 -3.48001
0.706 2.29183 -3.19605
0.707 1.8898 -2.90334
0.708 1.4782 -2.60301
0.709 1.05874 -2.29625
0.71 0.633143 -1.98423
0.711 0.203191 -1.66817
0.712 -0.229332 -1.3493
0.713 -0.662627 -1.02885
0.714 -1.09489 -0.708037
0.715 -1.52432 -0.388108
0.716 -1.94912 -0.0702822
0.717 -2.36751 0.244227
0.718 -2.77775 0.554224
0.719 -3.17811 0.858536
0.72 -3.5669 1.15601
0.721 -3.94251 1.44554
0.722 -4.30333 1.72604
0.723 -4.64784 1.99647
0.724 -4.97457 2.25582
0.725 -5.28215 2.50316
0.726 -5.56925 2.73758
0.727 -5.83464 2.95825
0.728 -6.07718 3.16437
0.729 -6.29582 3.35523
0.73 -6.48959 3.53017
0.731 -6.65764 3.6886
0.732 -6.79922 3.83
0.733 -6.91368 3.95391
0.734 -7.0005 4.05998
0.735 -7.05924 4.14789
0.736 -7.0896 4.21741
0.737 -7.09139 4.26841
0.738 -7.06453 4.30081
0.739 -7.00907 4.31462
0.74 -6.92515 4.30991
0.741 -6.81306 4.28685
0.742 -6.67318 4.24568
0.743 -6.50602 4.18671
0.744 -6.31219 4.11032
0.745 -6.09243 4.01696
0.746 -5.84755 3.90716
0.747 -5.57851 3.78153
0.748 -5.28633 3.6407
0.749 -4.97214 3.48542
0.75 -4.63718 3.31644
0.751 -4.28274 3.13462
0.752 -3.91022 2.94083
0.753 -3.52108 2.73602
0.754 -3.11687 2.52116
0.755 -2.69917 2.29727
0.756 -2.26965 2.06542
0.757 -1.83 1.82668
0.758 -1.38199 1.58217
0.759 -0.927392 1.33304
0.76 -0.468021 1.08043
0.761 -0.00571555 0.825506
0.762 0.457676 0.569453
0.763 0.920297 0.313444
0.764 1.38029 0.058653
0.765 1.83582 -0.193752
0.766 2.28504 -0.442615
0.767 2.72615 -0.686798
0.768 3.15738 -0.925184
0.769 3.57699 -1.15668
0.77 3.98329 -1.38024
0.771 4.37464 -1.59482
0.772 4.74946 -1.79946
0.773 5.10624 -1.9932
0.774 5.44354 -2.17516
0.775 5.76 -2.34449
0.776 6.05434 -2.50043
0.777 6.32537 -2.64223
0.778 6.57199 -2.76924
0.779 6.79322 -2.88086
0.78 6.98814 -2.97655
0.781 7.15599 -3.05586
0.782 7.29609 -3.1184
0.783 7.40787 -3.16384
0.784 7.49088 -3.19195
0.785 7.54479 -3.20255
0.786 7.5694 -3.19556
0.787 7.56461 -3.17097
0.788 7.53045 -3.12883
0.789 7.46707 -3.06929
0.79 7.37475 -2.99257
0.791 7.25386 -2.89894
0.792 7.10492 -2.78879
0.793 6.92855 -2.66254
0.794 6.72548 -2.5207
0.795 6.49656 -2.36386
0.796 6.24274 -2.19266
0.797 5.96508 -2.00779
0.798 5.66473 -1.81005
0.799 5.34294 -1.60023
0.8 5.00105 -1.37924
0.801 4.64049 -1.148
0.802 4.26274 -0.907474
0.803 3.86939 -0.658698
0.804 3.46206 -0.402724
0.805 3.04247 -0.140642
0.806 2.61236 0.126426
0.807 2.17351 0.397336
0.808 1.72778 0.670923
0.809 1.27701 0.946008
0.81 0.823089 1.2214
0.811 0.367922 1.49591
0.812 -0.0865871 1.76835
0.813 -0.538532 2.03751
0.814 -0.986016 2.30224
0.815 -1.42716 2.56136
0.816 -1.8601 2.81374
0.817 -2.28302 3.05826
0.818 -2.69413 3.29383
0.819 -3.09169 3.51941
0.82 -3.47403 3.73397
0.821 -3.8395 3.93657
0.822 -4.18657 4.12626
0.823 -4.51375 4.3022
0.824 -4.81963 4.46356
0.825 -5.1029 4.6096
0.826 -5.36235 4.73962
0.827 -5.59685 4.853
0.828 -5.80536 4.94919
0.829 -5.98699 5.0277
0.83 -6.14091 5.08812
0.831 -6.26644 5.13011
0.832 -6.36299 5.15341
0.833 -6.43012 5.15786
0.834 -6.46749 5.14333
0.835 -6.47488 5.10982
0.836 -6.4522 5.05737
0.837 -6.39949 4.98614
0.838 -6.31691 4.89633
0.839 -6.20475 4.78825
0.84 -6.0634 4.66227
0.841 -5.89341 4.51884
0.842 -5.69541 4.35849
0.843 -5.47017 4.18183
0.844 -5.21858 3.98951
0.845 -4.94161 3.78228
0.846 -4.64038 3.56095
0.847 -4.31608 3.32638
0.848 -3.97001 3.0795
0.849 -3.60355 2.82128
0.85 -3.21819 2.55277
0.851 -2.81549 2.27503
0.852 -2.39707 1.98919
0.853 -1.96464 1.69641
0.854 -1.51996 1.39788
0.855 -1.06486 1.09483
0.856 -0.601189 0.788482
0.857 -0.130857 0.480117
0.858 0.3442 0.171005
0.859 0.822024 -0.137568
0.86 1.30064 -0.444318
0.861 1.77806 -0.74796
0.862 2.25231 -1.04722
0.863 2.72142 -1.34083
0.864 3.18341 -1.62756
0.865 3.63637 -1.90617
0.866 4.07839 -2.17549
0.867 4.50762 -2.43435
0.868 4.92224 -2.68165
0.869 5.32049 -2.91629
0.87 5.70069 -3.13726
0.871 6.06121 -3.3436
0.872 6.4005 -3.53437
0.873 6.71711 -3.70872
0.874 7.00966 -3.86588
0.875 7.27686 -4.00511
0.876 7.51755 -4.12576
0.877 7.73064 -4.22726
0.878 7.91519 -4.30911
0.879 8.07033 -4.37089
0.88 8.19534 -4.41226
0.881 8.28961 -4.43297
0.882 8.35265 -4.43284
0.883 8.3841 -4.41179
0.884 8.38373 -4.36982
0.885 8.35144 -4.30701
0.886 8.28724 -4.22354
0.887 8.19131 -4.11967
0.888 8.06391 -3.99574
0.889 7.90547 -3.85218
0.89 7.71652 -3.68949
0.891 7.49773 -3.50827
0.892 7.24987 -3.30919
0.893 6.97386 -3.093
0.894 6.67072 -2.86051
0.895 6.34158 -2.61262
0.896 5.98768 -2.35027
0.897 5.61037 -2.0745
0.898 5.21107 -1.78638
0.899 4.79133 -1.48705
0.9 4.35275 -1.17769
0.901 3.89705 -0.859531
0.902 3.42597 -0.533853
0.903 2.94137 -0.201963
0.904 2.44512 0.134797
0.905 1.93917 0.47506
0.906 1.4255 0.817438
0.907 0.906135 1.16053
0.908 0.383113 1.50292
0.909 -0.141501 1.8432
0.91 -0.665636 2.17994
0.911 -1.18722 2.51176
0.912 -1.70418 2.83724
0.913 -2.21447 3.15502
0.914 -2.71606 3.46375
0.915 -3.20696 3.76212
0.916 -3.68521 4.04882
0.917 -4.14891 4.32264
0.918 -4.5962 4.58236
0.919 -5.0253 4.82684
0.92 -5.43449 5.055
0.921 -5.82213 5.26579
0.922 -6.18667 5.45827
0.923 -6.52664 5.63152
0.924 -6.84068 5.78472
0.925 -7.12754 5.91714
0.926 -7.38604 6.02808
0.927 -7.61515 6.11698
0.928 -7.81396 6.18332
0.929 -7.98164 6.2267
0.93 -8.11753 6.24677
0.931 -8.22107 6.24331
0.932 -8.29184 6.21617
0.933 -8.32956 6.1653
0.934 -8.33405 6.09074
0.935 -8.30532 5.99262
0.936 -8.24345 5.87117
0.937 -8.1487 5.72671
0.938 -8.02145 5.55964
0.939 -7.86221 5.37046
0.94 -7.67161 5.15977
0.941 -7.45042 4.92824
0.942 -7.19954 4.67662
0.943 -6.91998 4.40575
0.944 -6.61286 4.11655
0.945 -6.27942 3.81001
0.946 -5.92103 3.48719
0.947 -5.53912 3.14922
0.948 -5.13524 2.79728
0.949 -4.71104 2.43262
0.95 -4.26823 2.05656
0.951 -3.80862 1.67042
0.952 -3.33407 1.27561
0.953 -2.84652 0.873559
0.954 -2.34795 0.465722
0.955 -1.84039 0.0535894
0.956 -1.32591 -0.361331
0.957 -0.806611 -0.777516
0.958 -0.284621 -1.19343
0.959 0.237928 -1.60755
0.96 0.758898 -2.01834
0.961 1.27615 -2.42427
0.962 1.78757 -2.82383
0.963 2.29104 -3.21556
0.964 2.78451 -3.59797
0.965 3.26594 -3.96966
0.966 3.73333 -4.32923
0.967 4.18477 -4.67533
0.968 4.61838 -5.00668
0.969 5.03237 -5.32203
0.97 5.42501 -5.62021
0.971 5.79466 -5.90009
0.972 6.13979 -6.16062
0.973 6.45895 -6.40084
0.974 6.75079 -6.61985
0.975 7.01407 -6.81681
0.976 7.24769 -6.991
0.977 7.45063 -7.14177
0.978 7.62202 -7.26856
0.979 7.7611 -7.37089
0.98 7.86726 -7.4484
0.981 7.94001 -7.5008
0.982 7.97898 -7.5279
0.983 7.98397 -7.52963
0.984 7.95489 -7.50597
0.985 7.89179 -7.45705
0.986 7.79488 -7.38307
0.987 7.66447 -7.28432
0.988 7.50104 -7.16119
0.989 7.30518 -7.01419
0.99 7.07762 -6.84387
0.991 6.81923 -6.65092
0.992 6.53099 -6.4361
0.993 6.21401 -6.20023
0.994 5.86951 -5.94424
0.995 5.49881 -5.66913
0.996 5.10338 -5.37597
0.997 4.68475 -5.0659
0.998 4.24455 -4.74012
0.999 3.78452 -4.3999
1 3.30646 -4.04657
