0.001 3.40347e-008 2.55457e-009
0.002 3.10012e-007 2.05167e-008
0.003 1.462e-006 8.51435e-008
0.004 4.8443e-006 2.49878e-007
0.005 1.28223e-005 5.92801e-007
0.006 2.90532e-005 1.22075e-006
0.007 5.87545e-005 2.27552e-006
0.008 0.000108957 3.94264e-006
0.009 0.000188742 6.463e-006
0.01 0.000309454 1.01478e-005
0.011 0.000484899 1.53968e-005
0.012 0.000731514 2.27212e-005
0.013 0.00106851 3.27693e-005
0.014 0.001518 4.63576e-005
0.015 0.00210506 6.45058e-005
0.016 0.00285783 8.84758e-005
0.017 0.00380752 0.000119816
0.018 0.00498838 0.00016041
0.019 0.00643772 0.000212527
0.02 0.0081958 0.000278883
0.021 0.0103057 0.000362695
0.022 0.0128134 0.000467751
0.023 0.0157671 0.000598476
0.024 0.0192178 0.000759999
0.025 0.0232181 0.000958233
0.026 0.027823 0.00119994
0.027 0.0330887 0.00149282
0.028 0.0390727 0.00184558
0.029 0.0458336 0.00226799
0.03 0.0534303 0.00277102
0.031 0.061922 0.00336685
0.032 0.0713676 0.00406898
0.033 0.0818252 0.00489227
0.034 0.0933518 0.00585306
0.035 0.106003 0.00696917
0.036 0.119832 0.00826
0.037 0.134889 0.00974656
0.038 0.151222 0.0114515
0.039 0.168876 0.0133992
0.04 0.18789 0.0156158
0.041 0.208301 0.018129
0.042 0.230139 0.0209685
0.043 0.253428 0.0241655
0.044 0.27819 0.0277532
0.045 0.304437 0.0317661
0.046 0.332175 0.0362407
0.047 0.361404 0.0412151
0.048 0.392117 0.0467287
0.049 0.424297 0.0528224
0.05 0.457921 0.0595387
0.051 0.492958 0.0669211
0.052 0.529366 0.0750143
0.053 0.567098 0.0838638
0.054 0.606095 0.0935162
0.055 0.646291 0.104018
0.056 0.687611 0.115418
0.057 0.729971 0.127763
0.058 0.773277 0.141101
0.059 0.817428 0.155479
0.06 0.862314 0.170945
0.061 0.907816 0.187545
0.062 0.953809 0.205325
0.063 1.00016 0.224328
0.064 1.04672 0.244597
0.065 1.09335 0.266173
0.066 1.13989 0.289095
0.067 1.18617 0.313398
0.068 1.23205 0.339116
0.069 1.27733 0.366278
0.07 1.32185 0.394913
0.071 1.36543 0.425042
0.072 1.40789 0.456685
0.073 1.44905 0.489855
0.074 1.48871 0.524564
0.075 1.5267 0.560815
0.076 1.56283 0.598608
0.077 1.59692 0.637936
0.078 1.62879 0.678789
0.079 1.65825 0.721146
0.08 1.68515 0.764985
0.081 1.7093 0.810272
0.082 1.73056 0.856971
0.083 1.74875 0.905037
0.084 1.76374 0.954416
0.085 1.77538 1.00505
0.086 1.78355 1.05687
0.087 1.78813 1.1098
0.088 1.789 1.16377
0.089 1.78608 1.21867
0.09 1.77927 1.27442
0.091 1.76852 1.3309
0.092 1.75375 1.38801
0.093 1.73494 1.44563
0.094 1.71205 1.50362
0.095 1.68508 1.56186
0.096 1.65402 1.6202
0.097 1.61891 1.6785
0.098 1.57978 1.7366
0.099 1.53668 1.79435
0.1 1.4897 1.85157
0.101 1.43891 1.9081
0.102 1.38444 1.96376
0.103 1.32639 2.01837
0.104 1.26493 2.07175
0.105 1.20019 2.12371
0.106 1.13237 2.17407
0.107 1.06164 2.22263
0.108 0.988224 2.2692
0.109 0.912337 2.31358
0.11 0.834217 2.35559
0.111 0.754114 2.39502
0.112 0.672292 2.4317
0.113 0.589026 2.46542
0.114 0.504604 2.49601
0.115 0.419321 2.52328
0.116 0.333485 2.54705
0.117 0.24741 2.56714
0.118 0.161415 2.5834
0.119 0.0758285 2.59566
0.12 -0.00901962 2.60377
0.121 -0.0927955 2.60758
0.122 -0.175164 2.60695
0.123 -0.255788 2.60177
0.124 -0.334335 2.59192
0.125 -0.410473 2.57728
0.126 -0.483873 2.55778
0.127 -0.554214 2.53333
0.128 -0.62118 2.50386
0.129 -0.684464 2.46933
0.13 -0.743771 2.42969
0.131 -0.798813 2.38493
0.132 -0.84932 2.33503
0.133 -0.895031 2.28
0.134 -0.935705 2.21987
0.135 -0.971114 2.15468
0.136 -1.00105 2.08449
0.137 -1.02532 2.00937
0.138 -1.04376 1.92941
0.139 -1.05623 1.84472
0.14 -1.06259 1.75544
0.141 -1.06274 1.6617
0.142 -1.0566 1.56366
0.143 -1.04413 1.46151
0.144 -1.02529 1.35543
0.145 -1.00008 1.24564
0.146 -0.968529 1.13237
0.147 -0.930679 1.01585
0.148 -0.886612 0.896349
0.149 -0.836432 0.774136
0.15 -0.780268 0.649498
0.151 -0.71828 0.522733
0.152 -0.650652 0.394153
0.153 -0.577593 0.264083
0.154 -0.499341 0.132855
0.155 -0.416156 0.000813022
0.156 -0.328323 -0.13169
0.157 -0.236152 -0.264294
0.158 -0.139975 -0.396632
0.159 -0.0401447 -0.528333
0.16 0.0629653 -0.65902
0.161 0.168962 -0.788315
0.162 0.277435 -0.915835
0.163 0.387957 -1.0412
0.164 0.500085 -1.16403
0.165 0.613366 -1.28395
0.166 0.727331 -1.40058
0.167 0.841505 -1.51355
0.168 0.955403 -1.6225
0.169 1.06853 -1.72707
0.17 1.1804 -1.82692
0.171 1.29051 -1.92172
0.172 1.39837 -2.01113
0.173 1.50347 -2.09484
0.174 1.60533 -2.17256
0.175 1.70346 -2.24402
0.176 1.79739 -2.30893
0.177 1.88664 -2.36706
0.178 1.97076 -2.41818
0.179 2.04932 -2.46209
0.18 2.12187 -2.49859
0.181 2.18802 -2.52752
0.182 2.24739 -2.54874
0.183 2.29959 -2.56215
0.184 2.3443 -2.56763
0.185 2.3812 -2.56513
0.186 2.40998 -2.55461
0.187 2.43041 -2.53604
0.188 2.44223 -2.50946
0.189 2.44525 -2.47488
0.19 2.43931 -2.43238
0.191 2.42426 -2.38205
0.192 2.4 -2.32402
0.193 2.36647 -2.25843
0.194 2.32363 -2.18545
0.195 2.2715 -2.1053
0.196 2.21011 -2.01819
0.197 2.13954 -1.92439
0.198 2.05991 -1.82417
0.199 1.97137 -1.71783
0.2 1.87411 -1.60572
0.201 1.76836 -1.48816
0.202 1.65437 -1.36555
0.203 1.53245 -1.23828
0.204 1.40292 -1.10675
0.205 1.26616 -0.971407
0.206 1.12255 -0.832693
0.207 0.972524 -0.691075
0.208 0.816542 -0.547033
0.209 0.65509 -0.401059
0.21 0.488679 -0.253657
0.211 0.317848 -0.10534
0.212 0.143156 0.0433726
0.213 -0.0348154 0.191954
0.214 -0.215466 0.339873
0.215 -0.398179 0.486597
0.216 -0.582324 0.631594
0.217 -0.767258 0.774331
0.218 -0.952328 0.914281
0.219 -1.13688 1.05092
0.22 -1.32024 1.18373
0.221 -1.50175 1.31221
0.222 -1.68074 1.43587
0.223 -1.85655 1.55421
0.224 -2.02853 1.66677
0.225 -2.19603 1.77311
0.226 -2.35841 1.87278
0.227 -2.51505 1.96538
0.228 -2.66536 2.05051
0.229 -2.80873 2.1278
0.23 -2.94461 2.19692
0.231 -3.07246 2.25754
0.232 -3.19176 2.30938
0.233 -3.30203 2.35217
0.234 -3.40282 2.38568
0.235 -3.49369 2.40971
0.236 -3.57427 2.4241
0.237 -3.6442 2.4287
0.238 -3.70318 2.42342
0.239 -3.75092 2.40819
0.24 -3.78719 2.38297
0.241 -3.81182 2.34777
0.242 -3.82464 2.30261
0.243 -3.82557 2.24759
0.244 -3.81453 2.18279
0.245 -3.79153 2.10836
0.246 -3.75659 2.02448
0.247 -3.70979 1.93136
0.248 -3.65127 1.82925
0.249 -3.5812 1.71842
0.25 -3.49978 1.59918
0.251 -3.4073 1.47188
0.252 -3.30405 1.33689
0.253 -3.19038 1.19461
0.254 -3.0667 1.04547
0.255 -2.93343 0.889921
0.256 -2.79104 0.728452
0.257 -2.64005 0.561566
0.258 -2.48101 0.389788
0.259 -2.3145 0.213666
0.26 -2.14113 0.0337633
0.261 -1.96154 -0.149338
0.262 -1.77641 -0.335044
0.263 -1.58644 -0.522748
0.264 -1.39233 -0.711831
0.265 -1.19484 -0.90167
0.266 -0.994711 -1.09163
0.267 -0.792715 -1.28109
0.268 -0.589631 -1.4694
0.269 -0.386248 -1.65594
0.27 -0.183359 -1.84007
0.271 0.0182441 -2.02118
0.272 0.217767 -2.19864
0.273 0.414423 -2.37185
0.274 0.607432 -2.54021
0.275 0.796024 -2.70316
0.276 0.979444 -2.86014
0.277 1.15696 -3.01059
0.278 1.32784 -3.154
0.279 1.4914 -3.28988
0.28 1.64698 -3.41775
0.281 1.79392 -3.53717
0.282 1.93163 -3.64773
0.283 2.05953 -3.74903
0.284 2.17708 -3.84072
0.285 2.28378 -3.92248
0.286 2.37919 -3.99403
0.287 2.46288 -4.05511
0.288 2.53448 -4.10551
0.289 2.59368 -4.14505
0.29 2.6402 -4.1736
0.291 2.67382 -4.19104
0.292 2.69436 -4.19733
0.293 2.70171 -4.19243
0.294 2.69579 -4.17637
0.295 2.67658 -4.14919
0.296 2.64413 -4.11101
0.297 2.59853 -4.06195
0.298 2.53992 -4.00219
0.299 2.4685 -3.93194
0.3 2.38451 -3.85145
0.301 2.28825 -3.76101
0.302 2.18009 -3.66093
0.303 2.06041 -3.55158
0.304 1.92968 -3.43334
0.305 1.78837 -3.30663
0.306 1.63704 -3.17191
0.307 1.47626 -3.02965
0.308 1.30667 -2.88036
0.309 1.12891 -2.72457
0.31 0.943691 -2.56283
0.311 0.751739 -2.39571
0.312 0.553816 -2.22381
0.313 0.350708 -2.04773
0.314 0.143228 -1.8681
0.315 -0.0677909 -1.68555
0.316 -0.281499 -1.50072
0.317 -0.49703 -1.31427
0.318 -0.713508 -1.12684
0.319 -0.93005 -0.939097
0.32 -1.14577 -0.751691
0.321 -1.35977 -0.565274
0.322 -1.57118 -0.380493
0.323 -1.77911 -0.197985
0.324 -1.98269 -0.018379
0.325 -2.18108 0.157712
0.326 -2.37344 0.329688
0.327 -2.55894 0.496968
0.328 -2.7368 0.65899
0.329 -2.90626 0.815215
0.33 -3.06657 0.965128
0.331 -3.21705 1.10824
0.332 -3.35702 1.24409
0.333 -3.48587 1.37224
0.334 -3.60301 1.4923
0.335 -3.70791 1.6039
0.336 -3.80007 1.7067
0.337 -3.87906 1.8004
0.338 -3.94449 1.88476
0.339 -3.99603 1.95953
0.34 -4.03338 2.02455
0.341 -4.05633 2.07966
0.342 -4.06471 2.12475
0.343 -4.0584 2.15977
0.344 -4.03736 2.18468
0.345 -4.00159 2.1995
0.346 -3.95115 2.20428
0.347 -3.88618 2.19912
0.348 -3.80685 2.18416
0.349 -3.71341 2.15956
0.35 -3.60615 2.12555
0.351 -3.48544 2.08235
0.352 -3.35168 2.03027
0.353 -3.20534 1.96962
0.354 -3.04693 1.90075
0.355 -2.87702 1.82404
0.356 -2.69623 1.73993
0.357 -2.50521 1.64883
0.358 -2.30467 1.55124
0.359 -2.09535 1.44764
0.36 -1.87804 1.33856
0.361 -1.65354 1.22453
0.362 -1.42271 1.10611
0.363 -1.18642 0.983877
0.364 -0.94556 0.858421
0.365 -0.701063 0.73034
0.366 -0.453859 0.600241
0.367 -0.2049 0.468742
0.368 0.0448559 0.336459
0.369 0.294443 0.204013
0.37 0.542894 0.0720237
0.371 0.789245 -0.0588955
0.372 1.03254 -0.188136
0.373 1.27182 -0.315098
0.374 1.50616 -0.439194
0.375 1.73464 -0.55985
0.376 1.95637 -0.676507
0.377 2.17047 -0.788628
0.378 2.37611 -0.895694
0.379 2.57247 -0.99721
0.38 2.75878 -1.0927
0.381 2.93432 -1.18174
0.382 3.09838 -1.26389
0.383 3.25032 -1.33878
0.384 3.38955 -1.40606
0.385 3.51551 -1.46541
0.386 3.62771 -1.51654
0.387 3.72571 -1.55922
0.388 3.80913 -1.59323
0.389 3.87764 -1.61839
0.39 3.93098 -1.63459
0.391 3.96895 -1.64172
0.392 3.99141 -1.63973
0.393 3.99827 -1.62861
0.394 3.98954 -1.60839
0.395 3.96525 -1.57913
0.396 3.92552 -1.54094
0.397 3.87054 -1.49397
0.398 3.80054 -1.43839
0.399 3.71582 -1.37444
0.4 3.61676 -1.30238
0.401 3.50377 -1.22249
0.402 3.37734 -1.13511
0.403 3.23801 -1.0406
0.404 3.08638 -0.939352
0.405 2.92307 -0.831798
0.406 2.7488 -0.718388
0.407 2.56431 -0.5996
0.408 2.37037 -0.475939
0.409 2.16782 -0.347931
0.41 1.95752 -0.21612
0.411 1.74037 -0.0810692
0.412 1.51729 0.0566422
0.413 1.28924 0.196424
0.414 1.0572 0.337675
0.415 0.822168 0.479787
0.416 0.585147 0.622146
0.417 0.347161 0.764137
0.418 0.109239 0.905144
0.419 -0.12759 1.04456
0.42 -0.362299 1.18176
0.421 -0.593865 1.31617
0.422 -0.821279 1.44719
0.423 -1.04354 1.57425
0.424 -1.25969 1.69679
0.425 -1.46875 1.81427
0.426 -1.66981 1.92617
0.427 -1.86196 2.032
0.428 -2.04436 2.13129
0.429 -2.21618 2.22359
0.43 -2.37663 2.30849
0.431 -2.52499 2.38562
0.432 -2.66056 2.45462
0.433 -2.78272 2.51517
0.434 -2.89089 2.56701
0.435 -2.98453 2.60988
0.436 -3.0632 2.6436
0.437 -3.12648 2.66799
0.438 -3.17404 2.68294
0.439 -3.2056 2.68836
0.44 -3.22096 2.68421
0.441 -3.21998 2.6705
0.442 -3.20258 2.64728
0.443 -3.16876 2.61463
0.444 -3.11859 2.57267
0.445 -3.0522 2.52159
0.446 -2.96979 2.46158
0.447 -2.87163 2.3929
0.448 -2.75807 2.31585
0.449 -2.6295 2.23074
0.45 -2.4864 2.13794
0.451 -2.32928 2.03785
0.452 -2.15875 1.93091
0.453 -1.97546 1.81759
0.454 -1.7801 1.69836
0.455 -1.57344 1.57377
0.456 -1.35629 1.44436
0.457 -1.1295 1.31069
0.458 -0.89397 1.17338
0.459 -0.650643 1.03302
0.46 -0.400495 0.890254
0.461 -0.144533 0.745718
0.462 0.116204 0.600068
0.463 0.380657 0.453966
0.464 0.647743 0.308079
0.465 0.916366 0.163076
0.466 1.18542 0.0196278
0.467 1.45378 -0.1216
0.468 1.72035 -0.259948
0.469 1.98399 -0.394765
0.47 2.24362 -0.525412
0.471 2.49813 -0.651264
0.472 2.74644 -0.771715
0.473 2.98749 -0.886178
0.474 3.22026 -0.994089
0.475 3.44375 -1.09491
0.476 3.65697 -1.18813
0.477 3.85901 -1.27327
0.478 4.04896 -1.34987
0.479 4.226 -1.41754
0.48 4.38932 -1.47588
0.481 4.53819 -1.52456
0.482 4.67191 -1.56327
0.483 4.78987 -1.59177
0.484 4.8915 -1.60984
0.485 4.97629 -1.6173
0.486 5.04382 -1.61403
0.487 5.09372 -1.59994
0.488 5.12569 -1.57501
0.489 5.13952 -1.53924
0.49 5.13505 -1.4927
0.491 5.11221 -1.4355
0.492 5.07099 -1.36777
0.493 5.01148 -1.28973
0.494 4.93381 -1.20163
0.495 4.83821 -1.10374
0.496 4.72498 -0.996418
0.497 4.59448 -0.880031
0.498 4.44716 -0.755002
0.499 4.28352 -0.621795
0.5 4.10414 -0.480908
0.501 3.90967 -0.332879
0.502 3.70082 -0.178281
0.503 3.47834 -0.0177172
0.504 3.24308 0.148175
0.505 2.9959 0.318733
0.506 2.73774 0.493268
0.507 2.46958 0.671067
0.508 2.19244 0.851398
0.509 1.90739 1.03351
0.51 1.61552 1.21665
0.511 1.31798 1.40003
0.512 1.0159 1.58287
0.513 0.710472 1.76439
0.514 0.402893 1.9438
0.515 0.094371 2.1203
0.516 -0.213878 2.29313
0.517 -0.520636 2.46149
0.518 -0.824684 2.62464
0.519 -1.12481 2.78182
0.52 -1.41982 2.9323
0.521 -1.70854 3.07537
0.522 -1.9898 3.21035
0.523 -2.26247 3.33656
0.524 -2.52545 3.4534
0.525 -2.77767 3.56025
0.526 -3.01812 3.65655
0.527 -3.24581 3.74178
0.528 -3.45981 3.81546
0.529 -3.65924 3.87713
0.53 -3.84328 3.92641
0.531 -4.01117 3.96292
0.532 -4.16222 3.98638
0.533 -4.29577 3.99653
0.534 -4.41129 3.99315
0.535 -4.50826 3.97609
0.536 -4.58628 3.94525
0.537 -4.645 3.90059
0.538 -4.68416 3.8421
0.539 -4.70357 3.76986
0.54 -4.70312 3.68396
0.541 -4.68279 3.58459
0.542 -4.64264 3.47195
0.543 -4.58279 3.34634
0.544 -4.50345 3.20807
0.545 -4.40494 3.05752
0.546 -4.28761 2.89514
0.547 -4.15193 2.72138
0.548 -3.99841 2.53678
0.549 -3.82765 2.34191
0.55 -3.64034 2.13739
0.551 -3.4372 1.92387
0.552 -3.21905 1.70204
0.553 -2.98676 1.47264
0.554 -2.74126 1.23644
0.555 -2.48354 0.994224
0.556 -2.21463 0.746821
0.557 -1.93563 0.495081
0.558 -1.64766 0.239874
0.559 -1.3519 -0.0179103
0.56 -1.04956 -0.277369
0.561 -0.741868 -0.537585
0.562 -0.43009 -0.797635
0.563 -0.115509 -1.05659
0.564 0.200577 -1.31352
0.565 0.51686 -1.56751
0.566 0.832028 -1.81762
0.567 1.14477 -2.06295
0.568 1.45378 -2.30261
0.569 1.75776 -2.53571
0.57 2.05543 -2.7614
0.571 2.34555 -2.97883
0.572 2.62687 -3.18721
0.573 2.8982 -3.38576
0.574 3.15839 -3.57373
0.575 3.4063 -3.75042
0.576 3.64087 -3.91516
0.577 3.86108 -4.06732
0.578 4.06595 -4.20633
0.579 4.25459 -4.33166
0.58 4.42614 -4.44281
0.581 4.57983 -4.53937
0.582 4.71494 -4.62096
0.583 4.83084 -4.68725
0.584 4.92698 -4.73798
0.585 5.00286 -4.77294
0.586 5.05808 -4.79198
0.587 5.09232 -4.79502
0.588 5.10536 -4.78202
0.589 5.09702 -4.75302
0.59 5.06725 -4.70811
0.591 5.01607 -4.64745
0.592 4.94358 -4.57124
0.593 4.84997 -4.47976
0.594 4.73552 -4.37334
0.595 4.60058 -4.25236
0.596 4.44561 -4.11728
0.597 4.27113 -3.96859
0.598 4.07774 -3.80684
0.599 3.86613 -3.63263
0.6 3.63705 -3.44663
0.601 3.39133 -3.24951
0.602 3.12988 -3.04202
0.603 2.85366 -2.82495
0.604 2.56369 -2.59911
0.605 2.26106 -2.36536
0.606 1.9469 -2.12458
0.607 1.6224 -1.87769
0.608 1.28879 -1.62562
0.609 0.947343 -1.36934
0.61 0.599363 -1.10983
0.611 0.246184 -0.848068
0.612 -0.110837 -0.585065
0.613 -0.47032 -0.321827
0.614 -0.830877 -0.0593642
0.615 -1.19111 0.201314
0.616 -1.54961 0.459206
0.617 -1.905 0.713316
0.618 -2.25587 0.962664
0.619 -2.60086 1.20629
0.62 -2.93861 1.44324
0.621 -3.2678 1.67261
0.622 -3.58713 1.8935
0.623 -3.89534 2.10506
0.624 -4.19121 2.30645
0.625 -4.47357 2.49691
0.626 -4.7413 2.67567
0.627 -4.99333 2.84204
0.628 -5.22866 2.99537
0.629 -5.44634 3.13505
0.63 -5.64551 3.26053
0.631 -5.82535 3.37132
0.632 -5.98515 3.46697
0.633 -6.12426 3.5471
0.634 -6.24211 3.61139
0.635 -6.33821 3.65956
0.636 -6.41216 3.69143
0.637 -6.46366 3.70685
0.638 -6.49248 3.70575
0.639 -6.49849 3.68811
0.64 -6.48163 3.65399
0.641 -6.44197 3.6035
0.642 -6.37963 3.53683
0.643 -6.29484 3.45422
0.644 -6.18791 3.35596
0.645 -6.05926 3.24243
0.646 -5.90937 3.11405
0.647 -5.73881 2.97129
0.648 -5.54825 2.8147
0.649 -5.33842 2.64487
0.65 -5.11014 2.46244
0.651 -4.86429 2.2681
0.652 -4.60184 2.06259
0.653 -4.3238 1.84668
0.654 -4.03127 1.62121
0.655 -3.7254 1.38703
0.656 -3.40739 1.14504
0.657 -3.07849 0.896153
0.658 -2.73998 0.641325
0.659 -2.39321 0.38153
0.66 -2.03955 0.117761
0.661 -1.68038 -0.148973
0.662 -1.31712 -0.417651
0.663 -0.951223 -0.687246
0.664 -0.58412 -0.956724
0.665 -0.217266 -1.22505
0.666 0.147885 -1.49121
0.667 0.509888 -1.75417
0.668 0.86731 -2.01293
0.669 1.21873 -2.2665
0.67 1.56277 -2.51391
0.671 1.89805 -2.75422
0.672 2.22325 -2.98649
0.673 2.53707 -3.20986
0.674 2.83828 -3.42346
0.675 3.12568 -3.62648
0.676 3.39814 -3.81814
0.677 3.65456 -3.99772
0.678 3.89395 -4.16454
0.679 4.11534 -4.31796
0.68 4.31788 -4.4574
0.681 4.50075 -4.58234
0.682 4.66324 -4.69231
0.683 4.80471 -4.78689
0.684 4.92461 -4.86573
0.685 5.02247 -4.92855
0.686 5.09791 -4.97512
0.687 5.15065 -5.00527
0.688 5.18049 -5.0189
0.689 5.18732 -5.01597
0.69 5.17115 -4.99651
0.691 5.13205 -4.96062
0.692 5.07019 -4.90844
0.693 4.98585 -4.84019
0.694 4.87938 -4.75616
0.695 4.75124 -4.65669
0.696 4.60196 -4.54217
0.697 4.43217 -4.41306
0.698 4.24257 -4.26988
0.699 4.03395 -4.11319
0.7 3.80718 -3.94362
0.701 3.56319 -3.76183
0.702 3.303 -3.56853
0.703 3.02767 -3.36449
0.704 2.73836 -3.1505
0.705 2.43626 -2.9274
0.706 2.12261 -2.69605
0.707 1.79871 -2.45736
0.708 1.46591 -2.21226
0.709 1.12557 -1.96168
0.71 0.779111 -1.70661
0.711 0.427959 -1.44801
0.712 0.0735698 -1.1869
0.713 -0.282588 -0.924258
0.714 -0.639038 -0.661104
0.715 -0.994301 -0.398439
0.716 -1.3469 -0.137261
0.717 -1.69538 0.121438
0.718 -2.03827 0.37668
0.719 -2.37416 0.627505
0.72 -2.70165 0.872972
0.721 -3.01935 1.11216
0.722 -3.32596 1.34419
0.723 -3.62017 1.5682
0.724 -3.90075 1.78336
0.725 -4.16653 1.9889
0.726 -4.41637 2.18406
0.727 -4.64922 2.36816
0.728 -4.86409 2.54053
0.729 -5.06006 2.70059
0.73 -5.23628 2.84776
0.731 -5.39199 2.98157
0.732 -5.52651 3.10157
0.733 -5.63924 3.20737
0.734 -5.72968 3.29865
0.735 -5.79741 3.37515
0.736 -5.8421 3.43667
0.737 -5.86351 3.48306
0.738 -5.86152 3.51425
0.739 -5.83607 3.53022
0.74 -5.78722 3.53102
0.741 -5.71511 3.51676
0.742 -5.61999 3.48761
0.743 -5.50218 3.4438
0.744 -5.36212 3.38563
0.745 -5.20032 3.31345
0.746 -5.01739 3.22767
0.747 -4.81401 3.12874
0.748 -4.59097 3.0172
0.749 -4.34912 2.8936
0.75 -4.08939 2.75857
0.751 -3.81278 2.61276
0.752 -3.52038 2.45689
0.753 -3.21332 2.29171
0.754 -2.89281 2.11799
0.755 -2.56009 1.93655
0.756 -2.21647 1.74825
0.757 -1.86332 1.55396
0.758 -1.502 1.35458
0.759 -1.13397 1.15103
0.76 -0.760652 0.94425
0.761 -0.38354 0.735176
0.762 -0.00412156 0.524766
0.763 0.3761 0.31398
0.764 0.755617 0.103775
0.765 1.13293 -0.104895
0.766 1.50653 -0.311084
0.767 1.87494 -0.513859
0.768 2.23669 -0.712301
0.769 2.59036 -0.905513
0.77 2.93452 -1.09262
0.771 3.26782 -1.27277
0.772 3.58893 -1.44516
0.773 3.89657 -1.60899
0.774 4.18952 -1.76353
0.775 4.46662 -1.90806
0.776 4.72676 -2.04193
0.777 4.96891 -2.16453
0.778 5.19212 -2.27528
0.779 5.3955 -2.37366
0.78 5.57824 -2.45923
0.781 5.73963 -2.53157
0.782 5.87903 -2.59032
0.783 5.99589 -2.63521
0.784 6.08977 -2.66599
0.785 6.16029 -2.6825
0.786 6.20721 -2.68463
0.787 6.23033 -2.67232
0.788 6.22959 -2.6456
0.789 6.20502 -2.60454
0.79 6.15672 -2.54927
0.791 6.08493 -2.47999
0.792 5.98994 -2.39697
0.793 5.87216 -2.30052
0.794 5.73211 -2.19102
0.795 5.57035 -2.06891
0.796 5.38758 -1.93466
0.797 5.18455 -1.78882
0.798 4.96212 -1.63199
0.799 4.72121 -1.46479
0.8 4.46281 -1.28792
0.801 4.18802 -1.1021
0.802 3.89796 -0.908103
0.803 3.59384 -0.706723
0.804 3.27693 -0.498799
0.805 2.94853 -0.285198
0.806 2.61001 -0.0668102
0.807 2.26278 0.15545
0.808 1.90826 0.380652
0.809 1.54794 0.607847
0.81 1.18331 0.836079
0.811 0.815882 1.06438
0.812 0.44718 1.2918
0.813 0.0787375 1.51735
0.814 -0.287915 1.74008
0.815 -0.651253 1.95905
0.816 -1.00976 2.17331
0.817 -1.36196 2.38194
0.818 -1.70636 2.58406
0.819 -2.04154 2.77878
0.82 -2.36609 2.96526
0.821 -2.67866 3.14269
0.822 -2.97794 3.3103
0.823 -3.26267 3.46734
0.824 -3.53166 3.61313
0.825 -3.78377 3.74702
0.826 -4.01794 3.8684
0.827 -4.23318 3.97672
0.828 -4.42857 4.0715
0.829 -4.60328 4.15227
0.83 -4.75656 4.21867
0.831 -4.88775 4.27037
0.832 -4.99627 4.30709
0.833 -5.08164 4.32864
0.834 -5.14349 4.33487
0.835 -5.18152 4.32571
0.836 -5.19553 4.30115
0.837 -5.18545 4.26123
0.838 -5.15127 4.20606
0.839 -5.09311 4.13583
0.84 -5.01116 4.05077
0.841 -4.90572 3.95119
0.842 -4.77721 3.83744
0.843 -4.6261 3.70996
0.844 -4.453 3.56923
0.845 -4.25857 3.41577
0.846 -4.04359 3.25019
0.847 -3.80891 3.07313
0.848 -3.55547 2.88527
0.849 -3.28427 2.68736
0.85 -2.99641 2.48017
0.851 -2.69305 2.26454
0.852 -2.3754 2.04132
0.853 -2.04475 1.8114
0.854 -1.70245 1.57572
0.855 -1.34987 1.33521
0.856 -0.988457 1.09085
0.857 -0.619678 0.843634
0.858 -0.245038 0.594564
0.859 0.133932 0.344657
0.86 0.51568 0.0949337
0.861 0.898641 -0.153581
0.862 1.28124 -0.399865
0.863 1.66191 -0.642904
0.864 2.03907 -0.881692
0.865 2.41117 -1.11524
0.866 2.77667 -1.34257
0.867 3.13405 -1.56275
0.868 3.48183 -1.77484
0.869 3.81855 -1.97796
0.87 4.14282 -2.17124
0.871 4.45326 -2.35388
0.872 4.74857 -2.52509
0.873 5.02752 -2.68414
0.874 5.28891 -2.83035
0.875 5.53163 -2.96307
0.876 5.75464 -3.08174
0.877 5.95698 -3.18583
0.878 6.13776 -3.27486
0.879 6.29621 -3.34844
0.88 6.43159 -3.40622
0.881 6.54331 -3.44792
0.882 6.63085 -3.47332
0.883 6.69377 -3.48228
0.884 6.73176 -3.47472
0.885 6.74459 -3.45061
0.886 6.73213 -3.41002
0.887 6.69437 -3.35307
0.888 6.63139 -3.27993
0.889 6.54336 -3.19088
0.89 6.43056 -3.08622
0.891 6.29339 -2.96635
0.892 6.13231 -2.83171
0.893 5.94792 -2.68281
0.894 5.74087 -2.52023
0.895 5.51193 -2.3446
0.896 5.26197 -2.15659
0.897 4.9919 -1.95695
0.898 4.70276 -1.74646
0.899 4.39565 -1.52595
0.9 4.07173 -1.29631
0.901 3.73224 -1.05845
0.902 3.3785 -0.813323
0.903 3.01186 -0.561917
0.904 2.63374 -0.305248
0.905 2.24561 -0.0443593
0.906 1.84897 0.219688
0.907 1.44536 0.485816
0.908 1.03636 0.752932
0.909 0.623567 1.01994
0.91 0.208586 1.28573
0.911 -0.206955 1.5492
0.912 -0.621431 1.80926
0.913 -1.03322 2.06482
0.914 -1.4407 2.31481
0.915 -1.84227 2.55816
0.916 -2.23636 2.79385
0.917 -2.62141 3.02087
0.918 -2.99592 3.23824
0.919 -3.3584 3.44503
0.92 -3.70744 3.64033
0.921 -4.04164 3.82328
0.922 -4.35971 3.99307
0.923 -4.66038 4.14894
0.924 -4.94247 4.29016
0.925 -5.20487 4.41609
0.926 -5.44654 4.52613
0.927 -5.66654 4.61974
0.928 -5.864 4.69643
0.929 -6.03814 4.75581
0.93 -6.18827 4.79753
0.931 -6.31382 4.82131
0.932 -6.4143 4.82696
0.933 -6.4893 4.81432
0.934 -6.53855 4.78335
0.935 -6.56187 4.73404
0.936 -6.55916 4.66648
0.937 -6.53046 4.58082
0.938 -6.47589 4.47728
0.939 -6.39568 4.35615
0.94 -6.29016 4.2178
0.941 -6.15978 4.06266
0.942 -6.00507 3.89123
0.943 -5.82666 3.70406
0.944 -5.62528 3.50178
0.945 -5.40175 3.28509
0.946 -5.15699 3.05472
0.947 -4.89199 2.81147
0.948 -4.60782 2.55619
0.949 -4.30565 2.28978
0.95 -3.98671 2.01319
0.951 -3.65228 1.7274
0.952 -3.30373 1.43344
0.953 -2.94248 1.13237
0.954 -2.57 0.825278
0.955 -2.1878 0.513275
0.956 -1.79743 0.197499
0.957 -1.40049 -0.120897
0.958 -0.998588 -0.440746
0.959 -0.593364 -0.760875
0.96 -0.186467 -1.08011
0.961 0.220444 -1.39727
0.962 0.625709 -1.71118
0.963 1.02767 -2.02069
0.964 1.4247 -2.32466
0.965 1.81516 -2.62194
0.966 2.19746 -2.91146
0.967 2.57003 -3.19212
0.968 2.93135 -3.46289
0.969 3.27993 -3.72276
0.97 3.61434 -3.97077
0.971 3.9332 -4.206
0.972 4.23521 -4.42758
0.973 4.5191 -4.63467
0.974 4.78371 -4.82652
0.975 5.02794 -5.00242
0.976 5.25076 -5.16172
0.977 5.45125 -5.30382
0.978 5.62856 -5.42822
0.979 5.78194 -5.53446
0.98 5.91073 -5.62214
0.981 6.01439 -5.69097
0.982 6.09244 -5.74069
0.983 6.14454 -5.77114
0.984 6.17044 -5.78222
0.985 6.17 -5.77392
0.986 6.14316 -5.74628
0.987 6.09001 -5.69943
0.988 6.01071 -5.63358
0.989 5.90553 -5.54899
0.99 5.77487 -5.44602
0.991 5.6192 -5.32507
0.992 5.43911 -5.18664
0.993 5.23528 -5.03127
0.994 5.0085 -4.85958
0.995 4.75962 -4.67225
0.996 4.48961 -4.47002
0.997 4.19951 -4.25368
0.998 3.89046 -4.02409
0.999 3.56366 -3.78213
1 3.22037 -3.52876
