0.001 3.3506e-008 2.56957e-009
0.002 3.05793e-007 2.06325e-008
0.003 1.44465e-006 8.55959e-008
0.004 4.79406e-006 2.51094e-007
0.005 1.27051e-005 5.95345e-007
0.006 2.88173e-005 1.22512e-006
0.007 5.83269e-005 2.28177e-006
0.008 0.00010824 3.9497e-006
0.009 0.000187611 6.46768e-006
0.01 0.000307757 1.01433e-005
0.011 0.000482451 1.53711e-005
0.012 0.0007281 2.26541e-005
0.013 0.00106388 3.26297e-005
0.014 0.00151187 4.60993e-005
0.015 0.00209713 6.40628e-005
0.016 0.00284774 8.7757e-005
0.017 0.0037949 0.000118698
0.018 0.00497283 0.000158729
0.019 0.00641881 0.000210072
0.02 0.00817309 0.000275382
0.021 0.0102788 0.000357808
0.022 0.0127817 0.000461053
0.023 0.0157302 0.000589445
0.024 0.0191751 0.000748002
0.025 0.0231693 0.000942506
0.026 0.0277675 0.00117957
0.027 0.033026 0.00146673
0.028 0.0390025 0.0018125
0.029 0.0457555 0.00222645
0.03 0.0533439 0.0027193
0.031 0.061827 0.00330297
0.032 0.0712637 0.00399069
0.033 0.0817121 0.00479701
0.034 0.0932294 0.00573791
0.035 0.105871 0.00683087
0.036 0.11969 0.00809488
0.037 0.134738 0.00955052
0.038 0.151063 0.01122
0.039 0.168707 0.0131273
0.04 0.187713 0.0152978
0.041 0.208115 0.017759
0.042 0.229945 0.0205398
0.043 0.253227 0.0236709
0.044 0.277982 0.0271847
0.045 0.304222 0.0311155
0.046 0.331955 0.0354988
0.047 0.361179 0.040372
0.048 0.391888 0.0457741
0.049 0.424065 0.0517451
0.05 0.457686 0.0583268
0.051 0.492721 0.0655621
0.052 0.529129 0.0734948
0.053 0.566861 0.0821699
0.054 0.605858 0.0916332
0.055 0.646056 0.101931
0.056 0.687377 0.11311
0.057 0.729739 0.125218
0.058 0.773047 0.138302
0.059 0.8172 0.152408
0.06 0.862088 0.167583
0.061 0.907592 0.183874
0.062 0.953585 0.201325
0.063 0.999932 0.219979
0.064 1.04649 0.23988
0.065 1.09312 0.261067
0.066 1.13965 0.28358
0.067 1.18593 0.307454
0.068 1.23179 0.332721
0.069 1.27706 0.359414
0.07 1.32156 0.387558
0.071 1.36511 0.417177
0.072 1.40754 0.44829
0.073 1.44866 0.480912
0.074 1.48828 0.515054
0.075 1.52622 0.550721
0.076 1.56229 0.587914
0.077 1.59631 0.626626
0.078 1.62809 0.666848
0.079 1.65747 0.708563
0.08 1.68427 0.751747
0.081 1.70831 0.79637
0.082 1.72943 0.842397
0.083 1.74749 0.889784
0.084 1.76232 0.93848
0.085 1.7738 0.988428
0.086 1.78178 1.03956
0.087 1.78615 1.09182
0.088 1.78681 1.1451
0.089 1.78364 1.19934
0.09 1.77658 1.25442
0.091 1.76555 1.31026
0.092 1.75049 1.36675
0.093 1.73136 1.42375
0.094 1.70813 1.48116
0.095 1.6808 1.53884
0.096 1.64937 1.59666
0.097 1.61385 1.65446
0.098 1.5743 1.7121
0.099 1.53076 1.76942
0.1 1.48331 1.82626
0.101 1.43204 1.88246
0.102 1.37705 1.93783
0.103 1.31848 1.99222
0.104 1.25647 2.04542
0.105 1.19116 2.09727
0.106 1.12275 2.14758
0.107 1.05143 2.19615
0.108 0.977392 2.2428
0.109 0.900872 2.28734
0.11 0.822105 2.32958
0.111 0.741343 2.36932
0.112 0.658852 2.40638
0.113 0.574908 2.44057
0.114 0.489801 2.47171
0.115 0.40383 2.49962
0.116 0.317302 2.52411
0.117 0.230534 2.54502
0.118 0.14385 2.56218
0.119 0.0575788 2.57542
0.12 -0.0279466 2.58461
0.121 -0.112389 2.58959
0.122 -0.195411 2.59022
0.123 -0.276673 2.58639
0.124 -0.355838 2.57797
0.125 -0.432571 2.56486
0.126 -0.506542 2.54697
0.127 -0.577423 2.52421
0.128 -0.644898 2.49652
0.129 -0.708655 2.46384
0.13 -0.768395 2.42612
0.131 -0.823829 2.38336
0.132 -0.874681 2.33552
0.133 -0.920688 2.28262
0.134 -0.961605 2.22468
0.135 -0.997201 2.16173
0.136 -1.02726 2.09383
0.137 -1.0516 2.02104
0.138 -1.07004 1.94345
0.139 -1.08244 1.86117
0.14 -1.08866 1.77431
0.141 -1.08859 1.68301
0.142 -1.08217 1.58743
0.143 -1.06933 1.48773
0.144 -1.05004 1.3841
0.145 -1.02429 1.27675
0.146 -0.992119 1.1659
0.147 -0.953564 1.05178
0.148 -0.908703 0.934633
0.149 -0.857639 0.814733
0.15 -0.800503 0.692354
0.151 -0.737452 0.567789
0.152 -0.66867 0.441339
0.153 -0.594368 0.313321
0.154 -0.514782 0.184059
0.155 -0.430174 0.0538906
0.156 -0.34083 -0.0768412
0.157 -0.247062 -0.207784
0.158 -0.149203 -0.338578
0.159 -0.0476073 -0.46886
0.16 0.0573479 -0.59826
0.161 0.165267 -0.726405
0.162 0.275737 -0.852923
0.163 0.388326 -0.977436
0.164 0.502589 -1.09957
0.165 0.618066 -1.21896
0.166 0.734286 -1.33522
0.167 0.850768 -1.448
0.168 0.967021 -1.55693
0.169 1.08255 -1.66167
0.17 1.19685 -1.76187
0.171 1.30943 -1.85719
0.172 1.41977 -1.94731
0.173 1.52738 -2.03193
0.174 1.63176 -2.11074
0.175 1.73241 -2.18347
0.176 1.82885 -2.24985
0.177 1.9206 -2.30963
0.178 2.00721 -2.36258
0.179 2.08822 -2.4085
0.18 2.16319 -2.44718
0.181 2.23172 -2.47847
0.182 2.29341 -2.50222
0.183 2.34789 -2.51831
0.184 2.3948 -2.52663
0.185 2.43382 -2.52712
0.186 2.46465 -2.51973
0.187 2.48702 -2.50442
0.188 2.5007 -2.48122
0.189 2.50547 -2.45014
0.19 2.50116 -2.41124
0.191 2.48762 -2.3646
0.192 2.46474 -2.31034
0.193 2.43246 -2.24859
0.194 2.39074 -2.17952
0.195 2.33957 -2.10331
0.196 2.27899 -2.02018
0.197 2.20907 -1.93037
0.198 2.12994 -1.83415
0.199 2.04172 -1.73181
0.2 1.94462 -1.62367
0.201 1.83884 -1.51006
0.202 1.72466 -1.39134
0.203 1.60236 -1.26789
0.204 1.47228 -1.14011
0.205 1.33477 -1.00842
0.206 1.19025 -0.873251
0.207 1.03912 -0.735062
0.208 0.881854 -0.594316
0.209 0.718939 -0.451491
0.21 0.550887 -0.307079
0.211 0.378239 -0.161578
0.212 0.201559 -0.0154978
0.213 0.0214303 0.130647
0.214 -0.161541 0.276338
0.215 -0.346734 0.421053
0.216 -0.533511 0.564268
0.217 -0.721223 0.705462
0.218 -0.909211 0.844114
0.219 -1.09681 0.97971
0.22 -1.28334 1.11174
0.221 -1.46814 1.23971
0.222 -1.65052 1.36312
0.223 -1.82983 1.4815
0.224 -2.00538 1.59438
0.225 -2.17653 1.70132
0.226 -2.34262 1.80188
0.227 -2.50303 1.89565
0.228 -2.65714 1.98224
0.229 -2.80435 2.06127
0.23 -2.94408 2.13242
0.231 -3.07579 2.19535
0.232 -3.19894 2.24976
0.233 -3.31303 2.2954
0.234 -3.4176 2.33202
0.235 -3.51222 2.35943
0.236 -3.59647 2.37743
0.237 -3.67001 2.38589
0.238 -3.7325 2.38469
0.239 -3.78366 2.37375
0.24 -3.82324 2.35303
0.241 -3.85105 2.32252
0.242 -3.86692 2.28224
0.243 -3.87074 2.23224
0.244 -3.86244 2.17262
0.245 -3.84201 2.10351
0.246 -3.80946 2.02505
0.247 -3.76486 1.93746
0.248 -3.70834 1.84095
0.249 -3.64005 1.73579
0.25 -3.56022 1.62226
0.251 -3.46909 1.50069
0.252 -3.36696 1.37144
0.253 -3.25419 1.23488
0.254 -3.13115 1.09142
0.255 -2.99829 0.941514
0.256 -2.85606 0.785607
0.257 -2.70499 0.624189
0.258 -2.54561 0.457767
0.259 -2.3785 0.286868
0.26 -2.20429 0.112038
0.261 -2.02361 -0.0661611
0.262 -1.83714 -0.247152
0.263 -1.64559 -0.430346
0.264 -1.44966 -0.615143
0.265 -1.2501 -0.800936
0.266 -1.04769 -0.987109
0.267 -0.843181 -1.17304
0.268 -0.637372 -1.35812
0.269 -0.431059 -1.54172
0.27 -0.225041 -1.72323
0.271 -0.0201238 -1.90203
0.272 0.182889 -2.07752
0.273 0.383198 -2.24911
0.274 0.580011 -2.4162
0.275 0.772545 -2.57824
0.276 0.960032 -2.73466
0.277 1.14172 -2.88493
0.278 1.31688 -3.02854
0.279 1.48479 -3.16499
0.28 1.64478 -3.29381
0.281 1.79618 -3.41455
0.282 1.93838 -3.52681
0.283 2.07079 -3.63018
0.284 2.19284 -3.72432
0.285 2.30403 -3.80889
0.286 2.40388 -3.88361
0.287 2.49195 -3.94821
0.288 2.56788 -4.00247
0.289 2.63131 -4.04621
0.29 2.68195 -4.07927
0.291 2.71957 -4.10153
0.292 2.74397 -4.11293
0.293 2.75503 -4.11343
0.294 2.75264 -4.10303
0.295 2.73679 -4.08177
0.296 2.7075 -4.04973
0.297 2.66484 -4.00702
0.298 2.60895 -3.95381
0.299 2.54 -3.89028
0.3 2.45825 -3.81667
0.301 2.36396 -3.73323
0.302 2.2575 -3.64028
0.303 2.13925 -3.53813
0.304 2.00965 -3.42717
0.305 1.8692 -3.30779
0.306 1.71842 -3.18042
0.307 1.55789 -3.0455
0.308 1.38823 -2.90353
0.309 1.21011 -2.75502
0.31 1.02422 -2.60049
0.311 0.831288 -2.44049
0.312 0.632076 -2.2756
0.313 0.427375 -2.1064
0.314 0.218 -1.93349
0.315 0.00479014 -1.75748
0.316 -0.211399 -1.579
0.317 -0.429694 -1.39868
0.318 -0.649211 -1.21716
0.319 -0.869057 -1.03506
0.32 -1.08833 -0.853038
0.321 -1.30614 -0.671718
0.322 -1.52158 -0.491735
0.323 -1.73376 -0.313712
0.324 -1.94181 -0.138265
0.325 -2.14484 0.0340045
0.326 -2.34201 0.202507
0.327 -2.53248 0.366671
0.328 -2.71545 0.525943
0.329 -2.89014 0.67979
0.33 -3.05578 0.827702
0.331 -3.21167 0.969194
0.332 -3.35712 1.10381
0.333 -3.49149 1.23111
0.334 -3.61417 1.35071
0.335 -3.72461 1.46223
0.336 -3.8223 1.56533
0.337 -3.90679 1.65972
0.338 -3.97765 1.74513
0.339 -4.03453 1.82133
0.34 -4.07714 1.88813
0.341 -4.10522 1.94536
0.342 -4.1186 1.99293
0.343 -4.11713 2.03074
0.344 -4.10076 2.05877
0.345 -4.06946 2.07701
0.346 -4.0233 2.0855
0.347 -3.96236 2.08433
0.348 -3.88684 2.0736
0.349 -3.79694 2.05348
0.35 -3.69297 2.02416
0.351 -3.57525 1.98587
0.352 -3.4442 1.93888
0.353 -3.30026 1.88348
0.354 -3.14395 1.82001
0.355 -2.97582 1.74883
0.356 -2.79647 1.67034
0.357 -2.60658 1.58496
0.358 -2.40682 1.49315
0.359 -2.19795 1.39537
0.36 -1.98075 1.29213
0.361 -1.75603 1.18394
0.362 -1.52463 1.07134
0.363 -1.28744 0.954889
0.364 -1.04536 0.835153
0.365 -0.799312 0.712713
0.366 -0.550242 0.588157
0.367 -0.299108 0.462082
0.368 -0.0468784 0.33509
0.369 0.20547 0.207782
0.37 0.456958 0.0807623
0.371 0.706608 -0.0453709
0.372 0.953447 -0.170024
0.373 1.19651 -0.29261
0.374 1.43485 -0.412555
0.375 1.66752 -0.529296
0.376 1.89363 -0.642287
0.377 2.11227 -0.750997
0.378 2.32258 -0.854917
0.379 2.52374 -0.953558
0.38 2.71496 -1.04646
0.381 2.89547 -1.13318
0.382 3.06457 -1.2133
0.383 3.22158 -1.28646
0.384 3.36589 -1.35229
0.385 3.49692 -1.41048
0.386 3.61416 -1.46075
0.387 3.71715 -1.50285
0.388 3.80547 -1.53656
0.389 3.87879 -1.56172
0.39 3.93682 -1.57817
0.391 3.97933 -1.58583
0.392 4.00617 -1.58462
0.393 4.01724 -1.57454
0.394 4.01249 -1.5556
0.395 3.99198 -1.52785
0.396 3.95579 -1.49139
0.397 3.90409 -1.44635
0.398 3.83711 -1.39291
0.399 3.75512 -1.33128
0.4 3.65849 -1.26169
0.401 3.54762 -1.18444
0.402 3.423 -1.09984
0.403 3.28514 -1.00822
0.404 3.13464 -0.909987
0.405 2.97213 -0.805533
0.406 2.79831 -0.695298
0.407 2.61391 -0.579748
0.408 2.41972 -0.459368
0.409 2.21656 -0.33467
0.41 2.0053 -0.206182
0.411 1.78684 -0.0744525
0.412 1.56211 0.0599558
0.413 1.33208 0.196467
0.414 1.09772 0.334495
0.415 0.860049 0.473444
0.416 0.620082 0.612715
0.417 0.378854 0.751705
0.418 0.137406 0.889811
0.419 -0.103216 1.02643
0.42 -0.341969 1.16097
0.421 -0.577813 1.29284
0.422 -0.809719 1.42147
0.423 -1.03667 1.54628
0.424 -1.25767 1.66672
0.425 -1.47175 1.78227
0.426 -1.67795 1.89241
0.427 -1.87535 1.99665
0.428 -2.06308 2.09453
0.429 -2.24028 2.18559
0.43 -2.40614 2.26944
0.431 -2.55992 2.34569
0.432 -2.70089 2.414
0.433 -2.8284 2.47403
0.434 -2.94185 2.52553
0.435 -3.04067 2.56823
0.436 -3.12439 2.60195
0.437 -3.19257 2.6265
0.438 -3.24485 2.64176
0.439 -3.28094 2.64765
0.44 -3.3006 2.64411
0.441 -3.30367 2.63115
0.442 -3.29005 2.60879
0.443 -3.25972 2.57712
0.444 -3.21272 2.53625
0.445 -3.14917 2.48635
0.446 -3.06926 2.4276
0.447 -2.97324 2.36026
0.448 -2.86142 2.2846
0.449 -2.73421 2.20093
0.45 -2.59205 2.10961
0.451 -2.43546 2.01103
0.452 -2.26504 1.9056
0.453 -2.08141 1.79378
0.454 -1.88529 1.67605
0.455 -1.67742 1.55293
0.456 -1.45861 1.42494
0.457 -1.22973 1.29266
0.458 -0.991662 1.15666
0.459 -0.745364 1.01755
0.46 -0.491813 0.875943
0.461 -0.232028 0.732479
0.462 0.0329466 0.587799
0.463 0.302036 0.442558
0.464 0.574145 0.297415
0.465 0.848163 0.153033
0.466 1.12296 0.0100747
0.467 1.39741 -0.130798
0.468 1.67038 -0.268929
0.469 1.94072 -0.403672
0.47 2.2073 -0.53439
0.471 2.46902 -0.66046
0.472 2.72475 -0.781275
0.473 2.97343 -0.896249
0.474 3.21398 -1.00481
0.475 3.44538 -1.10643
0.476 3.66662 -1.20058
0.477 3.87674 -1.28679
0.478 4.07483 -1.36459
0.479 4.26001 -1.43357
0.48 4.43145 -1.49334
0.481 4.58837 -1.54355
0.482 4.73007 -1.5839
0.483 4.85587 -1.61411
0.484 4.96519 -1.63396
0.485 5.0575 -1.64327
0.486 5.13231 -1.64189
0.487 5.18925 -1.62974
0.488 5.22799 -1.60676
0.489 5.24827 -1.57296
0.49 5.24991 -1.52837
0.491 5.23282 -1.47309
0.492 5.19696 -1.40725
0.493 5.14238 -1.33105
0.494 5.06921 -1.24471
0.495 4.97765 -1.1485
0.496 4.86798 -1.04275
0.497 4.74053 -0.927815
0.498 4.59575 -0.804105
0.499 4.43412 -0.672065
0.5 4.2562 -0.532178
0.501 4.06264 -0.384968
0.502 3.85413 -0.230991
0.503 3.63144 -0.0708399
0.504 3.39538 0.0948642
0.505 3.14683 0.26547
0.506 2.88673 0.4403
0.507 2.61606 0.618654
0.508 2.33586 0.799809
0.509 2.04718 0.983025
0.51 1.75115 1.16755
0.511 1.44889 1.35261
0.512 1.1416 1.53743
0.513 0.830452 1.72123
0.514 0.516673 1.90322
0.515 0.201492 2.08262
0.516 -0.113852 2.25865
0.517 -0.428114 2.43053
0.518 -0.740049 2.59749
0.519 -1.04842 2.75879
0.52 -1.35199 2.91368
0.521 -1.64956 3.06145
0.522 -1.93993 3.20141
0.523 -2.22193 3.33288
0.524 -2.49442 3.45524
0.525 -2.75631 3.56785
0.526 -3.00652 3.67016
0.527 -3.24405 3.76162
0.528 -3.46791 3.84172
0.529 -3.6772 3.91001
0.53 -3.87105 3.96607
0.531 -4.04865 4.00952
0.532 -4.20927 4.04004
0.533 -4.35223 4.05736
0.534 -4.47693 4.06123
0.535 -4.58284 4.05149
0.536 -4.6695 4.02801
0.537 -4.73654 3.99071
0.538 -4.78365 3.93958
0.539 -4.8106 3.87464
0.54 -4.81726 3.79599
0.541 -4.80356 3.70377
0.542 -4.76954 3.59818
0.543 -4.71529 3.47945
0.544 -4.641 3.3479
0.545 -4.54694 3.20387
0.546 -4.43346 3.04778
0.547 -4.30098 2.88006
0.548 -4.15003 2.70123
0.549 -3.98117 2.51182
0.55 -3.79508 2.31243
0.551 -3.59247 2.1037
0.552 -3.37415 1.88629
0.553 -3.14098 1.66091
0.554 -2.89389 1.42831
0.555 -2.63387 1.18927
0.556 -2.36196 0.944588
0.557 -2.07924 0.695101
0.558 -1.78687 0.441664
0.559 -1.48602 0.185152
0.56 -1.17792 -0.0735413
0.561 -0.863815 -0.333512
0.562 -0.54499 -0.593845
0.563 -0.22275 -0.853617
0.564 0.101585 -1.11191
0.565 0.426678 -1.36779
0.566 0.751188 -1.62034
0.567 1.07377 -1.86866
0.568 1.39309 -2.11185
0.569 1.70781 -2.34901
0.57 2.01662 -2.57928
0.571 2.31822 -2.80183
0.572 2.61134 -3.01583
0.573 2.89474 -3.22049
0.574 3.16721 -3.41506
0.575 3.42759 -3.59882
0.576 3.67476 -3.77107
0.577 3.90766 -3.93117
0.578 4.12526 -4.07853
0.579 4.3266 -4.21258
0.58 4.5108 -4.33283
0.581 4.67703 -4.43881
0.582 4.82453 -4.53012
0.583 4.95261 -4.60641
0.584 5.06066 -4.66738
0.585 5.14816 -4.71279
0.586 5.21465 -4.74247
0.587 5.25977 -4.75628
0.588 5.28324 -4.75417
0.589 5.28486 -4.73614
0.59 5.26452 -4.70224
0.591 5.22221 -4.65259
0.592 5.15799 -4.58736
0.593 5.07201 -4.50679
0.594 4.96453 -4.41118
0.595 4.83586 -4.30087
0.596 4.68643 -4.17628
0.597 4.51673 -4.03786
0.598 4.32736 -3.88614
0.599 4.11896 -3.72168
0.6 3.89229 -3.5451
0.601 3.64815 -3.35706
0.602 3.38744 -3.15827
0.603 3.11111 -2.94948
0.604 2.82018 -2.73149
0.605 2.51574 -2.50511
0.606 2.19893 -2.2712
0.607 1.87093 -2.03066
0.608 1.53299 -1.78441
0.609 1.18638 -1.53337
0.61 0.832439 -1.27851
0.611 0.472504 -1.0208
0.612 0.107959 -0.761225
0.613 -0.259793 -0.500785
0.614 -0.629336 -0.240477
0.615 -0.99924 0.0186994
0.616 -1.36807 0.275749
0.617 -1.7344 0.529681
0.618 -2.0968 0.779518
0.619 -2.45385 1.0243
0.62 -2.80417 1.26307
0.621 -3.14637 1.49491
0.622 -3.47912 1.71893
0.623 -3.80111 1.93425
0.624 -4.11107 2.14005
0.625 -4.40777 2.33551
0.626 -4.69004 2.51988
0.627 -4.95676 2.69245
0.628 -5.20688 2.85252
0.629 -5.4394 2.99949
0.63 -5.65338 3.13277
0.631 -5.84798 3.25184
0.632 -6.02241 3.35622
0.633 -6.17597 3.44551
0.634 -6.30803 3.51935
0.635 -6.41807 3.57745
0.636 -6.50563 3.61955
0.637 -6.57034 3.64551
0.638 -6.61193 3.65519
0.639 -6.63022 3.64855
0.64 -6.62513 3.62561
0.641 -6.59665 3.58644
0.642 -6.54487 3.53118
0.643 -6.46999 3.46003
0.644 -6.37227 3.37326
0.645 -6.25211 3.27118
0.646 -6.10994 3.15419
0.647 -5.94632 3.02273
0.648 -5.76187 2.87728
0.649 -5.55732 2.7184
0.65 -5.33346 2.5467
0.651 -5.09117 2.36283
0.652 -4.83138 2.16749
0.653 -4.55512 1.96141
0.654 -4.26346 1.7454
0.655 -3.95756 1.52028
0.656 -3.63862 1.2869
0.657 -3.30789 1.04616
0.658 -2.96668 0.79898
0.659 -2.61632 0.546309
0.66 -2.25822 0.289113
0.661 -1.89377 0.0283785
0.662 -1.52442 -0.234896
0.663 -1.15163 -0.499701
0.664 -0.776882 -0.765022
0.665 -0.401655 -1.02984
0.666 -0.0274356 -1.29314
0.667 0.344291 -1.55392
0.668 0.712051 -1.81118
0.669 1.07438 -2.06392
0.67 1.42985 -2.31119
0.671 1.77705 -2.55204
0.672 2.11459 -2.78555
0.673 2.44113 -3.01082
0.674 2.75539 -3.227
0.675 3.0561 -3.43326
0.676 3.34208 -3.62882
0.677 3.6122 -3.81294
0.678 3.86537 -3.98491
0.679 4.10059 -4.14408
0.68 4.31694 -4.28986
0.681 4.51356 -4.4217
0.682 4.68966 -4.5391
0.683 4.84456 -4.64163
0.684 4.97764 -4.72891
0.685 5.08838 -4.80061
0.686 5.17635 -4.85648
0.687 5.24122 -4.89632
0.688 5.28272 -4.92
0.689 5.30072 -4.92744
0.69 5.29515 -4.91864
0.691 5.26605 -4.89365
0.692 5.21356 -4.8526
0.693 5.1379 -4.79565
0.694 5.03939 -4.72305
0.695 4.91846 -4.63511
0.696 4.7756 -4.53218
0.697 4.61141 -4.41469
0.698 4.42657 -4.28311
0.699 4.22186 -4.13796
0.7 3.99811 -3.97984
0.701 3.75625 -3.80937
0.702 3.49728 -3.62724
0.703 3.22228 -3.43416
0.704 2.93237 -3.23089
0.705 2.62875 -3.01825
0.706 2.31268 -2.79706
0.707 1.98546 -2.5682
0.708 1.64845 -2.33256
0.709 1.30302 -2.09107
0.71 0.950619 -1.84467
0.711 0.592693 -1.59431
0.712 0.230725 -1.34097
0.713 -0.133788 -1.08563
0.714 -0.499336 -0.829284
0.715 -0.864405 -0.572908
0.716 -1.22748 -0.317493
0.717 -1.58705 -0.0640175
0.718 -1.94163 0.186551
0.719 -2.28973 0.433259
0.72 -2.62992 0.675171
0.721 -2.96076 0.911374
0.722 -3.28088 1.14098
0.723 -3.58893 1.36313
0.724 -3.88362 1.577
0.725 -4.16371 1.78181
0.726 -4.42802 1.97679
0.727 -4.67544 2.16124
0.728 -4.9049 2.33451
0.729 -5.11543 2.49596
0.73 -5.30613 2.64505
0.731 -5.47617 2.78125
0.732 -5.62482 2.9041
0.733 -5.75141 3.01321
0.734 -5.85538 3.10822
0.735 -5.93626 3.18885
0.736 -5.99367 3.25487
0.737 -6.02731 3.30612
0.738 -6.03701 3.3425
0.739 -6.02266 3.36395
0.74 -5.98428 3.37051
0.741 -5.92195 3.36225
0.742 -5.83589 3.33931
0.743 -5.72639 3.3019
0.744 -5.59383 3.25028
0.745 -5.43871 3.18477
0.746 -5.26159 3.10575
0.747 -5.06316 3.01365
0.748 -4.84415 2.90897
0.749 -4.60541 2.79224
0.75 -4.34786 2.66405
0.751 -4.07248 2.52503
0.752 -3.78036 2.37587
0.753 -3.47263 2.21729
0.754 -3.15048 2.05004
0.755 -2.81519 1.87492
0.756 -2.46806 1.69275
0.757 -2.11046 1.5044
0.758 -1.74381 1.31073
0.759 -1.36954 1.11265
0.76 -0.989135 0.91108
0.761 -0.604102 0.706942
0.762 -0.215965 0.501179
0.763 0.173738 0.294737
0.764 0.563461 0.0885629
0.765 0.951656 -0.116399
0.766 1.33678 -0.319211
0.767 1.7173 -0.518943
0.768 2.09171 -0.714683
0.769 2.45851 -0.905534
0.77 2.81624 -1.09062
0.771 3.16347 -1.2691
0.772 3.49883 -1.44014
0.773 3.82098 -1.60296
0.774 4.12863 -1.75682
0.775 4.42055 -1.90098
0.776 4.69559 -2.03479
0.777 4.95264 -2.15762
0.778 5.19069 -2.26888
0.779 5.40878 -2.36805
0.78 5.60606 -2.45465
0.781 5.78173 -2.52825
0.782 5.9351 -2.58849
0.783 6.06556 -2.63505
0.784 6.17261 -2.6677
0.785 6.25582 -2.68622
0.786 6.31487 -2.69049
0.787 6.34954 -2.68044
0.788 6.3597 -2.65607
0.789 6.34533 -2.61742
0.79 6.3065 -2.5646
0.791 6.24338 -2.49781
0.792 6.15626 -2.41726
0.793 6.04549 -2.32325
0.794 5.91155 -2.21615
0.795 5.75499 -2.09636
0.796 5.57647 -1.96434
0.797 5.37674 -1.82061
0.798 5.15662 -1.66575
0.799 4.91703 -1.50037
0.8 4.65897 -1.32514
0.801 4.38349 -1.14077
0.802 4.09175 -0.948004
0.803 3.78496 -0.747633
0.804 3.46437 -0.540477
0.805 3.13133 -0.32739
0.806 2.78721 -0.10925
0.807 2.43343 0.113038
0.808 2.07147 0.33855
0.809 1.70282 0.566347
0.81 1.32901 0.795476
0.811 0.951591 1.02498
0.812 0.572134 1.25388
0.813 0.192212 1.48123
0.814 -0.186596 1.70606
0.815 -0.562713 1.92742
0.816 -0.934574 2.14436
0.817 -1.30063 2.35596
0.818 -1.65935 2.56131
0.819 -2.00924 2.75953
0.82 -2.34883 2.94977
0.821 -2.67671 3.13119
0.822 -2.99149 3.303
0.823 -3.29186 3.46447
0.824 -3.57654 3.61486
0.825 -3.84434 3.75351
0.826 -4.09412 3.87981
0.827 -4.32482 3.99318
0.828 -4.53546 4.0931
0.829 -4.72513 4.1791
0.83 -4.89301 4.25077
0.831 -5.03838 4.30778
0.832 -5.1606 4.34981
0.833 -5.25913 4.37664
0.834 -5.33351 4.38812
0.835 -5.3834 4.38412
0.836 -5.40856 4.36461
0.837 -5.40883 4.32961
0.838 -5.38417 4.27921
0.839 -5.33464 4.21356
0.84 -5.26039 4.13287
0.841 -5.1617 4.03743
0.842 -5.03891 3.92756
0.843 -4.89249 3.80367
0.844 -4.72301 3.66623
0.845 -4.53111 3.51573
0.846 -4.31754 3.35275
0.847 -4.08314 3.17793
0.848 -3.82882 2.99192
0.849 -3.55561 2.79546
0.85 -3.26458 2.58931
0.851 -2.9569 2.37428
0.852 -2.63379 2.15122
0.853 -2.29656 1.92101
0.854 -1.94655 1.68457
0.855 -1.58517 1.44284
0.856 -1.2139 1.1968
0.857 -0.834225 0.947428
0.858 -0.447689 0.695735
0.859 -0.0558634 0.442738
0.86 0.339658 0.189465
0.861 0.737262 -0.0630544
0.862 1.13532 -0.313788
0.863 1.53221 -0.561708
0.864 1.9263 -0.805797
0.865 2.31598 -1.04505
0.866 2.69962 -1.27848
0.867 3.07567 -1.50511
0.868 3.44254 -1.724
0.869 3.79874 -1.93424
0.87 4.14277 -2.13495
0.871 4.4732 -2.32527
0.872 4.78864 -2.50441
0.873 5.08778 -2.6716
0.874 5.36935 -2.82612
0.875 5.63216 -2.96731
0.876 5.8751 -3.09456
0.877 6.09711 -3.20729
0.878 6.29724 -3.30502
0.879 6.47462 -3.3873
0.88 6.62847 -3.45374
0.881 6.7581 -3.50404
0.882 6.86292 -3.53793
0.883 6.94243 -3.55523
0.884 6.99625 -3.55583
0.885 7.02407 -3.53966
0.886 7.02572 -3.50674
0.887 7.00111 -3.45717
0.888 6.95028 -3.39108
0.889 6.87334 -3.3087
0.89 6.77053 -3.21032
0.891 6.6422 -3.09629
0.892 6.48878 -2.96702
0.893 6.31082 -2.82299
0.894 6.10896 -2.66476
0.895 5.88394 -2.49291
0.896 5.63659 -2.3081
0.897 5.36783 -2.11106
0.898 5.07868 -1.90254
0.899 4.77023 -1.68335
0.9 4.44365 -1.45437
0.901 4.1002 -1.21649
0.902 3.74117 -0.970646
0.903 3.36797 -0.717826
0.904 2.98202 -0.459035
0.905 2.58481 -0.19531
0.906 2.17789 0.07229
0.907 1.76283 0.342684
0.908 1.34126 0.614777
0.909 0.914797 0.887465
0.91 0.485122 1.15963
0.911 0.0539092 1.43017
0.912 -0.377156 1.69796
0.913 -0.806386 1.9619
0.914 -1.2321 2.2209
0.915 -1.65262 2.47388
0.916 -2.06631 2.71978
0.917 -2.47153 2.95756
0.918 -2.8667 3.18623
0.919 -3.25025 3.4048
0.92 -3.62069 3.61234
0.921 -3.97654 3.80796
0.922 -4.31641 3.9908
0.923 -4.63896 4.16006
0.924 -4.94292 4.31498
0.925 -5.22709 4.45487
0.926 -5.49034 4.57907
0.927 -5.73165 4.68701
0.928 -5.95006 4.77815
0.929 -6.14471 4.85206
0.93 -6.31484 4.90832
0.931 -6.45977 4.94662
0.932 -6.57894 4.9667
0.933 -6.67189 4.96837
0.934 -6.73825 4.95153
0.935 -6.77777 4.91612
0.936 -6.7903 4.86219
0.937 -6.77581 4.78982
0.938 -6.73435 4.69921
0.939 -6.66611 4.59059
0.94 -6.57137 4.46427
0.941 -6.45053 4.32066
0.942 -6.30407 4.16019
0.943 -6.13259 3.98339
0.944 -5.93679 3.79085
0.945 -5.71748 3.58321
0.946 -5.47553 3.36119
0.947 -5.21193 3.12554
0.948 -4.92776 2.87709
0.949 -4.62415 2.61671
0.95 -4.30236 2.34532
0.951 -3.96367 2.06388
0.952 -3.60947 1.77339
0.953 -3.24118 1.47491
0.954 -2.86031 1.16949
0.955 -2.46841 0.858255
0.956 -2.06705 0.542323
0.957 -1.65787 0.222845
0.958 -1.24253 -0.0990163
0.959 -0.822716 -0.422084
0.96 -0.400141 -0.745177
0.961 0.0234807 -1.06711
0.962 0.446424 -1.3867
0.963 0.866968 -1.70278
0.964 1.2834 -2.01418
0.965 1.69401 -2.31975
0.966 2.09714 -2.61837
0.967 2.49114 -2.90894
0.968 2.87439 -3.19039
0.969 3.24532 -3.46168
0.97 3.60241 -3.7218
0.971 3.94421 -3.96981
0.972 4.26929 -4.20478
0.973 4.57632 -4.42586
0.974 4.86404 -4.63224
0.975 5.13125 -4.82315
0.976 5.37685 -4.9979
0.977 5.5998 -5.15586
0.978 5.79917 -5.29645
0.979 5.97413 -5.41917
0.98 6.12393 -5.52358
0.981 6.24793 -5.60931
0.982 6.34559 -5.67607
0.983 6.41648 -5.72363
0.984 6.46027 -5.75184
0.985 6.47674 -5.76062
0.986 6.46579 -5.74998
0.987 6.42741 -5.71998
0.988 6.36171 -5.67077
0.989 6.26893 -5.60258
0.99 6.14937 -5.51569
0.991 6.00349 -5.41046
0.992 5.83183 -5.28734
0.993 5.63503 -5.14683
0.994 5.41383 -4.98949
0.995 5.16909 -4.81595
0.996 4.90174 -4.62692
0.997 4.61282 -4.42315
0.998 4.30344 -4.20545
0.999 3.9748 -3.97468
1 3.62819 -3.73176
