0.001 3.40397e-008 2.55242e-009
0.002 3.10052e-007 2.04996e-008
0.003 1.46216e-006 8.50735e-008
0.004 4.84477e-006 2.49677e-007
0.005 1.28234e-005 5.92336e-007
0.006 2.90554e-005 1.21982e-006
0.007 5.87586e-005 2.27387e-006
0.008 0.000108964 3.93993e-006
0.009 0.000188752 6.45884e-006
0.01 0.00030947 1.01417e-005
0.011 0.000484922 1.53885e-005
0.012 0.000731547 2.27102e-005
0.013 0.00106856 3.27553e-005
0.014 0.00151806 4.63405e-005
0.015 0.00210514 6.44858e-005
0.016 0.00285793 8.84536e-005
0.017 0.00380764 0.000119793
0.018 0.00498853 0.000160387
0.019 0.00643791 0.000212509
0.02 0.00819602 0.000278872
0.021 0.010306 0.000362698
0.022 0.0128137 0.000467775
0.023 0.0157675 0.00059853
0.024 0.0192182 0.000760097
0.025 0.0232186 0.000958389
0.026 0.0278236 0.00120017
0.027 0.0330893 0.00149315
0.028 0.0390734 0.00184603
0.029 0.0458344 0.00226861
0.03 0.0534312 0.00277184
0.031 0.0619231 0.00336791
0.032 0.0713688 0.00407033
0.033 0.0818265 0.00489398
0.034 0.0933532 0.00585518
0.035 0.106004 0.00697179
0.036 0.119833 0.0082632
0.037 0.134891 0.00975045
0.038 0.151224 0.0114562
0.039 0.168878 0.0134048
0.04 0.187893 0.0156224
0.041 0.208304 0.0181369
0.042 0.230141 0.0209777
0.043 0.253431 0.0241763
0.044 0.278193 0.0277657
0.045 0.30444 0.0317805
0.046 0.332178 0.0362574
0.047 0.361408 0.0412342
0.048 0.392121 0.0467504
0.049 0.424301 0.0528472
0.05 0.457926 0.0595668
0.051 0.492963 0.0669528
0.052 0.529371 0.0750499
0.053 0.567103 0.0839037
0.054 0.606101 0.0935608
0.055 0.646298 0.104068
0.056 0.687618 0.115473
0.057 0.729978 0.127824
0.058 0.773285 0.141169
0.059 0.817437 0.155554
0.06 0.862323 0.171027
0.061 0.907827 0.187635
0.062 0.95382 0.205423
0.063 1.00017 0.224435
0.064 1.04673 0.244714
0.065 1.09336 0.2663
0.066 1.1399 0.289232
0.067 1.18619 0.313547
0.068 1.23206 0.339276
0.069 1.27735 0.366451
0.07 1.32188 0.395099
0.071 1.36546 0.425241
0.072 1.40792 0.456898
0.073 1.44908 0.490083
0.074 1.48874 0.524807
0.075 1.52673 0.561074
0.076 1.56287 0.598883
0.077 1.59696 0.638228
0.078 1.62883 0.679097
0.079 1.6583 0.721472
0.08 1.6852 0.765328
0.081 1.70936 0.810634
0.082 1.73062 0.857352
0.083 1.74882 0.905435
0.084 1.76381 0.954833
0.085 1.77546 1.00549
0.086 1.78363 1.05732
0.087 1.78822 1.11028
0.088 1.7891 1.16426
0.089 1.78618 1.21918
0.09 1.77938 1.27495
0.091 1.76863 1.33145
0.092 1.75388 1.38858
0.093 1.73507 1.44621
0.094 1.71219 1.50422
0.095 1.68523 1.56248
0.096 1.65419 1.62084
0.097 1.61908 1.67915
0.098 1.57996 1.73727
0.099 1.53688 1.79503
0.1 1.48991 1.85226
0.101 1.43913 1.9088
0.102 1.38467 1.96447
0.103 1.32664 2.01909
0.104 1.26518 2.07248
0.105 1.20046 2.12445
0.106 1.13265 2.17481
0.107 1.06194 2.22337
0.108 0.988538 2.26993
0.109 0.912665 2.31432
0.11 0.83456 2.35632
0.111 0.754472 2.39575
0.112 0.672665 2.43242
0.113 0.589414 2.46613
0.114 0.505007 2.49671
0.115 0.41974 2.52396
0.116 0.333919 2.54771
0.117 0.247858 2.56779
0.118 0.161878 2.58403
0.119 0.0763062 2.59626
0.12 -0.00852767 2.60434
0.121 -0.0922896 2.60812
0.122 -0.174644 2.60747
0.123 -0.255256 2.60225
0.124 -0.33379 2.59236
0.125 -0.409916 2.57769
0.126 -0.483305 2.55815
0.127 -0.553635 2.53365
0.128 -0.620591 2.50414
0.129 -0.683867 2.46956
0.13 -0.743165 2.42987
0.131 -0.798201 2.38505
0.132 -0.848702 2.3351
0.133 -0.894409 2.28002
0.134 -0.935079 2.21983
0.135 -0.970486 2.15458
0.136 -1.00042 2.08433
0.137 -1.02469 2.00914
0.138 -1.04314 1.92912
0.139 -1.05561 1.84437
0.14 -1.06197 1.75502
0.141 -1.06213 1.66121
0.142 -1.056 1.56311
0.143 -1.04354 1.46088
0.144 -1.02471 1.35474
0.145 -0.99952 1.24488
0.146 -0.967982 1.13154
0.147 -0.930151 1.01496
0.148 -0.886104 0.89539
0.149 -0.835945 0.773112
0.15 -0.779806 0.648409
0.151 -0.717844 0.521581
0.152 -0.650244 0.39294
0.153 -0.577216 0.26281
0.154 -0.498996 0.131525
0.155 -0.415845 -0.000572186
0.156 -0.328048 -0.133128
0.157 -0.235916 -0.265782
0.158 -0.139778 -0.398167
0.159 -0.0399899 -0.529912
0.16 0.0630765 -0.660639
0.161 0.169028 -0.789971
0.162 0.277454 -0.917525
0.163 0.387927 -1.04292
0.164 0.500005 -1.16577
0.165 0.613234 -1.28571
0.166 0.727147 -1.40236
0.167 0.841267 -1.51534
0.168 0.95511 -1.6243
0.169 1.06818 -1.72887
0.17 1.18 -1.82872
0.171 1.29005 -1.92351
0.172 1.39785 -2.0129
0.173 1.50289 -2.0966
0.174 1.60469 -2.1743
0.175 1.70277 -2.24573
0.176 1.79663 -2.31061
0.177 1.88582 -2.3687
0.178 1.96989 -2.41978
0.179 2.04838 -2.46363
0.18 2.12088 -2.50008
0.181 2.18698 -2.52895
0.182 2.24629 -2.55011
0.183 2.29844 -2.56345
0.184 2.34309 -2.56886
0.185 2.37994 -2.56628
0.186 2.40868 -2.55568
0.187 2.42905 -2.53703
0.188 2.44083 -2.51035
0.189 2.44381 -2.47568
0.19 2.43783 -2.43309
0.191 2.42274 -2.38266
0.192 2.39845 -2.32453
0.193 2.36488 -2.25883
0.194 2.32202 -2.18575
0.195 2.26986 -2.10549
0.196 2.20845 -2.01828
0.197 2.13787 -1.92436
0.198 2.05822 -1.82403
0.199 1.96967 -1.71759
0.2 1.87241 -1.60536
0.201 1.76665 -1.4877
0.202 1.65267 -1.36498
0.203 1.53075 -1.23759
0.204 1.40123 -1.10596
0.205 1.26448 -0.970512
0.206 1.12089 -0.831695
0.207 0.970884 -0.689978
0.208 0.814929 -0.54584
0.209 0.653507 -0.399774
0.21 0.487131 -0.252283
0.211 0.316338 -0.103882
0.212 0.141689 0.0449104
0.213 -0.0362349 0.193566
0.214 -0.216835 0.341555
0.215 -0.399493 0.488343
0.216 -0.58358 0.633397
0.217 -0.768452 0.776186
0.218 -0.953457 0.916181
0.219 -1.13794 1.05286
0.22 -1.32123 1.1857
0.221 -1.50266 1.31421
0.222 -1.68157 1.43788
0.223 -1.85731 1.55623
0.224 -2.02921 1.6688
0.225 -2.19662 1.77512
0.226 -2.35892 1.87478
0.227 -2.51547 1.96736
0.228 -2.66569 2.05246
0.229 -2.80897 2.12972
0.23 -2.94476 2.19879
0.231 -3.07252 2.25936
0.232 -3.19173 2.31113
0.233 -3.30191 2.35385
0.234 -3.40261 2.38729
0.235 -3.49339 2.41123
0.236 -3.57388 2.42553
0.237 -3.64373 2.43004
0.238 -3.70262 2.42465
0.239 -3.75027 2.40931
0.24 -3.78647 2.38397
0.241 -3.81102 2.34865
0.242 -3.82377 2.30336
0.243 -3.82462 2.2482
0.244 -3.81351 2.18326
0.245 -3.79044 2.10869
0.246 -3.75544 2.02467
0.247 -3.70859 1.9314
0.248 -3.65001 1.82914
0.249 -3.57989 1.71815
0.25 -3.49843 1.59876
0.251 -3.40591 1.4713
0.252 -3.30263 1.33615
0.253 -3.18893 1.19371
0.254 -3.06523 1.04441
0.255 -2.93194 0.888704
0.256 -2.78954 0.727078
0.257 -2.63854 0.560037
0.258 -2.4795 0.388106
0.259 -2.313 0.211834
0.26 -2.13964 0.031785
0.261 -1.96007 -0.151459
0.262 -1.77496 -0.337303
0.263 -1.58502 -0.525139
0.264 -1.39095 -0.71435
0.265 -1.1935 -0.90431
0.266 -0.993413 -1.09439
0.267 -0.791468 -1.28395
0.268 -0.588442 -1.47237
0.269 -0.385121 -1.659
0.27 -0.182298 -1.84321
0.271 0.0192324 -2.02439
0.272 0.218679 -2.20192
0.273 0.415255 -2.37519
0.274 0.608178 -2.5436
0.275 0.796682 -2.70659
0.276 0.980011 -2.86359
0.277 1.15743 -3.01407
0.278 1.32821 -3.15749
0.279 1.49168 -3.29337
0.28 1.64715 -3.42122
0.281 1.79399 -3.54062
0.282 1.93159 -3.65114
0.283 2.05938 -3.7524
0.284 2.17683 -3.84403
0.285 2.28343 -3.92573
0.286 2.37873 -3.99721
0.287 2.46231 -4.0582
0.288 2.53381 -4.10851
0.289 2.5929 -4.14795
0.29 2.63932 -4.17638
0.291 2.67284 -4.1937
0.292 2.69329 -4.19985
0.293 2.70054 -4.19482
0.294 2.69453 -4.17861
0.295 2.67524 -4.15128
0.296 2.64271 -4.11294
0.297 2.59703 -4.06371
0.298 2.53834 -4.00377
0.299 2.46685 -3.93334
0.3 2.3828 -3.85267
0.301 2.28649 -3.76203
0.302 2.17828 -3.66177
0.303 2.05856 -3.55222
0.304 1.92778 -3.43378
0.305 1.78644 -3.30687
0.306 1.63509 -3.17195
0.307 1.47429 -3.02948
0.308 1.30469 -2.87999
0.309 1.12693 -2.72399
0.31 0.941714 -2.56205
0.311 0.749774 -2.39473
0.312 0.55187 -2.22263
0.313 0.348789 -2.04636
0.314 0.141342 -1.86653
0.315 -0.0696358 -1.6838
0.316 -0.283295 -1.49879
0.317 -0.498771 -1.31215
0.318 -0.715187 -1.12456
0.319 -0.93166 -0.936647
0.32 -1.1473 -0.749082
0.321 -1.36122 -0.562514
0.322 -1.57254 -0.37759
0.323 -1.78038 -0.194948
0.324 -1.98387 -0.0152157
0.325 -2.18215 0.160992
0.326 -2.3744 0.333075
0.327 -2.55979 0.500453
0.328 -2.73753 0.662564
0.329 -2.90686 0.818867
0.33 -3.06705 0.968847
0.331 -3.2174 1.11201
0.332 -3.35725 1.24791
0.333 -3.48596 1.3761
0.334 -3.60297 1.49618
0.335 -3.70773 1.60779
0.336 -3.79976 1.71059
0.337 -3.87862 1.80429
0.338 -3.94392 1.88863
0.339 -3.99531 1.96338
0.34 -4.03254 2.02835
0.341 -4.05536 2.08341
0.342 -4.06361 2.12844
0.343 -4.05717 2.16339
0.344 -4.03601 2.18822
0.345 -4.00012 2.20295
0.346 -3.94957 2.20764
0.347 -3.88449 2.20238
0.348 -3.80505 2.18731
0.349 -3.71151 2.16259
0.35 -3.60416 2.12845
0.351 -3.48336 2.08512
0.352 -3.34952 2.0329
0.353 -3.20311 1.97211
0.354 -3.04463 1.90309
0.355 -2.87466 1.82623
0.356 -2.69382 1.74196
0.357 -2.50276 1.65071
0.358 -2.30218 1.55295
0.359 -2.09283 1.44919
0.36 -1.8755 1.33994
0.361 -1.65099 1.22574
0.362 -1.42015 1.10716
0.363 -1.18386 0.984766
0.364 -0.94302 0.859146
0.365 -0.698542 0.730902
0.366 -0.451366 0.600645
0.367 -0.202442 0.468988
0.368 0.0472709 0.336552
0.369 0.296808 0.203957
0.37 0.545201 0.0718219
0.371 0.791487 -0.0592378
0.372 1.03471 -0.188613
0.373 1.27391 -0.315705
0.374 1.50817 -0.439924
0.375 1.73656 -0.560697
0.376 1.95819 -0.677465
0.377 2.1722 -0.789689
0.378 2.37773 -0.896851
0.379 2.57398 -0.998454
0.38 2.76018 -1.09403
0.381 2.9356 -1.18313
0.382 3.09955 -1.26535
0.383 3.25137 -1.3403
0.384 3.39048 -1.40762
0.385 3.51632 -1.46701
0.386 3.6284 -1.51818
0.387 3.72628 -1.56088
0.388 3.80957 -1.5949
0.389 3.87797 -1.62007
0.39 3.93119 -1.63626
0.391 3.96904 -1.64338
0.392 3.99138 -1.64138
0.393 3.99814 -1.63023
0.394 3.9893 -1.60997
0.395 3.96491 -1.58067
0.396 3.92508 -1.54244
0.397 3.87001 -1.49541
0.398 3.79992 -1.43978
0.399 3.71512 -1.37576
0.4 3.61598 -1.30362
0.401 3.50293 -1.22366
0.402 3.37644 -1.1362
0.403 3.23706 -1.0416
0.404 3.08537 -0.94027
0.405 2.92203 -0.832624
0.406 2.74773 -0.71912
0.407 2.56321 -0.600236
0.408 2.36926 -0.476477
0.409 2.16671 -0.348369
0.41 1.95641 -0.216458
0.411 1.73927 -0.0813064
0.412 1.51621 0.0565058
0.413 1.28819 0.196388
0.414 1.05618 0.337738
0.415 0.821192 0.479948
0.416 0.584222 0.622403
0.417 0.346295 0.764488
0.418 0.10844 0.905586
0.419 -0.128315 1.04509
0.42 -0.362943 1.18238
0.421 -0.594422 1.31687
0.422 -0.821743 1.44797
0.423 -1.04391 1.5751
0.424 -1.25995 1.6977
0.425 -1.4689 1.81525
0.426 -1.66984 1.92721
0.427 -1.86188 2.03309
0.428 -2.04416 2.13243
0.429 -2.21586 2.22477
0.43 -2.37618 2.30972
0.431 -2.52442 2.38687
0.432 -2.65986 2.4559
0.433 -2.7819 2.51647
0.434 -2.88993 2.56833
0.435 -2.98345 2.61121
0.436 -3.06199 2.64493
0.437 -3.12515 2.66932
0.438 -3.17259 2.68426
0.439 -3.20404 2.68967
0.44 -3.21929 2.68551
0.441 -3.2182 2.67178
0.442 -3.20069 2.64853
0.443 -3.16678 2.61585
0.444 -3.11652 2.57386
0.445 -3.05004 2.52274
0.446 -2.96755 2.46269
0.447 -2.86933 2.39398
0.448 -2.75571 2.31687
0.449 -2.62709 2.23172
0.45 -2.48394 2.13887
0.451 -2.32679 2.03874
0.452 -2.15624 1.93175
0.453 -1.97293 1.81836
0.454 -1.77757 1.69909
0.455 -1.57091 1.57444
0.456 -1.35378 1.44498
0.457 -1.12701 1.31126
0.458 -0.891522 1.1739
0.459 -0.648244 1.03349
0.46 -0.398154 0.890677
0.461 -0.142261 0.746097
0.462 0.118398 0.600404
0.463 0.382761 0.454262
0.464 0.649748 0.308338
0.465 0.918262 0.163303
0.466 1.1872 0.0198246
0.467 1.45544 -0.12143
0.468 1.72186 -0.259799
0.469 1.98537 -0.394634
0.47 2.24484 -0.525294
0.471 2.49919 -0.651156
0.472 2.74734 -0.771612
0.473 2.98822 -0.886075
0.474 3.22082 -0.993982
0.475 3.44412 -1.09479
0.476 3.65716 -1.188
0.477 3.85901 -1.27312
0.478 4.04878 -1.3497
0.479 4.22562 -1.41734
0.48 4.38875 -1.47565
0.481 4.53742 -1.5243
0.482 4.67095 -1.56298
0.483 4.78872 -1.59143
0.484 4.89015 -1.60945
0.485 4.97476 -1.61687
0.486 5.0421 -1.61354
0.487 5.09182 -1.59941
0.488 5.12362 -1.57442
0.489 5.13728 -1.5386
0.49 5.13265 -1.492
0.491 5.10965 -1.43474
0.492 5.06829 -1.36695
0.493 5.00863 -1.28886
0.494 4.93084 -1.20069
0.495 4.83512 -1.10275
0.496 4.72178 -0.995374
0.497 4.59118 -0.878935
0.498 4.44377 -0.753856
0.499 4.28006 -0.620601
0.5 4.10062 -0.479671
0.501 3.9061 -0.331602
0.502 3.69721 -0.176967
0.503 3.47471 -0.016373
0.504 3.23943 0.149545
0.505 2.99225 0.320124
0.506 2.73411 0.494672
0.507 2.46598 0.672479
0.508 2.18888 0.852812
0.509 1.90389 1.03492
0.51 1.61209 1.21804
0.511 1.31463 1.4014
0.512 1.01265 1.58422
0.513 0.707331 1.7657
0.514 0.399874 1.94506
0.515 0.0914849 2.12151
0.516 -0.216619 2.29428
0.517 -0.523221 2.46257
0.518 -0.827102 2.62564
0.519 -1.12705 2.78273
0.52 -1.42188 2.93311
0.521 -1.7104 3.07608
0.522 -1.99146 3.21094
0.523 -2.26392 3.33704
0.524 -2.52668 3.45374
0.525 -2.77869 3.56046
0.526 -3.01891 3.65661
0.527 -3.24637 3.74169
0.528 -3.46014 3.81521
0.529 -3.65934 3.87672
0.53 -3.84315 3.92582
0.531 -4.01081 3.96216
0.532 -4.16161 3.98544
0.533 -4.29494 3.99539
0.534 -4.41023 3.99182
0.535 -4.50698 3.97457
0.536 -4.58478 3.94354
0.537 -4.64329 3.89868
0.538 -4.68224 3.83999
0.539 -4.70145 3.76754
0.54 -4.70082 3.68145
0.541 -4.68031 3.58187
0.542 -4.63998 3.46904
0.543 -4.57997 3.34323
0.544 -4.50049 3.20477
0.545 -4.40184 3.05403
0.546 -4.2844 2.89146
0.547 -4.14861 2.71752
0.548 -3.99499 2.53275
0.549 -3.82416 2.33771
0.55 -3.63679 2.13303
0.551 -3.43361 1.91935
0.552 -3.21543 1.69738
0.553 -2.98313 1.46785
0.554 -2.73763 1.23152
0.555 -2.47993 0.989194
0.556 -2.21106 0.741689
0.557 -1.93211 0.489859
0.558 -1.64422 0.234573
0.559 -1.34855 -0.0232767
0.56 -1.04631 -0.282787
0.561 -0.738742 -0.543042
0.562 -0.427103 -0.803117
0.563 -0.112677 -1.06208
0.564 0.20324 -1.31901
0.565 0.519339 -1.57298
0.566 0.834308 -1.82306
0.567 1.14684 -2.06834
0.568 1.45562 -2.30793
0.569 1.75936 -2.54096
0.57 2.05679 -2.76655
0.571 2.34665 -2.98388
0.572 2.6277 -3.19214
0.573 2.89876 -3.39054
0.574 3.15865 -3.57836
0.575 3.40628 -3.75488
0.576 3.64055 -3.91944
0.577 3.86046 -4.07141
0.578 4.06503 -4.21022
0.579 4.25336 -4.33533
0.58 4.4246 -4.44626
0.581 4.57798 -4.54258
0.582 4.71279 -4.62392
0.583 4.82839 -4.68995
0.584 4.92422 -4.74041
0.585 4.99981 -4.7751
0.586 5.05474 -4.79386
0.587 5.08871 -4.79661
0.588 5.10147 -4.78332
0.589 5.09287 -4.75403
0.59 5.06285 -4.70882
0.591 5.01142 -4.64785
0.592 4.9387 -4.57134
0.593 4.84488 -4.47956
0.594 4.73022 -4.37284
0.595 4.5951 -4.25156
0.596 4.43996 -4.11618
0.597 4.26533 -3.9672
0.598 4.0718 -3.80516
0.599 3.86008 -3.63067
0.6 3.6309 -3.44439
0.601 3.38511 -3.247
0.602 3.1236 -3.03926
0.603 2.84734 -2.82194
0.604 2.55735 -2.59586
0.605 2.25472 -2.36188
0.606 1.94058 -2.12088
0.607 1.61612 -1.87379
0.608 1.28258 -1.62154
0.609 0.941218 -1.36508
0.61 0.593343 -1.10541
0.611 0.240288 -0.843506
0.612 -0.116587 -0.580377
0.613 -0.475907 -0.31703
0.614 -0.83628 -0.0544747
0.615 -1.19631 0.206278
0.616 -1.5546 0.464226
0.617 -1.90975 0.718375
0.618 -2.26037 0.967743
0.619 -2.60509 1.21137
0.62 -2.94256 1.44831
0.621 -3.27146 1.67764
0.622 -3.59048 1.89848
0.623 -3.89837 2.10996
0.624 -4.19392 2.31126
0.625 -4.47594 2.50161
0.626 -4.74332 2.68024
0.627 -4.995 2.84647
0.628 -5.22997 2.99964
0.629 -5.44729 3.13915
0.63 -5.6461 3.26444
0.631 -5.82558 3.37502
0.632 -5.98502 3.47045
0.633 -6.12376 3.55034
0.634 -6.24125 3.61438
0.635 -6.33699 3.6623
0.636 -6.4106 3.69389
0.637 -6.46176 3.70903
0.638 -6.49024 3.70764
0.639 -6.49592 3.6897
0.64 -6.47875 3.65528
0.641 -6.43878 3.60449
0.642 -6.37615 3.5375
0.643 -6.29108 3.45457
0.644 -6.1839 3.35599
0.645 -6.055 3.24214
0.646 -5.90488 3.11343
0.647 -5.73411 2.97035
0.648 -5.54335 2.81344
0.649 -5.33335 2.64329
0.65 -5.10491 2.46055
0.651 -4.85893 2.2659
0.652 -4.59636 2.06009
0.653 -4.31823 1.84389
0.654 -4.02564 1.61814
0.655 -3.71972 1.38369
0.656 -3.40168 1.14143
0.657 -3.07277 0.892289
0.658 -2.73428 0.637221
0.659 -2.38755 0.3772
0.66 -2.03395 0.113218
0.661 -1.67486 -0.153713
0.662 -1.31171 -0.422572
0.663 -0.945937 -0.692332
0.664 -0.578978 -0.961958
0.665 -0.212289 -1.23042
0.666 0.15268 -1.49669
0.667 0.514482 -1.75974
0.668 0.871686 -2.01858
0.669 1.22288 -2.27221
0.67 1.56666 -2.51965
0.671 1.90168 -2.75997
0.672 2.2266 -2.99225
0.673 2.54013 -3.21559
0.674 2.84104 -3.42915
0.675 3.12813 -3.63211
0.676 3.40027 -3.82369
0.677 3.65637 -4.00318
0.678 3.89542 -4.16988
0.679 4.11648 -4.32316
0.68 4.31868 -4.46245
0.681 4.50121 -4.58722
0.682 4.66336 -4.697
0.683 4.80449 -4.79138
0.684 4.92406 -4.87001
0.685 5.02159 -4.9326
0.686 5.0967 -4.97892
0.687 5.14912 -5.00881
0.688 5.17865 -5.02217
0.689 5.18519 -5.01896
0.69 5.16873 -4.99921
0.691 5.12934 -4.96301
0.692 5.06722 -4.91053
0.693 4.98263 -4.84197
0.694 4.87593 -4.75762
0.695 4.74757 -4.65782
0.696 4.59809 -4.54297
0.697 4.42812 -4.41353
0.698 4.23836 -4.27001
0.699 4.02959 -4.11299
0.7 3.80269 -3.94309
0.701 3.5586 -3.76096
0.702 3.29833 -3.56734
0.703 3.02295 -3.36297
0.704 2.7336 -3.14867
0.705 2.43148 -2.92525
0.706 2.11784 -2.6936
0.707 1.79398 -2.45461
0.708 1.46123 -2.20922
0.709 1.12096 -1.95836
0.71 0.774598 -1.70302
0.711 0.423564 -1.44417
0.712 0.0693148 -1.1828
0.713 -0.286683 -0.919935
0.714 -0.642952 -0.656563
0.715 -0.998016 -0.393693
0.716 -1.3504 -0.132326
0.717 -1.69864 0.126547
0.718 -2.04128 0.381949
0.719 -2.3769 0.632917
0.72 -2.7041 0.87851
0.721 -3.02151 1.11781
0.722 -3.32781 1.34993
0.723 -3.6217 1.57402
0.724 -3.90195 1.78924
0.725 -4.16739 1.99482
0.726 -4.41689 2.19001
0.727 -4.64939 2.37412
0.728 -4.8639 2.54649
0.729 -5.05951 2.70652
0.73 -5.23537 2.85366
0.731 -5.39072 2.98742
0.732 -5.52488 3.10735
0.733 -5.63726 3.21307
0.734 -5.72735 3.30425
0.735 -5.79473 3.38065
0.736 -5.83908 3.44204
0.737 -5.86017 3.4883
0.738 -5.85786 3.51935
0.739 -5.83211 3.53516
0.74 -5.78296 3.5358
0.741 -5.71057 3.52137
0.742 -5.61519 3.49204
0.743 -5.49713 3.44804
0.744 -5.35684 3.38968
0.745 -5.19482 3.3173
0.746 -5.01169 3.23131
0.747 -4.80815 3.13218
0.748 -4.58495 3.02043
0.749 -4.34296 2.89662
0.75 -4.08312 2.76137
0.751 -3.80643 2.61536
0.752 -3.51397 2.45927
0.753 -3.20687 2.29388
0.754 -2.88633 2.11995
0.755 -2.55362 1.93831
0.756 -2.21003 1.74981
0.757 -1.85693 1.55533
0.758 -1.49569 1.35576
0.759 -1.12775 1.15203
0.76 -0.754554 0.945065
0.761 -0.377583 0.735821
0.762 0.00167192 0.525251
0.763 0.38171 0.314312
0.764 0.761024 0.103963
0.765 1.13811 -0.104841
0.766 1.51147 -0.311155
0.767 1.87962 -0.514044
0.768 2.2411 -0.712591
0.769 2.59448 -0.905896
0.77 2.93834 -1.09309
0.771 3.27132 -1.27331
0.772 3.59211 -1.44576
0.773 3.89941 -1.60964
0.774 4.19202 -1.76422
0.775 4.46876 -1.90878
0.776 4.72855 -2.04268
0.777 4.97034 -2.16528
0.778 5.19319 -2.27603
0.779 5.3962 -2.3744
0.78 5.57858 -2.45995
0.781 5.7396 -2.53226
0.782 5.87865 -2.59098
0.783 5.99516 -2.63582
0.784 6.08869 -2.66655
0.785 6.15888 -2.683
0.786 6.20546 -2.68507
0.787 6.22827 -2.67269
0.788 6.22723 -2.64589
0.789 6.20237 -2.60475
0.79 6.1538 -2.54939
0.791 6.08175 -2.48003
0.792 5.98652 -2.39692
0.793 5.86852 -2.30039
0.794 5.72826 -2.1908
0.795 5.56633 -2.06859
0.796 5.38339 -1.93425
0.797 5.18023 -1.78832
0.798 4.95768 -1.6314
0.799 4.71667 -1.46412
0.8 4.45821 -1.28717
0.801 4.18337 -1.10127
0.802 3.89329 -0.907199
0.803 3.58918 -0.705751
0.804 3.27229 -0.497765
0.805 2.94395 -0.284107
0.806 2.6055 -0.0656696
0.807 2.25837 0.156634
0.808 1.90398 0.38187
0.809 1.5438 0.609093
0.81 1.17934 0.837345
0.811 0.812102 1.06566
0.812 0.443611 1.29307
0.813 0.0753992 1.51862
0.814 -0.291003 1.74134
0.815 -0.654073 1.96028
0.816 -1.0123 2.17451
0.817 -1.36419 2.3831
0.818 -1.70828 2.58516
0.819 -2.04313 2.77982
0.82 -2.36734 2.96624
0.821 -2.67956 3.14359
0.822 -2.97848 3.31112
0.823 -3.26285 3.46807
0.824 -3.53147 3.61376
0.825 -3.78321 3.74754
0.826 -4.017 3.8688
0.827 -4.23186 3.97701
0.828 -4.42688 4.07166
0.829 -4.60121 4.1523
0.83 -4.75412 4.21857
0.831 -4.88495 4.27012
0.832 -4.99311 4.30671
0.833 -5.07814 4.32811
0.834 -5.13965 4.3342
0.835 -5.17736 4.3249
0.836 -5.19107 4.30019
0.837 -5.1807 4.26012
0.838 -5.14625 4.20481
0.839 -5.08783 4.13444
0.84 -5.00564 4.04924
0.841 -4.9 3.94952
0.842 -4.77129 3.83565
0.843 -4.62002 3.70805
0.844 -4.44677 3.56719
0.845 -4.25222 3.41363
0.846 -4.03715 3.24794
0.847 -3.8024 3.07077
0.848 -3.54892 2.88283
0.849 -3.27771 2.68484
0.85 -2.98986 2.47758
0.851 -2.68654 2.26189
0.852 -2.36896 2.03862
0.853 -2.03841 1.80867
0.854 -1.69623 1.57295
0.855 -1.3438 1.33243
0.856 -0.98257 1.08807
0.857 -0.613998 0.840863
0.858 -0.23959 0.591816
0.859 0.139122 0.341943
0.86 0.520588 0.0922677
0.861 0.903243 -0.156187
0.862 1.28552 -0.402398
0.863 1.66583 -0.645351
0.864 2.04263 -0.884041
0.865 2.41434 -1.11748
0.866 2.77943 -1.34469
0.867 3.13639 -1.56473
0.868 3.48373 -1.77668
0.869 3.82 -1.97964
0.87 4.14381 -2.17276
0.871 4.45378 -2.35522
0.872 4.74862 -2.52625
0.873 5.02708 -2.68511
0.874 5.28798 -2.83112
0.875 5.53021 -2.96364
0.876 5.75273 -3.0821
0.877 5.95458 -3.18596
0.878 6.13488 -3.27478
0.879 6.29285 -3.34813
0.88 6.42776 -3.40569
0.881 6.53902 -3.44716
0.882 6.6261 -3.47233
0.883 6.68859 -3.48107
0.884 6.72615 -3.47328
0.885 6.73858 -3.44895
0.886 6.72573 -3.40814
0.887 6.68761 -3.35098
0.888 6.62427 -3.27763
0.889 6.53592 -3.18838
0.89 6.42282 -3.08353
0.891 6.28537 -2.96347
0.892 6.12405 -2.82866
0.893 5.93943 -2.6796
0.894 5.73219 -2.51687
0.895 5.5031 -2.34109
0.896 5.253 -2.15296
0.897 4.98283 -1.95321
0.898 4.69362 -1.74262
0.899 4.38647 -1.52204
0.9 4.06254 -1.29233
0.901 3.72308 -1.05442
0.902 3.3694 -0.809262
0.903 3.00285 -0.557844
0.904 2.62485 -0.301182
0.905 2.23687 -0.0403172
0.906 1.84041 0.223687
0.907 1.43702 0.489752
0.908 1.02827 0.756787
0.909 0.615746 1.02369
0.91 0.201066 1.28936
0.911 -0.214148 1.5527
0.912 -0.628271 1.8126
0.913 -1.03968 2.06798
0.914 -1.44676 2.31777
0.915 -1.84791 2.56091
0.916 -2.24156 2.79637
0.917 -2.62616 3.02315
0.918 -3.00019 3.24026
0.919 -3.36219 3.44677
0.92 -3.71072 3.64177
0.921 -4.04441 3.82442
0.922 -4.36196 3.99389
0.923 -4.66211 4.14942
0.924 -4.94367 4.29031
0.925 -5.20553 4.41589
0.926 -5.44667 4.52556
0.927 -5.66614 4.6188
0.928 -5.86307 4.69512
0.929 -6.03669 4.75412
0.93 -6.18632 4.79545
0.931 -6.31136 4.81885
0.932 -6.41135 4.8241
0.933 -6.48588 4.81108
0.934 -6.53467 4.77972
0.935 -6.55755 4.73003
0.936 -6.55442 4.66209
0.937 -6.52532 4.57605
0.938 -6.47037 4.47214
0.939 -6.38981 4.35066
0.94 -6.28397 4.21196
0.941 -6.1533 4.05648
0.942 -5.99832 3.88472
0.943 -5.81967 3.69724
0.944 -5.61809 3.49466
0.945 -5.39439 3.27769
0.946 -5.14948 3.04705
0.947 -4.88437 2.80355
0.948 -4.60013 2.54804
0.949 -4.29792 2.28142
0.95 -3.97897 2.00464
0.951 -3.64458 1.71869
0.952 -3.2961 1.42458
0.953 -2.93495 1.12339
0.954 -2.5626 0.816197
0.955 -2.18056 0.504119
0.956 -1.7904 0.188293
0.957 -1.39369 -0.130128
0.958 -0.992052 -0.449977
0.959 -0.587123 -0.770082
0.96 -0.180551 -1.08926
0.961 0.226006 -1.40635
0.962 0.63089 -1.72016
0.963 1.03245 -2.02955
0.964 1.42904 -2.33336
0.965 1.81905 -2.63047
0.966 2.20088 -2.91979
0.967 2.57296 -3.20023
0.968 2.93376 -3.47075
0.969 3.28182 -3.73036
0.97 3.6157 -3.97808
0.971 3.93401 -4.213
0.972 4.23546 -4.43425
0.973 4.5188 -4.641
0.974 4.78284 -4.83248
0.975 5.0265 -5.008
0.976 5.24875 -5.1669
0.977 5.44868 -5.3086
0.978 5.62543 -5.43258
0.979 5.77825 -5.53838
0.98 5.90651 -5.62562
0.981 6.00963 -5.69399
0.982 6.08716 -5.74326
0.983 6.13876 -5.77325
0.984 6.16418 -5.78386
0.985 6.16327 -5.77509
0.986 6.13599 -5.74698
0.987 6.08242 -5.69966
0.988 6.00272 -5.63334
0.989 5.89718 -5.54829
0.99 5.76618 -5.44486
0.991 5.6102 -5.32346
0.992 5.42984 -5.18458
0.993 5.22576 -5.02878
0.994 4.99876 -4.85667
0.995 4.74971 -4.66893
0.996 4.47955 -4.4663
0.997 4.18935 -4.24958
0.998 3.88023 -4.01962
0.999 3.55339 -3.77732
1 3.21011 -3.52362
