0.001 2.5853e-008 7.78321e-010
0.002 2.44728e-007 6.29928e-009
0.003 1.19366e-006 2.64619e-008
0.004 4.06732e-006 7.90688e-008
0.005 1.10117e-005 1.92286e-007
0.006 2.54091e-005 4.0888e-007
0.007 5.21512e-005 7.92749e-007
0.008 9.78982e-005 1.43822e-006
0.009 0.000171322 2.48257e-006
0.01 0.000283328 4.12221e-006
0.011 0.000447263 6.63282e-006
0.012 0.000679086 1.03939e-005
0.013 0.000997533 1.59179e-005
0.014 0.00142424 2.3884e-005
0.015 0.00198384 3.51774e-005
0.016 0.00270403 5.09332e-005
0.017 0.00361563 7.25854e-005
0.018 0.00475258 0.000101921
0.019 0.00615188 0.000141141
0.02 0.0078536 0.000192921
0.021 0.00990074 0.000260484
0.022 0.0123391 0.000347671
0.023 0.0152172 0.000459017
0.024 0.0185859 0.000599835
0.025 0.0224985 0.000776296
0.026 0.02701 0.000995517
0.027 0.0321775 0.00126565
0.028 0.0380592 0.00159596
0.029 0.0447144 0.00199693
0.03 0.0522031 0.00248034
0.031 0.0605856 0.00305936
0.032 0.0699223 0.00374862
0.033 0.0802726 0.00456433
0.034 0.0916953 0.00552429
0.035 0.104247 0.00664804
0.036 0.117985 0.00795688
0.037 0.132959 0.00947394
0.038 0.149222 0.0112242
0.039 0.166818 0.0132347
0.04 0.185792 0.0155343
0.041 0.20618 0.0181538
0.042 0.228018 0.0211261
0.043 0.251332 0.0244862
0.044 0.276146 0.0282709
0.045 0.302475 0.0325189
0.046 0.330329 0.0372709
0.047 0.359711 0.0425696
0.048 0.390616 0.0484591
0.049 0.423032 0.0549855
0.05 0.456938 0.0621964
0.051 0.492305 0.0701406
0.052 0.529096 0.0788684
0.053 0.567266 0.0884313
0.054 0.606759 0.0988815
0.055 0.647511 0.110272
0.056 0.689451 0.122657
0.057 0.732496 0.136089
0.058 0.776556 0.150623
0.059 0.821532 0.166313
0.06 0.867314 0.183212
0.061 0.913787 0.201371
0.062 0.960825 0.220843
0.063 1.0083 0.241677
0.064 1.05606 0.263921
0.065 1.10396 0.287621
0.066 1.15186 0.312821
0.067 1.19958 0.33956
0.068 1.24697 0.367877
0.069 1.29385 0.397806
0.07 1.34004 0.429375
0.071 1.38537 0.462611
0.072 1.42965 0.497534
0.073 1.47269 0.534159
0.074 1.51432 0.572498
0.075 1.55434 0.612555
0.076 1.59257 0.654327
0.077 1.62881 0.697807
0.078 1.6629 0.74298
0.079 1.69463 0.789823
0.08 1.72385 0.838307
0.081 1.75037 0.888395
0.082 1.77403 0.940041
0.083 1.79467 0.993193
0.084 1.81214 1.04779
0.085 1.82628 1.10376
0.086 1.83697 1.16102
0.087 1.84409 1.21949
0.088 1.84751 1.27908
0.089 1.84713 1.33967
0.09 1.84287 1.40116
0.091 1.83465 1.46341
0.092 1.8224 1.52631
0.093 1.80608 1.5897
0.094 1.78566 1.65345
0.095 1.76111 1.7174
0.096 1.73245 1.78138
0.097 1.69967 1.84523
0.098 1.66282 1.90875
0.099 1.62195 1.97178
0.1 1.57712 2.03411
0.101 1.52841 2.09556
0.102 1.47594 2.15591
0.103 1.41981 2.21497
0.104 1.36017 2.27251
0.105 1.29716 2.32832
0.106 1.23097 2.3822
0.107 1.16176 2.43391
0.108 1.08976 2.48323
0.109 1.01517 2.52995
0.11 0.93823 2.57384
0.111 0.859184 2.61468
0.112 0.778293 2.65225
0.113 0.695829 2.68635
0.114 0.612077 2.71674
0.115 0.52733 2.74323
0.116 0.441893 2.76562
0.117 0.356077 2.78371
0.118 0.270202 2.79732
0.119 0.184592 2.80625
0.12 0.0995778 2.81035
0.121 0.0154918 2.80945
0.122 -0.0673313 2.8034
0.123 -0.148556 2.79207
0.124 -0.227849 2.77533
0.125 -0.304877 2.75307
0.126 -0.379313 2.72519
0.127 -0.450835 2.69161
0.128 -0.519125 2.65228
0.129 -0.583878 2.60713
0.13 -0.644795 2.55613
0.131 -0.701591 2.49928
0.132 -0.75399 2.43658
0.133 -0.801733 2.36805
0.134 -0.844577 2.29374
0.135 -0.882293 2.2137
0.136 -0.914671 2.12803
0.137 -0.941521 2.03681
0.138 -0.962672 1.94018
0.139 -0.977977 1.83828
0.14 -0.987306 1.73127
0.141 -0.990558 1.61933
0.142 -0.987653 1.50268
0.143 -0.978536 1.38152
0.144 -0.963178 1.25612
0.145 -0.941574 1.12672
0.146 -0.91375 0.993611
0.147 -0.879753 0.857091
0.148 -0.83966 0.717475
0.149 -0.793575 0.575097
0.15 -0.741628 0.430304
0.151 -0.683976 0.283462
0.152 -0.620804 0.134947
0.153 -0.55232 -0.0148505
0.154 -0.47876 -0.165528
0.155 -0.400385 -0.316672
0.156 -0.317479 -0.46786
0.157 -0.230352 -0.618663
0.158 -0.139333 -0.768643
0.159 -0.0447762 -0.917359
0.16 0.0529468 -1.06436
0.161 0.153444 -1.20921
0.162 0.256306 -1.35144
0.163 0.361108 -1.49062
0.164 0.467409 -1.6263
0.165 0.574755 -1.75803
0.166 0.682684 -1.88539
0.167 0.790721 -2.00793
0.168 0.898384 -2.12524
0.169 1.00519 -2.23692
0.17 1.11064 -2.34256
0.171 1.21424 -2.44178
0.172 1.31551 -2.53422
0.173 1.41396 -2.61952
0.174 1.50909 -2.69735
0.175 1.60043 -2.76741
0.176 1.68751 -2.8294
0.177 1.76987 -2.88305
0.178 1.84706 -2.92812
0.179 1.91865 -2.96439
0.18 1.98423 -2.99168
0.181 2.0434 -3.00981
0.182 2.09577 -3.01866
0.183 2.14101 -3.01812
0.184 2.17878 -3.00811
0.185 2.20877 -2.9886
0.186 2.23072 -2.95956
0.187 2.24436 -2.92103
0.188 2.2495 -2.87305
0.189 2.24593 -2.81572
0.19 2.23352 -2.74914
0.191 2.21213 -2.67348
0.192 2.1817 -2.58891
0.193 2.14216 -2.49567
0.194 2.09351 -2.39399
0.195 2.03577 -2.28416
0.196 1.969 -2.1665
0.197 1.89331 -2.04135
0.198 1.80881 -1.90909
0.199 1.7157 -1.77012
0.2 1.61418 -1.62486
0.201 1.50449 -1.47379
0.202 1.38692 -1.31738
0.203 1.26178 -1.15613
0.204 1.12942 -0.990592
0.205 0.990225 -0.8213
0.206 0.844614 -0.648828
0.207 0.69303 -0.473762
0.208 0.535949 -0.296703
0.209 0.373872 -0.118268
0.21 0.207329 0.0609188
0.211 0.0368705 0.240221
0.212 -0.136929 0.418998
0.213 -0.313477 0.596602
0.214 -0.492162 0.772384
0.215 -0.672357 0.945695
0.216 -0.853424 1.11589
0.217 -1.03471 1.28232
0.218 -1.21557 1.44436
0.219 -1.39533 1.60138
0.22 -1.57332 1.75277
0.221 -1.74889 1.89792
0.222 -1.92136 2.03625
0.223 -2.09009 2.1672
0.224 -2.25443 2.29023
0.225 -2.41372 2.40481
0.226 -2.56736 2.51045
0.227 -2.71474 2.60668
0.228 -2.85525 2.69306
0.229 -2.98834 2.76918
0.23 -3.11345 2.83467
0.231 -3.23008 2.88918
0.232 -3.33773 2.93242
0.233 -3.43593 2.96411
0.234 -3.52428 2.98403
0.235 -3.60236 2.99198
0.236 -3.66983 2.98783
0.237 -3.72638 2.97145
0.238 -3.77171 2.9428
0.239 -3.80561 2.90184
0.24 -3.82787 2.84861
0.241 -3.83835 2.78317
0.242 -3.83695 2.70562
0.243 -3.8236 2.61614
0.244 -3.7983 2.5149
0.245 -3.76108 2.40217
0.246 -3.71202 2.27821
0.247 -3.65125 2.14336
0.248 -3.57895 1.99799
0.249 -3.49533 1.8425
0.25 -3.40067 1.67735
0.251 -3.29528 1.50301
0.252 -3.17951 1.32
0.253 -3.05377 1.12889
0.254 -2.91849 0.930262
0.255 -2.77417 0.72473
0.256 -2.62131 0.512944
0.257 -2.46047 0.29558
0.258 -2.29226 0.073334
0.259 -2.11728 -0.153072
0.26 -1.93621 -0.382899
0.261 -1.74971 -0.61539
0.262 -1.5585 -0.849774
0.263 -1.36331 -1.08527
0.264 -1.16489 -1.32109
0.265 -0.964002 -1.55643
0.266 -0.761435 -1.79049
0.267 -0.557978 -2.02248
0.268 -0.354432 -2.25159
0.269 -0.1516 -2.47704
0.27 0.0497111 -2.69804
0.271 0.248698 -2.91383
0.272 0.444561 -3.12364
0.273 0.636512 -3.32674
0.274 0.82377 -3.52241
0.275 1.00557 -3.70995
0.276 1.18118 -3.8887
0.277 1.34985 -4.058
0.278 1.5109 -4.21725
0.279 1.66366 -4.36587
0.28 1.80748 -4.50331
0.281 1.94174 -4.62907
0.282 2.06589 -4.74268
0.283 2.17937 -4.84372
0.284 2.28171 -4.9318
0.285 2.37243 -5.00658
0.286 2.45115 -5.06777
0.287 2.51749 -5.11513
0.288 2.57115 -5.14846
0.289 2.61186 -5.16761
0.29 2.63941 -5.17249
0.291 2.65365 -5.16304
0.292 2.65447 -5.13927
0.293 2.64182 -5.10123
0.294 2.6157 -5.04903
0.295 2.57618 -4.98282
0.296 2.52336 -4.90281
0.297 2.45743 -4.80926
0.298 2.37859 -4.70246
0.299 2.28713 -4.58276
0.3 2.18338 -4.45058
0.301 2.06772 -4.30634
0.302 1.94059 -4.15054
0.303 1.80246 -3.9837
0.304 1.65386 -3.80639
0.305 1.49538 -3.61922
0.306 1.32762 -3.42282
0.307 1.15125 -3.21788
0.308 0.966959 -3.0051
0.309 0.775489 -2.78521
0.31 0.577603 -2.55898
0.311 0.374098 -2.32718
0.312 0.165798 -2.09062
0.313 -0.046451 -1.85011
0.314 -0.26178 -1.6065
0.315 -0.479305 -1.36062
0.316 -0.698127 -1.11332
0.317 -0.917338 -0.86546
0.318 -1.13602 -0.617896
0.319 -1.35327 -0.37148
0.32 -1.56816 -0.127062
0.321 -1.77978 0.11452
0.322 -1.98723 0.352437
0.323 -2.18962 0.585877
0.324 -2.38609 0.814046
0.325 -2.57577 1.03617
0.326 -2.75783 1.2515
0.327 -2.93148 1.45931
0.328 -3.09594 1.65892
0.329 -3.25048 1.84966
0.33 -3.39438 2.0309
0.331 -3.52699 2.20207
0.332 -3.6477 2.3626
0.333 -3.75591 2.51201
0.334 -3.85112 2.64982
0.335 -3.93284 2.77562
0.336 -4.00065 2.88903
0.337 -4.05418 2.98975
0.338 -4.09312 3.07748
0.339 -4.11722 3.15203
0.34 -4.12628 3.21321
0.341 -4.12015 3.26091
0.342 -4.09878 3.29507
0.343 -4.06214 3.31567
0.344 -4.01029 3.32275
0.345 -3.94333 3.31642
0.346 -3.86143 3.29681
0.347 -3.76484 3.26412
0.348 -3.65383 3.2186
0.349 -3.52878 3.16056
0.35 -3.39007 3.09033
0.351 -3.2382 3.0083
0.352 -3.07366 2.91493
0.353 -2.89706 2.81069
0.354 -2.709 2.6961
0.355 -2.51017 2.57173
0.356 -2.30129 2.43818
0.357 -2.08312 2.29608
0.358 -1.85647 2.14611
0.359 -1.62219 1.98895
0.36 -1.38114 1.82534
0.361 -1.13424 1.65601
0.362 -0.882423 1.48174
0.363 -0.626639 1.30331
0.364 -0.367869 1.12152
0.365 -0.107102 0.937177
0.366 0.154659 0.751102
0.367 0.416405 0.564115
0.368 0.677121 0.377039
0.369 0.935798 0.190693
0.37 1.19143 0.00589147
0.371 1.44302 -0.17656
0.372 1.68958 -0.355869
0.373 1.93015 -0.531258
0.374 2.16378 -0.70197
0.375 2.38956 -0.867269
0.376 2.6066 -1.02644
0.377 2.81404 -1.17881
0.378 3.01106 -1.32372
0.379 3.19689 -1.46054
0.38 3.37079 -1.58871
0.381 3.53207 -1.70766
0.382 3.68009 -1.81691
0.383 3.81428 -1.91598
0.384 3.93409 -2.00446
0.385 4.03905 -2.08197
0.386 4.12877 -2.1482
0.387 4.20287 -2.20287
0.388 4.26107 -2.24575
0.389 4.30316 -2.27666
0.39 4.32897 -2.2955
0.391 4.33841 -2.30218
0.392 4.33145 -2.29669
0.393 4.30815 -2.27907
0.394 4.2686 -2.24939
0.395 4.213 -2.2078
0.396 4.14157 -2.15449
0.397 4.05464 -2.08969
0.398 3.95257 -2.0137
0.399 3.83581 -1.92686
0.4 3.70485 -1.82953
0.401 3.56026 -1.72217
0.402 3.40265 -1.60522
0.403 3.2327 -1.47922
0.404 3.05112 -1.3447
0.405 2.8587 -1.20226
0.406 2.65625 -1.05251
0.407 2.44465 -0.896109
0.408 2.22479 -0.733738
0.409 1.99761 -0.566102
0.41 1.76409 -0.393928
0.411 1.52524 -0.217964
0.412 1.28207 -0.038974
0.413 1.03563 0.142266
0.414 0.78699 0.324971
0.415 0.537216 0.508348
0.416 0.287391 0.691605
0.417 0.0385975 0.873947
0.418 -0.208084 1.05459
0.419 -0.451579 1.23274
0.42 -0.690824 1.40764
0.421 -0.924773 1.57853
0.422 -1.1524 1.74467
0.423 -1.37269 1.90535
0.424 -1.58468 2.05986
0.425 -1.78743 2.20756
0.426 -1.98003 2.3478
0.427 -2.16161 2.47998
0.428 -2.33135 2.60353
0.429 -2.4885 2.71792
0.43 -2.63231 2.82267
0.431 -2.76213 2.91732
0.432 -2.87735 3.00149
0.433 -2.97742 3.0748
0.434 -3.06185 3.13696
0.435 -3.13023 3.18771
0.436 -3.1822 3.22684
0.437 -3.21747 3.25419
0.438 -3.23584 3.26966
0.439 -3.23715 3.27321
0.44 -3.22134 3.26483
0.441 -3.18841 3.24457
0.442 -3.13842 3.21256
0.443 -3.07154 3.16895
0.444 -2.98796 3.11395
0.445 -2.88799 3.04783
0.446 -2.77199 2.9709
0.447 -2.64038 2.88353
0.448 -2.49367 2.78614
0.449 -2.33242 2.67917
0.45 -2.15725 2.56312
0.451 -1.96885 2.43855
0.452 -1.76798 2.30604
0.453 -1.55543 2.16619
0.454 -1.33206 2.01967
0.455 -1.09877 1.86715
0.456 -0.856524 1.70936
0.457 -0.606304 1.54703
0.458 -0.349141 1.38091
0.459 -0.0860985 1.2118
0.46 0.181731 1.04048
0.461 0.453231 0.867767
0.462 0.727263 0.694468
0.463 1.00268 0.521407
0.464 1.27831 0.349406
0.465 1.55299 0.179283
0.466 1.82555 0.0118521
0.467 2.09483 -0.152083
0.468 2.35966 -0.311731
0.469 2.6189 -0.466319
0.47 2.87144 -0.615094
0.471 3.11617 -0.757324
0.472 3.35201 -0.892309
0.473 3.57793 -1.01937
0.474 3.79292 -1.13788
0.475 3.99602 -1.24723
0.476 4.18631 -1.34685
0.477 4.36294 -1.43623
0.478 4.52507 -1.51488
0.479 4.67196 -1.58238
0.48 4.80292 -1.63834
0.481 4.9173 -1.68244
0.482 5.01454 -1.71438
0.483 5.09415 -1.73396
0.484 5.15569 -1.741
0.485 5.19881 -1.73538
0.486 5.22324 -1.71706
0.487 5.22877 -1.68602
0.488 5.21527 -1.64234
0.489 5.18271 -1.58612
0.49 5.1311 -1.51755
0.491 5.06057 -1.43686
0.492 4.97129 -1.34433
0.493 4.86355 -1.24032
0.494 4.73767 -1.12522
0.495 4.5941 -0.999477
0.496 4.4333 -0.863606
0.497 4.25587 -0.718159
0.498 4.06243 -0.563737
0.499 3.85369 -0.400987
0.5 3.63043 -0.230599
0.501 3.39348 -0.053302
0.502 3.14373 0.130137
0.503 2.88213 0.318916
0.504 2.60969 0.512205
0.505 2.32746 0.709144
0.506 2.03653 0.908852
0.507 1.73803 1.11042
0.508 1.43314 1.31294
0.509 1.12305 1.51547
0.51 0.80898 1.71708
0.511 0.492182 1.91681
0.512 0.173913 2.11372
0.513 -0.144557 2.30688
0.514 -0.461955 2.49533
0.515 -0.777006 2.67817
0.516 -1.08844 2.85448
0.517 -1.39501 3.02337
0.518 -1.69546 3.18398
0.519 -1.98858 3.33547
0.52 -2.27318 3.47704
0.521 -2.54809 3.6079
0.522 -2.81219 3.72733
0.523 -3.06439 3.83463
0.524 -3.30366 3.92915
0.525 -3.52902 4.0103
0.526 -3.73952 4.07752
0.527 -3.9343 4.13032
0.528 -4.11254 4.16826
0.529 -4.27349 4.19095
0.53 -4.41648 4.19807
0.531 -4.54091 4.18937
0.532 -4.64625 4.16463
0.533 -4.73204 4.12374
0.534 -4.79791 4.06661
0.535 -4.84357 3.99326
0.536 -4.86881 3.90375
0.537 -4.87351 3.7982
0.538 -4.85762 3.67683
0.539 -4.8212 3.53989
0.54 -4.76437 3.38772
0.541 -4.68734 3.22071
0.542 -4.59042 3.03934
0.543 -4.47398 2.84411
0.544 -4.33849 2.63562
0.545 -4.1845 2.41451
0.546 -4.01263 2.18148
0.547 -3.82357 1.93728
0.548 -3.6181 1.68272
0.549 -3.39706 1.41865
0.55 -3.16136 1.14597
0.551 -2.91196 0.865617
0.552 -2.64991 0.578575
0.553 -2.37628 0.285857
0.554 -2.09222 -0.0114952
0.555 -1.79891 -0.31241
0.556 -1.49757 -0.615793
0.557 -1.18947 -0.920534
0.558 -0.875914 -1.22551
0.559 -0.558211 -1.52958
0.56 -0.237707 -1.8316
0.561 0.0842375 -2.13045
0.562 0.406255 -2.42497
0.563 0.726973 -2.71405
0.564 1.04502 -2.99657
0.565 1.35903 -3.27143
0.566 1.66764 -3.53757
0.567 1.96954 -3.79393
0.568 2.26339 -4.0395
0.569 2.54793 -4.27329
0.57 2.82191 -4.49438
0.571 3.08411 -4.70186
0.572 3.33337 -4.89488
0.573 3.56859 -5.07265
0.574 3.7887 -5.23442
0.575 3.9927 -5.3795
0.576 4.17966 -5.50727
0.577 4.34871 -5.61717
0.578 4.49904 -5.7087
0.579 4.62995 -5.78143
0.58 4.74077 -5.83501
0.581 4.83095 -5.86915
0.582 4.90001 -5.88365
0.583 4.94754 -5.87836
0.584 4.97324 -5.85322
0.585 4.97689 -5.80826
0.586 4.95837 -5.74357
0.587 4.91762 -5.65931
0.588 4.8547 -5.55573
0.589 4.76975 -5.43316
0.59 4.66302 -5.29199
0.591 4.53482 -5.13269
0.592 4.38556 -4.9558
0.593 4.21575 -4.76195
0.594 4.02598 -4.55181
0.595 3.81691 -4.32613
0.596 3.58929 -4.08571
0.597 3.34397 -3.83144
0.598 3.08183 -3.56424
0.599 2.80387 -3.28508
0.6 2.51112 -2.99501
0.601 2.20469 -2.6951
0.602 1.88575 -2.38648
0.603 1.55553 -2.07029
0.604 1.2153 -1.74773
0.605 0.866367 -1.42003
0.606 0.510099 -1.08842
0.607 0.147884 -0.75418
0.608 -0.218857 -0.418577
0.609 -0.588682 -0.0829043
0.61 -0.960129 0.251545
0.611 -1.33173 0.583479
0.612 -1.702 0.911608
0.613 -2.06948 1.23466
0.614 -2.43269 1.55136
0.615 -2.79017 1.86049
0.616 -3.1405 2.16081
0.617 -3.48225 2.45115
0.618 -3.81404 2.73036
0.619 -4.13454 2.99732
0.62 -4.44243 3.25097
0.621 -4.73647 3.4903
0.622 -5.01544 3.71433
0.623 -5.2782 3.92217
0.624 -5.52367 4.11295
0.625 -5.75082 4.2859
0.626 -5.95872 4.4403
0.627 -6.14649 4.5755
0.628 -6.31334 4.69092
0.629 -6.45855 4.78607
0.63 -6.58151 4.86052
0.631 -6.68168 4.91393
0.632 -6.7586 4.94604
0.633 -6.81193 4.95666
0.634 -6.8414 4.9457
0.635 -6.84686 4.91314
0.636 -6.82822 4.85906
0.637 -6.78551 4.78359
0.638 -6.71887 4.68699
0.639 -6.62851 4.56956
0.64 -6.51474 4.43171
0.641 -6.37798 4.27391
0.642 -6.21873 4.09672
0.643 -6.03758 3.90079
0.644 -5.83522 3.6868
0.645 -5.61241 3.45555
0.646 -5.37 3.20788
0.647 -5.10894 2.94471
0.648 -4.83022 2.667
0.649 -4.53492 2.3758
0.65 -4.22421 2.07218
0.651 -3.89928 1.75728
0.652 -3.56141 1.4323
0.653 -3.21192 1.09844
0.654 -2.85219 0.756981
0.655 -2.48363 0.409202
0.656 -2.10769 0.0564251
0.657 -1.72586 -0.30001
0.658 -1.33964 -0.658746
0.659 -0.950564 -1.01842
0.66 -0.560171 -1.37765
0.661 -0.170009 -1.73507
0.662 0.218375 -2.0893
0.663 0.603439 -2.439
0.664 0.983653 -2.78282
0.665 1.3575 -3.11943
0.666 1.72351 -3.44754
0.667 2.08021 -3.76589
0.668 2.42618 -4.07324
0.669 2.76006 -4.36842
0.67 3.0805 -4.65027
0.671 3.38624 -4.91771
0.672 3.67605 -5.16969
0.673 3.94879 -5.40524
0.674 4.20337 -5.62344
0.675 4.43878 -5.82344
0.676 4.65409 -6.00446
0.677 4.84844 -6.16578
0.678 5.02106 -6.30678
0.679 5.17128 -6.4269
0.68 5.2985 -6.52565
0.681 5.40224 -6.60265
0.682 5.48208 -6.65758
0.683 5.53773 -6.69021
0.684 5.56898 -6.7004
0.685 5.57573 -6.6881
0.686 5.55797 -6.65334
0.687 5.5158 -6.59622
0.688 5.44941 -6.51696
0.689 5.3591 -6.41583
0.69 5.24525 -6.29322
0.691 5.10836 -6.14956
0.692 4.949 -5.98539
0.693 4.76786 -5.80133
0.694 4.5657 -5.59806
0.695 4.34337 -5.37634
0.696 4.1018 -5.13699
0.697 3.84202 -4.88093
0.698 3.5651 -4.60909
0.699 3.27221 -4.32251
0.7 2.96457 -4.02226
0.701 2.64348 -3.70946
0.702 2.31028 -3.38529
0.703 1.96636 -3.05096
0.704 1.61316 -2.70772
0.705 1.25216 -2.35686
0.706 0.884874 -1.99968
0.707 0.512842 -1.63752
0.708 0.137621 -1.27173
0.709 -0.239214 -0.903666
0.71 -0.61608 -0.534697
0.711 -0.991396 -0.166189
0.712 -1.36358 0.200495
0.713 -1.73107 0.564004
0.714 -2.09232 0.923002
0.715 -2.44579 1.27617
0.716 -2.79 1.62223
0.717 -3.12349 1.95991
0.718 -3.44485 2.288
0.719 -3.75271 2.60531
0.72 -4.04575 2.91071
0.721 -4.32273 3.20311
0.722 -4.58246 3.48148
0.723 -4.82382 3.74486
0.724 -5.04577 3.99232
0.725 -5.24734 4.22302
0.726 -5.42766 4.43619
0.727 -5.58592 4.63112
0.728 -5.72142 4.80718
0.729 -5.83355 4.96381
0.73 -5.92179 5.10055
0.731 -5.98572 5.21699
0.732 -6.02502 5.31283
0.733 -6.03947 5.38784
0.734 -6.02895 5.44186
0.735 -5.99345 5.47485
0.736 -5.93304 5.48682
0.737 -5.84792 5.47788
0.738 -5.73838 5.44823
0.739 -5.6048 5.39813
0.74 -5.44768 5.32794
0.741 -5.2676 5.2381
0.742 -5.06523 5.12912
0.743 -4.84136 5.00158
0.744 -4.59683 4.85614
0.745 -4.3326 4.69354
0.746 -4.04968 4.51458
0.747 -3.74919 4.3201
0.748 -3.4323 4.11104
0.749 -3.10026 3.88838
0.75 -2.75436 3.65313
0.751 -2.39598 3.40637
0.752 -2.02653 3.14923
0.753 -1.64748 2.88285
0.754 -1.26032 2.60844
0.755 -0.866598 2.3272
0.756 -0.467875 2.04039
0.757 -0.0657379 1.74925
0.758 0.338212 1.45507
0.759 0.742365 1.15913
0.76 1.14511 0.862702
0.761 1.54484 0.567076
0.762 1.93996 0.273523
0.763 2.32889 -0.0166994
0.764 2.71009 -0.30235
0.765 3.08202 -0.582211
0.766 3.44321 -0.855096
0.767 3.7922 -1.11985
0.768 4.12762 -1.37536
0.769 4.44812 -1.62054
0.77 4.75243 -1.85438
0.771 5.03933 -2.0759
0.772 5.30768 -2.28417
0.773 5.55642 -2.47834
0.774 5.78457 -2.65762
0.775 5.99121 -2.82126
0.776 6.17555 -2.96861
0.777 6.33685 -3.09907
0.778 6.47448 -3.21212
0.779 6.58792 -3.30733
0.78 6.67673 -3.38432
0.781 6.74057 -3.44281
0.782 6.77923 -3.4826
0.783 6.79256 -3.50356
0.784 6.78054 -3.50564
0.785 6.74327 -3.48887
0.786 6.68091 -3.45339
0.787 6.59376 -3.39937
0.788 6.48219 -3.32711
0.789 6.34671 -3.23695
0.79 6.1879 -3.12932
0.791 6.00643 -3.00473
0.792 5.80308 -2.86375
0.793 5.57871 -2.70704
0.794 5.33428 -2.5353
0.795 5.07082 -2.34931
0.796 4.78944 -2.1499
0.797 4.49132 -1.93798
0.798 4.17771 -1.71449
0.799 3.84993 -1.48041
0.8 3.50936 -1.2368
0.801 3.15742 -0.98473
0.802 2.79558 -0.725313
0.803 2.42536 -0.459697
0.804 2.0483 -0.189051
0.805 1.66598 0.0854335
0.806 1.28001 0.362549
0.807 0.891978 0.641078
0.808 0.503518 0.919799
0.809 0.116249 1.19749
0.81 -0.268214 1.47293
0.811 -0.648268 1.74492
0.812 -1.02233 2.01226
0.813 -1.38883 2.27378
0.814 -1.74625 2.52834
0.815 -2.09309 2.77483
0.816 -2.42792 3.01215
0.817 -2.74933 3.23929
0.818 -3.05598 3.45523
0.819 -3.3466 3.65904
0.82 -3.61997 3.84981
0.821 -3.87496 4.02671
0.822 -4.1105 4.18897
0.823 -4.3256 4.33586
0.824 -4.51938 4.46674
0.825 -4.69102 4.58104
0.826 -4.83981 4.67823
0.827 -4.96513 4.75789
0.828 -5.06646 4.81965
0.829 -5.14337 4.86324
0.83 -5.19554 4.88846
0.831 -5.22277 4.89517
0.832 -5.22493 4.88334
0.833 -5.20201 4.85299
0.834 -5.15412 4.80425
0.835 -5.08146 4.73731
0.836 -4.98433 4.65243
0.837 -4.86314 4.54998
0.838 -4.7184 4.43038
0.839 -4.55071 4.29413
0.84 -4.36079 4.1418
0.841 -4.14943 3.97404
0.842 -3.91752 3.79155
0.843 -3.66603 3.59511
0.844 -3.39602 3.38554
0.845 -3.10863 3.16375
0.846 -2.80506 2.93068
0.847 -2.4866 2.68732
0.848 -2.15458 2.43471
0.849 -1.81041 2.17393
0.85 -1.45553 1.90609
0.851 -1.09146 1.63235
0.852 -0.719713 1.35388
0.853 -0.341875 1.07188
0.854 0.040458 0.787551
0.855 0.425666 0.502125
0.856 0.812117 0.216829
0.857 1.19817 -0.0671039
0.858 1.58218 -0.348449
0.859 1.96252 -0.625988
0.86 2.33756 -0.898521
0.861 2.7057 -1.16486
0.862 3.06538 -1.42386
0.863 3.41504 -1.67439
0.864 3.75318 -1.91535
0.865 4.07835 -2.14569
0.866 4.38915 -2.36441
0.867 4.68422 -2.57055
0.868 4.96229 -2.76319
0.869 5.22213 -2.9415
0.87 5.46262 -3.10467
0.871 5.68267 -3.25199
0.872 5.88133 -3.3828
0.873 6.05769 -3.49651
0.874 6.21095 -3.5926
0.875 6.3404 -3.67064
0.876 6.44545 -3.73026
0.877 6.52556 -3.77117
0.878 6.58035 -3.79318
0.879 6.6095 -3.79615
0.88 6.61282 -3.78006
0.881 6.59021 -3.74494
0.882 6.54169 -3.69091
0.883 6.46738 -3.61818
0.884 6.3675 -3.52704
0.885 6.2424 -3.41786
0.886 6.0925 -3.29108
0.887 5.91834 -3.14723
0.888 5.72057 -2.9869
0.889 5.49991 -2.81078
0.89 5.25721 -2.61959
0.891 4.99339 -2.41415
0.892 4.70946 -2.19534
0.893 4.40651 -1.96409
0.894 4.08571 -1.72139
0.895 3.74832 -1.46828
0.896 3.39566 -1.20585
0.897 3.0291 -0.935253
0.898 2.65009 -0.657652
0.899 2.26012 -0.37426
0.9 1.86073 -0.0863169
0.901 1.45349 0.204912
0.902 1.04004 0.498144
0.903 0.62199 0.79208
0.904 0.201019 1.08542
0.905 -0.221201 1.37684
0.906 -0.642991 1.66505
0.907 -1.06267 1.94874
0.908 -1.47856 2.22663
0.909 -1.88901 2.49746
0.91 -2.29236 2.75997
0.911 -2.68702 3.01296
0.912 -3.07141 3.25525
0.913 -3.44398 3.4857
0.914 -3.80325 3.70321
0.915 -4.14778 3.90674
0.916 -4.47618 4.0953
0.917 -4.78716 4.26795
0.918 -5.07946 4.42382
0.919 -5.35192 4.56211
0.92 -5.60345 4.68207
0.921 -5.83304 4.78305
0.922 -6.03979 4.86446
0.923 -6.22286 4.92578
0.924 -6.38154 4.96658
0.925 -6.5152 4.98652
0.926 -6.62332 4.98534
0.927 -6.70547 4.96286
0.928 -6.76133 4.91899
0.929 -6.79071 4.85373
0.93 -6.79349 4.76716
0.931 -6.7697 4.65946
0.932 -6.71944 4.53088
0.933 -6.64295 4.38178
0.934 -6.54055 4.21259
0.935 -6.41268 4.02381
0.936 -6.25989 3.81606
0.937 -6.08282 3.59001
0.938 -5.88221 3.34642
0.939 -5.65891 3.08611
0.94 -5.41385 2.80999
0.941 -5.14805 2.51903
0.942 -4.86262 2.21426
0.943 -4.55875 1.89678
0.944 -4.23771 1.56774
0.945 -3.90082 1.22834
0.946 -3.5495 0.879834
0.947 -3.1852 0.523507
0.948 -2.80943 0.16069
0.949 -2.42376 -0.207255
0.95 -2.02979 -0.578944
0.951 -1.62916 -0.952968
0.952 -1.22353 -1.32791
0.953 -0.814594 -1.70232
0.954 -0.404044 -2.07479
0.955 0.00640983 -2.44386
0.956 0.415058 -2.80812
0.957 0.8202 -3.16615
0.958 1.22015 -3.51656
0.959 1.61323 -3.85798
0.96 1.99782 -4.18907
0.961 2.3723 -4.50853
0.962 2.7351 -4.81509
0.963 3.08472 -5.10755
0.964 3.41969 -5.38473
0.965 3.73859 -5.64552
0.966 4.0401 -5.88889
0.967 4.32295 -6.11383
0.968 4.58593 -6.31945
0.969 4.82794 -6.5049
0.97 5.04795 -6.66941
0.971 5.24502 -6.8123
0.972 5.41831 -6.93296
0.973 5.56708 -7.03087
0.974 5.69067 -7.10561
0.975 5.78854 -7.15682
0.976 5.86025 -7.18426
0.977 5.90547 -7.18776
0.978 5.92398 -7.16726
0.979 5.91567 -7.12278
0.98 5.88051 -7.05444
0.981 5.81863 -6.96245
0.982 5.73024 -6.84711
0.983 5.61566 -6.70882
0.984 5.47532 -6.54806
0.985 5.30975 -6.3654
0.986 5.1196 -6.1615
0.987 4.9056 -5.9371
0.988 4.6686 -5.69303
0.989 4.40953 -5.43017
0.99 4.12942 -5.14951
0.991 3.82936 -4.85209
0.992 3.51056 -4.53902
0.993 3.17429 -4.21146
0.994 2.82189 -3.87066
0.995 2.45477 -3.51789
0.996 2.0744 -3.15447
0.997 1.6823 -2.78179
0.998 1.28006 -2.40126
0.999 0.86928 -2.01431
1 0.451623 -1.62241
