0.001 3.40564e-008 2.53247e-009
0.002 3.10185e-007 2.03406e-008
0.003 1.46271e-006 8.44217e-008
0.004 4.84637e-006 2.47797e-007
0.005 1.28271e-005 5.87979e-007
0.006 2.9063e-005 1.21112e-006
0.007 5.87723e-005 2.25825e-006
0.008 0.000108987 3.91413e-006
0.009 0.000188789 6.41889e-006
0.01 0.000309525 1.00831e-005
0.011 0.000485003 1.53063e-005
0.012 0.00073166 2.25994e-005
0.013 0.00106871 3.26114e-005
0.014 0.00151826 4.61598e-005
0.015 0.00210541 6.42664e-005
0.016 0.00285828 8.81961e-005
0.017 0.00380808 0.000119502
0.018 0.00498908 0.000160072
0.019 0.00643858 0.000212186
0.02 0.00819685 0.000278566
0.021 0.010307 0.000362443
0.022 0.0128149 0.00046762
0.023 0.0157689 0.000598539
0.024 0.0192198 0.000760351
0.025 0.0232206 0.000958992
0.026 0.0278258 0.00120125
0.027 0.0330919 0.00149487
0.028 0.0390764 0.00184858
0.029 0.0458378 0.00227221
0.03 0.0534351 0.00277676
0.031 0.0619274 0.00337447
0.032 0.0713737 0.0040789
0.033 0.081832 0.00490499
0.034 0.0933595 0.00586913
0.035 0.106011 0.00698923
0.036 0.119841 0.00828476
0.037 0.134899 0.00977685
0.038 0.151234 0.0114882
0.039 0.168889 0.0134434
0.04 0.187905 0.0156686
0.041 0.208317 0.0181916
0.042 0.230156 0.0210423
0.043 0.253447 0.0242521
0.044 0.278211 0.0278541
0.045 0.304459 0.0318832
0.046 0.3322 0.0363759
0.047 0.361431 0.0413705
0.048 0.392146 0.0469065
0.049 0.424329 0.0530252
0.05 0.457957 0.059769
0.051 0.492997 0.0671816
0.052 0.529409 0.0753079
0.053 0.567145 0.0841937
0.054 0.606147 0.0938856
0.055 0.646348 0.104431
0.056 0.687673 0.115877
0.057 0.730039 0.128272
0.058 0.773351 0.141665
0.059 0.817509 0.156101
0.06 0.862403 0.17163
0.061 0.907914 0.188297
0.062 0.953916 0.206148
0.063 1.00027 0.225227
0.064 1.04685 0.245577
0.065 1.09349 0.267238
0.066 1.14004 0.29025
0.067 1.18634 0.314649
0.068 1.23223 0.340467
0.069 1.27753 0.367735
0.07 1.32207 0.396479
0.071 1.36567 0.426723
0.072 1.40815 0.458486
0.073 1.44933 0.491781
0.074 1.48902 0.526619
0.075 1.52703 0.563003
0.076 1.56319 0.600934
0.077 1.59731 0.640405
0.078 1.62921 0.681403
0.079 1.65872 0.723911
0.08 1.68565 0.767902
0.081 1.70984 0.813346
0.082 1.73114 0.860204
0.083 1.74938 0.90843
0.084 1.76442 0.957972
0.085 1.77611 1.00877
0.086 1.78433 1.06075
0.087 1.78897 1.11385
0.088 1.7899 1.16798
0.089 1.78704 1.22305
0.09 1.7803 1.27896
0.091 1.76961 1.3356
0.092 1.75492 1.39287
0.093 1.73618 1.45064
0.094 1.71337 1.50879
0.095 1.68648 1.56717
0.096 1.65551 1.62566
0.097 1.62049 1.68409
0.098 1.58145 1.74232
0.099 1.53845 1.80018
0.1 1.49156 1.85751
0.101 1.44088 1.91414
0.102 1.38651 1.96989
0.103 1.32857 2.02458
0.104 1.26721 2.07802
0.105 1.20259 2.13004
0.106 1.13488 2.18043
0.107 1.06427 2.22902
0.108 0.990967 2.27559
0.109 0.915199 2.31997
0.11 0.837199 2.36196
0.111 0.757217 2.40135
0.112 0.675517 2.43797
0.113 0.592374 2.47162
0.114 0.508073 2.50211
0.115 0.422913 2.52926
0.116 0.337198 2.55289
0.117 0.251242 2.57283
0.118 0.165366 2.58891
0.119 0.0798957 2.60097
0.12 -0.00483884 2.60886
0.121 -0.0885041 2.61243
0.122 -0.170765 2.61154
0.123 -0.251287 2.60608
0.124 -0.329735 2.59591
0.125 -0.405779 2.58096
0.126 -0.479092 2.56111
0.127 -0.549351 2.53629
0.128 -0.616242 2.50643
0.129 -0.679459 2.47149
0.13 -0.738706 2.43142
0.131 -0.793698 2.38621
0.132 -0.844162 2.33585
0.133 -0.889842 2.28034
0.134 -0.930493 2.21972
0.135 -0.96589 2.15402
0.136 -0.995826 2.0833
0.137 -1.02011 2.00764
0.138 -1.03858 1.92713
0.139 -1.05108 1.84189
0.14 -1.05748 1.75204
0.141 -1.0577 1.65772
0.142 -1.05164 1.5591
0.143 -1.03926 1.45637
0.144 -1.02053 1.3497
0.145 -0.995446 1.23933
0.146 -0.96403 1.12547
0.147 -0.926334 1.00837
0.148 -0.882437 0.888294
0.149 -0.832443 0.765513
0.15 -0.776482 0.640315
0.151 -0.714713 0.513001
0.152 -0.64732 0.383886
0.153 -0.574513 0.253295
0.154 -0.496528 0.121563
0.155 -0.413627 -0.0109628
0.156 -0.326094 -0.143929
0.157 -0.234239 -0.276974
0.158 -0.138393 -0.409728
0.159 -0.038909 -0.541818
0.16 0.0638403 -0.672866
0.161 0.169462 -0.802491
0.162 0.277547 -0.930311
0.163 0.387667 -1.05594
0.164 0.499382 -1.179
0.165 0.612238 -1.29911
0.166 0.725768 -1.4159
0.167 0.839496 -1.52898
0.168 0.952939 -1.63801
0.169 1.06561 -1.74262
0.17 1.17701 -1.84246
0.171 1.28664 -1.93721
0.172 1.39402 -2.02652
0.173 1.49864 -2.1101
0.174 1.60001 -2.18764
0.175 1.69766 -2.25886
0.176 1.7911 -2.32351
0.177 1.87986 -2.38132
0.178 1.9635 -2.43208
0.179 2.04158 -2.47558
0.18 2.11366 -2.51163
0.181 2.17935 -2.54007
0.182 2.23826 -2.56076
0.183 2.29002 -2.57359
0.184 2.33429 -2.57846
0.185 2.37077 -2.57531
0.186 2.39915 -2.5641
0.187 2.41918 -2.54482
0.188 2.43063 -2.51747
0.189 2.4333 -2.48211
0.19 2.42702 -2.43879
0.191 2.41166 -2.38762
0.192 2.38711 -2.32873
0.193 2.35332 -2.26225
0.194 2.31024 -2.18837
0.195 2.2579 -2.10729
0.196 2.19632 -2.01925
0.197 2.1256 -1.9245
0.198 2.04585 -1.82332
0.199 1.95721 -1.71603
0.2 1.85989 -1.60296
0.201 1.7541 -1.48445
0.202 1.64012 -1.3609
0.203 1.51823 -1.23268
0.204 1.38877 -1.10023
0.205 1.25211 -0.963975
0.206 1.10864 -0.82437
0.207 0.958786 -0.681885
0.208 0.803012 -0.537002
0.209 0.641801 -0.390216
0.21 0.475666 -0.242035
0.211 0.305144 -0.0929751
0.212 0.130796 0.0564413
0.213 -0.0467992 0.205684
0.214 -0.227041 0.35422
0.215 -0.409314 0.501514
0.216 -0.592988 0.647029
0.217 -0.777422 0.790233
0.218 -0.961963 0.930593
0.219 -1.14595 1.06759
0.22 -1.32873 1.20069
0.221 -1.50964 1.32941
0.222 -1.688 1.45323
0.223 -1.86316 1.57167
0.224 -2.03447 1.68428
0.225 -2.20128 1.79059
0.226 -2.36296 1.89016
0.227 -2.51889 1.9826
0.228 -2.66847 2.06749
0.229 -2.81111 2.14449
0.23 -2.94625 2.21324
0.231 -3.07335 2.27342
0.232 -3.1919 2.32475
0.233 -3.30142 2.36697
0.234 -3.40146 2.39984
0.235 -3.4916 2.42317
0.236 -3.57144 2.4368
0.237 -3.64065 2.44058
0.238 -3.69892 2.43441
0.239 -3.74596 2.41824
0.24 -3.78156 2.39203
0.241 -3.80553 2.35578
0.242 -3.81772 2.30953
0.243 -3.81803 2.25336
0.244 -3.80641 2.18738
0.245 -3.78285 2.11174
0.246 -3.74738 2.02661
0.247 -3.7001 1.9322
0.248 -3.64112 1.82878
0.249 -3.57063 1.71662
0.25 -3.48884 1.59603
0.251 -3.39601 1.46737
0.252 -3.29246 1.331
0.253 -3.17854 1.18734
0.254 -3.05465 1.03682
0.255 -2.92121 0.879903
0.256 -2.77871 0.71707
0.257 -2.62765 0.548834
0.258 -2.46859 0.375726
0.259 -2.3021 0.198296
0.26 -2.1288 0.0171147
0.261 -1.94934 -0.167233
0.262 -1.76438 -0.354148
0.263 -1.57463 -0.543017
0.264 -1.38079 -0.733221
0.265 -1.18361 -0.924129
0.266 -0.983842 -1.11511
0.267 -0.782252 -1.30552
0.268 -0.579621 -1.49473
0.269 -0.376733 -1.68209
0.27 -0.17438 -1.86698
0.271 0.0266466 -2.04877
0.272 0.225555 -2.22684
0.273 0.42156 -2.40058
0.274 0.613883 -2.5694
0.275 0.801757 -2.73272
0.276 0.984431 -2.88998
0.277 1.16117 -3.04062
0.278 1.33125 -3.18415
0.279 1.494 -3.32004
0.28 1.64873 -3.44784
0.281 1.79482 -3.5671
0.282 1.93167 -3.6774
0.283 2.05869 -3.77835
0.284 2.17536 -3.86961
0.285 2.28118 -3.95085
0.286 2.3757 -4.02178
0.287 2.4585 -4.08216
0.288 2.52923 -4.13178
0.289 2.58757 -4.17045
0.29 2.63324 -4.19804
0.291 2.66602 -4.21446
0.292 2.68575 -4.21963
0.293 2.69231 -4.21356
0.294 2.68562 -4.19624
0.295 2.66569 -4.16775
0.296 2.63254 -4.12819
0.297 2.58627 -4.0777
0.298 2.52704 -4.01644
0.299 2.45503 -3.94465
0.3 2.3705 -3.86257
0.301 2.27375 -3.7705
0.302 2.16514 -3.66876
0.303 2.04507 -3.55772
0.304 1.91399 -3.43776
0.305 1.7724 -3.30932
0.306 1.62084 -3.17285
0.307 1.45989 -3.02883
0.308 1.29018 -2.87777
0.309 1.11236 -2.72022
0.31 0.927151 -2.55672
0.311 0.735265 -2.38786
0.312 0.537469 -2.21424
0.313 0.33455 -2.03646
0.314 0.127319 -1.85516
0.315 -0.0833896 -1.67097
0.316 -0.296727 -1.48455
0.317 -0.511829 -1.29655
0.318 -0.727819 -1.10762
0.319 -0.943815 -0.918426
0.32 -1.15893 -0.72963
0.321 -1.37228 -0.541886
0.322 -1.58298 -0.355845
0.323 -1.79016 -0.172148
0.324 -1.99294 0.00857292
0.325 -2.19048 0.185701
0.326 -2.38195 0.358634
0.327 -2.56652 0.526788
0.328 -2.74342 0.689599
0.329 -2.91188 0.846525
0.33 -3.07117 0.997049
0.331 -3.22059 1.14068
0.332 -3.35949 1.27696
0.333 -3.48725 1.40544
0.334 -3.60328 1.52574
0.335 -3.70706 1.63748
0.336 -3.7981 1.74034
0.337 -3.87596 1.834
0.338 -3.94027 1.91822
0.339 -3.99068 1.99277
0.34 -4.02692 2.05747
0.341 -4.04877 2.11218
0.342 -4.05606 2.15678
0.343 -4.04869 2.19122
0.344 -4.02661 2.21547
0.345 -3.98983 2.22956
0.346 -3.93842 2.23353
0.347 -3.87251 2.22749
0.348 -3.79228 2.21158
0.349 -3.69798 2.18596
0.35 -3.58992 2.15087
0.351 -3.46844 2.10654
0.352 -3.33397 2.05327
0.353 -3.18697 1.99139
0.354 -3.02797 1.92124
0.355 -2.85752 1.84323
0.356 -2.67625 1.75776
0.357 -2.48481 1.66529
0.358 -2.28392 1.5663
0.359 -2.07432 1.46129
0.36 -1.85678 1.35078
0.361 -1.63213 1.23532
0.362 -1.40121 1.11547
0.363 -1.1649 0.991802
0.364 -0.924097 0.864922
0.365 -0.679716 0.73543
0.366 -0.432696 0.60394
0.367 -0.183986 0.471071
0.368 0.0654553 0.337447
0.369 0.314665 0.203692
0.37 0.562677 0.0704301
0.371 0.808529 -0.0617208
0.372 1.05126 -0.192148
0.373 1.28994 -0.320249
0.374 1.52361 -0.445431
0.375 1.75138 -0.567118
0.376 1.97235 -0.684749
0.377 2.18565 -0.797781
0.378 2.39045 -0.905695
0.379 2.58593 -1.00799
0.38 2.77133 -1.1042
0.381 2.94593 -1.19388
0.382 3.10903 -1.2766
0.383 3.25999 -1.35199
0.384 3.39822 -1.4197
0.385 3.52317 -1.4794
0.386 3.63436 -1.53082
0.387 3.73134 -1.5737
0.388 3.81374 -1.60784
0.389 3.88125 -1.63307
0.39 3.93359 -1.64926
0.391 3.97057 -1.65631
0.392 3.99206 -1.65417
0.393 3.99799 -1.64283
0.394 3.98834 -1.62233
0.395 3.96317 -1.59273
0.396 3.92261 -1.55413
0.397 3.86682 -1.5067
0.398 3.79606 -1.45061
0.399 3.71063 -1.38609
0.4 3.6109 -1.31341
0.401 3.49731 -1.23286
0.402 3.37033 -1.14478
0.403 3.2305 -1.04954
0.404 3.07843 -0.947521
0.405 2.91476 -0.839168
0.406 2.74019 -0.724934
0.407 2.55545 -0.605301
0.408 2.36135 -0.480778
0.409 2.1587 -0.351893
0.41 1.94836 -0.219198
0.411 1.73125 -0.0832592
0.412 1.50828 0.0553416
0.413 1.28041 0.196009
0.414 1.04862 0.338139
0.415 0.813895 0.481118
0.416 0.577254 0.624329
0.417 0.339714 0.767154
0.418 0.102301 0.908973
0.419 -0.133958 1.04917
0.42 -0.368037 1.18714
0.421 -0.598919 1.32227
0.422 -0.825594 1.45398
0.423 -1.04707 1.5817
0.424 -1.26238 1.70485
0.425 -1.47057 1.8229
0.426 -1.67071 1.93534
0.427 -1.86192 2.04165
0.428 -2.04334 2.14138
0.429 -2.21415 2.23408
0.43 -2.37358 2.31933
0.431 -2.52089 2.39675
0.432 -2.65542 2.46599
0.433 -2.77652 2.52674
0.434 -2.88362 2.57872
0.435 -2.97621 2.6217
0.436 -3.05383 2.65546
0.437 -3.11608 2.67985
0.438 -3.16263 2.69475
0.439 -3.19321 2.70008
0.44 -3.20761 2.69581
0.441 -3.20571 2.68193
0.442 -3.18742 2.65849
0.443 -3.15277 2.62558
0.444 -3.10181 2.58334
0.445 -3.03468 2.53193
0.446 -2.95159 2.47158
0.447 -2.85282 2.40252
0.448 -2.73871 2.32507
0.449 -2.60966 2.23954
0.45 -2.46615 2.1463
0.451 -2.3087 2.04576
0.452 -2.13791 1.93836
0.453 -1.95444 1.82455
0.454 -1.75899 1.70485
0.455 -1.55233 1.57978
0.456 -1.33525 1.44989
0.457 -1.10863 1.31575
0.458 -0.873348 1.17798
0.459 -0.630361 1.03717
0.46 -0.380639 0.893962
0.461 -0.12519 0.749007
0.462 0.134948 0.602958
0.463 0.398717 0.45648
0.464 0.665035 0.310243
0.465 0.932809 0.164919
0.466 1.20093 0.0211796
0.467 1.46829 -0.120307
0.468 1.73378 -0.258879
0.469 1.99628 -0.393883
0.47 2.25469 -0.524681
0.471 2.50793 -0.650645
0.472 2.7549 -0.771169
0.473 2.99458 -0.885664
0.474 3.22591 -0.993567
0.475 3.44792 -1.09434
0.476 3.65963 -1.18747
0.477 3.86012 -1.27248
0.478 4.04851 -1.34892
0.479 4.22395 -1.41637
0.48 4.38567 -1.47447
0.481 4.53292 -1.52286
0.482 4.66503 -1.56127
0.483 4.78138 -1.58942
0.484 4.88141 -1.60711
0.485 4.96462 -1.61416
0.486 5.0306 -1.61046
0.487 5.07897 -1.59592
0.488 5.10946 -1.57052
0.489 5.12185 -1.53426
0.49 5.11599 -1.48722
0.491 5.09181 -1.4295
0.492 5.04932 -1.36126
0.493 4.9886 -1.28271
0.494 4.9098 -1.19409
0.495 4.81314 -1.09569
0.496 4.69894 -0.98787
0.497 4.56756 -0.870998
0.498 4.41944 -0.745504
0.499 4.25511 -0.611853
0.5 4.07514 -0.470549
0.501 3.88017 -0.322134
0.502 3.67093 -0.167184
0.503 3.44817 -0.00630768
0.504 3.21273 0.159855
0.505 2.96549 0.330637
0.506 2.70739 0.505346
0.507 2.4394 0.683266
0.508 2.16254 0.863662
0.509 1.87788 1.04578
0.51 1.58653 1.22886
0.511 1.2896 1.41212
0.512 0.988247 1.59477
0.513 0.683657 1.77603
0.514 0.37702 1.95511
0.515 0.069541 2.13121
0.516 -0.237566 2.30356
0.517 -0.543087 2.47137
0.518 -0.845808 2.6339
0.519 -1.14452 2.79037
0.52 -1.43804 2.94007
0.521 -1.72519 3.08229
0.522 -2.00481 3.21634
0.523 -2.27578 3.34156
0.524 -2.537 3.45732
0.525 -2.78742 3.56303
0.526 -3.02602 3.65813
0.527 -3.25183 3.74209
0.528 -3.46391 3.81443
0.529 -3.66141 3.87471
0.53 -3.84351 3.92253
0.531 -4.00945 3.95755
0.532 -4.15855 3.97946
0.533 -4.29018 3.98801
0.534 -4.40378 3.98301
0.535 -4.49887 3.96429
0.536 -4.57504 3.93176
0.537 -4.63196 3.88539
0.538 -4.66937 3.82518
0.539 -4.68708 3.7512
0.54 -4.68501 3.66356
0.541 -4.66314 3.56245
0.542 -4.62151 3.44808
0.543 -4.56028 3.32075
0.544 -4.47967 3.18079
0.545 -4.37997 3.02857
0.546 -4.26158 2.86455
0.547 -4.12493 2.6892
0.548 -3.97057 2.50306
0.549 -3.79909 2.30669
0.55 -3.61119 2.10074
0.551 -3.40759 1.88585
0.552 -3.18912 1.66273
0.553 -2.95664 1.43211
0.554 -2.71109 1.19478
0.555 -2.45345 0.951516
0.556 -2.18478 0.703164
0.557 -1.90615 0.450573
0.558 -1.6187 0.19462
0.559 -1.3236 -0.0638029
0.56 -1.02205 -0.323787
0.561 -0.715295 -0.584413
0.562 -0.404591 -0.844753
0.563 -0.0912171 -1.10388
0.564 0.223531 -1.36085
0.565 0.53835 -1.61475
0.566 0.851933 -1.86465
0.567 1.16297 -2.10965
0.568 1.47017 -2.34883
0.569 1.77223 -2.58133
0.57 2.06788 -2.80629
0.571 2.35589 -3.02286
0.572 2.63501 -3.23025
0.573 2.90408 -3.42768
0.574 3.16192 -3.61441
0.575 3.40743 -3.78974
0.576 3.63955 -3.953
0.577 3.85726 -4.10356
0.578 4.05961 -4.24087
0.579 4.24569 -4.36438
0.58 4.41467 -4.47362
0.581 4.56579 -4.56817
0.582 4.69833 -4.64766
0.583 4.81168 -4.71176
0.584 4.90529 -4.76023
0.585 4.97867 -4.79285
0.586 5.03145 -4.8095
0.587 5.0633 -4.81008
0.588 5.074 -4.79458
0.589 5.06341 -4.76304
0.59 5.03147 -4.71555
0.591 4.9782 -4.65229
0.592 4.90373 -4.57346
0.593 4.80824 -4.47936
0.594 4.69203 -4.37032
0.595 4.55546 -4.24674
0.596 4.39898 -4.10907
0.597 4.22313 -3.95781
0.598 4.02852 -3.79354
0.599 3.81583 -3.61686
0.6 3.58584 -3.42843
0.601 3.33936 -3.22895
0.602 3.07731 -3.01918
0.603 2.80066 -2.7999
0.604 2.51042 -2.57194
0.605 2.2077 -2.33617
0.606 1.89362 -2.09347
0.607 1.56937 -1.84476
0.608 1.23619 -1.591
0.609 0.895348 -1.33315
0.61 0.54814 -1.07219
0.611 0.195903 -0.809126
0.612 -0.160008 -0.544955
0.613 -0.518218 -0.280692
0.614 -0.87734 -0.0173534
0.615 -1.23598 0.24405
0.616 -1.59275 0.502511
0.617 -1.94624 0.757033
0.618 -2.29509 1.00663
0.619 -2.63792 1.25035
0.62 -2.97339 1.48724
0.621 -3.30018 1.71637
0.622 -3.617 1.93687
0.623 -3.9226 2.14788
0.624 -4.21577 2.34856
0.625 -4.49535 2.53814
0.626 -4.76023 2.71588
0.627 -5.00934 2.88108
0.628 -5.2417 3.03309
0.629 -5.45638 3.17131
0.63 -5.65251 3.29519
0.631 -5.82931 3.40424
0.632 -5.98605 3.49802
0.633 -6.12211 3.57617
0.634 -6.23691 3.63836
0.635 -6.33 3.68433
0.636 -6.40099 3.71389
0.637 -6.44956 3.72692
0.638 -6.47552 3.72333
0.639 -6.47873 3.70314
0.64 -6.45916 3.66641
0.641 -6.41688 3.61325
0.642 -6.35201 3.54386
0.643 -6.26481 3.45848
0.644 -6.1556 3.35744
0.645 -6.02478 3.24111
0.646 -5.87286 3.10991
0.647 -5.70043 2.96435
0.648 -5.50813 2.80497
0.649 -5.29673 2.63237
0.65 -5.06703 2.44719
0.651 -4.81994 2.25016
0.652 -4.55641 2.042
0.653 -4.27748 1.82351
0.654 -3.98424 1.59553
0.655 -3.67783 1.35892
0.656 -3.35947 1.11458
0.657 -3.0304 0.863451
0.658 -2.69192 0.606483
0.659 -2.34536 0.344661
0.66 -1.99208 0.0789862
0.661 -1.63348 -0.189526
0.662 -1.27098 -0.459849
0.663 -0.906011 -0.730947
0.664 -0.540008 -1.00178
0.665 -0.174423 -1.27132
0.666 0.189297 -1.53853
0.667 0.549713 -1.80239
0.668 0.905399 -2.06188
0.669 1.25494 -2.31601
0.67 1.59696 -2.56382
0.671 1.9301 -2.80435
0.672 2.25305 -3.03669
0.673 2.56451 -3.25994
0.674 2.86325 -3.47326
0.675 3.1481 -3.67583
0.676 3.41793 -3.86688
0.677 3.67166 -4.04567
0.678 3.90829 -4.21155
0.679 4.12689 -4.36386
0.68 4.3266 -4.50204
0.681 4.50662 -4.62556
0.682 4.66626 -4.73397
0.683 4.80488 -4.82685
0.684 4.92194 -4.90386
0.685 5.01699 -4.96471
0.686 5.08966 -5.00919
0.687 5.13967 -5.03713
0.688 5.16685 -5.04845
0.689 5.17111 -5.04311
0.69 5.15243 -5.02115
0.691 5.11092 -4.98266
0.692 5.04676 -4.92783
0.693 4.96023 -4.85686
0.694 4.8517 -4.77005
0.695 4.72162 -4.66775
0.696 4.57055 -4.55036
0.697 4.39912 -4.41837
0.698 4.20803 -4.27228
0.699 3.99808 -4.11268
0.7 3.77015 -3.94019
0.701 3.52518 -3.7555
0.702 3.26418 -3.55933
0.703 2.98823 -3.35244
0.704 2.69848 -3.13564
0.705 2.39612 -2.90978
0.706 2.08241 -2.67573
0.707 1.75864 -2.43441
0.708 1.42614 -2.18675
0.709 1.08631 -1.93369
0.71 0.740533 -1.67623
0.711 0.390251 -1.41535
0.712 0.0369126 -1.15205
0.713 -0.318017 -0.887334
0.714 -0.673067 -0.622222
0.715 -1.02676 -0.35772
0.716 -1.37764 -0.0948328
0.717 -1.72423 0.165445
0.718 -2.0651 0.422131
0.719 -2.39882 0.674262
0.72 -2.724 0.920893
0.721 -3.03929 1.16111
0.722 -3.34337 1.39401
0.723 -3.63495 1.61875
0.724 -3.91281 1.83449
0.725 -4.17579 2.04047
0.726 -4.42276 2.23592
0.727 -4.65268 2.42016
0.728 -4.86458 2.59254
0.729 -5.05754 2.75245
0.73 -5.23074 2.89935
0.731 -5.38342 3.03275
0.732 -5.51491 3.1522
0.733 -5.62463 3.25732
0.734 -5.71209 3.34781
0.735 -5.77688 3.4234
0.736 -5.81868 3.48389
0.737 -5.83727 3.52914
0.738 -5.83253 3.5591
0.739 -5.80443 3.57374
0.74 -5.75302 3.57312
0.741 -5.67846 3.55736
0.742 -5.58101 3.52664
0.743 -5.46101 3.4812
0.744 -5.31889 3.42133
0.745 -5.15518 3.3474
0.746 -4.97049 3.25983
0.747 -4.76552 3.15908
0.748 -4.54105 3.04569
0.749 -4.29796 2.92022
0.75 -4.03716 2.7833
0.751 -3.75968 2.63561
0.752 -3.46658 2.47786
0.753 -3.15903 2.3108
0.754 -2.83821 2.13523
0.755 -2.50538 1.95197
0.756 -2.16186 1.76188
0.757 -1.80899 1.56584
0.758 -1.44816 1.36475
0.759 -1.0808 1.15955
0.76 -0.708352 0.951175
0.761 -0.332294 0.74057
0.762 0.0458866 0.5287
0.763 0.424692 0.316526
0.764 0.802622 0.105011
0.765 1.17818 -0.104887
0.766 1.54986 -0.312219
0.767 1.91621 -0.516049
0.768 2.27576 -0.715455
0.769 2.62709 -0.909538
0.77 2.96879 -1.09742
0.771 3.29952 -1.27826
0.772 3.61795 -1.45123
0.773 3.92283 -1.61555
0.774 4.21293 -1.77048
0.775 4.48711 -1.91532
0.776 4.74429 -2.04939
0.777 4.98343 -2.1721
0.778 5.2036 -2.28287
0.779 5.40392 -2.38119
0.78 5.5836 -2.46661
0.781 5.74194 -2.53872
0.782 5.87831 -2.59717
0.783 5.99218 -2.64168
0.784 6.08311 -2.67201
0.785 6.15075 -2.68801
0.786 6.19485 -2.68957
0.787 6.21525 -2.67664
0.788 6.21188 -2.64924
0.789 6.18479 -2.60746
0.79 6.13409 -2.55144
0.791 6.06002 -2.48138
0.792 5.9629 -2.39756
0.793 5.84315 -2.30028
0.794 5.70127 -2.18995
0.795 5.53785 -2.06698
0.796 5.3536 -1.93189
0.797 5.14926 -1.78522
0.798 4.92571 -1.62756
0.799 4.68387 -1.45956
0.8 4.42475 -1.28191
0.801 4.14942 -1.09534
0.802 3.85903 -0.900629
0.803 3.55479 -0.698576
0.804 3.23795 -0.490026
0.805 2.90983 -0.275849
0.806 2.5718 -0.0569416
0.807 2.22525 0.165779
0.808 1.87162 0.391377
0.809 1.51239 0.618902
0.81 1.14903 0.847394
0.811 0.783058 1.07589
0.812 0.415997 1.30341
0.813 0.0493671 1.529
0.814 -0.315306 1.75169
0.815 -0.676507 1.97053
0.816 -1.03273 2.18459
0.817 -1.3825 2.39294
0.818 -1.72435 2.59469
0.819 -2.05686 2.78897
0.82 -2.37863 2.97493
0.821 -2.68834 3.15177
0.822 -2.98466 3.31871
0.823 -3.26637 3.47501
0.824 -3.53229 3.61999
0.825 -3.78128 3.753
0.826 -4.01231 3.87344
0.827 -4.22439 3.98077
0.828 -4.41662 4.0745
0.829 -4.58818 4.15418
0.83 -4.73834 4.21944
0.831 -4.86645 4.26996
0.832 -4.97196 4.30548
0.833 -5.05439 4.32579
0.834 -5.11337 4.33077
0.835 -5.14863 4.32035
0.836 -5.16 4.29451
0.837 -5.14739 4.25331
0.838 -5.11081 4.19687
0.839 -5.0504 4.12538
0.84 -4.96636 4.03909
0.841 -4.85901 3.93829
0.842 -4.72875 3.82337
0.843 -4.5761 3.69475
0.844 -4.40164 3.55291
0.845 -4.20606 3.39842
0.846 -3.99014 3.23185
0.847 -3.75474 3.05386
0.848 -3.50079 2.86515
0.849 -3.22932 2.66646
0.85 -2.94142 2.45857
0.851 -2.63824 2.24233
0.852 -2.32102 2.01859
0.853 -1.99103 1.78824
0.854 -1.64961 1.55222
0.855 -1.29816 1.31148
0.856 -0.938094 1.06699
0.857 -0.570894 0.819751
0.858 -0.198054 0.570765
0.859 0.178898 0.321051
0.86 0.558419 0.0716322
0.861 0.93895 -0.176468
0.862 1.31892 -0.422227
0.863 1.69678 -0.664631
0.864 2.07095 -0.902675
0.865 2.4399 -1.13537
0.866 2.80209 -1.36175
0.867 3.15601 -1.58086
0.868 3.50021 -1.7918
0.869 3.83323 -1.99366
0.87 4.15369 -2.1856
0.871 4.46024 -2.36681
0.872 4.75159 -2.5365
0.873 5.0265 -2.69396
0.874 5.28382 -2.83851
0.875 5.52244 -2.96951
0.876 5.74134 -3.0864
0.877 5.93956 -3.18865
0.878 6.11626 -3.27582
0.879 6.27065 -3.34749
0.88 6.40203 -3.40333
0.881 6.50982 -3.44308
0.882 6.5935 -3.46652
0.883 6.65267 -3.47352
0.884 6.68702 -3.464
0.885 6.69634 -3.43796
0.886 6.68052 -3.39546
0.887 6.63955 -3.33662
0.888 6.57352 -3.26166
0.889 6.48263 -3.17082
0.89 6.36717 -3.06444
0.891 6.22754 -2.94292
0.892 6.06423 -2.80671
0.893 5.87782 -2.65633
0.894 5.66899 -2.49236
0.895 5.43852 -2.31544
0.896 5.18727 -2.12626
0.897 4.91617 -1.92556
0.898 4.62626 -1.71414
0.899 4.31864 -1.49283
0.9 3.99449 -1.26252
0.901 3.65504 -1.02413
0.902 3.30159 -0.77863
0.903 2.93553 -0.526998
0.904 2.55825 -0.27026
0.905 2.17123 -0.00945974
0.906 1.77596 0.254338
0.907 1.37398 0.520052
0.908 0.96687 0.78659
0.909 0.556205 1.05285
0.91 0.143593 1.31773
0.911 -0.269349 1.58013
0.912 -0.681005 1.83895
0.913 -1.08976 2.09311
0.914 -1.49401 2.34153
0.915 -1.89217 2.58316
0.916 -2.28267 2.81698
0.917 -2.66398 3.04198
0.918 -3.03459 3.25719
0.919 -3.39305 3.46167
0.92 -3.73794 3.65454
0.921 -4.06791 3.83493
0.922 -4.38166 4.00204
0.923 -4.67794 4.15512
0.924 -4.9556 4.29346
0.925 -5.21353 4.41641
0.926 -5.45073 4.52338
0.927 -5.66625 4.61385
0.928 -5.85926 4.68735
0.929 -6.02899 4.74348
0.93 -6.17477 4.7819
0.931 -6.29605 4.80236
0.932 -6.39234 4.80466
0.933 -6.46327 4.78867
0.934 -6.50857 4.75435
0.935 -6.52808 4.70171
0.936 -6.52173 4.63085
0.937 -6.48955 4.54192
0.938 -6.4317 4.43517
0.939 -6.3484 4.3109
0.94 -6.24002 4.16947
0.941 -6.10699 4.01134
0.942 -5.94987 3.83702
0.943 -5.7693 3.64707
0.944 -5.56601 3.44213
0.945 -5.34085 3.2229
0.946 -5.09472 2.99013
0.947 -4.82862 2.74463
0.948 -4.54365 2.48726
0.949 -4.24097 2.21893
0.95 -3.92179 1.94059
0.951 -3.58743 1.65324
0.952 -3.23924 1.3579
0.953 -2.87864 1.05565
0.954 -2.50709 0.74757
0.955 -2.12612 0.434789
0.956 -1.73726 0.118446
0.957 -1.3421 -0.200304
0.958 -0.942257 -0.520292
0.959 -0.539354 -0.840342
0.96 -0.135033 -1.15928
0.961 0.269055 -1.47592
0.962 0.671263 -1.7891
0.963 1.06995 -2.09765
0.964 1.46348 -2.40045
0.965 1.85025 -2.69635
0.966 2.22868 -2.98427
0.967 2.59721 -3.26313
0.968 2.95433 -3.5319
0.969 3.29858 -3.78957
0.97 3.62855 -4.0352
0.971 3.94286 -4.26786
0.972 4.24023 -4.48669
0.973 4.51942 -4.69088
0.974 4.77929 -4.87967
0.975 5.01874 -5.05235
0.976 5.23677 -5.2083
0.977 5.43249 -5.34693
0.978 5.60505 -5.46773
0.979 5.75373 -5.57027
0.98 5.87789 -5.65417
0.981 5.977 -5.71912
0.982 6.05061 -5.76491
0.983 6.09839 -5.79137
0.984 6.12011 -5.79842
0.985 6.11563 -5.78605
0.986 6.08495 -5.75434
0.987 6.02813 -5.70341
0.988 5.94536 -5.63349
0.989 5.83694 -5.54486
0.99 5.70327 -5.43789
0.991 5.54483 -5.31299
0.992 5.36223 -5.17067
0.993 5.15615 -5.01149
0.994 4.92739 -4.83607
0.995 4.67683 -4.64512
0.996 4.40542 -4.43939
0.997 4.11423 -4.21966
0.998 3.80439 -3.98682
0.999 3.47709 -3.74177
1 3.13363 -3.48545
