0.001 2.20744e-008 7.05942e-009
0.002 2.14566e-007 5.65436e-008
0.003 1.06963e-006 2.3379e-007
0.004 3.70798e-006 6.82908e-007
0.005 1.01739e-005 1.611e-006
0.006 2.37217e-005 3.29632e-006
0.007 4.90914e-005 6.10165e-006
0.008 9.27701e-005 1.04944e-005
0.009 0.000163238 1.70742e-005
0.01 0.000271196 2.661e-005
0.011 0.000429772 4.00864e-005
0.012 0.000654705 5.87609e-005
0.013 0.000964503 8.42326e-005
0.014 0.00138058 0.000118522
0.015 0.00192736 0.000164165
0.016 0.00263236 0.000224316
0.017 0.0035262 0.000302863
0.018 0.00464269 0.000404559
0.019 0.00601873 0.000535162
0.02 0.00769433 0.000701578
0.021 0.00971248 0.000912031
0.022 0.0121191 0.00117622
0.023 0.0149627 0.0015055
0.024 0.0182945 0.00191305
0.025 0.0221681 0.00241409
0.026 0.0266391 0.00302601
0.027 0.0317649 0.00376862
0.028 0.0376046 0.00466426
0.029 0.0442183 0.00573804
0.03 0.0516672 0.00701798
0.031 0.0600129 0.00853515
0.032 0.069317 0.0103239
0.033 0.079641 0.0124218
0.034 0.0910455 0.01487
0.035 0.10359 0.0177133
0.036 0.117333 0.0209998
0.037 0.132329 0.0247816
0.038 0.148632 0.0291142
0.039 0.166293 0.0340571
0.04 0.185358 0.0396731
0.041 0.20587 0.0460286
0.042 0.227869 0.0531937
0.043 0.251387 0.0612414
0.044 0.276453 0.070248
0.045 0.303091 0.0802924
0.046 0.331318 0.0914562
0.047 0.361143 0.103823
0.048 0.392573 0.117479
0.049 0.425602 0.132511
0.05 0.460221 0.149008
0.051 0.496413 0.167057
0.052 0.534151 0.186747
0.053 0.573403 0.208167
0.054 0.614126 0.231404
0.055 0.656271 0.256542
0.056 0.69978 0.283664
0.057 0.744587 0.31285
0.058 0.790618 0.344175
0.059 0.83779 0.37771
0.06 0.886013 0.413521
0.061 0.935189 0.451667
0.062 0.985212 0.492201
0.063 1.03597 0.535168
0.064 1.08734 0.580603
0.065 1.1392 0.628534
0.066 1.1914 0.678978
0.067 1.24383 0.731942
0.068 1.29632 0.78742
0.069 1.34873 0.845395
0.07 1.40091 0.905837
0.071 1.45269 0.968702
0.072 1.50392 1.03393
0.073 1.55443 1.10146
0.074 1.60406 1.17119
0.075 1.65263 1.24303
0.076 1.69998 1.31686
0.077 1.74594 1.39254
0.078 1.79035 1.46992
0.079 1.83303 1.54885
0.08 1.87382 1.62913
0.081 1.91257 1.71057
0.082 1.94911 1.79295
0.083 1.98329 1.87606
0.084 2.01496 1.95964
0.085 2.04397 2.04343
0.086 2.0702 2.12716
0.087 2.09351 2.21055
0.088 2.11378 2.29329
0.089 2.1309 2.37508
0.09 2.14475 2.45559
0.091 2.15525 2.5345
0.092 2.16231 2.61146
0.093 2.16584 2.68613
0.094 2.16579 2.75816
0.095 2.16211 2.82718
0.096 2.15474 2.89284
0.097 2.14365 2.95478
0.098 2.12883 3.01264
0.099 2.11027 3.06605
0.1 2.08797 3.11467
0.101 2.06195 3.15814
0.102 2.03224 3.19612
0.103 1.99888 3.22828
0.104 1.96192 3.25429
0.105 1.92142 3.27385
0.106 1.87748 3.28666
0.107 1.83016 3.29244
0.108 1.77959 3.29094
0.109 1.72586 3.28191
0.11 1.6691 3.26513
0.111 1.60944 3.24042
0.112 1.54702 3.2076
0.113 1.48201 3.16653
0.114 1.41455 3.11709
0.115 1.34481 3.05921
0.116 1.27298 2.99283
0.117 1.19924 2.91792
0.118 1.12377 2.8345
0.119 1.04678 2.74262
0.12 0.968461 2.64234
0.121 0.889022 2.53379
0.122 0.808671 2.41711
0.123 0.72762 2.2925
0.124 0.646082 2.16016
0.125 0.564272 2.02037
0.126 0.482405 1.87341
0.127 0.400697 1.71961
0.128 0.319361 1.55933
0.129 0.23861 1.39297
0.13 0.158652 1.22095
0.131 0.079695 1.04375
0.132 0.00194037 0.861851
0.133 -0.0744139 0.675773
0.134 -0.149176 0.486066
0.135 -0.222159 0.293303
0.136 -0.293183 0.0980818
0.137 -0.362076 -0.0989778
0.138 -0.428674 -0.297238
0.139 -0.49282 -0.496042
0.14 -0.554365 -0.69472
0.141 -0.613173 -0.89259
0.142 -0.669115 -1.08896
0.143 -0.72207 -1.28314
0.144 -0.771932 -1.47441
0.145 -0.818603 -1.66209
0.146 -0.861995 -1.84546
0.147 -0.902033 -2.02385
0.148 -0.938654 -2.19655
0.149 -0.971803 -2.3629
0.15 -1.00144 -2.52224
0.151 -1.02753 -2.67393
0.152 -1.05007 -2.81734
0.153 -1.06903 -2.95189
0.154 -1.08444 -3.07699
0.155 -1.09629 -3.19211
0.156 -1.10463 -3.29675
0.157 -1.10949 -3.39042
0.158 -1.11091 -3.47269
0.159 -1.10896 -3.54317
0.16 -1.10371 -3.60151
0.161 -1.09523 -3.64738
0.162 -1.08362 -3.68054
0.163 -1.06897 -3.70076
0.164 -1.0514 -3.70788
0.165 -1.03101 -3.70178
0.166 -1.00794 -3.6824
0.167 -0.982302 -3.64973
0.168 -0.95425 -3.60381
0.169 -0.923923 -3.54474
0.17 -0.891472 -3.47266
0.171 -0.857056 -3.38779
0.172 -0.820834 -3.29037
0.173 -0.782974 -3.18073
0.174 -0.743646 -3.05922
0.175 -0.703023 -2.92627
0.176 -0.661282 -2.78233
0.177 -0.618603 -2.62793
0.178 -0.575167 -2.46361
0.179 -0.531156 -2.29
0.18 -0.486753 -2.10775
0.181 -0.442142 -1.91753
0.182 -0.397506 -1.72009
0.183 -0.353029 -1.51618
0.184 -0.308892 -1.3066
0.185 -0.265274 -1.09219
0.186 -0.222354 -0.87379
0.187 -0.180307 -0.652277
0.188 -0.139303 -0.428548
0.189 -0.0995129 -0.203514
0.19 -0.0611 0.0219035
0.191 -0.0242245 0.246772
0.192 0.0109583 0.470157
0.193 0.0442983 0.691122
0.194 0.0756511 0.908734
0.195 0.104878 1.12207
0.196 0.131847 1.33021
0.197 0.156432 1.53226
0.198 0.178515 1.72734
0.199 0.197984 1.9146
0.2 0.214735 2.09319
0.201 0.228673 2.26232
0.202 0.239709 2.42123
0.203 0.247764 2.56917
0.204 0.252767 2.70547
0.205 0.254654 2.82948
0.206 0.253374 2.94058
0.207 0.248882 3.03824
0.208 0.241143 3.12195
0.209 0.230131 3.19126
0.21 0.215831 3.24578
0.211 0.198236 3.28518
0.212 0.177351 3.30918
0.213 0.153187 3.31757
0.214 0.12577 3.31019
0.215 0.095131 3.28695
0.216 0.0613145 3.24783
0.217 0.0243732 3.19286
0.218 -0.0156298 3.12213
0.219 -0.0586217 3.03582
0.22 -0.10452 2.93414
0.221 -0.153232 2.81739
0.222 -0.204656 2.6859
0.223 -0.258681 2.5401
0.224 -0.315186 2.38043
0.225 -0.374042 2.20743
0.226 -0.43511 2.02166
0.227 -0.498243 1.82377
0.228 -0.563287 1.61442
0.229 -0.630076 1.39434
0.23 -0.698442 1.16431
0.231 -0.768204 0.925123
0.232 -0.839179 0.677643
0.233 -0.911173 0.422747
0.234 -0.98399 0.161354
0.235 -1.05742 -0.105596
0.236 -1.13127 -0.377134
0.237 -1.20531 -0.652272
0.238 -1.27933 -0.930008
0.239 -1.3531 -1.20932
0.24 -1.42641 -1.4892
0.241 -1.49902 -1.76859
0.242 -1.57072 -2.04649
0.243 -1.64126 -2.32185
0.244 -1.71041 -2.59366
0.245 -1.77796 -2.86092
0.246 -1.84367 -3.12262
0.247 -1.90731 -3.3778
0.248 -1.96866 -3.62551
0.249 -2.0275 -3.86482
0.25 -2.08361 -4.09483
0.251 -2.13677 -4.31469
0.252 -2.18678 -4.52357
0.253 -2.23344 -4.72069
0.254 -2.27656 -4.9053
0.255 -2.31594 -5.0767
0.256 -2.35141 -5.23425
0.257 -2.38279 -5.37734
0.258 -2.40994 -5.50542
0.259 -2.43269 -5.618
0.26 -2.45092 -5.71465
0.261 -2.46448 -5.79497
0.262 -2.47328 -5.85866
0.263 -2.47721 -5.90543
0.264 -2.47618 -5.93509
0.265 -2.47012 -5.9475
0.266 -2.45897 -5.94257
0.267 -2.44268 -5.92028
0.268 -2.42123 -5.88067
0.269 -2.3946 -5.82385
0.27 -2.3628 -5.74997
0.271 -2.32584 -5.65924
0.272 -2.28377 -5.55196
0.273 -2.23662 -5.42845
0.274 -2.18448 -5.28911
0.275 -2.12742 -5.13437
0.276 -2.06555 -4.96474
0.277 -1.99899 -4.78075
0.278 -1.92787 -4.58301
0.279 -1.85233 -4.37214
0.28 -1.77256 -4.14884
0.281 -1.68872 -3.91383
0.282 -1.60101 -3.66786
0.283 -1.50965 -3.41173
0.284 -1.41485 -3.14627
0.285 -1.31686 -2.87233
0.286 -1.21593 -2.59079
0.287 -1.11232 -2.30257
0.288 -1.00629 -2.00858
0.289 -0.898143 -1.70976
0.29 -0.78816 -1.40707
0.291 -0.676644 -1.10147
0.292 -0.563903 -0.793919
0.293 -0.450251 -0.485403
0.294 -0.336009 -0.176888
0.295 -0.2215 0.130658
0.296 -0.10705 0.436273
0.297 0.00701184 0.739007
0.298 0.120356 1.03792
0.299 0.232654 1.33209
0.3 0.343578 1.62062
0.301 0.452805 1.90262
0.302 0.560014 2.17723
0.303 0.664891 2.44363
0.304 0.767127 2.70101
0.305 0.866423 2.94862
0.306 0.962486 3.18571
0.307 1.05503 3.41159
0.308 1.1438 3.6256
0.309 1.22852 3.82713
0.31 1.30896 4.01559
0.311 1.38487 4.19047
0.312 1.45606 4.35127
0.313 1.52231 4.49756
0.314 1.58345 4.62895
0.315 1.6393 4.7451
0.316 1.68973 4.84571
0.317 1.73461 4.93055
0.318 1.77383 4.99943
0.319 1.8073 5.0522
0.32 1.83495 5.08879
0.321 1.85675 5.10915
0.322 1.87266 5.11332
0.323 1.88268 5.10134
0.324 1.88683 5.07335
0.325 1.88514 5.02951
0.326 1.87769 4.97005
0.327 1.86455 4.89522
0.328 1.84582 4.80536
0.329 1.82163 4.70082
0.33 1.79212 4.58202
0.331 1.75745 4.4494
0.332 1.71781 4.30346
0.333 1.6734 4.14474
0.334 1.62442 3.97383
0.335 1.57113 3.79132
0.336 1.51377 3.59788
0.337 1.45261 3.39419
0.338 1.38792 3.18096
0.339 1.32 2.95895
0.34 1.24915 2.72892
0.341 1.17569 2.49166
0.342 1.09994 2.24802
0.343 1.02223 1.99881
0.344 0.94291 1.7449
0.345 0.862315 1.48717
0.346 0.780797 1.22649
0.347 0.698706 0.963764
0.348 0.616396 0.699888
0.349 0.534218 0.435768
0.35 0.452524 0.17231
0.351 0.371663 -0.0895817
0.352 0.291978 -0.349006
0.353 0.213809 -0.60507
0.354 0.137486 -0.856891
0.355 0.0633346 -1.1036
0.356 -0.00833203 -1.34433
0.357 -0.0772098 -1.57826
0.358 -0.143007 -1.80456
0.359 -0.205445 -2.02244
0.36 -0.264258 -2.23113
0.361 -0.319196 -2.42989
0.362 -0.370026 -2.61802
0.363 -0.41653 -2.79483
0.364 -0.45851 -2.95968
0.365 -0.495782 -3.11197
0.366 -0.528187 -3.25114
0.367 -0.55558 -3.37666
0.368 -0.577841 -3.48805
0.369 -0.594866 -3.58488
0.37 -0.606576 -3.66676
0.371 -0.61291 -3.73335
0.372 -0.613829 -3.78436
0.373 -0.609318 -3.81955
0.374 -0.59938 -3.83874
0.375 -0.584039 -3.84178
0.376 -0.563344 -3.8286
0.377 -0.537362 -3.79917
0.378 -0.506179 -3.75351
0.379 -0.469904 -3.69172
0.38 -0.428665 -3.61392
0.381 -0.382608 -3.52031
0.382 -0.331897 -3.41114
0.383 -0.276715 -3.28671
0.384 -0.21726 -3.14736
0.385 -0.153748 -2.99352
0.386 -0.0864084 -2.82563
0.387 -0.0154858 -2.64421
0.388 0.0587626 -2.44981
0.389 0.136068 -2.24304
0.39 0.216149 -2.02456
0.391 0.298717 -1.79505
0.392 0.383472 -1.55527
0.393 0.470109 -1.30598
0.394 0.558314 -1.048
0.395 0.647769 -0.78218
0.396 0.738154 -0.509407
0.397 0.829144 -0.23059
0.398 0.920413 0.0533318
0.399 1.01164 0.341396
0.4 1.10249 0.632622
0.401 1.19264 0.926008
0.402 1.28178 1.22054
0.403 1.36959 1.5152
0.404 1.45576 1.80896
0.405 1.53999 2.10078
0.406 1.62198 2.38962
0.407 1.70145 2.67448
0.408 1.77812 2.95431
0.409 1.85171 3.22812
0.41 1.92199 3.49491
0.411 1.9887 3.75371
0.412 2.05162 4.00357
0.413 2.11052 4.24355
0.414 2.16521 4.47278
0.415 2.2155 4.69037
0.416 2.26122 4.89552
0.417 2.30222 5.08742
0.418 2.33834 5.26535
0.419 2.36948 5.42859
0.42 2.39552 5.57651
0.421 2.41638 5.7085
0.422 2.43198 5.82402
0.423 2.44226 5.92258
0.424 2.4472 6.00375
0.425 2.44676 6.06717
0.426 2.44096 6.11253
0.427 2.42979 6.13958
0.428 2.41329 6.14814
0.429 2.39151 6.13809
0.43 2.3645 6.1094
0.431 2.33235 6.06208
0.432 2.29515 5.99621
0.433 2.253 5.91196
0.434 2.20604 5.80953
0.435 2.15438 5.68922
0.436 2.09819 5.55137
0.437 2.03762 5.39641
0.438 1.97284 5.22482
0.439 1.90405 5.03712
0.44 1.83142 4.83394
0.441 1.75518 4.61591
0.442 1.67552 4.38377
0.443 1.59267 4.13827
0.444 1.50685 3.88024
0.445 1.41831 3.61053
0.446 1.32728 3.33005
0.447 1.234 3.03976
0.448 1.13873 2.74064
0.449 1.04172 2.43371
0.45 0.943216 2.12002
0.451 0.843484 1.80064
0.452 0.742779 1.47667
0.453 0.64136 1.14922
0.454 0.539482 0.819431
0.455 0.437404 0.488424
0.456 0.335379 0.157344
0.457 0.233658 -0.172668
0.458 0.13249 -0.500478
0.459 0.0321192 -0.824958
0.46 -0.0672151 -1.145
0.461 -0.165278 -1.45949
0.462 -0.261843 -1.76738
0.463 -0.356685 -2.0676
0.464 -0.449592 -2.35914
0.465 -0.540354 -2.64102
0.466 -0.628773 -2.91229
0.467 -0.714657 -3.17204
0.468 -0.797824 -3.41942
0.469 -0.8781 -3.65362
0.47 -0.955323 -3.87388
0.471 -1.02934 -4.07948
0.472 -1.1 -4.2698
0.473 -1.16718 -4.44423
0.474 -1.23075 -4.60226
0.475 -1.29061 -4.74342
0.476 -1.34665 -4.86732
0.477 -1.39878 -4.97362
0.478 -1.44693 -5.06208
0.479 -1.49103 -5.1325
0.48 -1.53102 -5.18475
0.481 -1.56687 -5.21879
0.482 -1.59855 -5.23463
0.483 -1.62603 -5.23237
0.484 -1.64931 -5.21216
0.485 -1.66839 -5.17423
0.486 -1.68329 -5.11888
0.487 -1.69404 -5.04645
0.488 -1.70067 -4.95738
0.489 -1.70323 -4.85216
0.49 -1.70179 -4.73132
0.491 -1.69642 -4.59547
0.492 -1.6872 -4.44526
0.493 -1.67422 -4.28142
0.494 -1.65758 -4.10469
0.495 -1.6374 -3.91589
0.496 -1.6138 -3.71585
0.497 -1.5869 -3.50546
0.498 -1.55685 -3.28564
0.499 -1.5238 -3.05735
0.5 -1.4879 -2.82155
0.501 -1.4493 -2.57925
0.502 -1.40819 -2.33147
0.503 -1.36474 -2.07923
0.504 -1.31912 -1.82359
0.505 -1.27154 -1.56558
0.506 -1.22217 -1.30626
0.507 -1.17122 -1.04667
0.508 -1.11888 -0.787851
0.509 -1.06537 -0.530835
0.51 -1.01089 -0.276631
0.511 -0.955643 -0.0262328
0.512 -0.899845 0.21939
0.513 -0.843707 0.459296
0.514 -0.787441 0.692572
0.515 -0.731259 0.91834
0.516 -0.675371 1.13576
0.517 -0.619988 1.34403
0.518 -0.565315 1.5424
0.519 -0.511557 1.73015
0.52 -0.458915 1.90663
0.521 -0.407585 2.07122
0.522 -0.357761 2.22337
0.523 -0.309628 2.36257
0.524 -0.263367 2.48838
0.525 -0.219153 2.60041
0.526 -0.177153 2.69833
0.527 -0.137527 2.78186
0.528 -0.100425 2.8508
0.529 -0.0659906 2.905
0.53 -0.0343567 2.94437
0.531 -0.00564703 2.96887
0.532 0.0200251 2.97854
0.533 0.0425569 2.97347
0.534 0.0618567 2.95379
0.535 0.0778442 2.91972
0.536 0.0904509 2.87151
0.537 0.0996201 2.80947
0.538 0.105308 2.73396
0.539 0.107482 2.6454
0.54 0.106124 2.54425
0.541 0.101228 2.43101
0.542 0.0927996 2.30622
0.543 0.0808594 2.17047
0.544 0.0654401 2.0244
0.545 0.0465872 1.86864
0.546 0.0243595 1.7039
0.547 -0.00117187 1.53089
0.548 -0.0299229 1.35034
0.549 -0.0617974 1.16301
0.55 -0.0966871 0.969695
0.551 -0.134472 0.771176
0.552 -0.175021 0.568259
0.553 -0.218191 0.361757
0.554 -0.263829 0.152484
0.555 -0.311773 -0.058741
0.556 -0.361851 -0.271104
0.557 -0.413881 -0.483795
0.558 -0.467673 -0.696014
0.559 -0.523031 -0.906971
0.56 -0.579751 -1.11589
0.561 -0.637622 -1.32202
0.562 -0.696428 -1.52461
0.563 -0.75595 -1.72296
0.564 -0.815964 -1.91637
0.565 -0.876241 -2.10418
0.566 -0.936553 -2.28577
0.567 -0.996668 -2.46052
0.568 -1.05636 -2.62787
0.569 -1.11539 -2.78729
0.57 -1.17353 -2.93829
0.571 -1.23055 -3.0804
0.572 -1.28624 -3.2132
0.573 -1.34036 -3.33633
0.574 -1.39271 -3.44943
0.575 -1.44307 -3.55221
0.576 -1.49123 -3.64442
0.577 -1.53701 -3.72583
0.578 -1.58021 -3.7963
0.579 -1.62065 -3.85567
0.58 -1.65816 -3.90386
0.581 -1.69258 -3.94084
0.582 -1.72376 -3.96658
0.583 -1.75155 -3.98112
0.584 -1.77584 -3.98455
0.585 -1.79651 -3.97696
0.586 -1.81344 -3.9585
0.587 -1.82657 -3.92936
0.588 -1.83579 -3.88976
0.589 -1.84107 -3.83994
0.59 -1.84234 -3.78018
0.591 -1.83958 -3.7108
0.592 -1.83276 -3.63213
0.593 -1.82187 -3.54453
0.594 -1.80693 -3.4484
0.595 -1.78797 -3.34414
0.596 -1.765 -3.23218
0.597 -1.7381 -3.11298
0.598 -1.70732 -2.98699
0.599 -1.67273 -2.85469
0.6 -1.63444 -2.71658
0.601 -1.59255 -2.57315
0.602 -1.54716 -2.42492
0.603 -1.49841 -2.27239
0.604 -1.44644 -2.1161
0.605 -1.39139 -1.95656
0.606 -1.33343 -1.79429
0.607 -1.27273 -1.62982
0.608 -1.20945 -1.46367
0.609 -1.14379 -1.29634
0.61 -1.07593 -1.12835
0.611 -1.00608 -0.96019
0.612 -0.934426 -0.792357
0.613 -0.861189 -0.625327
0.614 -0.786575 -0.459567
0.615 -0.710797 -0.295531
0.616 -0.634071 -0.133657
0.617 -0.556613 0.0256323
0.618 -0.478639 0.181931
0.619 -0.400364 0.33485
0.62 -0.322003 0.484021
0.621 -0.243766 0.629093
0.622 -0.165861 0.769736
0.623 -0.0884933 0.90564
0.624 -0.011861 1.03652
0.625 0.0638421 1.1621
0.626 0.138429 1.28214
0.627 0.211719 1.39642
0.628 0.283541 1.50474
0.629 0.353729 1.60692
0.63 0.422128 1.70281
0.631 0.488593 1.79227
0.632 0.552985 1.87519
0.633 0.61518 1.95148
0.634 0.67506 2.02108
0.635 0.732521 2.08395
0.636 0.787468 2.14005
0.637 0.83982 2.1894
0.638 0.889503 2.23201
0.639 0.936458 2.26792
0.64 0.980635 2.29719
0.641 1.022 2.31989
0.642 1.06052 2.33613
0.643 1.09619 2.34603
0.644 1.129 2.3497
0.645 1.15896 2.34731
0.646 1.18608 2.33901
0.647 1.2104 2.32499
0.648 1.23195 2.30545
0.649 1.25077 2.28058
0.65 1.26693 2.25062
0.651 1.28049 2.21579
0.652 1.29152 2.17634
0.653 1.3001 2.13252
0.654 1.30632 2.08459
0.655 1.31027 2.03284
0.656 1.31204 1.97753
0.657 1.31175 1.91895
0.658 1.3095 1.8574
0.659 1.3054 1.79317
0.66 1.29957 1.72657
0.661 1.29212 1.65789
0.662 1.28318 1.58744
0.663 1.27285 1.51553
0.664 1.26128 1.44247
0.665 1.24857 1.36856
0.666 1.23484 1.29411
0.667 1.22022 1.21942
0.668 1.20482 1.14479
0.669 1.18876 1.07051
0.67 1.17214 0.996865
0.671 1.15508 0.924148
0.672 1.13769 0.852631
0.673 1.12006 0.782582
0.674 1.10228 0.714259
0.675 1.08446 0.647914
0.676 1.06667 0.583786
0.677 1.04899 0.522102
0.678 1.03151 0.463081
0.679 1.01429 0.406927
0.68 0.997399 0.35383
0.681 0.980885 0.30397
0.682 0.964803 0.257508
0.683 0.949199 0.214594
0.684 0.93411 0.175361
0.685 0.91957 0.139926
0.686 0.905606 0.10839
0.687 0.892237 0.0808388
0.688 0.879479 0.057339
0.689 0.867342 0.0379416
0.69 0.85583 0.0226797
0.691 0.844942 0.0115693
0.692 0.834672 0.00460868
0.693 0.825012 0.00177854
0.694 0.815947 0.00304222
0.695 0.807459 0.00834567
0.696 0.799526 0.0176177
0.697 0.792126 0.0307702
0.698 0.78523 0.0476985
0.699 0.778809 0.0682819
0.7 0.772832 0.0923836
0.701 0.767267 0.119852
0.702 0.76208 0.150521
0.703 0.757235 0.18421
0.704 0.752698 0.220726
0.705 0.748434 0.259863
0.706 0.744409 0.301404
0.707 0.740587 0.345121
0.708 0.736937 0.390776
0.709 0.733426 0.438124
0.71 0.730025 0.486909
0.711 0.726704 0.536873
0.712 0.723438 0.58775
0.713 0.720203 0.639269
0.714 0.716978 0.691159
0.715 0.713743 0.743146
0.716 0.710483 0.794955
0.717 0.707184 0.846312
0.718 0.703837 0.896947
0.719 0.700433 0.946591
0.72 0.696969 0.994981
0.721 0.693443 1.04186
0.722 0.689857 1.08698
0.723 0.686216 1.1301
0.724 0.682526 1.17098
0.725 0.678797 1.20942
0.726 0.675042 1.24519
0.727 0.671274 1.2781
0.728 0.667511 1.30798
0.729 0.663771 1.33466
0.73 0.660075 1.35799
0.731 0.656442 1.37783
0.732 0.652896 1.39407
0.733 0.64946 1.40662
0.734 0.646158 1.41539
0.735 0.643013 1.42034
0.736 0.640049 1.42141
0.737 0.637291 1.4186
0.738 0.634759 1.41191
0.739 0.632477 1.40135
0.74 0.630463 1.38697
0.741 0.628737 1.36884
0.742 0.627315 1.34703
0.743 0.626211 1.32166
0.744 0.625438 1.29284
0.745 0.625003 1.26071
0.746 0.624914 1.22544
0.747 0.625172 1.1872
0.748 0.625778 1.14618
0.749 0.626726 1.10259
0.75 0.62801 1.05665
0.751 0.629617 1.0086
0.752 0.631531 0.958692
0.753 0.633732 0.907177
0.754 0.636197 0.854323
0.755 0.638897 0.800408
0.756 0.6418 0.745712
0.757 0.64487 0.690522
0.758 0.648067 0.635128
0.759 0.651347 0.579821
0.76 0.654661 0.524891
0.761 0.657959 0.470628
0.762 0.661185 0.417317
0.763 0.664282 0.365238
0.764 0.667188 0.314665
0.765 0.66984 0.265863
0.766 0.672172 0.219086
0.767 0.674115 0.174576
0.768 0.6756 0.132564
0.769 0.676555 0.0932644
0.77 0.676907 0.0568751
0.771 0.676584 0.0235773
0.772 0.675511 -0.00646683
0.773 0.673615 -0.0331153
0.774 0.670823 -0.0562469
0.775 0.667062 -0.0757625
0.776 0.662263 -0.0915859
0.777 0.656354 -0.103664
0.778 0.649269 -0.111969
0.779 0.640944 -0.116496
0.78 0.631315 -0.117267
0.781 0.620325 -0.114327
0.782 0.607919 -0.107747
0.783 0.594044 -0.0976247
0.784 0.578655 -0.0840804
0.785 0.561708 -0.0672598
0.786 0.543167 -0.0473326
0.787 0.523 -0.0244916
0.788 0.50118 0.00104786
0.789 0.477685 0.029049
0.79 0.452502 0.0592546
0.791 0.42562 0.0913882
0.792 0.397038 0.125155
0.793 0.36676 0.160246
0.794 0.334794 0.196333
0.795 0.301159 0.233079
0.796 0.265877 0.270134
0.797 0.228978 0.307137
0.798 0.190499 0.343722
0.799 0.150483 0.379515
0.8 0.108979 0.414141
0.801 0.066042 0.447221
0.802 0.021735 0.478379
0.803 -0.0238747 0.507241
0.804 -0.0707136 0.533437
0.805 -0.118703 0.556607
0.806 -0.167757 0.576397
0.807 -0.217789 0.592469
0.808 -0.268702 0.604494
0.809 -0.3204 0.612164
0.81 -0.372779 0.615184
0.811 -0.425733 0.613283
0.812 -0.479153 0.606208
0.813 -0.532926 0.593734
0.814 -0.586938 0.575656
0.815 -0.64107 0.551801
0.816 -0.695206 0.52202
0.817 -0.749223 0.486196
0.818 -0.803003 0.444242
0.819 -0.856422 0.396103
0.82 -0.90936 0.341755
0.821 -0.961696 0.28121
0.822 -1.01331 0.214512
0.823 -1.06408 0.141738
0.824 -1.1139 0.0630035
0.825 -1.16264 -0.0215459
0.826 -1.21019 -0.111728
0.827 -1.25645 -0.207329
0.828 -1.30131 -0.308098
0.829 -1.34466 -0.413756
0.83 -1.3864 -0.523989
0.831 -1.42645 -0.638454
0.832 -1.4647 -0.756778
0.833 -1.50108 -0.878561
0.834 -1.53549 -1.00338
0.835 -1.56787 -1.13077
0.836 -1.59815 -1.26027
0.837 -1.62626 -1.39138
0.838 -1.65213 -1.52359
0.839 -1.67573 -1.65637
0.84 -1.69699 -1.78917
0.841 -1.71588 -1.92144
0.842 -1.73236 -2.05261
0.843 -1.74641 -2.18212
0.844 -1.75799 -2.30939
0.845 -1.7671 -2.43385
0.846 -1.77372 -2.55492
0.847 -1.77786 -2.67203
0.848 -1.7795 -2.78463
0.849 -1.77866 -2.89217
0.85 -1.77536 -2.9941
0.851 -1.7696 -3.08992
0.852 -1.76143 -3.17911
0.853 -1.75086 -3.26119
0.854 -1.73794 -3.33571
0.855 -1.72271 -3.40224
0.856 -1.70521 -3.46037
0.857 -1.6855 -3.50973
0.858 -1.66363 -3.54999
0.859 -1.63967 -3.58083
0.86 -1.61368 -3.602
0.861 -1.58573 -3.61325
0.862 -1.5559 -3.61441
0.863 -1.52426 -3.60531
0.864 -1.4909 -3.58586
0.865 -1.4559 -3.556
0.866 -1.41935 -3.51569
0.867 -1.38134 -3.46497
0.868 -1.34196 -3.40391
0.869 -1.30131 -3.33261
0.87 -1.25949 -3.25124
0.871 -1.2166 -3.15999
0.872 -1.17274 -3.05912
0.873 -1.12802 -2.94892
0.874 -1.08254 -2.82971
0.875 -1.03641 -2.70186
0.876 -0.989738 -2.56579
0.877 -0.942629 -2.42195
0.878 -0.895193 -2.27082
0.879 -0.847541 -2.11292
0.88 -0.799783 -1.94881
0.881 -0.752027 -1.77907
0.882 -0.704383 -1.6043
0.883 -0.65696 -1.42515
0.884 -0.609867 -1.24227
0.885 -0.563211 -1.05634
0.886 -0.517098 -0.868054
0.887 -0.471633 -0.678123
0.888 -0.426921 -0.487267
0.889 -0.383062 -0.296213
0.89 -0.340158 -0.105695
0.891 -0.298306 0.0835534
0.892 -0.257602 0.270798
0.893 -0.21814 0.455311
0.894 -0.180009 0.636371
0.895 -0.143298 0.813269
0.896 -0.108091 0.985308
0.897 -0.0744683 1.15181
0.898 -0.0425085 1.31212
0.899 -0.0122847 1.46559
0.9 0.0161333 1.61163
0.901 0.0426803 1.74964
0.902 0.0672954 1.87907
0.903 0.0899224 1.99942
0.904 0.11051 2.1102
0.905 0.129013 2.21095
0.906 0.14539 2.30129
0.907 0.159606 2.38085
0.908 0.171631 2.4493
0.909 0.181444 2.50638
0.91 0.189025 2.55184
0.911 0.194366 2.58553
0.912 0.197461 2.60728
0.913 0.198313 2.61703
0.914 0.196931 2.61474
0.915 0.193333 2.6004
0.916 0.187541 2.5741
0.917 0.179586 2.53592
0.918 0.169507 2.48604
0.919 0.157348 2.42466
0.92 0.143163 2.35202
0.921 0.127012 2.26842
0.922 0.108962 2.17422
0.923 0.0890889 2.06979
0.924 0.0674753 1.95556
0.925 0.0442108 1.83199
0.926 0.0193923 1.6996
0.927 -0.00687593 1.55892
0.928 -0.0344831 1.41053
0.929 -0.0633117 1.25503
0.93 -0.0932375 1.09307
0.931 -0.12413 0.925289
0.932 -0.155854 0.75239
0.933 -0.188267 0.575073
0.934 -0.221222 0.394064
0.935 -0.254567 0.210102
0.936 -0.288146 0.0239393
0.937 -0.321798 -0.163662
0.938 -0.355361 -0.351935
0.939 -0.388666 -0.540107
0.94 -0.421545 -0.727406
0.941 -0.453826 -0.913065
0.942 -0.485337 -1.09632
0.943 -0.515903 -1.27642
0.944 -0.545353 -1.45261
0.945 -0.573511 -1.62417
0.946 -0.600207 -1.79039
0.947 -0.62527 -1.95057
0.948 -0.648532 -2.10405
0.949 -0.669829 -2.25017
0.95 -0.689 -2.38833
0.951 -0.705889 -2.51793
0.952 -0.720344 -2.63842
0.953 -0.732222 -2.74927
0.954 -0.741383 -2.85
0.955 -0.747696 -2.94015
0.956 -0.751039 -3.01932
0.957 -0.751296 -3.08713
0.958 -0.748362 -3.14325
0.959 -0.742141 -3.1874
0.96 -0.732548 -3.21932
0.961 -0.71951 -3.23884
0.962 -0.702962 -3.24577
0.963 -0.682854 -3.24003
0.964 -0.659147 -3.22154
0.965 -0.631815 -3.19028
0.966 -0.600846 -3.14629
0.967 -0.566239 -3.08963
0.968 -0.52801 -3.02043
0.969 -0.486185 -2.93884
0.97 -0.440807 -2.84507
0.971 -0.391932 -2.73936
0.972 -0.33963 -2.62202
0.973 -0.283985 -2.49337
0.974 -0.225096 -2.35378
0.975 -0.163075 -2.20366
0.976 -0.0980466 -2.04346
0.977 -0.0301512 -1.87365
0.978 0.0404591 -1.69475
0.979 0.113619 -1.50731
0.98 0.189152 -1.3119
0.981 0.266868 -1.10913
0.982 0.346567 -0.89961
0.983 0.428039 -0.684006
0.984 0.511061 -0.462988
0.985 0.595404 -0.237245
0.986 0.680829 -0.0074851
0.987 0.76709 0.225569
0.988 0.853933 0.461184
0.989 0.9411 0.698616
0.99 1.02833 0.937116
0.991 1.11534 1.17593
0.992 1.20188 1.4143
0.993 1.28766 1.65147
0.994 1.37241 1.88668
0.995 1.45586 2.11919
0.996 1.53773 2.34826
0.997 1.61775 2.57315
0.998 1.69566 2.79314
0.999 1.77119 3.00754
1 1.84408 3.21565
