0.001 3.44817e-008 2.56158e-009
0.002 3.13579e-007 2.05758e-008
0.003 1.47666e-006 8.54046e-008
0.004 4.88676e-006 2.50707e-007
0.005 1.29212e-005 5.94951e-007
0.006 2.92524e-005 1.22563e-006
0.007 5.91157e-005 2.2856e-006
0.008 0.000109562 3.96201e-006
0.009 0.000189696 6.49815e-006
0.01 0.000310885 1.02086e-005
0.011 0.000486963 1.54982e-005
0.012 0.000734393 2.28843e-005
0.013 0.00107241 3.3024e-005
0.014 0.00152316 4.6745e-005
0.015 0.00211174 6.50812e-005
0.016 0.00286632 8.93126e-005
0.017 0.00381813 0.00012101
0.018 0.00500144 0.000162083
0.019 0.00645359 0.000214835
0.02 0.00821484 0.000282019
0.021 0.0103283 0.000366899
0.022 0.0128399 0.000473318
0.023 0.015798 0.000605762
0.024 0.0192534 0.000769433
0.025 0.0232588 0.000970323
0.026 0.0278692 0.00121529
0.027 0.0331407 0.00151214
0.028 0.0391309 0.00186969
0.029 0.0458982 0.00229785
0.03 0.0535017 0.00280773
0.031 0.0620004 0.00341166
0.032 0.0714531 0.00412332
0.033 0.0819179 0.00495777
0.034 0.0934518 0.00593154
0.035 0.10611 0.00706268
0.036 0.119946 0.00837081
0.037 0.13501 0.00987721
0.038 0.151351 0.0116048
0.039 0.169011 0.0135783
0.04 0.188032 0.015824
0.041 0.208448 0.01837
0.042 0.23029 0.0212464
0.043 0.253585 0.0244846
0.044 0.27835 0.0281182
0.045 0.3046 0.0321822
0.046 0.33234 0.0367134
0.047 0.36157 0.0417502
0.048 0.392283 0.0473324
0.049 0.424462 0.0535015
0.05 0.458084 0.0603001
0.051 0.493118 0.0677722
0.052 0.529522 0.075963
0.053 0.567248 0.0849183
0.054 0.606239 0.0946851
0.055 0.646427 0.105311
0.056 0.687739 0.116843
0.057 0.730088 0.12933
0.058 0.773384 0.142821
0.059 0.817523 0.157362
0.06 0.862397 0.173001
0.061 0.907886 0.189785
0.062 0.953866 0.20776
0.063 1.0002 0.226969
0.064 1.04675 0.247456
0.065 1.09336 0.269261
0.066 1.13989 0.292423
0.067 1.18617 0.316978
0.068 1.23203 0.342958
0.069 1.2773 0.370396
0.07 1.32182 0.399315
0.071 1.3654 0.429741
0.072 1.40785 0.46169
0.073 1.44901 0.495177
0.074 1.48868 0.530212
0.075 1.52668 0.566798
0.076 1.56282 0.604935
0.077 1.59693 0.644615
0.078 1.62882 0.685826
0.079 1.65832 0.728549
0.08 1.68525 0.772757
0.081 1.70945 0.818419
0.082 1.73076 0.865495
0.083 1.74902 0.91394
0.084 1.76408 0.963699
0.085 1.7758 1.01471
0.086 1.78406 1.06691
0.087 1.78874 1.12022
0.088 1.78973 1.17455
0.089 1.78693 1.22982
0.09 1.78026 1.28592
0.091 1.76965 1.34275
0.092 1.75505 1.40019
0.093 1.73642 1.45813
0.094 1.71372 1.51643
0.095 1.68695 1.57495
0.096 1.65612 1.63357
0.097 1.62124 1.69211
0.098 1.58235 1.75044
0.099 1.53952 1.80838
0.1 1.49282 1.86578
0.101 1.44232 1.92245
0.102 1.38815 1.97823
0.103 1.33043 2.03292
0.104 1.2693 2.08635
0.105 1.20491 2.13833
0.106 1.13745 2.18866
0.107 1.0671 2.23715
0.108 0.994064 2.28361
0.109 0.918573 2.32785
0.11 0.840859 2.36966
0.111 0.761171 2.40886
0.112 0.679772 2.44525
0.113 0.596936 2.47864
0.114 0.512949 2.50885
0.115 0.428107 2.53569
0.116 0.342713 2.55898
0.117 0.257082 2.57855
0.118 0.171531 2.59423
0.119 0.0863863 2.60586
0.12 0.00197631 2.61328
0.121 -0.0813669 2.61636
0.122 -0.16331 2.61496
0.123 -0.243519 2.60894
0.124 -0.321661 2.59821
0.125 -0.397408 2.58265
0.126 -0.470432 2.56218
0.127 -0.540415 2.53671
0.128 -0.607043 2.50618
0.129 -0.670013 2.47055
0.13 -0.729028 2.42977
0.131 -0.783806 2.38382
0.132 -0.834077 2.33271
0.133 -0.879584 2.27644
0.134 -0.920086 2.21504
0.135 -0.955359 2.14855
0.136 -0.985197 2.07703
0.137 -1.00941 2.00057
0.138 -1.02784 1.91926
0.139 -1.04033 1.8332
0.14 -1.04676 1.74254
0.141 -1.04703 1.64742
0.142 -1.04106 1.548
0.143 -1.02881 1.44447
0.144 -1.01024 1.33703
0.145 -0.985357 1.22589
0.146 -0.954181 1.11128
0.147 -0.916765 0.993453
0.148 -0.873187 0.872669
0.149 -0.823553 0.749205
0.15 -0.767993 0.623353
0.151 -0.706665 0.495416
0.152 -0.639755 0.365711
0.153 -0.567472 0.234565
0.154 -0.490052 0.102318
0.155 -0.407755 -0.0306825
0.156 -0.320867 -0.16408
0.157 -0.229696 -0.297509
0.158 -0.134571 -0.4306
0.159 -0.0358448 -0.562977
0.16 0.0661107 -0.694259
0.161 0.170905 -0.824064
0.162 0.278128 -0.952008
0.163 0.387358 -1.07771
0.164 0.498152 -1.20077
0.165 0.610061 -1.32083
0.166 0.722619 -1.4375
0.167 0.835353 -1.55042
0.168 0.947783 -1.65921
0.169 1.05942 -1.76352
0.17 1.16978 -1.863
0.171 1.27836 -1.95732
0.172 1.38467 -2.04615
0.173 1.48822 -2.12917
0.174 1.58852 -2.2061
0.175 1.6851 -2.27666
0.176 1.77748 -2.34057
0.177 1.86519 -2.39759
0.178 1.94779 -2.44751
0.179 2.02483 -2.49011
0.18 2.09591 -2.52521
0.181 2.16062 -2.55265
0.182 2.21857 -2.5723
0.183 2.2694 -2.58403
0.184 2.31279 -2.58777
0.185 2.34841 -2.58345
0.186 2.37598 -2.57103
0.187 2.39524 -2.55051
0.188 2.40597 -2.5219
0.189 2.40798 -2.48524
0.19 2.40108 -2.44062
0.191 2.38517 -2.38813
0.192 2.36013 -2.3279
0.193 2.3259 -2.26008
0.194 2.28246 -2.18485
0.195 2.22982 -2.10243
0.196 2.16803 -2.01306
0.197 2.09715 -1.91699
0.198 2.01732 -1.81451
0.199 1.92868 -1.70594
0.2 1.83144 -1.59161
0.201 1.72581 -1.47187
0.202 1.61206 -1.34713
0.203 1.49049 -1.21776
0.204 1.36142 -1.08421
0.205 1.22523 -0.946896
0.206 1.08232 -0.806291
0.207 0.9331 -0.662864
0.208 0.778038 -0.517101
0.209 0.617618 -0.369502
0.21 0.452349 -0.220579
0.211 0.282767 -0.070849
0.212 0.109431 0.0791593
0.213 -0.0670824 0.228914
0.214 -0.246175 0.377878
0.215 -0.427236 0.525514
0.216 -0.609636 0.671283
0.217 -0.792738 0.81465
0.218 -0.975895 0.955082
0.219 -1.15845 1.09205
0.22 -1.33975 1.22504
0.221 -1.51913 1.35354
0.222 -1.69594 1.47705
0.223 -1.86951 1.59509
0.224 -2.0392 1.70719
0.225 -2.20438 1.8129
0.226 -2.36441 1.91178
0.227 -2.51867 2.00343
0.228 -2.66658 2.08745
0.229 -2.80755 2.16347
0.23 -2.94103 2.23116
0.231 -3.06648 2.2902
0.232 -3.1834 2.3403
0.233 -3.29131 2.38121
0.234 -3.38977 2.4127
0.235 -3.47836 2.43457
0.236 -3.55671 2.44667
0.237 -3.62446 2.44886
0.238 -3.68132 2.44105
0.239 -3.72702 2.42318
0.24 -3.76134 2.39521
0.241 -3.78409 2.35717
0.242 -3.79514 2.30909
0.243 -3.79439 2.25106
0.244 -3.78179 2.18319
0.245 -3.75734 2.10564
0.246 -3.72107 2.01859
0.247 -3.67308 1.92226
0.248 -3.61349 1.81691
0.249 -3.54248 1.70282
0.25 -3.46028 1.58033
0.251 -3.36715 1.44978
0.252 -3.26341 1.31155
0.253 -3.1494 1.16606
0.254 -3.02553 1.01375
0.255 -2.89222 0.85509
0.256 -2.74996 0.690568
0.257 -2.59926 0.520702
0.258 -2.44066 0.346028
0.259 -2.27475 0.167105
0.26 -2.10213 -0.0154937
0.261 -1.92346 -0.201176
0.262 -1.73939 -0.389337
0.263 -1.55063 -0.57936
0.264 -1.35789 -0.770619
0.265 -1.1619 -0.96248
0.266 -0.963415 -1.15431
0.267 -0.763194 -1.34545
0.268 -0.562014 -1.53528
0.269 -0.360655 -1.72315
0.27 -0.159904 -1.90843
0.271 0.0394534 -2.09048
0.272 0.236631 -2.26869
0.273 0.43085 -2.44244
0.274 0.621339 -2.61115
0.275 0.807337 -2.77423
0.276 0.988099 -2.93111
0.277 1.1629 -3.08126
0.278 1.33102 -3.22416
0.279 1.49179 -3.35931
0.28 1.64455 -3.48623
0.281 1.78866 -3.60449
0.282 1.92353 -3.71367
0.283 2.0486 -3.81339
0.284 2.16334 -3.90329
0.285 2.26727 -3.98307
0.286 2.35993 -4.05244
0.287 2.44093 -4.11115
0.288 2.50991 -4.15899
0.289 2.56655 -4.1958
0.29 2.6106 -4.22144
0.291 2.64184 -4.23582
0.292 2.6601 -4.23889
0.293 2.66528 -4.23063
0.294 2.65732 -4.21108
0.295 2.6362 -4.18029
0.296 2.60198 -4.13838
0.297 2.55475 -4.0855
0.298 2.49466 -4.02182
0.299 2.42192 -3.94757
0.3 2.33679 -3.86302
0.301 2.23956 -3.76847
0.302 2.1306 -3.66424
0.303 2.01031 -3.55071
0.304 1.87915 -3.42827
0.305 1.7376 -3.29737
0.306 1.58623 -3.15847
0.307 1.4256 -3.01205
0.308 1.25634 -2.85863
0.309 1.07913 -2.69877
0.31 0.894638 -2.53301
0.311 0.703611 -2.36196
0.312 0.506803 -2.18621
0.313 0.304999 -2.00639
0.314 0.0990064 -1.82312
0.315 -0.110345 -1.63705
0.316 -0.322209 -1.44884
0.317 -0.535727 -1.25915
0.318 -0.750029 -1.06864
0.319 -0.964237 -0.877965
0.32 -1.17747 -0.687802
0.321 -1.38886 -0.498808
0.322 -1.59751 -0.311635
0.323 -1.80256 -0.126928
0.324 -2.00316 0.0546787
0.325 -2.19846 0.232566
0.326 -2.38764 0.406129
0.327 -2.56988 0.574784
0.328 -2.74442 0.737966
0.329 -2.91049 0.895132
0.33 -3.06738 1.04577
0.331 -3.2144 1.18938
0.332 -3.3509 1.3255
0.333 -3.47627 1.45372
0.334 -3.58994 1.57361
0.335 -3.69138 1.68483
0.336 -3.78013 1.78704
0.337 -3.85575 1.87995
0.338 -3.91787 1.96329
0.339 -3.96616 2.03686
0.34 -4.00036 2.10047
0.341 -4.02024 2.15398
0.342 -4.02567 2.1973
0.343 -4.01652 2.23037
0.344 -3.99278 2.25316
0.345 -3.95444 2.2657
0.346 -3.90159 2.26807
0.347 -3.83435 2.26035
0.348 -3.75294 2.2427
0.349 -3.65758 2.21529
0.35 -3.5486 2.17836
0.351 -3.42634 2.13215
0.352 -3.29124 2.07697
0.353 -3.14376 2.01315
0.354 -2.98441 1.94104
0.355 -2.81377 1.86106
0.356 -2.63247 1.77362
0.357 -2.44115 1.67918
0.358 -2.24052 1.57823
0.359 -2.03133 1.47127
0.36 -1.81436 1.35883
0.361 -1.59042 1.24147
0.362 -1.36035 1.11975
0.363 -1.12503 0.994264
0.364 -0.885346 0.865607
0.365 -0.642219 0.73439
0.366 -0.396579 0.601232
0.367 -0.149367 0.466757
0.368 0.0984638 0.331594
0.369 0.345956 0.196372
0.37 0.592153 0.0617177
0.371 0.836098 -0.0717464
0.372 1.07684 -0.203404
0.373 1.31345 -0.33265
0.374 1.545 -0.45889
0.375 1.77058 -0.581544
0.376 1.98932 -0.70005
0.377 2.20035 -0.813864
0.378 2.40284 -0.922465
0.379 2.59601 -1.02535
0.38 2.77909 -1.12206
0.381 2.95137 -1.21214
0.382 3.11216 -1.29517
0.383 3.26083 -1.37078
0.384 3.39681 -1.43861
0.385 3.51955 -1.49834
0.386 3.62858 -1.5497
0.387 3.72346 -1.59243
0.388 3.80384 -1.62635
0.389 3.8694 -1.65127
0.39 3.91989 -1.66706
0.391 3.95512 -1.67365
0.392 3.97496 -1.67098
0.393 3.97935 -1.65905
0.394 3.96829 -1.63789
0.395 3.94183 -1.60757
0.396 3.90011 -1.56821
0.397 3.8433 -1.51995
0.398 3.77167 -1.463
0.399 3.68552 -1.39759
0.4 3.58522 -1.32397
0.401 3.47121 -1.24246
0.402 3.34397 -1.15339
0.403 3.20404 -1.05714
0.404 3.05203 -0.954112
0.405 2.88858 -0.844735
0.406 2.71438 -0.729472
0.407 2.53019 -0.608813
0.408 2.33678 -0.483271
0.409 2.13498 -0.353378
0.41 1.92565 -0.21969
0.411 1.70968 -0.0827786
0.412 1.488 0.0567708
0.413 1.26156 0.198359
0.414 1.03132 0.341378
0.415 0.798285 0.485211
0.416 0.563445 0.629238
0.417 0.327816 0.772837
0.418 0.0924144 0.915387
0.419 -0.14174 1.05627
0.42 -0.373632 1.19487
0.421 -0.602252 1.3306
0.422 -0.826604 1.46284
0.423 -1.0457 1.59104
0.424 -1.25859 1.71463
0.425 -1.46433 1.83306
0.426 -1.662 1.94582
0.427 -1.85073 2.0524
0.428 -2.02968 2.15235
0.429 -2.19803 2.24521
0.43 -2.35502 2.33057
0.431 -2.49995 2.40806
0.432 -2.63213 2.47732
0.433 -2.75095 2.53804
0.434 -2.85584 2.58995
0.435 -2.94631 2.63282
0.436 -3.0219 2.66643
0.437 -3.08222 2.69063
0.438 -3.12696 2.70531
0.439 -3.15586 2.7104
0.44 -3.16871 2.70584
0.441 -3.1654 2.69166
0.442 -3.14587 2.66791
0.443 -3.11012 2.63467
0.444 -3.05823 2.59208
0.445 -2.99035 2.54032
0.446 -2.90669 2.47961
0.447 -2.80753 2.4102
0.448 -2.69321 2.33239
0.449 -2.56415 2.24652
0.45 -2.42081 2.15294
0.451 -2.26374 2.05208
0.452 -2.09353 1.94438
0.453 -1.91083 1.83029
0.454 -1.71635 1.71033
0.455 -1.51084 1.58503
0.456 -1.29511 1.45494
0.457 -1.07003 1.32064
0.458 -0.836474 1.18272
0.459 -0.59539 1.04182
0.46 -0.347746 0.898557
0.461 -0.094543 0.753584
0.462 0.16319 0.607558
0.463 0.424401 0.461145
0.464 0.688019 0.315015
0.465 0.952958 0.169842
0.466 1.21812 0.0262964
0.467 1.48241 -0.114954
0.468 1.74473 -0.253248
0.469 2.00397 -0.387934
0.47 2.25904 -0.518374
0.471 2.50887 -0.643943
0.472 2.75239 -0.764035
0.473 2.98857 -0.878067
0.474 3.21639 -0.985475
0.475 3.43487 -1.08572
0.476 3.64306 -1.17831
0.477 3.84004 -1.26275
0.478 4.02496 -1.3386
0.479 4.19698 -1.40546
0.48 4.35534 -1.46295
0.481 4.49931 -1.51073
0.482 4.62822 -1.54853
0.483 4.74148 -1.57607
0.484 4.83854 -1.59316
0.485 4.91891 -1.59964
0.486 4.98219 -1.59537
0.487 5.02802 -1.5803
0.488 5.05613 -1.55439
0.489 5.06632 -1.51767
0.49 5.05845 -1.4702
0.491 5.03246 -1.4121
0.492 4.98836 -1.34353
0.493 4.92625 -1.2647
0.494 4.84629 -1.17586
0.495 4.7487 -1.07732
0.496 4.63379 -0.969423
0.497 4.50195 -0.852551
0.498 4.35362 -0.727136
0.499 4.18931 -0.593648
0.5 4.00961 -0.452594
0.501 3.81517 -0.304519
0.502 3.6067 -0.150003
0.503 3.38497 0.0103435
0.504 3.1508 0.175878
0.505 2.90507 0.345932
0.506 2.64871 0.519811
0.507 2.3827 0.696798
0.508 2.10805 0.876157
0.509 1.82582 1.05714
0.51 1.5371 1.23897
0.511 1.24301 1.42088
0.512 0.944685 1.60209
0.513 0.643304 1.7818
0.514 0.340043 1.95923
0.515 0.0360971 2.1336
0.516 -0.267335 2.30411
0.517 -0.569051 2.47001
0.518 -0.867855 2.63053
0.519 -1.16255 2.78492
0.52 -1.45197 2.93246
0.521 -1.73495 3.07245
0.522 -2.01036 3.20421
0.523 -2.27708 3.32708
0.524 -2.53404 3.44045
0.525 -2.7802 3.54371
0.526 -3.01455 3.63633
0.527 -3.23615 3.71778
0.528 -3.44408 3.78759
0.529 -3.6375 3.84533
0.53 -3.81561 3.89061
0.531 -3.97767 3.92309
0.532 -4.123 3.94248
0.533 -4.25101 3.94853
0.534 -4.36114 3.94105
0.535 -4.45294 3.9199
0.536 -4.526 3.88499
0.537 -4.58002 3.8363
0.538 -4.61473 3.77383
0.539 -4.62998 3.69767
0.54 -4.62569 3.60794
0.541 -4.60183 3.50483
0.542 -4.55849 3.38858
0.543 -4.49582 3.25947
0.544 -4.41404 3.11784
0.545 -4.31346 2.96409
0.546 -4.19447 2.79867
0.547 -4.05753 2.62207
0.548 -3.90317 2.43482
0.549 -3.73201 2.23751
0.55 -3.54471 2.03076
0.551 -3.34203 1.81525
0.552 -3.12477 1.59168
0.553 -2.89381 1.36079
0.554 -2.65008 1.12335
0.555 -2.39455 0.880178
0.556 -2.12827 0.632097
0.557 -1.85232 0.379964
0.558 -1.56781 0.124656
0.559 -1.27592 -0.132932
0.56 -0.977832 -0.391894
0.561 -0.674776 -0.65131
0.562 -0.367996 -0.910254
0.563 -0.0587613 -1.1678
0.564 0.25165 -1.42301
0.565 0.561949 -1.67497
0.566 0.870845 -1.92276
0.567 1.17705 -2.16547
0.568 1.47927 -2.40221
0.569 1.77626 -2.63211
0.57 2.06674 -2.85432
0.571 2.34949 -3.068
0.572 2.62331 -3.27236
0.573 2.88704 -3.46663
0.574 3.13953 -3.65009
0.575 3.37969 -3.82204
0.576 3.6065 -3.98181
0.577 3.81894 -4.12882
0.578 4.01609 -4.26248
0.579 4.19707 -4.38228
0.58 4.36105 -4.48776
0.581 4.50731 -4.57851
0.582 4.63514 -4.65416
0.583 4.74395 -4.71442
0.584 4.8332 -4.75903
0.585 4.90244 -4.78781
0.586 4.9513 -4.80062
0.587 4.97947 -4.79741
0.588 4.98676 -4.77816
0.589 4.97302 -4.74293
0.59 4.93822 -4.69183
0.591 4.88239 -4.62503
0.592 4.80566 -4.54276
0.593 4.70825 -4.44532
0.594 4.59044 -4.33307
0.595 4.45261 -4.2064
0.596 4.29522 -4.06578
0.597 4.11881 -3.91174
0.598 3.924 -3.74483
0.599 3.71146 -3.56569
0.6 3.48198 -3.37497
0.601 3.23638 -3.1734
0.602 2.97557 -2.96172
0.603 2.7005 -2.74075
0.604 2.41221 -2.5113
0.605 2.11178 -2.27424
0.606 1.80033 -2.03049
0.607 1.47905 -1.78095
0.608 1.14915 -1.52658
0.609 0.811898 -1.26835
0.61 0.468584 -1.00724
0.611 0.120527 -0.744253
0.612 -0.230933 -0.480395
0.613 -0.584437 -0.216677
0.614 -0.938614 0.0458879
0.615 -1.29209 0.30629
0.616 -1.64348 0.563526
0.617 -1.99143 0.816603
0.618 -2.33456 1.06454
0.619 -2.67154 1.30639
0.62 -3.00103 1.5412
0.621 -3.32174 1.76807
0.622 -3.63241 1.98611
0.623 -3.93181 2.19447
0.624 -4.21875 2.39235
0.625 -4.49209 2.57896
0.626 -4.75074 2.75358
0.627 -4.99368 2.91551
0.628 -5.21992 3.06413
0.629 -5.42857 3.19884
0.63 -5.61878 3.3191
0.631 -5.78979 3.42445
0.632 -5.9409 3.51445
0.633 -6.0715 3.58875
0.634 -6.18105 3.64703
0.635 -6.2691 3.68907
0.636 -6.33528 3.71467
0.637 -6.37931 3.72372
0.638 -6.40099 3.71617
0.639 -6.40021 3.69203
0.64 -6.37696 3.65137
0.641 -6.33131 3.59434
0.642 -6.26342 3.52114
0.643 -6.17353 3.43203
0.644 -6.06198 3.32734
0.645 -5.92919 3.20746
0.646 -5.77567 3.07283
0.647 -5.602 2.92395
0.648 -5.40886 2.7614
0.649 -5.19699 2.58577
0.65 -4.96722 2.39773
0.651 -4.72043 2.19799
0.652 -4.45759 1.98731
0.653 -4.17973 1.7665
0.654 -3.88793 1.53638
0.655 -3.58334 1.29784
0.656 -3.26716 1.05178
0.657 -2.94062 0.79914
0.658 -2.605 0.540889
0.659 -2.26164 0.27801
0.66 -1.91188 0.011508
0.661 -1.55711 -0.257599
0.662 -1.19872 -0.52828
0.663 -0.838119 -0.799502
0.664 -0.476745 -1.07023
0.665 -0.116022 -1.33942
0.666 0.242625 -1.60604
0.667 0.597776 -1.86908
0.668 0.948026 -2.12753
0.669 1.29199 -2.3804
0.67 1.6283 -2.62671
0.671 1.95564 -2.86554
0.672 2.27269 -3.09596
0.673 2.57822 -3.3171
0.674 2.871 -3.52811
0.675 3.14988 -3.72818
0.676 3.41376 -3.91655
0.677 3.6616 -4.09251
0.678 3.89241 -4.25538
0.679 4.10528 -4.40455
0.68 4.29937 -4.53945
0.681 4.47393 -4.65956
0.682 4.62827 -4.76445
0.683 4.76177 -4.85371
0.684 4.87393 -4.92701
0.685 4.96431 -4.98408
0.686 5.03256 -5.02471
0.687 5.07843 -5.04876
0.688 5.10174 -5.05615
0.689 5.10244 -5.04685
0.69 5.08052 -5.02093
0.691 5.0361 -4.97849
0.692 4.96938 -4.91971
0.693 4.88064 -4.84483
0.694 4.77027 -4.75415
0.695 4.63874 -4.64803
0.696 4.48659 -4.5269
0.697 4.31446 -4.39124
0.698 4.12307 -4.24157
0.699 3.91321 -4.07849
0.7 3.68576 -3.90264
0.701 3.44166 -3.71471
0.702 3.18193 -3.51542
0.703 2.90763 -3.30556
0.704 2.6199 -3.08594
0.705 2.31994 -2.85741
0.706 2.00899 -2.62086
0.707 1.68832 -2.3772
0.708 1.35928 -2.12737
0.709 1.02321 -1.87233
0.71 0.681518 -1.61307
0.711 0.33561 -1.35058
0.712 -0.0130769 -1.08585
0.713 -0.363099 -0.81991
0.714 -0.713003 -0.55376
0.715 -1.06134 -0.288414
0.716 -1.40666 -0.0248746
0.717 -1.74752 0.235864
0.718 -2.08251 0.492821
0.719 -2.41024 0.745034
0.72 -2.72932 0.991565
0.721 -3.03844 1.2315
0.722 -3.33629 1.46394
0.723 -3.62162 1.68806
0.724 -3.89324 1.90301
0.725 -4.15 2.10804
0.726 -4.39081 2.30239
0.727 -4.61466 2.48539
0.728 -4.82058 2.65639
0.729 -5.00769 2.8148
0.73 -5.1752 2.96007
0.731 -5.32237 3.09173
0.732 -5.44855 3.20935
0.733 -5.55318 3.31255
0.734 -5.6358 3.40103
0.735 -5.69601 3.47454
0.736 -5.73352 3.5329
0.737 -5.74814 3.57596
0.738 -5.73973 3.60369
0.739 -5.7083 3.61607
0.74 -5.65392 3.61318
0.741 -5.57675 3.59513
0.742 -5.47706 3.56213
0.743 -5.35521 3.51441
0.744 -5.21163 3.45228
0.745 -5.04687 3.37613
0.746 -4.86152 3.28636
0.747 -4.65631 3.18347
0.748 -4.43202 3.06798
0.749 -4.1895 2.94049
0.75 -3.92969 2.80161
0.751 -3.6536 2.65204
0.752 -3.3623 2.49248
0.753 -3.05692 2.32371
0.754 -2.73867 2.14652
0.755 -2.40879 1.96174
0.756 -2.06857 1.77023
0.757 -1.71935 1.57288
0.758 -1.36251 1.37059
0.759 -0.999448 1.16429
0.76 -0.631605 0.954931
0.761 -0.260432 0.743458
0.762 0.112603 0.530832
0.763 0.486024 0.318016
0.764 0.858351 0.105971
0.765 1.22811 -0.104347
0.766 1.59383 -0.31199
0.767 1.95407 -0.516024
0.768 2.30739 -0.715533
0.769 2.65239 -0.909619
0.77 2.98771 -1.09741
0.771 3.312 -1.27807
0.772 3.62399 -1.45077
0.773 3.92244 -1.61475
0.774 4.20616 -1.76927
0.775 4.47403 -1.91362
0.776 4.72498 -2.04715
0.777 4.95803 -2.16927
0.778 5.17225 -2.2794
0.779 5.3668 -2.37705
0.78 5.5409 -2.46176
0.781 5.69389 -2.53314
0.782 5.82516 -2.59085
0.783 5.93419 -2.63462
0.784 6.02058 -2.66421
0.785 6.08398 -2.67948
0.786 6.12417 -2.68032
0.787 6.14101 -2.6667
0.788 6.13444 -2.63865
0.789 6.10452 -2.59626
0.79 6.05139 -2.53968
0.791 5.97528 -2.46911
0.792 5.87653 -2.38484
0.793 5.75556 -2.28719
0.794 5.61289 -2.17655
0.795 5.44912 -2.05336
0.796 5.26493 -1.91813
0.797 5.0611 -1.77141
0.798 4.83847 -1.61379
0.799 4.59798 -1.44593
0.8 4.34063 -1.26852
0.801 4.06749 -1.08229
0.802 3.7797 -0.888014
0.803 3.47844 -0.686507
0.804 3.16497 -0.478608
0.805 2.8406 -0.265187
0.806 2.50666 -0.0471378
0.807 2.16454 0.174622
0.808 1.81566 0.399158
0.809 1.46147 0.625524
0.81 1.10344 0.852762
0.811 0.743055 1.07991
0.812 0.381806 1.306
0.813 0.0211963 1.53008
0.814 -0.337277 1.75118
0.815 -0.692123 1.96837
0.816 -1.04187 2.1807
0.817 -1.38505 2.38728
0.818 -1.72025 2.58721
0.819 -2.04607 2.77962
0.82 -2.36114 2.96368
0.821 -2.66416 3.13859
0.822 -2.95385 3.30359
0.823 -3.229 3.45795
0.824 -3.48845 3.60099
0.825 -3.73113 3.73207
0.826 -3.956 3.85061
0.827 -4.16211 3.95607
0.828 -4.3486 4.04796
0.829 -4.51466 4.12586
0.83 -4.6596 4.1894
0.831 -4.78278 4.23827
0.832 -4.88367 4.27221
0.833 -4.96183 4.29105
0.834 -5.0169 4.29464
0.835 -5.04864 4.28294
0.836 -5.05689 4.25593
0.837 -5.04157 4.21369
0.838 -5.00272 4.15635
0.839 -4.94048 4.08408
0.84 -4.85507 3.99715
0.841 -4.74681 3.89587
0.842 -4.61612 3.78062
0.843 -4.4635 3.65183
0.844 -4.28957 3.50999
0.845 -4.095 3.35565
0.846 -3.88058 3.18941
0.847 -3.64715 3.01193
0.848 -3.39566 2.82389
0.849 -3.12711 2.62604
0.85 -2.84259 2.41918
0.851 -2.54325 2.20412
0.852 -2.2303 1.98174
0.853 -1.90501 1.75292
0.854 -1.56871 1.51858
0.855 -1.22276 1.27969
0.856 -0.86857 1.03721
0.857 -0.507596 0.792116
0.858 -0.141311 0.545423
0.859 0.228782 0.298136
0.86 0.601164 0.051271
0.861 0.974304 -0.194157
0.862 1.34666 -0.437135
0.863 1.71671 -0.676658
0.864 2.08291 -0.911733
0.865 2.44374 -1.14138
0.866 2.79771 -1.36465
0.867 3.14336 -1.5806
0.868 3.47922 -1.78832
0.869 3.80392 -1.98695
0.87 4.11607 -2.17563
0.871 4.41438 -2.35358
0.872 4.69757 -2.52004
0.873 4.96446 -2.67428
0.874 5.21391 -2.81564
0.875 5.44485 -2.94352
0.876 5.65629 -3.05735
0.877 5.84732 -3.15662
0.878 6.01709 -3.2409
0.879 6.16486 -3.30979
0.88 6.28997 -3.36298
0.881 6.39184 -3.4002
0.882 6.47 -3.42127
0.883 6.52406 -3.42606
0.884 6.55373 -3.41449
0.885 6.55882 -3.38659
0.886 6.53924 -3.34242
0.887 6.49501 -3.28212
0.888 6.42622 -3.2059
0.889 6.33309 -3.11404
0.89 6.21592 -3.00686
0.891 6.0751 -2.88477
0.892 5.91115 -2.74824
0.893 5.72465 -2.59779
0.894 5.51628 -2.43401
0.895 5.28682 -2.25753
0.896 5.03713 -2.06905
0.897 4.76813 -1.86931
0.898 4.48086 -1.65911
0.899 4.1764 -1.43929
0.9 3.85593 -1.21073
0.901 3.52066 -0.974358
0.902 3.17189 -0.731118
0.903 2.81097 -0.482003
0.904 2.43929 -0.228028
0.905 2.0583 0.0297688
0.906 1.66947 0.29033
0.907 1.27432 0.552583
0.908 0.874389 0.815444
0.909 0.47124 1.07782
0.91 0.0664464 1.33863
0.911 -0.338406 1.59677
0.912 -0.74173 1.85116
0.913 -1.14195 2.10073
0.914 -1.53748 2.34442
0.915 -1.92678 2.5812
0.916 -2.30832 2.81004
0.917 -2.68059 3.02997
0.918 -3.04214 3.24004
0.919 -3.39153 3.43931
0.92 -3.7274 3.62692
0.921 -4.04841 3.80203
0.922 -4.35331 3.96384
0.923 -4.64089 4.11163
0.924 -4.91003 4.24471
0.925 -5.15965 4.36244
0.926 -5.38879 4.46426
0.927 -5.59653 4.54966
0.928 -5.78207 4.61818
0.929 -5.94468 4.66945
0.93 -6.08371 4.70316
0.931 -6.19863 4.71905
0.932 -6.28899 4.71694
0.933 -6.35445 4.69674
0.934 -6.39475 4.65841
0.935 -6.40975 4.60197
0.936 -6.39941 4.52754
0.937 -6.36377 4.4353
0.938 -6.30299 4.32548
0.939 -6.21734 4.19841
0.94 -6.10716 4.05448
0.941 -5.97293 3.89413
0.942 -5.81518 3.71789
0.943 -5.63457 3.52634
0.944 -5.43183 3.32011
0.945 -5.2078 3.09992
0.946 -4.96339 2.86652
0.947 -4.6996 2.62072
0.948 -4.4175 2.36338
0.949 -4.11825 2.09543
0.95 -3.80305 1.8178
0.951 -3.4732 1.5315
0.952 -3.13004 1.23756
0.953 -2.77497 0.937024
0.954 -2.40942 0.631
0.955 -2.0349 0.320597
0.956 -1.65293 0.00694788
0.957 -1.26505 -0.308797
0.958 -0.872865 -0.625478
0.959 -0.47796 -0.94193
0.96 -0.0819492 -1.25698
0.961 0.313551 -1.56948
0.962 0.706927 -1.87825
0.963 1.09657 -2.18216
0.964 1.48089 -2.48008
0.965 1.85831 -2.77089
0.966 2.22728 -3.05353
0.967 2.5863 -3.32692
0.968 2.93389 -3.59006
0.969 3.26861 -3.84197
0.97 3.58911 -4.0817
0.971 3.89404 -4.30836
0.972 4.18216 -4.5211
0.973 4.45228 -4.71913
0.974 4.70326 -4.90172
0.975 4.93407 -5.06817
0.976 5.14374 -5.21789
0.977 5.3314 -5.35029
0.978 5.49624 -5.46491
0.979 5.63758 -5.56132
0.98 5.75481 -5.63916
0.981 5.84741 -5.69815
0.982 5.91498 -5.73808
0.983 5.9572 -5.75882
0.984 5.97386 -5.7603
0.985 5.96486 -5.74253
0.986 5.9302 -5.7056
0.987 5.86997 -5.64966
0.988 5.78438 -5.57495
0.989 5.67373 -5.48175
0.99 5.53843 -5.37046
0.991 5.37898 -5.2415
0.992 5.19597 -5.09539
0.993 4.99012 -4.93271
0.994 4.7622 -4.75409
0.995 4.51309 -4.56023
0.996 4.24376 -4.35189
0.997 3.95526 -4.12989
0.998 3.64869 -3.89509
0.999 3.32526 -3.6484
1 2.98624 -3.39079
